	time 		gpv001pnt10113ppntm	evf507ety101mpzoyout	chtcon(1)	chavg(1)	chlhsumpa	rcptavgn			time 		rcpppzr	rcp054rcp007mnzoyout	rcv501std0102fvol	fwfrcp001gv	rcppmssga	msfsg(1)	
00:01:03:149		6.83318e+06		102.613		42.0313		12292.8		0.0841906		309.667			00:01:03:149		1.49594e+07		-0.76001		6.23606		531.318		6.96714e+06		527.632		
00:01:03:149		6.83318e+06		102.613		42.0313		12292.8		0.0841906		309.667			00:01:03:149		1.49594e+07		-0.76001		6.23606		531.318		6.96714e+06		527.632		
00:01:03:049		6.8332e+06		102.613		42.0313		12292.8		0.0841906		309.667			00:01:03:049		1.49601e+07		-0.758523		6.23338		531.32		6.96715e+06		527.622		
00:01:02:950		6.8332e+06		102.604		42.0028		12195.3		0.0838565		309.667			00:01:02:950		1.49609e+07		-0.757036		6.23074		531.324		6.96716e+06		527.605		
00:01:02:850		6.83321e+06		102.604		42.0028		12195.3		0.0838565		309.668			00:01:02:850		1.49616e+07		-0.755548		6.22805		531.326		6.96717e+06		527.611		
00:01:02:750		6.83322e+06		102.596		42.0028		12195.3		0.0838565		309.668			00:01:02:750		1.49624e+07		-0.754061		6.22534		531.329		6.96718e+06		527.63		
00:01:02:549		6.83325e+06		102.596		41.9743		12102.3		0.0835224		309.669			00:01:02:549		1.49639e+07		-0.751085		6.21992		531.335		6.9672e+06		527.638		
00:01:02:549		6.83325e+06		102.596		41.9743		12102.3		0.0835224		309.669			00:01:02:549		1.49639e+07		-0.751085		6.21992		531.335		6.9672e+06		527.638		
00:01:02:450		6.83325e+06		102.587		41.9458		12009.6		0.0831883		309.669			00:01:02:450		1.49646e+07		-0.749597		6.21724		531.337		6.96721e+06		527.618		
00:01:02:350		6.83326e+06		102.587		41.9458		12009.6		0.0831883		309.67			00:01:02:350		1.49654e+07		-0.748109		6.21449		531.34		6.96722e+06		527.608		
00:01:02:200		6.83328e+06		102.578		41.9172		11913.3		0.0828541		309.67			00:01:02:200		1.49665e+07		-0.745876		6.21039		531.344		6.96724e+06		527.643		
00:01:02:100		6.83329e+06		102.578		41.9172		11913.3		0.0828541		309.671			00:01:02:100		1.49673e+07		-0.744388		6.2076		531.348		6.96725e+06		527.626		
00:01:02:000		6.8333e+06		102.57		41.9172		11913.3		0.0828541		309.671			00:01:02:000		1.4968e+07		-0.742899		6.20486		531.349		6.96726e+06		527.628		
00:01:01:899		6.8333e+06		102.57		41.8888		11813.4		0.08252		309.671			00:01:01:899		1.49688e+07		-0.741411		6.20214		531.353		6.96727e+06		527.625		
00:01:01:799		6.83332e+06		102.57		41.8888		11813.4		0.08252		309.672			00:01:01:799		1.49695e+07		-0.739923		6.19937		531.355		6.96728e+06		527.633		
00:01:01:700		6.83333e+06		102.561		41.8603		11713.8		0.0821858		309.672			00:01:01:700		1.49703e+07		-0.738434		6.19659		531.359		6.96729e+06		527.651		
00:01:01:600		6.83334e+06		102.561		41.8603		11713.8		0.0821858		309.673			00:01:01:600		1.4971e+07		-0.736945		6.19384		531.36		6.9673e+06		527.663		
00:01:01:500		6.83335e+06		102.552		41.8603		11713.8		0.0821858		309.673			00:01:01:500		1.49718e+07		-0.735456		6.19107		531.364		6.96731e+06		527.66		
00:01:01:399		6.83336e+06		102.552		41.832		11618.7		0.0818516		309.673			00:01:01:399		1.49725e+07		-0.733967		6.18826		531.366		6.96732e+06		527.659		
00:01:01:299		6.83336e+06		102.552		41.832		11618.7		0.0818516		309.674			00:01:01:299		1.49733e+07		-0.732478		6.18545		531.368		6.96733e+06		527.64		
00:01:01:200		6.83337e+06		102.543		41.8036		11520		0.0815174		309.674			00:01:01:200		1.4974e+07		-0.730989		6.18265		531.37		6.96734e+06		527.638		
00:01:01:100		6.83338e+06		102.543		41.8036		11520		0.0815174		309.674			00:01:01:100		1.49748e+07		-0.7295		6.17985		531.371		6.96735e+06		527.644		
00:01:01:000		6.8334e+06		102.534		41.8036		11520		0.0815174		309.675			00:01:01:000		1.49755e+07		-0.728011		6.17702		531.373		6.96736e+06		527.663		
00:01:00:899		6.83341e+06		102.534		41.7754		11421.7		0.0811831		309.675			00:01:00:899		1.49763e+07		-0.726521		6.17416		531.377		6.96737e+06		527.678		
00:01:00:799		6.83342e+06		102.534		41.7754		11421.7		0.0811831		309.676			00:01:00:799		1.4977e+07		-0.725032		6.17131		531.379		6.96738e+06		527.669		
00:01:00:700		6.83342e+06		102.526		41.7472		11327.7		0.0808489		309.676			00:01:00:700		1.49778e+07		-0.723542		6.16846		531.381		6.96739e+06		527.672		
00:01:00:600		6.83343e+06		102.526		41.7472		11327.7		0.0808489		309.676			00:01:00:600		1.49785e+07		-0.722052		6.16562		531.382		6.9674e+06		527.658		
00:01:00:500		6.83344e+06		102.517		41.7472		11327.7		0.0808489		309.677			00:01:00:500		1.49793e+07		-0.720562		6.16273		531.382		6.96741e+06		527.663		
00:01:00:399		6.83345e+06		102.517		41.7191		11230.2		0.0805146		309.677			00:01:00:399		1.498e+07		-0.719073		6.15986		531.384		6.96742e+06		527.675		
00:01:00:299		6.83346e+06		102.517		41.7191		11230.2		0.0805146		309.677			00:01:00:299		1.49808e+07		-0.717583		6.15696		531.386		6.96743e+06		527.687		
00:01:00:200		6.83347e+06		102.508		41.691		11133.2		0.0801803		309.678			00:01:00:200		1.49816e+07		-0.716093		6.15406		531.388		6.96744e+06		527.687		
00:01:00:100		6.83348e+06		102.508		41.691		11133.2		0.0801803		309.678			00:01:00:100		1.49823e+07		-0.714604		6.15114		531.39		6.96745e+06		527.682		
00:01:00:000		6.83348e+06		102.499		41.691		11133.2		0.0801803		309.679			00:01:00:000		1.49831e+07		-0.713114		6.14823		531.392		6.96746e+06		527.671		
00:00:59:950		6.83349e+06		102.499		41.6631		11040.4		0.0798459		309.679			00:00:59:950		1.49834e+07		-0.712369		6.14677		531.392		6.96747e+06		527.698		
00:00:59:950		6.83349e+06		102.499		41.6631		11040.4		0.0798459		309.679			00:00:59:950		1.49834e+07		-0.712369		6.14677		531.392		6.96747e+06		527.698		
00:00:59:850		6.8335e+06		102.499		41.6631		11040.4		0.0798459		309.679			00:00:59:850		1.49842e+07		-0.710879		6.14383		531.393		6.96748e+06		527.7		
00:00:59:649		6.83351e+06		102.49		41.6352		10944.2		0.0795116		309.68			00:00:59:649		1.49857e+07		-0.707899		6.13792		531.395		6.96749e+06		527.679		
00:00:59:549		6.83352e+06		102.49		41.6352		10944.2		0.0795116		309.68			00:00:59:549		1.49865e+07		-0.706409		6.13495		531.397		6.9675e+06		527.676		
00:00:59:549		6.83352e+06		102.49		41.6352		10944.2		0.0795116		309.68			00:00:59:549		1.49865e+07		-0.706409		6.13495		531.397		6.9675e+06		527.676		
00:00:59:450		6.83353e+06		102.481		41.6074		10848.3		0.0791772		309.681			00:00:59:450		1.49872e+07		-0.704918		6.13197		531.399		6.96751e+06		527.694		
00:00:59:299		6.83354e+06		102.481		41.6074		10848.3		0.0791772		309.681			00:00:59:299		1.49883e+07		-0.702682		6.12748		531.403		6.96753e+06		527.675		
00:00:59:200		6.83355e+06		102.472		41.5797		10760.6		0.0788428		309.682			00:00:59:200		1.49891e+07		-0.701191		6.12447		531.403		6.96754e+06		527.696		
00:00:59:149		6.83356e+06		102.472		41.5797		10760.6		0.0788428		309.682			00:00:59:149		1.49895e+07		-0.700445		6.12296		531.404		6.96754e+06		527.712		
00:00:59:000		6.83357e+06		102.463		41.5797		10760.6		0.0788428		309.682			00:00:59:000		1.49906e+07		-0.698208		6.11846		531.406		6.96756e+06		527.724		
00:00:58:899		6.83358e+06		102.463		41.5521		10669.4		0.0785084		309.683			00:00:58:899		1.49914e+07		-0.696717		6.11545		531.408		6.96757e+06		527.72		
00:00:58:799		6.83359e+06		102.463		41.5521		10669.4		0.0785084		309.683			00:00:58:799		1.49921e+07		-0.695226		6.11239		531.408		6.96758e+06		527.725		
00:00:58:700		6.83359e+06		102.454		41.5246		10574.8		0.078174		309.684			00:00:58:700		1.49929e+07		-0.693734		6.10937		531.41		6.96759e+06		527.708		
00:00:58:549		6.83361e+06		102.454		41.5246		10574.8		0.078174		309.684			00:00:58:549		1.4994e+07		-0.691496		6.10484		531.412		6.9676e+06		527.726		
00:00:58:549		6.83361e+06		102.454		41.5246		10574.8		0.078174		309.684			00:00:58:549		1.4994e+07		-0.691496		6.10484		531.412		6.9676e+06		527.726		
00:00:58:399		6.83362e+06		102.445		41.4972		10484.4		0.0778395		309.685			00:00:58:399		1.49952e+07		-0.689258		6.10026		531.414		6.96761e+06		527.725		
00:00:58:299		6.83363e+06		102.445		41.4972		10484.4		0.0778395		309.685			00:00:58:299		1.49959e+07		-0.687766		6.09718		531.416		6.96762e+06		527.74		
00:00:58:200		6.83364e+06		102.436		41.4699		10394.4		0.077505		309.685			00:00:58:200		1.49967e+07		-0.686274		6.0941		531.417		6.96763e+06		527.74		
00:00:58:100		6.83365e+06		102.436		41.4699		10394.4		0.077505		309.686			00:00:58:100		1.49974e+07		-0.684781		6.09098		531.419		6.96764e+06		527.73		
00:00:58:000		6.83366e+06		102.427		41.4699		10394.4		0.077505		309.686			00:00:58:000		1.49982e+07		-0.683289		6.08786		531.421		6.96765e+06		527.75		
00:00:57:899		6.83366e+06		102.427		41.4428		10304.8		0.0771705		309.687			00:00:57:899		1.49989e+07		-0.681796		6.08476		531.421		6.96766e+06		527.744		
00:00:57:799		6.83367e+06		102.427		41.4428		10304.8		0.0771705		309.687			00:00:57:799		1.49997e+07		-0.680303		6.08164		531.423		6.96767e+06		527.731		
00:00:57:700		6.83368e+06		102.418		41.416		10211.9		0.076836		309.687			00:00:57:700		1.50005e+07		-0.67881		6.07851		531.423		6.96768e+06		527.718		
00:00:57:600		6.83369e+06		102.418		41.416		10211.9		0.076836		309.688			00:00:57:600		1.50012e+07		-0.677316		6.07542		531.425		6.96769e+06		527.723		
00:00:57:500		6.8337e+06		102.409		41.416		10211.9		0.076836		309.688			00:00:57:500		1.5002e+07		-0.675823		6.07224		531.427		6.9677e+06		527.75		
00:00:57:399		6.83371e+06		102.409		41.3895		10119.4		0.0765015		309.688			00:00:57:399		1.50027e+07		-0.67433		6.06908		531.427		6.96771e+06		527.762		
00:00:57:299		6.83371e+06		102.409		41.3895		10119.4		0.0765015		309.689			00:00:57:299		1.50035e+07		-0.672835		6.06592		531.428		6.96771e+06		527.753		
00:00:57:200		6.83372e+06		102.4		41.3632		10027.2		0.0761669		309.689			00:00:57:200		1.50042e+07		-0.671342		6.06273		531.43		6.96772e+06		527.762		
00:00:57:100		6.83373e+06		102.4		41.3632		10027.2		0.0761669		309.69			00:00:57:100		1.5005e+07		-0.669847		6.0596		531.43		6.96773e+06		527.773		
00:00:57:000		6.83374e+06		102.391		41.3632		10027.2		0.0761669		309.69			00:00:57:000		1.50058e+07		-0.668353		6.05644		531.432		6.96774e+06		527.778		
00:00:56:899		6.83374e+06		102.391		41.3372		9931.86		0.0758323		309.69			00:00:56:899		1.50065e+07		-0.666859		6.05319		531.434		6.96775e+06		527.773		
00:00:56:799		6.83374e+06		102.391		41.3372		9931.86		0.0758323		309.691			00:00:56:799		1.50073e+07		-0.665364		6.04999		531.434		6.96776e+06		527.754		
00:00:56:700		6.83375e+06		102.382		41.3115		9836.9		0.0754977		309.691			00:00:56:700		1.5008e+07		-0.663869		6.04675		531.436		6.96777e+06		527.747		
00:00:56:600		6.83376e+06		102.382		41.3115		9836.9		0.0754977		309.691			00:00:56:600		1.50088e+07		-0.662374		6.04356		531.438		6.96778e+06		527.776		
00:00:56:450		6.83377e+06		102.373		41.2861		9746.03		0.0751631		309.692			00:00:56:450		1.50099e+07		-0.660131		6.03871		531.439		6.96779e+06		527.772		
00:00:56:350		6.83378e+06		102.373		41.2861		9746.03		0.0751631		309.692			00:00:56:350		1.50107e+07		-0.658636		6.03539		531.439		6.9678e+06		527.78		
00:00:56:250		6.8338e+06		102.364		41.2861		9746.03		0.0751631		309.693			00:00:56:250		1.50114e+07		-0.65714		6.03212		531.441		6.96781e+06		527.795		
00:00:56:149		6.8338e+06		102.364		41.261		9659.2		0.0748285		309.693			00:00:56:149		1.50122e+07		-0.655644		6.02887		531.441		6.96782e+06		527.783		
00:00:56:049		6.83381e+06		102.364		41.261		9659.2		0.0748285		309.694			00:00:56:049		1.5013e+07		-0.654148		6.02558		531.443		6.96783e+06		527.794		
00:00:55:950		6.83381e+06		102.354		41.2362		9565.51		0.0744938		309.694			00:00:55:950		1.50137e+07		-0.652652		6.02226		531.445		6.96784e+06		527.789		
00:00:55:850		6.83382e+06		102.354		41.2362		9565.51		0.0744938		309.694			00:00:55:850		1.50145e+07		-0.651155		6.01897		531.445		6.96784e+06		527.776		
00:00:55:750		6.83383e+06		102.345		41.2362		9565.51		0.0744938		309.695			00:00:55:750		1.50152e+07		-0.649659		6.01562		531.447		6.96785e+06		527.788		
00:00:55:649		6.83384e+06		102.345		41.2118		9468.67		0.0741591		309.695			00:00:55:649		1.5016e+07		-0.648163		6.01233		531.449		6.96786e+06		527.804		
00:00:55:549		6.83385e+06		102.345		41.2118		9468.67		0.0741591		309.695			00:00:55:549		1.50168e+07		-0.646666		6.00898		531.449		6.96787e+06		527.824		
00:00:55:450		6.83386e+06		102.336		41.1877		9379.46		0.0738244		309.696			00:00:55:450		1.50175e+07		-0.645169		6.00561		531.45		6.96788e+06		527.821		
00:00:55:350		6.83386e+06		102.336		41.1877		9379.46		0.0738244		309.696			00:00:55:350		1.50183e+07		-0.643672		6.00225		531.452		6.96789e+06		527.818		
00:00:55:250		6.83386e+06		102.327		41.1877		9379.46		0.0738244		309.697			00:00:55:250		1.5019e+07		-0.642175		5.99884		531.452		6.9679e+06		527.799		
00:00:55:149		6.83387e+06		102.327		41.164		9294.21		0.0734897		309.697			00:00:55:149		1.50198e+07		-0.640678		5.99551		531.454		6.96791e+06		527.798		
00:00:55:149		6.83387e+06		102.327		41.164		9294.21		0.0734897		309.697			00:00:55:149		1.50198e+07		-0.640678		5.99551		531.454		6.96791e+06		527.798		
00:00:55:049		6.83388e+06		102.327		41.164		9294.21		0.0734897		309.697			00:00:55:049		1.50206e+07		-0.63918		5.99212		531.454		6.96791e+06		527.807		
00:00:54:950		6.83389e+06		102.317		41.1407		9212.93		0.0731549		309.698			00:00:54:950		1.50213e+07		-0.637682		5.98868		531.456		6.96792e+06		527.82		
00:00:54:850		6.8339e+06		102.317		41.1407		9212.93		0.0731549		309.698			00:00:54:850		1.50221e+07		-0.636185		5.98531		531.456		6.96793e+06		527.839		
00:00:54:649		6.83391e+06		102.308		41.1178		9124.9		0.0728201		309.699			00:00:54:649		1.50236e+07		-0.633189		5.9785		531.458		6.96795e+06		527.832		
00:00:54:549		6.83392e+06		102.308		41.1178		9124.9		0.0728201		309.699			00:00:54:549		1.50244e+07		-0.631691		5.97508		531.458		6.96796e+06		527.83		
00:00:54:549		6.83392e+06		102.308		41.1178		9124.9		0.0728201		309.699			00:00:54:549		1.50244e+07		-0.631691		5.97508		531.458		6.96796e+06		527.83		
00:00:54:450		6.83392e+06		102.299		41.0954		9033.8		0.0724853		309.7			00:00:54:450		1.50251e+07		-0.630193		5.97164		531.46		6.96797e+06		527.823		
00:00:54:350		6.83393e+06		102.299		41.0954		9033.8		0.0724853		309.7			00:00:54:350		1.50259e+07		-0.628695		5.96822		531.46		6.96797e+06		527.822		
00:00:54:100		6.83395e+06		102.289		41.0735		8950.09		0.0721505		309.701			00:00:54:100		1.50278e+07		-0.624949		5.95955		531.463		6.968e+06		527.843		
00:00:54:100		6.83395e+06		102.289		41.0735		8950.09		0.0721505		309.701			00:00:54:100		1.50278e+07		-0.624949		5.95955		531.463		6.968e+06		527.843		
00:00:53:950		6.83396e+06		102.28		41.0523		8866.76		0.0718157		309.701			00:00:53:950		1.50289e+07		-0.622701		5.95436		531.463		6.96801e+06		527.845		
00:00:53:850		6.83397e+06		102.28		41.0523		8866.76		0.0718157		309.702			00:00:53:850		1.50297e+07		-0.621202		5.95086		531.465		6.96802e+06		527.851		
00:00:53:649		6.83398e+06		102.27		41.0319		8787.24		0.0714808		309.703			00:00:53:649		1.50312e+07		-0.618204		5.94379		531.467		6.96803e+06		527.856		
00:00:53:649		6.83398e+06		102.27		41.0319		8787.24		0.0714808		309.703			00:00:53:649		1.50312e+07		-0.618204		5.94379		531.467		6.96803e+06		527.856		
00:00:53:549		6.83399e+06		102.27		41.0319		8787.24		0.0714808		309.703			00:00:53:549		1.5032e+07		-0.616705		5.94025		531.467		6.96804e+06		527.862		
00:00:53:450		6.834e+06		102.262		41.0118		8708.06		0.0711459		309.703			00:00:53:450		1.50327e+07		-0.615206		5.93669		531.467		6.96805e+06		527.864		
00:00:53:350		6.834e+06		102.262		41.0118		8708.06		0.0711459		309.704			00:00:53:350		1.50335e+07		-0.613707		5.93316		531.469		6.96806e+06		527.867		
00:00:53:250		6.83401e+06		102.253		41.0118		8708.06		0.0711459		309.704			00:00:53:250		1.50342e+07		-0.612207		5.92956		531.469		6.96807e+06		527.87		
00:00:53:250		6.83401e+06		102.253		41.0118		8708.06		0.0711459		309.704			00:00:53:250		1.50342e+07		-0.612207		5.92956		531.469		6.96807e+06		527.87		
00:00:53:149		6.83402e+06		102.253		40.9916		8625.8		0.070811		309.705			00:00:53:149		1.5035e+07		-0.610707		5.92595		531.469		6.96808e+06		527.873		
00:00:52:950		6.83403e+06		102.244		40.9714		8543.91		0.0704761		309.705			00:00:52:950		1.50365e+07		-0.607707		5.91879		531.471		6.96809e+06		527.879		
00:00:52:950		6.83403e+06		102.244		40.9714		8543.91		0.0704761		309.705			00:00:52:950		1.50365e+07		-0.607707		5.91879		531.471		6.96809e+06		527.879		
00:00:52:850		6.83404e+06		102.244		40.9714		8543.91		0.0704761		309.706			00:00:52:850		1.50373e+07		-0.606207		5.91516		531.471		6.9681e+06		527.883		
00:00:52:500		6.83406e+06		102.227		40.951		8462.38		0.0701412		309.707			00:00:52:500		1.504e+07		-0.600955		5.90241		531.472		6.96813e+06		527.893		
00:00:52:500		6.83406e+06		102.227		40.951		8462.38		0.0701412		309.707			00:00:52:500		1.504e+07		-0.600955		5.90241		531.472		6.96813e+06		527.893		
00:00:52:500		6.83406e+06		102.227		40.951		8462.38		0.0701412		309.707			00:00:52:500		1.504e+07		-0.600955		5.90241		531.472		6.96813e+06		527.893		
00:00:52:399		6.83407e+06		102.227		40.9305		8381.22		0.0698062		309.707			00:00:52:399		1.50407e+07		-0.599454		5.89873		531.472		6.96814e+06		527.896		
00:00:52:299		6.83408e+06		102.227		40.9305		8381.22		0.0698062		309.708			00:00:52:299		1.50415e+07		-0.597953		5.89506		531.472		6.96815e+06		527.899		
00:00:52:200		6.83408e+06		102.218		40.9099		8300.44		0.0694712		309.708			00:00:52:200		1.50423e+07		-0.596452		5.89136		531.472		6.96816e+06		527.901		
00:00:52:100		6.83408e+06		102.218		40.9099		8300.44		0.0694712		309.709			00:00:52:100		1.5043e+07		-0.59495		5.8877		531.474		6.96816e+06		527.899		
00:00:52:000		6.83409e+06		102.209		40.9099		8300.44		0.0694712		309.709			00:00:52:000		1.50438e+07		-0.593449		5.884		531.474		6.96817e+06		527.89		
00:00:51:899		6.8341e+06		102.209		40.8891		8220.02		0.0691362		309.709			00:00:51:899		1.50446e+07		-0.591946		5.88029		531.474		6.96818e+06		527.898		
00:00:51:799		6.83411e+06		102.209		40.8891		8220.02		0.0691362		309.71			00:00:51:799		1.50453e+07		-0.590444		5.87657		531.474		6.96819e+06		527.919		
00:00:51:700		6.83412e+06		102.2		40.8682		8139.96		0.0688012		309.71			00:00:51:700		1.50461e+07		-0.588942		5.87283		531.474		6.9682e+06		527.931		
00:00:51:600		6.83413e+06		102.2		40.8682		8139.96		0.0688012		309.71			00:00:51:600		1.50469e+07		-0.58744		5.86909		531.474		6.9682e+06		527.935		
00:00:51:500		6.83413e+06		102.191		40.8682		8139.96		0.0688012		309.711			00:00:51:500		1.50476e+07		-0.585937		5.86532		531.474		6.96821e+06		527.932		
00:00:51:399		6.83414e+06		102.191		40.8472		8060.27		0.0684661		309.711			00:00:51:399		1.50484e+07		-0.584434		5.86156		531.474		6.96822e+06		527.932		
00:00:51:250		6.83415e+06		102.182		40.8472		8060.27		0.0684661		309.712			00:00:51:250		1.50495e+07		-0.582179		5.85583		531.474		6.96823e+06		527.939		
00:00:51:149		6.83415e+06		102.182		40.826		7977.63		0.0681311		309.712			00:00:51:149		1.50503e+07		-0.580676		5.85203		531.476		6.96824e+06		527.919		
00:00:51:049		6.83416e+06		102.182		40.826		7977.63		0.0681311		309.712			00:00:51:049		1.50511e+07		-0.579172		5.84824		531.476		6.96825e+06		527.929		
00:00:51:000		6.83416e+06		102.174		40.826		7977.63		0.0681311		309.713			00:00:51:000		1.50514e+07		-0.57842		5.84632		531.474		6.96825e+06		527.944		
00:00:50:899		6.83417e+06		102.174		40.8046		7895.38		0.067796		309.713			00:00:50:899		1.50522e+07		-0.576916		5.84251		531.474		6.96826e+06		527.933		
00:00:50:799		6.83417e+06		102.174		40.8046		7895.38		0.067796		309.713			00:00:50:799		1.5053e+07		-0.575412		5.83865		531.474		6.96827e+06		527.923		
00:00:50:700		6.83418e+06		102.165		40.7831		7816.79		0.0674609		309.714			00:00:50:700		1.50537e+07		-0.573907		5.83479		531.474		6.96828e+06		527.942		
00:00:50:600		6.83419e+06		102.165		40.7831		7816.79		0.0674609		309.714			00:00:50:600		1.50545e+07		-0.572403		5.83091		531.474		6.96829e+06		527.929		
00:00:50:500		6.8342e+06		102.156		40.7831		7816.79		0.0674609		309.715			00:00:50:500		1.50553e+07		-0.570899		5.82704		531.474		6.96829e+06		527.948		
00:00:50:399		6.83420e+06		102.156		40.7614		7741.85		0.0671257		309.715			00:00:50:399		1.5056e+07		-0.569393		5.8231		531.474		6.9683e+06		527.936		
00:00:50:299		6.83421e+06		102.156		40.7614		7741.85		0.0671257		309.715			00:00:50:299		1.50568e+07		-0.567888		5.81922		531.474		6.96831e+06		527.957		
00:00:50:149		6.83422e+06		102.147		40.7395		7670.52		0.0667906		309.716			00:00:50:149		1.5058e+07		-0.565629		5.81335		531.474		6.96832e+06		527.958		
00:00:50:049		6.83422e+06		102.147		40.7395		7670.52		0.0667906		309.716			00:00:50:049		1.50587e+07		-0.564124		5.80945		531.472		6.96833e+06		527.955		
00:00:49:950		6.83423e+06		102.138		40.7175		7596.27		0.0664554		309.717			00:00:49:950		1.50595e+07		-0.562618		5.80554		531.472		6.96834e+06		527.963		
00:00:49:850		6.83424e+06		102.138		40.7175		7596.27		0.0664554		309.717			00:00:49:850		1.50603e+07		-0.561111		5.80162		531.474		6.96835e+06		527.984		
00:00:49:750		6.83425e+06		102.129		40.7175		7596.27		0.0664554		309.717			00:00:49:750		1.5061e+07		-0.559606		5.79762		531.474		6.96835e+06		528.004		
00:00:49:649		6.83425e+06		102.129		40.6954		7519.15		0.0661202		309.718			00:00:49:649		1.50618e+07		-0.558099		5.79362		531.472		6.96836e+06		527.985		
00:00:49:549		6.83426e+06		102.129		40.6954		7519.15		0.0661202		309.718			00:00:49:549		1.50626e+07		-0.556592		5.78966		531.472		6.96837e+06		527.974		
00:00:49:450		6.83426e+06		102.12		40.6733		7442.4		0.065785		309.719			00:00:49:450		1.50633e+07		-0.555084		5.78563		531.472		6.96838e+06		527.974		
00:00:49:350		6.83427e+06		102.12		40.6733		7442.4		0.065785		309.719			00:00:49:350		1.50641e+07		-0.553577		5.7816		531.472		6.96839e+06		527.987		
00:00:49:250		6.83428e+06		102.111		40.6733		7442.4		0.065785		309.719			00:00:49:250		1.50649e+07		-0.552069		5.77755		531.471		6.96839e+06		527.999		
00:00:49:149		6.83429e+06		102.111		40.6511		7366.01		0.0654497		309.72			00:00:49:149		1.50656e+07		-0.550561		5.77344		531.471		6.9684e+06		528.008		
00:00:49:049		6.8343e+06		102.111		40.6511		7366.01		0.0654497		309.72			00:00:49:049		1.50664e+07		-0.549053		5.76933		531.471		6.96841e+06		528.009		
00:00:48:950		6.8343e+06		102.102		40.6289		7286.81		0.0651145		309.72			00:00:48:950		1.50672e+07		-0.547544		5.76515		531.471		6.96842e+06		528.004		
00:00:48:850		6.8343e+06		102.102		40.6289		7286.81		0.0651145		309.721			00:00:48:850		1.50679e+07		-0.546036		5.76105		531.469		6.96842e+06		527.992		
00:00:48:750		6.83431e+06		102.093		40.6289		7286.81		0.0651145		309.721			00:00:48:750		1.50687e+07		-0.544527		5.75692		531.469		6.96843e+06		528		
00:00:48:649		6.83432e+06		102.093		40.6065		7204.82		0.0647792		309.722			00:00:48:649		1.50695e+07		-0.543018		5.75274		531.469		6.96844e+06		528.01		
00:00:48:549		6.83432e+06		102.093		40.6065		7204.82		0.0647792		309.722			00:00:48:549		1.50702e+07		-0.541508		5.74858		531.467		6.96845e+06		528.024		
00:00:48:549		6.83432e+06		102.093		40.6065		7204.82		0.0647792		309.722			00:00:48:549		1.50702e+07		-0.541508		5.74858		531.467		6.96845e+06		528.024		
00:00:48:450		6.83433e+06		102.084		40.5841		7126.39		0.0644439		309.722			00:00:48:450		1.5071e+07		-0.539999		5.74437		531.467		6.96846e+06		528.044		
00:00:48:350		6.83434e+06		102.084		40.5841		7126.39		0.0644439		309.723			00:00:48:350		1.50718e+07		-0.53849		5.74019		531.465		6.96846e+06		528.041		
00:00:48:200		6.83435e+06		102.075		40.5616		7051.46		0.0641086		309.723			00:00:48:200		1.50729e+07		-0.536227		5.73386		531.465		6.96848e+06		528.032		
00:00:48:100		6.83436e+06		102.075		40.5616		7051.46		0.0641086		309.724			00:00:48:100		1.50737e+07		-0.534718		5.7296		531.465		6.96848e+06		528.048		
00:00:48:000		6.83436e+06		102.065		40.5616		7051.46		0.0641086		309.724			00:00:48:000		1.50745e+07		-0.533208		5.72532		531.463		6.96849e+06		528.038		
00:00:47:899		6.83437e+06		102.065		40.539		6976.9		0.0637732		309.724			00:00:47:899		1.50752e+07		-0.531698		5.72107		531.463		6.9685e+06		528.043		
00:00:47:799		6.83437e+06		102.065		40.539		6976.9		0.0637732		309.725			00:00:47:799		1.5076e+07		-0.530188		5.71681		531.461		6.96851e+06		528.024		
00:00:47:700		6.83438e+06		102.056		40.5163		6905.82		0.0634378		309.725			00:00:47:700		1.50768e+07		-0.528677		5.71253		531.461		6.96852e+06		528.026		
00:00:47:500		6.83439e+06		102.047		40.5163		6905.82		0.0634378		309.726			00:00:47:500		1.50783e+07		-0.525656		5.70394		531.46		6.96853e+06		528.051		
00:00:47:500		6.83439e+06		102.047		40.5163		6905.82		0.0634378		309.726			00:00:47:500		1.50783e+07		-0.525656		5.70394		531.46		6.96853e+06		528.051		
00:00:47:450		6.83439e+06		102.047		40.4936		6838.17		0.0631024		309.726			00:00:47:450		1.50787e+07		-0.524899		5.70179		531.458		6.96853e+06		528.035		
00:00:47:350		6.8344e+06		102.047		40.4936		6838.17		0.0631024		309.727			00:00:47:350		1.50794e+07		-0.523388		5.69756		531.458		6.96854e+06		528.039		
00:00:47:250		6.83441e+06		102.038		40.4707		6764.7		0.062767		309.727			00:00:47:250		1.50802e+07		-0.521877		5.69324		531.456		6.96855e+06		528.05		
00:00:47:100		6.83442e+06		102.038		40.4707		6764.7		0.062767		309.727			00:00:47:100		1.50814e+07		-0.519608		5.68676		531.454		6.96856e+06		528.053		
00:00:47:000		6.83443e+06		102.029		40.4707		6764.7		0.062767		309.728			00:00:47:000		1.50821e+07		-0.518096		5.6824		531.454		6.96857e+06		528.05		
00:00:46:899		6.83443e+06		102.029		40.4477		6685.49		0.0624316		309.728			00:00:46:899		1.50829e+07		-0.516583		5.67797		531.452		6.96858e+06		528.06		
00:00:46:799		6.83444e+06		102.029		40.4477		6685.49		0.0624316		309.729			00:00:46:799		1.50837e+07		-0.51507		5.67354		531.452		6.96858e+06		528.063		
00:00:46:600		6.83445e+06		102.02		40.4246		6606.67		0.0620961		309.729			00:00:46:600		1.50852e+07		-0.512044		5.66472		531.449		6.9686e+06		528.069		
00:00:46:500		6.83446e+06		102.01		40.4246		6606.67		0.0620961		309.73			00:00:46:500		1.5086e+07		-0.510531		5.66031		531.449		6.96861e+06		528.071		
00:00:46:500		6.83446e+06		102.01		40.4246		6606.67		0.0620961		309.73			00:00:46:500		1.5086e+07		-0.510531		5.66031		531.449		6.96861e+06		528.071		
00:00:46:450		6.83446e+06		102.01		40.4014		6531.29		0.0617607		309.73			00:00:46:450		1.50864e+07		-0.509774		5.65802		531.449		6.96861e+06		528.073		
00:00:46:299		6.83447e+06		102.01		40.4014		6531.29		0.0617607		309.73			00:00:46:299		1.50875e+07		-0.507503		5.6513		531.447		6.96862e+06		528.077		
00:00:46:200		6.83448e+06		102.001		40.3781		6456.27		0.0614252		309.731			00:00:46:200		1.50883e+07		-0.505989		5.64682		531.445		6.96863e+06		528.079		
00:00:46:100		6.83448e+06		102.001		40.3781		6456.27		0.0614252		309.731			00:00:46:100		1.50891e+07		-0.504475		5.64228		531.443		6.96864e+06		528.081		
00:00:46:000		6.83449e+06		101.992		40.3781		6456.27		0.0614252		309.732			00:00:46:000		1.50898e+07		-0.50296		5.63778		531.441		6.96864e+06		528.083		
00:00:45:899		6.8345e+06		101.992		40.3547		6381.65		0.0610896		309.732			00:00:45:899		1.50906e+07		-0.501444		5.63323		531.439		6.96865e+06		528.087		
00:00:45:799		6.8345e+06		101.992		40.3547		6381.65		0.0610896		309.732			00:00:45:799		1.50914e+07		-0.499928		5.62863		531.439		6.96866e+06		528.089		
00:00:45:600		6.83451e+06		101.982		40.3311		6310.39		0.0607541		309.733			00:00:45:600		1.50929e+07		-0.496897		5.61951		531.436		6.96867e+06		528.108		
00:00:45:600		6.83451e+06		101.982		40.3311		6310.39		0.0607541		309.733			00:00:45:600		1.50929e+07		-0.496897		5.61951		531.436		6.96867e+06		528.108		
00:00:45:500		6.83451e+06		101.973		40.3311		6310.39		0.0607541		309.733			00:00:45:500		1.50937e+07		-0.495381		5.61495		531.436		6.96868e+06		528.091		
00:00:45:399		6.83452e+06		101.973		40.3074		6239.48		0.0604185		309.734			00:00:45:399		1.50945e+07		-0.493865		5.61038		531.434		6.96869e+06		528.087		
00:00:45:299		6.83453e+06		101.973		40.3074		6239.48		0.0604185		309.734			00:00:45:299		1.50952e+07		-0.492348		5.60582		531.432		6.9687e+06		528.101		
00:00:45:200		6.83454e+06		101.964		40.2836		6165.99		0.0600829		309.735			00:00:45:200		1.5096e+07		-0.490831		5.60117		531.43		6.9687e+06		528.104		
00:00:45:100		6.83454e+06		101.964		40.2836		6165.99		0.0600829		309.735			00:00:45:100		1.50968e+07		-0.489314		5.59653		531.43		6.96871e+06		528.108		
00:00:45:000		6.83455e+06		101.954		40.2836		6165.99		0.0600829		309.735			00:00:45:000		1.50975e+07		-0.487796		5.59193		531.428		6.96872e+06		528.119		
00:00:44:899		6.83455e+06		101.954		40.2596		6095.82		0.0597473		309.736			00:00:44:899		1.50983e+07		-0.486278		5.58726		531.427		6.96873e+06		528.139		
00:00:44:799		6.83456e+06		101.954		40.2596		6095.82		0.0597473		309.736			00:00:44:799		1.50991e+07		-0.484759		5.58249		531.425		6.96873e+06		528.133		
00:00:44:600		6.83457e+06		101.945		40.2355		6028.93		0.0594117		309.737			00:00:44:600		1.51006e+07		-0.481722		5.57305		531.421		6.96875e+06		528.137		
00:00:44:500		6.83458e+06		101.935		40.2355		6028.93		0.0594117		309.737			00:00:44:500		1.51014e+07		-0.480204		5.56835		531.419		6.96875e+06		528.131		
00:00:44:500		6.83458e+06		101.935		40.2355		6028.93		0.0594117		309.737			00:00:44:500		1.51014e+07		-0.480204		5.56835		531.419		6.96875e+06		528.131		
00:00:44:350		6.83459e+06		101.935		40.2112		5959.49		0.0590761		309.738			00:00:44:350		1.51026e+07		-0.477924		5.56112		531.417		6.96877e+06		528.156		
00:00:44:250		6.83459e+06		101.926		40.2112		5959.49		0.0590761		309.738			00:00:44:250		1.51033e+07		-0.476405		5.55629		531.416		6.96877e+06		528.15		
00:00:44:149		6.8346e+06		101.926		40.1868		5893.32		0.0587404		309.738			00:00:44:149		1.51041e+07		-0.474885		5.55152		531.414		6.96878e+06		528.143		
00:00:44:049		6.8346e+06		101.926		40.1868		5893.32		0.0587404		309.739			00:00:44:049		1.51049e+07		-0.473365		5.54678		531.412		6.96879e+06		528.141		
00:00:43:950		6.83461e+06		101.916		40.1623		5827.48		0.0584047		309.739			00:00:43:950		1.51057e+07		-0.471844		5.54202		531.41		6.96879e+06		528.128		
00:00:43:850		6.83461e+06		101.916		40.1623		5827.48		0.0584047		309.74			00:00:43:850		1.51064e+07		-0.470325		5.53719		531.406		6.9688e+06		528.137		
00:00:43:750		6.83462e+06		101.907		40.1623		5827.48		0.0584047		309.74			00:00:43:750		1.51072e+07		-0.468804		5.53228		531.404		6.96881e+06		528.157		
00:00:43:649		6.83463e+06		101.907		40.1376		5756.28		0.058069		309.74			00:00:43:649		1.5108e+07		-0.467283		5.52737		531.403		6.96882e+06		528.174		
00:00:43:549		6.83463e+06		101.907		40.1376		5756.28		0.058069		309.741			00:00:43:549		1.51087e+07		-0.465762		5.52248		531.403		6.96882e+06		528.165		
00:00:43:450		6.83464e+06		101.897		40.1127		5688.31		0.0577332		309.741			00:00:43:450		1.51095e+07		-0.464241		5.51754		531.401		6.96883e+06		528.174		
00:00:43:450		6.83464e+06		101.897		40.1127		5688.31		0.0577332		309.741			00:00:43:450		1.51095e+07		-0.464241		5.51754		531.401		6.96883e+06		528.174		
00:00:43:250		6.83464e+06		101.888		40.1127		5688.31		0.0577332		309.742			00:00:43:250		1.51111e+07		-0.461196		5.50765		531.395		6.96884e+06		528.149		
00:00:43:149		6.83465e+06		101.888		40.0876		5623.53		0.0573975		309.742			00:00:43:149		1.51118e+07		-0.459674		5.50274		531.393		6.96885e+06		528.159		
00:00:43:049		6.83466e+06		101.888		40.0876		5623.53		0.0573975		309.743			00:00:43:049		1.51126e+07		-0.458152		5.49777		531.392		6.96886e+06		528.164		
00:00:42:950		6.83467e+06		101.878		40.0625		5553.47		0.0570617		309.743			00:00:42:950		1.51134e+07		-0.456629		5.49276		531.39		6.96887e+06		528.166		
00:00:42:850		6.83467e+06		101.878		40.0625		5553.47		0.0570617		309.743			00:00:42:850		1.51142e+07		-0.455106		5.48772		531.388		6.96887e+06		528.169		
00:00:42:850		6.83467e+06		101.878		40.0625		5553.47		0.0570617		309.743			00:00:42:850		1.51142e+07		-0.455106		5.48772		531.388		6.96887e+06		528.169		
00:00:42:750		6.83468e+06		101.869		40.0625		5553.47		0.0570617		309.744			00:00:42:750		1.51149e+07		-0.453584		5.4827		531.386		6.96888e+06		528.171		
00:00:42:549		6.83469e+06		101.869		40.0373		5483.8		0.0567259		309.744			00:00:42:549		1.51165e+07		-0.450537		5.47259		531.382		6.96889e+06		528.177		
00:00:42:549		6.83469e+06		101.869		40.0373		5483.8		0.0567259		309.744			00:00:42:549		1.51165e+07		-0.450537		5.47259		531.382		6.96889e+06		528.177		
00:00:42:450		6.83469e+06		101.859		40.0121		5420.07		0.0563901		309.745			00:00:42:450		1.51173e+07		-0.449013		5.46751		531.381		6.9689e+06		528.179		
00:00:42:350		6.8347e+06		101.859		40.0121		5420.07		0.0563901		309.745			00:00:42:350		1.51181e+07		-0.447488		5.46239		531.377		6.96891e+06		528.182		
00:00:42:200		6.83471e+06		101.849		39.9868		5356.68		0.0560542		309.746			00:00:42:200		1.51192e+07		-0.445201		5.45478		531.373		6.96892e+06		528.195		
00:00:42:100		6.83471e+06		101.849		39.9868		5356.68		0.0560542		309.746			00:00:42:100		1.512e+07		-0.443676		5.44969		531.373		6.96892e+06		528.197		
00:00:42:000		6.83472e+06		101.84		39.9868		5356.68		0.0560542		309.747			00:00:42:000		1.51208e+07		-0.442152		5.44453		531.37		6.96893e+06		528.195		
00:00:41:899		6.83472e+06		101.84		39.9616		5290.9		0.0557184		309.747			00:00:41:899		1.51216e+07		-0.440627		5.43942		531.366		6.96894e+06		528.197		
00:00:41:799		6.83473e+06		101.84		39.9616		5290.9		0.0557184		309.747			00:00:41:799		1.51223e+07		-0.439101		5.4342		531.364		6.96894e+06		528.199		
00:00:41:700		6.83474e+06		101.83		39.9364		5225.48		0.0553825		309.748			00:00:41:700		1.51231e+07		-0.437575		5.42903		531.362		6.96895e+06		528.2		
00:00:41:500		6.83474e+06		101.82		39.9364		5225.48		0.0553825		309.748			00:00:41:500		1.51247e+07		-0.434523		5.41861		531.357		6.96896e+06		528.203		
00:00:41:500		6.83474e+06		101.82		39.9364		5225.48		0.0553825		309.748			00:00:41:500		1.51247e+07		-0.434523		5.41861		531.357		6.96896e+06		528.203		
00:00:41:399		6.83475e+06		101.82		39.9111		5160.43		0.0550466		309.749			00:00:41:399		1.51254e+07		-0.432997		5.41342		531.355		6.96897e+06		528.218		
00:00:41:299		6.83476e+06		101.82		39.9111		5160.43		0.0550466		309.749			00:00:41:299		1.51262e+07		-0.43147		5.40818		531.353		6.96898e+06		528.209		
00:00:41:200		6.83476e+06		101.81		39.8858		5095.74		0.0547107		309.75			00:00:41:200		1.5127e+07		-0.429943		5.40313		531.349		6.96898e+06		528.209		
00:00:41:100		6.83477e+06		101.81		39.8858		5095.74		0.0547107		309.75			00:00:41:100		1.51278e+07		-0.428416		5.39774		531.348		6.96899e+06		528.216		
00:00:41:000		6.83477e+06		101.801		39.8858		5095.74		0.0547107		309.75			00:00:41:000		1.51286e+07		-0.426889		5.3925		531.346		6.96899e+06		528.219		
00:00:40:899		6.83478e+06		101.801		39.8605		5031.43		0.0543747		309.751			00:00:40:899		1.51293e+07		-0.425362		5.38712		531.344		6.969e+06		528.221		
00:00:40:799		6.83478e+06		101.801		39.8605		5031.43		0.0543747		309.751			00:00:40:799		1.51301e+07		-0.423834		5.38195		531.342		6.96901e+06		528.223		
00:00:40:649		6.83479e+06		101.791		39.8352		4964.8		0.0540387		309.752			00:00:40:649		1.51313e+07		-0.421542		5.37398		531.337		6.96902e+06		528.224		
00:00:40:500		6.8348e+06		101.781		39.8352		4964.8		0.0540387		309.752			00:00:40:500		1.51325e+07		-0.419249		5.36598		531.335		6.96902e+06		528.229		
00:00:40:500		6.8348e+06		101.781		39.8352		4964.8		0.0540387		309.752			00:00:40:500		1.51325e+07		-0.419249		5.36598		531.335		6.96902e+06		528.229		
00:00:40:399		6.8348e+06		101.781		39.8098		4898.55		0.0537027		309.753			00:00:40:399		1.51332e+07		-0.417719		5.36068		531.331		6.96903e+06		528.234		
00:00:40:299		6.8348e+06		101.781		39.8098		4898.55		0.0537027		309.753			00:00:40:299		1.5134e+07		-0.41619		5.35535		531.327		6.96904e+06		528.234		
00:00:40:200		6.83481e+06		101.771		39.7844		4835.33		0.0533667		309.753			00:00:40:200		1.51348e+07		-0.414661		5.34997		531.324		6.96904e+06		528.234		
00:00:40:100		6.83481e+06		101.771		39.7844		4835.33		0.0533667		309.754			00:00:40:100		1.51356e+07		-0.413131		5.34456		531.322		6.96905e+06		528.239		
00:00:40:000		6.83481e+06		101.761		39.7844		4835.33		0.0533667		309.754			00:00:40:000		1.51364e+07		-0.411602		5.33916		531.318		6.96905e+06		528.248		
00:00:39:899		6.83482e+06		101.761		39.7589		4767.21		0.0530307		309.755			00:00:39:899		1.51371e+07		-0.410071		5.33382		531.315		6.96906e+06		528.25		
00:00:39:799		6.83483e+06		101.761		39.7589		4767.21		0.0530307		309.755			00:00:39:799		1.51379e+07		-0.408541		5.32841		531.311		6.96907e+06		528.254		
00:00:39:600		6.83484e+06		101.751		39.7334		4699.5		0.0526946		309.756			00:00:39:600		1.51395e+07		-0.405479		5.31736		531.304		6.96908e+06		528.259		
00:00:39:500		6.83484e+06		101.741		39.7334		4699.5		0.0526946		309.756			00:00:39:500		1.51403e+07		-0.403948		5.31186		531.3		6.96908e+06		528.251		
00:00:39:500		6.83484e+06		101.741		39.7334		4699.5		0.0526946		309.756			00:00:39:500		1.51403e+07		-0.403948		5.31186		531.3		6.96908e+06		528.251		
00:00:39:399		6.83485e+06		101.741		39.7078		4637.37		0.0523586		309.757			00:00:39:399		1.5141e+07		-0.402419		5.30651		531.296		6.96909e+06		528.257		
00:00:39:299		6.83485e+06		101.741		39.7078		4637.37		0.0523586		309.757			00:00:39:299		1.51418e+07		-0.400888		5.30113		531.294		6.96909e+06		528.258		
00:00:39:200		6.83485e+06		101.731		39.6822		4575.6		0.0520224		309.757			00:00:39:200		1.51426e+07		-0.399358		5.29554		531.291		6.9691e+06		528.261		
00:00:39:100		6.83486e+06		101.731		39.6822		4575.6		0.0520224		309.758			00:00:39:100		1.51434e+07		-0.397828		5.28965		531.287		6.9691e+06		528.263		
00:00:39:000		6.83486e+06		101.721		39.6822		4575.6		0.0520224		309.758			00:00:39:000		1.51442e+07		-0.396297		5.28395		531.281		6.96911e+06		528.265		
00:00:38:899		6.83487e+06		101.721		39.6565		4511.64		0.0516863		309.759			00:00:38:899		1.5145e+07		-0.394766		5.27901		531.278		6.96911e+06		528.268		
00:00:38:799		6.83487e+06		101.721		39.6565		4511.64		0.0516863		309.759			00:00:38:799		1.51457e+07		-0.393235		5.27399		531.274		6.96912e+06		528.27		
00:00:38:600		6.83488e+06		101.711		39.6308		4445.51		0.0513502		309.76			00:00:38:600		1.51473e+07		-0.390171		5.26081		531.265		6.96913e+06		528.274		
00:00:38:450		6.83488e+06		101.701		39.605		4379.77		0.051014		309.76			00:00:38:450		1.51485e+07		-0.387872		5.25262		531.259		6.96914e+06		528.277		
00:00:38:450		6.83488e+06		101.701		39.605		4379.77		0.051014		309.76			00:00:38:450		1.51485e+07		-0.387872		5.25262		531.259		6.96914e+06		528.277		
00:00:38:350		6.83489e+06		101.701		39.605		4379.77		0.051014		309.761			00:00:38:350		1.51493e+07		-0.386338		5.2499		531.256		6.96914e+06		528.279		
00:00:38:250		6.83489e+06		101.691		39.605		4379.77		0.051014		309.761			00:00:38:250		1.515e+07		-0.384805		5.24636		531.252		6.96915e+06		528.28		
00:00:38:149		6.8349e+06		101.691		39.5791		4314.43		0.0506778		309.762			00:00:38:149		1.51508e+07		-0.383271		5.23587		531.245		6.96915e+06		528.282		
00:00:38:049		6.8349e+06		101.691		39.5791		4314.43		0.0506778		309.762			00:00:38:049		1.51516e+07		-0.381736		5.22435		531.243		6.96916e+06		528.283		
00:00:37:950		6.8349e+06		101.681		39.5531		4251.99		0.0503416		309.762			00:00:37:950		1.51524e+07		-0.380202		5.21287		531.239		6.96916e+06		528.285		
00:00:37:850		6.83491e+06		101.681		39.5531		4251.99		0.0503416		309.763			00:00:37:850		1.51532e+07		-0.378667		5.20148		531.236		6.96917e+06		528.286		
00:00:37:750		6.83491e+06		101.671		39.5531		4251.99		0.0503416		309.763			00:00:37:750		1.51539e+07		-0.377131		5.18997		531.234		6.96917e+06		528.287		
00:00:37:649		6.83492e+06		101.671		39.527		4187.45		0.0500054		309.764			00:00:37:649		1.51547e+07		-0.375596		5.17848		531.228		6.96918e+06		528.288		
00:00:37:549		6.83492e+06		101.671		39.527		4187.45		0.0500054		309.764			00:00:37:549		1.51555e+07		-0.37406		5.16694		531.223		6.96918e+06		528.273		
00:00:37:450		6.83492e+06		101.661		39.5008		4118.36		0.0496691		309.764			00:00:37:450		1.51563e+07		-0.372524		5.15559		531.219		6.96918e+06		528.288		
00:00:37:350		6.83492e+06		101.661		39.5008		4118.36		0.0496691		309.765			00:00:37:350		1.51571e+07		-0.370987		5.144		531.215		6.96919e+06		528.294		
00:00:37:250		6.83493e+06		101.651		39.5008		4118.36		0.0496691		309.765			00:00:37:250		1.51579e+07		-0.369452		5.13269		531.212		6.96919e+06		528.294		
00:00:37:149		6.83493e+06		101.651		39.4746		4052.15		0.0493329		309.766			00:00:37:149		1.51586e+07		-0.367914		5.12109		531.206		6.9692e+06		528.3		
00:00:37:149		6.83493e+06		101.651		39.4746		4052.15		0.0493329		309.766			00:00:37:149		1.51586e+07		-0.367914		5.12109		531.206		6.9692e+06		528.3		
00:00:37:049		6.83494e+06		101.651		39.4746		4052.15		0.0493329		309.766			00:00:37:049		1.51594e+07		-0.366377		5.10971		531.203		6.9692e+06		528.301		
00:00:36:950		6.83494e+06		101.641		39.4482		3991.24		0.0489966		309.766			00:00:36:950		1.51602e+07		-0.36484		5.09819		531.199		6.96921e+06		528.304		
00:00:36:850		6.83494e+06		101.641		39.4482		3991.24		0.0489966		309.767			00:00:36:850		1.5161e+07		-0.363302		5.08681		531.195		6.96921e+06		528.305		
00:00:36:649		6.83495e+06		101.63		39.4218		3930.71		0.0486602		309.768			00:00:36:649		1.51626e+07		-0.360226		5.06392		531.188		6.96922e+06		528.307		
00:00:36:549		6.83495e+06		101.63		39.4218		3930.71		0.0486602		309.768			00:00:36:549		1.51633e+07		-0.358688		5.05246		531.184		6.96922e+06		528.309		
00:00:36:549		6.83495e+06		101.63		39.4218		3930.71		0.0486602		309.768			00:00:36:549		1.51633e+07		-0.358688		5.05246		531.184		6.96922e+06		528.309		
00:00:36:450		6.83495e+06		101.62		39.3954		3870.57		0.0483239		309.768			00:00:36:450		1.51641e+07		-0.35715		5.04114		531.18		6.96923e+06		528.311		
00:00:36:299		6.83496e+06		101.62		39.3954		3870.57		0.0483239		309.769			00:00:36:299		1.51653e+07		-0.354841		5.02387		531.173		6.96923e+06		528.313		
00:00:36:250		6.83496e+06		101.61		39.3954		3870.57		0.0483239		309.769			00:00:36:250		1.51657e+07		-0.354072		5.01809		531.171		6.96923e+06		528.313		
00:00:36:149		6.83496e+06		101.61		39.3692		3813.2		0.0479876		309.77			00:00:36:149		1.51665e+07		-0.352533		5.00678		531.166		6.96924e+06		528.313		
00:00:36:000		6.83497e+06		101.6		39.3692		3813.2		0.0479876		309.77			00:00:36:000		1.51676e+07		-0.350224		4.98954		531.158		6.96924e+06		528.318		
00:00:35:799		6.83497e+06		101.6		39.343		3756.21		0.0476512		309.771			00:00:35:799		1.51692e+07		-0.347145		4.96654		531.147		6.96925e+06		528.32		
00:00:35:799		6.83497e+06		101.6		39.343		3756.21		0.0476512		309.771			00:00:35:799		1.51692e+07		-0.347145		4.96654		531.147		6.96925e+06		528.32		
00:00:35:700		6.83497e+06		101.589		39.3169		3699.59		0.0473148		309.771			00:00:35:700		1.517e+07		-0.345605		4.95511		531.144		6.96925e+06		528.321		
00:00:35:500		6.83498e+06		101.579		39.3169		3699.59		0.0473148		309.772			00:00:35:500		1.51716e+07		-0.342525		4.93244		531.135		6.96926e+06		528.325		
00:00:35:500		6.83498e+06		101.579		39.3169		3699.59		0.0473148		309.772			00:00:35:500		1.51716e+07		-0.342525		4.93244		531.135		6.96926e+06		528.325		
00:00:35:299		6.83498e+06		101.579		39.2909		3640.98		0.0469783		309.773			00:00:35:299		1.51731e+07		-0.339444		4.90966		531.127		6.96926e+06		528.328		
00:00:35:299		6.83498e+06		101.579		39.2909		3640.98		0.0469783		309.773			00:00:35:299		1.51731e+07		-0.339444		4.90966		531.127		6.96926e+06		528.328		
00:00:35:250		6.83498e+06		101.569		39.2909		3640.98		0.0469783		309.773			00:00:35:250		1.51735e+07		-0.338674		4.90394		531.125		6.96927e+06		528.328		
00:00:35:149		6.83499e+06		101.569		39.2649		3580.43		0.0466419		309.774			00:00:35:149		1.51743e+07		-0.337132		4.8926		531.122		6.96927e+06		528.33		
00:00:35:049		6.83499e+06		101.569		39.2649		3580.43		0.0466419		309.774			00:00:35:049		1.51751e+07		-0.335592		4.88119		531.118		6.96927e+06		528.331		
00:00:34:950		6.83499e+06		101.558		39.239		3522.59		0.0463054		309.774			00:00:34:950		1.51759e+07		-0.33405		4.86983		531.116		6.96927e+06		528.331		
00:00:34:799		6.83499e+06		101.558		39.239		3522.59		0.0463054		309.775			00:00:34:799		1.5177e+07		-0.331738		4.85265		531.109		6.96928e+06		528.333		
00:00:34:750		6.83499e+06		101.548		39.239		3522.59		0.0463054		309.775			00:00:34:750		1.51774e+07		-0.330967		4.84695		531.107		6.96928e+06		528.334		
00:00:34:500		6.835e+06		101.537		39.2132		3465.14		0.0459689		309.776			00:00:34:500		1.51794e+07		-0.327111		4.81888		531.098		6.96929e+06		528.335		
00:00:34:500		6.835e+06		101.537		39.2132		3465.14		0.0459689		309.776			00:00:34:500		1.51794e+07		-0.327111		4.81888		531.098		6.96929e+06		528.335		
00:00:34:399		6.835e+06		101.537		39.1874		3405.79		0.0456324		309.777			00:00:34:399		1.51802e+07		-0.325569		4.80744		531.094		6.96929e+06		528.336		
00:00:34:299		6.835e+06		101.537		39.1874		3405.79		0.0456324		309.777			00:00:34:299		1.5181e+07		-0.324026		4.79614		531.091		6.96929e+06		528.336		
00:00:34:200		6.83500e+06		101.527		39.1617		3346.84		0.0452959		309.777			00:00:34:200		1.51818e+07		-0.322483		4.78472		531.087		6.96929e+06		528.343		
00:00:34:100		6.83501e+06		101.527		39.1617		3346.84		0.0452959		309.778			00:00:34:100		1.51825e+07		-0.32094		4.77338		531.081		6.96929e+06		528.349		
00:00:34:000		6.83501e+06		101.516		39.1617		3346.84		0.0452959		309.778			00:00:34:000		1.51833e+07		-0.319397		4.76205		531.078		6.9693e+06		528.354		
00:00:33:899		6.83501e+06		101.516		39.136		3290.55		0.0449593		309.778			00:00:33:899		1.51841e+07		-0.317854		4.75074		531.074		6.9693e+06		528.344		
00:00:33:799		6.83501e+06		101.516		39.136		3290.55		0.0449593		309.779			00:00:33:799		1.51849e+07		-0.316311		4.73963		531.07		6.9693e+06		528.344		
00:00:33:700		6.83501e+06		101.506		39.1104		3236.89		0.0446228		309.779			00:00:33:700		1.51857e+07		-0.314769		4.72834		531.067		6.9693e+06		528.345		
00:00:33:500		6.83501e+06		101.495		39.1104		3236.89		0.0446228		309.78			00:00:33:500		1.51872e+07		-0.311683		4.70569		531.057		6.9693e+06		528.346		
00:00:33:500		6.83501e+06		101.495		39.1104		3236.89		0.0446228		309.78			00:00:33:500		1.51872e+07		-0.311683		4.70569		531.057		6.9693e+06		528.346		
00:00:33:399		6.83501e+06		101.495		39.0848		3183.61		0.0442862		309.78			00:00:33:399		1.5188e+07		-0.31014		4.69456		531.052		6.96931e+06		528.346		
00:00:33:299		6.83501e+06		101.495		39.0848		3183.61		0.0442862		309.781			00:00:33:299		1.51888e+07		-0.308597		4.68332		531.048		6.96931e+06		528.349		
00:00:33:149		6.83501e+06		101.485		39.0593		3128.49		0.0439495		309.781			00:00:33:149		1.519e+07		-0.306282		4.66661		531.041		6.96931e+06		528.351		
00:00:33:049		6.83501e+06		101.485		39.0593		3128.49		0.0439495		309.782			00:00:33:049		1.51908e+07		-0.304739		4.65521		531.037		6.96931e+06		528.353		
00:00:33:000		6.83501e+06		101.474		39.0593		3128.49		0.0439495		309.782			00:00:33:000		1.51911e+07		-0.303967		4.6496		531.035		6.96931e+06		528.353		
00:00:32:850		6.83501e+06		101.474		39.0338		3073.76		0.0436129		309.782			00:00:32:850		1.51923e+07		-0.301652		4.63286		531.028		6.96931e+06		528.357		
00:00:32:750		6.83501e+06		101.463		39.0338		3073.76		0.0436129		309.783			00:00:32:750		1.51931e+07		-0.300107		4.62182		531.023		6.96931e+06		528.358		
00:00:32:649		6.83501e+06		101.463		39.0083		3021.6		0.0432762		309.783			00:00:32:649		1.51939e+07		-0.298563		4.61069		531.019		6.96932e+06		528.359		
00:00:32:450		6.83501e+06		101.453		38.9828		2967.65		0.0429396		309.784			00:00:32:450		1.51955e+07		-0.295474		4.58829		531.012		6.96932e+06		528.361		
00:00:32:450		6.83501e+06		101.453		38.9828		2967.65		0.0429396		309.784			00:00:32:450		1.51955e+07		-0.295474		4.58829		531.012		6.96932e+06		528.361		
00:00:32:350		6.83501e+06		101.453		38.9828		2967.65		0.0429396		309.784			00:00:32:350		1.51962e+07		-0.293929		4.57724		531.006		6.96932e+06		528.363		
00:00:32:250		6.83501e+06		101.442		38.9828		2967.65		0.0429396		309.785			00:00:32:250		1.5197e+07		-0.292384		4.56611		531.002		6.96932e+06		528.363		
00:00:32:149		6.83501e+06		101.442		38.9574		2914.09		0.0426028		309.785			00:00:32:149		1.51978e+07		-0.29084		4.55505		530.997		6.96932e+06		528.363		
00:00:32:049		6.83501e+06		101.442		38.9574		2914.09		0.0426028		309.785			00:00:32:049		1.51986e+07		-0.289295		4.54386		530.993		6.96932e+06		528.364		
00:00:31:949		6.83501e+06		101.431		38.9319		2863.06		0.0422661		309.786			00:00:31:949		1.51994e+07		-0.28775		4.53301		530.988		6.96932e+06		528.364		
00:00:31:850		6.83501e+06		101.431		38.9319		2863.06		0.0422661		309.786			00:00:31:850		1.52002e+07		-0.286205		4.52197		530.982		6.96932e+06		528.365		
00:00:31:750		6.83501e+06		101.421		38.9319		2863.06		0.0422661		309.787			00:00:31:750		1.52009e+07		-0.284661		4.51089		530.978		6.96932e+06		528.36		
00:00:31:649		6.83501e+06		101.421		38.9065		2810.3		0.0419294		309.787			00:00:31:649		1.52017e+07		-0.283116		4.49986		530.973		6.96932e+06		528.369		
00:00:31:550		6.83501e+06		101.421		38.9065		2810.3		0.0419294		309.787			00:00:31:550		1.52025e+07		-0.281572		4.48886		530.969		6.96932e+06		528.37		
00:00:31:449		6.83501e+06		101.41		38.8811		2757.93		0.0415926		309.788			00:00:31:449		1.52033e+07		-0.280027		4.47789		530.964		6.96932e+06		528.372		
00:00:31:350		6.83501e+06		101.41		38.8811		2757.93		0.0415926		309.788			00:00:31:350		1.52041e+07		-0.278483		4.46684		530.96		6.96932e+06		528.375		
00:00:31:250		6.83501e+06		101.399		38.8811		2757.93		0.0415926		309.788			00:00:31:250		1.52048e+07		-0.276938		4.45592		530.955		6.96932e+06		528.386		
00:00:31:149		6.835e+06		101.399		38.8556		2708.05		0.0412558		309.789			00:00:31:149		1.52056e+07		-0.275394		4.44508		530.951		6.96932e+06		528.365		
00:00:31:100		6.835e+06		101.399		38.8556		2708.05		0.0412558		309.789			00:00:31:100		1.52064e+07		-0.27385		4.43415		530.945		6.96932e+06		528.359		
00:00:30:949		6.835e+06		101.388		38.8304		2658.54		0.040919		309.789			00:00:30:949		1.52072e+07		-0.272305		4.42322		530.942		6.96932e+06		528.375		
00:00:30:850		6.835e+06		101.388		38.8304		2658.54		0.040919		309.79			00:00:30:850		1.5208e+07		-0.270761		4.41228		530.938		6.96932e+06		528.374		
00:00:30:750		6.835e+06		101.377		38.8304		2658.54		0.040919		309.79			00:00:30:750		1.52088e+07		-0.269217		4.40143		530.932		6.96932e+06		528.377		
00:00:30:750		6.835e+06		101.377		38.8304		2658.54		0.040919		309.79			00:00:30:750		1.52088e+07		-0.269217		4.40143		530.932		6.96932e+06		528.377		
00:00:30:550		6.835e+06		101.377		38.8054		2607.37		0.0405822		309.791			00:00:30:550		1.52103e+07		-0.26613		4.37992		530.923		6.96931e+06		528.38		
00:00:30:550		6.835e+06		101.377		38.8054		2607.37		0.0405822		309.791			00:00:30:550		1.52103e+07		-0.26613		4.37992		530.923		6.96931e+06		528.38		
00:00:30:449		6.835e+06		101.367		38.7807		2554.55		0.0402453		309.791			00:00:30:449		1.52111e+07		-0.264586		4.36907		530.918		6.96931e+06		528.381		
00:00:30:350		6.83499e+06		101.367		38.7807		2554.55		0.0402453		309.792			00:00:30:350		1.52123e+07		-0.262271		4.35259		530.91		6.96931e+06		528.382		
00:00:30:199		6.83499e+06		101.356		38.7561		2502.16		0.0399084		309.792			00:00:30:199		1.52131e+07		-0.260727		4.34197		530.907		6.96931e+06		528.384		
00:00:30:100		6.83499e+06		101.356		38.7561		2502.16		0.0399084		309.792			00:00:30:100		1.52138e+07		-0.259185		4.33128		530.901		6.96931e+06		528.384		
00:00:30:000		6.83499e+06		101.345		38.7561		2502.16		0.0399084		309.793			00:00:30:000		1.52146e+07		-0.257642		4.32066		530.898		6.96931e+06		528.387		
00:00:29:899		6.83498e+06		101.345		38.7318		2450.18		0.0395715		309.793			00:00:29:899		1.52154e+07		-0.256099		4.30944		530.892		6.96931e+06		528.388		
00:00:29:750		6.83498e+06		101.334		38.7318		2450.18		0.0395715		309.794			00:00:29:750		1.52166e+07		-0.253784		4.29364		530.883		6.9693e+06		528.388		
00:00:29:750		6.83498e+06		101.334		38.7318		2450.18		0.0395715		309.794			00:00:29:750		1.52166e+07		-0.253784		4.29364		530.883		6.9693e+06		528.388		
00:00:29:500		6.83498e+06		101.323		38.7076		2398.63		0.0392346		309.795			00:00:29:500		1.52185e+07		-0.249928		4.26713		530.87		6.9693e+06		528.389		
00:00:29:500		6.83498e+06		101.323		38.7076		2398.63		0.0392346		309.795			00:00:29:500		1.52185e+07		-0.249928		4.26713		530.87		6.9693e+06		528.389		
00:00:29:399		6.83497e+06		101.323		38.6837		2349.46		0.0388977		309.795			00:00:29:399		1.52193e+07		-0.248384		4.25644		530.865		6.9693e+06		528.385		
00:00:29:300		6.83497e+06		101.323		38.6837		2349.46		0.0388977		309.795			00:00:29:300		1.52201e+07		-0.246841		4.24573		530.859		6.9693e+06		528.394		
00:00:29:199		6.83497e+06		101.312		38.66		2300.7		0.0385607		309.796			00:00:29:199		1.52209e+07		-0.245298		4.23517		530.855		6.96929e+06		528.393		
00:00:29:100		6.83496e+06		101.312		38.66		2300.7		0.0385607		309.796			00:00:29:100		1.52216e+07		-0.243755		4.22457		530.85		6.96929e+06		528.393		
00:00:29:000		6.83496e+06		101.301		38.66		2300.7		0.0385607		309.796			00:00:29:000		1.52224e+07		-0.242211		4.21395		530.844		6.96929e+06		528.396		
00:00:28:899		6.83496e+06		101.301		38.6365		2252.35		0.0382237		309.797			00:00:28:899		1.52232e+07		-0.240668		4.20338		530.839		6.96929e+06		528.397		
00:00:28:800		6.83495e+06		101.301		38.6365		2252.35		0.0382237		309.797			00:00:28:800		1.52239e+07		-0.239125		4.19293		530.833		6.96928e+06		528.399		
00:00:28:699		6.83495e+06		101.29		38.6132		2206.34		0.0378867		309.797			00:00:28:699		1.52247e+07		-0.237582		4.18242		530.828		6.96928e+06		528.408		
00:00:28:500		6.83494e+06		101.279		38.6132		2206.34		0.0378867		309.798			00:00:28:500		1.52262e+07		-0.234499		4.16139		530.815		6.96928e+06		528.398		
00:00:28:500		6.83494e+06		101.279		38.6132		2206.34		0.0378867		309.798			00:00:28:500		1.52262e+07		-0.234499		4.16139		530.815		6.96928e+06		528.398		
00:00:28:399		6.83494e+06		101.279		38.5901		2160.72		0.0375497		309.798			00:00:28:399		1.5227e+07		-0.232958		4.15108		530.809		6.96927e+06		528.412		
00:00:28:300		6.83494e+06		101.279		38.5901		2160.72		0.0375497		309.798			00:00:28:300		1.52277e+07		-0.231419		4.14061		530.804		6.96927e+06		528.402		
00:00:28:199		6.83493e+06		101.267		38.5671		2115.5		0.0372126		309.799			00:00:28:199		1.52285e+07		-0.22988		4.13017		530.798		6.96927e+06		528.403		
00:00:28:100		6.83493e+06		101.267		38.5671		2115.5		0.0372126		309.799			00:00:28:100		1.52292e+07		-0.228343		4.11979		530.793		6.96927e+06		528.404		
00:00:28:000		6.83492e+06		101.256		38.5671		2115.5		0.0372126		309.799			00:00:28:000		1.523e+07		-0.226806		4.10936		530.787		6.96926e+06		528.406		
00:00:27:899		6.83492e+06		101.256		38.5444		2068.81		0.0368756		309.8			00:00:27:899		1.52307e+07		-0.22527		4.09914		530.782		6.96926e+06		528.406		
00:00:27:800		6.83492e+06		101.256		38.5444		2068.81		0.0368756		309.8			00:00:27:800		1.52315e+07		-0.223735		4.08882		530.776		6.96926e+06		528.407		
00:00:27:699		6.83491e+06		101.245		38.5219		2022.53		0.0365385		309.8			00:00:27:699		1.52323e+07		-0.2222		4.07859		530.771		6.96925e+06		528.408		
00:00:27:500		6.83490e+06		101.234		38.5219		2022.53		0.0365385		309.801			00:00:27:500		1.52338e+07		-0.219136		4.05801		530.762		6.96925e+06		528.409		
00:00:27:500		6.83490e+06		101.234		38.5219		2022.53		0.0365385		309.801			00:00:27:500		1.52338e+07		-0.219136		4.05801		530.762		6.96925e+06		528.409		
00:00:27:350		6.8349e+06		101.234		38.4996		1976.67		0.0362014		309.802			00:00:27:350		1.52349e+07		-0.21684		4.04253		530.752		6.96924e+06		528.409		
00:00:27:250		6.8349e+06		101.223		38.4996		1976.67		0.0362014		309.802			00:00:27:250		1.52357e+07		-0.215311		4.03248		530.747		6.96924e+06		528.414		
00:00:27:149		6.83489e+06		101.223		38.4774		1929.42		0.0358642		309.802			00:00:27:149		1.52364e+07		-0.213783		4.02226		530.741		6.96923e+06		528.413		
00:00:27:050		6.83488e+06		101.223		38.4774		1929.42		0.0358642		309.802			00:00:27:050		1.52372e+07		-0.212256		4.01232		530.736		6.96923e+06		528.413		
00:00:26:949		6.83488e+06		101.211		38.4555		1882.61		0.0355271		309.803			00:00:26:949		1.52379e+07		-0.21073		4.0022		530.729		6.96922e+06		528.414		
00:00:26:850		6.83487e+06		101.211		38.4555		1882.61		0.0355271		309.803			00:00:26:850		1.52387e+07		-0.209206		3.9921		530.723		6.96922e+06		528.414		
00:00:26:750		6.83487e+06		101.2		38.4555		1882.61		0.0355271		309.803			00:00:26:750		1.52394e+07		-0.207682		3.98186		530.718		6.96922e+06		528.414		
00:00:26:649		6.83486e+06		101.2		38.4337		1834.45		0.0351899		309.804			00:00:26:649		1.52402e+07		-0.20616		3.97196		530.71		6.96921e+06		528.416		
00:00:26:550		6.83486e+06		101.2		38.4337		1834.45		0.0351899		309.804			00:00:26:550		1.52409e+07		-0.20464		3.96193		530.705		6.96921e+06		528.416		
00:00:26:449		6.83486e+06		101.189		38.4121		1786.75		0.0348527		309.804			00:00:26:449		1.52417e+07		-0.20312		3.95194		530.699		6.9692e+06		528.427		
00:00:26:350		6.83485e+06		101.189		38.4121		1786.75		0.0348527		309.805			00:00:26:350		1.52424e+07		-0.201602		3.94187		530.694		6.9692e+06		528.43		
00:00:26:250		6.83484e+06		101.177		38.4121		1786.75		0.0348527		309.805			00:00:26:250		1.52432e+07		-0.200087		3.93206		530.688		6.96919e+06		528.419		
00:00:26:149		6.83484e+06		101.177		38.3908		1741.27		0.0345155		309.805			00:00:26:149		1.52439e+07		-0.198572		3.92213		530.684		6.96919e+06		528.412		
00:00:26:050		6.83483e+06		101.177		38.3908		1741.27		0.0345155		309.806			00:00:26:050		1.52447e+07		-0.19706		3.91233		530.679		6.96918e+06		528.419		
00:00:25:949		6.83483e+06		101.166		38.3698		1697.97		0.0341783		309.806			00:00:25:949		1.52454e+07		-0.195548		3.90254		530.673		6.96918e+06		528.419		
00:00:25:850		6.83482e+06		101.166		38.3698		1697.97		0.0341783		309.806			00:00:25:850		1.52462e+07		-0.194038		3.89274		530.668		6.96917e+06		528.421		
00:00:25:750		6.83482e+06		101.154		38.3698		1697.97		0.0341783		309.806			00:00:25:750		1.52469e+07		-0.19253		3.88283		530.662		6.96917e+06		528.422		
00:00:25:550		6.8348e+06		101.154		38.3492		1656.83		0.033841		309.807			00:00:25:550		1.52484e+07		-0.189518		3.86332		530.651		6.96916e+06		528.423		
00:00:25:449		6.8348e+06		101.143		38.3291		1614.43		0.0335037		309.807			00:00:25:449		1.52491e+07		-0.188015		3.8536		530.646		6.96915e+06		528.417		
00:00:25:449		6.8348e+06		101.143		38.3291		1614.43		0.0335037		309.807			00:00:25:449		1.52491e+07		-0.188015		3.8536		530.646		6.96915e+06		528.417		
00:00:25:350		6.83479e+06		101.143		38.3291		1614.43		0.0335037		309.808			00:00:25:350		1.52499e+07		-0.186513		3.84389		530.642		6.96915e+06		528.419		
00:00:25:250		6.83479e+06		101.143		38.3291		1614.43		0.0335037		309.808			00:00:25:250		1.52499e+07		-0.186513		3.84389		530.642		6.96915e+06		528.419		
00:00:25:250		6.83478e+06		101.131		38.3291		1614.43		0.0335037		309.808			00:00:25:250		1.52506e+07		-0.185012		3.83424		530.637		6.96914e+06		528.427		
00:00:25:050		6.83477e+06		101.131		38.3094		1572.45		0.0331664		309.808			00:00:25:050		1.52521e+07		-0.182015		3.81511		530.626		6.96913e+06		528.428		
00:00:25:050		6.83477e+06		101.131		38.3094		1572.45		0.0331664		309.808			00:00:25:050		1.52521e+07		-0.182015		3.81511		530.626		6.96913e+06		528.428		
00:00:24:949		6.83476e+06		101.12		38.2901		1529.26		0.0328291		309.809			00:00:24:949		1.52528e+07		-0.18052		3.80551		530.618		6.96912e+06		528.427		
00:00:24:850		6.83476e+06		101.12		38.2901		1529.26		0.0328291		309.809			00:00:24:850		1.52536e+07		-0.179027		3.7961		530.615		6.96912e+06		528.43		
00:00:24:750		6.83475e+06		101.108		38.2901		1529.26		0.0328291		309.809			00:00:24:750		1.52543e+07		-0.177535		3.78672		530.609		6.96911e+06		528.431		
00:00:24:550		6.83473e+06		101.097		38.2714		1484.88		0.0324918		309.81			00:00:24:550		1.52562e+07		-0.173812		3.763		530.594		6.9691e+06		528.435		
00:00:24:550		6.83473e+06		101.097		38.2714		1484.88		0.0324918		309.81			00:00:24:550		1.52562e+07		-0.173812		3.763		530.594		6.9691e+06		528.435		
00:00:24:399		6.83472e+06		101.097		38.253		1444.25		0.0321544		309.81			00:00:24:399		1.52569e+07		-0.172326		3.75368		530.589		6.96909e+06		528.437		
00:00:24:300		6.83472e+06		101.097		38.253		1444.25		0.0321544		309.811			00:00:24:300		1.52577e+07		-0.170842		3.74436		530.583		6.96908e+06		528.449		
00:00:24:250		6.83471e+06		101.085		38.253		1444.25		0.0321544		309.811			00:00:24:250		1.5258e+07		-0.1701		3.73991		530.58		6.96908e+06		528.45		
00:00:24:149		6.83471e+06		101.085		38.2351		1404.08		0.0318171		309.811			00:00:24:149		1.52588e+07		-0.168618		3.73062		530.574		6.96907e+06		528.434		
00:00:24:050		6.8347e+06		101.074		38.2351		1404.08		0.0318171		309.811			00:00:24:050		1.52599e+07		-0.1664		3.71661		530.567		6.96906e+06		528.449		
00:00:23:899		6.83469e+06		101.074		38.2176		1362.77		0.0314797		309.812			00:00:23:899		1.52606e+07		-0.164923		3.70749		530.561		6.96906e+06		528.437		
00:00:23:800		6.83468e+06		101.074		38.2176		1362.77		0.0314797		309.812			00:00:23:800		1.52613e+07		-0.163449		3.69834		530.556		6.96905e+06		528.436		
00:00:23:699		6.83468e+06		101.062		38.2006		1321.94		0.0311422		309.812			00:00:23:699		1.52621e+07		-0.161976		3.68936		530.55		6.96904e+06		528.43		
00:00:23:600		6.83466e+06		101.062		38.2006		1321.94		0.0311422		309.813			00:00:23:600		1.52628e+07		-0.160505		3.68034		530.545		6.96904e+06		528.439		
00:00:23:500		6.83466e+06		101.05		38.2006		1321.94		0.0311422		309.813			00:00:23:500		1.52635e+07		-0.159036		3.67111		530.539		6.96903e+06		528.44		
00:00:23:399		6.83465e+06		101.05		38.184		1283.14		0.0308048		309.813			00:00:23:399		1.52643e+07		-0.157569		3.66222		530.536		6.96902e+06		528.44		
00:00:23:199		6.83463e+06		101.039		38.1679		1244.82		0.0304673		309.814			00:00:23:199		1.52657e+07		-0.15464		3.64435		530.523		6.96901e+06		528.441		
00:00:23:199		6.83463e+06		101.039		38.1679		1244.82		0.0304673		309.814			00:00:23:199		1.52657e+07		-0.15464		3.64435		530.523		6.96901e+06		528.441		
00:00:23:100		6.83463e+06		101.039		38.1679		1244.82		0.0304673		309.814			00:00:23:100		1.52664e+07		-0.153178		3.63536		530.519		6.969e+06		528.441		
00:00:23:000		6.83462e+06		101.027		38.1679		1244.82		0.0304673		309.814			00:00:23:000		1.52672e+07		-0.151719		3.62641		530.513		6.96899e+06		528.44		
00:00:22:899		6.83461e+06		101.027		38.1522		1205.46		0.0301298		309.814			00:00:22:899		1.52679e+07		-0.15026		3.61771		530.51		6.96898e+06		528.436		
00:00:22:800		6.8346e+06		101.027		38.1522		1205.46		0.0301298		309.815			00:00:22:800		1.52686e+07		-0.148804		3.6089		530.504		6.96898e+06		528.445		
00:00:22:699		6.83459e+06		101.015		38.1369		1165.1		0.0297923		309.815			00:00:22:699		1.52693e+07		-0.14735		3.60028		530.497		6.96897e+06		528.444		
00:00:22:500		6.83457e+06		101.003		38.1369		1165.1		0.0297923		309.815			00:00:22:500		1.52708e+07		-0.144448		3.58263		530.486		6.96895e+06		528.445		
00:00:22:500		6.83457e+06		101.003		38.1369		1165.1		0.0297923		309.815			00:00:22:500		1.52708e+07		-0.144448		3.58263		530.486		6.96895e+06		528.445		
00:00:22:399		6.83457e+06		101.003		38.1221		1125.24		0.0294548		309.816			00:00:22:399		1.52715e+07		-0.143		3.5741		530.482		6.96895e+06		528.446		
00:00:22:300		6.83456e+06		101.003		38.1221		1125.24		0.0294548		309.816			00:00:22:300		1.52722e+07		-0.141552		3.56541		530.475		6.96894e+06		528.446		
00:00:22:199		6.83455e+06		100.991		38.1077		1088.83		0.0291173		309.816			00:00:22:199		1.52729e+07		-0.140106		3.55707		530.469		6.96893e+06		528.447		
00:00:22:100		6.83454e+06		100.991		38.1077		1088.83		0.0291173		309.816			00:00:22:100		1.52737e+07		-0.138662		3.54838		530.464		6.96892e+06		528.447		
00:00:22:000		6.83453e+06		100.98		38.1077		1088.83		0.0291173		309.817			00:00:22:000		1.52744e+07		-0.137219		3.53975		530.458		6.96891e+06		528.447		
00:00:21:899		6.83452e+06		100.98		38.0937		1054.35		0.0287797		309.817			00:00:21:899		1.52751e+07		-0.135777		3.53131		530.453		6.9689e+06		528.446		
00:00:21:800		6.83451e+06		100.98		38.0937		1054.35		0.0287797		309.817			00:00:21:800		1.52758e+07		-0.134336		3.52288		530.447		6.96889e+06		528.447		
00:00:21:699		6.8345e+06		100.968		38.0802		1018.94		0.0284421		309.817			00:00:21:699		1.52765e+07		-0.132897		3.5145		530.44		6.96889e+06		528.446		
00:00:21:600		6.83449e+06		100.968		38.0802		1018.94		0.0284421		309.818			00:00:21:600		1.52772e+07		-0.131459		3.50607		530.436		6.96888e+06		528.447		
00:00:21:500		6.83448e+06		100.956		38.0802		1018.94		0.0284421		309.818			00:00:21:500		1.5278e+07		-0.130021		3.49762		530.431		6.96887e+06		528.447		
00:00:21:399		6.83447e+06		100.956		38.0672		981.232		0.0281045		309.818			00:00:21:399		1.52787e+07		-0.128584		3.48927		530.425		6.96886e+06		528.446		
00:00:21:300		6.83446e+06		100.956		38.0672		981.232		0.0281045		309.818			00:00:21:300		1.52794e+07		-0.127148		3.48093		530.418		6.96885e+06		528.449		
00:00:21:199		6.83445e+06		100.944		38.0549		945.424		0.0277669		309.819			00:00:21:199		1.52801e+07		-0.125712		3.47278		530.414		6.96884e+06		528.449		
00:00:21:100		6.83444e+06		100.944		38.0549		945.424		0.0277669		309.819			00:00:21:100		1.52808e+07		-0.124279		3.46455		530.409		6.96883e+06		528.449		
00:00:21:000		6.83443e+06		100.932		38.0549		945.424		0.0277669		309.819			00:00:21:000		1.52815e+07		-0.122845		3.45634		530.403		6.96882e+06		528.449		
00:00:20:899		6.83442e+06		100.932		38.0433		911.532		0.0274293		309.819			00:00:20:899		1.52822e+07		-0.121413		3.44808		530.398		6.96881e+06		528.451		
00:00:20:800		6.83441e+06		100.932		38.0433		911.532		0.0274293		309.82			00:00:20:800		1.52829e+07		-0.119981		3.43995		530.392		6.9688e+06		528.451		
00:00:20:699		6.8344e+06		100.92		38.0325		878.138		0.0270916		309.82			00:00:20:699		1.52836e+07		-0.11855		3.43186		530.387		6.96879e+06		528.45		
00:00:20:600		6.83439e+06		100.92		38.0325		878.138		0.0270916		309.82			00:00:20:600		1.52847e+07		-0.116404		3.4198		530.377		6.96878e+06		528.45		
00:00:20:500		6.83438e+06		100.908		38.0325		878.138		0.0270916		309.82			00:00:20:500		1.5285e+07		-0.115689		3.4157		530.374		6.96877e+06		528.451		
00:00:20:350		6.83437e+06		100.908		38.0224		846.59		0.0267539		309.821			00:00:20:350		1.52861e+07		-0.113544		3.40356		530.366		6.96876e+06		528.451		
00:00:20:250		6.83436e+06		100.896		38.0224		846.59		0.0267539		309.821			00:00:20:250		1.52868e+07		-0.112115		3.39562		530.359		6.96875e+06		528.451		
00:00:20:149		6.83435e+06		100.896		38.013		814.265		0.0264162		309.821			00:00:20:149		1.52875e+07		-0.110685		3.38773		530.353		6.96874e+06		528.452		
00:00:20:050		6.83433e+06		100.896		38.013		814.265		0.0264162		309.821			00:00:20:050		1.52882e+07		-0.109256		3.37979		530.348		6.96873e+06		528.451		
00:00:19:949		6.83432e+06		100.884		38.0044		781.193		0.0260785		309.821			00:00:19:949		1.52889e+07		-0.107827		3.37196		530.342		6.96872e+06		528.451		
00:00:19:850		6.83431e+06		100.884		38.0044		781.193		0.0260785		309.822			00:00:19:850		1.52896e+07		-0.106397		3.36389		530.337		6.96871e+06		528.452		
00:00:19:750		6.8343e+06		100.872		38.0044		781.193		0.0260785		309.822			00:00:19:750		1.52903e+07		-0.104967		3.35604		530.331		6.9687e+06		528.451		
00:00:19:550		6.83428e+06		100.872		37.9965		749.925		0.0257408		309.822			00:00:19:550		1.52917e+07		-0.102107		3.34047		530.32		6.96868e+06		528.451		
00:00:19:449		6.83427e+06		100.859		37.9893		720.444		0.025403		309.822			00:00:19:449		1.52924e+07		-0.100675		3.33266		530.315		6.96867e+06		528.45		
00:00:19:449		6.83427e+06		100.859		37.9893		720.444		0.025403		309.822			00:00:19:449		1.52924e+07		-0.100675		3.33266		530.315		6.96867e+06		528.45		
00:00:19:350		6.83426e+06		100.859		37.9893		720.444		0.025403		309.823			00:00:19:350		1.52931e+07		-0.0992432		3.32506		530.309		6.96866e+06		528.449		
00:00:19:250		6.83425e+06		100.847		37.9893		720.444		0.025403		309.823			00:00:19:250		1.52938e+07		-0.0978098		3.31724		530.304		6.96864e+06		528.438		
00:00:19:149		6.83424e+06		100.847		37.9829		691.495		0.0250652		309.823			00:00:19:149		1.52945e+07		-0.0963755		3.30952		530.298		6.96863e+06		528.451		
00:00:19:149		6.83424e+06		100.847		37.9829		691.495		0.0250652		309.823			00:00:19:149		1.52945e+07		-0.0963755		3.30952		530.298		6.96863e+06		528.451		
00:00:19:050		6.83422e+06		100.847		37.9829		691.495		0.0250652		309.823			00:00:19:050		1.52952e+07		-0.0949407		3.30182		530.293		6.96862e+06		528.451		
00:00:18:949		6.83421e+06		100.835		37.9772		660.734		0.0247274		309.824			00:00:18:949		1.52959e+07		-0.0935044		3.29417		530.287		6.96861e+06		528.45		
00:00:18:850		6.8342e+06		100.835		37.9772		660.734		0.0247274		309.824			00:00:18:850		1.52966e+07		-0.0920668		3.28653		530.282		6.9686e+06		528.449		
00:00:18:750		6.83419e+06		100.823		37.9772		660.734		0.0247274		309.824			00:00:18:750		1.52973e+07		-0.0906272		3.27898		530.278		6.96859e+06		528.451		
00:00:18:500		6.83416e+06		100.811		37.9723		628.221		0.0243896		309.824			00:00:18:500		1.5299e+07		-0.0870214		3.25991		530.265		6.96856e+06		528.442		
00:00:18:500		6.83416e+06		100.811		37.9723		628.221		0.0243896		309.824			00:00:18:500		1.5299e+07		-0.0870214		3.25991		530.265		6.96856e+06		528.442		
00:00:18:399		6.83415e+06		100.811		37.9681		597.482		0.0240518		309.825			00:00:18:399		1.52997e+07		-0.0855751		3.25252		530.26		6.96855e+06		528.448		
00:00:18:300		6.83414e+06		100.811		37.9681		597.482		0.0240518		309.825			00:00:18:300		1.53004e+07		-0.0841274		3.24511		530.254		6.96854e+06		528.451		
00:00:18:100		6.83411e+06		100.798		37.9647		569.605		0.0237139		309.825			00:00:18:100		1.53018e+07		-0.081224		3.22984		530.241		6.96851e+06		528.451		
00:00:18:100		6.83411e+06		100.798		37.9647		569.605		0.0237139		309.825			00:00:18:100		1.53018e+07		-0.081224		3.22984		530.241		6.96851e+06		528.451		
00:00:18:000		6.8341e+06		100.786		37.9647		569.605		0.0237139		309.825			00:00:18:000		1.53025e+07		-0.0797687		3.22225		530.236		6.9685e+06		528.451		
00:00:17:899		6.83408e+06		100.786		37.962		542.344		0.023376		309.826			00:00:17:899		1.53032e+07		-0.0783105		3.21505		530.23		6.96849e+06		528.45		
00:00:17:800		6.83407e+06		100.786		37.962		542.344		0.023376		309.826			00:00:17:800		1.53039e+07		-0.0768499		3.20801		530.225		6.96848e+06		528.449		
00:00:17:699		6.83406e+06		100.774		37.96		515.661		0.0230382		309.826			00:00:17:699		1.53045e+07		-0.075386		3.20083		530.219		6.96846e+06		528.442		
00:00:17:600		6.83405e+06		100.774		37.96		515.661		0.0230382		309.826			00:00:17:600		1.53052e+07		-0.0739188		3.19283		530.214		6.96845e+06		528.449		
00:00:17:500		6.83403e+06		100.762		37.96		515.661		0.0230382		309.826			00:00:17:500		1.53059e+07		-0.0724478		3.18458		530.208		6.96844e+06		528.45		
00:00:17:399		6.83402e+06		100.762		37.9588		489.611		0.0227002		309.827			00:00:17:399		1.53066e+07		-0.0709734		3.17773		530.203		6.96843e+06		528.449		
00:00:17:300		6.83401e+06		100.762		37.9588		489.611		0.0227002		309.827			00:00:17:300		1.53073e+07		-0.0694957		3.17184		530.197		6.96842e+06		528.448		
00:00:17:199		6.83399e+06		100.749		37.9584		462.143		0.0223623		309.827			00:00:17:199		1.5308e+07		-0.0680137		3.16542		530.192		6.9684e+06		528.447		
00:00:17:100		6.83398e+06		100.749		37.9584		462.143		0.0223623		309.827			00:00:17:100		1.53087e+07		-0.0665278		3.15603		530.186		6.96839e+06		528.445		
00:00:17:000		6.83397e+06		100.737		37.9584		462.143		0.0223623		309.827			00:00:17:000		1.53094e+07		-0.0650387		3.14596		530.181		6.96838e+06		528.438		
00:00:16:899		6.83396e+06		100.737		37.959		436.311		0.0220243		309.827			00:00:16:899		1.53101e+07		-0.0635443		3.13921		530.175		6.96836e+06		528.445		
00:00:16:800		6.83394e+06		100.737		37.959		436.311		0.0220243		309.828			00:00:16:800		1.53108e+07		-0.0620456		3.13709		530.169		6.96835e+06		528.438		
00:00:16:699		6.83393e+06		100.724		37.9607		412.148		0.0216864		309.828			00:00:16:699		1.53115e+07		-0.0605431		3.13489		530.164		6.96834e+06		528.444		
00:00:16:500		6.83392e+06		100.724		37.9607		412.148		0.0216864		309.828			00:00:16:500		1.53122e+07		-0.0590353		3.13266		530.159		6.96833e+06		528.442		
00:00:16:500		6.8339e+06		100.712		37.9607		412.148		0.0216864		309.828			00:00:16:500		1.53129e+07		-0.0575223		3.13043		530.153		6.96831e+06		528.443		
00:00:16:399		6.83389e+06		100.712		37.9634		388.608		0.0213483		309.828			00:00:16:399		1.53136e+07		-0.0560045		3.12829		530.147		6.9683e+06		528.443		
00:00:16:300		6.83388e+06		100.712		37.9634		388.608		0.0213483		309.829			00:00:16:300		1.53143e+07		-0.0544815		3.12615		530.142		6.96829e+06		528.441		
00:00:16:199		6.83386e+06		100.7		37.9672		366.654		0.0210103		309.829			00:00:16:199		1.5315e+07		-0.0529528		3.12397		530.136		6.96827e+06		528.44		
00:00:16:100		6.83385e+06		100.7		37.9672		366.654		0.0210103		309.829			00:00:16:100		1.53157e+07		-0.0514193		3.12178		530.131		6.96826e+06		528.433		
00:00:16:000		6.83384e+06		100.687		37.9672		366.654		0.0210103		309.829			00:00:16:000		1.53164e+07		-0.0498796		3.1196		530.125		6.96825e+06		528.44		
00:00:15:900		6.83382e+06		100.687		37.972		344.463		0.0206723		309.829			00:00:15:900		1.53171e+07		-0.0483336		3.11745		530.12		6.96823e+06		528.438		
00:00:15:750		6.8338e+06		100.675		37.972		344.463		0.0206723		309.83			00:00:15:750		1.53182e+07		-0.0460043		3.11419		530.112		6.96821e+06		528.436		
00:00:15:550		6.83377e+06		100.675		37.9778		322.915		0.0203342		309.83			00:00:15:550		1.53196e+07		-0.0428772		3.10986		530.101		6.96819e+06		528.434		
00:00:15:449		6.83376e+06		100.662		37.9847		302.877		0.0199961		309.83			00:00:15:449		1.53203e+07		-0.0413032		3.10767		530.096		6.96817e+06		528.439		
00:00:15:449		6.83376e+06		100.662		37.9847		302.877		0.0199961		309.83			00:00:15:449		1.53203e+07		-0.0413032		3.10767		530.096		6.96817e+06		528.439		
00:00:15:349		6.83375e+06		100.662		37.9847		302.877		0.0199961		309.83			00:00:15:349		1.5321e+07		-0.0397229		3.10552		530.092		6.96816e+06		528.432		
00:00:15:250		6.83373e+06		100.65		37.9847		302.877		0.0199961		309.83			00:00:15:250		1.53217e+07		-0.0381365		3.10339		530.087		6.96814e+06		528.432		
00:00:15:150		6.83372e+06		100.65		37.9926		283.465		0.019658		309.831			00:00:15:150		1.53224e+07		-0.0365424		3.10117		530.083		6.96813e+06		528.431		
00:00:15:050		6.8337e+06		100.65		37.9926		283.465		0.019658		309.831			00:00:15:050		1.53232e+07		-0.0349417		3.09898		530.078		6.96812e+06		528.431		
00:00:14:949		6.83369e+06		100.637		38.0016		263.13		0.0193199		309.831			00:00:14:949		1.53239e+07		-0.0333323		3.09675		530.072		6.9681e+06		528.43		
00:00:14:849		6.83368e+06		100.637		38.0016		263.13		0.0193199		309.831			00:00:14:849		1.53246e+07		-0.0317159		3.09462		530.066		6.96809e+06		528.429		
00:00:14:750		6.83366e+06		100.625		38.0016		263.13		0.0193199		309.831			00:00:14:750		1.53253e+07		-0.0300918		3.09242		530.063		6.96807e+06		528.426		
00:00:14:650		6.83365e+06		100.625		38.0115		243.406		0.0189817		309.831			00:00:14:650		1.5326e+07		-0.0284605		3.0902		530.057		6.96806e+06		528.424		
00:00:14:550		6.83363e+06		100.625		38.0115		243.406		0.0189817		309.832			00:00:14:550		1.53268e+07		-0.0268207		3.08802		530.052		6.96805e+06		528.425		
00:00:14:449		6.83362e+06		100.612		38.0225		225.094		0.0186436		309.832			00:00:14:449		1.53275e+07		-0.0251732		3.08572		530.048		6.96803e+06		528.417		
00:00:14:349		6.8336e+06		100.612		38.0225		225.094		0.0186436		309.832			00:00:14:349		1.53282e+07		-0.0235176		3.0835		530.043		6.96802e+06		528.424		
00:00:14:349		6.8336e+06		100.612		38.0225		225.094		0.0186436		309.832			00:00:14:349		1.53282e+07		-0.0235176		3.0835		530.043		6.96802e+06		528.424		
00:00:14:250		6.83359e+06		100.599		38.0225		225.094		0.0186436		309.832			00:00:14:250		1.5329e+07		-0.0218539		3.08136		530.037		6.968e+06		528.422		
00:00:14:150		6.83358e+06		100.599		38.0345		207.346		0.0183054		309.832			00:00:14:150		1.53297e+07		-0.0201817		3.07914		530.031		6.96799e+06		528.422		
00:00:14:050		6.83356e+06		100.599		38.0345		207.346		0.0183054		309.832			00:00:14:050		1.53304e+07		-0.0185018		3.07684		530.026		6.96797e+06		528.42		
00:00:13:849		6.83354e+06		100.587		38.0474		191.534		0.0179672		309.833			00:00:13:849		1.53319e+07		-0.0151129		3.07238		530.017		6.96795e+06		528.417		
00:00:13:849		6.83354e+06		100.587		38.0474		191.534		0.0179672		309.833			00:00:13:849		1.53319e+07		-0.0151129		3.07238		530.017		6.96795e+06		528.417		
00:00:13:750		6.83351e+06		100.574		38.0614		180.175		0.0176289		309.833			00:00:13:750		1.5333e+07		-0.0125484		3.06906		530.011		6.96792e+06		528.414		
00:00:13:550		6.83349e+06		100.574		38.0614		180.175		0.0176289		309.833			00:00:13:550		1.53341e+07		-0.00996208		3.06566		530.006		6.9679e+06		528.414		
00:00:13:400		6.83347e+06		100.562		38.0767		172.456		0.0172907		309.833			00:00:13:400		1.53353e+07		-0.00735474		3.06234		529.997		6.96788e+06		528.412		
00:00:13:400		6.83347e+06		100.562		38.0767		172.456		0.0172907		309.833			00:00:13:400		1.53353e+07		-0.00735474		3.06234		529.997		6.96788e+06		528.412		
00:00:13:349		6.83346e+06		100.562		38.0767		172.456		0.0172907		309.833			00:00:13:349		1.53356e+07		-0.00648069		3.0612		529.995		6.96787e+06		528.4		
00:00:13:250		6.83345e+06		100.548		38.0767		164.379		0.0172907		309.834			00:00:13:250		1.53364e+07		-0.00472546		3.05889		529.991		6.96786e+06		528.412		
00:00:13:099		6.83342e+06		100.548		38.0947		164.379		0.0169524		309.834			00:00:13:099		1.53375e+07		-0.00207376		3.05556		529.984		6.96784e+06		528.411		
00:00:13:000		6.83341e+06		100.542		38.0947		164.379		0.0169524		309.834			00:00:13:000		1.53383e+07		-0.000294209		3.05336		529.98		6.96782e+06		528.41		
00:00:12:900		6.83339e+06		100.542		38.1116		155.966		0.0166141		309.834			00:00:12:900		1.53391e+07		0.0014925		3.05107		529.976		6.96781e+06		528.409		
00:00:12:800		6.83338e+06		100.542		38.1116		155.966		0.0166141		309.834			00:00:12:800		1.53398e+07		0.00328779		3.0487		529.973		6.96779e+06		528.408		
00:00:12:699		6.83336e+06		100.537		38.126		147.849		0.0162757		309.834			00:00:12:699		1.53406e+07		0.00509024		3.04649		529.969		6.96778e+06		528.406		
00:00:12:500		6.83333e+06		100.531		38.126		147.849		0.0162757		309.835			00:00:12:500		1.5342e+07		0.00843334		3.04253		529.962		6.96775e+06		528.403		
00:00:12:500		6.83333e+06		100.531		38.126		147.849		0.0162757		309.835			00:00:12:500		1.5342e+07		0.00843334		3.04253		529.962		6.96775e+06		528.403		
00:00:12:400		6.83332e+06		100.531		38.1377		140.571		0.0159374		309.835			00:00:12:400		1.53429e+07		0.00993109		3.04053		529.958		6.96773e+06		528.401		
00:00:12:300		6.8333e+06		100.531		38.1377		140.571		0.0159374		309.835			00:00:12:300		1.53438e+07		0.0114274		3.03864		529.954		6.96772e+06		528.4		
00:00:12:199		6.83329e+06		100.525		38.1467		133.58		0.015599		309.835			00:00:12:199		1.53446e+07		0.0129218		3.03664		529.952		6.9677e+06		528.397		
00:00:12:099		6.83327e+06		100.525		38.1467		133.58		0.015599		309.835			00:00:12:099		1.53455e+07		0.0144143		3.03471		529.947		6.96769e+06		528.397		
00:00:12:000		6.83326e+06		100.519		38.1467		133.58		0.015599		309.835			00:00:12:000		1.53463e+07		0.0159049		3.03274		529.945		6.96767e+06		528.394		
00:00:11:900		6.83324e+06		100.519		38.1528		126.325		0.0152606		309.835			00:00:11:900		1.53472e+07		0.0173941		3.03077		529.941		6.96766e+06		528.392		
00:00:11:800		6.83323e+06		100.519		38.1528		126.325		0.0152606		309.836			00:00:11:800		1.53481e+07		0.0188813		3.02887		529.939		6.96764e+06		528.384		
00:00:11:699		6.83321e+06		100.513		38.156		119.84		0.0149221		309.836			00:00:11:699		1.53489e+07		0.0203667		3.0269		529.936		6.96762e+06		528.391		
00:00:11:599		6.8332e+06		100.513		38.156		119.84		0.0149221		309.836			00:00:11:599		1.53498e+07		0.0218501		3.02496		529.934		6.96761e+06		528.387		
00:00:11:500		6.83318e+06		100.507		38.156		119.84		0.0149221		309.836			00:00:11:500		1.53507e+07		0.0233316		3.0231		529.93		6.96759e+06		528.384		
00:00:11:400		6.83316e+06		100.507		38.1562		114.1		0.0145837		309.836			00:00:11:400		1.53515e+07		0.0248117		3.02116		529.927		6.96758e+06		528.384		
00:00:11:300		6.83315e+06		100.507		38.1562		114.1		0.0145837		309.836			00:00:11:300		1.53524e+07		0.0262899		3.01926		529.925		6.96756e+06		528.379		
00:00:11:199		6.83313e+06		100.501		38.1532		108.144		0.0142452		309.836			00:00:11:199		1.53533e+07		0.0277667		3.01735		529.921		6.96754e+06		528.375		
00:00:11:099		6.83312e+06		100.501		38.1532		108.144		0.0142452		309.837			00:00:11:099		1.53542e+07		0.0292416		3.01541		529.919		6.96753e+06		528.374		
00:00:11:000		6.8331e+06		100.494		38.1532		108.144		0.0142452		309.837			00:00:11:000		1.5355e+07		0.0307145		3.01354		529.917		6.96751e+06		528.376		
00:00:10:900		6.83308e+06		100.494		38.147		101.99		0.0139067		309.837			00:00:10:900		1.53559e+07		0.032186		3.01171		529.916		6.96749e+06		528.373		
00:00:10:800		6.83307e+06		100.494		38.147		101.99		0.0139067		309.837			00:00:10:800		1.53568e+07		0.0336556		3.00984		529.914		6.96748e+06		528.369		
00:00:10:699		6.83305e+06		100.488		38.1375		95.6891		0.0135681		309.837			00:00:10:699		1.53577e+07		0.0351243		3.00801		529.91		6.96746e+06		528.36		
00:00:10:599		6.83304e+06		100.488		38.1375		95.6891		0.0135681		309.837			00:00:10:599		1.53585e+07		0.0365906		3.00606		529.908		6.96744e+06		528.363		
00:00:10:500		6.83302e+06		100.481		38.1375		95.6891		0.0135681		309.837			00:00:10:500		1.53594e+07		0.0380554		3.00423		529.906		6.96743e+06		528.374		
00:00:10:400		6.833e+06		100.481		38.1246		89.2575		0.0132296		309.837			00:00:10:400		1.53603e+07		0.0395188		3.00239		529.904		6.96741e+06		528.359		
00:00:10:300		6.83298e+06		100.481		38.1246		89.2575		0.0132296		309.837			00:00:10:300		1.53612e+07		0.0409808		3.00059		529.901		6.96739e+06		528.357		
00:00:10:199		6.83297e+06		100.474		38.108		83.1207		0.012891		309.837			00:00:10:199		1.53621e+07		0.0424409		2.99864		529.901		6.96737e+06		528.348		
00:00:10:099		6.83295e+06		100.474		38.108		83.1207		0.012891		309.838			00:00:10:099		1.53629e+07		0.0438995		2.99684		529.899		6.96735e+06		528.351		
00:00:09:949		6.83292e+06		100.467		38.0878		77.2734		0.0125523		309.838			00:00:09:949		1.53643e+07		0.0460854		2.99427		529.897		6.96733e+06		528.347		
00:00:09:849		6.83291e+06		100.467		38.0878		77.2734		0.0125523		309.838			00:00:09:849		1.53652e+07		0.0475402		2.9924		529.895		6.96731e+06		528.344		
00:00:09:750		6.83289e+06		100.46		38.0878		77.2734		0.0125523		309.838			00:00:09:750		1.53661e+07		0.0489936		2.99055		529.895		6.96729e+06		528.34		
00:00:09:650		6.83287e+06		100.46		38.0638		71.7109		0.0122137		309.838			00:00:09:650		1.5367e+07		0.050446		2.98873		529.893		6.96727e+06		528.335		
00:00:09:550		6.83285e+06		100.46		38.0638		71.7109		0.0122137		309.838			00:00:09:550		1.53679e+07		0.0518961		2.98687		529.893		6.96725e+06		528.324		
00:00:09:449		6.83283e+06		100.453		38.0358		66.4288		0.011875		309.838			00:00:09:449		1.53688e+07		0.0533462		2.98511		529.892		6.96723e+06		528.328		
00:00:09:349		6.83282e+06		100.453		38.0358		66.4288		0.011875		309.838			00:00:09:349		1.53697e+07		0.0547938		2.98331		529.892		6.96721e+06		528.324		
00:00:09:250		6.8328e+06		100.446		38.0358		66.4288		0.011875		309.838			00:00:09:250		1.53706e+07		0.0562401		2.98154		529.89		6.96719e+06		528.32		
00:00:09:150		6.83278e+06		100.446		38.0037		61.7264		0.0115363		309.838			00:00:09:150		1.53715e+07		0.0576859		2.97977		529.89		6.96717e+06		528.314		
00:00:09:050		6.83276e+06		100.446		38.0037		61.7264		0.0115363		309.838			00:00:09:050		1.53724e+07		0.0591292		2.97788		529.888		6.96715e+06		528.31		
00:00:08:949		6.83274e+06		100.438		37.9674		57.5813		0.0111976		309.839			00:00:08:949		1.53733e+07		0.0605712		2.97616		529.886		6.96713e+06		528.303		
00:00:08:849		6.83272e+06		100.438		37.9674		57.5813		0.0111976		309.839			00:00:08:849		1.53742e+07		0.0620117		2.97435		529.886		6.96711e+06		528.298		
00:00:08:750		6.8327e+06		100.43		37.9674		57.5813		0.0111976		309.839			00:00:08:750		1.53751e+07		0.0634508		2.97262		529.886		6.96709e+06		528.292		
00:00:08:650		6.83268e+06		100.43		37.9267		53.3962		0.0108588		309.839			00:00:08:650		1.5376e+07		0.064889		2.97086		529.886		6.96707e+06		528.285		
00:00:08:550		6.83267e+06		100.43		37.9267		53.3962		0.0108588		309.839			00:00:08:550		1.53769e+07		0.0663252		2.969		529.886		6.96705e+06		528.277		
00:00:08:449		6.83265e+06		100.423		37.8815		49.1826		0.0105201		309.839			00:00:08:449		1.53779e+07		0.0677605		2.96724		529.886		6.96702e+06		528.269		
00:00:08:449		6.83265e+06		100.423		37.8815		49.1826		0.0105201		309.839			00:00:08:449		1.53779e+07		0.0677605		2.96724		529.886		6.96702e+06		528.269		
00:00:08:349		6.83263e+06		100.423		37.8815		49.1826		0.0105201		309.839			00:00:08:349		1.53788e+07		0.0691938		2.9655		529.888		6.967e+06		528.263		
00:00:08:150		6.83258e+06		100.415		37.8315		45.2225		0.0101812		309.839			00:00:08:150		1.53807e+07		0.0720568		2.96204		529.888		6.96695e+06		528.257		
00:00:08:050		6.83256e+06		100.415		37.8315		45.2225		0.0101812		309.839			00:00:08:050		1.53816e+07		0.0734868		2.96019		529.89		6.96693e+06		528.235		
00:00:07:950		6.83254e+06		100.406		37.7766		41.286		0.00984241		309.839			00:00:07:950		1.53825e+07		0.0749154		2.95847		529.89		6.96691e+06		528.237		
00:00:07:849		6.83252e+06		100.406		37.7766		41.286		0.00984241		309.84			00:00:07:849		1.53835e+07		0.0763426		2.9567		529.892		6.96688e+06		528.229		
00:00:07:750		6.8325e+06		100.398		37.7766		41.286		0.00984241		309.84			00:00:07:750		1.53844e+07		0.0777688		2.95505		529.893		6.96686e+06		528.22		
00:00:07:650		6.83248e+06		100.398		37.7166		37.3819		0.00950354		309.84			00:00:07:650		1.53854e+07		0.0791936		2.95337		529.895		6.96683e+06		528.212		
00:00:07:549		6.83246e+06		100.398		37.7166		37.3819		0.00950354		309.84			00:00:07:549		1.53863e+07		0.0806174		2.9516		529.897		6.96681e+06		528.201		
00:00:07:450		6.83244e+06		100.389		37.6513		33.7434		0.00916464		309.84			00:00:07:450		1.53873e+07		0.0820403		2.94991		529.899		6.96678e+06		528.193		
00:00:07:450		6.83244e+06		100.389		37.6513		33.7434		0.00916464		309.84			00:00:07:450		1.53873e+07		0.0820403		2.94991		529.899		6.96678e+06		528.193		
00:00:07:349		6.83241e+06		100.389		37.6513		33.7434		0.00916464		309.84			00:00:07:349		1.53883e+07		0.0834618		2.94816		529.899		6.96675e+06		528.182		
00:00:07:250		6.83239e+06		100.381		37.6513		33.7434		0.00916464		309.84			00:00:07:250		1.53892e+07		0.0848818		2.94652		529.903		6.96673e+06		528.171		
00:00:07:150		6.83237e+06		100.381		37.5806		30.1833		0.00882571		309.84			00:00:07:150		1.53902e+07		0.0863013		2.9448		529.904		6.9667e+06		528.161		
00:00:07:049		6.83234e+06		100.381		37.5806		30.1833		0.00882571		309.841			00:00:07:049		1.53912e+07		0.0877199		2.94318		529.906		6.96667e+06		528.157		
00:00:06:900		6.83231e+06		100.372		37.5048		26.8751		0.00848675		309.841			00:00:06:900		1.53926e+07		0.0898457		2.94078		529.91		6.96663e+06		528.133		
00:00:06:799		6.83228e+06		100.372		37.5048		26.8751		0.00848675		309.841			00:00:06:799		1.53936e+07		0.0912609		2.93907		529.914		6.9666e+06		528.119		
00:00:06:599		6.83224e+06		100.362		37.4279		23.9922		0.00814776		309.841			00:00:06:599		1.53956e+07		0.0940881		2.93575		529.919		6.96654e+06		528.083		
00:00:06:599		6.83224e+06		100.362		37.4279		23.9922		0.00814776		309.841			00:00:06:599		1.53956e+07		0.0940881		2.93575		529.919		6.96654e+06		528.083		
00:00:06:500		6.83221e+06		100.353		37.4279		23.9922		0.00814776		309.842			00:00:06:500		1.53966e+07		0.0954986		2.93413		529.923		6.96651e+06		528.072		
00:00:06:400		6.83219e+06		100.353		37.3504		21.2061		0.00780873		309.842			00:00:06:400		1.53976e+07		0.096909		2.93257		529.925		6.96648e+06		528.063		
00:00:06:299		6.83216e+06		100.353		37.3504		21.2061		0.00780873		309.842			00:00:06:299		1.53986e+07		0.0983171		2.931		529.928		6.96645e+06		528.051		
00:00:06:200		6.83214e+06		100.343		37.2725		18.5217		0.00746968		309.842			00:00:06:200		1.53996e+07		0.0997238		2.92936		529.93		6.96642e+06		528.035		
00:00:06:099		6.83211e+06		100.343		37.2725		18.5217		0.00746968		309.843			00:00:06:099		1.54006e+07		0.101129		2.92777		529.934		6.96639e+06		528.024		
00:00:06:000		6.83209e+06		100.333		37.2725		18.5217		0.00746968		309.843			00:00:06:000		1.54017e+07		0.102533		2.92622		529.936		6.96636e+06		528.006		
00:00:05:900		6.83206e+06		100.333		37.1943		16.0839		0.00713059		309.843			00:00:05:900		1.54027e+07		0.103936		2.92463		529.939		6.96632e+06		527.989		
00:00:05:799		6.83203e+06		100.333		37.1943		16.0839		0.00713059		309.843			00:00:05:799		1.54038e+07		0.105338		2.92314		529.945		6.96629e+06		527.972		
00:00:05:700		6.83201e+06		100.323		37.1159		13.7793		0.00679146		309.844			00:00:05:700		1.54048e+07		0.106738		2.92177		529.952		6.96626e+06		527.953		
00:00:05:599		6.83198e+06		100.323		37.1159		13.7793		0.00679146		309.844			00:00:05:599		1.54059e+07		0.108136		2.92011		529.958		6.96622e+06		527.934		
00:00:05:500		6.83196e+06		100.313		37.1159		13.7793		0.00679146		309.844			00:00:05:500		1.54069e+07		0.109533		2.91859		529.963		6.96619e+06		527.913		
00:00:05:349		6.83192e+06		100.313		37.0374		11.7033		0.0064523		309.845			00:00:05:349		1.54085e+07		0.111625		2.91622		529.974		6.96613e+06		527.884		
00:00:05:250		6.83189e+06		100.302		37.0374		11.7033		0.0064523		309.845			00:00:05:250		1.54096e+07		0.113018		2.9148		529.982		6.9661e+06		527.862		
00:00:05:150		6.83187e+06		100.302		36.9597		9.86803		0.00611311		309.846			00:00:05:150		1.54107e+07		0.114409		2.91338		529.987		6.96606e+06		527.83		
00:00:05:049		6.83184e+06		100.302		36.9597		9.86803		0.00611311		309.846			00:00:05:049		1.54118e+07		0.115797		2.91192		529.995		6.96602e+06		527.819		
00:00:05:000		6.83183e+06		100.291		36.9597		9.86803		0.00611311		309.846			00:00:05:000		1.54123e+07		0.11649		2.91116		529.997		6.96601e+06		527.807		
00:00:04:900		6.8318e+06		100.291		36.8831		8.16981		0.00577388		309.847			00:00:04:900		1.54134e+07		0.117875		2.90976		530.004		6.96597e+06		527.776		
00:00:04:750		6.83176e+06		100.28		36.8831		8.16981		0.00577388		309.847			00:00:04:750		1.54151e+07		0.119946		2.90766		530.013		6.96591e+06		527.749		
00:00:04:650		6.83173e+06		100.28		36.8077		6.56569		0.00543461		309.848			00:00:04:650		1.54162e+07		0.121322		2.90624		530.019		6.96587e+06		527.718		
00:00:04:549		6.83171e+06		100.28		36.8077		6.56569		0.00543461		309.848			00:00:04:549		1.54173e+07		0.122695		2.90478		530.022		6.96584e+06		527.699		
00:00:04:450		6.83168e+06		100.269		36.7338		5.16901		0.0050953		309.849			00:00:04:450		1.54184e+07		0.124064		2.90342		530.028		6.9658e+06		527.673		
00:00:04:349		6.83166e+06		100.269		36.7338		5.16901		0.0050953		309.849			00:00:04:349		1.54195e+07		0.125431		2.90206		530.033		6.96576e+06		527.647		
00:00:04:250		6.83163e+06		100.257		36.7338		5.16901		0.0050953		309.85			00:00:04:250		1.54207e+07		0.126793		2.90072		530.037		6.96572e+06		527.618		
00:00:04:150		6.83161e+06		100.257		36.6624		4.04782		0.00475595		309.85			00:00:04:150		1.54218e+07		0.128151		2.89925		530.043		6.96568e+06		527.591		
00:00:04:049		6.83158e+06		100.257		36.6624		4.04782		0.00475595		309.851			00:00:04:049		1.5423e+07		0.129506		2.89781		530.05		6.96565e+06		527.562		
00:00:03:950		6.83156e+06		100.244		36.5941		2.99967		0.00441656		309.851			00:00:03:950		1.54241e+07		0.130856		2.89652		530.057		6.96561e+06		527.533		
00:00:03:850		6.83153e+06		100.244		36.5941		2.99967		0.00441656		309.852			00:00:03:850		1.54253e+07		0.132202		2.89512		530.065		6.96557e+06		527.503		
00:00:03:750		6.83151e+06		100.232		36.5941		2.99967		0.00441656		309.852			00:00:03:750		1.54264e+07		0.133544		2.89376		530.074		6.96553e+06		527.472		
00:00:03:649		6.83149e+06		100.232		36.5289		2.10748		0.00407712		309.853			00:00:03:649		1.54276e+07		0.134881		2.89242		530.081		6.9655e+06		527.442		
00:00:03:549		6.83147e+06		100.232		36.5289		2.10748		0.00407712		309.853			00:00:03:549		1.54288e+07		0.136214		2.891		530.089		6.96546e+06		527.411		
00:00:03:450		6.83145e+06		100.219		36.468		1.41355		0.00373764		309.854			00:00:03:450		1.543e+07		0.137539		2.88967		530.096		6.96542e+06		527.375		
00:00:03:350		6.83143e+06		100.219		36.468		1.41355		0.00373764		309.854			00:00:03:350		1.54312e+07		0.138858		2.88832		530.103		6.96539e+06		527.348		
00:00:03:250		6.83141e+06		100.205		36.468		1.41355		0.00373764		309.855			00:00:03:250		1.54324e+07		0.14017		2.88702		530.109		6.96535e+06		527.32		
00:00:03:250		6.83141e+06		100.205		36.468		1.41355		0.00373764		309.855			00:00:03:250		1.54324e+07		0.14017		2.88702		530.109		6.96535e+06		527.32		
00:00:03:049		6.83137e+06		100.205		36.4123		0.869729		0.00339812		309.856			00:00:03:049		1.54348e+07		0.142768		2.88421		530.122		6.96529e+06		527.262		
00:00:02:950		6.83135e+06		100.191		36.3623		0.484741		0.00305855		309.856			00:00:02:950		1.5436e+07		0.144055		2.88277		530.127		6.96525e+06		527.231		
00:00:02:950		6.83135e+06		100.191		36.3623		0.484741		0.00305855		309.856			00:00:02:950		1.5436e+07		0.144055		2.88277		530.127		6.96525e+06		527.231		
00:00:02:750		6.83132e+06		100.176		36.3623		0.484741		0.00305855		309.857			00:00:02:750		1.54383e+07		0.146615		2.87961		530.135		6.96519e+06		527.17		
00:00:02:750		6.83132e+06		100.176		36.3623		0.484741		0.00305855		309.857			00:00:02:750		1.54383e+07		0.146615		2.87961		530.135		6.96519e+06		527.17		
00:00:02:549		6.8313e+06		100.176		36.3193		0.229403		0.00271893		309.858			00:00:02:549		1.54407e+07		0.149171		2.87616		530.144		6.96514e+06		527.118		
00:00:02:399		6.83128e+06		100.161		36.2845		0.0784873		0.00237926		309.857			00:00:02:399		1.54427e+07		0.151094		2.87344		530.149		6.9651e+06		527.082		
00:00:02:399		6.83128e+06		100.161		36.2845		0.0784873		0.00237926		309.857			00:00:02:399		1.54427e+07		0.151094		2.87344		530.149		6.9651e+06		527.082		
00:00:02:299		6.83127e+06		100.161		36.2845		0.0784873		0.00237926		309.857			00:00:02:299		1.5444e+07		0.152376		2.87164		530.151		6.96508e+06		527.058		
00:00:02:200		6.83126e+06		100.145		36.2588		0.0137324		0.00203955		309.857			00:00:02:200		1.54455e+07		0.153649		2.87018		530.155		6.96505e+06		527.034		
00:00:02:100		6.83125e+06		100.145		36.2588		0.0137324		0.00203955		309.856			00:00:02:100		1.54469e+07		0.154903		2.86873		530.159		6.96503e+06		527.013		
00:00:02:000		6.83124e+06		100.128		36.2588		0.0137324		0.00203955		309.856			00:00:02:000		1.54484e+07		0.156125		2.8674		530.162		6.96501e+06		526.993		
00:00:01:899		6.83123e+06		100.128		36.2443		0		0.00169978		309.856			00:00:01:899		1.54498e+07		0.157301		2.86606		530.166		6.965e+06		526.973		
00:00:01:800		6.83122e+06		100.128		36.2443		0		0.00169978		309.856			00:00:01:800		1.54511e+07		0.158427		2.8647		530.169		6.96498e+06		526.954		
00:00:01:500		6.83122e+06		100.111		36.242		0		0.00135992		309.856			00:00:01:500		1.54522e+07		0.159505		2.86342		530.173		6.96496e+06		526.934		
00:00:01:500		6.8312e+06		100.093		36.242		0		0.00135992		309.856			00:00:01:500		1.54539e+07		0.161587		2.85862		530.181		6.96493e+06		526.901		
00:00:01:399		6.8312e+06		100.093		36.2547		0		0.00101998		309.856			00:00:01:399		1.54547e+07		0.16266		2.85483		530.182		6.96492e+06		526.888		
00:00:01:399		6.8312e+06		100.093		36.2547		0		0.00101998		309.856			00:00:01:399		1.54547e+07		0.16266		2.85483		530.182		6.96492e+06		526.888		
00:00:01:300		6.83119e+06		100.093		36.2547		0		0.00101998		309.855			00:00:01:300		1.54556e+07		0.163805		2.85077		530.188		6.96491e+06		526.873		
00:00:01:199		6.83119e+06		100.075		36.2845		0		0.000680022		309.853			00:00:01:199		1.5457e+07		0.16505		2.84727		530.19		6.96489e+06		526.859		
00:00:01:100		6.83118e+06		100.075		36.2845		0		0.000680022		309.849			00:00:01:100		1.5459e+07		0.166399		2.84406		530.193		6.96488e+06		526.847		
00:00:01:000		6.83118e+06		100.052		36.2845		0		0.000680022		309.845			00:00:01:000		1.54617e+07		0.167814		2.8403		530.197		6.96488e+06		526.837		
00:00:00:900		6.83118e+06		100.052		36.3441		0		0.000340068		309.841			00:00:00:900		1.54651e+07		0.169219		2.83745		530.199		6.96487e+06		526.83		
00:00:00:800		6.83118e+06		100.052		36.3441		0		0.000340068		309.838			00:00:00:800		1.54688e+07		0.170505		2.83774		530.203		6.96486e+06		526.826		
00:00:00:699		6.83118e+06		100.061		36.3831		0		0		309.835			00:00:00:699		1.54724e+07		0.171554		2.84366		530.204		6.96486e+06		526.823		
00:00:00:599		6.83117e+06		100.061		36.3831		0		0		309.835			00:00:00:599		1.54754e+07		0.172286		2.85145		530.208		6.96486e+06		526.822		
00:00:00:500		6.83117e+06		100.069		36.3831		0		0		309.837			00:00:00:500		1.54774e+07		0.172688		2.85323		530.21		6.96485e+06		526.822		
00:00:00:400		6.83117e+06		100.069		36.3834		0		0		309.841			00:00:00:400		1.54784e+07		0.17283		2.85058		530.214		6.96485e+06		526.824		
00:00:00:299		6.83116e+06		100.069		36.3834		0		0		309.846			00:00:00:299		1.54786e+07		0.17284		2.83568		530.217		6.96485e+06		526.825		
00:00:00:200		6.83116e+06		100.069		36.3837		0		0		309.846			00:00:00:200		1.54785e+07		0.17284		2.83572		530.219		6.96484e+06		526.825		
00:00:00:100		6.83116e+06		100.069		36.3837		0		0		309.846			00:00:00:100		1.54785e+07		0.17284		2.83572		530.221		6.96484e+06		526.821		
00:00:00:000		6.83115e+06		100.069		36.3837		0		0		309.846			00:00:00:000		1.54785e+07		0.17284		2.83571		530.225		6.96483e+06		526.826		
00:00:00:000		6.83115e+06		100.069		36.3837		0		0		309.846			00:00:00:000		1.54785e+07		0.17284		2.83571		530.225		6.96483e+06		526.826		
00:00:00:000		6.83115e+06		100.069		36.3837		0		0		309.846			00:00:00:000		1.54785e+07		0.17284		2.83571		530.225		6.96483e+06		526.826		
00:00:00:000		6.83115e+06		100.069		36.3837		0		0		309.846			00:00:00:000		1.54785e+07		0.17284		2.83571		530.225		6.96483e+06		526.826		
00:00:00:000		6.83115e+06		100.069		36.3837		0		0		309.846			00:00:00:000		1.54785e+07		0.17284		2.83571		530.225		6.96483e+06		526.826		
