	time 		rcpppzr	rcp054rcp007mnzoyout	rcv501std0102fvol	fwfrcp001gv	rcppmssga	msfsg(1)			time 		gpv001pnt10113ppntm	evf507ety101mpzoyout	chtcon(1)	chavg(1)	chlhsumpa	rcptavgn	
00:01:02:049		1.03677e+07		-5.75544		0		0		7.16787e+06		24.4726			00:01:02:049		7.1673e+06		114.633		68.3097		515238		0.53065		289.933		
00:01:01:950		1.03809e+07		-5.75068		0		0		7.16733e+06		14.8948			00:01:01:950		7.16683e+06		114.608		68.2567		514489		0.529974		289.941		
00:01:01:850		1.03941e+07		-5.74583		0.13837		0		7.16659e+06		0			00:01:01:850		7.16636e+06		114.608		68.2567		514489		0.529974		289.95		
00:01:01:649		1.04204e+07		-5.73587		0.41529		0		7.16522e+06		0			00:01:01:649		7.16529e+06		114.583		68.2027		513734		0.529297		289.969		
00:01:01:649		1.04204e+07		-5.73587		0.41529		0		7.16522e+06		0			00:01:01:649		7.16529e+06		114.583		68.2027		513734		0.529297		289.969		
00:01:01:549		1.04335e+07		-5.73076		0.553512		0		7.16477e+06		2.52123			00:01:01:549		7.16476e+06		114.583		68.2027		513734		0.529297		289.98		
00:01:01:450		1.04466e+07		-5.72556		0.691493		0		7.16447e+06		17.2249			00:01:01:450		7.16427e+06		114.558		68.1475		512951		0.528621		289.991		
00:01:01:350		1.04597e+07		-5.72027		0.829104		0		7.16418e+06		22.7735			00:01:01:350		7.16375e+06		114.558		68.1475		512951		0.528621		290.002		
00:01:01:250		1.04727e+07		-5.71489		0.96626		0		7.16378e+06		22.1393			00:01:01:250		7.16326e+06		114.533		68.1475		512951		0.528621		290.014		
00:01:01:149		1.04857e+07		-5.70942		1.10285		0		7.16322e+06		17.4386			00:01:01:149		7.16272e+06		114.533		68.0912		512183		0.527944		290.026		
00:01:01:049		1.04987e+07		-5.70387		1.23878		0		7.16249e+06		6.37867			00:01:01:049		7.1621e+06		114.533		68.0912		512183		0.527944		290.039		
00:01:00:899		1.05182e+07		-5.69537		1.44112		0		7.16133e+06		0			00:01:00:899		7.16121e+06		114.508		68.0336		511432		0.527268		290.06		
00:01:00:700		1.05441e+07		-5.68373		1.70721		0		7.16015e+06		9.24329			00:01:00:700		7.16e+06		114.483		67.9747		510679		0.526591		290.089		
00:01:00:649		1.05506e+07		-5.68076		1.77295		0		7.15993e+06		14.0714			00:01:00:649		7.1597e+06		114.483		67.9747		510679		0.526591		290.097		
00:01:00:649		1.05506e+07		-5.68076		1.77295		0		7.15993e+06		14.0714			00:01:00:649		7.1597e+06		114.483		67.9747		510679		0.526591		290.097		
00:01:00:549		1.05635e+07		-5.67475		1.90324		0		7.15948e+06		18.7207			00:01:00:549		7.15909e+06		114.483		67.9747		510679		0.526591		290.112		
00:01:00:450		1.05764e+07		-5.66866		2.03176		0		7.15895e+06		18.2719			00:01:00:450		7.15850e+06		114.458		67.9145		509910		0.525914		290.127		
00:01:00:350		1.05892e+07		-5.66248		2.15826		0		7.15829e+06		14.4303			00:01:00:350		7.15785e+06		114.458		67.9145		509910		0.525914		290.143		
00:01:00:250		1.0602e+07		-5.65622		2.28265		0		7.15753e+06		6.88095			00:01:00:250		7.15722e+06		114.433		67.9145		509910		0.525914		290.159		
00:01:00:149		1.06149e+07		-5.64987		2.40496		0		7.15677e+06		1.99027			00:01:00:149		7.15655e+06		114.433		67.8528		509125		0.525236		290.176		
00:01:00:049		1.06276e+07		-5.64342		2.52558		0		7.15609e+06		6.89431			00:01:00:049		7.15588e+06		114.433		67.8528		509125		0.525236		290.193		
00:00:59:950		1.06404e+07		-5.63688		2.64461		0		7.15547e+06		11.2878			00:00:59:950		7.15521e+06		114.408		67.7896		508341		0.524559		290.209		
00:00:59:850		1.06532e+07		-5.63025		2.76593		0		7.15486e+06		13.3934			00:00:59:850		7.15454e+06		114.408		67.7896		508341		0.524559		290.226		
00:00:59:750		1.06659e+07		-5.62352		2.88964		0		7.15423e+06		14.0924			00:00:59:750		7.15387e+06		114.384		67.7896		508341		0.524559		290.243		
00:00:59:649		1.06785e+07		-5.61669		3.01315		0		7.15355e+06		12.4835			00:00:59:649		7.15318e+06		114.384		67.7248		507572		0.523881		290.26		
00:00:59:549		1.06911e+07		-5.60976		3.13672		0		7.15284e+06		10.0693			00:00:59:549		7.1525e+06		114.384		67.7248		507572		0.523881		290.277		
00:00:59:450		1.07037e+07		-5.60275		3.25176		0		7.15213e+06		9.44356			00:00:59:450		7.15183e+06		114.359		67.6584		506786		0.523203		290.293		
00:00:59:350		1.07163e+07		-5.59564		3.36923		0		7.15143e+06		9.76592			00:00:59:350		7.15114e+06		114.359		67.6584		506786		0.523203		290.31		
00:00:59:250		1.07288e+07		-5.58843		3.47619		0		7.15077e+06		11.8811			00:00:59:250		7.15048e+06		114.334		67.6584		506786		0.523203		290.327		
00:00:59:149		1.07413e+07		-5.58114		3.5804		0		7.15011e+06		13.1219			00:00:59:149		7.14978e+06		114.334		67.5903		505984		0.522524		290.344		
00:00:59:049		1.07539e+07		-5.57376		3.68184		0		7.14947e+06		13.7555			00:00:59:049		7.14912e+06		114.334		67.5903		505984		0.522524		290.361		
00:00:58:950		1.07666e+07		-5.56629		3.78048		0		7.14881e+06		14.1326			00:00:58:950		7.14844e+06		114.309		67.5204		505200		0.521846		290.377		
00:00:58:850		1.07792e+07		-5.55871		3.87627		0		7.14815e+06		13.4277			00:00:58:850		7.1478e+06		114.309		67.5204		505200		0.521846		290.394		
00:00:58:750		1.07918e+07		-5.55104		3.96918		0		7.14749e+06		13.6639			00:00:58:750		7.14714e+06		114.284		67.5204		505200		0.521846		290.411		
00:00:58:750		1.07918e+07		-5.55104		3.96918		0		7.14749e+06		13.6639			00:00:58:750		7.14714e+06		114.284		67.5204		505200		0.521846		290.411		
00:00:58:649		1.08043e+07		-5.54328		4.05921		0		7.14686e+06		15.2044			00:00:58:649		7.14651e+06		114.284		67.4486		504413		0.521167		290.428		
00:00:58:549		1.08169e+07		-5.53542		4.14634		0		7.14626e+06		16.6988			00:00:58:549		7.14589e+06		114.284		67.4486		504413		0.521167		290.445		
00:00:58:450		1.08295e+07		-5.52746		4.23059		0		7.14568e+06		17.4015			00:00:58:450		7.14528e+06		114.259		67.3748		503594		0.520488		290.462		
00:00:58:350		1.0842e+07		-5.51938		4.31199		0		7.14508e+06		17.6779			00:00:58:350		7.14468e+06		114.259		67.3748		503594		0.520488		290.48		
00:00:58:250		1.08545e+07		-5.51119		4.39055		0		7.14448e+06		17.6685			00:00:58:250		7.14411e+06		114.234		67.3748		503594		0.520488		290.497		
00:00:58:100		1.08733e+07		-5.49867		4.5032		0		7.14364e+06		19.9503			00:00:58:100		7.14325e+06		114.234		67.2989		502777		0.519809		290.524		
00:00:58:000		1.08857e+07		-5.49019		4.57485		0		7.14312e+06		21.4953			00:00:58:000		7.14266e+06		114.21		67.2989		502777		0.519809		290.543		
00:00:57:799		1.09106e+07		-5.47289		4.71013		0		7.14205e+06		21.9657			00:00:57:799		7.14156e+06		114.21		67.2208		501975		0.51913		290.582		
00:00:57:700		1.09231e+07		-5.46407		4.77392		0		7.14151e+06		22.4825			00:00:57:700		7.14102e+06		114.185		67.1404		501139		0.51845		290.602		
00:00:57:700		1.09231e+07		-5.46407		4.77392		0		7.14151e+06		22.4825			00:00:57:700		7.14102e+06		114.185		67.1404		501139		0.51845		290.602		
00:00:57:549		1.09417e+07		-5.45065		4.86495		0		7.14074e+06		23.7142			00:00:57:549		7.14023e+06		114.185		67.1404		501139		0.51845		290.633		
00:00:57:450		1.09542e+07		-5.44157		4.92264		0		7.14025e+06		24.9081			00:00:57:450		7.13972e+06		114.16		67.0575		500306		0.51777		290.655		
00:00:57:350		1.09666e+07		-5.43239		4.97805		0		7.13978e+06		25.9666			00:00:57:350		7.13923e+06		114.16		67.0575		500306		0.51777		290.677		
00:00:57:350		1.09666e+07		-5.43239		4.97805		0		7.13978e+06		25.9666			00:00:57:350		7.13923e+06		114.16		67.0575		500306		0.51777		290.677		
00:00:57:250		1.0979e+07		-5.42313		5.0312		0		7.13933e+06		27.2864			00:00:57:250		7.13876e+06		114.135		67.0575		500306		0.51777		290.7		
00:00:57:149		1.09914e+07		-5.41379		5.0822		0		7.1389e+06		28.4885			00:00:57:149		7.1383e+06		114.135		66.9721		499435		0.517089		290.723		
00:00:57:049		1.10038e+07		-5.40438		5.13123		0		7.13848e+06		29.2307			00:00:57:049		7.13784e+06		114.135		66.9721		499435		0.517089		290.746		
00:00:56:950		1.10163e+07		-5.39492		5.17809		0		7.13808e+06		30.6992			00:00:56:950		7.1374e+06		114.11		66.8839		498452		0.516408		290.77		
00:00:56:700		1.10472e+07		-5.3711		5.28702		0		7.13719e+06		33.6795			00:00:56:700		7.13643e+06		114.085		66.7928		497389		0.515727		290.834		
00:00:56:700		1.10472e+07		-5.3711		5.28702		0		7.13719e+06		33.6795			00:00:56:700		7.13643e+06		114.085		66.7928		497389		0.515727		290.834		
00:00:56:500		1.10719e+07		-5.35193		5.36615		0		7.13655e+06		35.7776			00:00:56:500		7.13575e+06		114.06		66.7928		497389		0.515727		290.887		
00:00:56:500		1.10719e+07		-5.35193		5.36615		0		7.13655e+06		35.7776			00:00:56:500		7.13575e+06		114.06		66.7928		497389		0.515727		290.887		
00:00:56:399		1.10843e+07		-5.3423		5.40328		0		7.13627e+06		37.069			00:00:56:399		7.13541e+06		114.06		66.6987		496196		0.515046		290.915		
00:00:56:299		1.10966e+07		-5.33264		5.4388		0		7.136e+06		38.264			00:00:56:299		7.13511e+06		114.06		66.6987		496196		0.515046		290.944		
00:00:56:200		1.1109e+07		-5.32293		5.47276		0		7.13576e+06		39.3736			00:00:56:200		7.13483e+06		114.034		66.6014		494725		0.514363		290.973		
00:00:56:100		1.11213e+07		-5.31317		5.50529		0		7.13554e+06		40.7768			00:00:56:100		7.13456e+06		114.034		66.6014		494725		0.514363		291.002		
00:00:56:000		1.11337e+07		-5.30336		5.53651		0		7.13533e+06		42.0636			00:00:56:000		7.13431e+06		114.005		66.6014		494725		0.514363		291.033		
00:00:55:799		1.11583e+07		-5.28355		5.59506		0		7.135e+06		44.8565			00:00:55:799		7.13387e+06		114.005		66.5011		492939		0.513681		291.095		
00:00:55:700		1.11706e+07		-5.27355		5.62229		0		7.13486e+06		46.3357			00:00:55:700		7.13367e+06		113.972		66.3978		490857		0.512998		291.127		
00:00:55:700		1.11706e+07		-5.27355		5.62229		0		7.13486e+06		46.3357			00:00:55:700		7.13367e+06		113.972		66.3978		490857		0.512998		291.127		
00:00:55:549		1.11892e+07		-5.25843		5.66104		0		7.13468e+06		48.1145			00:00:55:549		7.1334e+06		113.972		66.3978		490857		0.512998		291.176		
00:00:55:500		1.11953e+07		-5.25336		5.67352		0		7.13462e+06		48.6519			00:00:55:500		7.13332e+06		113.93		66.3978		490857		0.512998		291.193		
00:00:55:399		1.12077e+07		-5.24317		5.69786		0		7.13452e+06		49.6499			00:00:55:399		7.13318e+06		113.93		66.292		488585		0.512314		291.227		
00:00:55:299		1.122e+07		-5.23292		5.72101		0		7.13444e+06		50.5995			00:00:55:299		7.13306e+06		113.93		66.292		488585		0.512314		291.261		
00:00:55:200		1.12324e+07		-5.2226		5.74272		0		7.13436e+06		51.5399			00:00:55:200		7.13294e+06		113.876		66.1847		486280		0.511629		291.296		
00:00:55:049		1.12509e+07		-5.20699		5.77368		0		7.13429e+06		53.0284			00:00:55:049		7.1328e+06		113.876		66.1847		486280		0.511629		291.349		
00:00:54:950		1.12633e+07		-5.1965		5.79323		0		7.13427e+06		54.1441			00:00:54:950		7.13274e+06		113.811		66.0765		483964		0.509697		291.384		
00:00:54:850		1.12757e+07		-5.18595		5.80793		0		7.13427e+06		55.2918			00:00:54:850		7.13268e+06		113.811		66.0765		483964		0.509697		291.422		
00:00:54:649		1.13005e+07		-5.16464		5.8493		0		7.13432e+06		57.7411			00:00:54:649		7.13261e+06		113.74		65.968		481631		0.507763		291.499		
00:00:54:649		1.13005e+07		-5.16464		5.8493		0		7.13432e+06		57.7411			00:00:54:649		7.13261e+06		113.74		65.968		481631		0.507763		291.499		
00:00:54:549		1.13129e+07		-5.1539		5.8645		0		7.13437e+06		59.0867			00:00:54:549		7.13259e+06		113.74		65.968		481631		0.507763		291.541		
00:00:54:450		1.13254e+07		-5.14309		5.8804		0		7.13444e+06		60.5805			00:00:54:450		7.13259e+06		113.67		65.859		479295		0.505827		291.584		
00:00:54:399		1.13316e+07		-5.13766		5.88882		0		7.13449e+06		61.3863			00:00:54:399		7.13259e+06		113.67		65.859		479295		0.505827		291.606		
00:00:54:299		1.13441e+07		-5.12677		5.90556		0		7.13459e+06		63.0525			00:00:54:299		7.1326e+06		113.67		65.859		479295		0.505827		291.65		
00:00:54:200		1.13566e+07		-5.11584		5.91982		0		7.13472e+06		64.779			00:00:54:200		7.13263e+06		113.599		65.7497		476958		0.503889		291.694		
00:00:54:049		1.13753e+07		-5.09937		5.93532		0		7.13495e+06		67.2365			00:00:54:049		7.1327e+06		113.599		65.7497		476958		0.503889		291.763		
00:00:54:000		1.13816e+07		-5.09387		5.94057		0		7.13503e+06		68.062			00:00:54:000		7.13273e+06		113.528		65.7497		476958		0.503889		291.786		
00:00:53:799		1.14065e+07		-5.07184		5.97053		0		7.1354e+06		70.84			00:00:53:799		7.13291e+06		113.528		65.6399		474620		0.501949		291.879		
00:00:53:649		1.14252e+07		-5.05529		5.98823		0		7.13571e+06		72.7155			00:00:53:649		7.13312e+06		113.457		65.5297		472262		0.500007		291.951		
00:00:53:649		1.14252e+07		-5.05529		5.98823		0		7.13571e+06		72.7155			00:00:53:649		7.13312e+06		113.457		65.5297		472262		0.500007		291.951		
00:00:53:549		1.14377e+07		-5.04424		5.99153		0		7.13596e+06		74.0067			00:00:53:549		7.13328e+06		113.457		65.5297		472262		0.500007		292		
00:00:53:450		1.14501e+07		-5.03318		5.99621		0		7.13623e+06		75.6763			00:00:53:450		7.13346e+06		113.386		65.4191		469887		0.498063		292.049		
00:00:53:350		1.14626e+07		-5.02209		6.01025		0		7.13655e+06		78.0696			00:00:53:350		7.13363e+06		113.386		65.4191		469887		0.498063		292.098		
00:00:53:350		1.14626e+07		-5.02209		6.01025		0		7.13655e+06		78.0696			00:00:53:350		7.13363e+06		113.386		65.4191		469887		0.498063		292.098		
00:00:53:149		1.14874e+07		-4.99982		6.04216		0		7.13733e+06		82.5813			00:00:53:149		7.13409e+06		113.315		65.3079		467493		0.496117		292.199		
00:00:53:149		1.14874e+07		-4.99982		6.04216		0		7.13733e+06		82.5813			00:00:53:149		7.13409e+06		113.315		65.3079		467493		0.496117		292.199		
00:00:53:049		1.14997e+07		-4.98863		6.03802		0		7.13779e+06		84.9421			00:00:53:049		7.13437e+06		113.315		65.3079		467493		0.496117		292.25		
00:00:52:850		1.15244e+07		-4.96614		6.03865		13.2884		7.13883e+06		89.6336			00:00:52:850		7.13504e+06		113.243		65.1963		465047		0.494168		292.355		
00:00:52:750		1.15368e+07		-4.95483		6.06683		22.0279		7.1394e+06		91.9378			00:00:52:750		7.13542e+06		113.172		65.1963		465047		0.494168		292.409		
00:00:52:649		1.15492e+07		-4.94349		6.08618		30.0021		7.14e+06		94.3891			00:00:52:649		7.13581e+06		113.172		65.0841		462586		0.492217		292.463		
00:00:52:649		1.15492e+07		-4.94349		6.08618		30.0021		7.14e+06		94.3891			00:00:52:649		7.13581e+06		113.172		65.0841		462586		0.492217		292.463		
00:00:52:549		1.15616e+07		-4.93211		6.07244		37.5827		7.14064e+06		96.6401			00:00:52:549		7.13623e+06		113.172		65.0841		462586		0.492217		292.518		
00:00:52:450		1.1574e+07		-4.9207		6.02921		44.933		7.14131e+06		98.9225			00:00:52:450		7.13672e+06		113.1		64.9715		460138		0.490264		292.572		
00:00:52:350		1.15863e+07		-4.90925		5.98444		51.9857		7.14201e+06		101.274			00:00:52:350		7.1372e+06		113.1		64.9715		460138		0.490264		292.627		
00:00:52:200		1.16048e+07		-4.89202		5.91399		62.0022		7.14314e+06		104.696			00:00:52:200		7.13803e+06		113.029		64.8584		457671		0.488309		292.711		
00:00:52:100		1.16172e+07		-4.88049		5.86612		68.2901		7.14394e+06		107.18			00:00:52:100		7.13858e+06		113.029		64.8584		457671		0.488309		292.767		
00:00:51:950		1.16356e+07		-4.86313		5.79491		77.7648		7.14521e+06		110.504			00:00:51:950		7.13953e+06		112.957		64.7449		455188		0.486351		292.853		
00:00:51:950		1.16356e+07		-4.86313		5.79491		77.7648		7.14521e+06		110.504			00:00:51:950		7.13953e+06		112.957		64.7449		455188		0.486351		292.853		
00:00:51:750		1.16601e+07		-4.83987		5.69552		89.766		7.14704e+06		115.436			00:00:51:750		7.14085e+06		112.885		64.7449		455188		0.486351		292.969		
00:00:51:750		1.16601e+07		-4.83987		5.69552		89.766		7.14704e+06		115.436			00:00:51:750		7.14085e+06		112.885		64.7449		455188		0.486351		292.969		
00:00:51:649		1.16723e+07		-4.82819		5.6425		95.4659		7.14802e+06		117.605			00:00:51:649		7.14159e+06		112.885		64.631		452668		0.484391		293.028		
00:00:51:549		1.16846e+07		-4.81648		5.59002		101.529		7.14904e+06		119.996			00:00:51:549		7.14236e+06		112.885		64.631		452668		0.484391		293.087		
00:00:51:450		1.16968e+07		-4.80474		5.53991		107.607		7.15009e+06		122.392			00:00:51:450		7.14314e+06		112.813		64.5168		450098		0.482428		293.147		
00:00:51:350		1.17089e+07		-4.79298		5.4909		113.286		7.15118e+06		124.844			00:00:51:350		7.14394e+06		112.813		64.5168		450098		0.482428		293.207		
00:00:51:200		1.17272e+07		-4.77527		5.41289		122.101		7.15291e+06		128.514			00:00:51:200		7.14525e+06		112.741		64.4023		447510		0.480463		293.298		
00:00:51:100		1.17393e+07		-4.76343		5.35769		128.637		7.15411e+06		130.776			00:00:51:100		7.14617e+06		112.741		64.4023		447510		0.480463		293.359		
00:00:50:799		1.17755e+07		-4.72776		5.20257		153.177		7.15799e+06		138.159			00:00:50:799		7.14922e+06		112.669		64.2874		444904		0.478495		293.545		
00:00:50:799		1.17755e+07		-4.72776		5.20257		153.177		7.15799e+06		138.159			00:00:50:799		7.14922e+06		112.669		64.2874		444904		0.478495		293.545		
00:00:50:700		1.17875e+07		-4.71583		5.14421		169.85		7.15937e+06		140.589			00:00:50:700		7.15026e+06		112.597		64.1721		442280		0.476524		293.607		
00:00:50:700		1.17875e+07		-4.71583		5.14421		169.85		7.15937e+06		140.589			00:00:50:700		7.15026e+06		112.597		64.1721		442280		0.476524		293.607		
00:00:50:600		1.17995e+07		-4.70389		5.07743		198.723		7.16077e+06		142.852			00:00:50:600		7.15128e+06		112.597		64.1721		442280		0.476524		293.671		
00:00:50:500		1.18115e+07		-4.69195		5.00911		242.456		7.16215e+06		145.077			00:00:50:500		7.15239e+06		112.525		64.1721		442280		0.476524		293.735		
00:00:50:399		1.18234e+07		-4.68		4.94785		289.657		7.1635e+06		147.207			00:00:50:399		7.15336e+06		112.525		64.0564		439620		0.474551		293.8		
00:00:50:299		1.18353e+07		-4.66805		4.89562		333.277		7.16481e+06		149.276			00:00:50:299		7.1544e+06		112.525		64.0564		439620		0.474551		293.865		
00:00:50:200		1.18472e+07		-4.65609		4.83958		370.807		7.16609e+06		151.589			00:00:50:200		7.15534e+06		112.452		63.9402		436927		0.472574		293.93		
00:00:50:100		1.18591e+07		-4.64417		4.77057		401.803		7.16734e+06		153.347			00:00:50:100		7.15625e+06		112.452		63.9402		436927		0.472574		293.995		
00:00:50:000		1.18708e+07		-4.63229		4.69844		426.828		7.16857e+06		155.317			00:00:50:000		7.15719e+06		112.38		63.9402		436927		0.472574		294.06		
00:00:49:899		1.18823e+07		-4.62039		4.63852		446.742		7.16976e+06		157.048			00:00:49:899		7.15814e+06		112.38		63.8236		434214		0.470595		294.126		
00:00:49:700		1.19052e+07		-4.59653		4.53813		471.634		7.17213e+06		160.868			00:00:49:700		7.15991e+06		112.307		63.7065		431484		0.468613		294.259		
00:00:49:700		1.19052e+07		-4.59653		4.53813		471.634		7.17213e+06		160.868			00:00:49:700		7.15991e+06		112.307		63.7065		431484		0.468613		294.259		
00:00:49:600		1.19167e+07		-4.58456		4.46835		474.726		7.17333e+06		162.861			00:00:49:600		7.16079e+06		112.307		63.7065		431484		0.468613		294.326		
00:00:49:500		1.19281e+07		-4.57255		4.37999		475.329		7.17453e+06		164.67			00:00:49:500		7.16173e+06		112.235		63.7065		431484		0.468613		294.394		
00:00:49:350		1.19452e+07		-4.55447		4.27396		476.163		7.17635e+06		167.427			00:00:49:350		7.16315e+06		112.235		63.5889		428735		0.466627		294.496		
00:00:49:250		1.19566e+07		-4.54237		4.23746		476.713		7.17758e+06		169.109			00:00:49:250		7.16406e+06		112.162		63.5889		428735		0.466627		294.565		
00:00:49:149		1.1968e+07		-4.53023		4.19297		477.251		7.17881e+06		171.05			00:00:49:149		7.16503e+06		112.162		63.4708		425951		0.464639		294.635		
00:00:49:049		1.19794e+07		-4.51805		4.11372		477.781		7.18005e+06		172.919			00:00:49:049		7.16597e+06		112.162		63.4708		425951		0.464639		294.704		
00:00:48:950		1.19908e+07		-4.50582		4.01391		478.303		7.1813e+06		174.896			00:00:48:950		7.16688e+06		112.089		63.3523		423149		0.462647		294.774		
00:00:48:750		1.20136e+07		-4.48126		3.91185		479.321		7.18381e+06		178.116			00:00:48:750		7.16889e+06		112.016		63.3523		423149		0.462647		294.914		
00:00:48:649		1.2025e+07		-4.46895		3.89711		479.815		7.18507e+06		179.716			00:00:48:649		7.16983e+06		112.016		63.2333		420311		0.460651		294.985		
00:00:48:649		1.2025e+07		-4.46895		3.89711		479.815		7.18507e+06		179.716			00:00:48:649		7.16983e+06		112.016		63.2333		420311		0.460651		294.985		
00:00:48:600		1.20307e+07		-4.46279		3.89116		480.061		7.1857e+06		180.517			00:00:48:600		7.17032e+06		112.016		63.2333		420311		0.460651		295.02		
00:00:48:450		1.20479e+07		-4.4443		3.8933		480.779		7.18758e+06		182.901			00:00:48:450		7.1718e+06		111.943		63.114		417439		0.458652		295.128		
00:00:48:350		1.20592e+07		-4.43197		3.90221		481.247		7.18882e+06		184.5			00:00:48:350		7.17276e+06		111.943		63.114		417439		0.458652		295.201		
00:00:48:250		1.20706e+07		-4.41963		3.91089		481.702		7.19006e+06		186.107			00:00:48:250		7.17372e+06		111.869		63.114		417439		0.458652		295.275		
00:00:48:200		1.20763e+07		-4.41347		3.91523		481.927		7.19068e+06		186.916			00:00:48:200		7.17419e+06		111.869		62.9943		414548		0.456649		295.312		
00:00:48:049		1.20933e+07		-4.39496		3.92865		482.596		7.19251e+06		189.313			00:00:48:049		7.1756e+06		111.869		62.9943		414548		0.456649		295.424		
00:00:48:000		1.20989e+07		-4.38878		3.9333		482.814		7.19311e+06		190.127			00:00:48:000		7.17606e+06		111.796		62.9943		411621		0.456649		295.462		
00:00:47:750		1.21268e+07		-4.35789		3.95608		483.885		7.19608e+06		194.299			00:00:47:750		7.17826e+06		111.722		62.8743		411621		0.454642		295.652		
00:00:47:649		1.21378e+07		-4.34554		3.9647		484.308		7.19723e+06		196.022			00:00:47:649		7.1791e+06		111.722		62.7538		408677		0.45263		295.729		
00:00:47:649		1.21378e+07		-4.34554		3.9647		484.308		7.19723e+06		196.022			00:00:47:649		7.1791e+06		111.722		62.7538		408677		0.45263		295.729		
00:00:47:549		1.21488e+07		-4.33318		3.97372		484.72		7.19837e+06		197.718			00:00:47:549		7.17991e+06		111.722		62.7538		408677		0.45263		295.806		
00:00:47:450		1.21597e+07		-4.32084		3.98315		485.134		7.19948e+06		199.435			00:00:47:450		7.1807e+06		111.649		62.6329		405696		0.450614		295.885		
00:00:47:350		1.21706e+07		-4.3085		3.99263		485.542		7.20058e+06		201.141			00:00:47:350		7.18147e+06		111.649		62.6329		405696		0.450614		295.964		
00:00:47:250		1.21815e+07		-4.29615		4.00158		485.939		7.20165e+06		202.738			00:00:47:250		7.18222e+06		111.575		62.6329		405696		0.450614		296.044		
00:00:47:149		1.21924e+07		-4.2838		4.01009		486.341		7.20269e+06		204.169			00:00:47:149		7.18297e+06		111.575		62.5116		402681		0.448593		296.124		
00:00:47:049		1.22032e+07		-4.27144		4.01895		486.733		7.2037e+06		205.51			00:00:47:049		7.18372e+06		111.575		62.5116		402681		0.448593		296.206		
00:00:46:950		1.2214e+07		-4.25908		4.02852		487.126		7.20468e+06		206.817			00:00:46:950		7.18444e+06		111.501		62.3898		399647		0.446568		296.289		
00:00:46:950		1.2214e+07		-4.25908		4.02852		487.126		7.20468e+06		206.817			00:00:46:950		7.18444e+06		111.501		62.3898		399647		0.446568		296.289		
00:00:46:750		1.22357e+07		-4.23432		4.04742		487.897		7.20652e+06		209.657			00:00:46:750		7.18573e+06		111.426		62.3898		399647		0.446568		296.457		
00:00:46:750		1.22357e+07		-4.23432		4.04742		487.897		7.20652e+06		209.657			00:00:46:750		7.18573e+06		111.426		62.3898		399647		0.446568		296.457		
00:00:46:649		1.22465e+07		-4.22192		4.05584		488.279		7.20739e+06		210.991			00:00:46:649		7.18631e+06		111.426		62.2675		396578		0.444537		296.542		
00:00:46:549		1.22574e+07		-4.20951		4.0643		488.658		7.20823e+06		212.375			00:00:46:549		7.18686e+06		111.426		62.2675		396578		0.444537		296.627		
00:00:46:450		1.22682e+07		-4.1971		4.07371		489.033		7.20903e+06		213.771			00:00:46:450		7.18738e+06		111.352		62.1447		393438		0.4425		296.714		
00:00:46:250		1.22898e+07		-4.1723		4.0934		489.776		7.21054e+06		216.674			00:00:46:250		7.18828e+06		111.277		62.1447		393438		0.4425		296.888		
00:00:46:149		1.23006e+07		-4.15991		4.10161		490.144		7.21123e+06		218.079			00:00:46:149		7.18867e+06		111.277		62.0214		390265		0.440457		296.977		
00:00:46:049		1.23113e+07		-4.14754		4.1093		490.504		7.21187e+06		219.478			00:00:46:049		7.18901e+06		111.277		62.0214		390265		0.440457		297.067		
00:00:45:950		1.2322e+07		-4.13519		4.11802		490.856		7.21246e+06		220.959			00:00:45:950		7.1893e+06		111.203		61.8976		387054		0.438408		297.159		
00:00:45:950		1.2322e+07		-4.13519		4.11802		490.856		7.21246e+06		220.959			00:00:45:950		7.1893e+06		111.203		61.8976		387054		0.438408		297.159		
00:00:45:750		1.23434e+07		-4.11059		4.13884		491.538		7.21351e+06		223.956			00:00:45:750		7.18969e+06		111.128		61.8976		387054		0.438408		297.346		
00:00:45:750		1.23434e+07		-4.11059		4.13884		491.538		7.21351e+06		223.956			00:00:45:750		7.18969e+06		111.128		61.8976		387054		0.438408		297.346		
00:00:45:649		1.23541e+07		-4.09834		4.14717		491.868		7.21397e+06		225.578			00:00:45:649		7.18982e+06		111.128		61.7734		383793		0.436352		297.439		
00:00:45:549		1.23647e+07		-4.08611		4.15381		492.194		7.21441e+06		227.353			00:00:45:549		7.18991e+06		111.128		61.7734		383793		0.436352		297.533		
00:00:45:299		1.23911e+07		-4.0556		4.17933		493.02		7.21558e+06		231.858			00:00:45:299		7.19006e+06		111.053		61.6487		380512		0.434289		297.773		
00:00:45:299		1.23911e+07		-4.0556		4.17933		493.02		7.21558e+06		231.858			00:00:45:299		7.19006e+06		111.053		61.6487		380512		0.434289		297.773		
00:00:45:200		1.24016e+07		-4.04339		4.18915		493.366		7.21591e+06		233.418			00:00:45:200		7.18999e+06		110.978		61.5238		377179		0.432219		297.871		
00:00:45:100		1.24121e+07		-4.03116		4.19565		493.717		7.21611e+06		234.977			00:00:45:100		7.18981e+06		110.978		61.5238		377179		0.432219		297.971		
00:00:45:000		1.24226e+07		-4.0189		4.20086		494.082		7.21621e+06		236.491			00:00:45:000		7.18953e+06		110.902		61.5238		377179		0.432219		298.072		
00:00:44:899		1.2433e+07		-4.00661		4.20961		494.449		7.21621e+06		237.994			00:00:44:899		7.18915e+06		110.902		61.3985		373793		0.430141		298.175		
00:00:44:700		1.24538e+07		-3.98187		4.23271		495.184		7.2159e+06		240.82			00:00:44:700		7.18815e+06		110.827		61.2731		370389		0.428055		298.384		
00:00:44:700		1.24538e+07		-3.98187		4.23271		495.184		7.2159e+06		240.82			00:00:44:700		7.18815e+06		110.827		61.2731		370389		0.428055		298.384		
00:00:44:600		1.24641e+07		-3.96942		4.23878		495.55		7.21563e+06		242.134			00:00:44:600		7.18756e+06		110.827		61.2731		370389		0.428055		298.49		
00:00:44:500		1.24744e+07		-3.95691		4.24356		495.912		7.2153e+06		243.387			00:00:44:500		7.18692e+06		110.751		61.2731		370389		0.428055		298.598		
00:00:44:399		1.24847e+07		-3.94436		4.25268		496.278		7.21493e+06		244.627			00:00:44:399		7.18627e+06		110.751		61.1475		366930		0.425959		298.709		
00:00:44:299		1.24949e+07		-3.93179		4.26395		496.643		7.21454e+06		246.069			00:00:44:299		7.18557e+06		110.751		61.1475		366930		0.425959		298.821		
00:00:44:200		1.25052e+07		-3.91923		4.27475		497.014		7.21414e+06		247.583			00:00:44:200		7.1848e+06		110.674		61.0218		363421		0.423855		298.936		
00:00:44:100		1.25154e+07		-3.90673		4.28308		497.402		7.21368e+06		249.131			00:00:44:100		7.18395e+06		110.674		61.0218		363421		0.423855		299.051		
00:00:44:000		1.25256e+07		-3.89432		4.28581		497.798		7.21314e+06		250.658			00:00:44:000		7.18303e+06		110.598		61.0218		363421		0.423855		299.169		
00:00:43:899		1.25357e+07		-3.88206		4.29104		498.211		7.21252e+06		252.188			00:00:43:899		7.18203e+06		110.598		60.896		359891		0.42174		299.288		
00:00:43:700		1.2556e+07		-3.85809		4.31544		499.077		7.211e+06		255.235			00:00:43:700		7.1797e+06		110.521		60.77		356291		0.419616		299.532		
00:00:43:700		1.2556e+07		-3.85809		4.31544		499.077		7.211e+06		255.235			00:00:43:700		7.1797e+06		110.521		60.77		356291		0.419616		299.532		
00:00:43:600		1.2566e+07		-3.8464		4.32122		499.534		7.2101e+06		256.623			00:00:43:600		7.17844e+06		110.521		60.77		356291		0.419616		299.657		
00:00:43:500		1.25761e+07		-3.83491		4.32301		500.002		7.20909e+06		257.829			00:00:43:500		7.17707e+06		110.444		60.77		356291		0.419616		299.784		
00:00:43:399		1.2586e+07		-3.82358		4.3282		500.488		7.20796e+06		258.401			00:00:43:399		7.1757e+06		110.444		60.644		352658		0.417481		299.913		
00:00:43:299		1.2596e+07		-3.81238		4.33932		500.988		7.2067e+06		258.952			00:00:43:299		7.17424e+06		110.444		60.644		352658		0.417481		300.044		
00:00:43:200		1.26059e+07		-3.80126		4.35324		501.508		7.20532e+06		259.379			00:00:43:200		7.17269e+06		110.367		60.5178		348985		0.415335		300.178		
00:00:43:100		1.26157e+07		-3.79019		4.35966		502.04		7.20382e+06		259.755			00:00:43:100		7.17108e+06		110.367		60.5178		348985		0.415335		300.311		
00:00:43:000		1.26255e+07		-3.77914		4.35684		502.593		7.20219e+06		260.464			00:00:43:000		7.16926e+06		110.289		60.5178		348985		0.415335		300.446		
00:00:42:899		1.26352e+07		-3.76807		4.3577		503.163		7.20044e+06		260.909			00:00:42:899		7.1673e+06		110.289		60.3916		345245		0.413177		300.583		
00:00:42:700		1.26545e+07		-3.74583		4.39278		504.356		7.19654e+06		261.642			00:00:42:700		7.16309e+06		110.211		60.2654		341450		0.411008		300.862		
00:00:42:700		1.26545e+07		-3.74583		4.39278		504.356		7.19654e+06		261.642			00:00:42:700		7.16309e+06		110.211		60.2654		341450		0.411008		300.862		
00:00:42:600		1.26641e+07		-3.73465		4.40059		504.974		7.19439e+06		262.331			00:00:42:600		7.16076e+06		110.211		60.2654		341450		0.411008		301.006		
00:00:42:500		1.26736e+07		-3.72343		4.3888		505.605		7.1921e+06		263.093			00:00:42:500		7.15824e+06		110.133		60.2654		341450		0.411008		301.152		
00:00:42:399		1.26831e+07		-3.71218		4.37972		506.251		7.18967e+06		261.6			00:00:42:399		7.15554e+06		110.133		60.1393		337586		0.408826		301.301		
00:00:42:250		1.26972e+07		-3.69522		4.41308		507.257		7.18578e+06		263.593			00:00:42:250		7.15159e+06		110.054		60.1393		337586		0.408826		301.529		
00:00:42:149		1.27066e+07		-3.68388		4.44226		507.951		7.18302e+06		263.794			00:00:42:149		7.1487e+06		110.054		60.0135		333669		0.406632		301.684		
00:00:42:049		1.27158e+07		-3.67251		4.43858		508.668		7.18011e+06		264.417			00:00:42:049		7.14566e+06		110.054		60.0135		333669		0.406632		301.842		
00:00:42:000		1.27205e+07		-3.66682		4.42312		509.034		7.17861e+06		264.631			00:00:42:000		7.14403e+06		109.976		59.8881		329716		0.404425		301.921		
00:00:41:750		1.27433e+07		-3.63836		4.42987		510.948		7.17054e+06		265.675			00:00:41:750		7.1356e+06		109.896		59.8881		329716		0.404425		302.326		
00:00:41:649		1.27524e+07		-3.62697		4.48454		511.753		7.16707e+06		265.957			00:00:41:649		7.13194e+06		109.896		59.7632		325692		0.402205		302.494		
00:00:41:649		1.27524e+07		-3.62697		4.48454		511.753		7.16707e+06		265.957			00:00:41:649		7.13194e+06		109.896		59.7632		325692		0.402205		302.494		
00:00:41:549		1.27614e+07		-3.61559		4.49026		512.572		7.16346e+06		266.738			00:00:41:549		7.12805e+06		109.896		59.7632		325692		0.402205		302.662		
00:00:41:450		1.27703e+07		-3.60423		4.42657		513.404		7.15971e+06		266.94			00:00:41:450		7.12412e+06		109.816		59.6388		321582		0.399971		302.831		
00:00:41:350		1.27792e+07		-3.59289		4.37784		514.249		7.15582e+06		267.185			00:00:41:350		7.12014e+06		109.816		59.6388		321582		0.399971		303.002		
00:00:41:250		1.27879e+07		-3.58158		4.42807		515.09		7.15178e+06		267.827			00:00:41:250		7.11591e+06		109.736		59.6388		321582		0.399971		303.174		
00:00:41:149		1.27966e+07		-3.57029		4.52825		515.932		7.14761e+06		268.073			00:00:41:149		7.11165e+06		109.736		59.5148		317383		0.397724		303.35		
00:00:41:149		1.27966e+07		-3.57029		4.52825		515.932		7.14761e+06		268.073			00:00:41:149		7.11165e+06		109.736		59.5148		317383		0.397724		303.35		
00:00:41:049		1.28052e+07		-3.55904		4.56585		516.771		7.14331e+06		268.152			00:00:41:049		7.10713e+06		109.736		59.5148		317383		0.397724		303.528		
00:00:40:950		1.28138e+07		-3.54783		4.45363		517.614		7.13887e+06		268.137			00:00:40:950		7.10267e+06		109.656		59.3914		313116		0.395464		303.706		
00:00:40:649		1.2839e+07		-3.51464		4.57253		520.192		7.12472e+06		268.602			00:00:40:649		7.08832e+06		109.575		59.2686		308795		0.39319		304.245		
00:00:40:649		1.2839e+07		-3.51464		4.57253		520.192		7.12472e+06		268.602			00:00:40:649		7.08832e+06		109.575		59.2686		308795		0.39319		304.245		
00:00:40:549		1.28473e+07		-3.50374		4.76472		521.129		7.11974e+06		268.699			00:00:40:549		7.08316e+06		109.575		59.2686		308795		0.39319		304.428		
00:00:40:450		1.28555e+07		-3.49292		4.95463		522.144		7.11461e+06		268.448			00:00:40:450		7.07794e+06		109.494		59.1463		304369		0.390903		304.612		
00:00:40:350		1.28636e+07		-3.48218		5.14254		523.273		7.10934e+06		268.372			00:00:40:350		7.07262e+06		109.494		59.1463		304369		0.390903		304.792		
00:00:40:250		1.28717e+07		-3.47155		5.32758		524.541		7.10395e+06		268.663			00:00:40:250		7.06718e+06		109.412		59.1463		304369		0.390903		304.973		
00:00:40:149		1.28796e+07		-3.461		5.50971		525.984		7.09844e+06		268.451			00:00:40:149		7.06156e+06		109.412		59.0247		299857		0.388602		305.155		
00:00:40:149		1.28796e+07		-3.461		5.50971		525.984		7.09844e+06		268.451			00:00:40:149		7.06156e+06		109.412		59.0247		299857		0.388602		305.155		
00:00:40:049		1.28875e+07		-3.45054		5.68815		527.611		7.09278e+06		268.786			00:00:40:049		7.05576e+06		109.412		59.0247		299857		0.388602		305.336		
00:00:39:950		1.28952e+07		-3.44018		5.86202		529.435		7.08697e+06		268.424			00:00:39:950		7.04994e+06		109.33		58.9036		295293		0.386289		305.517		
00:00:39:750		1.29105e+07		-3.41973		6.19664		533.519		7.07476e+06		267.525			00:00:39:750		7.03779e+06		109.246		58.9036		295293		0.386289		305.874		
00:00:39:649		1.29181e+07		-3.40965		6.35749		535.674		7.06829e+06		265.852			00:00:39:649		7.03144e+06		109.246		58.7832		290801		0.383963		306.05		
00:00:39:649		1.29181e+07		-3.40965		6.35749		535.674		7.06829e+06		265.852			00:00:39:649		7.03144e+06		109.246		58.7832		290801		0.383963		306.05		
00:00:39:500		1.29293e+07		-3.3947		6.58512		538.862		7.05803e+06		260.668			00:00:39:500		7.02198e+06		109.162		58.7832		290801		0.383963		306.308		
00:00:39:450		1.2933e+07		-3.38977		6.65267		539.87		7.05445e+06		255.263			00:00:39:450		7.0193e+06		109.162		58.6632		287095		0.381625		306.393		
00:00:39:299		1.29439e+07		-3.37513		6.72353		542.539		7.04327e+06		240.194			00:00:39:299		7.0118e+06		109.162		58.6632		287095		0.381625		306.637		
00:00:39:200		1.29511e+07		-3.36551		6.70866		543.849		7.03556e+06		230.098			00:00:39:200		7.00599e+06		109.073		58.5435		284021		0.379277		306.795		
00:00:39:100		1.29581e+07		-3.35603		6.69404		544.643		7.02748e+06		220.447			00:00:39:100		7.00002e+06		109.073		58.5435		284021		0.379277		306.948		
00:00:39:049		1.29616e+07		-3.35133		6.68634		544.808		7.02323e+06		216.409			00:00:39:049		6.99649e+06		109.073		58.5435		284021		0.379277		307.022		
00:00:38:899		1.29717e+07		-3.33739		6.66381		544.256		7.00976e+06		202.903			00:00:38:899		6.98573e+06		108.971		58.4228		280878		0.376918		307.234		
00:00:38:700		1.29847e+07		-3.31895		6.63537		541.29		6.99076e+06		182.212			00:00:38:700		6.97016e+06		108.935		58.3008		277719		0.37455		307.492		
00:00:38:700		1.29847e+07		-3.31895		6.63537		541.29		6.99076e+06		182.212			00:00:38:700		6.97016e+06		108.935		58.3008		277719		0.37455		307.492		
00:00:38:600		1.29912e+07		-3.30976		6.62094		539.553		6.98126e+06		174.28			00:00:38:600		6.96241e+06		108.935		58.3008		277719		0.37455		307.611		
00:00:38:500		1.29977e+07		-3.30061		6.60696		538.217		6.97225e+06		165.856			00:00:38:500		6.95488e+06		108.898		58.3008		277719		0.37455		307.721		
00:00:38:399		1.30042e+07		-3.29154		6.59348		537.374		6.96429e+06		164.493			00:00:38:399		6.94814e+06		108.898		58.1776		274563		0.372175		307.821		
00:00:38:299		1.30106e+07		-3.28253		6.58023		536.978		6.95819e+06		199.374			00:00:38:299		6.93905e+06		108.898		58.1776		274563		0.372175		307.912		
00:00:38:200		1.30169e+07		-3.2736		6.56763		536.949		6.95453e+06		307.729			00:00:38:200		6.91661e+06		108.861		58.0531		271425		0.369794		307.992		
00:00:38:100		1.30231e+07		-3.26472		6.55525		537.063		6.95277e+06		420.205			00:00:38:100		6.8712e+06		108.861		58.0531		271425		0.369794		308.06		
00:00:38:000		1.30293e+07		-3.25589		6.54366		537.152		6.9521e+06		472.144			00:00:38:000		6.85194e+06		108.823		58.0531		271425		0.369794		308.118		
00:00:37:899		1.30353e+07		-3.24709		6.53218		537.176		6.95218e+06		517.2			00:00:37:899		6.8282e+06		108.823		57.9272		268289		0.367408		308.165		
00:00:37:700		1.30473e+07		-3.22956		6.51021		537.161		6.95291e+06		541.503			00:00:37:700		6.81086e+06		108.785		57.8		265172		0.36502		308.228		
00:00:37:700		1.30473e+07		-3.22956		6.51021		537.161		6.95291e+06		541.503			00:00:37:700		6.81086e+06		108.785		57.8		265172		0.36502		308.228		
00:00:37:600		1.30532e+07		-3.22081		6.50129		537.152		6.95312e+06		535.167			00:00:37:600		6.81447e+06		108.785		57.8		265172		0.36502		308.247		
00:00:37:500		1.30591e+07		-3.21206		6.49398		537.141		6.95328e+06		531.137			00:00:37:500		6.81697e+06		108.748		57.8		265172		0.36502		308.26		
00:00:37:399		1.3065e+07		-3.20331		6.48979		537.132		6.95342e+06		531.189			00:00:37:399		6.81786e+06		108.748		57.6717		262074		0.362631		308.269		
00:00:37:299		1.30709e+07		-3.19454		6.48697		537.121		6.95356e+06		531.26			00:00:37:299		6.81798e+06		108.748		57.6717		262074		0.362631		308.276		
00:00:37:200		1.30768e+07		-3.18575		6.48422		537.111		6.9537e+06		531.29			00:00:37:200		6.81809e+06		108.709		57.5423		258962		0.360242		308.282		
00:00:37:100		1.30827e+07		-3.17695		6.48143		537.103		6.95383e+06		531.336			00:00:37:100		6.8182e+06		108.709		57.5423		258962		0.360242		308.289		
00:00:37:000		1.30886e+07		-3.16813		6.47861		537.094		6.95397e+06		531.397			00:00:37:000		6.81831e+06		108.671		57.5423		258962		0.360242		308.295		
00:00:36:899		1.30945e+07		-3.1593		6.47574		537.087		6.9541e+06		531.433			00:00:36:899		6.81842e+06		108.671		57.4119		255852		0.357852		308.302		
00:00:36:799		1.31005e+07		-3.15045		6.47293		537.08		6.95422e+06		531.481			00:00:36:799		6.81852e+06		108.671		57.4119		255852		0.357852		308.309		
00:00:36:700		1.31064e+07		-3.14158		6.47007		537.071		6.95434e+06		531.525			00:00:36:700		6.81862e+06		108.632		57.2805		252762		0.355462		308.315		
00:00:36:600		1.31153e+07		-3.12826		6.46573		537.06		6.95452e+06		531.57			00:00:36:600		6.81877e+06		108.632		57.2805		252762		0.355462		308.325		
00:00:36:450		1.31213e+07		-3.11935		6.46284		537.052		6.95463e+06		531.585			00:00:36:450		6.81888e+06		108.593		57.1479		249657		0.35307		308.332		
00:00:36:350		1.31273e+07		-3.11043		6.45994		537.042		6.95473e+06		531.589			00:00:36:350		6.81898e+06		108.593		57.1479		249657		0.35307		308.338		
00:00:36:250		1.31333e+07		-3.1015		6.45703		537.032		6.95483e+06		531.587			00:00:36:250		6.81908e+06		108.554		57.1479		249657		0.35307		308.345		
00:00:36:149		1.31393e+07		-3.09255		6.45411		537.023		6.95495e+06		531.616			00:00:36:149		6.8192e+06		108.554		57.0142		246574		0.350679		308.351		
00:00:36:100		1.31423e+07		-3.08806		6.45268		537.018		6.95501e+06		531.64			00:00:36:100		6.81926e+06		108.554		57.0142		246574		0.350679		308.354		
00:00:36:000		1.31483e+07		-3.07909		6.44968		537.007		6.95515e+06		531.674			00:00:36:000		6.81937e+06		108.515		57.0142		246574		0.350679		308.361		
00:00:35:750		1.31633e+07		-3.05658		6.44221		536.976		6.95547e+06		531.798			00:00:35:750		6.81965e+06		108.475		56.8793		243526		0.348286		308.377		
00:00:35:649		1.31694e+07		-3.04755		6.43927		536.965		6.9556e+06		531.819			00:00:35:649		6.81977e+06		108.475		56.7431		240482		0.345893		308.383		
00:00:35:649		1.31694e+07		-3.04755		6.43927		536.965		6.9556e+06		531.819			00:00:35:649		6.81977e+06		108.475		56.7431		240482		0.345893		308.383		
00:00:35:549		1.31754e+07		-3.0385		6.43635		536.949		6.95573e+06		531.857			00:00:35:549		6.81988e+06		108.475		56.7431		240482		0.345893		308.389		
00:00:35:450		1.31815e+07		-3.02943		6.43327		536.934		6.95586e+06		531.89			00:00:35:450		6.81999e+06		108.435		56.6056		237424		0.3435		308.396		
00:00:35:350		1.31875e+07		-3.02035		6.4302		536.92		6.95599e+06		531.933			00:00:35:350		6.8201e+06		108.435		56.6056		237424		0.3435		308.402		
00:00:35:250		1.31936e+07		-3.01126		6.4272		536.907		6.95612e+06		531.971			00:00:35:250		6.82021e+06		108.395		56.6056		237424		0.3435		308.409		
00:00:35:149		1.31997e+07		-3.00214		6.42405		536.891		6.95624e+06		532.018			00:00:35:149		6.82032e+06		108.395		56.4667		234370		0.341105		308.415		
00:00:35:049		1.32058e+07		-2.99301		6.42094		536.878		6.95637e+06		532.058			00:00:35:049		6.82043e+06		108.395		56.4667		234370		0.341105		308.421		
00:00:34:950		1.32119e+07		-2.98386		6.41779		536.863		6.9565e+06		532.085			00:00:34:950		6.82054e+06		108.355		56.3263		231354		0.33871		308.427		
00:00:34:750		1.32241e+07		-2.96551		6.41149		536.836		6.95675e+06		532.152			00:00:34:750		6.82075e+06		108.314		56.3263		231354		0.33871		308.44		
00:00:34:750		1.32241e+07		-2.96551		6.41149		536.836		6.95675e+06		532.152			00:00:34:750		6.82075e+06		108.314		56.3263		231354		0.33871		308.44		
00:00:34:649		1.32302e+07		-2.95631		6.40828		536.822		6.95687e+06		532.203			00:00:34:649		6.82086e+06		108.314		56.1845		228324		0.336314		308.446		
00:00:34:649		1.32302e+07		-2.95631		6.40828		536.822		6.95687e+06		532.203			00:00:34:649		6.82086e+06		108.314		56.1845		228324		0.336314		308.446		
00:00:34:549		1.32363e+07		-2.9471		6.40509		536.807		6.95699e+06		532.247			00:00:34:549		6.82096e+06		108.314		56.1845		228324		0.336314		308.452		
00:00:34:350		1.32486e+07		-2.92864		6.39866		536.776		6.95724e+06		532.324			00:00:34:350		6.82117e+06		108.273		56.0413		225283		0.333918		308.464		
00:00:34:250		1.32547e+07		-2.91938		6.39538		536.76		6.95736e+06		532.359			00:00:34:250		6.82127e+06		108.232		56.0413		225283		0.333918		308.469		
00:00:34:250		1.32547e+07		-2.91938		6.39538		536.76		6.95736e+06		532.359			00:00:34:250		6.82127e+06		108.232		56.0413		225283		0.333918		308.469		
00:00:34:149		1.32609e+07		-2.91012		6.39211		536.742		6.95748e+06		532.395			00:00:34:149		6.82138e+06		108.232		55.8968		222296		0.331521		308.475		
00:00:33:950		1.32733e+07		-2.89154		6.38549		536.705		6.95773e+06		532.488			00:00:33:950		6.82158e+06		108.19		55.7509		219346		0.329123		308.486		
00:00:33:950		1.32733e+07		-2.89154		6.38549		536.705		6.95773e+06		532.488			00:00:33:950		6.82158e+06		108.19		55.7509		219346		0.329123		308.486		
00:00:33:750		1.32857e+07		-2.8729		6.37888		536.671		6.95797e+06		532.553			00:00:33:750		6.82179e+06		108.149		55.7509		219346		0.329123		308.497		
00:00:33:750		1.32857e+07		-2.8729		6.37888		536.671		6.95797e+06		532.553			00:00:33:750		6.82179e+06		108.149		55.7509		219346		0.329123		308.497		
00:00:33:600		1.3295e+07		-2.85888		6.37385		536.643		6.95815e+06		532.606			00:00:33:600		6.82195e+06		108.149		55.6037		216384		0.326725		308.505		
00:00:33:500		1.33013e+07		-2.84951		6.37056		536.627		6.95827e+06		532.649			00:00:33:500		6.82205e+06		108.107		55.6037		216384		0.326725		308.51		
00:00:33:399		1.33075e+07		-2.84013		6.36724		536.609		6.95839e+06		532.69			00:00:33:399		6.82215e+06		108.107		55.4549		213428		0.324325		308.515		
00:00:33:299		1.33138e+07		-2.83072		6.3638		536.593		6.9585e+06		532.733			00:00:33:299		6.82225e+06		108.107		55.4549		213428		0.324325		308.52		
00:00:33:200		1.33201e+07		-2.8213		6.36041		536.574		6.95862e+06		532.765			00:00:33:200		6.82235e+06		108.064		55.3046		210493		0.321926		308.525		
00:00:33:100		1.33263e+07		-2.81187		6.35701		536.554		6.95874e+06		532.813			00:00:33:100		6.82245e+06		108.064		55.3046		210493		0.321926		308.529		
00:00:33:000		1.33326e+07		-2.80241		6.35365		536.536		6.95886e+06		532.842			00:00:33:000		6.82254e+06		108.021		55.3046		210493		0.321926		308.534		
00:00:32:899		1.33389e+07		-2.79293		6.35024		536.516		6.95898e+06		532.879			00:00:32:899		6.82265e+06		108.021		55.1527		207564		0.319525		308.539		
00:00:32:700		1.33515e+07		-2.77393		6.34338		536.474		6.95921e+06		532.96			00:00:32:700		6.82285e+06		107.978		54.9992		204623		0.317124		308.548		
00:00:32:700		1.33515e+07		-2.77393		6.34338		536.474		6.95921e+06		532.96			00:00:32:700		6.82285e+06		107.978		54.9992		204623		0.317124		308.548		
00:00:32:600		1.33579e+07		-2.7644		6.3399		536.453		6.95933e+06		533.01			00:00:32:600		6.82295e+06		107.978		54.9992		204623		0.317124		308.552		
00:00:32:500		1.33642e+07		-2.75485		6.33649		536.434		6.95945e+06		533.044			00:00:32:500		6.82304e+06		107.935		54.9992		204623		0.317124		308.556		
00:00:32:399		1.33705e+07		-2.74529		6.33298		536.414		6.95956e+06		533.079			00:00:32:399		6.82314e+06		107.935		54.8442		201689		0.314722		308.561		
00:00:32:299		1.33769e+07		-2.7357		6.32955		536.393		6.95968e+06		533.105			00:00:32:299		6.82324e+06		107.935		54.8442		201689		0.314722		308.565		
00:00:32:200		1.33832e+07		-2.72609		6.32604		536.371		6.95979e+06		533.134			00:00:32:200		6.82334e+06		107.892		54.6876		198776		0.312319		308.569		
00:00:32:100		1.33896e+07		-2.71647		6.32256		536.351		6.95991e+06		533.175			00:00:32:100		6.82344e+06		107.892		54.6876		198776		0.312319		308.574		
00:00:32:000		1.3396e+07		-2.70681		6.31906		536.331		6.96002e+06		533.224			00:00:32:000		6.82354e+06		107.848		54.6876		198776		0.312319		308.578		
00:00:31:899		1.34024e+07		-2.69714		6.31563		536.309		6.96014e+06		533.26			00:00:31:899		6.82363e+06		107.848		54.5295		195871		0.309916		308.582		
00:00:31:699		1.34152e+07		-2.67776		6.30856		536.265		6.96037e+06		533.335			00:00:31:699		6.82382e+06		107.803		54.3698		192988		0.307512		308.59		
00:00:31:699		1.34152e+07		-2.67776		6.30856		536.265		6.96037e+06		533.335			00:00:31:699		6.82382e+06		107.803		54.3698		192988		0.307512		308.59		
00:00:31:600		1.34216e+07		-2.66804		6.305		536.242		6.96048e+06		533.37			00:00:31:600		6.82392e+06		107.803		54.3698		192988		0.307512		308.594		
00:00:31:500		1.34281e+07		-2.6583		6.30146		536.218		6.96059e+06		533.419			00:00:31:500		6.82401e+06		107.759		54.3698		192988		0.307512		308.598		
00:00:31:399		1.34345e+07		-2.64855		6.29786		536.194		6.9607e+06		533.452			00:00:31:399		6.82411e+06		107.759		54.2084		190127		0.305108		308.602		
00:00:31:300		1.34409e+07		-2.63879		6.29424		536.172		6.96082e+06		533.472			00:00:31:300		6.8242e+06		107.759		54.2084		190127		0.305108		308.606		
00:00:31:199		1.34473e+07		-2.62902		6.29065		536.151		6.96093e+06		533.531			00:00:31:199		6.82429e+06		107.714		54.0452		187241		0.302703		308.611		
00:00:31:100		1.34537e+07		-2.61922		6.28703		536.131		6.96104e+06		533.567			00:00:31:100		6.82439e+06		107.714		54.0452		187241		0.302703		308.615		
00:00:30:949		1.34633e+07		-2.60449		6.2816		536.096		6.9612e+06		533.613			00:00:30:949		6.82453e+06		107.669		53.8801		184363		0.300297		308.621		
00:00:30:850		1.34697e+07		-2.59465		6.27793		536.072		6.96131e+06		533.652			00:00:30:850		6.82463e+06		107.669		53.8801		184363		0.300297		308.625		
00:00:30:750		1.34761e+07		-2.5848		6.27423		536.047		6.96142e+06		533.682			00:00:30:750		6.82471e+06		107.623		53.8801		184363		0.300297		308.629		
00:00:30:649		1.34825e+07		-2.57493		6.27061		536.021		6.96153e+06		533.715			00:00:30:649		6.82481e+06		107.623		53.7132		181524		0.29789		308.633		
00:00:30:600		1.34858e+07		-2.56999		6.26872		536.009		6.96158e+06		533.737			00:00:30:600		6.82485e+06		107.623		53.7132		181524		0.29789		308.635		
00:00:30:449		1.34954e+07		-2.55514		6.26314		535.969		6.96174e+06		533.783			00:00:30:449		6.82499e+06		107.577		53.5446		178709		0.295483		308.642		
00:00:30:350		1.35019e+07		-2.54523		6.2594		535.945		6.96185e+06		533.827			00:00:30:350		6.82508e+06		107.577		53.5446		178709		0.295483		308.646		
00:00:30:250		1.35083e+07		-2.53531		6.25565		535.919		6.96195e+06		533.85			00:00:30:250		6.82517e+06		107.531		53.5446		178709		0.295483		308.65		
00:00:30:149		1.35148e+07		-2.52539		6.252		535.896		6.96206e+06		533.883			00:00:30:149		6.82526e+06		107.531		53.3744		175901		0.293075		308.654		
00:00:30:050		1.35213e+07		-2.51546		6.2482		535.872		6.96216e+06		533.915			00:00:30:050		6.82534e+06		107.531		53.3744		175901		0.293075		308.659		
00:00:29:949		1.35277e+07		-2.50553		6.24442		535.847		6.96227e+06		533.95			00:00:29:949		6.82543e+06		107.484		53.2027		173086		0.290666		308.663		
00:00:29:850		1.35342e+07		-2.4956		6.24057		535.823		6.96237e+06		533.986			00:00:29:850		6.82552e+06		107.484		53.2027		173086		0.290666		308.667		
00:00:29:750		1.35407e+07		-2.48567		6.23678		535.798		6.96247e+06		534.02			00:00:29:750		6.8256e+06		107.437		53.2027		173086		0.290666		308.671		
00:00:29:649		1.35473e+07		-2.47574		6.23291		535.772		6.96257e+06		534.053			00:00:29:649		6.82568e+06		107.437		53.0295		170279		0.288257		308.676		
00:00:29:550		1.35538e+07		-2.46581		6.22901		535.745		6.96267e+06		534.094			00:00:29:550		6.82577e+06		107.437		53.0295		170279		0.288257		308.68		
00:00:29:449		1.35603e+07		-2.45588		6.2251		535.717		6.96277e+06		534.125			00:00:29:449		6.82585e+06		107.39		52.8547		167465		0.285847		308.684		
00:00:29:449		1.35603e+07		-2.45588		6.2251		535.717		6.96277e+06		534.125			00:00:29:449		6.82585e+06		107.39		52.8547		167465		0.285847		308.684		
00:00:29:350		1.35668e+07		-2.44595		6.22119		535.692		6.96287e+06		534.15			00:00:29:350		6.82593e+06		107.39		52.8547		167465		0.285847		308.689		
00:00:29:250		1.35734e+07		-2.43603		6.21731		535.663		6.96297e+06		534.19			00:00:29:250		6.82601e+06		107.342		52.8547		167465		0.285847		308.693		
00:00:29:050		1.35865e+07		-2.41619		6.2094		535.61		6.96316e+06		534.252			00:00:29:050		6.82617e+06		107.342		52.6781		164661		0.283436		308.702		
00:00:28:949		1.35931e+07		-2.40627		6.20532		535.583		6.96326e+06		534.277			00:00:28:949		6.82625e+06		107.294		52.4998		161866		0.281025		308.706		
00:00:28:850		1.35996e+07		-2.39637		6.20141		535.557		6.96335e+06		534.318			00:00:28:850		6.82633e+06		107.294		52.4998		161866		0.281025		308.711		
00:00:28:750		1.36062e+07		-2.38647		6.19742		535.528		6.96344e+06		534.352			00:00:28:750		6.82641e+06		107.245		52.4998		161866		0.281025		308.715		
00:00:28:649		1.36128e+07		-2.37659		6.19337		535.503		6.96354e+06		534.382			00:00:28:649		6.82649e+06		107.245		52.3195		159049		0.278612		308.72		
00:00:28:649		1.36128e+07		-2.37659		6.19337		535.503		6.96354e+06		534.382			00:00:28:649		6.82649e+06		107.245		52.3195		159049		0.278612		308.72		
00:00:28:550		1.36194e+07		-2.36671		6.18925		535.473		6.96363e+06		534.409			00:00:28:550		6.82657e+06		107.245		52.3195		159049		0.278612		308.724		
00:00:28:350		1.36326e+07		-2.34696		6.18111		535.421		6.96381e+06		534.472			00:00:28:350		6.82672e+06		107.196		52.1374		156242		0.276199		308.733		
00:00:28:350		1.36326e+07		-2.34696		6.18111		535.421		6.96381e+06		534.472			00:00:28:350		6.82672e+06		107.196		52.1374		156242		0.276199		308.733		
00:00:28:250		1.36393e+07		-2.3371		6.17705		535.393		6.9639e+06		534.508			00:00:28:250		6.82679e+06		107.147		52.1374		156242		0.276199		308.737		
00:00:28:149		1.36459e+07		-2.32725		6.17295		535.364		6.96399e+06		534.527			00:00:28:149		6.82686e+06		107.147		51.9535		153461		0.273786		308.742		
00:00:28:000		1.36559e+07		-2.31248		6.16664		535.32		6.96412e+06		534.575			00:00:28:000		6.82697e+06		107.097		51.9535		153461		0.273786		308.748		
00:00:27:949		1.36592e+07		-2.30756		6.16454		535.306		6.96416e+06		534.591			00:00:27:949		6.82701e+06		107.097		51.7679		150691		0.271371		308.75		
00:00:27:750		1.36726e+07		-2.28792		6.15615		535.249		6.96434e+06		534.656			00:00:27:750		6.82715e+06		107.047		51.7679		150691		0.271371		308.759		
00:00:27:600		1.36827e+07		-2.27323		6.14991		535.204		6.96446e+06		534.713			00:00:27:600		6.82725e+06		107.047		51.5804		147932		0.268956		308.765		
00:00:27:600		1.36827e+07		-2.27323		6.14991		535.204		6.96446e+06		534.713			00:00:27:600		6.82725e+06		107.047		51.5804		147932		0.268956		308.765		
00:00:27:500		1.36894e+07		-2.26347		6.14573		535.174		6.96455e+06		534.728			00:00:27:500		6.82732e+06		106.997		51.5804		147932		0.268956		308.77		
00:00:27:399		1.36961e+07		-2.25374		6.14142		535.147		6.96463e+06		534.761			00:00:27:399		6.82739e+06		106.997		51.391		145199		0.26654		308.774		
00:00:27:199		1.37095e+07		-2.23435		6.13277		535.089		6.9648e+06		534.822			00:00:27:199		6.82752e+06		106.946		51.1995		142493		0.264123		308.783		
00:00:27:199		1.37095e+07		-2.23435		6.13277		535.089		6.9648e+06		534.822			00:00:27:199		6.82752e+06		106.946		51.1995		142493		0.264123		308.783		
00:00:27:100		1.37163e+07		-2.22469		6.12838		535.06		6.96488e+06		534.849			00:00:27:100		6.82759e+06		106.946		51.1995		142493		0.264123		308.787		
00:00:27:000		1.3723e+07		-2.21507		6.12405		535.029		6.96496e+06		534.88			00:00:27:000		6.82765e+06		106.895		51.1995		142493		0.264123		308.791		
00:00:26:899		1.37297e+07		-2.20547		6.11971		534.998		6.96504e+06		534.913			00:00:26:899		6.82772e+06		106.895		51.0058		139768		0.261705		308.795		
00:00:26:699		1.37432e+07		-2.18636		6.11082		534.938		6.9652e+06		534.966			00:00:26:699		6.82785e+06		106.843		50.8101		137025		0.259286		308.803		
00:00:26:699		1.37432e+07		-2.18636		6.11082		534.938		6.9652e+06		534.966			00:00:26:699		6.82785e+06		106.843		50.8101		137025		0.259286		308.803		
00:00:26:649		1.375e+07		-2.17685		6.10638		534.906		6.96527e+06		534.996			00:00:26:649		6.82791e+06		106.843		50.8101		137025		0.259286		308.808		
00:00:26:500		1.37568e+07		-2.16738		6.10188		534.875		6.96535e+06		535.027			00:00:26:500		6.82797e+06		106.791		50.8101		137025		0.259286		308.812		
00:00:26:399		1.37635e+07		-2.15795		6.0974		534.844		6.96543e+06		535.068			00:00:26:399		6.82804e+06		106.791		50.6123		134295		0.256867		308.816		
00:00:26:300		1.37703e+07		-2.14855		6.09289		534.813		6.9655e+06		535.085			00:00:26:300		6.82809e+06		106.791		50.6123		134295		0.256867		308.819		
00:00:26:199		1.37771e+07		-2.13919		6.08838		534.782		6.96558e+06		535.126			00:00:26:199		6.82815e+06		106.738		50.4124		131578		0.254447		308.823		
00:00:26:100		1.37839e+07		-2.12985		6.08403		534.751		6.96566e+06		535.155			00:00:26:100		6.82822e+06		106.738		50.4124		131578		0.254447		308.827		
00:00:26:000		1.37907e+07		-2.12055		6.07951		534.72		6.96573e+06		535.174			00:00:26:000		6.82828e+06		106.685		50.4124		131578		0.254447		308.831		
00:00:25:899		1.37975e+07		-2.11128		6.07491		534.689		6.9658e+06		535.215			00:00:25:899		6.82834e+06		106.685		50.2105		128859		0.252026		308.835		
00:00:25:800		1.38043e+07		-2.10204		6.07026		534.658		6.96588e+06		535.23			00:00:25:800		6.8284e+06		106.685		50.2105		128859		0.252026		308.839		
00:00:25:699		1.38111e+07		-2.09283		6.06573		534.627		6.96595e+06		535.264			00:00:25:699		6.82845e+06		106.632		50.0062		126155		0.249604		308.843		
00:00:25:600		1.38179e+07		-2.08365		6.06111		534.595		6.96602e+06		535.295			00:00:25:600		6.82851e+06		106.632		50.0062		126155		0.249604		308.847		
00:00:25:500		1.38248e+07		-2.07449		6.0564		534.562		6.9661e+06		535.33			00:00:25:500		6.82856e+06		106.578		50.0062		126155		0.249604		308.851		
00:00:25:399		1.38316e+07		-2.06534		6.0517		534.531		6.96617e+06		535.366			00:00:25:399		6.82862e+06		106.578		49.7995		123479		0.247181		308.855		
00:00:25:300		1.38385e+07		-2.05622		6.04695		534.498		6.96624e+06		535.395			00:00:25:300		6.82868e+06		106.578		49.7995		123479		0.247181		308.859		
00:00:25:149		1.38488e+07		-2.04255		6.03982		534.45		6.96634e+06		535.424			00:00:25:149		6.82876e+06		106.524		49.5904		120803		0.244757		308.865		
00:00:25:050		1.38556e+07		-2.03345		6.03504		534.419		6.96641e+06		535.453			00:00:25:050		6.82881e+06		106.524		49.5904		120803		0.244757		308.868		
00:00:25:000		1.38591e+07		-2.0289		6.03261		534.403		6.96645e+06		535.468			00:00:25:000		6.82884e+06		106.469		49.3786		118142		0.244757		308.87		
00:00:24:850		1.38694e+07		-2.01525		6.02533		534.355		6.96655e+06		535.518			00:00:24:850		6.82892e+06		106.469		49.3786		118142		0.242333		308.875		
00:00:24:750		1.38764e+07		-2.00614		6.02056		534.324		6.96662e+06		535.54			00:00:24:750		6.82897e+06		106.414		49.3786		118142		0.242333		308.879		
00:00:24:649		1.38834e+07		-1.99702		6.01582		534.293		6.96669e+06		535.572			00:00:24:649		6.82903e+06		106.414		49.1642		115510		0.239907		308.882		
00:00:24:550		1.38905e+07		-1.98788		6.01089		534.259		6.96675e+06		535.591			00:00:24:550		6.82908e+06		106.414		49.1642		115510		0.239907		308.885		
00:00:24:449		1.38976e+07		-1.97872		6.00585		534.224		6.96682e+06		535.625			00:00:24:449		6.82913e+06		106.358		48.9473		112894		0.237481		308.889		
00:00:24:350		1.39047e+07		-1.96953		6.0009		534.193		6.96689e+06		535.644			00:00:24:350		6.82918e+06		106.358		48.9473		112894		0.237481		308.892		
00:00:24:250		1.39119e+07		-1.96031		5.99597		534.16		6.96695e+06		535.684			00:00:24:250		6.82924e+06		106.302		48.9473		112894		0.237481		308.895		
00:00:24:149		1.39191e+07		-1.95105		5.99112		534.127		6.96702e+06		535.704			00:00:24:149		6.82929e+06		106.302		48.7279		110279		0.235054		308.898		
00:00:24:050		1.39265e+07		-1.94175		5.9862		534.094		6.96708e+06		535.73			00:00:24:050		6.82934e+06		106.302		48.7279		110279		0.235054		308.901		
00:00:23:949		1.39339e+07		-1.93243		5.98115		534.061		6.96715e+06		535.755			00:00:23:949		6.82939e+06		106.246		48.5061		107667		0.232626		308.904		
00:00:23:850		1.39413e+07		-1.9231		5.97608		534.027		6.96721e+06		535.782			00:00:23:850		6.82944e+06		106.246		48.5061		107667		0.232626		308.907		
00:00:23:850		1.39413e+07		-1.9231		5.97608		534.027		6.96721e+06		535.782			00:00:23:850		6.82944e+06		106.246		48.5061		107667		0.232626		308.907		
00:00:23:699		1.39526e+07		-1.90909		5.96881		533.974		6.96731e+06		535.817			00:00:23:699		6.82951e+06		106.189		48.2819		105100		0.230197		308.912		
00:00:23:550		1.39639e+07		-1.89507		5.96166		533.924		6.9674e+06		535.855			00:00:23:550		6.82959e+06		106.189		48.2819		105100		0.230197		308.916		
00:00:23:449		1.39715e+07		-1.88571		5.95669		533.892		6.96747e+06		535.88			00:00:23:449		6.82964e+06		106.131		48.0555		102564		0.227767		308.919		
00:00:23:350		1.39792e+07		-1.87635		5.95147		533.855		6.96753e+06		535.902			00:00:23:350		6.82969e+06		106.131		48.0555		102564		0.227767		308.922		
00:00:23:250		1.39869e+07		-1.86699		5.94622		533.82		6.96759e+06		535.927			00:00:23:250		6.82974e+06		106.073		48.0555		102564		0.227767		308.924		
00:00:23:149		1.39947e+07		-1.85762		5.9411		533.786		6.96765e+06		535.95			00:00:23:149		6.82979e+06		106.073		47.8272		100032		0.225337		308.927		
00:00:23:050		1.40025e+07		-1.84826		5.93584		533.753		6.96772e+06		535.973			00:00:23:050		6.82984e+06		106.073		47.8272		100032		0.225337		308.93		
00:00:22:949		1.40105e+07		-1.83888		5.93047		533.716		6.96778e+06		535.995			00:00:22:949		6.82989e+06		106.015		47.5979		97517.3		0.222905		308.932		
00:00:22:850		1.40185e+07		-1.8295		5.92518		533.681		6.96784e+06		536.017			00:00:22:850		6.82994e+06		106.015		47.5979		97517.3		0.222905		308.935		
00:00:22:750		1.40267e+07		-1.82011		5.91981		533.648		6.9679e+06		536.038			00:00:22:750		6.82999e+06		105.956		47.5979		97517.3		0.222905		308.937		
00:00:22:649		1.40348e+07		-1.81069		5.91456		533.614		6.96796e+06		536.061			00:00:22:649		6.83004e+06		105.956		47.3686		95007.5		0.220472		308.94		
00:00:22:550		1.4043e+07		-1.80125		5.90931		533.579		6.96802e+06		536.085			00:00:22:550		6.83008e+06		105.956		47.3686		95007.5		0.220472		308.942		
00:00:22:550		1.4043e+07		-1.80125		5.90931		533.579		6.96802e+06		536.085			00:00:22:550		6.83008e+06		105.956		47.3686		95007.5		0.220472		308.942		
00:00:22:449		1.40512e+07		-1.79177		5.90405		533.544		6.96808e+06		536.107			00:00:22:449		6.83013e+06		105.896		47.1399		92530.8		0.218039		308.945		
00:00:22:350		1.40593e+07		-1.78225		5.8987		533.51		6.96814e+06		536.126			00:00:22:350		6.83018e+06		105.896		47.1399		92530.8		0.218039		308.947		
00:00:22:250		1.40675e+07		-1.77269		5.89334		533.473		6.9682e+06		536.146			00:00:22:250		6.83023e+06		105.836		47.1399		92530.8		0.218039		308.949		
00:00:22:100		1.40796e+07		-1.75827		5.88517		533.422		6.96829e+06		536.177			00:00:22:100		6.83031e+06		105.836		46.9118		90086.5		0.215605		308.952		
00:00:22:000		1.40877e+07		-1.74859		5.87987		533.387		6.96836e+06		536.195			00:00:22:000		6.83036e+06		105.776		46.9118		90086.5		0.215605		308.954		
00:00:21:899		1.40956e+07		-1.73884		5.87478		533.352		6.96842e+06		536.215			00:00:21:899		6.83041e+06		105.776		46.6844		87648.8		0.213169		308.956		
00:00:21:600		1.41186e+07		-1.70918		5.85867		533.246		6.9686e+06		536.273			00:00:21:600		6.83056e+06		105.715		46.4575		85231.3		0.210733		308.962		
00:00:21:600		1.41186e+07		-1.70918		5.85867		533.246		6.9686e+06		536.273			00:00:21:600		6.83056e+06		105.715		46.4575		85231.3		0.210733		308.962		
00:00:21:600		1.41186e+07		-1.70918		5.85867		533.246		6.9686e+06		536.273			00:00:21:600		6.83056e+06		105.715		46.4575		85231.3		0.210733		308.962		
00:00:21:500		1.41258e+07		-1.69918		5.85309		533.21		6.96866e+06		536.285			00:00:21:500		6.83061e+06		105.654		46.4575		85231.3		0.210733		308.964		
00:00:21:399		1.4133e+07		-1.68917		5.84753		533.175		6.96872e+06		536.305			00:00:21:399		6.83066e+06		105.654		46.2314		82834.7		0.208296		308.966		
00:00:21:300		1.41401e+07		-1.67915		5.84192		533.14		6.96878e+06		536.323			00:00:21:300		6.83071e+06		105.654		46.2314		82834.7		0.208296		308.968		
00:00:21:199		1.41473e+07		-1.6691		5.83621		533.105		6.96884e+06		536.346			00:00:21:199		6.83076e+06		105.592		46.0063		80472.5		0.205857		308.97		
00:00:21:100		1.41545e+07		-1.65904		5.83069		533.069		6.9689e+06		536.362			00:00:21:100		6.83082e+06		105.592		46.0063		80472.5		0.205857		308.972		
00:00:21:000		1.41617e+07		-1.64896		5.82543		533.034		6.96897e+06		536.372			00:00:21:000		6.83087e+06		105.529		46.0063		80472.5		0.205857		308.973		
00:00:20:899		1.41688e+07		-1.63887		5.82027		532.997		6.96903e+06		536.389			00:00:20:899		6.83092e+06		105.529		45.7826		78131.7		0.203418		308.975		
00:00:20:750		1.41796e+07		-1.62371		5.81255		532.944		6.96912e+06		536.41			00:00:20:750		6.831e+06		105.466		45.7826		78131.7		0.203418		308.978		
00:00:20:600		1.41904e+07		-1.60851		5.80371		532.891		6.96921e+06		536.432			00:00:20:600		6.83108e+06		105.466		45.5609		75800.4		0.200977		308.981		
00:00:20:600		1.41904e+07		-1.60851		5.80371		532.891		6.96921e+06		536.432			00:00:20:600		6.83108e+06		105.466		45.5609		75800.4		0.200977		308.981		
00:00:20:500		1.41976e+07		-1.59836		5.79751		532.856		6.96928e+06		536.445			00:00:20:500		6.83114e+06		105.403		45.5609		75800.4		0.200977		308.984		
00:00:20:399		1.42048e+07		-1.5882		5.79135		532.82		6.96934e+06		536.461			00:00:20:399		6.83119e+06		105.403		45.3412		73504.6		0.198535		308.986		
00:00:20:300		1.42119e+07		-1.57801		5.78518		532.783		6.9694e+06		536.474			00:00:20:300		6.83125e+06		105.403		45.3412		73504.6		0.198535		308.988		
00:00:20:199		1.42191e+07		-1.56781		5.77923		532.747		6.96946e+06		536.487			00:00:20:199		6.8313e+06		105.339		45.1238		71244.4		0.196092		308.99		
00:00:20:100		1.42262e+07		-1.55758		5.77322		532.708		6.96952e+06		536.503			00:00:20:100		6.83135e+06		105.339		45.1238		71244.4		0.196092		308.993		
00:00:20:000		1.42334e+07		-1.54734		5.76713		532.673		6.96958e+06		536.513			00:00:20:000		6.83141e+06		105.275		45.1238		71244.4		0.196092		308.995		
00:00:19:899		1.42405e+07		-1.53708		5.76074		532.637		6.96965e+06		536.524			00:00:19:899		6.83146e+06		105.275		44.9088		69007.8		0.193648		308.997		
00:00:19:800		1.42477e+07		-1.5268		5.75409		532.6		6.96971e+06		536.536			00:00:19:800		6.83152e+06		105.275		44.9088		69007.8		0.193648		308.999		
00:00:19:699		1.42548e+07		-1.5165		5.74733		532.562		6.96977e+06		536.546			00:00:19:699		6.83158e+06		105.21		44.6966		66795.3		0.191202		309.002		
00:00:19:600		1.4262e+07		-1.50619		5.7408		532.525		6.96983e+06		536.559			00:00:19:600		6.83163e+06		105.21		44.6966		66795.3		0.191202		309.004		
00:00:19:500		1.42692e+07		-1.49586		5.7348		532.485		6.9699e+06		536.579			00:00:19:500		6.83169e+06		105.144		44.6966		66795.3		0.191202		309.005		
00:00:19:399		1.42764e+07		-1.48553		5.72944		532.45		6.96996e+06		536.58			00:00:19:399		6.83174e+06		105.144		44.4873		64607.3		0.188754		309.007		
00:00:19:250		1.42872e+07		-1.47002		5.72191		532.395		6.97005e+06		536.599			00:00:19:250		6.83183e+06		105.078		44.4873		64607.3		0.188754		309.01		
00:00:19:149		1.42943e+07		-1.45967		5.71584		532.358		6.97012e+06		536.61			00:00:19:149		6.83188e+06		105.078		44.2811		62432.4		0.186305		309.012		
00:00:19:050		1.43015e+07		-1.44932		5.70876		532.322		6.97018e+06		536.623			00:00:19:050		6.83194e+06		105.078		44.2811		62432.4		0.186305		309.015		
00:00:18:949		1.43087e+07		-1.43896		5.70168		532.285		6.97024e+06		536.629			00:00:18:949		6.83199e+06		105.011		44.0781		60295.1		0.183854		309.018		
00:00:18:850		1.43159e+07		-1.4286		5.69458		532.246		6.9703e+06		536.645			00:00:18:850		6.83205e+06		105.011		44.0781		60295.1		0.183854		309.021		
00:00:18:750		1.4323e+07		-1.41823		5.68741		532.208		6.97036e+06		536.654			00:00:18:750		6.8321e+06		104.944		44.0781		60295.1		0.183854		309.024		
00:00:18:649		1.43302e+07		-1.40785		5.68022		532.173		6.97042e+06		536.661			00:00:18:649		6.83215e+06		104.944		43.8789		58207.2		0.181401		309.027		
00:00:18:550		1.43373e+07		-1.39746		5.67308		532.136		6.97048e+06		536.678			00:00:18:550		6.83221e+06		104.944		43.8789		58207.2		0.181401		309.03		
00:00:18:449		1.43444e+07		-1.38705		5.66583		532.098		6.97054e+06		536.678			00:00:18:449		6.83226e+06		104.877		43.6839		56122.3		0.178946		309.032		
00:00:18:350		1.43515e+07		-1.37663		5.65853		532.061		6.9706e+06		536.692			00:00:18:350		6.83231e+06		104.877		43.6839		56122.3		0.178946		309.035		
00:00:18:250		1.43585e+07		-1.36619		5.65127		532.025		6.97065e+06		536.698			00:00:18:250		6.83236e+06		104.808		43.6839		56122.3		0.178946		309.038		
00:00:18:250		1.43585e+07		-1.36619		5.65127		532.025		6.97065e+06		536.698			00:00:18:250		6.83236e+06		104.808		43.6839		56122.3		0.178946		309.038		
00:00:18:100		1.43691e+07		-1.35051		5.64029		531.968		6.97074e+06		536.71			00:00:18:100		6.83244e+06		104.808		43.4934		54075.8		0.176489		309.043		
00:00:18:000		1.43762e+07		-1.34005		5.6329		531.931		6.97079e+06		536.721			00:00:18:000		6.83249e+06		104.74		43.4934		54075.8		0.176489		309.046		
00:00:17:899		1.43833e+07		-1.32957		5.62547		531.894		6.97085e+06		536.726			00:00:17:899		6.83254e+06		104.74		43.3079		52089.9		0.17403		309.049		
00:00:17:750		1.43938e+07		-1.31382		5.61435		531.839		6.97093e+06		536.738			00:00:17:750		6.83261e+06		104.671		43.3079		52089.9		0.17403		309.054		
00:00:17:649		1.44008e+07		-1.30331		5.6069		531.799		6.97098e+06		536.742			00:00:17:649		6.83266e+06		104.671		43.1282		50142		0.17157		309.057		
00:00:17:550		1.44078e+07		-1.29279		5.59933		531.762		6.97103e+06		536.757			00:00:17:550		6.83271e+06		104.671		43.1282		50142		0.17157		309.061		
00:00:17:449		1.44148e+07		-1.28225		5.59174		531.724		6.97108e+06		536.754			00:00:17:449		6.83276e+06		104.601		42.9544		48275.7		0.169107		309.064		
00:00:17:350		1.44217e+07		-1.27171		5.58412		531.689		6.97113e+06		536.761			00:00:17:350		6.8328e+06		104.601		42.9544		48275.7		0.169107		309.068		
00:00:17:250		1.44286e+07		-1.26115		5.5765		531.652		6.97118e+06		536.768			00:00:17:250		6.83285e+06		104.532		42.9544		48275.7		0.169107		309.071		
00:00:17:149		1.44355e+07		-1.25057		5.56887		531.616		6.97123e+06		536.774			00:00:17:149		6.83289e+06		104.532		42.7871		46554.4		0.166642		309.075		
00:00:17:050		1.44423e+07		-1.23997		5.56118		531.579		6.97128e+06		536.778			00:00:17:050		6.83294e+06		104.532		42.7871		46554.4		0.166642		309.078		
00:00:16:949		1.44491e+07		-1.22935		5.55343		531.542		6.97133e+06		536.784			00:00:16:949		6.83298e+06		104.463		42.6268		44932.9		0.164174		309.082		
00:00:16:949		1.44491e+07		-1.22935		5.55343		531.542		6.97133e+06		536.784			00:00:16:949		6.83298e+06		104.463		42.6268		44932.9		0.164174		309.082		
00:00:16:750		1.44625e+07		-1.20804		5.53772		531.467		6.97142e+06		536.793			00:00:16:750		6.83306e+06		104.393		42.6268		44932.9		0.164174		309.089		
00:00:16:649		1.44691e+07		-1.19735		5.52994		531.432		6.97147e+06		536.798			00:00:16:649		6.83311e+06		104.393		42.4737		43334.6		0.161705		309.093		
00:00:16:550		1.44756e+07		-1.18663		5.52212		531.393		6.97152e+06		536.797			00:00:16:550		6.83315e+06		104.393		42.4737		43334.6		0.161705		309.097		
00:00:16:550		1.44756e+07		-1.18663		5.52212		531.393		6.97152e+06		536.797			00:00:16:550		6.83315e+06		104.393		42.4737		43334.6		0.161705		309.097		
00:00:16:449		1.44821e+07		-1.17589		5.51408		531.355		6.97156e+06		536.805			00:00:16:449		6.83319e+06		104.336		42.326		41772.3		0.159234		309.1		
00:00:16:350		1.44884e+07		-1.16511		5.50602		531.318		6.9716e+06		536.808			00:00:16:350		6.83323e+06		104.336		42.326		41772.3		0.159234		309.104		
00:00:16:100		1.45035e+07		-1.13803		5.48634		531.226		6.97171e+06		536.819			00:00:16:100		6.83333e+06		104.277		42.1812		40256		0.15676		309.113		
00:00:16:100		1.45035e+07		-1.13803		5.48634		531.226		6.97171e+06		536.819			00:00:16:100		6.83333e+06		104.277		42.1812		40256		0.15676		309.113		
00:00:16:000		1.45092e+07		-1.12717		5.47836		531.192		6.97175e+06		536.83			00:00:16:000		6.83337e+06		104.219		42.1812		40256		0.15676		309.116		
00:00:15:900		1.45149e+07		-1.11631		5.46996		531.157		6.9718e+06		536.831			00:00:15:900		6.83341e+06		104.219		42.0386		38765.8		0.154284		309.12		
00:00:15:699		1.45261e+07		-1.09466		5.45353		531.087		6.97188e+06		536.843			00:00:15:699		6.83348e+06		104.16		41.8983		37301.9		0.151806		309.127		
00:00:15:599		1.45318e+07		-1.08387		5.44592		531.05		6.97192e+06		536.843			00:00:15:599		6.83352e+06		104.16		41.8983		37301.9		0.151806		309.131		
00:00:15:599		1.45318e+07		-1.08387		5.44592		531.05		6.97192e+06		536.843			00:00:15:599		6.83352e+06		104.16		41.8983		37301.9		0.151806		309.131		
00:00:15:500		1.45374e+07		-1.0731		5.43798		531.012		6.97195e+06		536.827			00:00:15:500		6.83356e+06		104.1		41.8983		37301.9		0.151806		309.134		
00:00:15:400		1.4543e+07		-1.06237		5.429		530.971		6.97199e+06		536.828			00:00:15:400		6.83359e+06		104.1		41.7605		35864.8		0.149326		309.138		
00:00:15:300		1.45487e+07		-1.05166		5.41974		530.936		6.97203e+06		536.83			00:00:15:300		6.83362e+06		104.1		41.7605		35864.8		0.149326		309.142		
00:00:15:199		1.45545e+07		-1.041		5.41149		530.899		6.97206e+06		536.832			00:00:15:199		6.83366e+06		104.039		41.6256		34436.2		0.146843		309.145		
00:00:15:099		1.45602e+07		-1.03038		5.40457		530.866		6.9721e+06		536.826			00:00:15:099		6.83369e+06		104.039		41.6256		34436.2		0.146843		309.149		
00:00:15:050		1.4563e+07		-1.02509		5.40105		530.85		6.97212e+06		536.831			00:00:15:050		6.83371e+06		104.039		41.6256		34436.2		0.146843		309.151		
00:00:14:949		1.45689e+07		-1.01454		5.39266		530.815		6.97215e+06		536.833			00:00:14:949		6.83374e+06		103.978		41.4946		33017.2		0.144358		309.155		
00:00:14:699		1.45838e+07		-0.988405		5.36735		530.734		6.97223e+06		536.82			00:00:14:699		6.83382e+06		103.916		41.3677		31626.8		0.141871		309.164		
00:00:14:599		1.45901e+07		-0.978049		5.36211		530.699		6.97227e+06		536.818			00:00:14:599		6.83385e+06		103.916		41.3677		31626.8		0.141871		309.168		
00:00:14:599		1.45901e+07		-0.978049		5.36211		530.699		6.97227e+06		536.818			00:00:14:599		6.83385e+06		103.916		41.3677		31626.8		0.141871		309.168		
00:00:14:500		1.45965e+07		-0.967747		5.35685		530.659		6.9723e+06		536.812			00:00:14:500		6.83388e+06		103.854		41.3677		31626.8		0.141871		309.171		
00:00:14:400		1.46031e+07		-0.957492		5.3467		530.622		6.97233e+06		536.818			00:00:14:400		6.83391e+06		103.854		41.2453		30274.4		0.139381		309.175		
00:00:14:300		1.46098e+07		-0.947251		5.33169		530.587		6.97235e+06		536.82			00:00:14:300		6.83394e+06		103.854		41.2453		30274.4		0.139381		309.179		
00:00:14:199		1.46164e+07		-0.937018		5.31954		530.554		6.97238e+06		536.814			00:00:14:199		6.83397e+06		103.791		41.1276		28942.8		0.136889		309.182		
00:00:14:099		1.46231e+07		-0.92679		5.31771		530.521		6.97241e+06		536.806			00:00:14:099		6.834e+06		103.791		41.1276		28942.8		0.136889		309.186		
00:00:14:000		1.46297e+07		-0.916569		5.31843		530.49		6.97244e+06		536.798			00:00:14:000		6.83403e+06		103.728		41.1276		28942.8		0.136889		309.19		
00:00:13:900		1.46363e+07		-0.906355		5.30993		530.458		6.97246e+06		536.805			00:00:13:900		6.83405e+06		103.728		41.0148		27632.4		0.134395		309.194		
00:00:13:800		1.46429e+07		-0.896149		5.2858		530.427		6.97249e+06		536.799			00:00:13:800		6.83408e+06		103.728		41.0148		27632.4		0.134395		309.198		
00:00:13:699		1.46494e+07		-0.885948		5.26459		530.396		6.97251e+06		536.781			00:00:13:699		6.8341e+06		103.664		40.9071		26352.4		0.131898		309.201		
00:00:13:599		1.4656e+07		-0.875752		5.26795		530.365		6.97254e+06		536.78			00:00:13:599		6.83413e+06		103.664		40.9071		26352.4		0.131898		309.205		
00:00:13:500		1.46625e+07		-0.865568		5.2836		530.331		6.97256e+06		536.776			00:00:13:500		6.83415e+06		103.599		40.9071		26352.4		0.131898		309.209		
00:00:13:349		1.46723e+07		-0.850311		5.26537		530.282		6.97259e+06		536.74			00:00:13:349		6.83418e+06		103.599		40.8054		25103.1		0.129398		309.215		
00:00:13:250		1.46788e+07		-0.840153		5.21685		530.249		6.97261e+06		536.724			00:00:13:250		6.83421e+06		103.533		40.8054		25103.1		0.129398		309.219		
00:00:13:150		1.46853e+07		-0.830007		5.16855		530.217		6.97263e+06		536.715			00:00:13:150		6.83423e+06		103.533		40.7095		23884.6		0.126896		309.223		
00:00:13:050		1.46918e+07		-0.81987		5.1203		530.186		6.97265e+06		536.707			00:00:13:050		6.83425e+06		103.533		40.7095		23884.6		0.126896		309.227		
00:00:12:949		1.46983e+07		-0.809745		5.07204		530.157		6.97267e+06		536.709			00:00:12:949		6.83427e+06		103.467		40.6194		22689.7		0.124392		309.23		
00:00:12:849		1.47048e+07		-0.79963		5.02388		530.127		6.97269e+06		536.699			00:00:12:849		6.83429e+06		103.467		40.6194		22689.7		0.124392		309.234		
00:00:12:750		1.47113e+07		-0.789526		4.97595		530.098		6.9727e+06		536.674			00:00:12:750		6.83431e+06		103.4		40.6194		22689.7		0.124392		309.238		
00:00:12:650		1.47178e+07		-0.779435		4.92836		530.068		6.97272e+06		536.672			00:00:12:650		6.83433e+06		103.4		40.5336		21526		0.121884		309.242		
00:00:12:550		1.47243e+07		-0.769353		4.88069		530.039		6.97273e+06		536.658			00:00:12:550		6.83435e+06		103.4		40.5336		21526		0.121884		309.246		
00:00:12:449		1.47307e+07		-0.759286		4.83311		530.009		6.97275e+06		536.639			00:00:12:449		6.83436e+06		103.333		40.4525		20408.4		0.119375		309.249		
00:00:12:349		1.47371e+07		-0.749234		4.78578		529.98		6.97276e+06		536.636			00:00:12:349		6.83439e+06		103.333		40.4525		20408.4		0.119375		309.253		
00:00:12:250		1.47371e+07		-0.749234		4.78578		529.98		6.97276e+06		536.636			00:00:12:250		6.83439e+06		103.333		40.4525		20408.4		0.119375		309.253		
00:00:12:250		1.47435e+07		-0.739196		4.73874		529.952		6.97277e+06		536.635			00:00:12:250		6.8344e+06		103.265		40.4525		20408.4		0.119375		309.256		
00:00:12:150		1.47499e+07		-0.729173		4.69205		529.923		6.97278e+06		536.614			00:00:12:150		6.83442e+06		103.265		40.377		19328.9		0.116862		309.26		
00:00:12:050		1.47563e+07		-0.719168		4.64569		529.895		6.97279e+06		536.593			00:00:12:050		6.83444e+06		103.265		40.377		19328.9		0.116862		309.264		
00:00:11:900		1.47659e+07		-0.704197		4.57603		529.855		6.9728e+06		536.553			00:00:11:900		6.83445e+06		103.197		40.3083		18280.1		0.114347		309.269		
00:00:11:800		1.47754e+07		-0.689261		4.50718		529.814		6.97281e+06		536.528			00:00:11:800		6.83447e+06		103.128		40.3083		18280.1		0.114347		309.274		
00:00:11:650		1.47818e+07		-0.679325		4.46214		529.79		6.97282e+06		536.504			00:00:11:650		6.83448e+06		103.128		40.2465		17314.6		0.11183		309.278		
00:00:11:550		1.47882e+07		-0.669405		4.41704		529.765		6.97282e+06		536.492			00:00:11:550		6.8345e+06		103.128		40.2465		17314.6		0.11183		309.281		
00:00:11:449		1.47945e+07		-0.659507		4.37185		529.739		6.97283e+06		536.488			00:00:11:449		6.83451e+06		103.059		40.1918		16424.3		0.109309		309.285		
00:00:11:349		1.48009e+07		-0.649631		4.32653		529.713		6.97283e+06		536.487			00:00:11:349		6.83452e+06		103.059		40.1918		16424.3		0.109309		309.288		
00:00:11:250		1.48072e+07		-0.639779		4.28188		529.689		6.97283e+06		536.451			00:00:11:250		6.83453e+06		102.988		40.1918		16424.3		0.109309		309.291		
00:00:11:150		1.48135e+07		-0.629948		4.23835		529.667		6.97283e+06		536.421			00:00:11:150		6.83453e+06		102.988		40.1436		15548.9		0.106786		309.295		
00:00:11:050		1.48198e+07		-0.620147		4.19515		529.643		6.97283e+06		536.396			00:00:11:050		6.83454e+06		102.988		40.1436		15548.9		0.106786		309.298		
00:00:10:949		1.48262e+07		-0.610375		4.15139		529.617		6.97282e+06		536.357			00:00:10:949		6.83454e+06		102.928		40.0934		14695.8		0.10426		309.301		
00:00:10:949		1.48262e+07		-0.610375		4.15139		529.617		6.97282e+06		536.357			00:00:10:949		6.83454e+06		102.928		40.0934		14695.8		0.10426		309.301		
00:00:10:750		1.48387e+07		-0.590918		4.06376		529.577		6.97281e+06		536.324			00:00:10:750		6.83456e+06		102.868		40.0934		14695.8		0.10426		309.308		
00:00:10:650		1.4845e+07		-0.581233		4.02247		529.555		6.97281e+06		536.297			00:00:10:650		6.83456e+06		102.868		40.0411		13865.6		0.101731		309.311		
00:00:10:650		1.4845e+07		-0.581233		4.02247		529.555		6.97281e+06		536.297			00:00:10:650		6.83456e+06		102.868		40.0411		13865.6		0.101731		309.311		
00:00:10:550		1.48513e+07		-0.571579		3.98221		529.533		6.9728e+06		536.271			00:00:10:550		6.83456e+06		102.868		40.0411		13865.6		0.101731		309.314		
00:00:10:400		1.48606e+07		-0.557155		3.91931		529.503		6.97278e+06		536.222			00:00:10:400		6.83456e+06		102.807		39.9865		13052.7		0.0991994		309.319		
00:00:10:300		1.48669e+07		-0.547575		3.87588		529.485		6.97277e+06		536.191			00:00:10:300		6.83456e+06		102.807		39.9865		13052.7		0.0991994		309.322		
00:00:10:199		1.48731e+07		-0.538024		3.83471		529.466		6.97276e+06		536.163			00:00:10:199		6.83456e+06		102.744		39.9296		12268		0.0966648		309.325		
00:00:10:099		1.48794e+07		-0.528501		3.79879		529.448		6.97274e+06		536.13			00:00:10:099		6.83456e+06		102.744		39.9296		12268		0.0966648		309.329		
00:00:10:000		1.48856e+07		-0.519005		3.76304		529.431		6.97272e+06		536.099			00:00:10:000		6.83455e+06		102.681		39.9296		12268		0.0966648		309.332		
00:00:09:900		1.48919e+07		-0.509541		3.72221		529.415		6.9727e+06		536.065			00:00:09:900		6.83455e+06		102.681		39.8705		11516.9		0.0941272		309.335		
00:00:09:800		1.48982e+07		-0.500113		3.67658		529.398		6.97268e+06		536.03			00:00:09:800		6.83454e+06		102.681		39.8705		11516.9		0.0941272		309.338		
00:00:09:599		1.49108e+07		-0.481367		3.60563		529.367		6.97263e+06		535.956			00:00:09:599		6.83452e+06		102.616		39.8099		10798.3		0.0915866		309.345		
00:00:09:599		1.49108e+07		-0.481367		3.60563		529.367		6.97263e+06		535.956			00:00:09:599		6.83452e+06		102.616		39.8099		10798.3		0.0915866		309.345		
00:00:09:500		1.4917e+07		-0.472054		3.57909		529.352		6.9726e+06		535.917			00:00:09:500		6.83451e+06		102.551		39.8099		10798.3		0.0915866		309.348		
00:00:09:400		1.49233e+07		-0.462785		3.54166		529.339		6.97257e+06		535.876			00:00:09:400		6.83449e+06		102.551		39.7487		10102.5		0.0890428		309.351		
00:00:09:300		1.49295e+07		-0.453559		3.48887		529.328		6.97254e+06		535.835			00:00:09:300		6.83448e+06		102.551		39.7487		10102.5		0.0890428		309.354		
00:00:09:199		1.49358e+07		-0.444372		3.44023		529.317		6.97251e+06		535.791			00:00:09:199		6.83446e+06		102.485		39.6867		9424.29		0.0864959		309.357		
00:00:09:099		1.4942e+07		-0.435227		3.4231		529.304		6.97247e+06		535.749			00:00:09:099		6.83445e+06		102.485		39.6867		9424.29		0.0864959		309.361		
00:00:09:000		1.49483e+07		-0.426124		3.41561		529.295		6.97243e+06		535.702			00:00:09:000		6.83442e+06		102.419		39.6867		9424.29		0.0864959		309.364		
00:00:08:900		1.49545e+07		-0.417064		3.40829		529.284		6.97239e+06		535.654			00:00:08:900		6.8344e+06		102.419		39.6212		8764.58		0.0839458		309.367		
00:00:08:800		1.49608e+07		-0.408049		3.40108		529.275		6.97235e+06		535.604			00:00:08:800		6.83438e+06		102.419		39.6212		8764.58		0.0839458		309.371		
00:00:08:599		1.49733e+07		-0.390144		3.3868		529.258		6.97225e+06		535.501			00:00:08:599		6.83433e+06		102.353		39.5482		8123.37		0.0813923		309.378		
00:00:08:599		1.49733e+07		-0.390144		3.3868		529.258		6.97225e+06		535.501			00:00:08:599		6.83433e+06		102.353		39.5482		8123.37		0.0813923		309.378		
00:00:08:500		1.49795e+07		-0.381252		3.37972		529.252		6.9722e+06		535.447			00:00:08:500		6.8343e+06		102.285		39.5482		8123.37		0.0813923		309.381		
00:00:08:400		1.49858e+07		-0.372405		3.37294		529.245		6.97214e+06		535.387			00:00:08:400		6.83427e+06		102.285		39.4719		7505.18		0.0788355		309.385		
00:00:08:300		1.49921e+07		-0.3636		3.36611		529.24		6.97208e+06		535.317			00:00:08:300		6.83424e+06		102.285		39.4719		7505.18		0.0788355		309.388		
00:00:08:199		1.49984e+07		-0.354848		3.35946		529.236		6.97202e+06		535.265			00:00:08:199		6.8342e+06		102.215		39.3949		6905.57		0.0762751		309.392		
00:00:08:099		1.50047e+07		-0.346141		3.35305		529.234		6.97196e+06		535.197			00:00:08:099		6.83417e+06		102.215		39.3949		6905.57		0.0762751		309.396		
00:00:08:000		1.50109e+07		-0.337481		3.34666		529.234		6.97189e+06		535.137			00:00:08:000		6.83413e+06		102.145		39.3949		6905.57		0.0762751		309.4		
00:00:07:849		1.50204e+07		-0.324568		3.33716		529.234		6.97179e+06		535.041			00:00:07:849		6.83406e+06		102.145		39.3175		6330.94		0.0737112		309.406		
00:00:07:700		1.50299e+07		-0.311742		3.32783		529.236		6.97167e+06		534.934			00:00:07:700		6.834e+06		102.073		39.2405		5775.72		0.0711436		309.413		
00:00:07:549		1.50395e+07		-0.299023		3.31848		529.24		6.97155e+06		534.823			00:00:07:549		6.83392e+06		102.073		39.2405		5775.72		0.0711436		309.42		
00:00:07:549		1.50395e+07		-0.299023		3.31848		529.24		6.97155e+06		534.823			00:00:07:549		6.83392e+06		102.073		39.2405		5775.72		0.0711436		309.42		
00:00:07:450		1.50458e+07		-0.290606		3.31239		529.241		6.97147e+06		534.744			00:00:07:450		6.83387e+06		101.999		39.1645		5265.91		0.0685722		309.424		
00:00:07:349		1.50521e+07		-0.282248		3.30631		529.245		6.97138e+06		534.673			00:00:07:349		6.83382e+06		101.999		39.1645		5265.91		0.0685722		309.429		
00:00:07:250		1.50584e+07		-0.273953		3.30041		529.251		6.97129e+06		534.586			00:00:07:250		6.83376e+06		101.925		39.1645		5265.91		0.0685722		309.433		
00:00:07:150		1.50646e+07		-0.265708		3.29472		529.256		6.97119e+06		534.505			00:00:07:150		6.8337e+06		101.925		39.0907		4800.81		0.0659971		309.438		
00:00:07:049		1.50708e+07		-0.2575		3.28926		529.265		6.9711e+06		534.419			00:00:07:049		6.83365e+06		101.925		39.0907		4800.81		0.0659971		309.443		
00:00:06:950		1.50769e+07		-0.24932		3.28391		529.273		6.97099e+06		534.326			00:00:06:950		6.83359e+06		101.844		39.0205		4345.37		0.0634181		309.447		
00:00:06:849		1.50831e+07		-0.241163		3.2787		529.282		6.97089e+06		534.233			00:00:06:849		6.83352e+06		101.844		39.0205		4345.37		0.0634181		309.452		
00:00:06:750		1.50893e+07		-0.233024		3.2736		529.291		6.97078e+06		534.133			00:00:06:750		6.83346e+06		101.779		39.0205		4345.37		0.0634181		309.458		
00:00:06:650		1.50954e+07		-0.2249		3.26856		529.302		6.97067e+06		534.046			00:00:06:650		6.83339e+06		101.779		38.9515		3906.78		0.060835		309.463		
00:00:06:549		1.51016e+07		-0.216786		3.26364		529.313		6.97056e+06		533.946			00:00:06:549		6.83332e+06		101.779		38.9515		3906.78		0.060835		309.469		
00:00:06:450		1.51077e+07		-0.208694		3.25868		529.324		6.97044e+06		533.843			00:00:06:450		6.83325e+06		101.711		38.8734		3479.89		0.0582477		309.475		
00:00:06:349		1.51138e+07		-0.200624		3.25393		529.337		6.97032e+06		533.734			00:00:06:349		6.83318e+06		101.711		38.8734		3479.89		0.0582477		309.475		
00:00:06:349		1.51138e+07		-0.200624		3.25393		529.337		6.97032e+06		533.734			00:00:06:349		6.83318e+06		101.711		38.8734		3479.89		0.0582477		309.481		
00:00:06:250		1.51198e+07		-0.192582		3.24931		529.352		6.97019e+06		533.625			00:00:06:250		6.8331e+06		101.64		38.8734		3479.89		0.0582477		309.487		
00:00:06:150		1.51258e+07		-0.184557		3.24457		529.369		6.97006e+06		533.502			00:00:06:150		6.83303e+06		101.64		38.7866		3062.83		0.055656		309.494		
00:00:06:049		1.51317e+07		-0.176557		3.23986		529.383		6.96993e+06		533.398			00:00:06:049		6.83295e+06		101.64		38.7866		3062.83		0.055656		309.501		
00:00:05:849		1.51433e+07		-0.160751		3.23012		529.418		6.96966e+06		533.157			00:00:05:849		6.83278e+06		101.568		38.6919		2660.35		0.0530598		309.515		
00:00:05:750		1.5149e+07		-0.152965		3.2254		529.439		6.96952e+06		533.03			00:00:05:750		6.8327e+06		101.494		38.6919		2660.35		0.0530598		309.522		
00:00:05:650		1.51546e+07		-0.145251		3.22074		529.457		6.96937e+06		532.905			00:00:05:650		6.83262e+06		101.494		38.5904		2272.09		0.0504592		309.528		
00:00:05:549		1.51601e+07		-0.1376		3.21634		529.477		6.96922e+06		532.776			00:00:05:549		6.83253e+06		101.494		38.5904		2272.09		0.0504592		309.535		
00:00:05:549		1.51601e+07		-0.1376		3.21634		529.477		6.96922e+06		532.776			00:00:05:549		6.83253e+06		101.494		38.5904		2272.09		0.0504592		309.535		
00:00:05:349		1.51709e+07		-0.122408		3.20868		529.521		6.96892e+06		532.488			00:00:05:349		6.83236e+06		101.417		38.4825		1901.25		0.0478541		309.55		
00:00:05:349		1.51709e+07		-0.122408		3.20868		529.521		6.96892e+06		532.488			00:00:05:349		6.83236e+06		101.417		38.4825		1901.25		0.0478541		309.55		
00:00:05:250		1.51763e+07		-0.114836		3.20521		529.544		6.96877e+06		532.337			00:00:05:250		6.83228e+06		101.337		38.4825		1901.25		0.0478541		309.557		
00:00:05:150		1.51818e+07		-0.10727		3.20159		529.564		6.96861e+06		532.191			00:00:05:150		6.83219e+06		101.337		38.3692		1553.93		0.0452441		309.565		
00:00:05:049		1.51873e+07		-0.0997138		3.19794		529.588		6.96845e+06		532.036			00:00:05:049		6.8321e+06		101.337		38.3692		1553.93		0.0452441		309.573		
00:00:04:900		1.51957e+07		-0.0884151		3.19272		529.625		6.96821e+06		531.817			00:00:04:900		6.83197e+06		101.255		38.2519		1234.75		0.0426291		309.586		
00:00:04:799		1.52013e+07		-0.0809107		3.18917		529.647		6.96805e+06		531.656			00:00:04:799		6.83188e+06		101.255		38.2519		1234.75		0.0426291		309.595		
00:00:04:599		1.52127e+07		-0.0659757		3.18193		529.698		6.96773e+06		531.333			00:00:04:599		6.83172e+06		101.171		38.1311		947.765		0.0400089		309.614		
00:00:04:599		1.52127e+07		-0.0659757		3.18193		529.698		6.96773e+06		531.333			00:00:04:599		6.83172e+06		101.171		38.1311		947.765		0.0400089		309.614		
00:00:04:500		1.52185e+07		-0.0585704		3.17775		529.722		6.96757e+06		531.156			00:00:04:500		6.83164e+06		101.084		38.1311		947.765		0.0400089		309.624		
00:00:04:400		1.52242e+07		-0.0512428		3.17389		529.75		6.9674e+06		530.979			00:00:04:400		6.83156e+06		101.084		38.0087		698.253		0.0373834		309.634		
00:00:04:299		1.52299e+07		-0.0439916		3.16931		529.774		6.96724e+06		530.808			00:00:04:299		6.83149e+06		101.084		38.0087		698.253		0.0373834		309.644		
00:00:04:200		1.52354e+07		-0.0368156		3.16506		529.798		6.96708e+06		530.625			00:00:04:200		6.83142e+06		100.995		37.8856		485.883		0.0347527		309.653		
00:00:04:000		1.52461e+07		-0.0226378		3.15688		529.846		6.96678e+06		530.271			00:00:04:000		6.83128e+06		100.995		37.8856		485.883		0.0347527		309.662		
00:00:04:000		1.52461e+07		-0.0226378		3.15688		529.846		6.96678e+06		530.271			00:00:04:000		6.83128e+06		100.905		37.8856		485.883		0.0347527		309.671		
00:00:03:899		1.52514e+07		-0.0155926		3.15297		529.87		6.96663e+06		530.1			00:00:03:899		6.83123e+06		100.905		37.7629		313.686		0.0321166		309.681		
00:00:03:799		1.52568e+07		-0.00855684		3.14902		529.892		6.96648e+06		529.92			00:00:03:799		6.83117e+06		100.905		37.7629		313.686		0.0321166		309.69		
00:00:03:600		1.52677e+07		0.00548267		3.14055		529.936		6.96621e+06		529.573			00:00:03:600		6.83108e+06		100.812		37.6431		184.446		0.0294749		309.709		
00:00:03:600		1.52677e+07		0.00548267		3.14055		529.936		6.96621e+06		529.573			00:00:03:600		6.83108e+06		100.812		37.6431		184.446		0.0294749		309.709		
00:00:03:500		1.52733e+07		0.012466		3.13568		529.958		6.96608e+06		529.401			00:00:03:500		6.83103e+06		100.72		37.6431		184.446		0.0294749		309.718		
00:00:03:399		1.52789e+07		0.0194116		3.1306		529.978		6.96596e+06		529.233			00:00:03:399		6.831e+06		100.72		37.5285		107.08		0.0268275		309.728		
00:00:03:299		1.52845e+07		0.0263152		3.12519		529.997		6.96585e+06		529.067			00:00:03:299		6.83097e+06		100.72		37.5285		107.08		0.0268275		309.737		
00:00:03:200		1.52902e+07		0.0331688		3.11981		530.015		6.96574e+06		528.909			00:00:03:200		6.83095e+06		100.628		37.4265		65.7404		0.0241742		309.746		
00:00:03:100		1.52958e+07		0.0399547		3.1142		530.03		6.96565e+06		528.763			00:00:03:100		6.83093e+06		100.628		37.4265		65.7404		0.0241742		309.755		
00:00:03:000		1.53015e+07		0.0466633		3.10804		530.046		6.96556e+06		528.6			00:00:03:000		6.83092e+06		100.529		37.4265		65.7404		0.0241742		309.763		
00:00:02:899		1.53072e+07		0.0532942		3.10115		530.059		6.96548e+06		528.456			00:00:02:899		6.83091e+06		100.529		37.3493		34.3937		0.0215149		309.772		
00:00:02:799		1.53129e+07		0.0598464		3.09365		530.074		6.9654e+06		528.322			00:00:02:799		6.83091e+06		100.529		37.3493		34.3937		0.0215149		309.779		
00:00:02:600		1.53244e+07		0.0727167		3.07858		530.1		6.96528e+06		528.072			00:00:02:600		6.83092e+06		100.487		37.2792		14.1187		0.0188494		309.792		
00:00:02:600		1.53244e+07		0.0727167		3.07858		530.1		6.96528e+06		528.072			00:00:02:600		6.83092e+06		100.487		37.2792		14.1187		0.0188494		309.792		
00:00:02:500		1.53302e+07		0.0790315		3.06962		530.111		6.96523e+06		527.967			00:00:02:500		6.83094e+06		100.437		37.2792		14.1187		0.0188494		309.797		
00:00:02:399		1.53361e+07		0.0852647		3.05868		530.12		6.96518e+06		527.857			00:00:02:399		6.83095e+06		100.437		37.1826		3.91379		0.0161776		309.801		
00:00:02:299		1.53419e+07		0.0914154		3.04607		530.129		6.96515e+06		527.76			00:00:02:299		6.83097e+06		100.437		37.1826		3.91379		0.0161776		309.804		
00:00:02:200		1.53479e+07		0.0974822		3.03392		530.138		6.96511e+06		527.656			00:00:02:200		6.83099e+06		100.378		37.0621		0.524391		0.0134992		309.805		
00:00:02:100		1.53539e+07		0.103465		3.02271		530.146		6.96508e+06		527.56			00:00:02:100		6.83101e+06		100.378		37.0621		0.524391		0.0134992		309.805		
00:00:01:949		1.5363e+07		0.112263		3.00197		530.157		6.96504e+06		527.404			00:00:01:949		6.83104e+06		100.312		36.9212		0		0.0108137		309.802		
00:00:01:850		1.53691e+07		0.118		2.98286		530.164		6.96501e+06		527.309			00:00:01:850		6.83105e+06		100.312		36.9212		0		0.0108137		309.799		
00:00:01:649		1.53813e+07		0.128884		2.95608		530.175		6.96496e+06		527.148			00:00:01:649		6.83109e+06		100.239		36.7644		0		0.00812083		309.792		
00:00:01:550		1.53874e+07		0.134069		2.95581		530.179		6.96494e+06		527.068			00:00:01:550		6.8311e+06		100.239		36.7644		0		0.00812083		309.788		
00:00:01:550		1.53874e+07		0.134069		2.95581		530.179		6.96494e+06		527.068			00:00:01:550		6.8311e+06		100.239		36.7644		0		0.00812083		309.788		
00:00:01:449		1.53938e+07		0.139362		2.94421		530.184		6.96491e+06		526.984			00:00:01:449		6.83112e+06		100.162		36.5993		0		0.00542122		309.785		
00:00:01:350		1.54008e+07		0.14497		2.91643		530.188		6.96489e+06		526.927			00:00:01:350		6.83114e+06		100.162		36.5993		0		0.00542122		309.78		
00:00:01:250		1.54096e+07		0.151041		2.88541		530.19		6.96488e+06		526.869			00:00:01:250		6.83115e+06		100.083		36.5993		0		0.00542122		309.773		
00:00:01:149		1.54216e+07		0.15744		2.87792		530.193		6.96487e+06		526.841			00:00:01:149		6.83117e+06		100.083		36.4451		0		0.00271636		309.765		
00:00:01:050		1.54375e+07		0.163597		2.92895		530.195		6.96486e+06		526.823			00:00:01:050		6.83118e+06		100.083		36.4451		0		0.00271636		309.759		
00:00:00:949		1.54551e+07		0.168606		2.96423		530.199		6.96486e+06		526.819			00:00:00:949		6.83118e+06		100.007		36.3828		0		0		309.761		
00:00:00:849		1.54693e+07		0.171657		2.96737		530.201		6.96486e+06		526.823			00:00:00:849		6.83118e+06		100.007		36.3828		0		0		309.777		
00:00:00:750		1.54769e+07		0.172763		2.92664		530.204		6.96486e+06		526.825			00:00:00:750		6.83118e+06		100.069		36.3828		0		0		309.807		
00:00:00:650		1.54786e+07		0.172839		2.83569		530.206		6.96486e+06		526.825			00:00:00:650		6.83118e+06		100.069		36.3831		0		0		309.846		
00:00:00:650		1.54786e+07		0.172839		2.83569		530.206		6.96486e+06		526.825			00:00:00:650		6.83118e+06		100.069		36.3831		0		0		309.846		
00:00:00:550		1.54786e+07		0.17284		2.83569		530.21		6.96486e+06		526.825			00:00:00:550		6.83117e+06		100.069		36.3831		0		0		309.846		
00:00:00:349		1.54786e+07		0.17284		2.83573		530.216		6.96485e+06		526.826			00:00:00:349		6.83116e+06		100.069		36.3834		0		0		309.846		
00:00:00:250		1.54786e+07		0.17284		2.83572		530.217		6.96484e+06		526.824			00:00:00:250		6.83116e+06		100.069		36.3834		0		0		309.846		
00:00:00:250		1.54786e+07		0.17284		2.83572		530.217		6.96484e+06		526.824			00:00:00:250		6.83116e+06		100.069		36.3834		0		0		309.846		
00:00:00:149		1.54785e+07		0.17284		2.83572		530.221		6.96484e+06		526.823			00:00:00:149		6.83116e+06		100.069		36.3837		0		0		309.846		
00:00:00:050		1.54785e+07		0.17284		2.83567		530.223		6.96484e+06		526.826			00:00:00:050		6.83115e+06		100.069		36.3837		0		0		309.846		
00:00:00:000		1.54785e+07		0.17284		2.83571		530.225		6.96483e+06		526.826			00:00:00:000		6.83115e+06		100.069		36.3837		0		0		309.846		
00:00:00:000		1.54785e+07		0.17284		2.83571		530.225		6.96483e+06		526.826			00:00:00:000		6.83115e+06		100.069		36.3837		0		0		309.846		
00:00:00:000		1.54785e+07		0.17284		2.83571		530.225		6.96483e+06		526.826			00:00:00:000		6.83115e+06		100.069		36.3837		0		0		309.846		
00:00:00:000		1.54785e+07		0.17284		2.83571		530.225		6.96483e+06		526.826			00:00:00:000		6.83115e+06		100.069		36.3837		0		0		309.846		
00:00:00:000		1.54785e+07		0.17284		2.83571		530.225		6.96483e+06		526.826			00:00:00:000		6.83115e+06		100.069		36.3837		0		0		309.846		
00:00:00:000		1.54785e+07		0.17284		2.83571		530.225		6.96483e+06		526.826			00:00:00:000		6.83115e+06		100.069		36.3837		0		0		309.846		
