	time 		gpv001pnt10113ppntm	evf507ety101mpzoyout	chtcon(1)	chavg(1)	chlhsumpa	rcptavgn			time 		rcpppzr	rcp054rcp007mnzoyout	rcv501std0102fvol	fwfrcp001gv	rcppmssga	msfsg(1)	
00:01:01:799		7.18341e+06		115.476		69.4978		525986		0.552879		289.863			00:01:01:799		1.01445e+07		-5.81802		0		0		7.18434e+06		35.0172		
00:01:01:700		7.18306e+06		115.45		69.4486		525232		0.552156		289.868			00:01:01:700		1.01579e+07		-5.8149		0		0		7.18361e+06		19.2102		
00:01:01:600		7.18244e+06		115.45		69.4486		525232		0.552156		289.873			00:01:01:600		1.01714e+07		-5.81167		0		0		7.18247e+06		-23.9359		
00:01:01:500		7.18202e+06		115.423		69.4486		525232		0.552156		289.879			00:01:01:500		1.01848e+07		-5.80833		0		0		7.18149e+06		-35.3866		
00:01:01:299		7.18094e+06		115.423		69.3988		524493		0.551432		289.889			00:01:01:299		1.02116e+07		-5.8013		0		0		7.18093e+06		16.0065		
00:01:01:200		7.18037e+06		115.396		69.3484		523770		0.550708		289.895			00:01:01:200		1.02249e+07		-5.79762		0		0		7.18087e+06		33.3326		
00:01:01:200		7.18037e+06		115.396		69.3484		523770		0.550708		289.895			00:01:01:200		1.02249e+07		-5.79762		0		0		7.18087e+06		33.3326		
00:01:01:100		7.17984e+06		115.396		69.3484		523770		0.550708		289.901			00:01:01:100		1.02382e+07		-5.79383		0		0		7.18054e+06		30.0453		
00:01:01:000		7.17932e+06		115.369		69.3484		523770		0.550708		289.907			00:01:01:000		1.02515e+07		-5.78994		0		0		7.17984e+06		20.4713		
00:01:00:899		7.1787e+06		115.369		69.2974		523045		0.549984		289.914			00:01:00:899		1.02648e+07		-5.78593		0		0		7.17879e+06		-21.1453		
00:01:00:799		7.17822e+06		115.369		69.2974		523045		0.549984		289.92			00:01:00:799		1.02781e+07		-5.78182		0		0		7.17784e+06		-28.3674		
00:01:00:700		7.1775e+06		115.342		69.2457		522321		0.549259		289.927			00:01:00:700		1.02914e+07		-5.7776		0		0		7.17728e+06		-14.259		
00:01:00:549		7.17678e+06		115.342		69.2457		522321		0.549259		289.937			00:01:00:549		1.03113e+07		-5.7711		0		0		7.17692e+06		20.8715		
00:01:00:450		7.17615e+06		115.315		69.1932		521563		0.548534		289.944			00:01:00:450		1.03246e+07		-5.76665		0		0		7.1766e+06		25.4122		
00:01:00:350		7.1756e+06		115.315		69.1932		521563		0.548534		289.952			00:01:00:350		1.03379e+07		-5.7621		0		0		7.17602e+06		22.316		
00:01:00:250		7.17495e+06		115.288		69.1932		521563		0.548534		289.959			00:01:00:250		1.03511e+07		-5.75747		0		0		7.17514e+06		0		
00:01:00:149		7.17435e+06		115.288		69.14		520776		0.547808		289.967			00:01:00:149		1.03643e+07		-5.75275		0		0		7.17421e+06		-19.0321		
00:01:00:049		7.17362e+06		115.288		69.14		520776		0.547808		289.975			00:01:00:049		1.03775e+07		-5.74794		0		0		7.17353e+06		-11.1825		
00:01:00:000		7.17331e+06		115.261		69.14		520776		0.547808		289.979			00:01:00:000		1.0384e+07		-5.74551		0		0		7.17326e+06		0		
00:00:59:899		7.17276e+06		115.261		69.0861		520021		0.547083		289.988			00:00:59:899		1.03972e+07		-5.74057		0.138365		0		7.17281e+06		11.4146		
00:00:59:799		7.17214e+06		115.261		69.0861		520021		0.547083		289.997			00:00:59:799		1.04103e+07		-5.73554		0.27688		0		7.17231e+06		14.8818		
00:00:59:799		7.17214e+06		115.261		69.0861		520021		0.547083		289.997			00:00:59:799		1.04103e+07		-5.73554		0.27688		0		7.17231e+06		14.8818		
00:00:59:600		7.17089e+06		115.235		69.0312		519247		0.546357		290.016			00:00:59:600		1.04364e+07		-5.72521		0.553539		0		7.17097e+06		0.293393		
00:00:59:500		7.17027e+06		115.208		69.0312		519247		0.546357		290.026			00:00:59:500		1.04495e+07		-5.71991		0.691449		0		7.17024e+06		0		
00:00:59:500		7.17027e+06		115.208		69.0312		519247		0.546357		290.026			00:00:59:500		1.04495e+07		-5.71991		0.691449		0		7.17024e+06		0		
00:00:59:299		7.16893e+06		115.208		68.9756		518461		0.545631		290.048			00:00:59:299		1.04755e+07		-5.70906		0.966178		0		7.16894e+06		3.36511		
00:00:59:200		7.16828e+06		115.181		68.9189		517705		0.544905		290.06			00:00:59:200		1.04884e+07		-5.7035		1.10274		0		7.16836e+06		10.5716		
00:00:59:200		7.16828e+06		115.181		68.9189		517705		0.544905		290.06			00:00:59:200		1.04884e+07		-5.7035		1.10274		0		7.16836e+06		10.5716		
00:00:59:100		7.16761e+06		115.181		68.9189		517705		0.544905		290.072			00:00:59:100		1.05014e+07		-5.69785		1.23862		0		7.16772e+06		10.2393		
00:00:58:899		7.16633e+06		115.154		68.8613		516914		0.544179		290.097			00:00:58:899		1.05273e+07		-5.68628		1.50781		0		7.16634e+06		3.78696		
00:00:58:799		7.16565e+06		115.154		68.8613		516914		0.544179		290.111			00:00:58:799		1.05401e+07		-5.68036		1.64083		0		7.16569e+06		6.35225		
00:00:58:700		7.16499e+06		115.127		68.8027		516112		0.543453		290.124			00:00:58:700		1.0553e+07		-5.67435		1.77258		0		7.16505e+06		7.93498		
00:00:58:600		7.16432e+06		115.127		68.8027		516112		0.543453		290.137			00:00:58:600		1.05659e+07		-5.66825		1.90281		0		7.1644e+06		8.65438		
00:00:58:500		7.16361e+06		115.101		68.8027		516112		0.543453		290.151			00:00:58:500		1.05787e+07		-5.66206		2.03123		0		7.16371e+06		9.28818		
00:00:58:399		7.1629e+06		115.101		68.7429		515356		0.542726		290.166			00:00:58:399		1.05915e+07		-5.65579		2.1577		0		7.16298e+06		6.89227		
00:00:58:299		7.16219e+06		115.101		68.7429		515356		0.542726		290.181			00:00:58:299		1.06043e+07		-5.64942		2.28197		0		7.16224e+06		5.17886		
00:00:58:299		7.16219e+06		115.101		68.7429		515356		0.542726		290.181			00:00:58:299		1.06043e+07		-5.64942		2.28197		0		7.16224e+06		5.17886		
00:00:58:100		7.16073e+06		115.074		68.682		514598		0.541999		290.214			00:00:58:100		1.06298e+07		-5.63642		2.52465		0		7.16079e+06		7.08889		
00:00:58:100		7.16073e+06		115.074		68.682		514598		0.541999		290.214			00:00:58:100		1.06298e+07		-5.63642		2.52465		0		7.16079e+06		7.08889		
00:00:58:000		7.16000e+06		115.047		68.682		514598		0.541999		290.23			00:00:58:000		1.06425e+07		-5.62978		2.64361		0		7.16008e+06		8.09717		
00:00:57:899		7.15928e+06		115.047		68.6197		513809		0.541272		290.247			00:00:57:899		1.06552e+07		-5.62304		2.76484		0		7.15936e+06		8.58211		
00:00:57:799		7.15855e+06		115.047		68.6197		513809		0.541272		290.263			00:00:57:799		1.06679e+07		-5.61621		2.88851		0		7.15863e+06		7.93727		
00:00:57:700		7.15783e+06		115.02		68.5561		513004		0.540545		290.279			00:00:57:700		1.06805e+07		-5.60927		3.01222		0		7.15791e+06		8.28249		
00:00:57:549		7.15675e+06		115.02		68.5561		513004		0.540545		290.303			00:00:57:549		1.06993e+07		-5.59869		3.19477		0		7.15683e+06		9.02582		
00:00:57:450		7.15603e+06		114.994		68.4909		512200		0.539818		290.319			00:00:57:450		1.07119e+07		-5.59152		3.30857		0		7.15612e+06		9.79354		
00:00:57:250		7.15459e+06		114.967		68.4909		512200		0.539818		290.35			00:00:57:250		1.07369e+07		-5.57692		3.52576		0		7.1547e+06		10.6919		
00:00:57:250		7.15459e+06		114.967		68.4909		512200		0.539818		290.35			00:00:57:250		1.07369e+07		-5.57692		3.52576		0		7.1547e+06		10.6919		
00:00:57:149		7.15388e+06		114.967		68.4242		511395		0.53909		290.365			00:00:57:149		1.07495e+07		-5.56948		3.62828		0		7.15399e+06		10.9051		
00:00:57:049		7.15317e+06		114.967		68.4242		511395		0.53909		290.381			00:00:57:049		1.07621e+07		-5.56194		3.72794		0		7.15329e+06		11.2059		
00:00:56:950		7.15246e+06		114.94		68.3558		510607		0.538362		290.397			00:00:56:950		1.07747e+07		-5.55431		3.82478		0		7.15259e+06		11.626		
00:00:56:850		7.15177e+06		114.94		68.3558		510607		0.538362		290.413			00:00:56:850		1.07873e+07		-5.54658		3.91873		0		7.1519e+06		12.0937		
00:00:56:750		7.15108e+06		114.914		68.3558		510607		0.538362		290.429			00:00:56:750		1.07998e+07		-5.53875		4.00978		0		7.15122e+06		12.7168		
00:00:56:649		7.1504e+06		114.914		68.2857		509800		0.537634		290.445			00:00:56:649		1.08124e+07		-5.53082		4.09794		0		7.15055e+06		13.5215		
00:00:56:549		7.14973e+06		114.914		68.2857		509800		0.537634		290.462			00:00:56:549		1.08249e+07		-5.52278		4.18318		0		7.1499e+06		14.4392		
00:00:56:450		7.14908e+06		114.887		68.2137		508980		0.536906		290.479			00:00:56:450		1.08374e+07		-5.51463		4.26554		0		7.14926e+06		15.3802		
00:00:56:299		7.14812e+06		114.887		68.2137		508980		0.536906		290.504			00:00:56:299		1.08562e+07		-5.50219		4.38372		0		7.14833e+06		16.5133		
00:00:56:299		7.14812e+06		114.887		68.2137		508980		0.536906		290.504			00:00:56:299		1.08562e+07		-5.50219		4.38372		0		7.14833e+06		16.5133		
00:00:56:149		7.14718e+06		114.86		68.1399		508174		0.536177		290.531			00:00:56:149		1.08749e+07		-5.48949		4.49558		0		7.14741e+06		17.5459		
00:00:56:049		7.14658e+06		114.86		68.1399		508174		0.536177		290.549			00:00:56:049		1.08873e+07		-5.48088		4.56674		0		7.14682e+06		18.3033		
00:00:55:950		7.14598e+06		114.833		68.0639		507369		0.535448		290.568			00:00:55:950		1.08997e+07		-5.47215		4.63519		0		7.14624e+06		19.1494		
00:00:55:850		7.14539e+06		114.833		68.0639		507369		0.535448		290.587			00:00:55:850		1.09122e+07		-5.46332		4.70103		0		7.14567e+06		20.0525		
00:00:55:750		7.14482e+06		114.807		68.0639		507369		0.535448		290.607			00:00:55:750		1.09246e+07		-5.45438		4.76433		0		7.14512e+06		20.9053		
00:00:55:649		7.14425e+06		114.807		67.9859		506530		0.534719		290.627			00:00:55:649		1.0937e+07		-5.44533		4.82511		0		7.14457e+06		21.8188		
00:00:55:549		7.1437e+06		114.807		67.9859		506530		0.534719		290.648			00:00:55:549		1.09494e+07		-5.43618		4.88348		0		7.14404e+06		22.4551		
00:00:55:450		7.14316e+06		114.78		67.9055		505661		0.533989		290.669			00:00:55:450		1.09618e+07		-5.42694		4.93954		0		7.14351e+06		23.271		
00:00:55:350		7.14262e+06		114.78		67.9055		505661		0.533989		290.691			00:00:55:350		1.09742e+07		-5.41762		4.9933		0		7.143e+06		24.0974		
00:00:55:250		7.1421e+06		114.753		67.9055		505661		0.533989		290.713			00:00:55:250		1.09866e+07		-5.40823		5.04489		0		7.1425e+06		24.9163		
00:00:55:149		7.1416e+06		114.753		67.8228		504809		0.533259		290.735			00:00:55:149		1.0999e+07		-5.39878		5.094		0		7.14201e+06		25.6621		
00:00:55:049		7.14111e+06		114.753		67.8228		504809		0.533259		290.758			00:00:55:049		1.10114e+07		-5.38928		5.14185		0		7.14155e+06		26.8176		
00:00:54:950		7.14064e+06		114.727		67.7376		503938		0.532529		290.782			00:00:54:950		1.10238e+07		-5.37974		5.18729		0		7.14112e+06		28.0012		
00:00:54:850		7.14019e+06		114.727		67.7376		503938		0.532529		290.806			00:00:54:850		1.10361e+07		-5.37017		5.23082		0		7.1407e+06		29.2034		
00:00:54:700		7.13956e+06		114.7		67.6497		503055		0.531798		290.844			00:00:54:700		1.10546e+07		-5.35577		5.29275		0		7.14013e+06		31.1298		
00:00:54:600		7.13916e+06		114.7		67.6497		503055		0.531798		290.87			00:00:54:600		1.1067e+07		-5.34615		5.33187		0		7.13977e+06		32.4434		
00:00:54:500		7.13878e+06		114.674		67.6497		503055		0.531798		290.896			00:00:54:500		1.10793e+07		-5.33649		5.3693		0		7.13944e+06		33.7382		
00:00:54:299		7.13809e+06		114.674		67.559		502153		0.531067		290.951			00:00:54:299		1.11039e+07		-5.31705		5.43955		0		7.13883e+06		36.1405		
00:00:54:200		7.13777e+06		114.647		67.4653		501171		0.530335		290.979			00:00:54:200		1.11162e+07		-5.30724		5.47244		0		7.13855e+06		37.2502		
00:00:54:200		7.13777e+06		114.647		67.4653		501171		0.530335		290.979			00:00:54:200		1.11162e+07		-5.30724		5.47244		0		7.13855e+06		37.2502		
00:00:54:100		7.13746e+06		114.647		67.4653		501171		0.530335		291.008			00:00:54:100		1.11285e+07		-5.29737		5.50387		0		7.13829e+06		38.3096		
00:00:54:100		7.13746e+06		114.647		67.4653		501171		0.530335		291.008			00:00:54:100		1.11285e+07		-5.29737		5.50387		0		7.13829e+06		38.3096		
00:00:54:000		7.13718e+06		114.62		67.4653		501171		0.530335		291.037			00:00:54:000		1.11407e+07		-5.28745		5.53396		0		7.13804e+06		39.3967		
00:00:53:899		7.13692e+06		114.62		67.3686		500063		0.529603		291.068			00:00:53:899		1.11531e+07		-5.27746		5.56285		0		7.13782e+06		40.571		
00:00:53:799		7.13667e+06		114.62		67.3686		500063		0.529603		291.098			00:00:53:799		1.11655e+07		-5.2674		5.59056		0		7.13762e+06		41.9019		
00:00:53:700		7.13644e+06		114.592		67.2686		498767		0.52887		291.13			00:00:53:700		1.11778e+07		-5.25729		5.61698		0		7.13745e+06		43.3317		
00:00:53:600		7.13622e+06		114.592		67.2686		498767		0.52887		291.162			00:00:53:600		1.11902e+07		-5.24711		5.64207		0		7.1373e+06		44.8671		
00:00:53:500		7.13602e+06		114.564		67.2686		498767		0.52887		291.195			00:00:53:500		1.12025e+07		-5.23687		5.66605		0		7.13717e+06		46.3545		
00:00:53:299		7.13568e+06		114.564		67.1653		497205		0.528136		291.262			00:00:53:299		1.12272e+07		-5.21618		5.71172		0		7.13696e+06		49.0114		
00:00:53:200		7.13553e+06		114.532		67.0587		495304		0.527402		291.297			00:00:53:200		1.12395e+07		-5.20573		5.73307		0		7.13687e+06		50.0962		
00:00:53:100		7.1354e+06		114.532		67.0587		495304		0.527402		291.332			00:00:53:100		1.12518e+07		-5.19522		5.75296		0		7.13678e+06		51.053		
00:00:53:000		7.13528e+06		114.495		67.0587		495304		0.527402		291.367			00:00:53:000		1.12642e+07		-5.18464		5.77172		0		7.13671e+06		51.8958		
00:00:53:000		7.13528e+06		114.495		67.0587		495304		0.527402		291.367			00:00:53:000		1.12642e+07		-5.18464		5.77172		0		7.13671e+06		51.8958		
00:00:52:899		7.13518e+06		114.495		66.9489		493121		0.526667		291.404			00:00:52:899		1.12766e+07		-5.174		5.7902		0		7.13665e+06		52.6869		
00:00:52:700		7.13503e+06		114.449		66.8365		490801		0.525932		291.478			00:00:52:700		1.13013e+07		-5.15253		5.82644		0		7.13658e+06		54.5571		
00:00:52:700		7.13503e+06		114.449		66.8365		490801		0.525932		291.478			00:00:52:700		1.13013e+07		-5.15253		5.82644		0		7.13658e+06		54.5571		
00:00:52:600		7.13498e+06		114.449		66.8365		490801		0.525932		291.516			00:00:52:600		1.13138e+07		-5.14171		5.8421		0		7.13659e+06		55.6973		
00:00:52:500		7.13494e+06		114.39		66.8365		490801		0.525932		291.554			00:00:52:500		1.13263e+07		-5.13084		5.85589		0		7.13662e+06		57.0093		
00:00:52:299		7.13491e+06		114.39		66.7222		488432		0.525196		291.633			00:00:52:299		1.13513e+07		-5.10896		5.88589		0		7.13675e+06		60.1038		
00:00:52:299		7.13491e+06		114.39		66.7222		488432		0.525196		291.633			00:00:52:299		1.13513e+07		-5.10896		5.88589		0		7.13675e+06		60.1038		
00:00:52:149		7.13492e+06		114.319		66.607		486054		0.523118		291.687			00:00:52:149		1.137e+07		-5.09247		5.91041		0		7.13692e+06		62.7504		
00:00:52:049		7.13495e+06		114.319		66.607		486054		0.523118		291.734			00:00:52:049		1.13824e+07		-5.08145		5.92113		0		7.13706e+06		64.53		
00:00:51:950		7.13499e+06		114.243		66.4912		483674		0.521038		291.779			00:00:51:950		1.13949e+07		-5.07043		5.92921		0		7.13721e+06		66.1834		
00:00:51:850		7.13506e+06		114.243		66.4912		483674		0.521038		291.825			00:00:51:850		1.14074e+07		-5.05939		5.93961		0		7.13737e+06		67.6458		
00:00:51:750		7.13514e+06		114.167		66.4912		483674		0.521038		291.872			00:00:51:750		1.14199e+07		-5.04834		5.95485		0		7.13755e+06		68.9468		
00:00:51:649		7.13525e+06		114.167		66.3749		481275		0.518956		291.919			00:00:51:649		1.14323e+07		-5.03727		5.97032		0		7.13774e+06		70.1703		
00:00:51:549		7.13539e+06		114.167		66.3749		481275		0.518956		291.967			00:00:51:549		1.14448e+07		-5.02618		5.97881		0		7.13795e+06		71.3854		
00:00:51:350		7.1357e+06		114.091		66.258		478859		0.516871		292.065			00:00:51:350		1.14696e+07		-5.0039		5.98327		0		7.13849e+06		74.9491		
00:00:51:250		7.13588e+06		114.014		66.258		478859		0.516871		292.114			00:00:51:250		1.1482e+07		-4.9927		5.99771		0		7.13882e+06		77.2647		
00:00:51:250		7.13588e+06		114.014		66.258		478859		0.516871		292.114			00:00:51:250		1.1482e+07		-4.9927		5.99771		0		7.13882e+06		77.2647		
00:00:51:149		7.13609e+06		114.014		66.1406		476425		0.514785		292.164			00:00:51:149		1.14944e+07		-4.98147		6.01824		0		7.13921e+06		79.61		
00:00:51:049		7.13634e+06		114.014		66.1406		476425		0.514785		292.214			00:00:51:049		1.15067e+07		-4.9702		6.02895		0		7.13964e+06		82.019		
00:00:50:950		7.13662e+06		113.938		66.0228		473956		0.512696		292.265			00:00:50:950		1.15191e+07		-4.95889		6.02175		0		7.14012e+06		84.4734		
00:00:50:850		7.13694e+06		113.938		66.0228		473956		0.512696		292.317			00:00:50:850		1.15314e+07		-4.94754		6.01216		13.7391		7.14064e+06		86.8566		
00:00:50:750		7.13729e+06		113.861		66.0228		473956		0.512696		292.37			00:00:50:750		1.15438e+07		-4.93616		6.021		22.4411		7.14118e+06		89.2713		
00:00:50:649		7.13766e+06		113.861		65.9045		471470		0.510604		292.423			00:00:50:649		1.15562e+07		-4.92474		6.0512		30.3765		7.14176e+06		91.6064		
00:00:50:549		7.13806e+06		113.861		65.9045		471470		0.510604		292.477			00:00:50:549		1.15686e+07		-4.91328		6.0706		37.8423		7.14237e+06		93.972		
00:00:50:450		7.13849e+06		113.785		65.7858		468966		0.50851		292.531			00:00:50:450		1.15809e+07		-4.90178		6.05269		44.933		7.14302e+06		96.3112		
00:00:50:350		7.13896e+06		113.785		65.7858		468966		0.50851		292.586			00:00:50:350		1.15933e+07		-4.89025		6.00509		51.8801		7.1437e+06		98.6186		
00:00:50:250		7.13946e+06		113.708		65.7858		468966		0.50851		292.641			00:00:50:250		1.16056e+07		-4.87869		5.95801		58.7472		7.14441e+06		100.889		
00:00:50:149		7.13999e+06		113.708		65.6666		466461		0.506414		292.697			00:00:50:149		1.16179e+07		-4.86709		5.91204		65.2745		7.14517e+06		103.187		
00:00:50:049		7.14055e+06		113.708		65.6666		466461		0.506414		292.753			00:00:50:049		1.16302e+07		-4.85545		5.86528		71.459		7.14596e+06		105.499		
00:00:49:950		7.14115e+06		113.631		65.5468		463935		0.504315		292.809			00:00:49:950		1.16425e+07		-4.84379		5.81499		77.5842		7.14679e+06		107.825		
00:00:49:850		7.14178e+06		113.631		65.5468		463935		0.504315		292.866			00:00:49:850		1.16548e+07		-4.83209		5.76145		83.853		7.14766e+06		110.206		
00:00:49:750		7.14244e+06		113.554		65.5468		463935		0.504315		292.924			00:00:49:750		1.1667e+07		-4.82036		5.70817		89.8289		7.14858e+06		112.62		
00:00:49:649		7.14314e+06		113.554		65.4266		461361		0.502213		292.982			00:00:49:649		1.16792e+07		-4.8086		5.65825		95.4363		7.14954e+06		115.033		
00:00:49:549		7.14387e+06		113.554		65.4266		461361		0.502213		293.041			00:00:49:549		1.16914e+07		-4.79681		5.61021		101.193		7.15054e+06		117.471		
00:00:49:450		7.14464e+06		113.477		65.3058		458769		0.500109		293.1			00:00:49:450		1.17036e+07		-4.78499		5.559		107.263		7.15158e+06		119.876		
00:00:49:350		7.14544e+06		113.477		65.3058		458769		0.500109		293.16			00:00:49:350		1.17158e+07		-4.77315		5.50241		113.126		7.15266e+06		122.294		
00:00:49:250		7.14629e+06		113.4		65.3058		458769		0.500109		293.25			00:00:49:250		1.1734e+07		-4.75533		5.41813		121.475		7.15436e+06		125.932		
00:00:49:100		7.14762e+06		113.4		65.1844		456174		0.498002		293.311			00:00:49:100		1.17461e+07		-4.74343		5.37002		127.565		7.15555e+06		128.37		
00:00:49:000		7.14855e+06		113.322		65.1844		456174		0.498002		293.372			00:00:49:000		1.17582e+07		-4.73149		5.32424		134.084		7.15678e+06		130.827		
00:00:48:899		7.14952e+06		113.322		65.0624		453544		0.495893		293.434			00:00:48:899		1.17703e+07		-4.71954		5.27039		140.697		7.15806e+06		133.344		
00:00:48:799		7.15053e+06		113.322		65.0624		453544		0.495893		293.495			00:00:48:799		1.17823e+07		-4.70756		5.2045		148.149		7.15939e+06		135.904		
00:00:48:700		7.15157e+06		113.245		64.9398		450881		0.49378		293.558			00:00:48:700		1.17944e+07		-4.69558		5.13533		158.54		7.16076e+06		138.412		
00:00:48:600		7.15264e+06		113.245		64.9398		450881		0.49378		293.62			00:00:48:600		1.18064e+07		-4.68359		5.07483		175.147		7.16216e+06		140.734		
00:00:48:600		7.15264e+06		113.245		64.9398		450881		0.49378		293.62			00:00:48:600		1.18064e+07		-4.68359		5.07483		175.147		7.16216e+06		140.734		
00:00:48:500		7.15373e+06		113.167		64.9398		450881		0.49378		293.683			00:00:48:500		1.18184e+07		-4.67161		5.02443		203.543		7.16356e+06		143.01		
00:00:48:399		7.15479e+06		113.167		64.8166		448217		0.491664		293.747			00:00:48:399		1.18304e+07		-4.65962		4.9705		246.507		7.16495e+06		145.217		
00:00:48:200		7.15683e+06		113.09		64.6928		445550		0.489546		293.876			00:00:48:200		1.18541e+07		-4.6357		4.82062		335.484		7.1676e+06		149.407		
00:00:48:200		7.15683e+06		113.09		64.6928		445550		0.489546		293.876			00:00:48:200		1.18541e+07		-4.6357		4.82062		335.484		7.1676e+06		149.407		
00:00:48:100		7.1578e+06		113.09		64.6928		445550		0.489546		293.942			00:00:48:100		1.18657e+07		-4.62375		4.75135		372.254		7.16887e+06		151.375		
00:00:47:899		7.15966e+06		113.012		64.5685		442847		0.487424		294.074			00:00:47:899		1.18887e+07		-4.59983		4.66921		427.845		7.17132e+06		155.277		
00:00:47:799		7.16056e+06		113.012		64.5685		442847		0.487424		294.14			00:00:47:799		1.19002e+07		-4.58782		4.60458		447.87		7.17251e+06		157.179		
00:00:47:799		7.16056e+06		113.012		64.5685		442847		0.487424		294.14			00:00:47:799		1.19002e+07		-4.58782		4.60458		447.87		7.17251e+06		157.179		
00:00:47:600		7.16232e+06		112.934		64.4436		440096		0.485298		294.272			00:00:47:600		1.19231e+07		-4.56369		4.42045		472.868		7.17485e+06		160.985		
00:00:47:500		7.16320e+06		112.856		64.4436		440096		0.485298		294.34			00:00:47:500		1.19345e+07		-4.55157		4.3657		475.952		7.17602e+06		162.893		
00:00:47:500		7.16320e+06		112.856		64.4436		440096		0.485298		294.34			00:00:47:500		1.19345e+07		-4.55157		4.3657		475.952		7.17602e+06		162.893		
00:00:47:399		7.16409e+06		112.856		64.3183		437326		0.48317		294.408			00:00:47:399		1.1946e+07		-4.5394		4.33835		476.545		7.17721e+06		164.817		
00:00:47:200		7.16589e+06		112.777		64.1925		434538		0.481038		294.545			00:00:47:200		1.19688e+07		-4.51494		4.19147		477.63		7.17961e+06		168.623		
00:00:47:200		7.16589e+06		112.777		64.1925		434538		0.481038		294.545			00:00:47:200		1.19688e+07		-4.51494		4.19147		477.63		7.17961e+06		168.623		
00:00:47:100		7.1668e+06		112.777		64.1925		434538		0.481038		294.615			00:00:47:100		1.19802e+07		-4.50265		4.08168		478.161		7.18082e+06		170.542		
00:00:47:000		7.16771e+06		112.699		64.1925		434538		0.481038		294.684			00:00:47:000		1.19916e+07		-4.49033		4.0109		478.686		7.18203e+06		172.465		
00:00:46:850		7.16907e+06		112.699		64.0663		431716		0.478902		294.788			00:00:46:850		1.20087e+07		-4.47182		4.00632		479.455		7.18386e+06		175.287		
00:00:46:750		7.16999e+06		112.62		64.0663		431716		0.478902		294.859			00:00:46:750		1.20202e+07		-4.45946		3.99918		479.955		7.18508e+06		176.985		
00:00:46:700		7.17046e+06		112.62		63.9396		428859		0.476763		294.894			00:00:46:700		1.20259e+07		-4.45328		3.99371		480.203		7.18568e+06		177.779		
00:00:46:600		7.1714e+06		112.62		63.9396		428859		0.476763		294.965			00:00:46:600		1.20373e+07		-4.44093		3.98278		480.69		7.18689e+06		179.385		
00:00:46:500		7.17233e+06		112.542		63.9396		428859		0.476763		295.037			00:00:46:500		1.20487e+07		-4.42857		3.97769		481.166		7.18809e+06		180.971		
00:00:46:250		7.17461e+06		112.463		63.8123		425968		0.474619		295.219			00:00:46:250		1.20772e+07		-4.39767		3.97312		482.317		7.19106e+06		184.981		
00:00:46:149		7.1755e+06		112.463		63.6845		423060		0.472471		295.293			00:00:46:149		1.20885e+07		-4.38531		3.96062		482.764		7.19223e+06		186.593		
00:00:46:149		7.1755e+06		112.463		63.6845		423060		0.472471		295.293			00:00:46:149		1.20885e+07		-4.38531		3.96062		482.764		7.19223e+06		186.593		
00:00:46:049		7.17638e+06		112.463		63.6845		423060		0.472471		295.368			00:00:46:049		1.20998e+07		-4.37294		3.95031		483.2		7.19339e+06		188.229		
00:00:45:950		7.17723e+06		112.384		63.5561		420132		0.470319		295.444			00:00:45:950		1.21111e+07		-4.36056		3.94946		483.633		7.19454e+06		189.956		
00:00:45:850		7.17805e+06		112.384		63.5561		420132		0.470319		295.52			00:00:45:850		1.21222e+07		-4.34817		3.9536		484.058		7.19568e+06		191.755		
00:00:45:750		7.17885e+06		112.305		63.5561		420132		0.470319		295.597			00:00:45:750		1.21333e+07		-4.33578		3.9525		484.481		7.1968e+06		193.533		
00:00:45:649		7.17962e+06		112.305		63.4271		417170		0.468163		295.674			00:00:45:649		1.21443e+07		-4.32338		3.93707		484.897		7.1979e+06		195.251		
00:00:45:549		7.18038e+06		112.305		63.4271		417170		0.468163		295.751			00:00:45:549		1.21552e+07		-4.31098		3.92348		485.311		7.19897e+06		196.95		
00:00:45:450		7.18112e+06		112.225		63.2975		414139		0.466001		295.83			00:00:45:450		1.21662e+07		-4.29859		3.92272		485.719		7.20003e+06		198.654		
00:00:45:350		7.18183e+06		112.225		63.2975		414139		0.466001		295.909			00:00:45:350		1.21771e+07		-4.28618		3.93253		486.126		7.20106e+06		200.367		
00:00:45:250		7.18252e+06		112.146		63.2975		414139		0.466001		295.989			00:00:45:250		1.2188e+07		-4.27377		3.94086		486.523		7.20207e+06		202.065		
00:00:45:149		7.18319e+06		112.146		63.1674		411076		0.463834		296.07			00:00:45:149		1.21989e+07		-4.26135		3.94845		486.917		7.20305e+06		203.684		
00:00:45:049		7.18386e+06		112.146		63.1674		411076		0.463834		296.151			00:00:45:049		1.22098e+07		-4.24891		3.95737		487.308		7.204e+06		205.067		
00:00:44:950		7.18452e+06		112.066		63.0368		408010		0.461661		296.234			00:00:44:950		1.22207e+07		-4.23646		3.9652		487.698		7.20492e+06		206.457		
00:00:44:850		7.18513e+06		112.066		63.0368		408010		0.461661		296.318			00:00:44:850		1.22316e+07		-4.22401		3.97393		488.081		7.20581e+06		207.848		
00:00:44:750		7.18571e+06		111.986		63.0368		408010		0.461661		296.402			00:00:44:750		1.22424e+07		-4.21156		3.98512		488.467		7.20666e+06		209.252		
00:00:44:649		7.18625e+06		111.986		62.9057		404892		0.459483		296.488			00:00:44:649		1.22533e+07		-4.1991		3.99369		488.844		7.20748e+06		210.657		
00:00:44:549		7.18675e+06		111.986		62.9057		404892		0.459483		296.574			00:00:44:549		1.22641e+07		-4.18666		4.0003		489.22		7.20826e+06		212.072		
00:00:44:450		7.18721e+06		111.906		62.7742		401741		0.457298		296.661			00:00:44:450		1.2275e+07		-4.17424		4.00849		489.595		7.20901e+06		213.508		
00:00:44:350		7.18763e+06		111.906		62.7742		401741		0.457298		296.749			00:00:44:350		1.22858e+07		-4.16185		4.01882		489.971		7.20972e+06		214.977		
00:00:44:250		7.18801e+06		111.826		62.7742		401741		0.457298		296.837			00:00:44:250		1.22966e+07		-4.14948		4.02835		490.337		7.2104e+06		216.435		
00:00:44:149		7.18834e+06		111.826		62.6423		398553		0.455107		296.926			00:00:44:149		1.23074e+07		-4.13715		4.03582		490.705		7.21102e+06		217.878		
00:00:44:049		7.18861e+06		111.826		62.6423		398553		0.455107		297.017			00:00:44:049		1.23182e+07		-4.12485		4.04394		491.066		7.2116e+06		219.356		
00:00:43:950		7.18883e+06		111.746		62.5098		395332		0.452909		297.109			00:00:43:950		1.23289e+07		-4.11258		4.05268		491.417		7.21212e+06		220.851		
00:00:43:850		7.18899e+06		111.746		62.5098		395332		0.452909		297.203			00:00:43:850		1.23396e+07		-4.10032		4.06075		491.76		7.2126e+06		222.358		
00:00:43:750		7.18909e+06		111.665		62.5098		395332		0.452909		297.299			00:00:43:750		1.23503e+07		-4.08808		4.07193		492.093		7.21302e+06		223.887		
00:00:43:649		7.18915e+06		111.665		62.3768		392091		0.450704		297.393			00:00:43:649		1.2361e+07		-4.07584		4.079		492.42		7.21341e+06		225.479		
00:00:43:549		7.1892e+06		111.665		62.3768		392091		0.450704		297.487			00:00:43:549		1.23716e+07		-4.06358		4.08692		492.743		7.2138e+06		227.318		
00:00:43:399		7.18923e+06		111.584		62.2433		388799		0.44849		297.631			00:00:43:399		1.23875e+07		-4.04513		4.10058		493.233		7.21445e+06		230.137		
00:00:43:299		7.18918e+06		111.584		62.2433		388799		0.44849		297.729			00:00:43:299		1.23981e+07		-4.03276		4.10845		493.571		7.21479e+06		231.834		
00:00:43:200		7.18903e+06		111.503		62.1092		385456		0.446269		297.828			00:00:43:200		1.24086e+07		-4.02034		4.11833		493.917		7.21502e+06		233.448		
00:00:43:100		7.18876e+06		111.503		62.1092		385456		0.446269		297.928			00:00:43:100		1.2419e+07		-4.00785		4.12542		494.276		7.21512e+06		235.064		
00:00:43:000		7.18838e+06		111.422		62.1092		385456		0.446269		298.031			00:00:43:000		1.24295e+07		-3.99529		4.1335		494.643		7.21511e+06		236.65		
00:00:42:899		7.18791e+06		111.422		61.9745		382077		0.444039		298.134			00:00:42:899		1.24399e+07		-3.98269		4.1406		495.011		7.21499e+06		238.189		
00:00:42:799		7.18734e+06		111.422		61.9745		382077		0.444039		298.239			00:00:42:799		1.24503e+07		-3.97004		4.14966		495.387		7.21477e+06		239.678		
00:00:42:799		7.18734e+06		111.422		61.9745		382077		0.444039		298.239			00:00:42:799		1.24503e+07		-3.97004		4.14966		495.387		7.21477e+06		239.678		
00:00:42:700		7.1867e+06		111.34		61.8393		378681		0.4418		298.345			00:00:42:700		1.24607e+07		-3.95736		4.16104		495.759		7.21447e+06		241.085		
00:00:42:600		7.18601e+06		111.34		61.8393		378681		0.4418		298.453			00:00:42:600		1.2471e+07		-3.9447		4.16816		496.132		7.21408e+06		242.407		
00:00:42:500		7.18528e+06		111.258		61.8393		378681		0.4418		298.562			00:00:42:500		1.24814e+07		-3.93208		4.17344		496.502		7.21363e+06		243.605		
00:00:42:399		7.18452e+06		111.258		61.7035		375231		0.439551		298.673			00:00:42:399		1.24917e+07		-3.91955		4.18078		496.877		7.21313e+06		244.773		
00:00:42:200		7.18285e+06		111.175		61.5672		371714		0.437292		298.902			00:00:42:200		1.25122e+07		-3.89497		4.19933		497.63		7.21209e+06		247.62		
00:00:42:200		7.18285e+06		111.175		61.5672		371714		0.437292		298.902			00:00:42:200		1.25122e+07		-3.89497		4.19933		497.63		7.21209e+06		247.62		
00:00:42:100		7.18191e+06		111.175		61.5672		371714		0.437292		299.019			00:00:42:100		1.25225e+07		-3.88298		4.20966		498.021		7.21151e+06		249.161		
00:00:41:899		7.17975e+06		111.093		61.4306		368162		0.435023		299.258			00:00:41:899		1.25429e+07		-3.85962		4.21777		498.851		7.2101e+06		252.248		
00:00:41:899		7.17975e+06		111.093		61.4306		368162		0.435023		299.258			00:00:41:899		1.25429e+07		-3.85962		4.21777		498.851		7.2101e+06		252.248		
00:00:41:799		7.17854e+06		111.093		61.4306		368162		0.435023		299.38			00:00:41:799		1.2553e+07		-3.84821		4.22592		499.288		7.20927e+06		253.798		
00:00:41:700		7.17722e+06		111.01		61.2936		364557		0.432742		299.505			00:00:41:700		1.25631e+07		-3.83692		4.23878		499.745		7.20834e+06		255.345		
00:00:41:600		7.17582e+06		111.01		61.2936		364557		0.432742		299.631			00:00:41:600		1.25732e+07		-3.82572		4.24831		500.213		7.2073e+06		256.811		
00:00:41:500		7.17434e+06		110.927		61.2936		364557		0.432742		299.759			00:00:41:500		1.25833e+07		-3.81456		4.25163		500.698		7.20616e+06		258.111		
00:00:41:299		7.17131e+06		110.927		61.1563		360919		0.43045		300.022			00:00:41:299		1.26032e+07		-3.79224		4.2582		501.712		7.20352e+06		259.343		
00:00:41:200		7.16966e+06		110.843		61.0187		357209		0.428146		300.158			00:00:41:200		1.26131e+07		-3.78103		4.27207		502.244		7.20201e+06		259.825		
00:00:41:200		7.16966e+06		110.843		61.0187		357209		0.428146		300.158			00:00:41:200		1.26131e+07		-3.78103		4.27207		502.244		7.20201e+06		259.825		
00:00:41:049		7.16696e+06		110.843		61.0187		357209		0.428146		300.36			00:00:41:049		1.26278e+07		-3.76412		4.2884		503.07		7.1995e+06		260.534		
00:00:40:950		7.16499e+06		110.759		60.8811		353434		0.42583		300.498			00:00:40:950		1.26376e+07		-3.75277		4.28815		503.642		7.19767e+06		260.994		
00:00:40:850		7.1629e+06		110.759		60.8811		353434		0.42583		300.638			00:00:40:850		1.26473e+07		-3.74137		4.28536		504.232		7.19571e+06		261.455		
00:00:40:799		7.1618e+06		110.759		60.8811		353434		0.42583		300.708			00:00:40:799		1.26521e+07		-3.73565		4.28632		504.533		7.19468e+06		261.679		
00:00:40:649		7.15831e+06		110.675		60.7433		349655		0.423501		300.924			00:00:40:649		1.26666e+07		-3.71843		4.31052		505.462		7.19139e+06		262.356		
00:00:40:549		7.15581e+06		110.675		60.7433		349655		0.423501		301.071			00:00:40:549		1.26762e+07		-3.70692		4.32749		506.102		7.18902e+06		262.799		
00:00:40:450		7.15318e+06		110.591		60.6055		345806		0.421159		301.221			00:00:40:450		1.26857e+07		-3.69539		4.32681		506.763		7.18653e+06		263.249		
00:00:40:250		7.14752e+06		110.505		60.6055		345806		0.421159		301.528			00:00:40:250		1.27045e+07		-3.67226		4.30828		508.142		7.18112e+06		264.106		
00:00:40:250		7.14752e+06		110.505		60.6055		345806		0.421159		301.528			00:00:40:250		1.27045e+07		-3.67226		4.30828		508.142		7.18112e+06		264.106		
00:00:40:149		7.14447e+06		110.505		60.4676		341873		0.418804		301.685			00:00:40:149		1.27139e+07		-3.66069		4.33565		508.864		7.17821e+06		264.536		
00:00:40:049		7.14129e+06		110.505		60.4676		341873		0.418804		301.844			00:00:40:049		1.27231e+07		-3.64911		4.36751		509.605		7.17516e+06		264.954		
00:00:39:950		7.13797e+06		110.42		60.3297		337888		0.416434		302.005			00:00:39:950		1.27323e+07		-3.63753		4.36623		510.368		7.17196e+06		265.365		
00:00:39:850		7.1345e+06		110.42		60.3297		337888		0.416434		302.169			00:00:39:850		1.27415e+07		-3.62596		4.3318		511.15		7.16863e+06		265.759		
00:00:39:750		7.1309e+06		110.334		60.3297		337888		0.416434		302.335			00:00:39:750		1.27505e+07		-3.6144		4.31357		511.949		7.16515e+06		266.117		
00:00:39:649		7.12716e+06		110.334		60.1918		333867		0.414051		302.505			00:00:39:649		1.27595e+07		-3.60286		4.3514		512.762		7.16152e+06		266.47		
00:00:39:549		7.12328e+06		110.334		60.1918		333867		0.414051		302.673			00:00:39:549		1.27685e+07		-3.59135		4.40626		513.581		7.15776e+06		266.779		
00:00:39:450		7.11926e+06		110.248		60.054		329793		0.411654		302.843			00:00:39:450		1.27774e+07		-3.57988		4.41433		514.404		7.15384e+06		267.076		
00:00:39:350		7.1151e+06		110.248		60.054		329793		0.411654		303.014			00:00:39:350		1.27863e+07		-3.56845		4.35172		515.23		7.14979e+06		267.397		
00:00:39:250		7.11081e+06		110.162		60.054		329793		0.411654		303.187			00:00:39:250		1.27951e+07		-3.55706		4.30082		516.053		7.14561e+06		267.718		
00:00:39:149		7.10638e+06		110.162		59.9165		325633		0.409242		303.363			00:00:39:149		1.28038e+07		-3.54572		4.34503		516.873		7.14129e+06		268.019		
00:00:39:049		7.10183e+06		110.162		59.9165		325633		0.409242		303.541			00:00:39:049		1.28124e+07		-3.53442		4.44537		517.697		7.13684e+06		268.297		
00:00:38:950		7.09715e+06		110.075		59.7795		321422		0.406816		303.719			00:00:38:950		1.2821e+07		-3.52316		4.48847		518.53		7.13225e+06		268.524		
00:00:38:850		7.09234e+06		110.075		59.7795		321422		0.406816		303.898			00:00:38:850		1.28295e+07		-3.51197		4.38046		519.389		7.12752e+06		268.678		
00:00:38:750		7.08489e+06		109.987		59.6431		317140		0.404375		304.169			00:00:38:750		1.28421e+07		-3.49533		4.24305		520.781		7.12017e+06		268.821		
00:00:38:600		7.07977e+06		109.987		59.6431		317140		0.404375		304.352			00:00:38:600		1.28504e+07		-3.48433		4.38774		521.812		7.11509e+06		268.836		
00:00:38:500		7.07452e+06		109.9		59.6431		317140		0.404375		304.536			00:00:38:500		1.28587e+07		-3.47343		4.58079		522.967		7.10987e+06		268.81		
00:00:38:399		7.06915e+06		109.9		59.5072		312773		0.40192		304.719			00:00:38:399		1.28668e+07		-3.46261		4.77242		524.277		7.10451e+06		268.681		
00:00:38:350		7.06641e+06		109.9		59.5072		312773		0.40192		304.809			00:00:38:350		1.28709e+07		-3.45723		4.86723		525.002		7.10177e+06		268.612		
00:00:38:250		7.06083e+06		109.812		59.5072		312773		0.40192		304.99			00:00:38:250		1.28789e+07		-3.44655		5.05522		526.59		7.09618e+06		268.36		
00:00:38:149		7.05509e+06		109.812		59.372		308355		0.399451		305.17			00:00:38:149		1.28869e+07		-3.43596		5.24083		528.38		7.09041e+06		267.996		
00:00:38:049		7.04919e+06		109.812		59.372		308355		0.399451		305.349			00:00:38:049		1.28947e+07		-3.42546		5.42291		530.342		7.08444e+06		267.519		
00:00:37:899		7.04003e+06		109.723		59.2374		303882		0.396968		305.614			00:00:37:899		1.29064e+07		-3.40988		5.68897		533.521		7.07507e+06		266.152		
00:00:37:799		7.0338e+06		109.723		59.2374		303882		0.396968		305.789			00:00:37:799		1.2914e+07		-3.3996		5.862		535.727		7.06846e+06		264.159		
00:00:37:700		7.02774e+06		109.635		59.1035		299341		0.394472		305.963			00:00:37:700		1.29216e+07		-3.38942		6.03111		537.916		7.06153e+06		259.711		
00:00:37:600		7.02252e+06		109.635		59.1035		299341		0.394472		306.133			00:00:37:600		1.29292e+07		-3.37932		6.19601		540.007		7.05421e+06		248.954		
00:00:37:500		7.01728e+06		109.545		59.1035		299341		0.394472		306.302			00:00:37:500		1.29366e+07		-3.36933		6.35574		541.888		7.04657e+06		238.54		
00:00:37:399		7.0116e+06		109.545		58.9703		294713		0.391964		306.466			00:00:37:399		1.2944e+07		-3.35943		6.50747		543.432		7.03869e+06		228.697		
00:00:37:299		7.00546e+06		109.545		58.9703		294713		0.391964		306.623			00:00:37:299		1.29513e+07		-3.34963		6.62684		544.516		7.03056e+06		219.112		
00:00:37:200		6.99878e+06		109.456		58.8378		289983		0.389445		306.775			00:00:37:200		1.29584e+07		-3.33996		6.63942		545.021		7.02198e+06		209.378		
00:00:37:200		6.99878e+06		109.456		58.8378		289983		0.389445		306.775			00:00:37:200		1.29584e+07		-3.33996		6.63942		545.021		7.02198e+06		209.378		
00:00:37:100		6.99148e+06		109.456		58.8378		289983		0.389445		306.92			00:00:37:100		1.29653e+07		-3.33041		6.62505		544.847		7.01285e+06		199.804		
00:00:37:000		6.98366e+06		109.366		58.8378		289983		0.389445		307.059			00:00:37:000		1.29721e+07		-3.32096		6.61015		543.958		7.00332e+06		190.605		
00:00:36:899		6.97551e+06		109.366		58.706		285220		0.386915		307.19			00:00:36:899		1.29787e+07		-3.31157		6.59529		542.44		6.99354e+06		181.775		
00:00:36:700		6.95932e+06		109.276		58.5748		280576		0.384377		307.427			00:00:36:700		1.29919e+07		-3.29282		6.56606		539.056		6.97426e+06		164.304		
00:00:36:600		6.95184e+06		109.276		58.5748		280576		0.384377		307.532			00:00:36:600		1.29986e+07		-3.28349		6.55204		537.931		6.9656e+06		158.811		
00:00:36:500		6.94406e+06		109.184		58.5748		280576		0.384377		307.627			00:00:36:500		1.30051e+07		-3.27422		6.53826		537.27		6.9585e+06		170.108		
00:00:36:500		6.94406e+06		109.184		58.5748		280576		0.384377		307.627			00:00:36:500		1.30051e+07		-3.27422		6.53826		537.27		6.9585e+06		170.108		
00:00:36:399		6.93034e+06		109.184		58.4441		276715		0.381831		307.712			00:00:36:399		1.30117e+07		-3.265		6.5258		537.031		6.95375e+06		242.289		
00:00:36:200		6.86237e+06		109.087		58.3137		273506		0.379281		307.852			00:00:36:200		1.30244e+07		-3.24675		6.50117		537.132		6.95023e+06		438.824		
00:00:36:200		6.86237e+06		109.087		58.3137		273506		0.379281		307.852			00:00:36:200		1.30244e+07		-3.24675		6.50117		537.132		6.95023e+06		438.824		
00:00:36:100		6.83945e+06		109.087		58.3137		273506		0.379281		307.906			00:00:36:100		1.30307e+07		-3.23768		6.48958		537.158		6.95003e+06		496.098		
00:00:36:000		6.8201e+06		108.978		58.3137		273506		0.379281		307.948			00:00:36:000		1.30369e+07		-3.22863		6.47881		537.154		6.95031e+06		530.863		
00:00:35:899		6.80847e+06		108.978		58.1821		270258		0.376728		307.98			00:00:35:899		1.30431e+07		-3.21959		6.46858		537.147		6.95065e+06		541.562		
00:00:35:799		6.81212e+06		108.978		58.1821		270258		0.376728		308.013			00:00:35:799		1.30523e+07		-3.20605		6.45567		537.132		6.95099e+06		533.216		
00:00:35:649		6.81551e+06		108.938		58.0492		267012		0.374173		308.027			00:00:35:649		1.30584e+07		-3.19702		6.44886		537.121		6.95117e+06		531.249		
00:00:35:549		6.81567e+06		108.938		58.0492		267012		0.374173		308.037			00:00:35:549		1.30645e+07		-3.18798		6.44463		537.112		6.95135e+06		531.294		
00:00:35:299		6.81606e+06		108.899		57.9147		263751		0.371618		308.056			00:00:35:299		1.30798e+07		-3.16532		6.43727		537.08		6.95179e+06		531.427		
00:00:35:299		6.81606e+06		108.899		57.9147		263751		0.371618		308.056			00:00:35:299		1.30798e+07		-3.16532		6.43727		537.08		6.95179e+06		531.427		
00:00:35:200		6.81629e+06		108.859		57.7788		260492		0.369063		308.067			00:00:35:200		1.3089e+07		-3.15168		6.43288		537.06		6.95206e+06		531.492		
00:00:35:200		6.81629e+06		108.859		57.7788		260492		0.369063		308.067			00:00:35:200		1.3089e+07		-3.15168		6.43288		537.06		6.95206e+06		531.492		
00:00:35:049		6.81644e+06		108.859		57.7788		260492		0.369063		308.075			00:00:35:049		1.30951e+07		-3.14256		6.4299		537.047		6.95223e+06		531.539		
00:00:34:950		6.81659e+06		108.819		57.6415		257252		0.366506		308.082			00:00:34:950		1.31013e+07		-3.13342		6.42688		537.034		6.9524e+06		531.59		
00:00:34:850		6.81674e+06		108.819		57.6415		257252		0.366506		308.09			00:00:34:850		1.31074e+07		-3.12427		6.42386		537.021		6.95257e+06		531.633		
00:00:34:750		6.81689e+06		108.779		57.6415		257252		0.366506		308.097			00:00:34:750		1.31136e+07		-3.1151		6.42084		537.011		6.95274e+06		531.681		
00:00:34:649		6.81704e+06		108.779		57.5028		254014		0.363949		308.105			00:00:34:649		1.31198e+07		-3.10592		6.41778		536.996		6.95291e+06		531.736		
00:00:34:549		6.81718e+06		108.779		57.5028		254014		0.363949		308.113			00:00:34:549		1.3126e+07		-3.09672		6.41474		536.982		6.95307e+06		531.773		
00:00:34:450		6.81732e+06		108.738		57.3628		250780		0.361392		308.12			00:00:34:450		1.31322e+07		-3.0875		6.41166		536.969		6.95323e+06		531.819		
00:00:34:250		6.81759e+06		108.697		57.3628		250780		0.361392		308.136			00:00:34:250		1.31446e+07		-3.06902		6.40549		536.945		6.95354e+06		531.896		
00:00:34:149		6.81773e+06		108.697		57.2217		247581		0.358834		308.143			00:00:34:149		1.31508e+07		-3.05975		6.40236		536.934		6.95369e+06		531.933		
00:00:34:149		6.81773e+06		108.697		57.2217		247581		0.358834		308.143			00:00:34:149		1.31508e+07		-3.05975		6.40236		536.934		6.95369e+06		531.933		
00:00:34:049		6.81786e+06		108.697		57.2217		247581		0.358834		308.151			00:00:34:049		1.31571e+07		-3.05047		6.39921		536.923		6.95384e+06		531.965		
00:00:33:950		6.81798e+06		108.656		57.0794		244419		0.356275		308.159			00:00:33:950		1.31633e+07		-3.04117		6.3961		536.911		6.95397e+06		531.99		
00:00:33:850		6.81811e+06		108.656		57.0794		244419		0.356275		308.166			00:00:33:850		1.31696e+07		-3.03185		6.39291		536.9		6.95411e+06		532.013		
00:00:33:750		6.81823e+06		108.615		57.0794		244419		0.356275		308.174			00:00:33:750		1.31758e+07		-3.02252		6.38973		536.887		6.95423e+06		532.011		
00:00:33:649		6.81835e+06		108.615		56.9358		241258		0.353715		308.182			00:00:33:649		1.31821e+07		-3.01317		6.38652		536.874		6.95435e+06		532.009		
00:00:33:549		6.81847e+06		108.615		56.9358		241258		0.353715		308.189			00:00:33:549		1.31884e+07		-3.0038		6.38333		536.862		6.95447e+06		532.005		
00:00:33:450		6.81859e+06		108.573		56.7909		238085		0.351155		308.197			00:00:33:450		1.31947e+07		-2.99441		6.38012		536.847		6.95459e+06		532.035		
00:00:33:350		6.81871e+06		108.573		56.7909		238085		0.351155		308.205			00:00:33:350		1.3201e+07		-2.985		6.37687		536.829		6.95474e+06		532.113		
00:00:33:250		6.81884e+06		108.531		56.7909		238085		0.351155		308.212			00:00:33:250		1.32073e+07		-2.97558		6.37364		536.813		6.95489e+06		532.167		
00:00:33:149		6.81895e+06		108.531		56.6446		234915		0.348594		308.22			00:00:33:149		1.32136e+07		-2.96614		6.37037		536.796		6.95504e+06		532.237		
00:00:33:049		6.81907e+06		108.531		56.6446		234915		0.348594		308.227			00:00:33:049		1.32199e+07		-2.95668		6.36713		536.78		6.95519e+06		532.305		
00:00:32:950		6.81919e+06		108.489		56.4968		231732		0.346032		308.235			00:00:32:950		1.32262e+07		-2.9472		6.36384		536.763		6.95534e+06		532.38		
00:00:32:850		6.81932e+06		108.489		56.4968		231732		0.346032		308.243			00:00:32:850		1.32326e+07		-2.93771		6.3605		536.747		6.95549e+06		532.422		
00:00:32:750		6.81944e+06		108.447		56.4968		231732		0.346032		308.25			00:00:32:750		1.32389e+07		-2.9282		6.3572		536.729		6.95564e+06		532.461		
00:00:32:600		6.81963e+06		108.447		56.3475		228538		0.34347		308.262			00:00:32:600		1.32485e+07		-2.91391		6.35226		536.705		6.95586e+06		532.528		
00:00:32:549		6.81969e+06		108.447		56.3475		228538		0.34347		308.265			00:00:32:549		1.32517e+07		-2.90914		6.35054		536.698		6.95593e+06		532.543		
00:00:32:450		6.81982e+06		108.404		56.1966		225381		0.340907		308.273			00:00:32:450		1.3258e+07		-2.89959		6.34717		536.682		6.95608e+06		532.59		
00:00:32:350		6.81994e+06		108.404		56.1966		225381		0.340907		308.281			00:00:32:350		1.32644e+07		-2.89003		6.34379		536.664		6.95622e+06		532.631		
00:00:32:250		6.82006e+06		108.361		56.1966		225381		0.340907		308.288			00:00:32:250		1.32708e+07		-2.88045		6.34039		536.643		6.95636e+06		532.676		
00:00:32:100		6.82025e+06		108.361		56.044		222276		0.338344		308.299			00:00:32:100		1.32805e+07		-2.86605		6.33534		536.614		6.95657e+06		532.738		
00:00:32:000		6.82037e+06		108.317		56.044		222276		0.338344		308.307			00:00:32:000		1.32869e+07		-2.85643		6.33189		536.596		6.95671e+06		532.792		
00:00:31:899		6.82049e+06		108.317		55.8897		219193		0.335779		308.314			00:00:31:899		1.32934e+07		-2.84679		6.32841		536.578		6.95685e+06		532.83		
00:00:31:800		6.8206e+06		108.317		55.8897		219193		0.335779		308.321			00:00:31:800		1.32998e+07		-2.83713		6.32494		536.56		6.95699e+06		532.868		
00:00:31:699		6.82072e+06		108.273		55.7339		216097		0.333214		308.329			00:00:31:699		1.33063e+07		-2.82746		6.32144		536.54		6.95713e+06		532.902		
00:00:31:600		6.82084e+06		108.273		55.7339		216097		0.333214		308.336			00:00:31:600		1.33128e+07		-2.81777		6.31791		536.52		6.95726e+06		532.942		
00:00:31:500		6.82096e+06		108.229		55.7339		216097		0.333214		308.343			00:00:31:500		1.33193e+07		-2.80806		6.31432		536.502		6.9574e+06		532.985		
00:00:31:449		6.82102e+06		108.229		55.5765		213007		0.330648		308.347			00:00:31:449		1.33225e+07		-2.8032		6.31262		536.493		6.95746e+06		533.011		
00:00:31:350		6.82113e+06		108.229		55.5765		213007		0.330648		308.354			00:00:31:350		1.3329e+07		-2.79346		6.30913		536.471		6.9576e+06		533.052		
00:00:31:250		6.82124e+06		108.185		55.5765		209938		0.330648		308.361			00:00:31:250		1.33356e+07		-2.78371		6.30554		536.451		6.95773e+06		533.078		
00:00:31:100		6.82141e+06		108.185		55.4175		209938		0.328082		308.372			00:00:31:100		1.33453e+07		-2.76904		6.3001		536.42		6.95793e+06		533.155		
00:00:31:000		6.82152e+06		108.14		55.4175		209938		0.328082		308.379			00:00:31:000		1.33519e+07		-2.75924		6.29653		536.4		6.95806e+06		533.199		
00:00:30:899		6.82163e+06		108.14		55.2569		206858		0.325514		308.386			00:00:30:899		1.33584e+07		-2.74942		6.29293		536.378		6.95819e+06		533.234		
00:00:30:800		6.82174e+06		108.14		55.2569		206858		0.325514		308.393			00:00:30:800		1.3365e+07		-2.73958		6.28923		536.356		6.95831e+06		533.278		
00:00:30:699		6.82185e+06		108.095		55.0946		203784		0.322946		308.4			00:00:30:699		1.33715e+07		-2.72972		6.28553		536.334		6.95844e+06		533.317		
00:00:30:600		6.82196e+06		108.095		55.0946		203784		0.322946		308.407			00:00:30:600		1.33781e+07		-2.71984		6.28194		536.313		6.95857e+06		533.368		
00:00:30:500		6.82206e+06		108.05		55.0946		203784		0.322946		308.414			00:00:30:500		1.33847e+07		-2.70994		6.27841		536.291		6.9587e+06		533.4		
00:00:30:500		6.82206e+06		108.05		55.0946		203784		0.322946		308.414			00:00:30:500		1.33847e+07		-2.70994		6.27841		536.291		6.9587e+06		533.4		
00:00:30:399		6.82217e+06		108.05		54.9304		200749		0.320377		308.421			00:00:30:399		1.33913e+07		-2.70002		6.27474		536.269		6.95882e+06		533.425		
00:00:30:199		6.82239e+06		108.004		54.7645		197735		0.317808		308.435			00:00:30:199		1.34045e+07		-2.68011		6.26718		536.222		6.95907e+06		533.517		
00:00:30:100		6.82249e+06		108.004		54.7645		197735		0.317808		308.442			00:00:30:100		1.34112e+07		-2.67014		6.26341		536.198		6.95919e+06		533.547		
00:00:30:100		6.82249e+06		108.004		54.7645		197735		0.317808		308.442			00:00:30:100		1.34112e+07		-2.67014		6.26341		536.198		6.95919e+06		533.547		
00:00:30:000		6.8226e+06		107.958		54.7645		197735		0.317808		308.448			00:00:30:000		1.34178e+07		-2.66015		6.25958		536.174		6.95932e+06		533.59		
00:00:29:899		6.8227e+06		107.958		54.5969		194744		0.315237		308.455			00:00:29:899		1.34245e+07		-2.65014		6.25575		536.152		6.95944e+06		533.621		
00:00:29:750		6.82286e+06		107.911		54.5969		194744		0.315237		308.465			00:00:29:750		1.34345e+07		-2.6351		6.25002		536.118		6.95962e+06		533.676		
00:00:29:600		6.82301e+06		107.911		54.4276		191759		0.312666		308.474			00:00:29:600		1.34444e+07		-2.62003		6.2441		536.083		6.9598e+06		533.735		
00:00:29:600		6.82301e+06		107.911		54.4276		191759		0.312666		308.474			00:00:29:600		1.34444e+07		-2.62003		6.2441		536.083		6.9598e+06		533.735		
00:00:29:500		6.82311e+06		107.864		54.4276		191759		0.312666		308.48			00:00:29:500		1.3451e+07		-2.60997		6.2403		536.058		6.95992e+06		533.777		
00:00:29:399		6.82321e+06		107.864		54.2565		188765		0.310094		308.486			00:00:29:399		1.34576e+07		-2.59988		6.23637		536.034		6.96004e+06		533.819		
00:00:29:149		6.82347e+06		107.817		54.0836		185779		0.307521		308.501			00:00:29:149		1.34741e+07		-2.5746		6.22658		535.972		6.96033e+06		533.901		
00:00:29:149		6.82347e+06		107.817		54.0836		185779		0.307521		308.501			00:00:29:149		1.34741e+07		-2.5746		6.22658		535.972		6.96033e+06		533.901		
00:00:29:050		6.82356e+06		107.817		54.0836		185779		0.307521		308.507			00:00:29:050		1.34807e+07		-2.56445		6.22263		535.949		6.96045e+06		533.95		
00:00:28:949		6.82366e+06		107.769		53.9088		182800		0.304948		308.513			00:00:28:949		1.34874e+07		-2.55429		6.21869		535.925		6.96057e+06		533.958		
00:00:28:850		6.82377e+06		107.769		53.9088		182800		0.304948		308.518			00:00:28:850		1.3494e+07		-2.54412		6.21465		535.899		6.96068e+06		534.008		
00:00:28:750		6.82386e+06		107.721		53.9088		182800		0.304948		308.524			00:00:28:750		1.35007e+07		-2.53393		6.21064		535.872		6.9608e+06		534.044		
00:00:28:649		6.82396e+06		107.721		53.7319		179845		0.302373		308.529			00:00:28:649		1.35073e+07		-2.52372		6.20661		535.845		6.96091e+06		534.08		
00:00:28:550		6.82406e+06		107.721		53.7319		179845		0.302373		308.535			00:00:28:550		1.3514e+07		-2.5135		6.2026		535.818		6.96103e+06		534.118		
00:00:28:449		6.82416e+06		107.673		53.5531		176897		0.299798		308.54			00:00:28:449		1.35207e+07		-2.50328		6.19851		535.79		6.96114e+06		534.157		
00:00:28:250		6.82435e+06		107.624		53.5531		176897		0.299798		308.55			00:00:28:250		1.35341e+07		-2.48283		6.19038		535.736		6.96137e+06		534.223		
00:00:28:149		6.82445e+06		107.624		53.3721		173974		0.297222		308.555			00:00:28:149		1.35408e+07		-2.47259		6.18631		535.71		6.96149e+06		534.256		
00:00:28:149		6.82445e+06		107.624		53.3721		173974		0.297222		308.555			00:00:28:149		1.35408e+07		-2.47259		6.18631		535.71		6.96149e+06		534.256		
00:00:28:050		6.82454e+06		107.624		53.3721		173974		0.297222		308.56			00:00:28:050		1.35476e+07		-2.46236		6.18219		535.683		6.9616e+06		534.294		
00:00:27:949		6.82464e+06		107.575		53.1894		171074		0.294646		308.565			00:00:27:949		1.35543e+07		-2.45213		6.17814		535.654		6.96171e+06		534.333		
00:00:27:850		6.82473e+06		107.575		53.1894		171074		0.294646		308.57			00:00:27:850		1.3561e+07		-2.4419		6.17397		535.626		6.96182e+06		534.374		
00:00:27:750		6.82483e+06		107.525		53.1894		171074		0.294646		308.575			00:00:27:750		1.35677e+07		-2.43167		6.16983		535.601		6.96194e+06		534.408		
00:00:27:649		6.82492e+06		107.525		53.005		168153		0.292068		308.58			00:00:27:649		1.35745e+07		-2.42144		6.16571		535.575		6.96205e+06		534.445		
00:00:27:550		6.82502e+06		107.525		53.005		168153		0.292068		308.584			00:00:27:550		1.35812e+07		-2.41122		6.16155		535.548		6.96216e+06		534.483		
00:00:27:449		6.82511e+06		107.475		52.8188		165225		0.28949		308.589			00:00:27:449		1.3588e+07		-2.401		6.15737		535.519		6.96227e+06		534.502		
00:00:27:250		6.8253e+06		107.425		52.8188		165225		0.28949		308.598			00:00:27:250		1.36016e+07		-2.38058		6.14896		535.459		6.96249e+06		534.576		
00:00:27:149		6.82539e+06		107.425		52.6309		162307		0.286911		308.603			00:00:27:149		1.36084e+07		-2.37039		6.14477		535.431		6.9626e+06		534.611		
00:00:27:149		6.82539e+06		107.425		52.6309		162307		0.286911		308.603			00:00:27:149		1.36084e+07		-2.37039		6.14477		535.431		6.9626e+06		534.611		
00:00:27:050		6.82549e+06		107.425		52.6309		162307		0.286911		308.608			00:00:27:050		1.36152e+07		-2.3602		6.14046		535.401		6.96271e+06		534.654		
00:00:26:899		6.82562e+06		107.374		52.441		159399		0.284331		308.614			00:00:26:899		1.36254e+07		-2.34494		6.13409		535.357		6.96287e+06		534.698		
00:00:26:800		6.82571e+06		107.374		52.441		159399		0.284331		308.619			00:00:26:800		1.36322e+07		-2.33477		6.12979		535.326		6.96298e+06		534.736		
00:00:26:699		6.8258e+06		107.322		52.2492		156517		0.281751		308.624			00:00:26:699		1.3639e+07		-2.32461		6.12553		535.297		6.96309e+06		534.768		
00:00:26:649		6.82585e+06		107.322		52.2492		156517		0.281751		308.626			00:00:26:649		1.36424e+07		-2.31954		6.12342		535.28		6.96314e+06		534.785		
00:00:26:550		6.82594e+06		107.322		52.2492		156517		0.281751		308.63			00:00:26:550		1.36493e+07		-2.30939		6.11905		535.253		6.96325e+06		534.816		
00:00:26:449		6.82603e+06		107.271		52.0554		153645		0.279169		308.635			00:00:26:449		1.36561e+07		-2.29926		6.11472		535.222		6.96335e+06		534.858		
00:00:26:350		6.82612e+06		107.271		52.0554		153645		0.279169		308.64			00:00:26:350		1.3663e+07		-2.28914		6.11036		535.193		6.96346e+06		534.89		
00:00:26:199		6.82625e+06		107.218		51.8595		150769		0.276587		308.646			00:00:26:199		1.36733e+07		-2.27397		6.10381		535.145		6.96361e+06		534.934		
00:00:26:100		6.82634e+06		107.218		51.8595		150769		0.276587		308.651			00:00:26:100		1.36802e+07		-2.26389		6.09937		535.114		6.96372e+06		534.974		
00:00:26:000		6.82643e+06		107.166		51.8595		150769		0.276587		308.656			00:00:26:000		1.36871e+07		-2.25384		6.09494		535.082		6.96382e+06		535.002		
00:00:25:899		6.82651e+06		107.166		51.6618		147889		0.274004		308.66			00:00:25:899		1.3694e+07		-2.2438		6.09058		535.051		6.96392e+06		535.031		
00:00:25:800		6.8266e+06		107.166		51.6618		147889		0.274004		308.665			00:00:25:800		1.37009e+07		-2.23379		6.08618		535.018		6.96402e+06		535.076		
00:00:25:699		6.82668e+06		107.113		51.4621		145006		0.271421		308.669			00:00:25:699		1.37079e+07		-2.22381		6.08172		534.985		6.96412e+06		535.09		
00:00:25:600		6.82677e+06		107.113		51.4621		145006		0.271421		308.674			00:00:25:600		1.37148e+07		-2.21385		6.07722		534.954		6.96423e+06		535.126		
00:00:25:500		6.82685e+06		107.059		51.4621		145006		0.271421		308.679			00:00:25:500		1.37217e+07		-2.20392		6.07272		534.923		6.96432e+06		535.171		
00:00:25:500		6.82685e+06		107.059		51.4621		145006		0.271421		308.679			00:00:25:500		1.37217e+07		-2.20392		6.07272		534.923		6.96432e+06		535.171		
00:00:25:300		6.82701e+06		107.059		51.2603		142166		0.268836		308.688			00:00:25:300		1.37356e+07		-2.18415		6.0636		534.861		6.96452e+06		535.213		
00:00:25:199		6.8271e+06		107.005		51.0563		139352		0.266251		308.693			00:00:25:199		1.37425e+07		-2.17431		6.05903		534.83		6.96462e+06		535.252		
00:00:25:100		6.82718e+06		107.005		51.0563		139352		0.266251		308.697			00:00:25:100		1.37495e+07		-2.1645		6.05446		534.795		6.96472e+06		535.274		
00:00:25:000		6.82726e+06		106.95		51.0563		139352		0.266251		308.702			00:00:25:000		1.37565e+07		-2.15473		6.04989		534.761		6.96481e+06		535.312		
00:00:24:899		6.82734e+06		106.95		50.8501		136522		0.263664		308.706			00:00:24:899		1.37634e+07		-2.145		6.04538		534.726		6.96491e+06		535.349		
00:00:24:800		6.82734e+06		106.95		50.8501		136522		0.263664		308.706			00:00:24:800		1.37634e+07		-2.145		6.04538		534.726		6.96491e+06		535.349		
00:00:24:800		6.82742e+06		106.95		50.8501		136522		0.263664		308.711			00:00:24:800		1.37704e+07		-2.13529		6.04068		534.693		6.965e+06		535.38		
00:00:24:699		6.8275e+06		106.895		50.6416		133690		0.261077		308.716			00:00:24:699		1.37774e+07		-2.12562		6.03597		534.66		6.9651e+06		535.414		
00:00:24:600		6.82757e+06		106.895		50.6416		133690		0.261077		308.72			00:00:24:600		1.37844e+07		-2.11598		6.03132		534.626		6.96519e+06		535.445		
00:00:24:500		6.82765e+06		106.84		50.6416		133690		0.261077		308.725			00:00:24:500		1.37914e+07		-2.10637		6.0266		534.593		6.96528e+06		535.478		
00:00:24:399		6.82773e+06		106.84		50.4307		130887		0.25849		308.73			00:00:24:399		1.37985e+07		-2.0968		6.02187		534.56		6.96538e+06		535.526		
00:00:24:199		6.82788e+06		106.784		50.2177		128083		0.255901		308.739			00:00:24:199		1.38126e+07		-2.07777		6.01237		534.491		6.96556e+06		535.572		
00:00:24:199		6.82788e+06		106.784		50.2177		128083		0.255901		308.739			00:00:24:199		1.38126e+07		-2.07777		6.01237		534.491		6.96556e+06		535.572		
00:00:24:100		6.82795e+06		106.784		50.2177		128083		0.255901		308.744			00:00:24:100		1.38196e+07		-2.0683		6.0076		534.458		6.96565e+06		535.605		
00:00:24:000		6.82802e+06		106.728		50.2177		128083		0.255901		308.748			00:00:24:000		1.38267e+07		-2.05885		6.00279		534.425		6.96574e+06		535.626		
00:00:23:850		6.82814e+06		106.728		50.0023		125279		0.253311		308.755			00:00:23:850		1.38373e+07		-2.04473		5.99557		534.37		6.96587e+06		535.675		
00:00:23:750		6.82821e+06		106.671		50.0023		125279		0.253311		308.759			00:00:23:750		1.38444e+07		-2.03534		5.9907		534.337		6.96596e+06		535.707		
00:00:23:699		6.82824e+06		106.671		49.7846		122490		0.250721		308.762			00:00:23:699		1.38479e+07		-2.03066		5.98825		534.319		6.966e+06		535.722		
00:00:23:600		6.82831e+06		106.671		49.7846		122490		0.250721		308.766			00:00:23:600		1.3855e+07		-2.02129		5.98329		534.282		6.96609e+06		535.753		
00:00:23:500		6.82838e+06		106.614		49.7846		122490		0.250721		308.771			00:00:23:500		1.38621e+07		-2.01193		5.97839		534.246		6.96617e+06		535.784		
00:00:23:250		6.82855e+06		106.556		49.5643		119702		0.248129		308.782			00:00:23:250		1.388e+07		-1.98853		5.96611		534.158		6.96638e+06		535.862		
00:00:23:149		6.82862e+06		106.556		49.3414		116959		0.245537		308.786			00:00:23:149		1.38872e+07		-1.97917		5.96123		534.122		6.96647e+06		535.898		
00:00:23:149		6.82862e+06		106.556		49.3414		116959		0.245537		308.786			00:00:23:149		1.38872e+07		-1.97917		5.96123		534.122		6.96647e+06		535.898		
00:00:23:050		6.82869e+06		106.556		49.3414		116959		0.245537		308.79			00:00:23:050		1.38945e+07		-1.96979		5.95621		534.087		6.96655e+06		535.928		
00:00:22:949		6.82876e+06		106.497		49.1158		114232		0.242944		308.795			00:00:22:949		1.39018e+07		-1.96038		5.95115		534.052		6.96663e+06		535.948		
00:00:22:850		6.82882e+06		106.497		49.1158		114232		0.242944		308.799			00:00:22:850		1.39092e+07		-1.95095		5.9462		534.016		6.96671e+06		535.978		
00:00:22:750		6.82889e+06		106.438		49.1158		114232		0.242944		308.803			00:00:22:750		1.39166e+07		-1.94148		5.94108		533.977		6.96679e+06		536.006		
00:00:22:649		6.82895e+06		106.438		48.8874		111508		0.24035		308.807			00:00:22:649		1.39241e+07		-1.93198		5.93585		533.943		6.96687e+06		536.036		
00:00:22:550		6.82901e+06		106.438		48.8874		111508		0.24035		308.812			00:00:22:550		1.39316e+07		-1.92244		5.9306		533.906		6.96695e+06		536.063		
00:00:22:449		6.82908e+06		106.379		48.6565		108800		0.237755		308.816			00:00:22:449		1.39392e+07		-1.91286		5.92534		533.871		6.96703e+06		536.093		
00:00:22:250		6.8292e+06		106.319		48.6565		108800		0.237755		308.824			00:00:22:250		1.39547e+07		-1.89366		5.91512		533.797		6.96718e+06		536.149		
00:00:22:149		6.82926e+06		106.319		48.423		106097		0.235159		308.828			00:00:22:149		1.39625e+07		-1.88405		5.90967		533.758		6.96726e+06		536.176		
00:00:22:149		6.82926e+06		106.319		48.423		106097		0.235159		308.828			00:00:22:149		1.39625e+07		-1.88405		5.90967		533.758		6.96726e+06		536.176		
00:00:22:050		6.82932e+06		106.319		48.423		106097		0.235159		308.832			00:00:22:050		1.39703e+07		-1.87444		5.90439		533.72		6.96733e+06		536.205		
00:00:21:949		6.82938e+06		106.258		48.1871		103425		0.232562		308.836			00:00:21:949		1.39782e+07		-1.86482		5.89909		533.683		6.96741e+06		536.236		
00:00:21:850		6.82944e+06		106.258		48.1871		103425		0.232562		308.84			00:00:21:850		1.39862e+07		-1.85519		5.8939		533.647		6.96748e+06		536.257		
00:00:21:750		6.8295e+06		106.197		48.1871		103425		0.232562		308.844			00:00:21:750		1.39942e+07		-1.84557		5.88882		533.61		6.96756e+06		536.288		
00:00:21:649		6.82956e+06		106.197		47.9489		100786		0.229965		308.848			00:00:21:649		1.40023e+07		-1.83594		5.8834		533.573		6.96763e+06		536.315		
00:00:21:550		6.82962e+06		106.197		47.9489		100786		0.229965		308.852			00:00:21:550		1.40104e+07		-1.8263		5.87808		533.535		6.9677e+06		536.341		
00:00:21:449		6.82968e+06		106.136		47.7086		98152.5		0.227366		308.856			00:00:21:449		1.40187e+07		-1.81666		5.87268		533.499		6.96778e+06		536.369		
00:00:21:250		6.82979e+06		106.074		47.7086		98152.5		0.227366		308.864			00:00:21:250		1.40356e+07		-1.79734		5.86173		533.422		6.96792e+06		536.429		
00:00:21:149		6.82985e+06		106.074		47.467		95552.3		0.224766		308.868			00:00:21:149		1.40441e+07		-1.78764		5.85618		533.385		6.96799e+06		536.449		
00:00:21:149		6.82985e+06		106.074		47.467		95552.3		0.224766		308.868			00:00:21:149		1.40441e+07		-1.78764		5.85618		533.385		6.96799e+06		536.449		
00:00:21:000		6.82993e+06		106.011		47.467		95552.3		0.224766		308.874			00:00:21:000		1.40568e+07		-1.77303		5.84792		533.327		6.96809e+06		536.491		
00:00:20:899		6.82999e+06		106.011		47.2253		92971.6		0.222165		308.878			00:00:20:899		1.40652e+07		-1.76323		5.84245		533.29		6.96816e+06		536.52		
00:00:20:800		6.83004e+06		106.011		47.2253		92971.6		0.222165		308.881			00:00:20:800		1.40736e+07		-1.75339		5.83686		533.252		6.96823e+06		536.546		
00:00:20:699		6.83009e+06		105.948		46.9845		90398.6		0.219563		308.885			00:00:20:699		1.4082e+07		-1.7435		5.8312		533.213		6.9683e+06		536.564		
00:00:20:600		6.83015e+06		105.948		46.9845		90398.6		0.219563		308.888			00:00:20:600		1.40903e+07		-1.73354		5.82563		533.177		6.96837e+06		536.594		
00:00:20:500		6.8302e+06		105.884		46.9845		90398.6		0.219563		308.892			00:00:20:500		1.40986e+07		-1.72353		5.82004		533.14		6.96843e+06		536.626		
00:00:20:399		6.83025e+06		105.884		46.7445		87859.9		0.21696		308.895			00:00:20:399		1.41067e+07		-1.71344		5.81438		533.102		6.9685e+06		536.645		
00:00:20:300		6.8303e+06		105.884		46.7445		87859.9		0.21696		308.899			00:00:20:300		1.41147e+07		-1.70326		5.80876		533.063		6.96856e+06		536.671		
00:00:20:199		6.83036e+06		105.82		46.5053		85342.9		0.214357		308.902			00:00:20:199		1.41223e+07		-1.69301		5.80315		533.025		6.96863e+06		536.687		
00:00:20:100		6.83041e+06		105.82		46.5053		85342.9		0.214357		308.905			00:00:20:100		1.41297e+07		-1.68272		5.79752		532.984		6.96869e+06		536.716		
00:00:20:000		6.83046e+06		105.755		46.5053		85342.9		0.214357		308.908			00:00:20:000		1.41371e+07		-1.6724		5.79184		532.948		6.96876e+06		536.738		
00:00:19:899		6.83051e+06		105.755		46.2671		82861.2		0.211752		308.912			00:00:19:899		1.41445e+07		-1.66206		5.78621		532.909		6.96882e+06		536.763		
00:00:19:899		6.83051e+06		105.755		46.2671		82861.2		0.211752		308.912			00:00:19:899		1.41445e+07		-1.66206		5.78621		532.909		6.96882e+06		536.763		
00:00:19:800		6.83056e+06		105.755		46.2671		82861.2		0.211752		308.915			00:00:19:800		1.4152e+07		-1.6517		5.78045		532.871		6.96888e+06		536.787		
00:00:19:699		6.83061e+06		105.689		46.0299		80415		0.209146		308.918			00:00:19:699		1.41594e+07		-1.64133		5.77471		532.833		6.96894e+06		536.812		
00:00:19:600		6.83066e+06		105.689		46.0299		80415		0.209146		308.921			00:00:19:600		1.41668e+07		-1.63093		5.76895		532.794		6.96901e+06		536.827		
00:00:19:500		6.83071e+06		105.623		46.0299		80415		0.209146		308.924			00:00:19:500		1.41742e+07		-1.62053		5.76332		532.756		6.96907e+06		536.85		
00:00:19:399		6.83076e+06		105.623		45.7939		77991.9		0.206539		308.926			00:00:19:399		1.41817e+07		-1.61012		5.75767		532.715		6.96913e+06		536.879		
00:00:19:199		6.83085e+06		105.557		45.5599		75579.8		0.203931		308.932			00:00:19:199		1.41965e+07		-1.58923		5.74577		532.64		6.96924e+06		536.91		
00:00:19:100		6.8309e+06		105.557		45.5599		75579.8		0.203931		308.935			00:00:19:100		1.42039e+07		-1.57877		5.73983		532.602		6.9693e+06		536.937		
00:00:19:000		6.83095e+06		105.49		45.5599		75579.8		0.203931		308.938			00:00:19:000		1.42113e+07		-1.56828		5.73389		532.563		6.96936e+06		536.954		
00:00:18:899		6.83099e+06		105.49		45.3282		73192.3		0.201322		308.941			00:00:18:899		1.42187e+07		-1.55777		5.72778		532.527		6.96942e+06		536.964		
00:00:18:800		6.83099e+06		105.49		45.3282		73192.3		0.201322		308.941			00:00:18:800		1.42187e+07		-1.55777		5.72778		532.527		6.96942e+06		536.964		
00:00:18:800		6.83104e+06		105.49		45.3282		73192.3		0.201322		308.943			00:00:18:800		1.42261e+07		-1.54724		5.72169		532.485		6.96947e+06		536.982		
00:00:18:699		6.83108e+06		105.422		45.0989		70829.6		0.198711		308.946			00:00:18:699		1.42335e+07		-1.5367		5.71561		532.448		6.96953e+06		537.006		
00:00:18:600		6.83113e+06		105.422		45.0989		70829.6		0.198711		308.949			00:00:18:600		1.42408e+07		-1.52613		5.70958		532.409		6.96959e+06		537.011		
00:00:18:500		6.83118e+06		105.354		45.0989		70829.6		0.198711		308.951			00:00:18:500		1.42482e+07		-1.51555		5.7035		532.371		6.96964e+06		537.016		
00:00:18:399		6.83122e+06		105.354		44.8721		68492.6		0.1961		308.954			00:00:18:399		1.42556e+07		-1.50495		5.69739		532.333		6.9697e+06		537.042		
00:00:18:199		6.83132e+06		105.285		44.6484		66181.6		0.193487		308.959			00:00:18:199		1.42703e+07		-1.48371		5.68498		532.256		6.9698e+06		537.068		
00:00:18:199		6.83132e+06		105.285		44.6484		66181.6		0.193487		308.959			00:00:18:199		1.42703e+07		-1.48371		5.68498		532.256		6.9698e+06		537.068		
00:00:18:050		6.83138e+06		105.285		44.6484		66181.6		0.193487		308.963			00:00:18:050		1.42814e+07		-1.46774		5.67581		532.199		6.96988e+06		537.089		
00:00:17:949		6.83143e+06		105.215		44.4279		63897.5		0.190874		308.965			00:00:17:949		1.42888e+07		-1.45706		5.67006		532.16		6.96994e+06		537.099		
00:00:17:850		6.83148e+06		105.215		44.4279		63897.5		0.190874		308.967			00:00:17:850		1.42962e+07		-1.44638		5.66442		532.122		6.96999e+06		537.116		
00:00:17:750		6.83152e+06		105.145		44.4279		63897.5		0.190874		308.97			00:00:17:750		1.43035e+07		-1.43568		5.65807		532.085		6.97004e+06		537.119		
00:00:17:649		6.83157e+06		105.145		44.2107		61652.4		0.188259		308.973			00:00:17:649		1.43109e+07		-1.42496		5.65157		532.048		6.9701e+06		537.13		
00:00:17:550		6.83162e+06		105.145		44.2107		61652.4		0.188259		308.976			00:00:17:550		1.43183e+07		-1.41423		5.64498		532.01		6.97015e+06		537.137		
00:00:17:449		6.83166e+06		105.075		43.9972		59435.2		0.185642		308.978			00:00:17:449		1.43257e+07		-1.40348		5.63843		531.973		6.9702e+06		537.146		
00:00:17:350		6.83171e+06		105.075		43.9972		59435.2		0.185642		308.981			00:00:17:350		1.43331e+07		-1.39271		5.632		531.937		6.97025e+06		537.154		
00:00:17:149		6.83181e+06		105.003		43.7878		57257.7		0.183025		308.985			00:00:17:149		1.43478e+07		-1.37109		5.62		531.861		6.97036e+06		537.169		
00:00:17:149		6.83181e+06		105.003		43.7878		57257.7		0.183025		308.985			00:00:17:149		1.43478e+07		-1.37109		5.62		531.861		6.97036e+06		537.169		
00:00:17:050		6.83185e+06		105.003		43.7878		57257.7		0.183025		308.988			00:00:17:050		1.43551e+07		-1.36025		5.61432		531.823		6.97041e+06		537.177		
00:00:16:949		6.8319e+06		104.931		43.583		55120.3		0.180405		308.99			00:00:16:949		1.43624e+07		-1.34939		5.60755		531.786		6.97046e+06		537.183		
00:00:16:850		6.83195e+06		104.931		43.583		55120.3		0.180405		308.993			00:00:16:850		1.43697e+07		-1.33851		5.60056		531.744		6.97051e+06		537.192		
00:00:16:750		6.83199e+06		104.859		43.583		55120.3		0.180405		308.996			00:00:16:750		1.4377e+07		-1.32761		5.59364		531.707		6.97057e+06		537.196		
00:00:16:649		6.83204e+06		104.859		43.3831		53011.9		0.177784		308.999			00:00:16:649		1.43843e+07		-1.31669		5.58691		531.671		6.97062e+06		537.207		
00:00:16:550		6.83209e+06		104.859		43.3831		53011.9		0.177784		309.001			00:00:16:550		1.43916e+07		-1.30574		5.58003		531.634		6.97067e+06		537.206		
00:00:16:449		6.83213e+06		104.786		43.1886		50932.9		0.175161		309.004			00:00:16:449		1.43989e+07		-1.29478		5.57291		531.595		6.97072e+06		537.208		
00:00:16:350		6.83218e+06		104.786		43.1886		50932.9		0.175161		309.007			00:00:16:350		1.44061e+07		-1.28379		5.56547		531.557		6.97077e+06		537.213		
00:00:16:149		6.83228e+06		104.713		43.0003		48894.5		0.172536		309.012			00:00:16:149		1.44205e+07		-1.26175		5.55016		531.48		6.97087e+06		537.228		
00:00:16:149		6.83228e+06		104.713		43.0003		48894.5		0.172536		309.012			00:00:16:149		1.44205e+07		-1.26175		5.55016		531.48		6.97087e+06		537.228		
00:00:16:050		6.83232e+06		104.713		43.0003		48894.5		0.172536		309.015			00:00:16:050		1.44277e+07		-1.25069		5.54289		531.443		6.97092e+06		537.218		
00:00:15:949		6.83237e+06		104.639		42.8185		46939.5		0.16991		309.017			00:00:15:949		1.44348e+07		-1.23961		5.53634		531.404		6.97097e+06		537.222		
00:00:15:800		6.83244e+06		104.639		42.8185		46939.5		0.16991		309.02			00:00:15:800		1.44454e+07		-1.22292		5.5279		531.349		6.97105e+06		537.228		
00:00:15:699		6.83249e+06		104.565		42.6437		45151		0.167281		309.023			00:00:15:699		1.44524e+07		-1.21177		5.52248		531.311		6.9711e+06		537.232		
00:00:15:599		6.83254e+06		104.565		42.6437		45151		0.167281		309.027			00:00:15:599		1.44593e+07		-1.20058		5.51476		531.276		6.97115e+06		537.234		
00:00:15:500		6.83258e+06		104.492		42.6437		45151		0.167281		309.031			00:00:15:500		1.44662e+07		-1.18936		5.50637		531.237		6.97119e+06		537.238		
00:00:15:449		6.83261e+06		104.492		42.4764		43484.2		0.16465		309.033			00:00:15:449		1.44696e+07		-1.18375		5.50217		531.219		6.97122e+06		537.239		
00:00:15:349		6.83265e+06		104.492		42.4764		43484.2		0.16465		309.037			00:00:15:349		1.44763e+07		-1.17248		5.49406		531.182		6.97127e+06		537.242		
00:00:15:250		6.8327e+06		104.418		42.4764		43484.2		0.16465		309.041			00:00:15:250		1.44829e+07		-1.16119		5.48651		531.144		6.97131e+06		537.246		
00:00:15:099		6.83276e+06		104.418		42.3166		41843		0.162016		309.047			00:00:15:099		1.44924e+07		-1.14417		5.47509		531.087		6.97138e+06		537.248		
00:00:15:000		6.8328e+06		104.356		42.3166		41843		0.162016		309.051			00:00:15:000		1.44985e+07		-1.1328		5.46608		531.05		6.97143e+06		537.25		
00:00:14:900		6.83285e+06		104.356		42.1616		40230		0.15938		309.055			00:00:14:900		1.45044e+07		-1.12143		5.45673		531.015		6.97148e+06		537.248		
00:00:14:800		6.83289e+06		104.356		42.1616		40230		0.15938		309.059			00:00:14:800		1.45102e+07		-1.11007		5.44857		530.978		6.97152e+06		537.249		
00:00:14:699		6.83293e+06		104.294		42.0096		38645.8		0.156741		309.063			00:00:14:699		1.45161e+07		-1.09874		5.44203		530.942		6.97156e+06		537.25		
00:00:14:599		6.83297e+06		104.294		42.0096		38645.8		0.156741		309.068			00:00:14:599		1.45219e+07		-1.08744		5.43495		530.907		6.97161e+06		537.25		
00:00:14:500		6.83301e+06		104.232		42.0096		38645.8		0.156741		309.072			00:00:14:500		1.45278e+07		-1.07617		5.4252		530.872		6.97165e+06		537.249		
00:00:14:500		6.83301e+06		104.232		42.0096		38645.8		0.156741		309.072			00:00:14:500		1.45278e+07		-1.07617		5.4252		530.872		6.97165e+06		537.249		
00:00:14:300		6.8331e+06		104.232		41.8601		37100.4		0.154099		309.08			00:00:14:300		1.45396e+07		-1.05374		5.40463		530.797		6.97173e+06		537.247		
00:00:14:199		6.83313e+06		104.169		41.7131		35584.6		0.151455		309.084			00:00:14:199		1.45455e+07		-1.04258		5.39986		530.758		6.97177e+06		537.245		
00:00:14:099		6.83317e+06		104.169		41.7131		35584.6		0.151455		309.088			00:00:14:099		1.45515e+07		-1.03147		5.39524		530.721		6.97181e+06		537.244		
00:00:14:099		6.83317e+06		104.169		41.7131		35584.6		0.151455		309.088			00:00:14:099		1.45515e+07		-1.03147		5.39524		530.721		6.97181e+06		537.244		
00:00:14:000		6.83321e+06		104.105		41.7131		35584.6		0.151455		309.092			00:00:14:000		1.45576e+07		-1.02041		5.3851		530.686		6.97185e+06		537.241		
00:00:13:900		6.83325e+06		104.105		41.5689		34098.8		0.148808		309.097			00:00:13:900		1.45637e+07		-1.0094		5.36934		530.651		6.97189e+06		537.24		
00:00:13:800		6.83329e+06		104.105		41.5689		34098.8		0.148808		309.101			00:00:13:800		1.45699e+07		-0.998452		5.35662		530.616		6.97193e+06		537.237		
00:00:13:699		6.83332e+06		104.04		41.4286		32643.6		0.146157		309.105			00:00:13:699		1.45762e+07		-0.987563		5.35515		530.583		6.97196e+06		537.24		
00:00:13:599		6.83336e+06		104.04		41.4286		32643.6		0.146157		309.109			00:00:13:599		1.45828e+07		-0.976737		5.35713		530.552		6.972e+06		537.234		
00:00:13:500		6.83339e+06		103.975		41.4286		32643.6		0.146157		309.113			00:00:13:500		1.45895e+07		-0.965973		5.34921		530.521		6.97203e+06		537.208		
00:00:13:400		6.83343e+06		103.975		41.2925		31210.5		0.143505		309.117			00:00:13:400		1.45965e+07		-0.955259		5.32402		530.479		6.97207e+06		537.216		
00:00:13:150		6.83352e+06		103.909		41.1608		29800.4		0.140849		309.128			00:00:13:150		1.4614e+07		-0.928521		5.31345		530.39		6.97215e+06		537.201		
00:00:13:150		6.83352e+06		103.909		41.1608		29800.4		0.140849		309.128			00:00:13:150		1.4614e+07		-0.928521		5.31345		530.39		6.97215e+06		537.201		
00:00:13:050		6.83355e+06		103.909		41.1608		29800.4		0.140849		309.132			00:00:13:050		1.46209e+07		-0.917843		5.32811		530.359		6.97218e+06		537.193		
00:00:13:000		6.83357e+06		103.842		41.0341		28422.5		0.13819		309.134			00:00:13:000		1.46244e+07		-0.912507		5.32601		530.342		6.9722e+06		537.19		
00:00:12:849		6.83361e+06		103.842		41.0341		28422.5		0.13819		309.14			00:00:12:849		1.46348e+07		-0.896511		5.25482		530.296		6.97224e+06		537.181		
00:00:12:750		6.83364e+06		103.774		41.0341		28422.5		0.13819		309.144			00:00:12:750		1.46417e+07		-0.885855		5.20335		530.265		6.97227e+06		537.18		
00:00:12:650		6.83367e+06		103.774		40.9125		27077.4		0.135528		309.148			00:00:12:650		1.46486e+07		-0.875205		5.15215		530.234		6.9723e+06		537.159		
00:00:12:550		6.83370e+06		103.774		40.9125		27077.4		0.135528		309.152			00:00:12:550		1.46555e+07		-0.864564		5.10126		530.201		6.97233e+06		537.146		
00:00:12:500		6.83372e+06		103.706		40.9125		27077.4		0.135528		309.154			00:00:12:500		1.4659e+07		-0.859249		5.0759		530.184		6.97234e+06		537.153		
00:00:12:400		6.83375e+06		103.706		40.7964		25757.2		0.132864		309.158			00:00:12:400		1.46659e+07		-0.848627		5.02527		530.151		6.97237e+06		537.15		
00:00:12:199		6.83381e+06		103.637		40.6865		24470.6		0.130196		309.166			00:00:12:199		1.46796e+07		-0.827425		4.92508		530.089		6.97242e+06		537.12		
00:00:12:199		6.83381e+06		103.637		40.6865		24470.6		0.130196		309.166			00:00:12:199		1.46796e+07		-0.827425		4.92508		530.089		6.97242e+06		537.12		
00:00:12:099		6.83384e+06		103.637		40.6865		24470.6		0.130196		309.17			00:00:12:099		1.46864e+07		-0.816845		4.87546		530.059		6.97244e+06		537.113		
00:00:11:949		6.83388e+06		103.567		40.5829		23210.4		0.127525		309.176			00:00:11:949		1.46967e+07		-0.800997		4.8016		530.015		6.97248e+06		537.071		
00:00:11:849		6.8339e+06		103.567		40.5829		23210.4		0.127525		309.18			00:00:11:849		1.47035e+07		-0.790447		4.75273		529.984		6.9725e+06		537.063		
00:00:11:750		6.83393e+06		103.497		40.5829		23210.4		0.127525		309.184			00:00:11:750		1.47103e+07		-0.779908		4.70405		529.954		6.97252e+06		537.042		
00:00:11:650		6.83395e+06		103.497		40.4852		21976.9		0.124852		309.188			00:00:11:650		1.47171e+07		-0.76938		4.65537		529.925		6.97254e+06		537.037		
00:00:11:550		6.83398e+06		103.497		40.4852		21976.9		0.124852		309.192			00:00:11:550		1.47239e+07		-0.758865		4.60702		529.897		6.97256e+06		537.017		
00:00:11:449		6.834e+06		103.426		40.3924		20778		0.122175		309.196			00:00:11:449		1.47307e+07		-0.748365		4.55922		529.87		6.97258e+06		537.011		
00:00:11:349		6.83402e+06		103.426		40.3924		20778		0.122175		309.199			00:00:11:349		1.47374e+07		-0.737881		4.51192		529.842		6.97259e+06		536.997		
00:00:11:150		6.83407e+06		103.354		40.3045		19620.8		0.119495		309.207			00:00:11:150		1.47509e+07		-0.716964		4.41712		529.789		6.97262e+06		536.962		
00:00:11:150		6.83407e+06		103.354		40.3045		19620.8		0.119495		309.207			00:00:11:150		1.47509e+07		-0.716964		4.41712		529.789		6.97262e+06		536.962		
00:00:11:050		6.83409e+06		103.354		40.3045		19620.8		0.119495		309.211			00:00:11:050		1.47576e+07		-0.70654		4.36989		529.761		6.97263e+06		536.94		
00:00:10:949		6.83411e+06		103.282		40.2228		18511.5		0.116811		309.215			00:00:10:949		1.47643e+07		-0.696135		4.32358		529.733		6.97265e+06		536.918		
00:00:10:849		6.83413e+06		103.282		40.2228		18511.5		0.116811		309.219			00:00:10:849		1.4771e+07		-0.685749		4.27839		529.708		6.97266e+06		536.895		
00:00:10:750		6.83415e+06		103.209		40.2228		18511.5		0.116811		309.222			00:00:10:750		1.47777e+07		-0.67538		4.23298		529.684		6.97267e+06		536.876		
00:00:10:650		6.83416e+06		103.209		40.1481		17488.7		0.114125		309.226			00:00:10:650		1.47844e+07		-0.665035		4.1866		529.66		6.97267e+06		536.867		
00:00:10:550		6.83418e+06		103.209		40.1481		17488.7		0.114125		309.23			00:00:10:550		1.47911e+07		-0.654714		4.14019		529.636		6.97268e+06		536.845		
00:00:10:449		6.83419e+06		103.136		40.0808		16550.5		0.111435		309.233			00:00:10:449		1.47977e+07		-0.644417		4.09548		529.612		6.97268e+06		536.804		
00:00:10:349		6.8342e+06		103.136		40.0808		16550.5		0.111435		309.237			00:00:10:349		1.48044e+07		-0.634145		4.05333		529.59		6.97269e+06		536.771		
00:00:10:150		6.83422e+06		103.06		40.0219		15636.5		0.108741		309.244			00:00:10:150		1.48176e+07		-0.613676		3.96583		529.544		6.97269e+06		536.713		
00:00:10:150		6.83422e+06		103.06		40.0219		15636.5		0.108741		309.244			00:00:10:150		1.48176e+07		-0.613676		3.96583		529.544		6.97269e+06		536.713		
00:00:10:050		6.83424e+06		103.06		40.0219		15636.5		0.108741		309.248			00:00:10:050		1.48243e+07		-0.603486		3.91952		529.525		6.97269e+06		536.692		
00:00:09:949		6.83425e+06		102.998		39.9686		14741.8		0.106045		309.252			00:00:09:949		1.48309e+07		-0.593323		3.8764		529.501		6.97269e+06		536.662		
00:00:09:849		6.83426e+06		102.998		39.9686		14741.8		0.106045		309.255			00:00:09:849		1.48375e+07		-0.58319		3.83883		529.483		6.97268e+06		536.631		
00:00:09:699		6.83426e+06		102.934		39.9127		13873.1		0.103344		309.261			00:00:09:699		1.48474e+07		-0.568055		3.781		529.455		6.97267e+06		536.585		
00:00:09:599		6.83427e+06		102.934		39.9127		13873.1		0.103344		309.264			00:00:09:599		1.4854e+07		-0.558009		3.73373		529.435		6.97266e+06		536.552		
00:00:09:500		6.83427e+06		102.869		39.9127		13873.1		0.103344		309.268			00:00:09:500		1.48606e+07		-0.547998		3.68624		529.416		6.97265e+06		536.518		
00:00:09:400		6.83427e+06		102.869		39.8543		13024.7		0.10064		309.272			00:00:09:400		1.48671e+07		-0.538023		3.64933		529.4		6.97264e+06		536.482		
00:00:09:250		6.83427e+06		102.803		39.8543		13024.7		0.10064		309.277			00:00:09:250		1.4877e+07		-0.523129		3.60802		529.376		6.97261e+06		536.426		
00:00:09:099		6.83427e+06		102.803		39.7933		12202.5		0.0979329		309.283			00:00:09:099		1.48869e+07		-0.508311		3.53883		529.352		6.97258e+06		536.369		
00:00:09:099		6.83427e+06		102.803		39.7933		12202.5		0.0979329		309.283			00:00:09:099		1.48869e+07		-0.508311		3.53883		529.352		6.97258e+06		536.369		
00:00:09:000		6.83426e+06		102.736		39.7933		12202.5		0.0979329		309.286			00:00:09:000		1.48935e+07		-0.498479		3.48326		529.337		6.97256e+06		536.328		
00:00:08:900		6.83426e+06		102.736		39.7298		11411.6		0.0952217		309.29			00:00:08:900		1.49001e+07		-0.488686		3.44596		529.324		6.97254e+06		536.287		
00:00:08:800		6.83425e+06		102.736		39.7298		11411.6		0.0952217		309.294			00:00:08:800		1.49066e+07		-0.478932		3.43828		529.311		6.97251e+06		536.242		
00:00:08:699		6.83424e+06		102.667		39.6643		10656.5		0.0925067		309.297			00:00:08:699		1.49132e+07		-0.469221		3.4306		529.3		6.97248e+06		536.196		
00:00:08:599		6.83423e+06		102.667		39.6643		10656.5		0.0925067		309.301			00:00:08:599		1.49198e+07		-0.459555		3.42305		529.287		6.97245e+06		536.148		
00:00:08:500		6.83422e+06		102.597		39.6643		10656.5		0.0925067		309.305			00:00:08:500		1.49264e+07		-0.449935		3.41577		529.278		6.97241e+06		536.106		
00:00:08:500		6.83422e+06		102.597		39.6643		10656.5		0.0925067		309.305			00:00:08:500		1.49264e+07		-0.449935		3.41577		529.278		6.97241e+06		536.106		
00:00:08:199		6.83416e+06		102.527		39.5315		9219.68		0.0870649		309.317			00:00:08:199		1.4946e+07		-0.421375		3.39403		529.249		6.97229e+06		535.948		
00:00:08:099		6.83414e+06		102.527		39.5315		9219.68		0.0870649		309.321			00:00:08:099		1.49526e+07		-0.411952		3.38698		529.243		6.97225e+06		535.892		
00:00:08:099		6.83414e+06		102.527		39.5315		9219.68		0.0870649		309.321			00:00:08:099		1.49526e+07		-0.411952		3.38698		529.243		6.97225e+06		535.892		
00:00:08:099		6.83414e+06		102.527		39.5315		9219.68		0.0870649		309.321			00:00:08:099		1.49526e+07		-0.411952		3.38698		529.243		6.97225e+06		535.892		
00:00:08:000		6.83412e+06		102.458		39.5315		9219.68		0.0870649		309.325			00:00:08:000		1.49592e+07		-0.402579		3.38		529.236		6.9722e+06		535.835		
00:00:07:900		6.83409e+06		102.458		39.4642		8537.97		0.084338		309.329			00:00:07:900		1.49657e+07		-0.393253		3.37316		529.23		6.97215e+06		535.776		
00:00:07:799		6.83406e+06		102.458		39.4642		8537.97		0.084338		309.333			00:00:07:799		1.49723e+07		-0.383972		3.36639		529.225		6.97209e+06		535.714		
00:00:07:700		6.83403e+06		102.386		39.3888		7878.03		0.0816069		309.337			00:00:07:700		1.49789e+07		-0.37474		3.35984		529.223		6.97203e+06		535.652		
00:00:07:599		6.834e+06		102.386		39.3888		7878.03		0.0816069		309.342			00:00:07:599		1.49854e+07		-0.365557		3.35329		529.221		6.97197e+06		535.586		
00:00:07:500		6.83397e+06		102.314		39.3888		7878.03		0.0816069		309.346			00:00:07:500		1.4992e+07		-0.356429		3.34687		529.221		6.97191e+06		535.517		
00:00:07:400		6.83393e+06		102.314		39.3108		7236.05		0.0788715		309.351			00:00:07:400		1.49986e+07		-0.347358		3.34059		529.219		6.97184e+06		535.445		
00:00:07:200		6.83385e+06		102.239		39.2319		6615.71		0.0761318		309.36			00:00:07:200		1.50117e+07		-0.329377		3.32831		529.223		6.97169e+06		535.302		
00:00:07:200		6.83385e+06		102.239		39.2319		6615.71		0.0761318		309.36			00:00:07:200		1.50117e+07		-0.329377		3.32831		529.223		6.97169e+06		535.302		
00:00:07:049		6.83378e+06		102.239		39.2319		6615.71		0.0761318		309.368			00:00:07:049		1.50216e+07		-0.316023		3.31925		529.227		6.97157e+06		535.179		
00:00:06:950		6.83374e+06		102.163		39.1525		6023.18		0.0733876		309.373			00:00:06:950		1.50282e+07		-0.307175		3.31348		529.23		6.97149e+06		535.104		
00:00:06:900		6.83371e+06		102.163		39.1525		6023.18		0.0733876		309.376			00:00:06:900		1.50315e+07		-0.302768		3.31062		529.232		6.97144e+06		535.069		
00:00:06:799		6.83366e+06		102.163		39.1525		6023.18		0.0733876		309.381			00:00:06:799		1.50381e+07		-0.293986		3.30503		529.236		6.97135e+06		534.98		
00:00:06:650		6.83358e+06		102.086		39.0738		5449.09		0.0706387		309.389			00:00:06:650		1.50479e+07		-0.280897		3.29673		529.243		6.97121e+06		534.847		
00:00:06:549		6.83352e+06		102.086		39.0738		5449.09		0.0706387		309.395			00:00:06:549		1.50545e+07		-0.272242		3.29135		529.251		6.97111e+06		534.757		
00:00:06:450		6.83346e+06		102.007		38.9963		4924.96		0.0678852		309.4			00:00:06:450		1.50611e+07		-0.263634		3.28611		529.26		6.97101e+06		534.662		
00:00:06:349		6.8334e+06		102.007		38.9963		4924.96		0.0678852		309.406			00:00:06:349		1.50676e+07		-0.255071		3.28096		529.275		6.97091e+06		534.565		
00:00:06:150		6.83327e+06		101.927		38.9215		4456.1		0.0651268		309.419			00:00:06:150		1.50807e+07		-0.238061		3.27092		529.299		6.97068e+06		534.375		
00:00:06:150		6.83327e+06		101.927		38.9215		4456.1		0.0651268		309.419			00:00:06:150		1.50807e+07		-0.238061		3.27092		529.299		6.97068e+06		534.375		
00:00:05:950		6.83313e+06		101.84		38.851		3996.39		0.0623634		309.432			00:00:05:950		1.50936e+07		-0.221186		3.26151		529.321		6.97045e+06		534.151		
00:00:05:950		6.83313e+06		101.84		38.851		3996.39		0.0623634		309.432			00:00:05:950		1.50936e+07		-0.221186		3.26151		529.321		6.97045e+06		534.151		
00:00:05:849		6.83306e+06		101.84		38.851		3996.39		0.0623634		309.438			00:00:05:849		1.51e+07		-0.212784		3.2569		529.334		6.97032e+06		534.032		
00:00:05:750		6.83298e+06		101.768		38.851		3996.39		0.0623634		309.445			00:00:05:750		1.51063e+07		-0.20441		3.25243		529.35		6.97019e+06		533.925		
00:00:05:650		6.83291e+06		101.768		38.7788		3546.8		0.0595948		309.453			00:00:05:650		1.51126e+07		-0.196072		3.24806		529.365		6.97006e+06		533.801		
00:00:05:549		6.83283e+06		101.768		38.7788		3546.8		0.0595948		309.46			00:00:05:549		1.51188e+07		-0.187768		3.2437		529.383		6.96993e+06		533.686		
00:00:05:450		6.83275e+06		101.694		38.6968		3112.01		0.056821		309.468			00:00:05:450		1.5125e+07		-0.179488		3.23944		529.4		6.96979e+06		533.558		
00:00:05:349		6.83267e+06		101.694		38.6968		3112.01		0.056821		309.475			00:00:05:349		1.5131e+07		-0.17125		3.23523		529.42		6.96965e+06		533.445		
00:00:05:150		6.8325e+06		101.618		38.606		2688.25		0.0540417		309.491			00:00:05:150		1.51429e+07		-0.154951		3.22706		529.461		6.96935e+06		533.156		
00:00:05:150		6.8325e+06		101.618		38.606		2688.25		0.0540417		309.491			00:00:05:150		1.51429e+07		-0.154951		3.22706		529.461		6.96935e+06		533.156		
00:00:05:049		6.83242e+06		101.618		38.606		2688.25		0.0540417		309.5			00:00:05:049		1.51488e+07		-0.146891		3.22298		529.481		6.9692e+06		533.026		
00:00:04:950		6.83233e+06		101.538		38.5075		2278.66		0.0512569		309.508			00:00:04:950		1.51547e+07		-0.138887		3.2191		529.501		6.96905e+06		532.88		
00:00:04:849		6.83224e+06		101.538		38.5075		2278.66		0.0512569		309.516			00:00:04:849		1.51605e+07		-0.130931		3.21544		529.527		6.96889e+06		532.73		
00:00:04:750		6.83215e+06		101.456		38.5075		2278.66		0.0512569		309.525			00:00:04:750		1.51663e+07		-0.123008		3.21208		529.551		6.96873e+06		532.58		
00:00:04:650		6.83207e+06		101.456		38.4019		1889.19		0.0484663		309.534			00:00:04:650		1.51721e+07		-0.115117		3.20877		529.571		6.96857e+06		532.419		
00:00:04:549		6.83198e+06		101.456		38.4019		1889.19		0.0484663		309.543			00:00:04:549		1.51779e+07		-0.107247		3.20545		529.597		6.96841e+06		532.267		
00:00:04:450		6.8319e+06		101.372		38.2904		1526.84		0.0456697		309.553			00:00:04:450		1.51837e+07		-0.0993962		3.20214		529.621		6.96825e+06		532.093		
00:00:04:349		6.83181e+06		101.372		38.2904		1526.84		0.0456697		309.563			00:00:04:349		1.51897e+07		-0.0915704		3.19879		529.647		6.96808e+06		531.931		
00:00:04:250		6.83173e+06		101.284		38.2904		1526.84		0.0456697		309.573			00:00:04:250		1.51956e+07		-0.0837803		3.19535		529.672		6.96791e+06		531.767		
00:00:04:150		6.83164e+06		101.284		38.1744		1194.95		0.042867		309.584			00:00:04:150		1.52016e+07		-0.0760393		3.19182		529.698		6.96775e+06		531.589		
00:00:04:000		6.83152e+06		101.193		38.1744		1194.95		0.042867		309.599			00:00:04:000		1.52106e+07		-0.0645509		3.18597		529.735		6.9675e+06		531.321		
00:00:03:899		6.83145e+06		101.193		38.0544		899.064		0.0400582		309.61			00:00:03:899		1.52165e+07		-0.0569949		3.18177		529.765		6.96733e+06		531.135		
00:00:03:799		6.83137e+06		101.193		38.0544		899.064		0.0400582		309.62			00:00:03:799		1.52222e+07		-0.0495319		3.17759		529.789		6.96717e+06		530.952		
00:00:03:700		6.8313e+06		101.1		37.9329		643.69		0.0372432		309.63			00:00:03:700		1.52277e+07		-0.04214		3.17399		529.812		6.967e+06		530.773		
00:00:03:600		6.83124e+06		101.1		37.9329		643.69		0.0372432		309.639			00:00:03:600		1.52331e+07		-0.0347757		3.17083		529.838		6.96685e+06		530.592		
00:00:03:500		6.83117e+06		101.004		37.9329		643.69		0.0372432		309.649			00:00:03:500		1.52385e+07		-0.0273876		3.16797		529.862		6.96669e+06		530.392		
00:00:03:399		6.83112e+06		101.004		37.8106		433.318		0.0344216		309.66			00:00:03:399		1.52442e+07		-0.019959		3.16481		529.888		6.96654e+06		530.205		
00:00:03:200		6.83101e+06		100.906		37.6895		267.52		0.0315932		309.682			00:00:03:200		1.5256e+07		-0.00507307		3.15695		529.934		6.96626e+06		529.844		
00:00:03:100		6.83097e+06		100.906		37.6895		267.52		0.0315932		309.694			00:00:03:100		1.52622e+07		0.00232458		3.15241		529.956		6.96612e+06		529.664		
00:00:03:100		6.83097e+06		100.906		37.6895		267.52		0.0315932		309.694			00:00:03:100		1.52622e+07		0.00232458		3.15241		529.956		6.96612e+06		529.664		
00:00:03:000		6.83093e+06		100.806		37.6895		267.52		0.0315932		309.705			00:00:03:000		1.52684e+07		0.00966167		3.14742		529.978		6.96599e+06		529.484		
00:00:02:899		6.8309e+06		100.806		37.5713		145.78		0.0287578		309.716			00:00:02:899		1.52746e+07		0.0169182		3.14179		529.998		6.96587e+06		529.307		
00:00:02:899		6.8309e+06		100.806		37.5713		145.78		0.0287578		309.716			00:00:02:899		1.52746e+07		0.0169182		3.14179		529.998		6.96587e+06		529.307		
00:00:02:799		6.83088e+06		100.806		37.5713		145.78		0.0287578		309.727			00:00:02:799		1.52807e+07		0.0240755		3.13563		530.017		6.96576e+06		529.133		
00:00:02:700		6.83086e+06		100.706		37.4596		75.5889		0.0259156		309.737			00:00:02:700		1.52868e+07		0.0311151		3.1294		530.031		6.96566e+06		528.966		
00:00:02:600		6.83085e+06		100.706		37.4596		75.5889		0.0259156		309.746			00:00:02:600		1.52927e+07		0.0380201		3.123		530.048		6.96556e+06		528.797		
00:00:02:500		6.83084e+06		100.606		37.4596		75.5889		0.0259156		309.755			00:00:02:500		1.52984e+07		0.0447931		3.11634		530.063		6.96547e+06		528.65		
00:00:02:399		6.83084e+06		100.606		37.3611		39.7465		0.0230665		309.763			00:00:02:399		1.53039e+07		0.0514774		3.10936		530.078		6.9654e+06		528.501		
00:00:02:299		6.83084e+06		100.606		37.3611		39.7465		0.0230665		309.77			00:00:02:299		1.53094e+07		0.0581231		3.10219		530.09		6.96533e+06		528.373		
00:00:02:200		6.83085e+06		100.501		37.2871		16.2574		0.0202102		309.78			00:00:02:200		1.5318e+07		0.0680547		3.09175		530.109		6.96524e+06		528.175		
00:00:02:049		6.83087e+06		100.501		37.2871		16.2574		0.0202102		309.786			00:00:02:049		1.53239e+07		0.0746264		3.08336		530.12		6.96519e+06		528.062		
00:00:01:949		6.83089e+06		100.45		37.1941		4.45523		0.0173463		309.79			00:00:01:949		1.533e+07		0.0811267		3.07189		530.129		6.96515e+06		527.938		
00:00:01:850		6.83091e+06		100.45		37.1941		4.45523		0.0173463		309.794			00:00:01:850		1.53361e+07		0.0875387		3.05841		530.138		6.96511e+06		527.831		
00:00:01:750		6.83093e+06		100.389		37.1941		4.45523		0.0173463		309.795			00:00:01:750		1.53423e+07		0.0938606		3.04518		530.147		6.96508e+06		527.728		
00:00:01:649		6.83095e+06		100.389		37.0754		0.609346		0.0144746		309.795			00:00:01:649		1.53486e+07		0.100091		3.03365		530.157		6.96505e+06		527.633		
00:00:01:550		6.83098e+06		100.389		37.0754		0.609346		0.0144746		309.794			00:00:01:550		1.53549e+07		0.106226		3.02162		530.166		6.96503e+06		527.531		
00:00:01:449		6.831e+06		100.321		36.9347		0		0.0115946		309.791			00:00:01:449		1.53613e+07		0.112261		3.00349		530.173		6.965e+06		527.437		
00:00:01:350		6.83102e+06		100.321		36.9347		0		0.0115946		309.788			00:00:01:350		1.53677e+07		0.118188		2.98235		530.179		6.96498e+06		527.348		
00:00:01:250		6.83104e+06		100.245		36.9347		0		0.0115946		309.784			00:00:01:250		1.53741e+07		0.12401		2.96633		530.186		6.96495e+06		527.258		
00:00:01:149		6.83106e+06		100.245		36.7774		0		0.00870574		309.781			00:00:01:149		1.53805e+07		0.129631		2.96206		530.19		6.96493e+06		527.17		
00:00:01:050		6.83108e+06		100.245		36.7774		0		0.00870574		309.778			00:00:01:050		1.5387e+07		0.135067		2.95945		530.193		6.96491e+06		527.068		
00:00:00:949		6.8311e+06		100.164		36.6111		0		0.00580936		309.774			00:00:00:949		1.53939e+07		0.140692		2.94197		530.197		6.96488e+06		526.991		
00:00:00:849		6.83112e+06		100.164		36.6111		0		0.00580936		309.769			00:00:00:849		1.54019e+07		0.146725		2.90641		530.201		6.96487e+06		526.923		
00:00:00:750		6.83113e+06		100.081		36.6111		0		0.00580936		309.762			00:00:00:750		1.54123e+07		0.15323		2.87798		530.204		6.96485e+06		526.859		
00:00:00:650		6.83115e+06		100.081		36.4526		0		0.00290631		309.754			00:00:00:650		1.54265e+07		0.159876		2.89774		530.206		6.96485e+06		526.838		
00:00:00:550		6.83116e+06		100.081		36.4526		0		0.00290631		309.752			00:00:00:550		1.54444e+07		0.165878		2.94889		530.21		6.96485e+06		526.822		
00:00:00:450		6.83117e+06		100.004		36.3834		0		0		309.761			00:00:00:450		1.54618e+07		0.170228		2.98053		530.212		6.96485e+06		526.819		
00:00:00:349		6.83117e+06		100.004		36.3834		0		0		309.786			00:00:00:349		1.54736e+07		0.172384		2.9554		530.216		6.96485e+06		526.822		
00:00:00:250		6.83116e+06		100.069		36.3834		0		0		309.823			00:00:00:250		1.54782e+07		0.17284		2.83572		530.219		6.96484e+06		526.824		
00:00:00:149		6.83116e+06		100.069		36.3837		0		0		309.846			00:00:00:149		1.54785e+07		0.17284		2.83572		530.221		6.96484e+06		526.817		
00:00:00:050		6.83115e+06		100.069		36.3837		0		0		309.846			00:00:00:050		1.54785e+07		0.17284		2.83567		530.223		6.96484e+06		526.826		
00:00:00:000		6.83115e+06		100.069		36.3837		0		0		309.846			00:00:00:000		1.54785e+07		0.17284		2.83571		530.225		6.96483e+06		526.826		
00:00:00:000		6.83115e+06		100.069		36.3837		0		0		309.846			00:00:00:000		1.54785e+07		0.17284		2.83571		530.225		6.96483e+06		526.826		
00:00:00:000		6.83115e+06		100.069		36.3837		0		0		309.846			00:00:00:000		1.54785e+07		0.17284		2.83571		530.225		6.96483e+06		526.826		
00:00:00:000		6.83115e+06		100.069		36.3837		0		0		309.846			00:00:00:000		1.54785e+07		0.17284		2.83571		530.225		6.96483e+06		526.826		
00:00:00:000		6.83115e+06		100.069		36.3837		0		0		309.846			00:00:00:000		1.54785e+07		0.17284		2.83571		530.225		6.96483e+06		526.826		
00:00:00:000		6.83115e+06		100.069		36.3837		0		0		309.846			00:00:00:000		1.54785e+07		0.17284		2.83571		530.225		6.96483e+06		526.826		
