	time 		rcpppzr	rcp054rcp007mnzoyout	rcv501std0102fvol	fwfrcp001gv	rcppmssga	msfsg(1)			time 		gpv001pnt10113ppntm	evf507ety101mpzoyout	chtcon(1)	chavg(1)	chlhsumpa	rcptavgn	
00:01:02:600		9.76225e+06		-5.85956		0		0		7.18796e+06		-28.1795			00:01:02:600		7.18823e+06		117.119		71.8532		645437		0.599219		289.774		
00:01:02:500		9.77581e+06		-5.86054		0		0		7.1876e+06		-17.8515			00:01:02:500		7.18792e+06		117.089		71.8532		645437		0.599219		289.778		
00:01:02:399		9.7893e+06		-5.86158		0		0		7.18767e+06		12.9845			00:01:02:399		7.18773e+06		117.089		71.8059		644530		0.598394		289.782		
00:01:02:299		9.80281e+06		-5.86263		0		0		7.18787e+06		30.7699			00:01:02:299		7.18746e+06		117.089		71.8059		644530		0.598394		289.785		
00:01:02:200		9.81636e+06		-5.86365		0		0		7.18788e+06		37.5032			00:01:02:200		7.18702e+06		117.058		71.7582		643640		0.59757		289.789		
00:01:02:100		9.82995e+06		-5.86456		0		0		7.1875e+06		27.4755			00:01:02:100		7.18673e+06		117.058		71.7582		643640		0.59757		289.793		
00:01:01:950		9.8503e+06		-5.86566		0		0		7.18632e+06		0			00:01:01:950		7.18636e+06		117.028		71.7101		642767		0.596745		289.799		
00:01:01:850		9.86394e+06		-5.86615		0		0		7.18559e+06		-30.6419			00:01:01:850		7.18602e+06		117.028		71.7101		642767		0.596745		289.802		
00:01:01:649		9.89146e+06		-5.86647		0		0		7.18555e+06		20.7237			00:01:01:649		7.18552e+06		116.997		71.6616		641892		0.59592		289.81		
00:01:01:549		9.90532e+06		-5.86623		0		0		7.18578e+06		35.4004			00:01:01:549		7.18516e+06		116.997		71.6616		641892		0.59592		289.814		
00:01:01:549		9.90532e+06		-5.86623		0		0		7.18578e+06		35.4004			00:01:01:549		7.18516e+06		116.997		71.6616		641892		0.59592		289.814		
00:01:01:450		9.91915e+06		-5.86567		0		0		7.18575e+06		38.3802			00:01:01:450		7.18478e+06		116.966		71.6127		641001		0.595095		289.818		
00:01:01:350		9.93293e+06		-5.86475		0		0		7.18528e+06		26.9449			00:01:01:350		7.18451e+06		116.966		71.6127		641001		0.595095		289.821		
00:01:01:250		9.94668e+06		-5.86344		0		0		7.18443e+06		-13.7052			00:01:01:250		7.18428e+06		116.936		71.6127		641001		0.595095		289.825		
00:01:01:149		9.96041e+06		-5.86169		0		0		7.18365e+06		-27.843			00:01:01:149		7.18392e+06		116.936		71.5634		640109		0.594269		289.829		
00:01:01:149		9.96041e+06		-5.86169		0		0		7.18365e+06		-27.843			00:01:01:149		7.18392e+06		116.936		71.5634		640109		0.594269		289.829		
00:01:01:000		9.98095e+06		-5.8582		0		0		7.18329e+06		2.51773			00:01:01:000		7.18344e+06		116.905		71.5634		640109		0.594269		289.835		
00:01:00:899		9.99461e+06		-5.85529		0		0		7.18338e+06		23.4415			00:01:00:899		7.18317e+06		116.905		71.5137		639235		0.593444		289.839		
00:01:00:700		1.00218e+07		-5.84817		0		0		7.18313e+06		26.9924			00:01:00:700		7.18255e+06		116.874		71.4635		638340		0.592618		289.846		
00:01:00:700		1.00218e+07		-5.84817		0		0		7.18313e+06		26.9924			00:01:00:700		7.18255e+06		116.874		71.4635		638340		0.592618		289.846		
00:01:00:600		1.00354e+07		-5.84409		0		0		7.18258e+06		7.68491			00:01:00:600		7.18228e+06		116.874		71.4635		638340		0.592618		289.85		
00:01:00:500		1.00489e+07		-5.83981		0		0		7.18196e+06		0			00:01:00:500		7.18201e+06		116.843		71.4635		638340		0.592618		289.854		
00:01:00:350		1.00692e+07		-5.83324		0		0		7.18133e+06		0			00:01:00:350		7.18153e+06		116.843		71.4129		637412		0.591791		289.86		
00:01:00:250		1.00827e+07		-5.82898		0		0		7.18111e+06		0.987839			00:01:00:250		7.1812e+06		116.813		71.4129		637412		0.591791		289.864		
00:01:00:149		1.00962e+07		-5.82499		0		0		7.18102e+06		17.508			00:01:00:149		7.1809e+06		116.813		71.3618		636521		0.590965		289.868		
00:01:00:049		1.01097e+07		-5.8214		0		0		7.18088e+06		22.7352			00:01:00:049		7.18055e+06		116.813		71.3618		636521		0.590965		289.872		
00:01:00:049		1.01097e+07		-5.8214		0		0		7.18088e+06		22.7352			00:01:00:049		7.18055e+06		116.813		71.3618		636521		0.590965		289.872		
00:00:59:899		1.01298e+07		-5.81677		0		0		7.18034e+06		14.0992			00:00:59:899		7.18006e+06		116.782		71.3101		635625		0.590138		289.878		
00:00:59:899		1.01298e+07		-5.81677		0		0		7.18034e+06		14.0992			00:00:59:899		7.18006e+06		116.782		71.3101		635625		0.590138		289.878		
00:00:59:799		1.01432e+07		-5.8136		0		0		7.17979e+06		0			00:00:59:799		7.17972e+06		116.782		71.3101		635625		0.590138		289.882		
00:00:59:700		1.01566e+07		-5.81033		0		0		7.17927e+06		0			00:00:59:700		7.17937e+06		116.751		71.258		634715		0.589311		289.886		
00:00:59:600		1.017e+07		-5.80694		0		0		7.17881e+06		-15.9782			00:00:59:600		7.17896e+06		116.751		71.258		634715		0.589311		289.891		
00:00:59:399		1.01967e+07		-5.79983		0		0		7.17844e+06		18.844			00:00:59:399		7.17824e+06		116.721		71.2052		633802		0.588483		289.9		
00:00:59:399		1.01967e+07		-5.79983		0		0		7.17844e+06		18.844			00:00:59:399		7.17824e+06		116.721		71.2052		633802		0.588483		289.9		
00:00:59:299		1.02099e+07		-5.7961		0		0		7.17818e+06		20.6496			00:00:59:299		7.17784e+06		116.721		71.2052		633802		0.588483		289.905		
00:00:59:200		1.02232e+07		-5.79227		0		0		7.17773e+06		13.708			00:00:59:200		7.17747e+06		116.69		71.1519		632892		0.587656		289.909		
00:00:59:100		1.02364e+07		-5.78834		0		0		7.17717e+06		0			00:00:59:100		7.17712e+06		116.69		71.1519		632892		0.587656		289.914		
00:00:58:950		1.02562e+07		-5.78223		0		0		7.17639e+06		0			00:00:58:950		7.17655e+06		116.659		71.0979		631997		0.586827		289.922		
00:00:58:850		1.02694e+07		-5.77803		0		0		7.17598e+06		0			00:00:58:850		7.17612e+06		116.659		71.0979		631997		0.586827		289.928		
00:00:58:649		1.02958e+07		-5.76934		0		0		7.17547e+06		17.6635			00:00:58:649		7.17528e+06		116.628		71.0433		631120		0.585999		289.94		
00:00:58:649		1.02958e+07		-5.76934		0		0		7.17547e+06		17.6635			00:00:58:649		7.17528e+06		116.628		71.0433		631120		0.585999		289.94		
00:00:58:600		1.03025e+07		-5.7671		0		0		7.17532e+06		19.3117			00:00:58:600		7.17506e+06		116.628		71.0433		631120		0.585999		289.943		
00:00:58:500		1.03157e+07		-5.76257		0		0		7.17491e+06		17.332			00:00:58:500		7.17462e+06		116.598		71.0433		631120		0.585999		289.949		
00:00:58:399		1.03289e+07		-5.75794		0		0		7.17434e+06		3.361			00:00:58:399		7.1742e+06		116.598		70.988		630242		0.585169		289.956		
00:00:58:299		1.03421e+07		-5.75323		0		0		7.17375e+06		0			00:00:58:299		7.17377e+06		116.598		70.988		630242		0.585169		289.962		
00:00:58:200		1.03552e+07		-5.74842		0		0		7.1732e+06		0			00:00:58:200		7.17331e+06		116.566		70.932		629346		0.58434		289.969		
00:00:58:100		1.03683e+07		-5.74353		0		0		7.17272e+06		0			00:00:58:100		7.17282e+06		116.566		70.932		629346		0.58434		289.976		
00:00:58:000		1.03814e+07		-5.73855		0		0		7.17236e+06		8.14104			00:00:58:000		7.17236e+06		116.536		70.932		629346		0.58434		289.984		
00:00:57:899		1.03944e+07		-5.73348		0.0690933		0		7.17204e+06		15.3059			00:00:57:899		7.17188e+06		116.536		70.8752		628450		0.58351		289.991		
00:00:57:799		1.04074e+07		-5.72832		0.207573		0		7.17165e+06		16.291			00:00:57:799		7.17141e+06		116.536		70.8752		628450		0.58351		289.999		
00:00:57:700		1.0427e+07		-5.72042		0.415201		0		7.17083e+06		8.93344			00:00:57:700		7.17091e+06		116.505		70.8177		627535		0.582679		290.012		
00:00:57:549		1.04399e+07		-5.71504		0.553424		0		7.17017e+06		0			00:00:57:549		7.17012e+06		116.505		70.8177		627535		0.582679		290.021		
00:00:57:450		1.04529e+07		-5.70957		0.691365		0		7.16954e+06		0			00:00:57:450		7.16958e+06		116.474		70.7594		626604		0.581848		290.03		
00:00:57:350		1.04658e+07		-5.70401		0.828944		0		7.16897e+06		0			00:00:57:350		7.16901e+06		116.474		70.7594		626604		0.581848		290.04		
00:00:57:250		1.04787e+07		-5.69837		0.966066		0		7.16849e+06		5.71962			00:00:57:250		7.16848e+06		116.443		70.7594		626604		0.581848		290.05		
00:00:57:149		1.04916e+07		-5.69263		1.10262		0		7.16806e+06		12.2545			00:00:57:149		7.16795e+06		116.443		70.7003		625672		0.581016		290.061		
00:00:57:049		1.05045e+07		-5.68681		1.2385		0		7.16759e+06		13.9537			00:00:57:049		7.16741e+06		116.443		70.7003		625672		0.581016		290.072		
00:00:56:950		1.05173e+07		-5.68089		1.37358		0		7.16702e+06		12.1203			00:00:56:950		7.16683e+06		116.412		70.6402		624740		0.580185		290.083		
00:00:56:850		1.05302e+07		-5.67488		1.50773		0		7.16635e+06		6.49071			00:00:56:850		7.16622e+06		116.412		70.6402		624740		0.580185		290.094		
00:00:56:750		1.0543e+07		-5.66878		1.6408		0		7.16566e+06		0			00:00:56:750		7.16562e+06		116.381		70.6402		624740		0.580185		290.106		
00:00:56:649		1.05558e+07		-5.66259		1.77263		0		7.16498e+06		0			00:00:56:649		7.16497e+06		116.381		70.5793		623790		0.579353		290.118		
00:00:56:549		1.05685e+07		-5.65631		1.90301		0		7.16438e+06		4.82387			00:00:56:549		7.16435e+06		116.381		70.5793		623790		0.579353		290.131		
00:00:56:450		1.05813e+07		-5.64994		2.03166		0		7.1638e+06		8.42775			00:00:56:450		7.16372e+06		116.35		70.5174		622841		0.578521		290.144		
00:00:56:350		1.0594e+07		-5.64348		2.15837		0		7.16321e+06		10.3644			00:00:56:350		7.16309e+06		116.35		70.5174		622841		0.578521		290.157		
00:00:56:250		1.06067e+07		-5.63693		2.28291		0		7.16255e+06		8.81067			00:00:56:250		7.16244e+06		116.319		70.5174		622841		0.578521		290.17		
00:00:56:149		1.06194e+07		-5.63029		2.40524		0		7.16185e+06		5.69283			00:00:56:149		7.16175e+06		116.319		70.4545		621927		0.577688		290.183		
00:00:56:049		1.06321e+07		-5.62355		2.52548		0		7.16112e+06		2.96061			00:00:56:049		7.16108e+06		116.319		70.4545		621927		0.577688		290.197		
00:00:55:899		1.06511e+07		-5.61325		2.70233		0		7.16007e+06		5.80642			00:00:55:899		7.16002e+06		116.288		70.3904		620973		0.576856		290.217		
00:00:55:750		1.067e+07		-5.60274		2.88726		0		7.15904e+06		7.01179			00:00:55:750		7.15897e+06		116.257		70.3904		620973		0.576856		290.238		
00:00:55:649		1.06826e+07		-5.59561		3.00959		0		7.15834e+06		7.45027			00:00:55:649		7.15826e+06		116.257		70.3253		619970		0.576023		290.252		
00:00:55:649		1.06826e+07		-5.59561		3.00959		0		7.15834e+06		7.45027			00:00:55:649		7.15826e+06		116.257		70.3253		619970		0.576023		290.252		
00:00:55:549		1.06951e+07		-5.58839		3.13135		0		7.15763e+06		6.39686			00:00:55:549		7.15755e+06		116.257		70.3253		619970		0.576023		290.266		
00:00:55:450		1.07076e+07		-5.58108		3.24762		0		7.15694e+06		6.21278			00:00:55:450		7.15688e+06		116.227		70.259		618985		0.57519		290.28		
00:00:55:350		1.07201e+07		-5.57368		3.36441		0		7.15624e+06		7.90817			00:00:55:350		7.15615e+06		116.227		70.259		618985		0.57519		290.294		
00:00:55:250		1.07327e+07		-5.56618		3.47118		0		7.15555e+06		7.48376			00:00:55:250		7.15545e+06		116.196		70.259		618985		0.57519		290.309		
00:00:55:149		1.07453e+07		-5.55858		3.57474		0		7.15486e+06		8.52129			00:00:55:149		7.15476e+06		116.196		70.1914		618017		0.574357		290.324		
00:00:55:049		1.07579e+07		-5.55089		3.67552		0		7.15418e+06		9.17425			00:00:55:049		7.15406e+06		116.196		70.1914		618017		0.574357		290.339		
00:00:54:950		1.07704e+07		-5.54309		3.77337		0		7.15349e+06		9.34602			00:00:54:950		7.15337e+06		116.165		70.1225		617048		0.573524		290.354		
00:00:54:850		1.07829e+07		-5.5352		3.86842		0		7.1528e+06		9.36329			00:00:54:850		7.15267e+06		116.165		70.1225		617048		0.573524		290.369		
00:00:54:750		1.07955e+07		-5.5272		3.96063		0		7.15211e+06		9.89655			00:00:54:750		7.15198e+06		116.134		70.1225		617048		0.573524		290.383		
00:00:54:600		1.08142e+07		-5.51499		4.09328		0		7.15107e+06		9.66909			00:00:54:600		7.15095e+06		116.134		70.0522		616098		0.57269		290.406		
00:00:54:500		1.08267e+07		-5.5067		4.17815		0		7.15039e+06		11.1866			00:00:54:500		7.15026e+06		116.104		70.0522		616098		0.57269		290.421		
00:00:54:399		1.08392e+07		-5.49831		4.2601		0		7.14972e+06		11.1218			00:00:54:399		7.14957e+06		116.104		69.9804		615126		0.571856		290.436		
00:00:54:299		1.08516e+07		-5.48981		4.33921		0		7.14905e+06		11.6687			00:00:54:299		7.14889e+06		116.104		69.9804		615126		0.571856		290.452		
00:00:54:200		1.08641e+07		-5.48119		4.41526		0		7.14839e+06		12.7646			00:00:54:200		7.14822e+06		116.072		69.9071		614159		0.571022		290.467		
00:00:54:200		1.08641e+07		-5.48119		4.41526		0		7.14839e+06		12.7646			00:00:54:200		7.14822e+06		116.072		69.9071		614159		0.571022		290.467		
00:00:54:100		1.08765e+07		-5.47245		4.48881		0		7.14773e+06		12.451			00:00:54:100		7.14756e+06		116.072		69.9071		614159		0.571022		290.484		
00:00:54:000		1.08889e+07		-5.46359		4.55955		0		7.14708e+06		12.8062			00:00:54:000		7.14693e+06		116.042		69.9071		614159		0.571022		290.501		
00:00:53:899		1.09013e+07		-5.45463		4.6276		0		7.14644e+06		13.7042			00:00:53:899		7.14627e+06		116.042		69.8322		613187		0.570187		290.518		
00:00:53:600		1.09385e+07		-5.42712		4.81618		0		7.14463e+06		16.4049			00:00:53:600		7.1444e+06		116.011		69.7556		612182		0.569352		290.572		
00:00:53:600		1.09385e+07		-5.42712		4.81618		0		7.14463e+06		16.4049			00:00:53:600		7.1444e+06		116.011		69.7556		612182		0.569352		290.572		
00:00:53:600		1.09385e+07		-5.42712		4.81618		0		7.14463e+06		16.4049			00:00:53:600		7.1444e+06		116.011		69.7556		612182		0.569352		290.572		
00:00:53:500		1.09508e+07		-5.41778		4.87407		0		7.14404e+06		17.037			00:00:53:500		7.1438e+06		115.98		69.7556		612182		0.569352		290.591		
00:00:53:399		1.09632e+07		-5.40836		4.92966		0		7.14346e+06		17.7505			00:00:53:399		7.14321e+06		115.98		69.6772		611195		0.568517		290.609		
00:00:53:299		1.09756e+07		-5.39888		4.98302		0		7.14289e+06		18.6524			00:00:53:299		7.14262e+06		115.98		69.6772		611195		0.568517		290.629		
00:00:53:200		1.0988e+07		-5.38935		5.03433		0		7.14234e+06		19.5409			00:00:53:200		7.14204e+06		115.949		69.5969		610188		0.567682		290.649		
00:00:53:100		1.10003e+07		-5.37978		5.08321		0		7.1418e+06		20.7411			00:00:53:100		7.14148e+06		115.949		69.5969		610188		0.567682		290.669		
00:00:53:000		1.10127e+07		-5.37018		5.12996		0		7.14127e+06		21.304			00:00:53:000		7.14093e+06		115.918		69.5969		610188		0.567682		290.69		
00:00:52:899		1.1025e+07		-5.36056		5.17548		0		7.14074e+06		22.0031			00:00:52:899		7.14039e+06		115.918		69.5146		609147		0.566846		290.711		
00:00:52:799		1.10373e+07		-5.3509		5.21862		0		7.14022e+06		22.6793			00:00:52:799		7.13985e+06		115.918		69.5146		609147		0.566846		290.734		
00:00:52:649		1.10558e+07		-5.33637		5.27992		0		7.13947e+06		23.8163			00:00:52:649		7.13907e+06		115.887		69.4303		608124		0.56601		290.768		
00:00:52:549		1.10681e+07		-5.32664		5.31867		0		7.13899e+06		25.1291			00:00:52:549		7.13857e+06		115.887		69.4303		608124		0.56601		290.792		
00:00:52:450		1.10803e+07		-5.31687		5.35576		0		7.13854e+06		26.1258			00:00:52:450		7.13809e+06		115.857		69.3437		607118		0.565173		290.816		
00:00:52:399		1.10865e+07		-5.31196		5.37371		0		7.13832e+06		26.7519			00:00:52:399		7.13785e+06		115.857		69.3437		607118		0.565173		290.828		
00:00:52:299		1.10987e+07		-5.3021		5.40841		0		7.13789e+06		27.8357			00:00:52:299		7.1374e+06		115.857		69.3437		607118		0.565173		290.853		
00:00:52:200		1.11109e+07		-5.29217		5.4416		0		7.13749e+06		29.0829			00:00:52:200		7.13696e+06		115.826		69.2549		606093		0.564335		290.878		
00:00:52:100		1.11232e+07		-5.28218		5.47342		0		7.1371e+06		30.3032			00:00:52:100		7.13654e+06		115.826		69.2549		606093		0.564335		290.904		
00:00:52:000		1.11356e+07		-5.27212		5.50392		0		7.13674e+06		31.3019			00:00:52:000		7.13614e+06		115.795		69.2549		606093		0.564335		290.93		
00:00:51:899		1.11479e+07		-5.26199		5.5331		0		7.13639e+06		32.4999			00:00:51:899		7.13576e+06		115.795		69.1636		605051		0.563498		290.957		
00:00:51:649		1.11788e+07		-5.2364		5.60033		0		7.13562e+06		35.5596			00:00:51:649		7.13489e+06		115.764		69.0697		604009		0.562659		291.026		
00:00:51:649		1.11788e+07		-5.2364		5.60033		0		7.13562e+06		35.5596			00:00:51:649		7.13489e+06		115.764		69.0697		604009		0.562659		291.026		
00:00:51:549		1.11911e+07		-5.22604		5.62535		0		7.13534e+06		36.778			00:00:51:549		7.13457e+06		115.764		69.0697		604009		0.562659		291.055		
00:00:51:450		1.12034e+07		-5.21562		5.64945		0		7.13507e+06		37.8165			00:00:51:450		7.13425e+06		115.733		68.9732		602948		0.56182		291.085		
00:00:51:350		1.12157e+07		-5.20514		5.67239		0		7.13483e+06		38.8699			00:00:51:350		7.13398e+06		115.733		68.9732		602948		0.56182		291.115		
00:00:51:250		1.12281e+07		-5.19459		5.69402		0		7.1346e+06		39.9808			00:00:51:250		7.13371e+06		115.702		68.9732		602948		0.56182		291.145		
00:00:51:149		1.12404e+07		-5.18397		5.71464		0		7.13439e+06		41.2799			00:00:51:149		7.13345e+06		115.702		68.8739		601833		0.560981		291.177		
00:00:51:049		1.12527e+07		-5.1733		5.73461		0		7.1342e+06		42.6909			00:00:51:049		7.13321e+06		115.702		68.8739		601833		0.560981		291.208		
00:00:50:950		1.12651e+07		-5.16256		5.75434		0		7.13404e+06		44.1565			00:00:50:950		7.13298e+06		115.671		68.7716		600648		0.56014		291.241		
00:00:50:850		1.12775e+07		-5.15177		5.77295		0		7.13389e+06		45.6542			00:00:50:850		7.13277e+06		115.671		68.7716		600648		0.56014		291.274		
00:00:50:750		1.12898e+07		-5.14092		5.78993		0		7.13376e+06		47.1038			00:00:50:750		7.13258e+06		115.64		68.7716		600648		0.56014		291.308		
00:00:50:649		1.13023e+07		-5.13004		5.80577		0		7.13364e+06		48.4424			00:00:50:649		7.13239e+06		115.64		68.6661		599354		0.559299		291.343		
00:00:50:549		1.13147e+07		-5.11911		5.8216		0		7.13353e+06		49.5923			00:00:50:549		7.13222e+06		115.64		68.6661		599354		0.559299		291.378		
00:00:50:450		1.13272e+07		-5.10815		5.83791		0		7.13342e+06		50.577			00:00:50:450		7.13207e+06		115.608		68.5574		597902		0.558457		291.414		
00:00:50:350		1.13397e+07		-5.09716		5.85351		0		7.13333e+06		51.4315			00:00:50:350		7.13193e+06		115.608		68.5574		597902		0.558457		291.451		
00:00:50:250		1.13522e+07		-5.08615		5.86678		0		7.13324e+06		52.2635			00:00:50:250		7.1318e+06		115.575		68.5574		597902		0.558457		291.488		
00:00:50:149		1.13647e+07		-5.07512		5.87793		0		7.13317e+06		53.1527			00:00:50:149		7.13168e+06		115.575		68.4453		596164		0.557615		291.526		
00:00:50:049		1.13772e+07		-5.06407		5.88943		0		7.13311e+06		54.1815			00:00:50:049		7.13158e+06		115.575		68.4453		596164		0.557615		291.564		
00:00:49:950		1.13897e+07		-5.05301		5.90341		0		7.13309e+06		55.4164			00:00:49:950		7.1315e+06		115.541		68.3296		594061		0.556771		291.603		
00:00:49:850		1.14021e+07		-5.04193		5.91802		0		7.13309e+06		56.8767			00:00:49:850		7.13143e+06		115.541		68.3296		594061		0.556771		291.643		
00:00:49:700		1.14209e+07		-5.02526		5.93276		0		7.13315e+06		59.4685			00:00:49:700		7.13136e+06		115.503		68.2102		591579		0.555927		291.704		
00:00:49:649		1.14271e+07		-5.01969		5.93549		0		7.13319e+06		60.3531			00:00:49:649		7.13135e+06		115.503		68.2102		591579		0.555927		291.725		
00:00:49:500		1.14457e+07		-5.0029		5.9463		0		7.13332e+06		62.7034			00:00:49:500		7.13133e+06		115.457		68.2102		591579		0.555927		291.787		
00:00:49:399		1.14582e+07		-4.99165		5.96067		0		7.13342e+06		63.9774			00:00:49:399		7.13135e+06		115.457		68.0874		588783		0.555081		291.83		
00:00:49:299		1.14706e+07		-4.98037		5.97586		0		7.13354e+06		65.0617			00:00:49:299		7.1314e+06		115.457		68.0874		588783		0.555081		291.873		
00:00:49:200		1.1483e+07		-4.96904		5.98309		0		7.13367e+06		66.1777			00:00:49:200		7.13147e+06		115.4		67.9618		585833		0.554235		291.916		
00:00:49:100		1.14954e+07		-4.95768		5.9813		0		7.13384e+06		67.4207			00:00:49:100		7.13157e+06		115.4		67.9618		585833		0.554235		291.961		
00:00:49:000		1.15077e+07		-4.94628		5.98176		0		7.13405e+06		69.6846			00:00:49:000		7.13166e+06		115.33		67.9618		585833		0.554235		292.006		
00:00:48:899		1.15201e+07		-4.93484		5.99517		0		7.13431e+06		72.0259			00:00:48:899		7.13177e+06		115.33		67.8342		582829		0.553388		292.052		
00:00:48:700		1.15448e+07		-4.91184		6.01655		11.0286		7.13499e+06		77.0348			00:00:48:700		7.1321e+06		115.249		67.7054		579795		0.550998		292.144		
00:00:48:600		1.15572e+07		-4.90028		6.02009		19.8135		7.13538e+06		79.5724			00:00:48:600		7.1323e+06		115.249		67.7054		579795		0.550998		292.19		
00:00:48:600		1.15572e+07		-4.90028		6.02009		19.8135		7.13538e+06		79.5724			00:00:48:600		7.1323e+06		115.249		67.7054		579795		0.550998		292.19		
00:00:48:500		1.15572e+07		-4.90028		6.02009		19.8135		7.13538e+06		79.5724			00:00:48:500		7.1323e+06		115.249		67.7054		579795		0.550998		292.19		
00:00:48:500		1.15696e+07		-4.88868		6.00632		27.8796		7.1358e+06		82.0672			00:00:48:500		7.13253e+06		115.161		67.7054		579795		0.550998		292.241		
00:00:48:399		1.1582e+07		-4.87705		6.01241		35.5193		7.13626e+06		84.5363			00:00:48:399		7.1328e+06		115.161		67.5759		576722		0.548607		292.292		
00:00:48:200		1.16067e+07		-4.85368		6.06655		49.7073		7.13727e+06		89.2211			00:00:48:200		7.13342e+06		115.074		67.4458		573610		0.546212		292.397		
00:00:48:200		1.16067e+07		-4.85368		6.06655		49.7073		7.13727e+06		89.2211			00:00:48:200		7.13342e+06		115.074		67.4458		573610		0.546212		292.397		
00:00:48:000		1.16191e+07		-4.84194		6.04957		56.3496		7.13782e+06		91.532			00:00:48:000		7.13377e+06		115.074		67.4458		573610		0.546212		292.45		
00:00:48:000		1.16314e+07		-4.83016		5.99742		62.9786		7.13841e+06		93.8082			00:00:48:000		7.13416e+06		114.986		67.4458		573610		0.546212		292.504		
00:00:47:899		1.16437e+07		-4.81836		5.94589		69.5179		7.13904e+06		96.0476			00:00:47:899		7.13457e+06		114.986		67.3149		570497		0.543815		292.559		
00:00:47:799		1.1656e+07		-4.80653		5.89718		75.6196		7.1397e+06		98.3744			00:00:47:799		7.13503e+06		114.986		67.3149		570497		0.543815		292.614		
00:00:47:600		1.16805e+07		-4.78277		5.7964		87.4403		7.14115e+06		103.093			00:00:47:600		7.13605e+06		114.898		67.1833		567378		0.541414		292.726		
00:00:47:600		1.16805e+07		-4.78277		5.7964		87.4403		7.14115e+06		103.093			00:00:47:600		7.13605e+06		114.898		67.1833		567378		0.541414		292.726		
00:00:47:500		1.16928e+07		-4.77086		5.73853		93.5492		7.14193e+06		105.502			00:00:47:500		7.1366e+06		114.81		67.1833		567378		0.541414		292.782		
00:00:47:399		1.1705e+07		-4.75892		5.68084		99.202		7.14276e+06		107.903			00:00:47:399		7.13719e+06		114.81		67.051		564221		0.539011		292.839		
00:00:47:200		1.17294e+07		-4.73497		5.58379		110.262		7.14454e+06		112.725			00:00:47:200		7.13847e+06		114.722		66.9179		561043		0.536604		292.954		
00:00:47:200		1.17294e+07		-4.73497		5.58379		110.262		7.14454e+06		112.725			00:00:47:200		7.13847e+06		114.722		66.9179		561043		0.536604		292.954		
00:00:47:100		1.17416e+07		-4.72297		5.53448		116.233		7.14549e+06		115.164			00:00:47:100		7.13916e+06		114.722		66.9179		561043		0.536604		293.012		
00:00:47:000		1.17538e+07		-4.71094		5.47509		121.843		7.14648e+06		117.636			00:00:47:000		7.13988e+06		114.634		66.9179		561043		0.536604		293.071		
00:00:46:899		1.17659e+07		-4.69889		5.40992		127.123		7.14751e+06		120.103			00:00:46:899		7.14063e+06		114.634		66.7839		557843		0.534195		293.13		
00:00:46:700		1.17901e+07		-4.67474		5.30071		138.741		7.14969e+06		125.193			00:00:46:700		7.14223e+06		114.546		66.6491		554623		0.531782		293.25		
00:00:46:600		1.18022e+07		-4.66265		5.24942		144.665		7.15084e+06		127.802			00:00:46:600		7.14308e+06		114.546		66.6491		554623		0.531782		293.311		
00:00:46:600		1.18022e+07		-4.66265		5.24942		144.665		7.15084e+06		127.802			00:00:46:600		7.14308e+06		114.546		66.6491		554623		0.531782		293.311		
00:00:46:500		1.18143e+07		-4.65058		5.18277		150.388		7.15204e+06		130.487			00:00:46:500		7.14395e+06		114.457		66.6491		554623		0.531782		293.373		
00:00:46:399		1.18263e+07		-4.63851		5.10242		156.789		7.15327e+06		133.177			00:00:46:399		7.14484e+06		114.457		66.5133		551361		0.529366		293.434		
00:00:46:299		1.18381e+07		-4.62642		5.02838		164.998		7.15453e+06		135.832			00:00:46:299		7.14576e+06		114.457		66.5133		551361		0.529366		293.496		
00:00:46:200		1.18499e+07		-4.61431		4.97496		176.568		7.15581e+06		138.511			00:00:46:200		7.1467e+06		114.368		66.3768		548062		0.526946		293.558		
00:00:46:100		1.18674e+07		-4.5961		4.9046		209.552		7.15771e+06		141.978			00:00:46:100		7.14808e+06		114.368		66.3768		548062		0.526946		293.652		
00:00:45:950		1.18791e+07		-4.58394		4.84119		249.452		7.15895e+06		143.674			00:00:45:950		7.14903e+06		114.28		66.2393		544759		0.524523		293.716		
00:00:45:850		1.18907e+07		-4.57177		4.74669		294.187		7.16014e+06		146.066			00:00:45:850		7.14993e+06		114.28		66.2393		544759		0.524523		293.78		
00:00:45:750		1.19022e+07		-4.55956		4.66702		336.459		7.16129e+06		147.511			00:00:45:750		7.15077e+06		114.19		66.2393		544759		0.524523		293.845		
00:00:45:649		1.19137e+07		-4.5473		4.62078		373.574		7.16238e+06		149.833			00:00:45:649		7.15156e+06		114.19		66.1012		541414		0.522096		293.91		
00:00:45:600		1.19195e+07		-4.54115		4.60241		389.939		7.16292e+06		150.862			00:00:45:600		7.15196e+06		114.19		66.1012		541414		0.522096		293.943		
00:00:45:450		1.19367e+07		-4.52266		4.51398		430.477		7.16448e+06		154.067			00:00:45:450		7.15306e+06		114.101		65.9622		538032		0.519665		294.042		
00:00:45:350		1.19482e+07		-4.51029		4.40707		451.009		7.16548e+06		155.648			00:00:45:350		7.15378e+06		114.101		65.9622		538032		0.519665		294.108		
00:00:45:250		1.19597e+07		-4.4979		4.30807		466.657		7.16648e+06		157.511			00:00:45:250		7.15452e+06		114.012		65.9622		538032		0.519665		294.175		
00:00:45:149		1.19711e+07		-4.48549		4.26092		476.525		7.16746e+06		160.008			00:00:45:149		7.15514e+06		114.012		65.8225		534627		0.51723		294.242		
00:00:45:049		1.19826e+07		-4.47308		4.24883		479.614		7.16844e+06		161.726			00:00:45:049		7.15582e+06		114.012		65.8225		534627		0.51723		294.31		
00:00:44:950		1.19941e+07		-4.46067		4.24335		480.178		7.16943e+06		164.012			00:00:44:950		7.15651e+06		113.922		65.6821		531202		0.514791		294.378		
00:00:44:850		1.20055e+07		-4.44825		4.24057		480.698		7.17043e+06		165.949			00:00:44:850		7.15718e+06		113.922		65.6821		531202		0.514791		294.447		
00:00:44:750		1.2017e+07		-4.43583		4.23451		481.206		7.17143e+06		168.705			00:00:44:750		7.1579e+06		113.833		65.6821		531202		0.514791		294.517		
00:00:44:649		1.20285e+07		-4.42342		4.22132		481.713		7.17243e+06		169.598			00:00:44:649		7.15857e+06		113.833		65.541		527735		0.512347		294.586		
00:00:44:549		1.204e+07		-4.411		4.2068		482.21		7.17343e+06		171.644			00:00:44:549		7.1593e+06		113.833		65.541		527735		0.512347		294.656		
00:00:44:450		1.20515e+07		-4.39857		4.2011		482.699		7.17442e+06		173.711			00:00:44:450		7.15995e+06		113.743		65.3992		524191		0.509899		294.727		
00:00:44:350		1.20629e+07		-4.38615		4.20304		483.179		7.17541e+06		175.858			00:00:44:350		7.16057e+06		113.743		65.3992		524191		0.509899		294.798		
00:00:44:250		1.20744e+07		-4.37371		4.20098		483.647		7.17638e+06		177.435			00:00:44:250		7.16123e+06		113.653		65.3992		524191		0.509899		294.87		
00:00:44:149		1.20858e+07		-4.36126		4.18702		484.109		7.17735e+06		179.405			00:00:44:149		7.16192e+06		113.653		65.2567		520648		0.507446		294.943		
00:00:44:049		1.20972e+07		-4.34879		4.16742		484.559		7.1783e+06		180.804			00:00:44:049		7.16259e+06		113.653		65.2567		520648		0.507446		295.016		
00:00:43:950		1.21085e+07		-4.33629		4.15738		485		7.17925e+06		182.882			00:00:43:950		7.16321e+06		113.563		65.1135		517097		0.504988		295.091		
00:00:43:850		1.21197e+07		-4.32377		4.16364		485.432		7.18019e+06		184.855			00:00:43:850		7.1638e+06		113.563		65.1135		517097		0.504988		295.165		
00:00:43:750		1.21308e+07		-4.31124		4.17113		485.857		7.18111e+06		186.468			00:00:43:750		7.16442e+06		113.472		65.1135		517097		0.504988		295.241		
00:00:43:649		1.21419e+07		-4.2987		4.15953		486.272		7.18201e+06		188.183			00:00:43:649		7.165e+06		113.472		64.9695		513527		0.502524		295.318		
00:00:43:549		1.2153e+07		-4.28616		4.13248		486.685		7.18289e+06		189.973			00:00:43:549		7.1656e+06		113.472		64.9695		513527		0.502524		295.395		
00:00:43:450		1.21641e+07		-4.27362		4.11423		487.094		7.18374e+06		191.77			00:00:43:450		7.16612e+06		113.381		64.8247		509932		0.500055		295.473		
00:00:43:350		1.21751e+07		-4.26107		4.12285		487.5		7.18456e+06		194.307			00:00:43:350		7.16661e+06		113.381		64.8247		509932		0.500055		295.552		
00:00:43:250		1.21862e+07		-4.24852		4.14286		487.899		7.18537e+06		195.449			00:00:43:250		7.16707e+06		113.29		64.8247		509932		0.500055		295.631		
00:00:43:149		1.22027e+07		-4.22971		4.12462		488.491		7.18652e+06		198.369			00:00:43:149		7.16766e+06		113.29		64.679		506280		0.49758		295.751		
00:00:43:000		1.22137e+07		-4.21719		4.08444		488.885		7.18726e+06		200.038			00:00:43:000		7.16807e+06		113.199		64.679		506280		0.49758		295.832		
00:00:42:899		1.22246e+07		-4.20469		4.06822		489.278		7.18797e+06		201.907			00:00:42:899		7.16843e+06		113.199		64.5326		502587		0.495098		295.914		
00:00:42:799		1.22356e+07		-4.19223		4.09467		489.667		7.18864e+06		203.452			00:00:42:799		7.16879e+06		113.199		64.5326		502587		0.495098		295.997		
00:00:42:700		1.22465e+07		-4.1798		4.12941		490.053		7.18928e+06		205.385			00:00:42:700		7.16908e+06		113.107		64.3854		498835		0.492609		296.081		
00:00:42:600		1.22575e+07		-4.1674		4.11493		490.442		7.18987e+06		206.713			00:00:42:600		7.16937e+06		113.107		64.3854		498835		0.492609		296.166		
00:00:42:500		1.22684e+07		-4.15503		4.05565		490.826		7.19043e+06		208.246			00:00:42:500		7.16964e+06		113.015		64.3854		498835		0.492609		296.252		
00:00:42:399		1.22793e+07		-4.14268		4.01622		491.215		7.19095e+06		209.685			00:00:42:399		7.16988e+06		113.015		64.2373		495026		0.490113		296.339		
00:00:42:399		1.22793e+07		-4.14268		4.01622		491.215		7.19095e+06		209.685			00:00:42:399		7.16988e+06		113.015		64.2373		495026		0.490113		296.339		
00:00:42:299		1.22903e+07		-4.13034		4.04921		491.598		7.19143e+06		211.141			00:00:42:299		7.17007e+06		113.015		64.2373		495026		0.490113		296.427		
00:00:42:200		1.23011e+07		-4.118		4.11672		491.984		7.19187e+06		212.685			00:00:42:200		7.17019e+06		112.923		64.0884		491196		0.48761		296.517		
00:00:42:100		1.2312e+07		-4.10564		4.12223		492.363		7.19226e+06		214.25			00:00:42:100		7.17028e+06		112.923		64.0884		491196		0.48761		296.606		
00:00:42:000		1.23228e+07		-4.09324		4.04179		492.741		7.19259e+06		215.668			00:00:42:000		7.1703e+06		112.831		64.0884		491196		0.48761		296.697		
00:00:41:899		1.23336e+07		-4.0808		3.95349		493.107		7.19287e+06		217.226			00:00:41:899		7.17026e+06		112.831		63.9388		487343		0.485098		296.789		
00:00:41:799		1.23444e+07		-4.06828		3.94809		493.461		7.19309e+06		218.796			00:00:41:799		7.17016e+06		112.831		63.9388		487343		0.485098		296.882		
00:00:41:600		1.23659e+07		-4.04303		3.9654		494.138		7.19342e+06		221.856			00:00:41:600		7.16987e+06		112.738		63.7884		483411		0.482578		297.072		
00:00:41:600		1.23659e+07		-4.04303		3.9654		494.138		7.19342e+06		221.856			00:00:41:600		7.16987e+06		112.738		63.7884		483411		0.482578		297.072		
00:00:41:500		1.23766e+07		-4.03028		3.97378		494.471		7.19361e+06		223.688			00:00:41:500		7.16972e+06		112.645		63.7884		483411		0.482578		297.171		
00:00:41:399		1.23872e+07		-4.01747		3.98076		494.804		7.19384e+06		225.596			00:00:41:399		7.16953e+06		112.645		63.6373		479423		0.480049		297.268		
00:00:41:299		1.23978e+07		-4.00459		3.9884		495.151		7.19398e+06		227.536			00:00:41:299		7.16923e+06		112.645		63.6373		479423		0.480049		297.365		
00:00:41:200		1.24084e+07		-3.9917		3.99466		495.513		7.19399e+06		229.419			00:00:41:200		7.16881e+06		112.552		63.4856		475392		0.47751		297.464		
00:00:41:100		1.2419e+07		-3.97884		4.00398		495.885		7.19387e+06		231.266			00:00:41:100		7.16827e+06		112.552		63.4856		475392		0.47751		297.563		
00:00:41:000		1.24295e+07		-3.96606		4.0146		496.276		7.19363e+06		233.075			00:00:41:000		7.16762e+06		112.459		63.4856		475392		0.47751		297.665		
00:00:40:899		1.244e+07		-3.95342		4.02091		496.672		7.19328e+06		234.798			00:00:40:899		7.16686e+06		112.459		63.3331		471303		0.474962		297.768		
00:00:40:799		1.24505e+07		-3.94097		4.02796		497.083		7.19282e+06		236.443			00:00:40:799		7.16602e+06		112.459		63.3331		471303		0.474962		297.872		
00:00:40:600		1.24715e+07		-3.91671		4.04312		497.91		7.19163e+06		239.044			00:00:40:600		7.16421e+06		112.365		63.1799		467174		0.472403		298.087		
00:00:40:600		1.24715e+07		-3.91671		4.04312		497.91		7.19163e+06		239.044			00:00:40:600		7.16421e+06		112.365		63.1799		467174		0.472403		298.087		
00:00:40:500		1.2482e+07		-3.9049		4.05229		498.325		7.1909e+06		240.087			00:00:40:500		7.16322e+06		112.271		63.1799		467174		0.472403		298.196		
00:00:40:399		1.24924e+07		-3.89328		4.05979		498.735		7.1901e+06		241.177			00:00:40:399		7.16218e+06		112.271		63.026		462984		0.469833		298.306		
00:00:40:299		1.25028e+07		-3.8818		4.06676		499.15		7.18926e+06		242.263			00:00:40:299		7.1611e+06		112.271		63.026		462984		0.469833		298.419		
00:00:40:200		1.25132e+07		-3.87042		4.07136		499.56		7.1884e+06		243.754			00:00:40:200		7.15996e+06		112.176		62.8714		458736		0.467251		298.534		
00:00:40:100		1.25235e+07		-3.85909		4.08006		499.979		7.18754e+06		244.367			00:00:40:100		7.15873e+06		112.176		62.8714		458736		0.467251		298.651		
00:00:40:000		1.25338e+07		-3.84776		4.08956		500.404		7.18662e+06		246.804			00:00:40:000		7.15745e+06		112.081		62.8714		458736		0.467251		298.77		
00:00:39:899		1.25441e+07		-3.83641		4.09824		500.842		7.18561e+06		248.176			00:00:39:899		7.15609e+06		112.081		62.7161		454428		0.464657		298.891		
00:00:39:700		1.25646e+07		-3.81357		4.10689		501.774		7.18335e+06		251.515			00:00:39:700		7.15301e+06		111.986		62.5603		450080		0.462051		299.137		
00:00:39:600		1.25748e+07		-3.80205		4.11401		502.265		7.18208e+06		253.089			00:00:39:600		7.15135e+06		111.986		62.5603		450080		0.462051		299.264		
00:00:39:600		1.25748e+07		-3.80205		4.11401		502.265		7.18208e+06		253.089			00:00:39:600		7.15135e+06		111.986		62.5603		450080		0.462051		299.264		
00:00:39:500		1.25849e+07		-3.79046		4.12381		502.778		7.18072e+06		254.758			00:00:39:500		7.1496e+06		111.89		62.5603		450080		0.462051		299.393		
00:00:39:399		1.2595e+07		-3.77881		4.13482		503.309		7.17925e+06		256.083			00:00:39:399		7.14779e+06		111.89		62.404		445689		0.459431		299.524		
00:00:39:250		1.26101e+07		-3.76122		4.14041		504.137		7.17685e+06		258.103			00:00:39:250		7.14484e+06		111.794		62.404		445689		0.459431		299.723		
00:00:39:149		1.26201e+07		-3.74943		4.14064		504.709		7.17511e+06		259.228			00:00:39:149		7.14274e+06		111.794		62.2471		441220		0.456798		299.86		
00:00:39:049		1.263e+07		-3.7376		4.14765		505.294		7.17326e+06		260.467			00:00:39:049		7.14067e+06		111.794		62.2471		441220		0.456798		300.001		
00:00:38:950		1.26399e+07		-3.72573		4.16148		505.898		7.17127e+06		260.721			00:00:38:950		7.13856e+06		111.697		62.0898		436692		0.454151		300.14		
00:00:38:850		1.26498e+07		-3.71384		4.17369		506.516		7.16916e+06		260.989			00:00:38:850		7.13628e+06		111.697		62.0898		436692		0.454151		300.282		
00:00:38:750		1.26595e+07		-3.70194		4.17492		507.149		7.16691e+06		262.047			00:00:38:750		7.13386e+06		111.6		62.0898		436692		0.454151		300.425		
00:00:38:649		1.26692e+07		-3.69003		4.16803		507.799		7.16453e+06		260.185			00:00:38:649		7.13135e+06		111.6		61.9318		432084		0.451489		300.57		
00:00:38:549		1.26789e+07		-3.67812		4.17082		508.467		7.16203e+06		263.168			00:00:38:549		7.12871e+06		111.6		61.9318		432084		0.451489		300.718		
00:00:38:450		1.26884e+07		-3.66621		4.18964		509.153		7.15941e+06		263.476			00:00:38:450		7.12589e+06		111.503		61.7734		427417		0.448813		300.868		
00:00:38:350		1.26979e+07		-3.65431		4.20938		509.863		7.15664e+06		264.319			00:00:38:350		7.1229e+06		111.503		61.7734		427417		0.448813		301.022		
00:00:38:250		1.27074e+07		-3.64241		4.21126		510.595		7.15374e+06		264.377			00:00:38:250		7.11989e+06		111.405		61.7734		427417		0.448813		301.178		
00:00:38:149		1.27167e+07		-3.63054		4.19507		511.345		7.1507e+06		265.404			00:00:38:149		7.11674e+06		111.405		61.6143		422708		0.446121		301.336		
00:00:38:049		1.27261e+07		-3.61869		4.18694		512.121		7.14752e+06		265.905			00:00:38:049		7.11336e+06		111.405		61.6143		422708		0.446121		301.496		
00:00:37:950		1.27354e+07		-3.60687		4.20774		512.914		7.1442e+06		266.288			00:00:37:950		7.1099e+06		111.306		61.4548		417919		0.443414		301.659		
00:00:37:850		1.27447e+07		-3.59508		4.24066		513.723		7.14073e+06		265.92			00:00:37:850		7.10634e+06		111.306		61.4548		417919		0.443414		301.825		
00:00:37:750		1.27539e+07		-3.58332		4.25091		514.543		7.13711e+06		266.309			00:00:37:750		7.10253e+06		111.207		61.4548		413051		0.443414		301.992		
00:00:37:600		1.27676e+07		-3.56576		4.20553		515.792		7.1314e+06		267.163			00:00:37:600		7.09669e+06		111.207		61.2948		413051		0.440691		302.247		
00:00:37:500		1.27767e+07		-3.55411		4.19334		516.627		7.12742e+06		266.819			00:00:37:500		7.09261e+06		111.108		61.2948		413051		0.440691		302.423		
00:00:37:399		1.27857e+07		-3.54249		4.23847		517.47		7.1233e+06		267.079			00:00:37:399		7.08846e+06		111.108		61.1345		408142		0.437952		302.596		
00:00:37:350		1.27902e+07		-3.5367		4.268		517.891		7.1212e+06		267.684			00:00:37:350		7.08634e+06		111.108		61.1345		408142		0.437952		302.683		
00:00:37:250		1.27991e+07		-3.52515		4.30034		518.739		7.11687e+06		267.952			00:00:37:250		7.08192e+06		111.008		61.1345		408142		0.437952		302.86		
00:00:37:100		1.28123e+07		-3.5079		4.21888		520.042		7.11012e+06		267.77			00:00:37:100		7.07507e+06		111.008		60.9739		403190		0.435196		303.127		
00:00:37:000		1.28211e+07		-3.49646		4.17459		520.944		7.10544e+06		268.907			00:00:37:000		7.0702e+06		110.907		60.9739		403190		0.435196		303.307		
00:00:36:899		1.28297e+07		-3.48506		4.23329		521.892		7.10062e+06		268.47			00:00:36:899		7.06542e+06		110.907		60.8132		398177		0.432425		303.489		
00:00:36:799		1.28383e+07		-3.47369		4.33234		522.921		7.09566e+06		268.92			00:00:36:799		7.06034e+06		110.907		60.8132		398177		0.432425		303.672		
00:00:36:700		1.28468e+07		-3.46239		4.36009		524.059		7.09055e+06		268.075			00:00:36:700		7.0553e+06		110.806		60.6523		393084		0.429637		303.853		
00:00:36:649		1.2851e+07		-3.45677		4.30671		524.68		7.08794e+06		264.042			00:00:36:649		7.0526e+06		110.806		60.6523		393084		0.429637		303.944		
00:00:36:500		1.28636e+07		-3.44003		4.1259		526.786		7.08e+06		267.626			00:00:36:500		7.04469e+06		110.705		60.6523		393084		0.429637		304.216		
00:00:36:500		1.28636e+07		-3.44003		4.1259		526.786		7.08e+06		267.626			00:00:36:500		7.04469e+06		110.705		60.6523		393084		0.429637		304.216		
00:00:36:299		1.28802e+07		-3.41799		4.38017		530.221		7.06886e+06		268.987			00:00:36:299		7.03336e+06		110.705		60.4915		387911		0.426833		304.581		
00:00:36:200		1.28883e+07		-3.40709		4.57354		532.179		7.06298e+06		267.9			00:00:36:200		7.02745e+06		110.603		60.3308		382715		0.424014		304.758		
00:00:36:200		1.28883e+07		-3.40709		4.57354		532.179		7.06298e+06		267.9			00:00:36:200		7.02745e+06		110.603		60.3308		382715		0.424014		304.758		
00:00:36:100		1.28964e+07		-3.39626		4.76516		534.239		7.05686e+06		267.738			00:00:36:100		7.02142e+06		110.603		60.3308		382715		0.424014		304.935		
00:00:35:899		1.29122e+07		-3.37486		5.14231		538.444		7.04374e+06		261.456			00:00:35:899		7.0095e+06		110.501		60.1703		377437		0.421179		305.284		
00:00:35:899		1.29122e+07		-3.37486		5.14231		538.444		7.04374e+06		261.456			00:00:35:899		7.0095e+06		110.501		60.1703		377437		0.421179		305.284		
00:00:35:799		1.29201e+07		-3.36429		5.32638		540.437		7.03667e+06		251.601			00:00:35:799		7.00436e+06		110.501		60.1703		377437		0.421179		305.455		
00:00:35:600		1.29355e+07		-3.34342		5.68484		543.687		7.02178e+06		233.356			00:00:35:600		6.99369e+06		110.399		60.0101		372080		0.41833		305.787		
00:00:35:600		1.29355e+07		-3.34342		5.68484		543.687		7.02178e+06		233.356			00:00:35:600		6.99369e+06		110.399		60.0101		372080		0.41833		305.787		
00:00:35:500		1.29431e+07		-3.33311		5.85864		544.675		7.01392e+06		224.23			00:00:35:500		6.98757e+06		110.297		60.0101		372080		0.41833		305.948		
00:00:35:399		1.29506e+07		-3.3229		6.02932		545.092		7.00555e+06		216.065			00:00:35:399		6.9812e+06		110.297		59.8502		366678		0.415467		306.103		
00:00:35:299		1.2958e+07		-3.31279		6.19522		544.836		6.99668e+06		208.442			00:00:35:299		6.9737e+06		110.297		59.8502		366678		0.415467		306.252		
00:00:35:200		1.29653e+07		-3.30278		6.35418		543.876		6.98744e+06		195.141			00:00:35:200		6.96661e+06		110.194		59.6907		361177		0.412593		306.395		
00:00:35:100		1.29725e+07		-3.29287		6.49006		542.302		6.97805e+06		186.742			00:00:35:100		6.95902e+06		110.194		59.6907		361177		0.412593		306.528		
00:00:35:000		1.29795e+07		-3.28304		6.517		540.462		6.96879e+06		180.36			00:00:35:000		6.95127e+06		110.091		59.6907		361177		0.412593		306.653		
00:00:34:899		1.29864e+07		-3.27328		6.50252		538.859		6.96004e+06		170.319			00:00:34:899		6.94409e+06		110.091		59.5318		355596		0.409708		306.769		
00:00:34:799		1.29932e+07		-3.26353		6.48832		537.731		6.95243e+06		171.092			00:00:34:799		6.93695e+06		110.091		59.5318		355596		0.409708		306.875		
00:00:34:600		1.30068e+07		-3.24402		6.46098		536.883		6.94351e+06		308.722			00:00:34:600		6.90578e+06		109.989		59.3738		349952		0.406815		307.058		
00:00:34:600		1.30068e+07		-3.24402		6.46098		536.883		6.94351e+06		308.722			00:00:34:600		6.90578e+06		109.989		59.3738		349952		0.406815		307.058		
00:00:34:450		1.30171e+07		-3.22943		6.44191		537.014		6.94176e+06		443.374			00:00:34:450		6.85191e+06		109.886		59.2166		344228		0.403917		307.168		
00:00:34:350		1.30238e+07		-3.21975		6.42974		537.101		6.94175e+06		500.075			00:00:34:350		6.82914e+06		109.886		59.2166		344228		0.403917		307.229		
00:00:34:299		1.30272e+07		-3.21492		6.42417		537.121		6.94195e+06		516.901			00:00:34:299		6.81784e+06		109.886		59.2166		344228		0.403917		307.255		
00:00:34:200		1.30339e+07		-3.20527		6.41349		537.132		6.94248e+06		548.587			00:00:34:200		6.80273e+06		109.784		59.0602		338422		0.401014		307.3		
00:00:34:049		1.30439e+07		-3.19082		6.39802		537.121		6.94309e+06		537.965			00:00:34:049		6.80266e+06		109.784		59.0602		338422		0.401014		307.35		
00:00:33:950		1.30505e+07		-3.18119		6.38943		537.114		6.94339e+06		533.01			00:00:33:950		6.80598e+06		109.681		58.9045		332536		0.39811		307.375		
00:00:33:850		1.30571e+07		-3.17156		6.38195		537.103		6.94366e+06		531.044			00:00:33:850		6.80796e+06		109.681		58.9045		332536		0.39811		307.393		
00:00:33:649		1.30703e+07		-3.15227		6.3722		537.085		6.9442e+06		531.162			00:00:33:649		6.80846e+06		109.578		58.7496		326570		0.395204		307.418		
00:00:33:549		1.30769e+07		-3.14261		6.36873		537.072		6.94447e+06		531.201			00:00:33:549		6.8087e+06		109.578		58.7496		326570		0.395204		307.43		
00:00:33:549		1.30769e+07		-3.14261		6.36873		537.072		6.94447e+06		531.201			00:00:33:549		6.8087e+06		109.578		58.7496		326570		0.395204		307.43		
00:00:33:450		1.30834e+07		-3.13293		6.36525		537.061		6.94473e+06		531.271			00:00:33:450		6.80895e+06		109.475		58.5955		320503		0.392298		307.441		
00:00:33:350		1.30901e+07		-3.12323		6.36174		537.051		6.945e+06		531.321			00:00:33:350		6.80919e+06		109.475		58.5955		320503		0.392298		307.453		
00:00:33:250		1.30967e+07		-3.11352		6.35821		537.04		6.94526e+06		531.402			00:00:33:250		6.80943e+06		109.372		58.5955		320503		0.392298		307.464		
00:00:33:149		1.31033e+07		-3.1038		6.35466		537.029		6.94553e+06		531.461			00:00:33:149		6.80966e+06		109.372		58.442		314360		0.389391		307.476		
00:00:33:049		1.31099e+07		-3.09405		6.35116		537.016		6.94579e+06		531.511			00:00:33:049		6.8099e+06		109.372		58.442		314360		0.389391		307.487		
00:00:32:950		1.31166e+07		-3.0843		6.34765		537.002		6.94605e+06		531.559			00:00:32:950		6.81014e+06		109.268		58.2891		308335		0.386482		307.498		
00:00:32:850		1.31232e+07		-3.07453		6.34415		536.987		6.94631e+06		531.636			00:00:32:850		6.81037e+06		109.268		58.2891		308335		0.386482		307.509		
00:00:32:750		1.31299e+07		-3.06474		6.34057		536.972		6.94657e+06		531.686			00:00:32:750		6.81061e+06		109.162		58.2891		308335		0.386482		307.52		
00:00:32:649		1.31365e+07		-3.05494		6.33696		536.958		6.94683e+06		531.739			00:00:32:649		6.81085e+06		109.162		58.1365		303377		0.383573		307.531		
00:00:32:549		1.31432e+07		-3.04512		6.33335		536.942		6.94709e+06		531.819			00:00:32:549		6.81107e+06		109.162		58.1365		303377		0.383573		307.543		
00:00:32:450		1.31532e+07		-3.03036		6.32799		536.922		6.94747e+06		531.903			00:00:32:450		6.81141e+06		109.052		57.9837		299310		0.380663		307.56		
00:00:32:350		1.31566e+07		-3.02543		6.32617		536.912		6.9476e+06		531.927			00:00:32:350		6.81153e+06		109.052		57.9837		299310		0.380663		307.565		
00:00:32:200		1.31666e+07		-3.01062		6.32085		536.889		6.94797e+06		532.034			00:00:32:200		6.81186e+06		108.926		57.8292		295174		0.377752		307.582		
00:00:32:100		1.31733e+07		-3.00073		6.31722		536.871		6.94823e+06		532.083			00:00:32:100		6.81209e+06		108.926		57.8292		295174		0.377752		307.593		
00:00:32:049		1.31767e+07		-2.99577		6.3154		536.862		6.94835e+06		532.121			00:00:32:049		6.8122e+06		108.926		57.8292		295174		0.377752		307.598		
00:00:31:949		1.31834e+07		-2.98585		6.31178		536.843		6.9486e+06		532.187			00:00:31:949		6.81242e+06		108.881		57.6728		291061		0.374841		307.609		
00:00:31:850		1.31901e+07		-2.97592		6.30816		536.823		6.94885e+06		532.229			00:00:31:850		6.81265e+06		108.881		57.6728		291061		0.374841		307.62		
00:00:31:750		1.31969e+07		-2.96596		6.30448		536.805		6.9491e+06		532.301			00:00:31:750		6.81287e+06		108.836		57.6728		291061		0.374841		307.631		
00:00:31:649		1.32036e+07		-2.95599		6.30082		536.787		6.94934e+06		532.378			00:00:31:649		6.81309e+06		108.836		57.5146		286970		0.371928		307.642		
00:00:31:550		1.32137e+07		-2.941		6.29528		536.758		6.94971e+06		532.466			00:00:31:550		6.8133e+06		108.836		57.5146		286970		0.371928		307.658		
00:00:31:399		1.32205e+07		-2.93098		6.29159		536.736		6.94995e+06		532.534			00:00:31:399		6.81362e+06		108.791		57.3545		282862		0.369014		307.669		
00:00:31:300		1.32272e+07		-2.92094		6.28786		536.711		6.95019e+06		532.607			00:00:31:300		6.81383e+06		108.791		57.3545		282862		0.369014		307.679		
00:00:31:199		1.3234e+07		-2.9109		6.28415		536.689		6.95043e+06		532.667			00:00:31:199		6.81404e+06		108.745		57.1927		278741		0.3661		307.69		
00:00:31:100		1.32408e+07		-2.90083		6.28044		536.665		6.95067e+06		532.727			00:00:31:100		6.81425e+06		108.745		57.1927		278741		0.3661		307.701		
00:00:31:100		1.32408e+07		-2.90083		6.28044		536.665		6.95067e+06		532.727			00:00:31:100		6.81425e+06		108.745		57.1927		278741		0.3661		307.701		
00:00:31:000		1.32476e+07		-2.89076		6.27669		536.643		6.95091e+06		532.793			00:00:31:000		6.81445e+06		108.7		57.1927		278741		0.3661		307.711		
00:00:30:899		1.32544e+07		-2.88067		6.27294		536.624		6.95114e+06		532.858			00:00:30:899		6.81466e+06		108.7		57.0292		274662		0.363185		307.722		
00:00:30:800		1.32612e+07		-2.87056		6.26918		536.602		6.95137e+06		532.928			00:00:30:800		6.81486e+06		108.7		57.0292		274662		0.363185		307.733		
00:00:30:600		1.32749e+07		-2.85031		6.26159		536.56		6.95182e+06		533.026			00:00:30:600		6.81527e+06		108.653		56.8642		270605		0.360268		307.754		
00:00:30:600		1.32749e+07		-2.85031		6.26159		536.56		6.95182e+06		533.026			00:00:30:600		6.81527e+06		108.653		56.8642		270605		0.360268		307.754		
00:00:30:500		1.32817e+07		-2.84016		6.25776		536.54		6.95204e+06		533.095			00:00:30:500		6.81546e+06		108.606		56.8642		270605		0.360268		307.764		
00:00:30:399		1.32886e+07		-2.82999		6.25395		536.52		6.95226e+06		533.129			00:00:30:399		6.81565e+06		108.606		56.6977		266554		0.357351		307.775		
00:00:30:300		1.32955e+07		-2.81981		6.25011		536.502		6.95247e+06		533.173			00:00:30:300		6.81584e+06		108.606		56.6977		266554		0.357351		307.785		
00:00:30:199		1.33024e+07		-2.80961		6.24625		536.484		6.95267e+06		533.284			00:00:30:199		6.81604e+06		108.559		56.5296		262546		0.354433		307.795		
00:00:30:050		1.33127e+07		-2.79427		6.24039		536.458		6.95296e+06		533.21			00:00:30:050		6.81631e+06		108.559		56.5296		262546		0.354433		307.811		
00:00:30:000		1.33162e+07		-2.78915		6.23843		536.449		6.95305e+06		533.229			00:00:30:000		6.81641e+06		108.512		56.5296		262546		0.354433		307.816		
00:00:29:699		1.3337e+07		-2.75833		6.22666		536.394		6.95355e+06		533.16			00:00:29:699		6.81694e+06		108.464		56.188		254545		0.348594		307.847		
00:00:29:699		1.3337e+07		-2.75833		6.22666		536.394		6.95355e+06		533.16			00:00:29:699		6.81694e+06		108.464		56.188		254545		0.348594		307.847		
00:00:29:600		1.33439e+07		-2.74802		6.2227		536.371		6.95371e+06		533.139			00:00:29:600		6.81711e+06		108.464		56.188		254545		0.348594		307.858		
00:00:29:600		1.33439e+07		-2.74802		6.2227		536.371		6.95371e+06		533.139			00:00:29:600		6.81711e+06		108.464		56.188		254545		0.348594		307.858		
00:00:29:449		1.33544e+07		-2.73252		6.21666		536.336		6.95399e+06		533.202			00:00:29:449		6.81738e+06		108.416		56.0143		250573		0.345673		307.873		
00:00:29:399		1.33578e+07		-2.72735		6.21468		536.323		6.95409e+06		533.23			00:00:29:399		6.81747e+06		108.416		56.0143		250573		0.345673		307.878		
00:00:29:250		1.33683e+07		-2.71179		6.20865		536.289		6.95439e+06		533.283			00:00:29:250		6.81774e+06		108.367		56.0143		250573		0.345673		307.894		
00:00:29:149		1.33753e+07		-2.70139		6.2046		536.265		6.95459e+06		533.351			00:00:29:149		6.81792e+06		108.367		55.8387		246626		0.342752		307.904		
00:00:29:050		1.33823e+07		-2.69097		6.20052		536.238		6.95478e+06		533.394			00:00:29:050		6.81809e+06		108.367		55.8387		246626		0.342752		307.914		
00:00:28:949		1.33893e+07		-2.68053		6.19644		536.211		6.95498e+06		533.461			00:00:28:949		6.81825e+06		108.318		55.6611		242684		0.339829		307.924		
00:00:28:850		1.33963e+07		-2.67007		6.1924		536.18		6.95517e+06		533.505			00:00:28:850		6.81842e+06		108.318		55.6611		242684		0.339829		307.934		
00:00:28:649		1.34104e+07		-2.64909		6.18422		536.127		6.95555e+06		533.65			00:00:28:649		6.81875e+06		108.268		55.4813		238732		0.336906		307.955		
00:00:28:550		1.34174e+07		-2.63858		6.18004		536.102		6.95574e+06		533.714			00:00:28:550		6.8189e+06		108.268		55.4813		238732		0.336906		307.965		
00:00:28:550		1.34174e+07		-2.63858		6.18004		536.102		6.95574e+06		533.714			00:00:28:550		6.8189e+06		108.268		55.4813		238732		0.336906		307.965		
00:00:28:449		1.34245e+07		-2.62805		6.17588		536.076		6.95593e+06		533.803			00:00:28:449		6.81905e+06		108.218		55.2994		234807		0.333981		307.975		
00:00:28:350		1.34315e+07		-2.6175		6.17174		536.051		6.95612e+06		533.893			00:00:28:350		6.8192e+06		108.218		55.2994		234807		0.333981		307.985		
00:00:28:250		1.34386e+07		-2.60694		6.16759		536.025		6.95631e+06		533.952			00:00:28:250		6.81935e+06		108.168		55.2994		234807		0.333981		307.995		
00:00:28:149		1.34456e+07		-2.59637		6.16337		535.998		6.95649e+06		534.015			00:00:28:149		6.81951e+06		108.168		55.1155		230889		0.331056		308.005		
00:00:28:050		1.34526e+07		-2.58578		6.15915		535.967		6.95668e+06		534.071			00:00:28:050		6.81966e+06		108.168		55.1155		230889		0.331056		308.015		
00:00:27:949		1.34596e+07		-2.57517		6.155		535.94		6.95686e+06		534.117			00:00:27:949		6.81982e+06		108.117		54.9296		226980		0.32813		308.025		
00:00:27:850		1.34666e+07		-2.56454		6.15073		535.912		6.95704e+06		534.176			00:00:27:850		6.81998e+06		108.117		54.9296		226980		0.32813		308.035		
00:00:27:750		1.34736e+07		-2.5539		6.14644		535.885		6.95722e+06		534.212			00:00:27:750		6.82014e+06		108.066		54.9296		226980		0.32813		308.045		
00:00:27:649		1.34806e+07		-2.54324		6.14222		535.858		6.9574e+06		534.261			00:00:27:649		6.8203e+06		108.066		54.7417		223116		0.325202		308.055		
00:00:27:550		1.34876e+07		-2.53256		6.13794		535.828		6.95757e+06		534.296			00:00:27:550		6.82046e+06		108.066		54.7417		223116		0.325202		308.065		
00:00:27:449		1.34947e+07		-2.52186		6.1336		535.799		6.95775e+06		534.356			00:00:27:449		6.82061e+06		108.014		54.5516		219261		0.322274		308.075		
00:00:27:350		1.35017e+07		-2.51114		6.12922		535.77		6.95792e+06		534.399			00:00:27:350		6.82076e+06		108.014		54.5516		219261		0.322274		308.085		
00:00:27:250		1.35088e+07		-2.50041		6.12485		535.741		6.95809e+06		534.451			00:00:27:250		6.82091e+06		107.962		54.5516		219261		0.322274		308.095		
00:00:27:100		1.35194e+07		-2.48427		6.11833		535.697		6.95835e+06		534.514			00:00:27:100		6.82113e+06		107.962		54.3593		215416		0.319345		308.111		
00:00:27:050		1.3523e+07		-2.47889		6.11612		535.683		6.95843e+06		534.531			00:00:27:050		6.8212e+06		107.962		54.3593		215416		0.319345		308.116		
00:00:26:899		1.35337e+07		-2.46273		6.10947		535.639		6.95868e+06		534.603			00:00:26:899		6.82142e+06		107.909		54.165		211581		0.316415		308.131		
00:00:26:850		1.35373e+07		-2.45734		6.10725		535.626		6.95876e+06		534.626			00:00:26:850		6.82149e+06		107.909		54.165		211581		0.316415		308.136		
00:00:26:750		1.35444e+07		-2.44656		6.10285		535.594		6.95892e+06		534.666			00:00:26:750		6.82164e+06		107.856		54.165		211581		0.316415		308.146		
00:00:26:649		1.35551e+07		-2.43038		6.09613		535.543		6.95917e+06		534.721			00:00:26:649		6.82185e+06		107.856		53.9687		207775		0.313484		308.161		
00:00:26:500		1.35622e+07		-2.41959		6.09163		535.513		6.95933e+06		534.758			00:00:26:500		6.82199e+06		107.802		53.9687		207775		0.313484		308.17		
00:00:26:399		1.35693e+07		-2.4088		6.08709		535.481		6.95948e+06		534.81			00:00:26:399		6.82213e+06		107.802		53.7702		203997		0.310552		308.18		
00:00:26:300		1.35765e+07		-2.39802		6.0826		535.451		6.95964e+06		534.845			00:00:26:300		6.82227e+06		107.802		53.7702		203997		0.310552		308.19		
00:00:26:199		1.35836e+07		-2.38725		6.07807		535.421		6.9598e+06		534.913			00:00:26:199		6.8224e+06		107.748		53.5695		200231		0.307619		308.2		
00:00:26:199		1.35836e+07		-2.38725		6.07807		535.421		6.9598e+06		534.913			00:00:26:199		6.8224e+06		107.748		53.5695		200231		0.307619		308.2		
00:00:26:000		1.35979e+07		-2.36572		6.06886		535.36		6.9601e+06		534.964			00:00:26:000		6.82268e+06		107.693		53.5695		200231		0.307619		308.22		
00:00:25:899		1.36051e+07		-2.35497		6.06425		535.328		6.96026e+06		535.079			00:00:25:899		6.82281e+06		107.693		53.3664		196494		0.304685		308.229		
00:00:25:899		1.36051e+07		-2.35497		6.06425		535.328		6.96026e+06		535.079			00:00:25:899		6.82281e+06		107.693		53.3664		196494		0.304685		308.229		
00:00:25:800		1.36122e+07		-2.34424		6.05965		535.293		6.96041e+06		535.119			00:00:25:800		6.82294e+06		107.693		53.3664		196494		0.304685		308.239		
00:00:25:600		1.36266e+07		-2.32281		6.05033		535.226		6.9607e+06		535.145			00:00:25:600		6.82319e+06		107.638		53.161		192752		0.30175		308.258		
00:00:25:600		1.36266e+07		-2.32281		6.05033		535.226		6.9607e+06		535.145			00:00:25:600		6.82319e+06		107.638		53.161		192752		0.30175		308.258		
00:00:25:500		1.36338e+07		-2.31211		6.04565		535.193		6.96085e+06		535.169			00:00:25:500		6.82332e+06		107.582		53.161		192752		0.30175		308.268		
00:00:25:399		1.3641e+07		-2.3014		6.04097		535.16		6.961e+06		535.229			00:00:25:399		6.82345e+06		107.582		52.9531		189005		0.298815		308.278		
00:00:25:300		1.36482e+07		-2.29071		6.03625		535.129		6.96114e+06		535.262			00:00:25:300		6.82357e+06		107.582		52.9531		189005		0.298815		308.287		
00:00:25:199		1.36555e+07		-2.28002		6.03153		535.096		6.96128e+06		535.303			00:00:25:199		6.8237e+06		107.525		52.743		185307		0.295878		308.297		
00:00:25:100		1.36627e+07		-2.26936		6.02676		535.063		6.96143e+06		535.335			00:00:25:100		6.82382e+06		107.525		52.743		185307		0.295878		308.306		
00:00:24:899		1.36773e+07		-2.2481		6.01712		534.994		6.96171e+06		535.416			00:00:24:899		6.82407e+06		107.469		52.5308		181640		0.29294		308.324		
00:00:24:899		1.36773e+07		-2.2481		6.01712		534.994		6.96171e+06		535.416			00:00:24:899		6.82407e+06		107.469		52.5308		181640		0.29294		308.324		
00:00:24:800		1.36845e+07		-2.23751		6.01233		534.958		6.96185e+06		535.45			00:00:24:800		6.82419e+06		107.469		52.5308		181640		0.29294		308.334		
00:00:24:600		1.36991e+07		-2.2164		6.00266		534.886		6.96213e+06		535.53			00:00:24:600		6.82443e+06		107.411		52.3165		177952		0.290001		308.352		
00:00:24:600		1.36991e+07		-2.2164		6.00266		534.886		6.96213e+06		535.53			00:00:24:600		6.82443e+06		107.411		52.3165		177952		0.290001		308.352		
00:00:24:500		1.37064e+07		-2.20588		5.99772		534.852		6.96226e+06		535.573			00:00:24:500		6.82455e+06		107.353		52.3165		177952		0.290001		308.36		
00:00:24:399		1.37137e+07		-2.1954		5.99282		534.819		6.9624e+06		535.602			00:00:24:399		6.82467e+06		107.353		52.1001		174298		0.287061		308.369		
00:00:24:300		1.3721e+07		-2.18494		5.98789		534.784		6.96254e+06		535.652			00:00:24:300		6.82478e+06		107.353		52.1001		174298		0.287061		308.378		
00:00:24:199		1.37284e+07		-2.1745		5.98298		534.75		6.96267e+06		535.689			00:00:24:199		6.8249e+06		107.294		51.8816		170676		0.28412		308.386		
00:00:24:100		1.37357e+07		-2.1641		5.97798		534.713		6.96281e+06		535.715			00:00:24:100		6.82502e+06		107.294		51.8816		170676		0.28412		308.395		
00:00:23:949		1.37467e+07		-2.14857		5.97047		534.657		6.96301e+06		535.774			00:00:23:949		6.8252e+06		107.235		51.6608		167070		0.281179		308.407		
00:00:23:850		1.37541e+07		-2.13826		5.9655		534.618		6.96314e+06		535.807			00:00:23:850		6.82531e+06		107.235		51.6608		167070		0.281179		308.415		
00:00:23:800		1.37578e+07		-2.13311		5.96296		534.6		6.96321e+06		535.833			00:00:23:800		6.82537e+06		107.235		51.6608		167070		0.281179		308.419		
00:00:23:550		1.37762e+07		-2.10756		5.95041		534.509		6.96354e+06		535.915			00:00:23:550		6.82566e+06		107.176		51.4377		163463		0.278236		308.438		
00:00:23:550		1.37762e+07		-2.10756		5.95041		534.509		6.96354e+06		535.915			00:00:23:550		6.82566e+06		107.176		51.4377		163463		0.278236		308.438		
00:00:23:449		1.37836e+07		-2.09741		5.94524		534.47		6.96367e+06		535.959			00:00:23:449		6.82577e+06		107.115		51.2125		159840		0.275292		308.446		
00:00:23:350		1.3791e+07		-2.08729		5.94011		534.434		6.9638e+06		535.987			00:00:23:350		6.82588e+06		107.115		51.2125		159840		0.275292		308.454		
00:00:23:250		1.37984e+07		-2.07722		5.93507		534.397		6.96393e+06		536.03			00:00:23:250		6.82599e+06		107.054		51.2125		159840		0.275292		308.461		
00:00:23:149		1.38058e+07		-2.06719		5.93004		534.359		6.96406e+06		536.077			00:00:23:149		6.8261e+06		107.054		50.9851		156251		0.272347		308.468		
00:00:23:050		1.38132e+07		-2.0572		5.92504		534.319		6.96419e+06		536.104			00:00:23:050		6.82621e+06		107.054		50.9851		156251		0.272347		308.475		
00:00:22:949		1.38207e+07		-2.04724		5.91981		534.279		6.96432e+06		536.152			00:00:22:949		6.82632e+06		106.993		50.7554		152681		0.269401		308.483		
00:00:22:850		1.38281e+07		-2.03732		5.91459		534.237		6.96445e+06		536.195			00:00:22:850		6.82644e+06		106.993		50.7554		152681		0.269401		308.49		
00:00:22:649		1.3843e+07		-2.01758		5.90403		534.164		6.9647e+06		536.26			00:00:22:649		6.82665e+06		106.931		50.5233		149131		0.266455		308.504		
00:00:22:550		1.38505e+07		-2.00774		5.89875		534.124		6.96483e+06		536.313			00:00:22:550		6.82676e+06		106.931		50.5233		149131		0.266455		308.511		
00:00:22:550		1.38505e+07		-2.00774		5.89875		534.124		6.96483e+06		536.313			00:00:22:550		6.82676e+06		106.931		50.5233		149131		0.266455		308.511		
00:00:22:449		1.38579e+07		-1.99793		5.89343		534.087		6.96496e+06		536.341			00:00:22:449		6.82686e+06		106.868		50.2887		145600		0.263507		308.517		
00:00:22:350		1.38654e+07		-1.98813		5.88816		534.047		6.96508e+06		536.389			00:00:22:350		6.82697e+06		106.868		50.2887		145600		0.263507		308.524		
00:00:22:250		1.38729e+07		-1.97834		5.88282		534.007		6.9652e+06		536.427			00:00:22:250		6.82707e+06		106.805		50.2887		145600		0.263507		308.531		
00:00:22:149		1.38804e+07		-1.96856		5.87752		533.965		6.96533e+06		536.458			00:00:22:149		6.82718e+06		106.805		50.0516		142073		0.260558		308.537		
00:00:22:050		1.3888e+07		-1.95877		5.87215		533.923		6.96545e+06		536.494			00:00:22:050		6.82728e+06		106.805		50.0516		142073		0.260558		308.544		
00:00:21:949		1.38957e+07		-1.94898		5.86681		533.882		6.96557e+06		536.527			00:00:21:949		6.82739e+06		106.741		49.8119		138550		0.257608		308.55		
00:00:21:850		1.39034e+07		-1.93917		5.8614		533.842		6.96569e+06		536.567			00:00:21:850		6.82749e+06		106.741		49.8119		138550		0.257608		308.556		
00:00:21:649		1.39188e+07		-1.91947		5.85048		533.764		6.96593e+06		536.645			00:00:21:649		6.82768e+06		106.676		49.5698		135017		0.254657		308.569		
00:00:21:550		1.39267e+07		-1.90956		5.84501		533.722		6.96605e+06		536.68			00:00:21:550		6.82778e+06		106.676		49.5698		135017		0.254657		308.575		
00:00:21:550		1.39267e+07		-1.90956		5.84501		533.722		6.96605e+06		536.68			00:00:21:550		6.82778e+06		106.676		49.5698		135017		0.254657		308.575		
00:00:21:449		1.39346e+07		-1.89961		5.83957		533.681		6.96616e+06		536.715			00:00:21:449		6.82788e+06		106.611		49.3252		131490		0.251705		308.581		
00:00:21:350		1.39425e+07		-1.88961		5.83412		533.639		6.96628e+06		536.752			00:00:21:350		6.82798e+06		106.611		49.3252		131490		0.251705		308.588		
00:00:21:250		1.39506e+07		-1.87955		5.82862		533.597		6.9664e+06		536.789			00:00:21:250		6.82808e+06		106.545		49.3252		131490		0.251705		308.594		
00:00:21:149		1.3963e+07		-1.86443		5.82024		533.535		6.96657e+06		536.841			00:00:21:149		6.82822e+06		106.545		49.078		128004		0.248752		308.603		
00:00:21:000		1.39713e+07		-1.85436		5.8146		533.495		6.96668e+06		536.867			00:00:21:000		6.82832e+06		106.479		49.078		128004		0.248752		308.609		
00:00:20:899		1.39797e+07		-1.84428		5.80898		533.455		6.96679e+06		536.911			00:00:20:899		6.82841e+06		106.479		48.8281		124541		0.245798		308.615		
00:00:20:800		1.39881e+07		-1.8342		5.80337		533.413		6.9669e+06		536.942			00:00:20:800		6.82850e+06		106.479		48.8281		124541		0.245798		308.621		
00:00:20:699		1.39966e+07		-1.82412		5.79769		533.371		6.96701e+06		536.978			00:00:20:699		6.8286e+06		106.411		48.5754		121104		0.242843		308.628		
00:00:20:600		1.40051e+07		-1.81405		5.79204		533.325		6.96712e+06		537.01			00:00:20:600		6.82869e+06		106.411		48.5754		121104		0.242843		308.634		
00:00:20:600		1.40051e+07		-1.81405		5.79204		533.325		6.96712e+06		537.01			00:00:20:600		6.82869e+06		106.411		48.5754		121104		0.242843		308.634		
00:00:20:500		1.40137e+07		-1.80397		5.78629		533.285		6.96722e+06		537.092			00:00:20:500		6.82878e+06		106.343		48.5754		121104		0.242843		308.64		
00:00:20:300		1.40313e+07		-1.78381		5.77487		533.2		6.96743e+06		537.114			00:00:20:300		6.82895e+06		106.343		48.3201		117709		0.239886		308.652		
00:00:20:199		1.40402e+07		-1.77372		5.76909		533.16		6.96754e+06		537.146			00:00:20:199		6.82904e+06		106.275		48.0624		114340		0.236929		308.658		
00:00:20:100		1.40492e+07		-1.76359		5.76326		533.116		6.96764e+06		537.175			00:00:20:100		6.82912e+06		106.275		48.0624		114340		0.236929		308.664		
00:00:20:000		1.40582e+07		-1.75342		5.75749		533.072		6.96774e+06		537.212			00:00:20:000		6.8292e+06		106.206		48.0624		114340		0.236929		308.67		
00:00:20:000		1.40582e+07		-1.75342		5.75749		533.072		6.96774e+06		537.212			00:00:20:000		6.8292e+06		106.206		48.0624		114340		0.236929		308.67		
00:00:19:899		1.40671e+07		-1.74321		5.75159		533.03		6.96784e+06		537.237			00:00:19:899		6.82928e+06		106.206		47.8023		110999		0.23397		308.676		
00:00:19:800		1.4076e+07		-1.73295		5.74572		532.984		6.96793e+06		537.277			00:00:19:800		6.82937e+06		106.206		47.8023		110999		0.23397		308.682		
00:00:19:600		1.40937e+07		-1.71224		5.73395		532.902		6.96812e+06		537.327			00:00:19:600		6.82952e+06		106.136		47.54		107685		0.23101		308.694		
00:00:19:600		1.40937e+07		-1.71224		5.73395		532.902		6.96812e+06		537.327			00:00:19:600		6.82952e+06		106.136		47.54		107685		0.23101		308.694		
00:00:19:500		1.41025e+07		-1.7018		5.72808		532.86		6.96822e+06		537.353			00:00:19:500		6.8296e+06		106.065		47.54		107685		0.23101		308.7		
00:00:19:399		1.41111e+07		-1.69127		5.72209		532.818		6.96831e+06		537.382			00:00:19:399		6.82968e+06		106.065		47.276		104401		0.228049		308.706		
00:00:19:300		1.41195e+07		-1.68065		5.71609		532.774		6.9684e+06		537.41			00:00:19:300		6.82976e+06		106.065		47.276		104401		0.228049		308.712		
00:00:19:199		1.41276e+07		-1.66995		5.7101		532.73		6.96849e+06		537.438			00:00:19:199		6.82983e+06		105.994		47.011		101162		0.225087		308.718		
00:00:19:100		1.41354e+07		-1.6592		5.70412		532.686		6.96857e+06		537.507			00:00:19:100		6.8299e+06		105.994		47.011		101162		0.225087		308.724		
00:00:19:000		1.41432e+07		-1.64843		5.69804		532.646		6.96866e+06		537.506			00:00:19:000		6.82997e+06		105.922		47.011		101162		0.225087		308.73		
00:00:18:899		1.41509e+07		-1.63765		5.69193		532.604		6.96874e+06		537.521			00:00:18:899		6.83004e+06		105.922		46.7465		97969.2		0.222123		308.736		
00:00:18:800		1.41587e+07		-1.62684		5.68583		532.56		6.96883e+06		537.546			00:00:18:800		6.83011e+06		105.922		46.7465		97969.2		0.222123		308.742		
00:00:18:600		1.41742e+07		-1.60519		5.67365		532.472		6.96899e+06		537.592			00:00:18:600		6.83024e+06		105.849		46.4837		94807.5		0.219159		308.754		
00:00:18:600		1.41742e+07		-1.60519		5.67365		532.472		6.96899e+06		537.592			00:00:18:600		6.83024e+06		105.849		46.4837		94807.5		0.219159		308.754		
00:00:18:500		1.4182e+07		-1.59434		5.66743		532.43		6.96906e+06		537.621			00:00:18:500		6.83031e+06		105.775		46.4837		94807.5		0.219159		308.76		
00:00:18:399		1.41897e+07		-1.58347		5.66116		532.388		6.96914e+06		537.643			00:00:18:399		6.83037e+06		105.775		46.2225		91663.2		0.216193		308.766		
00:00:18:300		1.41975e+07		-1.57258		5.65498		532.344		6.96921e+06		537.671			00:00:18:300		6.83043e+06		105.775		46.2225		91663.2		0.216193		308.772		
00:00:18:149		1.42091e+07		-1.5562		5.64556		532.278		6.96932e+06		537.712			00:00:18:149		6.83052e+06		105.701		45.9629		88552.5		0.213226		308.781		
00:00:18:050		1.42168e+07		-1.54525		5.63926		532.234		6.9694e+06		537.726			00:00:18:050		6.83058e+06		105.701		45.9629		88552.5		0.213226		308.787		
00:00:17:949		1.42245e+07		-1.53428		5.63293		532.19		6.96946e+06		537.747			00:00:17:949		6.83064e+06		105.626		45.7052		85476		0.210257		308.792		
00:00:17:850		1.42322e+07		-1.52328		5.62658		532.149		6.96953e+06		537.77			00:00:17:850		6.83069e+06		105.626		45.7052		85476		0.210257		308.798		
00:00:17:750		1.424e+07		-1.51227		5.6203		532.107		6.9696e+06		537.79			00:00:17:750		6.83074e+06		105.551		45.7052		85476		0.210257		308.804		
00:00:17:550		1.42554e+07		-1.49019		5.60744		532.023		6.96973e+06		537.832			00:00:17:550		6.83085e+06		105.551		45.4496		82449.3		0.207287		308.815		
00:00:17:550		1.42554e+07		-1.49019		5.60744		532.023		6.96973e+06		537.832			00:00:17:550		6.83085e+06		105.551		45.4496		82449.3		0.207287		308.815		
00:00:17:449		1.42631e+07		-1.47912		5.60102		531.979		6.96979e+06		537.861			00:00:17:449		6.8309e+06		105.474		45.1969		79472.5		0.204316		308.82		
00:00:17:350		1.42708e+07		-1.46804		5.59466		531.935		6.96985e+06		537.872			00:00:17:350		6.83095e+06		105.474		45.1969		79472.5		0.204316		308.826		
00:00:17:250		1.42785e+07		-1.45693		5.58823		531.893		6.96991e+06		537.891			00:00:17:250		6.831e+06		105.397		45.1969		79472.5		0.204316		308.831		
00:00:17:149		1.42862e+07		-1.44581		5.58168		531.85		6.96997e+06		537.91			00:00:17:149		6.83104e+06		105.397		44.9476		76518.8		0.201344		308.837		
00:00:17:050		1.42939e+07		-1.43467		5.57516		531.808		6.97002e+06		537.934			00:00:17:050		6.83109e+06		105.397		44.9476		76518.8		0.201344		308.842		
00:00:16:949		1.43016e+07		-1.42351		5.56849		531.766		6.97008e+06		537.943			00:00:16:949		6.83113e+06		105.319		44.7019		73603		0.19837		308.848		
00:00:16:850		1.43093e+07		-1.41234		5.56179		531.724		6.97013e+06		537.957			00:00:16:850		6.83118e+06		105.319		44.7019		73603		0.19837		308.853		
00:00:16:750		1.4317e+07		-1.40115		5.55512		531.682		6.97019e+06		537.971			00:00:16:750		6.83122e+06		105.24		44.7019		73603		0.19837		308.858		
00:00:16:550		1.43324e+07		-1.37871		5.54205		531.597		6.97029e+06		538.001			00:00:16:550		6.8313e+06		105.24		44.46		70726.2		0.195394		308.869		
00:00:16:550		1.43324e+07		-1.37871		5.54205		531.597		6.97029e+06		538.001			00:00:16:550		6.8313e+06		105.24		44.46		70726.2		0.195394		308.869		
00:00:16:449		1.434e+07		-1.36744		5.53528		531.555		6.97034e+06		538.017			00:00:16:449		6.83134e+06		105.161		44.2225		67889.2		0.192417		308.874		
00:00:16:350		1.43476e+07		-1.35614		5.5282		531.513		6.97038e+06		538.028			00:00:16:350		6.83138e+06		105.161		44.2225		67889.2		0.192417		308.879		
00:00:16:250		1.43552e+07		-1.34482		5.52134		531.469		6.97043e+06		538.045			00:00:16:250		6.83142e+06		105.081		44.2225		67889.2		0.192417		308.884		
00:00:16:149		1.43628e+07		-1.33347		5.51525		531.428		6.97047e+06		538.056			00:00:16:149		6.83145e+06		105.081		43.9896		65106.1		0.189439		308.889		
00:00:16:050		1.43704e+07		-1.3221		5.50884		531.386		6.97052e+06		538.074			00:00:16:050		6.83149e+06		105.081		43.9896		65106.1		0.189439		308.894		
00:00:15:949		1.4378e+07		-1.3107		5.50197		531.346		6.97056e+06		538.079			00:00:15:949		6.83153e+06		105		43.7616		62364.4		0.186459		308.899		
00:00:15:849		1.43856e+07		-1.29927		5.49443		531.304		6.9706e+06		538.088			00:00:15:849		6.83156e+06		105		43.7616		62364.4		0.186459		308.904		
00:00:15:650		1.44007e+07		-1.27633		5.48038		531.219		6.97069e+06		538.112			00:00:15:650		6.83163e+06		104.919		43.5391		59665		0.183478		308.914		
00:00:15:500		1.44119e+07		-1.25905		5.4716		531.158		6.97074e+06		538.13			00:00:15:500		6.83167e+06		104.836		43.5391		59665		0.183478		308.921		
00:00:15:500		1.44119e+07		-1.25905		5.4716		531.158		6.97074e+06		538.13			00:00:15:500		6.83167e+06		104.836		43.5391		59665		0.183478		308.921		
00:00:15:400		1.44193e+07		-1.24749		5.46431		531.12		6.97078e+06		538.138			00:00:15:400		6.8317e+06		104.836		43.3229		57033.5		0.180495		308.926		
00:00:15:300		1.44267e+07		-1.2359		5.45549		531.079		6.97082e+06		538.142			00:00:15:300		6.83174e+06		104.836		43.3229		57033.5		0.180495		308.93		
00:00:15:199		1.4434e+07		-1.22427		5.4475		531.041		6.97086e+06		538.15			00:00:15:199		6.83177e+06		104.754		43.1132		54482.2		0.177511		308.935		
00:00:15:099		1.44413e+07		-1.21259		5.442		531.002		6.9709e+06		538.18			00:00:15:099		6.8318e+06		104.754		43.1132		54482.2		0.177511		308.939		
00:00:15:099		1.44413e+07		-1.21259		5.442		531.002		6.9709e+06		538.18			00:00:15:099		6.8318e+06		104.754		43.1132		54482.2		0.177511		308.939		
00:00:15:000		1.44485e+07		-1.20088		5.43766		530.964		6.97093e+06		538.165			00:00:15:000		6.83183e+06		104.67		43.1132		54482.2		0.177511		308.943		
00:00:14:900		1.44556e+07		-1.18912		5.43076		530.927		6.97097e+06		538.169			00:00:14:900		6.83186e+06		104.67		42.911		52046.6		0.174525		308.947		
00:00:14:800		1.44626e+07		-1.17731		5.41997		530.888		6.971e+06		538.174			00:00:14:800		6.83189e+06		104.67		42.911		52046.6		0.174525		308.951		
00:00:14:599		1.44762e+07		-1.15354		5.40466		530.811		6.97107e+06		538.179			00:00:14:599		6.83195e+06		104.587		42.717		49808.5		0.171537		308.958		
00:00:14:599		1.44762e+07		-1.15354		5.40466		530.811		6.97107e+06		538.179			00:00:14:599		6.83195e+06		104.587		42.717		49808.5		0.171537		308.958		
00:00:14:500		1.44827e+07		-1.14158		5.40423		530.774		6.9711e+06		538.182			00:00:14:500		6.83198e+06		104.504		42.717		49808.5		0.171537		308.962		
00:00:14:400		1.4489e+07		-1.12958		5.40031		530.734		6.97113e+06		538.183			00:00:14:400		6.83201e+06		104.504		42.5314		47717.1		0.168548		308.965		
00:00:14:199		1.45011e+07		-1.10558		5.36946		530.657		6.9712e+06		538.184			00:00:14:199		6.83207e+06		104.421		42.3544		45663.7		0.165557		308.973		
00:00:14:199		1.45011e+07		-1.10558		5.36946		530.657		6.9712e+06		538.184			00:00:14:199		6.83207e+06		104.421		42.3544		45663.7		0.165557		308.973		
00:00:14:099		1.45071e+07		-1.0936		5.36305		530.62		6.97123e+06		538.183			00:00:14:099		6.8321e+06		104.421		42.3544		45663.7		0.165557		308.976		
00:00:14:000		1.45132e+07		-1.08165		5.37034		530.583		6.97126e+06		538.178			00:00:14:000		6.83213e+06		104.352		42.3544		45663.7		0.165557		308.98		
00:00:13:900		1.45193e+07		-1.06973		5.37384		530.547		6.97129e+06		538.177			00:00:13:900		6.83216e+06		104.352		42.1856		43662.7		0.162564		308.983		
00:00:13:800		1.45254e+07		-1.05784		5.35516		530.508		6.97133e+06		538.178			00:00:13:800		6.8322e+06		104.352		42.1856		43662.7		0.162564		308.987		
00:00:13:599		1.45379e+07		-1.03416		5.31022		530.433		6.97139e+06		538.15			00:00:13:599		6.83226e+06		104.281		42.0213		41714.7		0.159569		308.993		
00:00:13:599		1.45379e+07		-1.03416		5.31022		530.433		6.97139e+06		538.15			00:00:13:599		6.83226e+06		104.281		42.0213		41714.7		0.159569		308.993		
00:00:13:500		1.45443e+07		-1.02239		5.33302		530.398		6.97142e+06		538.157			00:00:13:500		6.8323e+06		104.211		42.0213		41714.7		0.159569		308.996		
00:00:13:300		1.45573e+07		-0.998967		5.33655		530.33		6.97149e+06		538.12			00:00:13:300		6.83237e+06		104.211		41.8612		39798.5		0.156573		309.002		
00:00:13:199		1.45641e+07		-0.987334		5.27619		530.298		6.97152e+06		538.11			00:00:13:199		6.83241e+06		104.139		41.7046		37925.7		0.153574		309.004		
00:00:13:199		1.45641e+07		-0.987334		5.27619		530.298		6.97152e+06		538.11			00:00:13:199		6.83241e+06		104.139		41.7046		37925.7		0.153574		309.004		
00:00:13:099		1.45711e+07		-0.975759		5.21337		530.265		6.97155e+06		538.096			00:00:13:099		6.83245e+06		104.139		41.7046		37925.7		0.153574		309.007		
00:00:13:000		1.45785e+07		-0.964228		5.14903		530.232		6.97159e+06		538.085			00:00:13:000		6.83248e+06		104.066		41.7046		37925.7		0.153574		309.01		
00:00:12:900		1.45861e+07		-0.952676		5.08533		530.199		6.97162e+06		538.071			00:00:12:900		6.83252e+06		104.066		41.5516		36097.3		0.150574		309.012		
00:00:12:800		1.45933e+07		-0.941073		5.02336		530.159		6.97166e+06		538.055			00:00:12:800		6.83256e+06		104.066		41.5516		36097.3		0.150574		309.014		
00:00:12:599		1.46073e+07		-0.917999		4.90354		530.09		6.97173e+06		538.026			00:00:12:599		6.83264e+06		103.993		41.403		34313.8		0.14757		309.019		
00:00:12:599		1.46073e+07		-0.917999		4.90354		530.09		6.97173e+06		538.026			00:00:12:599		6.83264e+06		103.993		41.403		34313.8		0.14757		309.019		
00:00:12:449		1.46185e+07		-0.90081		4.81893		530.043		6.97178e+06		538.002			00:00:12:449		6.83271e+06		103.918		41.2597		32576.1		0.144564		309.024		
00:00:12:349		1.4626e+07		-0.889346		4.761		530.013		6.97181e+06		537.986			00:00:12:349		6.83275e+06		103.918		41.2597		32576.1		0.144564		309.027		
00:00:12:250		1.46334e+07		-0.87788		4.69804		529.984		6.97185e+06		537.966			00:00:12:250		6.83279e+06		103.843		41.2597		32576.1		0.144564		309.03		
00:00:12:150		1.46409e+07		-0.86641		4.63135		529.954		6.97188e+06		537.952			00:00:12:150		6.83283e+06		103.843		41.1221		30856.6		0.141555		309.032		
00:00:12:050		1.46484e+07		-0.854938		4.56704		529.921		6.97192e+06		537.925			00:00:12:050		6.83288e+06		103.843		41.1221		30856.6		0.141555		309.034		
00:00:11:949		1.46559e+07		-0.843471		4.51002		529.888		6.97195e+06		537.91			00:00:11:949		6.83292e+06		103.767		40.9907		29166.2		0.138544		309.036		
00:00:11:849		1.46634e+07		-0.832013		4.46008		529.855		6.97199e+06		537.888			00:00:11:849		6.83296e+06		103.767		40.9907		29166.2		0.138544		309.038		
00:00:11:750		1.46709e+07		-0.820566		4.41302		529.825		6.97203e+06		537.873			00:00:11:750		6.83301e+06		103.689		40.9907		29166.2		0.138544		309.041		
00:00:11:550		1.46859e+07		-0.797719		4.31258		529.77		6.97209e+06		537.833			00:00:11:550		6.83309e+06		103.689		40.8658		27524.8		0.135528		309.049		
00:00:11:550		1.46859e+07		-0.797719		4.31258		529.77		6.97209e+06		537.833			00:00:11:550		6.83309e+06		103.689		40.8658		27524.8		0.135528		309.049		
00:00:11:449		1.46933e+07		-0.786314		4.26016		529.739		6.97212e+06		537.813			00:00:11:449		6.83313e+06		103.611		40.748		25932.7		0.132508		309.054		
00:00:11:349		1.47008e+07		-0.77492		4.21008		529.711		6.97215e+06		537.791			00:00:11:349		6.83317e+06		103.611		40.748		25932.7		0.132508		309.058		
00:00:11:250		1.47083e+07		-0.763541		4.1637		529.684		6.97218e+06		537.768			00:00:11:250		6.83320e+06		103.532		40.748		25932.7		0.132508		309.063		
00:00:11:150		1.47157e+07		-0.752178		4.11735		529.656		6.97221e+06		537.742			00:00:11:150		6.83324e+06		103.532		40.6377		24390.4		0.129483		309.067		
00:00:11:050		1.47231e+07		-0.740832		4.06764		529.628		6.97224e+06		537.723			00:00:11:050		6.83328e+06		103.532		40.6377		24390.4		0.129483		309.072		
00:00:10:949		1.47305e+07		-0.729504		4.01526		529.601		6.97226e+06		537.698			00:00:10:949		6.83331e+06		103.452		40.5348		22890		0.126454		309.077		
00:00:10:849		1.47379e+07		-0.718197		3.96579		529.575		6.97228e+06		537.67			00:00:10:849		6.83335e+06		103.452		40.5348		22890		0.126454		309.081		
00:00:10:650		1.47526e+07		-0.695661		3.88419		529.527		6.97233e+06		537.607			00:00:10:650		6.83341e+06		103.371		40.4377		21447.3		0.123421		309.09		
00:00:10:550		1.47636e+07		-0.67882		3.81036		529.49		6.97235e+06		537.578			00:00:10:550		6.83346e+06		103.29		40.4377		21447.3		0.123421		309.097		
00:00:10:550		1.47636e+07		-0.67882		3.81036		529.49		6.97235e+06		537.578			00:00:10:550		6.83346e+06		103.29		40.4377		21447.3		0.123421		309.097		
00:00:10:400		1.47709e+07		-0.667624		3.75591		529.47		6.97237e+06		537.555			00:00:10:400		6.83348e+06		103.29		40.3466		20069.9		0.120383		309.102		
00:00:10:300		1.47782e+07		-0.656455		3.71019		529.448		6.97238e+06		537.518			00:00:10:300		6.83351e+06		103.29		40.3466		20069.9		0.120383		309.106		
00:00:10:199		1.47855e+07		-0.645314		3.68117		529.422		6.97239e+06		537.495			00:00:10:199		6.83353e+06		103.208		40.263		18806.9		0.11734		309.111		
00:00:10:099		1.47928e+07		-0.634202		3.64966		529.402		6.9724e+06		537.453			00:00:10:099		6.83356e+06		103.208		40.263		18806.9		0.11734		309.115		
00:00:10:000		1.48001e+07		-0.62312		3.59604		529.383		6.97241e+06		537.415			00:00:10:000		6.83358e+06		103.125		40.263		18806.9		0.11734		309.12		
00:00:10:000		1.48001e+07		-0.62312		3.59604		529.383		6.97241e+06		537.415			00:00:10:000		6.83358e+06		103.125		40.263		18806.9		0.11734		309.12		
00:00:09:900		1.48073e+07		-0.61207		3.5327		529.363		6.97241e+06		537.38			00:00:09:900		6.8336e+06		103.125		40.188		17655.7		0.114292		309.125		
00:00:09:800		1.48146e+07		-0.601057		3.47972		529.343		6.97242e+06		537.344			00:00:09:800		6.83362e+06		103.125		40.188		17655.7		0.114292		309.129		
00:00:09:599		1.4829e+07		-0.579129		3.46261		529.306		6.97241e+06		537.254			00:00:09:599		6.83365e+06		103.04		40.1222		16548.3		0.111239		309.138		
00:00:09:599		1.4829e+07		-0.579129		3.46261		529.306		6.97241e+06		537.254			00:00:09:599		6.83365e+06		103.04		40.1222		16548.3		0.111239		309.138		
00:00:09:500		1.48362e+07		-0.568221		3.4548		529.289		6.97241e+06		537.192			00:00:09:500		6.83367e+06		102.969		40.1222		16548.3		0.111239		309.143		
00:00:09:400		1.48434e+07		-0.557353		3.44699		529.276		6.9724e+06		537.156			00:00:09:400		6.83368e+06		102.969		40.0605		15473		0.108181		309.148		
00:00:09:300		1.48506e+07		-0.546528		3.43921		529.262		6.97239e+06		537.11			00:00:09:300		6.83369e+06		102.969		40.0605		15473		0.108181		309.152		
00:00:09:199		1.48578e+07		-0.535746		3.43137		529.243		6.97238e+06		537.063			00:00:09:199		6.8337e+06		102.896		39.9955		14423.5		0.105118		309.157		
00:00:09:000		1.48721e+07		-0.514309		3.41624		529.217		6.97234e+06		536.962			00:00:09:000		6.83371e+06		102.822		39.9955		14423.5		0.105118		309.167		
00:00:08:900		1.48793e+07		-0.503653		3.40882		529.206		6.97232e+06		536.909			00:00:08:900		6.83371e+06		102.822		39.9279		13407		0.10205		309.171		
00:00:08:800		1.48865e+07		-0.493042		3.4016		529.195		6.97229e+06		536.855			00:00:08:800		6.83371e+06		102.822		39.9279		13407		0.10205		309.176		
00:00:08:699		1.48937e+07		-0.482477		3.39442		529.184		6.97226e+06		536.798			00:00:08:699		6.83371e+06		102.746		39.8578		12434.9		0.0989756		309.181		
00:00:08:599		1.49009e+07		-0.471961		3.38743		529.173		6.97223e+06		536.739			00:00:08:599		6.8337e+06		102.746		39.8578		12434.9		0.0989756		309.186		
00:00:08:599		1.49009e+07		-0.471961		3.38743		529.173		6.97223e+06		536.739			00:00:08:599		6.8337e+06		102.746		39.8578		12434.9		0.0989756		309.186		
00:00:08:500		1.4908e+07		-0.461496		3.38056		529.166		6.9722e+06		536.678			00:00:08:500		6.83369e+06		102.669		39.8578		12434.9		0.0989756		309.192		
00:00:08:300		1.49224e+07		-0.440731		3.36732		529.153		6.97212e+06		536.551			00:00:08:300		6.83367e+06		102.669		39.7851		11507		0.0958961		309.202		
00:00:08:300		1.49224e+07		-0.440731		3.36732		529.153		6.97212e+06		536.551			00:00:08:300		6.83367e+06		102.669		39.7851		11507		0.0958961		309.202		
00:00:08:199		1.49295e+07		-0.430427		3.36079		529.147		6.97207e+06		536.484			00:00:08:199		6.83365e+06		102.59		39.7105		10612.1		0.0928107		309.207		
00:00:08:099		1.49367e+07		-0.420178		3.35439		529.142		6.97202e+06		536.413			00:00:08:099		6.83364e+06		102.59		39.7105		10612.1		0.0928107		309.213		
00:00:08:000		1.49438e+07		-0.409987		3.3481		529.138		6.97197e+06		536.341			00:00:08:000		6.83362e+06		102.511		39.7105		10612.1		0.0928107		309.219		
00:00:07:900		1.4951e+07		-0.399854		3.34189		529.138		6.97191e+06		536.266			00:00:07:900		6.83359e+06		102.511		39.6359		9750.4		0.0897195		309.224		
00:00:07:799		1.49581e+07		-0.389773		3.3359		529.136		6.97185e+06		536.19			00:00:07:799		6.83356e+06		102.511		39.6359		9750.4		0.0897195		309.23		
00:00:07:549		1.4976e+07		-0.364815		3.32143		529.142		6.97168e+06		535.98			00:00:07:549		6.83349e+06		102.431		39.5603		8922.02		0.0866221		309.245		
00:00:07:549		1.4976e+07		-0.364815		3.32143		529.142		6.97168e+06		535.98			00:00:07:549		6.83349e+06		102.431		39.5603		8922.02		0.0866221		309.245		
00:00:07:450		1.49831e+07		-0.354932		3.31587		529.146		6.97161e+06		535.895			00:00:07:450		6.83346e+06		102.35		39.4749		8122.3		0.0835186		309.252		
00:00:07:349		1.49903e+07		-0.345119		3.31059		529.147		6.97153e+06		535.814			00:00:07:349		6.83341e+06		102.35		39.4749		8122.3		0.0835186		309.258		
00:00:07:299		1.49939e+07		-0.340241		3.30808		529.149		6.97149e+06		535.768			00:00:07:299		6.83339e+06		102.35		39.4749		8122.3		0.0835186		309.261		
00:00:07:150		1.50046e+07		-0.325727		3.30055		529.155		6.97136e+06		535.632			00:00:07:150		6.83333e+06		102.267		39.3824		7350.73		0.0804086		309.271		
00:00:07:049		1.50117e+07		-0.31613		3.29547		529.162		6.97126e+06		535.537			00:00:07:049		6.83328e+06		102.267		39.3824		7350.73		0.0804086		309.278		
00:00:06:950		1.50188e+07		-0.306583		3.29063		529.171		6.97117e+06		535.433			00:00:06:950		6.83323e+06		102.182		39.2892		6613.63		0.0772921		309.286		
00:00:06:849		1.5026e+07		-0.29709		3.28599		529.179		6.97107e+06		535.329			00:00:06:849		6.83318e+06		102.182		39.2892		6613.63		0.0772921		309.293		
00:00:06:750		1.50331e+07		-0.287648		3.28154		529.19		6.97096e+06		535.224			00:00:06:750		6.83312e+06		102.095		39.2892		6613.63		0.0772921		309.3		
00:00:06:650		1.50402e+07		-0.278265		3.27713		529.201		6.97085e+06		535.101			00:00:06:650		6.83307e+06		102.095		39.1956		5904.04		0.0741689		309.308		
00:00:06:549		1.50473e+07		-0.26895		3.2728		529.214		6.97074e+06		534.997			00:00:06:549		6.83301e+06		102.095		39.1956		5904.04		0.0741689		309.316		
00:00:06:450		1.50544e+07		-0.259686		3.26864		529.229		6.97062e+06		534.889			00:00:06:450		6.83294e+06		102.006		39.103		5259.53		0.0710387		309.324		
00:00:06:349		1.50615e+07		-0.250477		3.26468		529.243		6.9705e+06		534.704			00:00:06:349		6.83287e+06		102.006		39.103		5259.53		0.0710387		309.332		
00:00:06:250		1.50686e+07		-0.241318		3.26084		529.258		6.97038e+06		534.641			00:00:06:250		6.8328e+06		101.915		39.103		5259.53		0.0710387		309.341		
00:00:06:150		1.50756e+07		-0.232204		3.25706		529.276		6.97025e+06		534.521			00:00:06:150		6.83273e+06		101.915		39.0128		4675.35		0.0679013		309.35		
00:00:06:049		1.50826e+07		-0.223134		3.2533		529.293		6.97011e+06		534.404			00:00:06:049		6.83266e+06		101.915		39.0128		4675.35		0.0679013		309.358		
00:00:05:950		1.50896e+07		-0.214092		3.24968		529.311		6.96997e+06		534.265			00:00:05:950		6.83258e+06		101.817		38.9263		4104.39		0.0647567		309.368		
00:00:05:849		1.50965e+07		-0.205089		3.24638		529.33		6.96983e+06		534.122			00:00:05:849		6.8325e+06		101.817		38.9263		4104.39		0.0647567		309.377		
00:00:05:750		1.51033e+07		-0.19613		3.24311		529.35		6.96969e+06		533.987			00:00:05:750		6.83242e+06		101.736		38.9263		4104.39		0.0647567		309.387		
00:00:05:549		1.51167e+07		-0.178342		3.23679		529.393		6.96938e+06		533.691			00:00:05:549		6.83226e+06		101.736		38.8317		3552.54		0.0616045		309.406		
00:00:05:549		1.51167e+07		-0.178342		3.23679		529.393		6.96938e+06		533.691			00:00:05:549		6.83226e+06		101.736		38.8317		3552.54		0.0616045		309.406		
00:00:05:450		1.51233e+07		-0.169513		3.23372		529.415		6.96923e+06		533.538			00:00:05:450		6.83217e+06		101.651		38.7259		3022.69		0.0584446		309.417		
00:00:05:349		1.51298e+07		-0.160744		3.23098		529.437		6.96907e+06		533.38			00:00:05:349		6.83209e+06		101.651		38.7259		3022.69		0.0584446		309.427		
00:00:05:250		1.51362e+07		-0.152039		3.2282		529.461		6.96891e+06		533.21			00:00:05:250		6.83201e+06		101.563		38.7259		3022.69		0.0584446		309.438		
00:00:05:150		1.51427e+07		-0.143389		3.22553		529.488		6.96874e+06		533.046			00:00:05:150		6.83192e+06		101.563		38.6095		2513.86		0.0552767		309.449		
00:00:05:049		1.51492e+07		-0.134792		3.22296		529.516		6.96858e+06		532.883			00:00:05:049		6.83183e+06		101.563		38.6095		2513.86		0.0552767		309.461		
00:00:04:950		1.51556e+07		-0.126242		3.22041		529.54		6.96841e+06		532.71			00:00:04:950		6.83175e+06		101.472		38.4843		2032.3		0.0521006		309.472		
00:00:04:849		1.5162e+07		-0.11774		3.21791		529.568		6.96824e+06		532.531			00:00:04:849		6.83166e+06		101.472		38.4843		2032.3		0.0521006		309.484		
00:00:04:650		1.51749e+07		-0.100901		3.21288		529.623		6.96789e+06		532.159			00:00:04:650		6.8315e+06		101.377		38.3515		1590.95		0.0489162		309.508		
00:00:04:549		1.51813e+07		-0.0925517		3.2104		529.65		6.96772e+06		531.869			00:00:04:549		6.83142e+06		101.377		38.3515		1590.95		0.0489162		309.521		
00:00:04:549		1.51813e+07		-0.0925517		3.2104		529.65		6.96772e+06		531.869			00:00:04:549		6.83142e+06		101.377		38.3515		1590.95		0.0489162		309.521		
00:00:04:450		1.51876e+07		-0.0842519		3.20642		529.678		6.96754e+06		531.767			00:00:04:450		6.83134e+06		101.279		38.2124		1198.88		0.0457231		309.533		
00:00:04:299		1.51972e+07		-0.0718942		3.20362		529.722		6.96728e+06		531.384			00:00:04:299		6.83123e+06		101.279		38.2124		1198.88		0.0457231		309.552		
00:00:04:200		1.52035e+07		-0.063715		3.20089		529.748		6.96711e+06		531.257			00:00:04:200		6.83116e+06		101.178		38.0695		861.662		0.0425214		309.565		
00:00:04:099		1.52099e+07		-0.055584		3.19818		529.776		6.96695e+06		531.064			00:00:04:099		6.8311e+06		101.178		38.0695		861.662		0.0425214		309.578		
00:00:04:000		1.52162e+07		-0.0474968		3.19534		529.803		6.96678e+06		530.775			00:00:04:000		6.83103e+06		101.073		38.0695		861.662		0.0425214		309.591		
00:00:04:000		1.52162e+07		-0.0474968		3.19534		529.803		6.96678e+06		530.775			00:00:04:000		6.83103e+06		101.073		38.0695		861.662		0.0425214		309.591		
00:00:03:899		1.52225e+07		-0.0394473		3.1922		529.831		6.96662e+06		530.646			00:00:03:899		6.83098e+06		101.073		37.9239		580.406		0.0393106		309.604		
00:00:03:600		1.52418e+07		-0.0155272		3.18166		529.903		6.96618e+06		530.033			00:00:03:600		6.83084e+06		100.966		37.7787		357.241		0.0360906		309.643		
00:00:03:500		1.52483e+07		-0.00766087		3.1776		529.927		6.96605e+06		529.839			00:00:03:500		6.8308e+06		100.857		37.7787		357.241		0.0360906		309.656		
00:00:03:500		1.52483e+07		-0.00766087		3.1776		529.927		6.96605e+06		529.839			00:00:03:500		6.8308e+06		100.857		37.7787		357.241		0.0360906		309.656		
00:00:03:500		1.52483e+07		-0.00766087		3.1776		529.927		6.96605e+06		529.839			00:00:03:500		6.8308e+06		100.857		37.7787		357.241		0.0360906		309.656		
00:00:03:399		1.52548e+07		0.000130177		3.17279		529.949		6.96592e+06		529.632			00:00:03:399		6.83078e+06		100.857		37.6357		194.164		0.0328612		309.668		
00:00:03:299		1.52612e+07		0.00783396		3.16736		529.967		6.9658e+06		529.457			00:00:03:299		6.83075e+06		100.857		37.6357		194.164		0.0328612		309.681		
00:00:03:200		1.52675e+07		0.015449		3.16184		529.987		6.96569e+06		529.261			00:00:03:200		6.83074e+06		100.747		37.5002		99.9614		0.0296225		309.692		
00:00:03:000		1.528e+07		0.030509		3.15191		530.024		6.9655e+06		528.919			00:00:03:000		6.83073e+06		100.638		37.5002		99.9614		0.0296225		309.715		
00:00:03:000		1.528e+07		0.030509		3.15191		530.024		6.9655e+06		528.919			00:00:03:000		6.83073e+06		100.638		37.5002		99.9614		0.0296225		309.715		
00:00:02:899		1.52863e+07		0.0380139		3.14613		530.043		6.96542e+06		528.741			00:00:02:899		6.83073e+06		100.638		37.3799		52.82		0.0263739		309.726		
00:00:02:750		1.52962e+07		0.0492225		3.13509		530.068		6.96532e+06		528.53			00:00:02:750		6.83075e+06		100.524		37.3799		52.82		0.0263739		309.742		
00:00:02:600		1.53065e+07		0.0602722		3.12404		530.089		6.96523e+06		528.294			00:00:02:600		6.83077e+06		100.524		37.2906		22.0881		0.0231152		309.757		
00:00:02:600		1.53065e+07		0.0602722		3.12404		530.089		6.96523e+06		528.294			00:00:02:600		6.83077e+06		100.524		37.2906		22.0881		0.0231152		309.757		
00:00:02:350		1.53243e+07		0.0779614		3.0951		530.118		6.96512e+06		527.968			00:00:02:350		6.83084e+06		100.47		37.2059		6.17339		0.0198461		309.776		
00:00:02:350		1.53243e+07		0.0779614		3.0951		530.118		6.96512e+06		527.968			00:00:02:350		6.83084e+06		100.47		37.2059		6.17339		0.0198461		309.776		
00:00:02:299		1.53277e+07		0.0813384		3.08652		530.124		6.96511e+06		527.911			00:00:02:299		6.83086e+06		100.47		37.2059		6.17339		0.0198461		309.778		
00:00:02:200		1.53343e+07		0.0879006		3.0693		530.133		6.96508e+06		527.802			00:00:02:200		6.83088e+06		100.406		37.0915		0.820239		0.0165668		309.78		
00:00:02:100		1.53405e+07		0.0942526		3.05586		530.142		6.96505e+06		527.679			00:00:02:100		6.83092e+06		100.406		37.0915		0.820239		0.0165668		309.779		
00:00:02:000		1.53463e+07		0.100523		3.04434		530.151		6.96503e+06		527.575			00:00:02:000		6.83095e+06		100.332		37.0915		0.820239		0.0165668		309.776		
00:00:01:899		1.53524e+07		0.106838		3.02895		530.159		6.96501e+06		527.484			00:00:01:899		6.83098e+06		100.332		36.952		0		0.0132767		309.772		
00:00:01:800		1.5359e+07		0.11319		3.00623		530.164		6.96499e+06		527.389			00:00:01:800		6.83101e+06		100.332		36.952		0		0.0132767		309.768		
00:00:01:699		1.53659e+07		0.119496		2.9861		530.171		6.96497e+06		527.289			00:00:01:699		6.83103e+06		100.25		36.7939		0		0.00997467		309.764		
00:00:01:550		1.53765e+07		0.128818		2.98138		530.179		6.96493e+06		527.127			00:00:01:550		6.83107e+06		100.25		36.7939		0		0.00997467		309.759		
00:00:01:449		1.53837e+07		0.134784		2.98042		530.182		6.96491e+06		527.036			00:00:01:449		6.8311e+06		100.163		36.6262		0		0.00666144		309.757		
00:00:01:350		1.53915e+07		0.140986		2.95618		530.186		6.96489e+06		526.963			00:00:01:350		6.83112e+06		100.163		36.6262		0		0.00666144		309.754		
00:00:01:250		1.5401e+07		0.147677		2.91388		530.19		6.96487e+06		526.909			00:00:01:250		6.83114e+06		100.074		36.6262		0		0.00666144		309.75		
00:00:01:149		1.54135e+07		0.154811		2.88668		530.193		6.96486e+06		526.872			00:00:01:149		6.83116e+06		100.074		36.4661		0		0.00333942		309.743		
00:00:01:050		1.54306e+07		0.161826		2.92033		530.195		6.96486e+06		526.826			00:00:01:050		6.83118e+06		100.074		36.4661		0		0.00333942		309.738		
00:00:00:949		1.54504e+07		0.167704		2.98684		530.197		6.96486e+06		526.819			00:00:00:949		6.83118e+06		99.9935		36.3828		0		0		309.742		
00:00:00:849		1.54672e+07		0.17139		3.00117		530.201		6.96486e+06		526.821			00:00:00:849		6.83118e+06		99.9935		36.3828		0		0		309.761		
00:00:00:750		1.54765e+07		0.172745		2.97348		530.203		6.96486e+06		526.825			00:00:00:750		6.83118e+06		100.069		36.3828		0		0		309.798		
00:00:00:550		1.54786e+07		0.17284		2.83569		530.208		6.96486e+06		526.826			00:00:00:550		6.83117e+06		100.069		36.3831		0		0		309.846		
00:00:00:550		1.54786e+07		0.17284		2.83569		530.208		6.96486e+06		526.826			00:00:00:550		6.83117e+06		100.069		36.3831		0		0		309.846		
00:00:00:450		1.54786e+07		0.17284		2.83569		530.212		6.96485e+06		526.826			00:00:00:450		6.83117e+06		100.069		36.3834		0		0		309.846		
00:00:00:349		1.54786e+07		0.17284		2.83573		530.216		6.96485e+06		526.827			00:00:00:349		6.83116e+06		100.069		36.3834		0		0		309.846		
00:00:00:250		1.54786e+07		0.17284		2.83572		530.217		6.96484e+06		526.828			00:00:00:250		6.83116e+06		100.069		36.3834		0		0		309.846		
00:00:00:149		1.54785e+07		0.17284		2.83572		530.221		6.96484e+06		526.823			00:00:00:149		6.83116e+06		100.069		36.3837		0		0		309.846		
00:00:00:050		1.54785e+07		0.17284		2.83567		530.223		6.96484e+06		526.826			00:00:00:050		6.83115e+06		100.069		36.3837		0		0		309.846		
00:00:00:000		1.54785e+07		0.17284		2.83571		530.225		6.96483e+06		526.826			00:00:00:000		6.83115e+06		100.069		36.3837		0		0		309.846		
00:00:00:000		1.54785e+07		0.17284		2.83571		530.225		6.96483e+06		526.826			00:00:00:000		6.83115e+06		100.069		36.3837		0		0		309.846		
00:00:00:000		1.54785e+07		0.17284		2.83571		530.225		6.96483e+06		526.826			00:00:00:000		6.83115e+06		100.069		36.3837		0		0		309.846		
00:00:00:000		1.54785e+07		0.17284		2.83571		530.225		6.96483e+06		526.826			00:00:00:000		6.83115e+06		100.069		36.3837		0		0		309.846		
00:00:00:000		1.54785e+07		0.17284		2.83571		530.225		6.96483e+06		526.826			00:00:00:000		6.83115e+06		100.069		36.3837		0		0		309.846		
