	time 		gpv001pnt10113ppntm	evf507ety101mpzoyout	chtcon(1)	chavg(1)	chlhsumpa	rcptavgn			time 		rcpppzr	rcp054rcp007mnzoyout	rcv501std0102fvol	fwfrcp001gv	rcppmssga	msfsg(1)	
00:01:01:899		7.19609e+06		118.816		73.8791		707787		0.64578		289.784			00:01:01:899		9.60196e+06		-5.85529		0		0		7.19709e+06		34.6789		
00:01:01:799		7.19596e+06		118.816		73.8791		707787		0.64578		289.786			00:01:01:799		9.61632e+06		-5.85535		0		0		7.19647e+06		17.4821		
00:01:01:799		7.19596e+06		118.816		73.8791		707787		0.64578		289.786			00:01:01:799		9.61632e+06		-5.85535		0		0		7.19647e+06		17.4821		
00:01:01:700		7.19546e+06		118.781		73.8321		706851		0.644843		289.788			00:01:01:700		9.6306e+06		-5.85548		0		0		7.1955e+06		-18.2493		
00:01:01:600		7.19517e+06		118.781		73.8321		706851		0.644843		289.791			00:01:01:600		9.64479e+06		-5.85567		0		0		7.19461e+06		-37.1611		
00:01:01:500		7.19484e+06		118.747		73.8321		706851		0.644843		289.793			00:01:01:500		9.65891e+06		-5.85589		0		0		7.1942e+06		-25.8595		
00:01:01:399		7.1944e+06		118.747		73.7849		705899		0.643906		289.796			00:01:01:399		9.67295e+06		-5.85619		0		0		7.19428e+06		6.99022		
00:01:01:299		7.19423e+06		118.747		73.7849		705899		0.643906		289.798			00:01:01:299		9.68691e+06		-5.85656		0		0		7.19453e+06		28.4835		
00:01:01:149		7.19346e+06		118.712		73.7374		704966		0.642969		289.803			00:01:01:149		9.70768e+06		-5.85732		0		0		7.19448e+06		35.8028		
00:01:01:049		7.19334e+06		118.712		73.7374		704966		0.642969		289.805			00:01:01:049		9.72141e+06		-5.85797		0		0		7.19386e+06		17.9246		
00:01:01:049		7.19334e+06		118.712		73.7374		704966		0.642969		289.805			00:01:01:049		9.72141e+06		-5.85797		0		0		7.19386e+06		17.9246		
00:01:00:850		7.19251e+06		118.677		73.6895		704010		0.642032		289.811			00:01:00:850		9.74865e+06		-5.85964		0		0		7.19196e+06		-37.5375		
00:01:00:850		7.19251e+06		118.677		73.6895		704010		0.642032		289.811			00:01:00:850		9.74865e+06		-5.85964		0		0		7.19196e+06		-37.5375		
00:01:00:750		7.19221e+06		118.642		73.6895		704010		0.642032		289.815			00:01:00:750		9.76214e+06		-5.86063		0		0		7.19153e+06		-27.8162		
00:01:00:649		7.19174e+06		118.642		73.6414		703022		0.641095		289.818			00:01:00:649		9.77558e+06		-5.86167		0		0		7.19161e+06		6.95025		
00:01:00:549		7.19156e+06		118.642		73.6414		703022		0.641095		289.821			00:01:00:549		9.78906e+06		-5.86272		0		0		7.19186e+06		28.7292		
00:01:00:450		7.19102e+06		118.607		73.5928		702034		0.640158		289.825			00:01:00:450		9.80257e+06		-5.86372		0		0		7.19194e+06		41.0335		
00:01:00:350		7.19069e+06		118.607		73.5928		702034		0.640158		289.828			00:01:00:350		9.81609e+06		-5.86462		0		0		7.19157e+06		28.4998		
00:01:00:250		7.19041e+06		118.573		73.5928		702034		0.640158		289.832			00:01:00:250		9.82961e+06		-5.86536		0		0		7.1907e+06		3.24215		
00:01:00:149		7.18986e+06		118.573		73.5439		701026		0.63922		289.835			00:01:00:149		9.84316e+06		-5.86593		0		0		7.18964e+06		-33.3072		
00:01:00:049		7.18969e+06		118.573		73.5439		701026		0.63922		289.839			00:01:00:049		9.85676e+06		-5.8663		0		0		7.18889e+06		-37.8813		
00:00:59:899		7.18896e+06		118.538		73.4946		700039		0.638283		289.844			00:00:59:899		9.87733e+06		-5.86639		0		0		7.1888e+06		6.45977		
00:00:59:899		7.18896e+06		118.538		73.4946		700039		0.638283		289.844			00:00:59:899		9.87733e+06		-5.86639		0		0		7.1888e+06		6.45977		
00:00:59:799		7.18875e+06		118.538		73.4946		700039		0.638283		289.847			00:00:59:799		9.89115e+06		-5.86609		0		0		7.18905e+06		29.1782		
00:00:59:600		7.18787e+06		118.504		73.4449		699066		0.637345		289.854			00:00:59:600		9.91867e+06		-5.86449		0		0		7.18876e+06		29.3223		
00:00:59:500		7.18756e+06		118.469		73.4449		699066		0.637345		289.857			00:00:59:500		9.93238e+06		-5.8631		0		0		7.18787e+06		3.86906		
00:00:59:500		7.18756e+06		118.469		73.4449		699066		0.637345		289.857			00:00:59:500		9.93238e+06		-5.8631		0		0		7.18787e+06		3.86906		
00:00:59:399		7.18701e+06		118.469		73.3948		698075		0.636406		289.861			00:00:59:399		9.94605e+06		-5.86128		0		0		7.18678e+06		-34.9473		
00:00:59:299		7.1868e+06		118.469		73.3948		698075		0.636406		289.864			00:00:59:299		9.9597e+06		-5.85899		0		0		7.18602e+06		-37.5662		
00:00:59:100		7.18596e+06		118.434		73.3442		697066		0.635468		289.871			00:00:59:100		9.98691e+06		-5.85303		0		0		7.18601e+06		19.4923		
00:00:59:100		7.18596e+06		118.434		73.3442		697066		0.635468		289.871			00:00:59:100		9.98691e+06		-5.85303		0		0		7.18601e+06		19.4923		
00:00:58:899		7.185e+06		118.399		73.2932		696059		0.634529		289.878			00:00:58:899		1.0014e+07		-5.84542		0		0		7.18601e+06		35.8167		
00:00:58:899		7.185e+06		118.399		73.2932		696059		0.634529		289.878			00:00:58:899		1.0014e+07		-5.84542		0		0		7.18601e+06		35.8167		
00:00:58:799		7.1848e+06		118.399		73.2932		696059		0.634529		289.882			00:00:58:799		1.00275e+07		-5.8412		0		0		7.18534e+06		18.8034		
00:00:58:700		7.18423e+06		118.365		73.2416		695049		0.63359		289.885			00:00:58:700		1.0041e+07		-5.83684		0		0		7.18427e+06		-20.4401		
00:00:58:600		7.18386e+06		118.365		73.2416		695049		0.63359		289.889			00:00:58:600		1.00544e+07		-5.83248		0		0		7.1833e+06		-38.4588		
00:00:58:500		7.18341e+06		118.33		73.2416		695049		0.63359		289.892			00:00:58:500		1.00679e+07		-5.82827		0		0		7.18282e+06		-25.3927		
00:00:58:399		7.18293e+06		118.33		73.1896		694041		0.632651		289.896			00:00:58:399		1.00813e+07		-5.82434		0		0		7.18283e+06		9.18315		
00:00:58:299		7.18264e+06		118.33		73.1896		694041		0.632651		289.9			00:00:58:299		1.00947e+07		-5.82086		0		0		7.18297e+06		29.9874		
00:00:58:149		7.18185e+06		118.295		73.137		693030		0.631711		289.906			00:00:58:149		1.01148e+07		-5.81626		0		0		7.18272e+06		31.8967		
00:00:58:049		7.18154e+06		118.295		73.137		693030		0.631711		289.91			00:00:58:049		1.01282e+07		-5.81308		0		0		7.18197e+06		12.1403		
00:00:57:850		7.18059e+06		118.26		73.0838		692021		0.630771		289.918			00:00:57:850		1.01548e+07		-5.80638		0		0		7.17999e+06		-37.7932		
00:00:57:850		7.18059e+06		118.26		73.0838		692021		0.630771		289.918			00:00:57:850		1.01548e+07		-5.80638		0		0		7.17999e+06		-37.7932		
00:00:57:750		7.18006e+06		118.226		73.0838		692021		0.630771		289.922			00:00:57:750		1.01681e+07		-5.80286		0		0		7.17962e+06		-17.8605		
00:00:57:649		7.17966e+06		118.226		73.03		691028		0.62983		289.926			00:00:57:649		1.01814e+07		-5.79923		0		0		7.17966e+06		16.0427		
00:00:57:549		7.17922e+06		118.226		73.03		691028		0.62983		289.931			00:00:57:549		1.01946e+07		-5.79549		0		0		7.1797e+06		33.173		
00:00:57:450		7.17859e+06		118.191		72.9756		690035		0.628889		289.935			00:00:57:450		1.02079e+07		-5.79165		0		0		7.17948e+06		33.8867		
00:00:57:350		7.17827e+06		118.191		72.9756		690035		0.628889		289.94			00:00:57:350		1.0221e+07		-5.7877		0		0		7.17878e+06		18.007		
00:00:57:250		7.17765e+06		118.156		72.9756		690035		0.628889		289.945			00:00:57:250		1.02342e+07		-5.78364		0		0		7.17769e+06		-20.7477		
00:00:57:149		7.17727e+06		118.156		72.9205		689004		0.627947		289.95			00:00:57:149		1.02473e+07		-5.77948		0		0		7.17671e+06		-39.6918		
00:00:56:950		7.17623e+06		118.121		72.8648		687958		0.627005		289.961			00:00:56:950		1.02736e+07		-5.77086		0		0		7.17621e+06		14.118		
00:00:56:850		7.17575e+06		118.121		72.8648		687958		0.627005		289.966			00:00:56:850		1.02867e+07		-5.76641		0		0		7.1762e+06		31.3586		
00:00:56:850		7.17575e+06		118.121		72.8648		687958		0.627005		289.966			00:00:56:850		1.02867e+07		-5.76641		0		0		7.1762e+06		31.3586		
00:00:56:750		7.1751e+06		118.086		72.8648		687958		0.627005		289.972			00:00:56:750		1.02999e+07		-5.76186		0		0		7.17592e+06		33.0828		
00:00:56:649		7.17474e+06		118.086		72.8085		686929		0.626063		289.978			00:00:56:649		1.03131e+07		-5.75723		0		0		7.17523e+06		19.1508		
00:00:56:549		7.17408e+06		118.086		72.8085		686929		0.626063		289.984			00:00:56:549		1.03262e+07		-5.7525		0		0		7.17413e+06		-20.7061		
00:00:56:450		7.17365e+06		118.052		72.7515		685899		0.62512		289.99			00:00:56:450		1.03393e+07		-5.74768		0		0		7.17313e+06		-35.8062		
00:00:56:350		7.173e+06		118.052		72.7515		685899		0.62512		289.997			00:00:56:350		1.03523e+07		-5.74277		0		0		7.17263e+06		-19.7588		
00:00:56:250		7.17254e+06		118.017		72.7515		685899		0.62512		290.004			00:00:56:250		1.03654e+07		-5.73777		0		0		7.17253e+06		15.9051		
00:00:56:149		7.17197e+06		118.017		72.6937		684868		0.624176		290.011			00:00:56:149		1.03784e+07		-5.73268		0		0		7.17244e+06		31.6075		
00:00:56:049		7.17131e+06		118.017		72.6937		684868		0.624176		290.018			00:00:56:049		1.03913e+07		-5.72751		0.0691027		0		7.17204e+06		29.9742		
00:00:55:899		7.17053e+06		117.982		72.6352		683857		0.623231		290.03			00:00:55:899		1.04108e+07		-5.71959		0.276846		0		7.17074e+06		0		
00:00:55:799		7.16995e+06		117.982		72.6352		683857		0.623231		290.038			00:00:55:799		1.04237e+07		-5.71419		0.415264		0		7.16965e+06		-31.7212		
00:00:55:799		7.16995e+06		117.982		72.6352		683857		0.623231		290.038			00:00:55:799		1.04237e+07		-5.71419		0.415264		0		7.16965e+06		-31.7212		
00:00:55:649		7.16902e+06		117.947		72.5759		682842		0.622287		290.051			00:00:55:649		1.04431e+07		-5.70593		0.622494		0		7.16872e+06		-11.8271		
00:00:55:549		7.16847e+06		117.947		72.5759		682842		0.622287		290.06			00:00:55:549		1.04559e+07		-5.70031		0.760248		0		7.16852e+06		17.4975		
00:00:55:450		7.1678e+06		117.912		72.5158		681810		0.621341		290.069			00:00:55:450		1.04688e+07		-5.69461		0.897618		0		7.16825e+06		30.1093		
00:00:55:350		7.16718e+06		117.912		72.5158		681810		0.621341		290.079			00:00:55:350		1.04816e+07		-5.68881		1.03448		0		7.16768e+06		22.7361		
00:00:55:250		7.16659e+06		117.877		72.5158		681810		0.621341		290.088			00:00:55:250		1.04944e+07		-5.68292		1.1707		0		7.16678e+06		1.03088		
00:00:55:149		7.16595e+06		117.877		72.4548		680779		0.620395		290.097			00:00:55:149		1.05072e+07		-5.67694		1.30619		0		7.1658e+06		-23.4572		
00:00:55:049		7.16498e+06		117.842		72.4548		680779		0.620395		290.111			00:00:55:049		1.05264e+07		-5.6678		1.50773		0		7.16485e+06		0		
00:00:54:899		7.16439e+06		117.842		72.3929		679746		0.619448		290.122			00:00:54:899		1.05391e+07		-5.66159		1.64074		0		7.16444e+06		13.8183		
00:00:54:899		7.16439e+06		117.842		72.3929		679746		0.619448		290.122			00:00:54:899		1.05391e+07		-5.66159		1.64074		0		7.16444e+06		13.8183		
00:00:54:799		7.16372e+06		117.842		72.3929		679746		0.619448		290.132			00:00:54:799		1.05519e+07		-5.65529		1.77248		0		7.16396e+06		18.3851		
00:00:54:700		7.16311e+06		117.807		72.33		678695		0.6185		290.143			00:00:54:700		1.05646e+07		-5.6489		1.9027		0		7.16331e+06		11.6171		
00:00:54:600		7.1625e+06		117.807		72.33		678695		0.6185		290.153			00:00:54:600		1.05773e+07		-5.64242		2.03112		0		7.16253e+06		0		
00:00:54:500		7.16186e+06		117.772		72.33		678695		0.6185		290.165			00:00:54:500		1.05899e+07		-5.63584		2.15753		0		7.16181e+06		0		
00:00:54:399		7.16122e+06		117.772		72.2661		677664		0.617553		290.176			00:00:54:399		1.06026e+07		-5.62917		2.28179		0		7.16118e+06		0		
00:00:54:299		7.16058e+06		117.772		72.2661		677664		0.617553		290.188			00:00:54:299		1.06152e+07		-5.62241		2.40398		0		7.16062e+06		9.12341		
00:00:54:200		7.15992e+06		117.737		72.2011		676647		0.616605		290.2			00:00:54:200		1.06278e+07		-5.61555		2.52453		0		7.16003e+06		11.7039		
00:00:54:100		7.15923e+06		117.737		72.2011		676647		0.616605		290.212			00:00:54:100		1.06405e+07		-5.60859		2.64354		0		7.15935e+06		9.63132		
00:00:53:899		7.1578e+06		117.701		72.135		675613		0.615657		290.237			00:00:53:899		1.06656e+07		-5.59439		2.88839		0		7.1578e+06		0		
00:00:53:899		7.1578e+06		117.701		72.135		675613		0.615657		290.237			00:00:53:899		1.06656e+07		-5.59439		2.88839		0		7.1578e+06		0		
00:00:53:799		7.15706e+06		117.701		72.135		675613		0.615657		290.25			00:00:53:799		1.06781e+07		-5.58714		3.01207		0		7.15705e+06		0.165954		
00:00:53:700		7.15633e+06		117.666		72.0678		674579		0.614708		290.263			00:00:53:700		1.06907e+07		-5.5798		3.13568		0		7.15635e+06		5.00746		
00:00:53:600		7.15559e+06		117.666		72.0678		674579		0.614708		290.276			00:00:53:600		1.07032e+07		-5.57237		3.24894		0		7.15565e+06		7.56209		
00:00:53:500		7.15484e+06		117.631		72.0678		674579		0.614708		290.29			00:00:53:500		1.07158e+07		-5.56485		3.3664		0		7.1549e+06		5.52548		
00:00:53:399		7.1541e+06		117.631		71.9993		673526		0.61376		290.303			00:00:53:399		1.07283e+07		-5.55723		3.47304		0		7.15413e+06		2.90027		
00:00:53:299		7.15336e+06		117.631		71.9993		673526		0.61376		290.317			00:00:53:299		1.07408e+07		-5.54951		3.57687		0		7.15338e+06		2.85058		
00:00:53:149		7.15225e+06		117.596		71.9295		672455		0.612811		290.337			00:00:53:149		1.07596e+07		-5.53773		3.72737		0		7.15229e+06		5.83013		
00:00:53:049		7.15152e+06		117.596		71.9295		672455		0.612811		290.351			00:00:53:049		1.07721e+07		-5.52975		3.82416		0		7.15157e+06		6.87895		
00:00:52:850		7.15078e+06		117.561		71.8583		671384		0.611862		290.364			00:00:52:850		1.07846e+07		-5.52166		3.918		0		7.15085e+06		7.10184		
00:00:52:850		7.15005e+06		117.561		71.8583		671384		0.611862		290.378			00:00:52:850		1.07971e+07		-5.51344		4.00895		0		7.15011e+06		6.29333		
00:00:52:799		7.14969e+06		117.561		71.8583		671384		0.611862		290.385			00:00:52:799		1.08033e+07		-5.50929		4.05347		0		7.14974e+06		6.18874		
00:00:52:700		7.14896e+06		117.526		71.7856		670294		0.610913		290.399			00:00:52:700		1.08158e+07		-5.50092		4.14016		0		7.14901e+06		6.59484		
00:00:52:450		7.14715e+06		117.491		71.7114		669206		0.609963		290.437			00:00:52:450		1.08469e+07		-5.4795		4.34412		0		7.14723e+06		8.66988		
00:00:52:450		7.14715e+06		117.491		71.7114		669206		0.609963		290.437			00:00:52:450		1.08469e+07		-5.4795		4.34412		0		7.14723e+06		8.66988		
00:00:52:350		7.14643e+06		117.491		71.7114		669206		0.609963		290.452			00:00:52:350		1.08593e+07		-5.47073		4.42074		0		7.14651e+06		8.83445		
00:00:52:299		7.14607e+06		117.491		71.7114		669206		0.609963		290.46			00:00:52:299		1.08655e+07		-5.4663		4.45802		0		7.14615e+06		8.92441		
00:00:52:149		7.145e+06		117.456		71.6357		668152		0.609013		290.484			00:00:52:149		1.0884e+07		-5.45284		4.56572		0		7.14509e+06		8.84454		
00:00:52:049		7.14429e+06		117.456		71.6357		668152		0.609013		290.501			00:00:52:049		1.08964e+07		-5.44373		4.63409		0		7.14438e+06		9.47555		
00:00:51:850		7.1429e+06		117.421		71.5582		667115		0.608063		290.534			00:00:51:850		1.09211e+07		-5.42522		4.763		0		7.14301e+06		11.2025		
00:00:51:850		7.1429e+06		117.421		71.5582		667115		0.608063		290.534			00:00:51:850		1.09211e+07		-5.42522		4.763		0		7.14301e+06		11.2025		
00:00:51:750		7.14222e+06		117.385		71.5582		667115		0.608063		290.551			00:00:51:750		1.09335e+07		-5.41583		4.82385		0		7.14235e+06		12.0501		
00:00:51:649		7.14155e+06		117.385		71.479		666059		0.607113		290.568			00:00:51:649		1.09458e+07		-5.40638		4.88226		0		7.14169e+06		12.9074		
00:00:51:549		7.14089e+06		117.385		71.479		666059		0.607113		290.586			00:00:51:549		1.09582e+07		-5.39687		4.93827		0		7.14104e+06		13.4144		
00:00:51:450		7.14025e+06		117.35		71.3979		664966		0.606162		290.604			00:00:51:450		1.09705e+07		-5.38731		4.99199		0		7.1404e+06		13.9001		
00:00:51:350		7.13961e+06		117.35		71.3979		664966		0.606162		290.622			00:00:51:350		1.09829e+07		-5.37772		5.04351		0		7.13978e+06		14.698		
00:00:51:250		7.13898e+06		117.315		71.3979		664966		0.606162		290.641			00:00:51:250		1.09952e+07		-5.36809		5.09295		0		7.13917e+06		15.5863		
00:00:51:149		7.13837e+06		117.315		71.3149		663876		0.60521		290.66			00:00:51:149		1.10075e+07		-5.35843		5.14045		0		7.13857e+06		16.5842		
00:00:51:049		7.13776e+06		117.315		71.3149		663876		0.60521		290.68			00:00:51:049		1.10198e+07		-5.34875		5.18583		0		7.13798e+06		17.4245		
00:00:50:950		7.13716e+06		117.28		71.2299		662802		0.604259		290.7			00:00:50:950		1.10321e+07		-5.33903		5.22943		0		7.1374e+06		18.2175		
00:00:50:850		7.13658e+06		117.28		71.2299		662802		0.604259		290.721			00:00:50:850		1.10444e+07		-5.32929		5.27106		0		7.13683e+06		18.8501		
00:00:50:750		7.136e+06		117.245		71.2299		662802		0.604259		290.742			00:00:50:750		1.10566e+07		-5.3195		5.31106		0		7.13626e+06		19.4		
00:00:50:649		7.13543e+06		117.245		71.1427		661708		0.603307		290.764			00:00:50:649		1.10688e+07		-5.30966		5.34945		0		7.13572e+06		20.176		
00:00:50:549		7.13488e+06		117.245		71.1427		661708		0.603307		290.786			00:00:50:549		1.10811e+07		-5.29976		5.38586		0		7.13517e+06		20.8108		
00:00:50:450		7.13434e+06		117.209		71.0532		660598		0.602354		290.808			00:00:50:450		1.10932e+07		-5.2898		5.42106		0		7.13466e+06		21.8151		
00:00:50:350		7.13382e+06		117.209		71.0532		660598		0.602354		290.831			00:00:50:350		1.11054e+07		-5.27976		5.45462		0		7.13416e+06		23.0321		
00:00:50:250		7.1333e+06		117.174		71.0532		660598		0.602354		290.854			00:00:50:250		1.11178e+07		-5.26966		5.48688		0		7.13367e+06		24.2067		
00:00:50:100		7.13256e+06		117.174		70.9615		659506		0.601401		290.89			00:00:50:100		1.11363e+07		-5.25438		5.53264		0		7.13298e+06		25.9255		
00:00:49:950		7.13187e+06		117.139		70.8675		658411		0.600447		290.927			00:00:49:950		1.11547e+07		-5.23895		5.57538		0		7.13233e+06		27.6359		
00:00:49:799		7.13122e+06		117.139		70.8675		658411		0.600447		290.966			00:00:49:799		1.11732e+07		-5.22337		5.6155		0		7.13173e+06		29.3419		
00:00:49:799		7.13122e+06		117.139		70.8675		658411		0.600447		290.966			00:00:49:799		1.11732e+07		-5.22337		5.6155		0		7.13173e+06		29.3419		
00:00:49:799		7.13122e+06		117.139		70.8675		658411		0.600447		290.966			00:00:49:799		1.11732e+07		-5.22337		5.6155		0		7.13173e+06		29.3419		
00:00:49:700		7.13081e+06		117.104		70.771		657281		0.599493		290.993			00:00:49:700		1.11855e+07		-5.2129		5.64082		0		7.13136e+06		30.4925		
00:00:49:600		7.13042e+06		117.104		70.771		657281		0.599493		291.02			00:00:49:600		1.11978e+07		-5.20237		5.66497		0		7.131e+06		31.663		
00:00:49:399		7.13005e+06		117.068		70.771		657281		0.599493		291.047			00:00:49:399		1.12225e+07		-5.19178		5.688		0		7.13067e+06		32.8314		
00:00:49:399		7.1297e+06		117.068		70.6719		656152		0.598538		291.075			00:00:49:399		1.12225e+07		-5.18112		5.71016		0		7.13035e+06		33.9965		
00:00:49:299		7.12936e+06		117.068		70.6719		656152		0.598538		291.103			00:00:49:299		1.12348e+07		-5.1704		5.7316		0		7.13006e+06		35.1727		
00:00:49:200		7.12904e+06		117.033		70.5701		655020		0.597583		291.133			00:00:49:200		1.12471e+07		-5.15963		5.75209		0		7.12978e+06		36.3897		
00:00:49:100		7.12873e+06		117.033		70.5701		655020		0.597583		291.162			00:00:49:100		1.12594e+07		-5.14881		5.77136		0		7.12951e+06		37.516		
00:00:48:899		7.12817e+06		116.998		70.4655		653891		0.596626		291.223			00:00:48:899		1.12842e+07		-5.12703		5.80712		0		7.12904e+06		39.8544		
00:00:48:899		7.12817e+06		116.998		70.4655		653891		0.596626		291.223			00:00:48:899		1.12842e+07		-5.12703		5.80712		0		7.12904e+06		39.8544		
00:00:48:799		7.12791e+06		116.998		70.4655		653891		0.596626		291.255			00:00:48:799		1.12966e+07		-5.11609		5.82461		0		7.12883e+06		41.1253		
00:00:48:600		7.12744e+06		116.963		70.358		652778		0.595669		291.32			00:00:48:600		1.13216e+07		-5.09413		5.85688		0		7.12846e+06		43.7775		
00:00:48:600		7.12744e+06		116.963		70.358		652778		0.595669		291.32			00:00:48:600		1.13216e+07		-5.09413		5.85688		0		7.12846e+06		43.7775		
00:00:48:399		7.12701e+06		116.927		70.2474		651608		0.594712		291.387			00:00:48:399		1.13466e+07		-5.0721		5.88417		0		7.12815e+06		46.2124		
00:00:48:399		7.12701e+06		116.927		70.2474		651608		0.594712		291.387			00:00:48:399		1.13466e+07		-5.0721		5.88417		0		7.12815e+06		46.2124		
00:00:48:299		7.12682e+06		116.927		70.2474		651608		0.594712		291.422			00:00:48:299		1.13591e+07		-5.06105		5.89845		0		7.12801e+06		47.3472		
00:00:48:200		7.12664e+06		116.891		70.1335		650350		0.593753		291.458			00:00:48:200		1.13715e+07		-5.04997		5.91299		0		7.12788e+06		48.4867		
00:00:48:100		7.12647e+06		116.891		70.1335		650350		0.593753		291.494			00:00:48:100		1.1384e+07		-5.03888		5.9257		0		7.12777e+06		49.6556		
00:00:47:899		7.12617e+06		116.855		70.0162		648983		0.592793		291.568			00:00:47:899		1.14089e+07		-5.01657		5.94449		0		7.12759e+06		52.1667		
00:00:47:899		7.12617e+06		116.855		70.0162		648983		0.592793		291.568			00:00:47:899		1.14089e+07		-5.01657		5.94449		0		7.12759e+06		52.1667		
00:00:47:799		7.12604e+06		116.855		70.0162		648983		0.592793		291.606			00:00:47:799		1.14214e+07		-5.00535		5.95569		0		7.12753e+06		53.5344		
00:00:47:700		7.12593e+06		116.819		69.8954		647494		0.591833		291.645			00:00:47:700		1.14338e+07		-4.99408		5.96944		0		7.12749e+06		54.9067		
00:00:47:600		7.12584e+06		116.819		69.8954		647494		0.591833		291.685			00:00:47:600		1.14463e+07		-4.98277		5.98159		0		7.12747e+06		56.2835		
00:00:47:450		7.12573e+06		116.782		69.7709		645768		0.590871		291.745			00:00:47:450		1.14649e+07		-4.96573		5.98973		0		7.12747e+06		58.1984		
00:00:47:350		7.12569e+06		116.782		69.7709		645768		0.590871		291.787			00:00:47:350		1.14773e+07		-4.95431		5.99376		0		7.12749e+06		59.3487		
00:00:47:250		7.12568e+06		116.743		69.7709		645768		0.590871		291.829			00:00:47:250		1.14897e+07		-4.94286		6.00423		0		7.12754e+06		60.4961		
00:00:47:149		7.12569e+06		116.743		69.6428		643709		0.589908		291.871			00:00:47:149		1.15021e+07		-4.93137		6.01996		0		7.12762e+06		61.6677		
00:00:47:049		7.12573e+06		116.743		69.6428		643709		0.589908		291.915			00:00:47:049		1.15144e+07		-4.91984		6.03111		0		7.12773e+06		62.8986		
00:00:46:950		7.1258e+06		116.702		69.511		641264		0.588944		291.958			00:00:46:950		1.15268e+07		-4.90826		6.03078		0		7.12788e+06		64.8037		
00:00:46:850		7.12584e+06		116.702		69.511		641264		0.588944		292.003			00:00:46:850		1.15391e+07		-4.89665		6.02579		0		7.12808e+06		67.2281		
00:00:46:750		7.12592e+06		116.654		69.511		641264		0.588944		292.048			00:00:46:750		1.15515e+07		-4.885		6.03083		10.1487		7.12831e+06		69.6631		
00:00:46:700		7.12597e+06		116.654		69.3757		638388		0.587979		292.071			00:00:46:700		1.15578e+07		-4.87916		6.03953		14.6076		7.12845e+06		70.9039		
00:00:46:600		7.1261e+06		116.654		69.3757		638388		0.587979		292.117			00:00:46:600		1.15701e+07		-4.86745		6.06172		22.9577		7.12874e+06		73.4458		
00:00:46:500		7.12625e+06		116.598		69.3757		638388		0.587979		292.163			00:00:46:500		1.15825e+07		-4.8557		6.0723		30.7186		7.12907e+06		75.9525		
00:00:46:350		7.12654e+06		116.598		69.2373		635198		0.587012		292.234			00:00:46:350		1.16011e+07		-4.83802		6.05008		41.6017		7.12964e+06		79.5838		
00:00:46:250		7.12678e+06		116.529		69.2373		635198		0.587012		292.282			00:00:46:250		1.16134e+07		-4.82619		6.04164		48.6901		7.13006e+06		81.9216		
00:00:46:149		7.12705e+06		116.529		69.0964		631855		0.586044		292.33			00:00:46:149		1.16257e+07		-4.81433		6.06385		55.595		7.13051e+06		84.1784		
00:00:46:049		7.12735e+06		116.529		69.0964		631855		0.586044		292.378			00:00:46:049		1.16381e+07		-4.80244		6.09754		62.1362		7.13099e+06		86.4306		
00:00:45:950		7.12768e+06		116.446		68.9539		628458		0.585075		292.428			00:00:45:950		1.16504e+07		-4.79052		6.10466		68.3173		7.13151e+06		88.6647		
00:00:45:850		7.12805e+06		116.446		68.9539		628458		0.585075		292.478			00:00:45:850		1.16627e+07		-4.77857		6.0603		74.4999		7.13207e+06		90.8877		
00:00:45:750		7.12846e+06		116.352		68.9539		628458		0.585075		292.528			00:00:45:750		1.1675e+07		-4.7666		6.00617		80.8114		7.13266e+06		93.1872		
00:00:45:649		7.12889e+06		116.352		68.8105		625010		0.582346		292.578			00:00:45:649		1.16873e+07		-4.75461		5.95067		86.6952		7.13331e+06		95.5349		
00:00:45:549		7.12936e+06		116.352		68.8105		625010		0.582346		292.635			00:00:45:549		1.16995e+07		-4.7426		5.90406		92.1787		7.134e+06		97.9567		
00:00:45:450		7.12987e+06		116.252		68.6663		621544		0.579613		292.683			00:00:45:450		1.17118e+07		-4.73056		5.85562		97.8593		7.13473e+06		100.432		
00:00:45:350		7.1304e+06		116.252		68.6663		621544		0.579613		292.738			00:00:45:350		1.1724e+07		-4.71851		5.80097		103.852		7.13551e+06		102.924		
00:00:45:250		7.13097e+06		116.152		68.6663		621544		0.579613		292.794			00:00:45:250		1.17362e+07		-4.70643		5.7401		109.468		7.13632e+06		105.42		
00:00:45:149		7.13156e+06		116.152		68.5214		618071		0.576877		292.85			00:00:45:149		1.17484e+07		-4.69433		5.68109		114.661		7.13717e+06		107.893		
00:00:45:049		7.13218e+06		116.152		68.5214		618071		0.576877		292.907			00:00:45:049		1.17606e+07		-4.6822		5.63007		120.041		7.13804e+06		110.382		
00:00:44:950		7.13283e+06		116.051		68.3756		614538		0.574138		292.964			00:00:44:950		1.17728e+07		-4.67004		5.58228		125.842		7.13896e+06		112.867		
00:00:44:799		7.13386e+06		116.051		68.3756		614538		0.574138		293.051			00:00:44:799		1.17911e+07		-4.65179		5.48965		133.978		7.14038e+06		116.518		
00:00:44:700		7.13458e+06		115.951		68.229		610967		0.571395		293.11			00:00:44:700		1.18032e+07		-4.63964		5.41175		138.92		7.14137e+06		118.97		
00:00:44:649		7.13495e+06		115.951		68.229		610967		0.571395		293.139			00:00:44:649		1.18091e+07		-4.63356		5.37386		141.477		7.14188e+06		120.228		
00:00:44:549		7.1357e+06		115.951		68.229		610967		0.571395		293.198			00:00:44:549		1.1821e+07		-4.62137		5.30988		146.871		7.14293e+06		122.742		
00:00:44:450		7.13648e+06		115.851		68.0815		607373		0.568648		293.258			00:00:44:450		1.18328e+07		-4.60914		5.26259		152.154		7.14401e+06		125.34		
00:00:44:299		7.1377e+06		115.851		68.0815		607373		0.568648		293.349			00:00:44:299		1.18505e+07		-4.59071		5.17529		158.8		7.1457e+06		129.252		
00:00:44:200		7.13854e+06		115.75		67.933		603776		0.565897		293.41			00:00:44:200		1.18623e+07		-4.57838		5.08881		163.297		7.14686e+06		131.849		
00:00:44:200		7.13854e+06		115.75		67.933		603776		0.565897		293.41			00:00:44:200		1.18623e+07		-4.57838		5.08881		163.297		7.14686e+06		131.849		
00:00:43:950		7.14068e+06		115.649		67.7836		600153		0.563142		293.564			00:00:43:950		1.18916e+07		-4.54742		4.93075		185.805		7.14985e+06		138.331		
00:00:43:950		7.14068e+06		115.649		67.7836		600153		0.563142		293.564			00:00:43:950		1.18916e+07		-4.54742		4.93075		185.805		7.14985e+06		138.331		
00:00:43:799		7.14196e+06		115.649		67.7836		600153		0.563142		293.657			00:00:43:799		1.1909e+07		-4.52881		4.85975		227.615		7.15164e+06		141.897		
00:00:43:799		7.14196e+06		115.649		67.7836		600153		0.563142		293.657			00:00:43:799		1.1909e+07		-4.52881		4.85975		227.615		7.15164e+06		141.897		
00:00:43:600		7.14357e+06		115.548		67.6332		596453		0.560382		293.784			00:00:43:600		1.19321e+07		-4.50393		4.65249		316.149		7.15387e+06		146.157		
00:00:43:500		7.14429e+06		115.447		67.6332		596453		0.560382		293.849			00:00:43:500		1.19437e+07		-4.49149		4.57388		356.575		7.15491e+06		148.24		
00:00:43:500		7.14429e+06		115.447		67.6332		596453		0.560382		293.849			00:00:43:500		1.19437e+07		-4.49149		4.57388		356.575		7.15491e+06		148.24		
00:00:43:399		7.14498e+06		115.447		67.4817		592733		0.557618		293.914			00:00:43:399		1.19552e+07		-4.47904		4.55635		391.301		7.1559e+06		150.258		
00:00:43:200		7.14623e+06		115.346		67.3291		588987		0.55485		294.046			00:00:43:200		1.19782e+07		-4.45413		4.5404		443.545		7.15775e+06		154.281		
00:00:43:200		7.14623e+06		115.346		67.3291		588987		0.55485		294.046			00:00:43:200		1.19782e+07		-4.45413		4.5404		443.545		7.15775e+06		154.281		
00:00:43:100		7.14682e+06		115.346		67.3291		588987		0.55485		294.112			00:00:43:100		1.19897e+07		-4.44166		4.53161		461.935		7.15864e+06		156.285		
00:00:42:899		7.14793e+06		115.244		67.1754		585202		0.552076		294.246			00:00:42:899		1.20128e+07		-4.41671		4.5062		481.452		7.16036e+06		160.29		
00:00:42:799		7.14848e+06		115.244		67.1754		585202		0.552076		294.314			00:00:42:799		1.20243e+07		-4.40422		4.49705		482.552		7.16122e+06		162.297		
00:00:42:799		7.14848e+06		115.244		67.1754		585202		0.552076		294.314			00:00:42:799		1.20243e+07		-4.40422		4.49705		482.552		7.16122e+06		162.297		
00:00:42:700		7.14903e+06		115.142		67.0207		581374		0.549297		294.383			00:00:42:700		1.20358e+07		-4.39172		4.49208		483.036		7.16207e+06		164.29		
00:00:42:600		7.14957e+06		115.142		67.0207		581374		0.549297		294.452			00:00:42:600		1.20474e+07		-4.3792		4.48581		483.514		7.16293e+06		166.318		
00:00:42:500		7.1501e+06		115.04		67.0207		581374		0.549297		294.522			00:00:42:500		1.20589e+07		-4.36666		4.47391		483.984		7.16379e+06		168.435		
00:00:42:399		7.1506e+06		115.04		66.865		577505		0.546513		294.593			00:00:42:399		1.20704e+07		-4.3541		4.45953		484.447		7.16465e+06		170.632		
00:00:42:200		7.15159e+06		114.938		66.7082		573594		0.543723		294.735			00:00:42:200		1.20933e+07		-4.32892		4.4452		485.347		7.16635e+06		175.007		
00:00:42:100		7.15207e+06		114.938		66.7082		573594		0.543723		294.808			00:00:42:100		1.21047e+07		-4.3163		4.44184		485.783		7.1672e+06		177.155		
00:00:42:100		7.15207e+06		114.938		66.7082		573594		0.543723		294.808			00:00:42:100		1.21047e+07		-4.3163		4.44184		485.783		7.1672e+06		177.155		
00:00:41:899		7.15303e+06		114.835		66.5503		569642		0.540927		294.955			00:00:41:899		1.21273e+07		-4.29101		4.41429		486.633		7.16884e+06		181.066		
00:00:41:799		7.15351e+06		114.835		66.5503		569642		0.540927		295.03			00:00:41:799		1.21386e+07		-4.27836		4.39995		487.048		7.16963e+06		182.903		
00:00:41:799		7.15351e+06		114.835		66.5503		569642		0.540927		295.03			00:00:41:799		1.21386e+07		-4.27836		4.39995		487.048		7.16963e+06		182.903		
00:00:41:700		7.15396e+06		114.733		66.3913		565666		0.538125		295.105			00:00:41:700		1.21498e+07		-4.26572		4.39937		487.456		7.1704e+06		184.748		
00:00:41:600		7.15438e+06		114.733		66.3913		565666		0.538125		295.182			00:00:41:600		1.21609e+07		-4.25312		4.4002		487.857		7.17115e+06		186.604		
00:00:41:500		7.15476e+06		114.63		66.3913		565666		0.538125		295.259			00:00:41:500		1.2172e+07		-4.24055		4.3939		488.249		7.17187e+06		188.452		
00:00:41:399		7.15512e+06		114.63		66.2311		561629		0.535316		295.338			00:00:41:399		1.21831e+07		-4.22801		4.37486		488.638		7.17255e+06		190.267		
00:00:41:299		7.15544e+06		114.63		66.2311		561629		0.535316		295.417			00:00:41:299		1.21942e+07		-4.2155		4.35572		489.021		7.1732e+06		192.098		
00:00:41:100		7.15599e+06		114.526		66.0697		557571		0.532499		295.578			00:00:41:100		1.22164e+07		-4.19057		4.35854		489.778		7.17443e+06		195.744		
00:00:41:100		7.15599e+06		114.526		66.0697		557571		0.532499		295.578			00:00:41:100		1.22164e+07		-4.19057		4.35854		489.778		7.17443e+06		195.744		
00:00:41:000		7.15621e+06		114.423		66.0697		557571		0.532499		295.659			00:00:41:000		1.22274e+07		-4.17815		4.35591		490.156		7.175e+06		197.59		
00:00:40:899		7.1564e+06		114.423		65.9072		553525		0.529675		295.741			00:00:40:899		1.22384e+07		-4.16573		4.34195		490.53		7.17553e+06		199.424		
00:00:40:799		7.15655e+06		114.423		65.9072		553525		0.529675		295.824			00:00:40:799		1.22494e+07		-4.15331		4.31786		490.909		7.17603e+06		201.256		
00:00:40:600		7.15674e+06		114.319		65.7437		549455		0.526843		295.993			00:00:40:600		1.22715e+07		-4.12838		4.31903		491.663		7.17692e+06		204.882		
00:00:40:600		7.15674e+06		114.319		65.7437		549455		0.526843		295.993			00:00:40:600		1.22715e+07		-4.12838		4.31903		491.663		7.17692e+06		204.882		
00:00:40:500		7.15677e+06		114.214		65.7437		549455		0.526843		296.079			00:00:40:500		1.22824e+07		-4.11584		4.32547		492.042		7.17731e+06		206.658		
00:00:40:399		7.15679e+06		114.214		65.5791		545304		0.524003		296.167			00:00:40:399		1.22934e+07		-4.10323		4.31448		492.422		7.17765e+06		208.315		
00:00:40:299		7.15676e+06		114.109		65.5791		545304		0.524003		296.3			00:00:40:299		1.23098e+07		-4.08415		4.26576		492.994		7.17809e+06		210.601		
00:00:40:149		7.15668e+06		114.109		65.4136		541075		0.521153		296.391			00:00:40:149		1.23207e+07		-4.07133		4.23702		493.376		7.17832e+06		212.152		
00:00:40:049		7.15654e+06		114.109		65.4136		541075		0.521153		296.482			00:00:40:049		1.23316e+07		-4.05841		4.1665		493.749		7.17849e+06		213.711		
00:00:39:950		7.15633e+06		114.004		65.247		536803		0.518293		296.573			00:00:39:950		1.23424e+07		-4.04543		4.04028		494.112		7.17861e+06		215.28		
00:00:39:850		7.15607e+06		114.004		65.247		536803		0.518293		296.666			00:00:39:850		1.23532e+07		-4.03241		3.93339		494.461		7.17867e+06		216.792		
00:00:39:750		7.15577e+06		113.899		65.247		536803		0.518293		296.76			00:00:39:750		1.2364e+07		-4.01939		3.90929		494.8		7.17866e+06		218.195		
00:00:39:649		7.15546e+06		113.899		65.0797		532489		0.515424		296.855			00:00:39:649		1.23748e+07		-4.00642		3.92008		495.129		7.17862e+06		219.548		
00:00:39:600		7.1553e+06		113.899		65.0797		532489		0.515424		296.903			00:00:39:600		1.23802e+07		-3.99998		3.92275		495.294		7.1786e+06		220.302		
00:00:39:500		7.15497e+06		113.793		65.0797		532489		0.515424		297.001			00:00:39:500		1.23909e+07		-3.98719		3.92949		495.615		7.17862e+06		222.206		
00:00:39:399		7.15455e+06		113.793		64.9113		528132		0.512544		297.101			00:00:39:399		1.24016e+07		-3.9746		3.93521		495.946		7.17866e+06		224.349		
00:00:39:250		7.15367e+06		113.687		64.9113		528132		0.512544		297.248			00:00:39:250		1.24176e+07		-3.95612		3.94853		496.464		7.17849e+06		227.507		
00:00:39:200		7.15332e+06		113.687		64.7421		523733		0.509653		297.298			00:00:39:200		1.24229e+07		-3.95008		3.95296		496.647		7.17837e+06		228.543		
00:00:39:049		7.15208e+06		113.687		64.7421		523733		0.509653		297.449			00:00:39:049		1.24389e+07		-3.93229		3.96324		497.22		7.17781e+06		231.473		
00:00:38:950		7.15112e+06		113.58		64.5719		519271		0.50675		297.551			00:00:38:950		1.24496e+07		-3.92065		3.97107		497.622		7.17728e+06		233.347		
00:00:38:850		7.15007e+06		113.58		64.5719		519271		0.50675		297.656			00:00:38:850		1.24602e+07		-3.90912		3.97956		498.037		7.17664e+06		235.091		
00:00:38:750		7.14895e+06		113.473		64.5719		519271		0.50675		297.762			00:00:38:750		1.24707e+07		-3.89765		3.98755		498.465		7.1759e+06		236.71		
00:00:38:649		7.14776e+06		113.473		64.4007		514768		0.503835		297.87			00:00:38:649		1.24812e+07		-3.88619		3.99278		498.899		7.17505e+06		238.134		
00:00:38:549		7.14652e+06		113.473		64.4007		514768		0.503835		297.979			00:00:38:549		1.24917e+07		-3.87471		4.00045		499.341		7.17411e+06		239.333		
00:00:38:450		7.14524e+06		113.366		64.2284		510219		0.500907		298.09			00:00:38:450		1.25022e+07		-3.86318		4.00803		499.784		7.17307e+06		240.316		
00:00:38:350		7.14391e+06		113.366		64.2284		510219		0.500907		298.203			00:00:38:350		1.25127e+07		-3.85158		4.01635		500.231		7.17195e+06		241.221		
00:00:38:250		7.14251e+06		113.258		64.2284		510219		0.500907		298.317			00:00:38:250		1.25231e+07		-3.83992		4.02437		500.681		7.17078e+06		242.225		
00:00:38:149		7.14106e+06		113.258		64.0552		505611		0.497966		298.434			00:00:38:149		1.25336e+07		-3.82817		4.03135		501.132		7.16958e+06		243.425		
00:00:38:049		7.13953e+06		113.258		64.0552		505611		0.497966		298.554			00:00:38:049		1.2544e+07		-3.81635		4.03479		501.583		7.16838e+06		244.911		
00:00:37:950		7.13794e+06		113.149		63.881		500920		0.495011		298.675			00:00:37:950		1.25543e+07		-3.80446		4.04058		502.05		7.16714e+06		246.451		
00:00:37:850		7.13625e+06		113.149		63.881		500920		0.495011		298.798			00:00:37:850		1.25647e+07		-3.79251		4.05126		502.525		7.16582e+06		247.986		
00:00:37:750		7.13447e+06		113.04		63.881		500920		0.495011		298.923			00:00:37:750		1.2575e+07		-3.7805		4.06223		503.016		7.16442e+06		249.532		
00:00:37:649		7.13259e+06		113.04		63.7059		496169		0.492041		299.051			00:00:37:649		1.25853e+07		-3.76845		4.06631		503.524		7.16292e+06		251.091		
00:00:37:549		7.13063e+06		113.04		63.7059		496169		0.492041		299.18			00:00:37:549		1.25955e+07		-3.75636		4.068		504.05		7.16134e+06		252.633		
00:00:37:450		7.12857e+06		112.931		63.5298		491355		0.489056		299.313			00:00:37:450		1.26056e+07		-3.74424		4.07058		504.595		7.15966e+06		254.169		
00:00:37:350		7.12642e+06		112.931		63.5298		491355		0.489056		299.447			00:00:37:350		1.26157e+07		-3.73209		4.08272		505.159		7.15789e+06		255.711		
00:00:37:250		7.12416e+06		112.821		63.5298		491355		0.489056		299.583			00:00:37:250		1.26258e+07		-3.71992		4.09656		505.744		7.15602e+06		257.242		
00:00:37:149		7.12180e+06		112.821		63.3527		486441		0.486056		299.722			00:00:37:149		1.26358e+07		-3.70774		4.10339		506.343		7.15404e+06		258.709		
00:00:37:049		7.11937e+06		112.821		63.3527		486441		0.486056		299.864			00:00:37:049		1.26457e+07		-3.69555		4.09742		506.967		7.15195e+06		259.982		
00:00:36:950		7.1169e+06		112.71		63.1749		481466		0.483039		300.007			00:00:36:950		1.26555e+07		-3.68336		4.0939		507.607		7.14974e+06		260.746		
00:00:36:850		7.11441e+06		112.71		63.1749		481466		0.483039		300.151			00:00:36:850		1.26653e+07		-3.67118		4.10877		508.271		7.1474e+06		261.217		
00:00:36:750		7.11180e+06		112.6		63.1749		481466		0.483039		300.297			00:00:36:750		1.2675e+07		-3.65902		4.13045		508.956		7.14493e+06		261.693		
00:00:36:649		7.10907e+06		112.6		62.9964		476467		0.480007		300.445			00:00:36:649		1.26848e+07		-3.64689		4.14003		509.664		7.14232e+06		262.137		
00:00:36:549		7.1062e+06		112.6		62.9964		476467		0.480007		300.596			00:00:36:549		1.26945e+07		-3.63478		4.12703		510.392		7.13959e+06		262.614		
00:00:36:450		7.10319e+06		112.488		62.8171		471403		0.476957		300.749			00:00:36:450		1.2704e+07		-3.6227		4.1123		511.145		7.13673e+06		263.08		
00:00:36:350		7.10005e+06		112.488		62.8171		471403		0.476957		300.905			00:00:36:350		1.27136e+07		-3.61065		4.12636		511.913		7.13373e+06		263.53		
00:00:36:250		7.09678e+06		112.376		62.8171		471403		0.476957		301.064			00:00:36:250		1.27231e+07		-3.59863		4.16213		512.699		7.13059e+06		263.973		
00:00:36:149		7.09338e+06		112.376		62.6371		466278		0.47389		301.224			00:00:36:149		1.27325e+07		-3.58664		4.18183		513.494		7.12732e+06		264.381		
00:00:36:049		7.08984e+06		112.376		62.6371		466278		0.47389		301.387			00:00:36:049		1.27419e+07		-3.57468		4.15652		514.298		7.12391e+06		264.794		
00:00:35:950		7.08616e+06		112.263		62.4565		461108		0.470806		301.552			00:00:35:950		1.27513e+07		-3.56275		4.12368		515.102		7.12035e+06		265.157		
00:00:35:850		7.08235e+06		112.263		62.4565		461108		0.470806		301.72			00:00:35:850		1.27606e+07		-3.55085		4.13094		515.902		7.11666e+06		265.47		
00:00:35:750		7.07841e+06		112.15		62.4565		461108		0.470806		301.889			00:00:35:750		1.27698e+07		-3.53899		4.1872		516.699		7.11283e+06		265.826		
00:00:35:649		7.07434e+06		112.15		62.2753		455855		0.467703		302.059			00:00:35:649		1.27791e+07		-3.52717		4.2289		517.493		7.10887e+06		266.147		
00:00:35:549		7.07016e+06		112.15		62.2753		455855		0.467703		302.233			00:00:35:549		1.27882e+07		-3.51539		4.19441		518.288		7.10479e+06		266.446		
00:00:35:399		7.06366e+06		112.036		62.0936		450520		0.464583		302.495			00:00:35:399		1.28018e+07		-3.49778		4.10397		519.513		7.09844e+06		266.869		
00:00:35:299		7.05919e+06		112.036		62.0936		450520		0.464583		302.67			00:00:35:299		1.28108e+07		-3.48609		4.14783		520.384		7.09406e+06		267.073		
00:00:35:299		7.05919e+06		112.036		62.0936		450520		0.464583		302.67			00:00:35:299		1.28108e+07		-3.48609		4.14783		520.384		7.09406e+06		267.073		
00:00:35:100		7.04989e+06		111.921		61.9116		445123		0.461446		303.021			00:00:35:100		1.28286e+07		-3.46283		4.2963		522.361		7.08487e+06		267.202		
00:00:35:100		7.04989e+06		111.921		61.9116		445123		0.461446		303.021			00:00:35:100		1.28286e+07		-3.46283		4.2963		522.361		7.08487e+06		267.202		
00:00:34:899		7.04008e+06		111.806		61.7292		439640		0.45829		303.375			00:00:34:899		1.2846e+07		-3.43971		4.06545		524.876		7.07511e+06		267.082		
00:00:34:799		7.03496e+06		111.806		61.7292		439640		0.45829		303.552			00:00:34:799		1.28547e+07		-3.42821		4.0898		526.399		7.06999e+06		266.891		
00:00:34:799		7.03496e+06		111.806		61.7292		439640		0.45829		303.552			00:00:34:799		1.28547e+07		-3.42821		4.0898		526.399		7.06999e+06		266.891		
00:00:34:700		7.02967e+06		111.691		61.5464		434076		0.455117		303.727			00:00:34:700		1.28632e+07		-3.41675		4.28814		528.12		7.06468e+06		266.588		
00:00:34:600		7.02421e+06		111.691		61.5464		434076		0.455117		303.901			00:00:34:600		1.28717e+07		-3.40536		4.48566		530.011		7.05917e+06		266.122		
00:00:34:500		7.01856e+06		111.575		61.5464		434076		0.455117		304.074			00:00:34:500		1.28801e+07		-3.39405		4.68125		532.034		7.05341e+06		265.375		
00:00:34:399		7.01275e+06		111.575		61.3632		428467		0.451927		304.247			00:00:34:399		1.28885e+07		-3.38281		4.87487		534.145		7.04736e+06		263.949		
00:00:34:299		7.00692e+06		111.575		61.3632		428467		0.451927		304.419			00:00:34:299		1.28967e+07		-3.37164		5.06604		536.285		7.04096e+06		260.962		
00:00:34:200		7.00146e+06		111.459		61.1797		422792		0.448721		304.588			00:00:34:200		1.29049e+07		-3.36055		5.25457		538.371		7.03415e+06		252.916		
00:00:34:100		6.99671e+06		111.459		61.1797		422792		0.448721		304.752			00:00:34:100		1.29131e+07		-3.34954		5.43997		540.309		7.02693e+06		242.298		
00:00:33:899		6.98568e+06		111.343		60.9958		417053		0.445499		305.07			00:00:33:899		1.29292e+07		-3.32776		5.80174		543.262		7.01148e+06		222.37		
00:00:33:899		6.98568e+06		111.343		60.9958		417053		0.445499		305.07			00:00:33:899		1.29292e+07		-3.32776		5.80174		543.262		7.01148e+06		222.37		
00:00:33:799		6.97948e+06		111.343		60.9958		417053		0.445499		305.223			00:00:33:799		1.29371e+07		-3.31698		5.9768		544.021		7.00341e+06		213.542		
00:00:33:700		6.97284e+06		111.227		60.8116		411249		0.442263		305.37			00:00:33:700		1.29449e+07		-3.30628		6.14803		544.155		6.99509e+06		204.799		
00:00:33:549		6.96201e+06		111.227		60.8116		411249		0.442263		305.58			00:00:33:549		1.29565e+07		-3.29036		6.38685		543.095		6.98177e+06		191.337		
00:00:33:450		6.95432e+06		111.11		60.6273		405379		0.439014		305.711			00:00:33:450		1.29641e+07		-3.27983		6.48363		541.623		6.97251e+06		182.788		
00:00:33:399		6.9504e+06		111.11		60.6273		405379		0.439014		305.773			00:00:33:399		1.29679e+07		-3.27459		6.47653		540.762		6.96784e+06		178.653		
00:00:33:299		6.94266e+06		111.11		60.6273		405379		0.439014		305.891			00:00:33:299		1.29754e+07		-3.26415		6.4626		539.105		6.95863e+06		170.453		
00:00:33:200		6.93532e+06		110.993		60.443		399484		0.435755		305.999			00:00:33:200		1.29828e+07		-3.25376		6.44917		537.844		6.94994e+06		163.379		
00:00:33:100		6.92831e+06		110.993		60.443		399484		0.435755		306.097			00:00:33:100		1.29902e+07		-3.24342		6.43608		537.049		6.94238e+06		163.288		
00:00:32:899		6.8974e+06		110.877		60.2586		393520		0.432489		306.261			00:00:32:899		1.30047e+07		-3.22282		6.41078		536.624		6.93359e+06		302.842		
00:00:32:899		6.8974e+06		110.877		60.2586		393520		0.432489		306.261			00:00:32:899		1.30047e+07		-3.22282		6.41078		536.624		6.93359e+06		302.842		
00:00:32:799		6.8526e+06		110.877		60.2586		393520		0.432489		306.327			00:00:32:799		1.30119e+07		-3.21255		6.3992		536.716		6.93223e+06		415.181		
00:00:32:649		6.82149e+06		110.76		60.0742		387494		0.429218		306.409			00:00:32:649		1.30227e+07		-3.19714		6.38328		536.783		6.93201e+06		495.221		
00:00:32:549		6.80246e+06		110.76		60.0742		387494		0.429218		306.451			00:00:32:549		1.30298e+07		-3.18685		6.37385		536.78		6.93254e+06		529.878		
00:00:32:450		6.79109e+06		110.643		59.89		381419		0.425943		306.485			00:00:32:450		1.3037e+07		-3.17656		6.36546		536.769		6.93315e+06		540.607		
00:00:32:350		6.79498e+06		110.643		59.89		381419		0.425943		306.513			00:00:32:350		1.30441e+07		-3.16626		6.35815		536.756		6.93364e+06		534.347		
00:00:32:250		6.79776e+06		110.526		59.89		381419		0.425943		306.535			00:00:32:250		1.30513e+07		-3.15595		6.35177		536.745		6.93409e+06		530.374		
00:00:32:149		6.79894e+06		110.526		59.7061		375260		0.422667		306.554			00:00:32:149		1.30584e+07		-3.14564		6.34701		536.731		6.93453e+06		530.453		
00:00:32:049		6.79935e+06		110.526		59.7061		375260		0.422667		306.571			00:00:32:049		1.30656e+07		-3.13532		6.34313		536.711		6.93497e+06		530.533		
00:00:31:949		6.79975e+06		110.41		59.5225		369016		0.419389		306.588			00:00:31:949		1.30727e+07		-3.12499		6.33925		536.691		6.93541e+06		530.626		
00:00:31:850		6.80015e+06		110.41		59.5225		369016		0.419389		306.605			00:00:31:850		1.30799e+07		-3.11464		6.3353		536.664		6.93585e+06		530.698		
00:00:31:750		6.80056e+06		110.293		59.5225		369016		0.419389		306.622			00:00:31:750		1.3087e+07		-3.10428		6.33138		536.638		6.93628e+06		530.782		
00:00:31:649		6.80096e+06		110.293		59.3392		362706		0.41611		306.639			00:00:31:649		1.30942e+07		-3.09391		6.32741		536.602		6.93672e+06		530.874		
00:00:31:550		6.80136e+06		110.293		59.3392		362706		0.41611		306.656			00:00:31:550		1.31014e+07		-3.08353		6.32349		536.565		6.93715e+06		530.952		
00:00:31:449		6.80175e+06		110.176		59.1566		356311		0.412829		306.673			00:00:31:449		1.31085e+07		-3.07314		6.31954		536.527		6.93758e+06		531.041		
00:00:31:350		6.80215e+06		110.176		59.1566		356311		0.412829		306.689			00:00:31:350		1.31157e+07		-3.06273		6.31554		536.489		6.93802e+06		531.143		
00:00:31:250		6.80255e+06		110.06		59.1566		356311		0.412829		306.706			00:00:31:250		1.31229e+07		-3.05231		6.31159		536.456		6.93846e+06		531.236		
00:00:31:149		6.80294e+06		110.06		58.9748		349793		0.409546		306.723			00:00:31:149		1.31301e+07		-3.04188		6.30753		536.44		6.9389e+06		531.361		
00:00:31:050		6.80334e+06		110.06		58.9748		349793		0.409546		306.74			00:00:31:050		1.31373e+07		-3.03144		6.30348		536.453		6.93935e+06		531.491		
00:00:30:949		6.80372e+06		109.943		58.7937		343171		0.406262		306.756			00:00:30:949		1.31445e+07		-3.02098		6.29954		536.509		6.93981e+06		531.667		
00:00:30:850		6.80409e+06		109.943		58.7937		343171		0.406262		306.773			00:00:30:850		1.31517e+07		-3.01051		6.29547		536.616		6.94027e+06		531.901		
00:00:30:750		6.80442e+06		109.827		58.7937		343171		0.406262		306.789			00:00:30:750		1.31589e+07		-3.00002		6.29142		536.785		6.94075e+06		532.22		
00:00:30:649		6.80472e+06		109.827		58.6133		336465		0.402977		306.806			00:00:30:649		1.31661e+07		-2.98952		6.28734		537.007		6.94124e+06		532.661		
00:00:30:550		6.80495e+06		109.827		58.6133		336465		0.402977		306.822			00:00:30:550		1.31734e+07		-2.97901		6.28319		537.252		6.94175e+06		533.256		
00:00:30:449		6.80509e+06		109.71		58.4336		329655		0.39969		306.838			00:00:30:449		1.31806e+07		-2.96848		6.27914		537.481		6.94226e+06		534.063		
00:00:30:350		6.80512e+06		109.71		58.4336		329655		0.39969		306.855			00:00:30:350		1.31878e+07		-2.95794		6.27509		537.617		6.94275e+06		534.982		
00:00:30:250		6.8051e+06		109.593		58.4336		329655		0.39969		306.871			00:00:30:250		1.3195e+07		-2.94738		6.27097		537.617		6.94321e+06		535.901		
00:00:30:149		6.80523e+06		109.593		58.2546		322703		0.396402		306.887			00:00:30:149		1.32023e+07		-2.9368		6.26688		537.506		6.94359e+06		536.177		
00:00:30:050		6.80613e+06		109.593		58.2546		322703		0.396402		306.903			00:00:30:050		1.32095e+07		-2.92621		6.26273		537.352		6.94381e+06		534.268		
00:00:29:949		6.8117e+06		109.475		58.0761		315652		0.393112		306.927			00:00:29:949		1.32204e+07		-2.91029		6.25653		537.13		6.9438e+06		519.284		
00:00:29:800		6.81707e+06		109.475		58.0761		315652		0.393112		306.943			00:00:29:800		1.32276e+07		-2.89966		6.25237		536.994		6.94367e+06		509.517		
00:00:29:699		6.81757e+06		109.357		57.8982		308761		0.389821		306.958			00:00:29:699		1.32349e+07		-2.88902		6.24821		536.876		6.94359e+06		512.529		
00:00:29:600		6.81613e+06		109.357		57.8982		308761		0.389821		306.974			00:00:29:600		1.32422e+07		-2.87837		6.24398		536.776		6.94359e+06		515.409		
00:00:29:600		6.81613e+06		109.357		57.8982		308761		0.389821		306.974			00:00:29:600		1.32422e+07		-2.87837		6.24398		536.776		6.94359e+06		515.409		
00:00:29:500		6.81478e+06		109.236		57.8982		308761		0.389821		306.99			00:00:29:500		1.32494e+07		-2.8677		6.23974		536.698		6.94365e+06		518.226		
00:00:29:399		6.81353e+06		109.236		57.7205		303160		0.386528		307.005			00:00:29:399		1.32567e+07		-2.85703		6.23556		536.647		6.94378e+06		520.987		
00:00:29:300		6.81236e+06		109.236		57.7205		303160		0.386528		307.021			00:00:29:300		1.3264e+07		-2.84634		6.23132		536.614		6.94397e+06		523.711		
00:00:29:199		6.81126e+06		109.111		57.5426		298605		0.383234		307.036			00:00:29:199		1.32713e+07		-2.83563		6.22713		536.591		6.94422e+06		526.395		
00:00:29:100		6.81024e+06		109.111		57.5426		298605		0.383234		307.051			00:00:29:100		1.32786e+07		-2.82492		6.22283		536.567		6.94452e+06		529.011		
00:00:28:899		6.80883e+06		108.967		57.3628		293953		0.379939		307.082			00:00:28:899		1.32933e+07		-2.80345		6.21419		536.518		6.9452e+06		532.75		
00:00:28:800		6.80898e+06		108.967		57.3628		293953		0.379939		307.097			00:00:28:800		1.33007e+07		-2.7927		6.20991		536.491		6.94555e+06		532.821		
00:00:28:800		6.80898e+06		108.967		57.3628		293953		0.379939		307.097			00:00:28:800		1.33007e+07		-2.7927		6.20991		536.491		6.94555e+06		532.821		
00:00:28:699		6.80929e+06		108.917		57.1807		289325		0.376642		307.112			00:00:28:699		1.3308e+07		-2.78192		6.20564		536.462		6.94589e+06		532.892		
00:00:28:600		6.8096e+06		108.917		57.1807		289325		0.376642		307.127			00:00:28:600		1.33154e+07		-2.77113		6.20128		536.436		6.94623e+06		532.964		
00:00:28:500		6.80991e+06		108.866		57.1807		289325		0.376642		307.142			00:00:28:500		1.33228e+07		-2.76033		6.19701		536.407		6.94657e+06		533.036		
00:00:28:399		6.81021e+06		108.866		56.9964		284700		0.373344		307.157			00:00:28:399		1.33302e+07		-2.74951		6.1926		536.378		6.94691e+06		533.115		
00:00:28:300		6.81052e+06		108.866		56.9964		284700		0.373344		307.172			00:00:28:300		1.33375e+07		-2.73867		6.18819		536.349		6.94724e+06		533.186		
00:00:28:199		6.81082e+06		108.815		56.8098		280082		0.370044		307.187			00:00:28:199		1.33449e+07		-2.72781		6.18373		536.318		6.94758e+06		533.267		
00:00:28:100		6.81112e+06		108.815		56.8098		280082		0.370044		307.202			00:00:28:100		1.33523e+07		-2.71694		6.17935		536.287		6.94791e+06		533.34		
00:00:27:899		6.8117e+06		108.764		56.6211		275508		0.366743		307.232			00:00:27:899		1.33672e+07		-2.69514		6.17057		536.225		6.94856e+06		533.488		
00:00:27:899		6.8117e+06		108.764		56.6211		275508		0.366743		307.232			00:00:27:899		1.33672e+07		-2.69514		6.17057		536.225		6.94856e+06		533.488		
00:00:27:800		6.81199e+06		108.764		56.6211		275508		0.366743		307.247			00:00:27:800		1.33746e+07		-2.68421		6.16606		536.191		6.94888e+06		533.567		
00:00:27:699		6.81242e+06		108.712		56.4306		270938		0.363441		307.269			00:00:27:699		1.33857e+07		-2.66779		6.15941		536.145		6.94936e+06		533.665		
00:00:27:550		6.8127e+06		108.712		56.4306		270938		0.363441		307.283			00:00:27:550		1.33932e+07		-2.65681		6.15492		536.112		6.94967e+06		533.749		
00:00:27:449		6.81298e+06		108.659		56.238		266376		0.360137		307.298			00:00:27:449		1.34006e+07		-2.64582		6.15045		536.081		6.94998e+06		533.813		
00:00:27:399		6.81312e+06		108.659		56.238		266376		0.360137		307.305			00:00:27:399		1.34043e+07		-2.64032		6.14824		536.067		6.95013e+06		533.839		
00:00:27:300		6.81339e+06		108.659		56.238		266376		0.360137		307.32			00:00:27:300		1.34118e+07		-2.62931		6.14367		536.04		6.95043e+06		533.908		
00:00:27:149		6.8138e+06		108.606		56.0435		261820		0.356832		307.342			00:00:27:149		1.3423e+07		-2.61276		6.13686		536		6.95087e+06		533.989		
00:00:27:100		6.81393e+06		108.606		56.0435		261820		0.356832		307.349			00:00:27:100		1.34267e+07		-2.60724		6.1346		535.987		6.95102e+06		534.008		
00:00:26:899		6.81445e+06		108.553		55.8467		257273		0.353525		307.378			00:00:26:899		1.34416e+07		-2.58511		6.1255		535.936		6.95156e+06		534.061		
00:00:26:899		6.81445e+06		108.553		55.8467		257273		0.353525		307.378			00:00:26:899		1.34416e+07		-2.58511		6.1255		535.936		6.95156e+06		534.061		
00:00:26:800		6.8147e+06		108.553		55.8467		257273		0.353525		307.392			00:00:26:800		1.3449e+07		-2.57403		6.12086		535.914		6.95182e+06		534.069		
00:00:26:649		6.81507e+06		108.499		55.6477		252751		0.350217		307.414			00:00:26:649		1.34601e+07		-2.55737		6.11393		535.879		6.95217e+06		534.035		
00:00:26:550		6.81531e+06		108.499		55.6477		252751		0.350217		307.428			00:00:26:550		1.34675e+07		-2.54625		6.10938		535.854		6.95239e+06		533.987		
00:00:26:449		6.81556e+06		108.444		55.4463		248238		0.346908		307.443			00:00:26:449		1.34749e+07		-2.53511		6.10471		535.825		6.9526e+06		533.913		
00:00:26:350		6.81581e+06		108.444		55.4463		248238		0.346908		307.457			00:00:26:350		1.34823e+07		-2.52396		6.09998		535.796		6.95282e+06		533.912		
00:00:26:250		6.81606e+06		108.389		55.4463		248238		0.346908		307.471			00:00:26:250		1.34898e+07		-2.51279		6.09526		535.765		6.95308e+06		533.951		
00:00:26:149		6.81631e+06		108.389		55.2424		243753		0.343598		307.486			00:00:26:149		1.34972e+07		-2.50161		6.09059		535.732		6.95335e+06		533.991		
00:00:26:050		6.81655e+06		108.389		55.2424		243753		0.343598		307.5			00:00:26:050		1.35046e+07		-2.49041		6.08585		535.697		6.95361e+06		534.03		
00:00:25:949		6.81679e+06		108.334		55.036		239296		0.340286		307.514			00:00:25:949		1.35121e+07		-2.4792		6.08112		535.665		6.95387e+06		534.088		
00:00:25:850		6.81703e+06		108.334		55.036		239296		0.340286		307.528			00:00:25:850		1.35195e+07		-2.46797		6.0763		535.63		6.95413e+06		534.132		
00:00:25:750		6.81726e+06		108.277		55.036		239296		0.340286		307.542			00:00:25:750		1.3527e+07		-2.45673		6.07154		535.594		6.95439e+06		534.18		
00:00:25:649		6.8175e+06		108.277		54.827		234830		0.336972		307.556			00:00:25:649		1.35345e+07		-2.44548		6.06682		535.559		6.95464e+06		534.237		
00:00:25:550		6.81772e+06		108.277		54.827		234830		0.336972		307.571			00:00:25:550		1.3542e+07		-2.43421		6.06201		535.524		6.95489e+06		534.294		
00:00:25:449		6.81795e+06		108.221		54.6154		230375		0.333658		307.585			00:00:25:449		1.35495e+07		-2.42293		6.05726		535.49		6.95514e+06		534.351		
00:00:25:350		6.81816e+06		108.221		54.6154		230375		0.333658		307.598			00:00:25:350		1.3557e+07		-2.41163		6.05239		535.455		6.95539e+06		534.427		
00:00:25:250		6.81837e+06		108.163		54.6154		230375		0.333658		307.612			00:00:25:250		1.35645e+07		-2.40033		6.04747		535.421		6.95564e+06		534.503		
00:00:25:149		6.81858e+06		108.163		54.4015		225949		0.330342		307.626			00:00:25:149		1.3572e+07		-2.38903		6.04253		535.386		6.95588e+06		534.581		
00:00:25:050		6.81879e+06		108.163		54.4015		225949		0.330342		307.64			00:00:25:050		1.35796e+07		-2.37773		6.03762		535.351		6.95613e+06		534.67		
00:00:24:949		6.81899e+06		108.105		54.185		221573		0.327024		307.654			00:00:24:949		1.35871e+07		-2.36644		6.03276		535.313		6.95637e+06		534.766		
00:00:24:800		6.81929e+06		108.105		54.185		221573		0.327024		307.676			00:00:24:800		1.35985e+07		-2.34954		6.02539		535.262		6.95673e+06		534.903		
00:00:24:750		6.81939e+06		108.047		54.185		221573		0.327024		307.683			00:00:24:750		1.36022e+07		-2.34392		6.0229		535.244		6.95685e+06		534.937		
00:00:24:600		6.81971e+06		108.047		53.966		217227		0.323706		307.703			00:00:24:600		1.36136e+07		-2.32708		6.01533		535.191		6.95721e+06		535.01		
00:00:24:550		6.81982e+06		108.047		53.966		217227		0.323706		307.71			00:00:24:550		1.36174e+07		-2.32148		6.0128		535.174		6.95733e+06		535.023		
00:00:24:399		6.82014e+06		107.988		53.7445		212894		0.320386		307.731			00:00:24:399		1.36287e+07		-2.30471		6.00533		535.118		6.95768e+06		535.1		
00:00:24:399		6.82014e+06		107.988		53.7445		212894		0.320386		307.731			00:00:24:399		1.36287e+07		-2.30471		6.00533		535.118		6.95768e+06		535.1		
00:00:24:300		6.82034e+06		107.988		53.7445		212894		0.320386		307.745			00:00:24:300		1.36362e+07		-2.29355		6.00025		535.082		6.95791e+06		535.161		
00:00:24:100		6.82075e+06		107.928		53.5206		208612		0.317064		307.772			00:00:24:100		1.36513e+07		-2.27129		5.99016		535.007		6.95836e+06		535.258		
00:00:24:100		6.82075e+06		107.928		53.5206		208612		0.317064		307.772			00:00:24:100		1.36513e+07		-2.27129		5.99016		535.007		6.95836e+06		535.258		
00:00:24:000		6.82095e+06		107.867		53.5206		208612		0.317064		307.785			00:00:24:000		1.36588e+07		-2.26019		5.9851		534.969		6.95859e+06		535.303		
00:00:23:800		6.82135e+06		107.867		53.2943		204361		0.313742		307.812			00:00:23:800		1.36739e+07		-2.23805		5.97485		534.896		6.95903e+06		535.4		
00:00:23:800		6.82135e+06		107.867		53.2943		204361		0.313742		307.812			00:00:23:800		1.36739e+07		-2.23805		5.97485		534.896		6.95903e+06		535.4		
00:00:23:600		6.82175e+06		107.806		53.0654		200126		0.310418		307.838			00:00:23:600		1.36891e+07		-2.21597		5.9645		534.819		6.95947e+06		535.491		
00:00:23:600		6.82175e+06		107.806		53.0654		200126		0.310418		307.838			00:00:23:600		1.36891e+07		-2.21597		5.9645		534.819		6.95947e+06		535.491		
00:00:23:399		6.82213e+06		107.744		52.8338		195887		0.307092		307.865			00:00:23:399		1.37044e+07		-2.19399		5.95418		534.74		6.95989e+06		535.585		
00:00:23:399		6.82213e+06		107.744		52.8338		195887		0.307092		307.865			00:00:23:399		1.37044e+07		-2.19399		5.95418		534.74		6.95989e+06		535.585		
00:00:23:300		6.82232e+06		107.744		52.8338		195887		0.307092		307.878			00:00:23:300		1.3712e+07		-2.18304		5.94887		534.702		6.9601e+06		535.636		
00:00:23:199		6.82251e+06		107.682		52.5994		191683		0.303766		307.891			00:00:23:199		1.37197e+07		-2.17212		5.94366		534.664		6.96031e+06		535.679		
00:00:23:100		6.8227e+06		107.682		52.5994		191683		0.303766		307.904			00:00:23:100		1.37273e+07		-2.16123		5.93828		534.626		6.96052e+06		535.724		
00:00:23:000		6.82288e+06		107.619		52.5994		191683		0.303766		307.918			00:00:23:000		1.3735e+07		-2.15037		5.9331		534.585		6.96072e+06		535.761		
00:00:22:800		6.82324e+06		107.619		52.3624		187495		0.300437		307.944			00:00:22:800		1.37504e+07		-2.12877		5.92242		534.505		6.96113e+06		535.862		
00:00:22:699		6.82342e+06		107.555		52.1228		183288		0.297108		307.957			00:00:22:699		1.37581e+07		-2.11803		5.91697		534.461		6.96132e+06		535.908		
00:00:22:699		6.82342e+06		107.555		52.1228		183288		0.297108		307.957			00:00:22:699		1.37581e+07		-2.11803		5.91697		534.461		6.96132e+06		535.908		
00:00:22:600		6.82359e+06		107.555		52.1228		183288		0.297108		307.969			00:00:22:600		1.37658e+07		-2.10733		5.91157		534.423		6.96152e+06		535.949		
00:00:22:500		6.82376e+06		107.49		52.1228		183288		0.297108		307.982			00:00:22:500		1.37735e+07		-2.09668		5.90632		534.385		6.96171e+06		535.999		
00:00:22:399		6.82393e+06		107.49		51.8808		179119		0.293777		307.995			00:00:22:399		1.37812e+07		-2.08606		5.90084		534.344		6.96191e+06		536.046		
00:00:22:300		6.8241e+06		107.49		51.8808		179119		0.293777		308.008			00:00:22:300		1.3789e+07		-2.07548		5.89549		534.304		6.9621e+06		536.088		
00:00:22:199		6.82427e+06		107.425		51.6365		174968		0.290445		308.02			00:00:22:199		1.37968e+07		-2.06495		5.89		534.26		6.96229e+06		536.135		
00:00:22:100		6.82444e+06		107.425		51.6365		174968		0.290445		308.033			00:00:22:100		1.38046e+07		-2.05445		5.88445		534.219		6.96247e+06		536.175		
00:00:22:000		6.8246e+06		107.359		51.6365		174968		0.290445		308.045			00:00:22:000		1.38124e+07		-2.044		5.87892		534.175		6.96266e+06		536.224		
00:00:21:800		6.82491e+06		107.359		51.3898		170819		0.287112		308.07			00:00:21:800		1.3828e+07		-2.02324		5.86795		534.094		6.96302e+06		536.323		
00:00:21:800		6.82491e+06		107.359		51.3898		170819		0.287112		308.07			00:00:21:800		1.3828e+07		-2.02324		5.86795		534.094		6.96302e+06		536.323		
00:00:21:600		6.82522e+06		107.292		51.1406		166692		0.283777		308.095			00:00:21:600		1.38437e+07		-2.00265		5.8569		534.008		6.96337e+06		536.416		
00:00:21:600		6.82522e+06		107.292		51.1406		166692		0.283777		308.095			00:00:21:600		1.38437e+07		-2.00265		5.8569		534.008		6.96337e+06		536.416		
00:00:21:500		6.82538e+06		107.224		51.1406		166692		0.283777		308.108			00:00:21:500		1.38515e+07		-1.99241		5.85127		533.965		6.96355e+06		536.454		
00:00:21:399		6.82553e+06		107.224		50.8889		162586		0.280441		308.12			00:00:21:399		1.38593e+07		-1.98219		5.84566		533.923		6.96372e+06		536.496		
00:00:21:300		6.82568e+06		107.224		50.8889		162586		0.280441		308.133			00:00:21:300		1.38671e+07		-1.97201		5.84006		533.879		6.96389e+06		536.549		
00:00:21:199		6.82583e+06		107.156		50.6349		158485		0.277104		308.145			00:00:21:199		1.3875e+07		-1.96184		5.83445		533.837		6.96406e+06		536.592		
00:00:21:100		6.82597e+06		107.156		50.6349		158485		0.277104		308.157			00:00:21:100		1.38829e+07		-1.95168		5.82875		533.795		6.96423e+06		536.634		
00:00:20:899		6.82626e+06		107.087		50.3785		154409		0.273765		308.182			00:00:20:899		1.38989e+07		-1.93141		5.81733		533.707		6.96456e+06		536.721		
00:00:20:899		6.82626e+06		107.087		50.3785		154409		0.273765		308.182			00:00:20:899		1.38989e+07		-1.93141		5.81733		533.707		6.96456e+06		536.721		
00:00:20:800		6.82639e+06		107.087		50.3785		154409		0.273765		308.194			00:00:20:800		1.39069e+07		-1.92126		5.81167		533.661		6.96472e+06		536.769		
00:00:20:699		6.82653e+06		107.017		50.1197		150373		0.270425		308.206			00:00:20:699		1.3915e+07		-1.9111		5.80591		533.617		6.96488e+06		536.815		
00:00:20:550		6.82674e+06		107.017		50.1197		150373		0.270425		308.224			00:00:20:550		1.39271e+07		-1.89581		5.79725		533.552		6.96511e+06		536.88		
00:00:20:449		6.82687e+06		106.947		49.8582		146381		0.267083		308.236			00:00:20:449		1.39353e+07		-1.88557		5.79142		533.51		6.96527e+06		536.932		
00:00:20:350		6.827e+06		106.947		49.8582		146381		0.267083		308.247			00:00:20:350		1.39435e+07		-1.8753		5.78558		533.462		6.96542e+06		536.966		
00:00:20:250		6.82713e+06		106.875		49.8582		146381		0.267083		308.259			00:00:20:250		1.39519e+07		-1.86498		5.77978		533.416		6.96558e+06		537.02		
00:00:20:149		6.82726e+06		106.875		49.594		142415		0.26374		308.271			00:00:20:149		1.39603e+07		-1.85462		5.77387		533.372		6.96573e+06		537.058		
00:00:20:050		6.82739e+06		106.875		49.594		142415		0.26374		308.282			00:00:20:050		1.39688e+07		-1.84422		5.76801		533.328		6.96588e+06		537.098		
00:00:19:949		6.82751e+06		106.803		49.3271		138459		0.260396		308.294			00:00:19:949		1.39775e+07		-1.83382		5.76216		533.285		6.96602e+06		537.14		
00:00:19:850		6.82764e+06		106.803		49.3271		138459		0.260396		308.305			00:00:19:850		1.39862e+07		-1.82341		5.75622		533.237		6.96617e+06		537.183		
00:00:19:750		6.82776e+06		106.73		49.3271		138459		0.260396		308.316			00:00:19:750		1.39949e+07		-1.81301		5.75027		533.193		6.96631e+06		537.227		
00:00:19:649		6.82788e+06		106.73		49.0577		134514		0.257051		308.327			00:00:19:649		1.40037e+07		-1.8026		5.74431		533.146		6.96645e+06		537.263		
00:00:19:550		6.828e+06		106.73		49.0577		134514		0.257051		308.338			00:00:19:550		1.40126e+07		-1.79219		5.73836		533.1		6.96659e+06		537.307		
00:00:19:449		6.82812e+06		106.656		48.7858		130566		0.253704		308.349			00:00:19:449		1.40216e+07		-1.78179		5.7324		533.056		6.96673e+06		537.354		
00:00:19:350		6.82824e+06		106.656		48.7858		130566		0.253704		308.36			00:00:19:350		1.40308e+07		-1.77138		5.72634		533.008		6.96687e+06		537.386		
00:00:19:250		6.82835e+06		106.581		48.7858		130566		0.253704		308.371			00:00:19:250		1.404e+07		-1.76097		5.72029		532.963		6.967e+06		537.436		
00:00:19:149		6.82846e+06		106.581		48.5112		126632		0.250355		308.381			00:00:19:149		1.40494e+07		-1.75052		5.71424		532.917		6.96713e+06		537.464		
00:00:19:050		6.82857e+06		106.581		48.5112		126632		0.250355		308.391			00:00:19:050		1.40588e+07		-1.74004		5.70821		532.873		6.96727e+06		537.504		
00:00:18:899		6.82874e+06		106.506		48.234		122730		0.247005		308.407			00:00:18:899		1.40727e+07		-1.72423		5.69902		532.803		6.96746e+06		537.561		
00:00:18:800		6.82884e+06		106.506		48.234		122730		0.247005		308.417			00:00:18:800		1.4082e+07		-1.71361		5.69291		532.756		6.96759e+06		537.603		
00:00:18:800		6.82884e+06		106.506		48.234		122730		0.247005		308.417			00:00:18:800		1.4082e+07		-1.71361		5.69291		532.756		6.96759e+06		537.603		
00:00:18:649		6.829e+06		106.429		47.9541		118861		0.243654		308.432			00:00:18:649		1.40958e+07		-1.69757		5.6837		532.686		6.96777e+06		537.664		
00:00:18:550		6.8291e+06		106.429		47.9541		118861		0.243654		308.442			00:00:18:550		1.4105e+07		-1.6868		5.67753		532.64		6.96789e+06		537.698		
00:00:18:449		6.8292e+06		106.352		47.6718		115026		0.240302		308.451			00:00:18:449		1.4114e+07		-1.67594		5.67136		532.593		6.96802e+06		537.746		
00:00:18:300		6.82935e+06		106.352		47.6718		115026		0.240302		308.466			00:00:18:300		1.4127e+07		-1.65947		5.66205		532.525		6.96819e+06		537.773		
00:00:18:199		6.82945e+06		106.274		47.3874		111242		0.236948		308.475			00:00:18:199		1.41353e+07		-1.64839		5.65585		532.475		6.96831e+06		537.82		
00:00:18:199		6.82945e+06		106.274		47.3874		111242		0.236948		308.475			00:00:18:199		1.41353e+07		-1.64839		5.65585		532.475		6.96831e+06		537.82		
00:00:18:100		6.82954e+06		106.274		47.3874		111242		0.236948		308.484			00:00:18:100		1.41434e+07		-1.63727		5.64961		532.43		6.96842e+06		537.851		
00:00:18:000		6.82964e+06		106.195		47.3874		111242		0.236948		308.494			00:00:18:000		1.41514e+07		-1.62613		5.64332		532.384		6.96853e+06		537.891		
00:00:17:800		6.82982e+06		106.195		47.101		107511		0.233593		308.512			00:00:17:800		1.41675e+07		-1.6038		5.63054		532.292		6.96875e+06		537.957		
00:00:17:800		6.82982e+06		106.195		47.101		107511		0.233593		308.512			00:00:17:800		1.41675e+07		-1.6038		5.63054		532.292		6.96875e+06		537.957		
00:00:17:699		6.82991e+06		106.115		46.8132		103802		0.230236		308.521			00:00:17:699		1.41755e+07		-1.59262		5.6244		532.245		6.96886e+06		537.998		
00:00:17:600		6.83e+06		106.115		46.8132		103802		0.230236		308.53			00:00:17:600		1.41836e+07		-1.58141		5.61813		532.197		6.96896e+06		538.025		
00:00:17:500		6.83008e+06		106.034		46.8132		103802		0.230236		308.539			00:00:17:500		1.41916e+07		-1.57018		5.61175		532.149		6.96907e+06		538.053		
00:00:17:399		6.83017e+06		106.034		46.5246		100132		0.226878		308.548			00:00:17:399		1.41996e+07		-1.55893		5.60518		532.105		6.96917e+06		538.093		
00:00:17:300		6.83025e+06		106.034		46.5246		100132		0.226878		308.557			00:00:17:300		1.42076e+07		-1.54765		5.59871		532.058		6.96927e+06		538.128		
00:00:17:199		6.83033e+06		105.952		46.2372		96501.8		0.223518		308.566			00:00:17:199		1.42156e+07		-1.53635		5.5923		532.01		6.96936e+06		538.151		
00:00:17:100		6.83041e+06		105.952		46.2372		96501.8		0.223518		308.575			00:00:17:100		1.42236e+07		-1.52502		5.58586		531.962		6.96946e+06		538.183		
00:00:17:000		6.83048e+06		105.87		46.2372		96501.8		0.223518		308.584			00:00:17:000		1.42316e+07		-1.51367		5.57931		531.916		6.96955e+06		538.212		
00:00:16:800		6.83063e+06		105.87		45.9522		92913.7		0.220156		308.601			00:00:16:800		1.42476e+07		-1.49091		5.56596		531.825		6.96973e+06		538.278		
00:00:16:800		6.83063e+06		105.87		45.9522		92913.7		0.220156		308.601			00:00:16:800		1.42476e+07		-1.49091		5.56596		531.825		6.96973e+06		538.278		
00:00:16:600		6.83077e+06		105.786		45.6696		89383.4		0.216793		308.618			00:00:16:600		1.42635e+07		-1.46808		5.55282		531.733		6.9699e+06		538.326		
00:00:16:500		6.83084e+06		105.702		45.6696		89383.4		0.216793		308.627			00:00:16:500		1.42715e+07		-1.45663		5.54633		531.687		6.96998e+06		538.358		
00:00:16:500		6.83084e+06		105.702		45.6696		89383.4		0.216793		308.627			00:00:16:500		1.42715e+07		-1.45663		5.54633		531.687		6.96998e+06		538.358		
00:00:16:399		6.8309e+06		105.702		45.3898		85897.3		0.213429		308.636			00:00:16:399		1.42795e+07		-1.44516		5.53953		531.641		6.97006e+06		538.373		
00:00:16:300		6.83097e+06		105.702		45.3898		85897.3		0.213429		308.644			00:00:16:300		1.42875e+07		-1.43367		5.53253		531.595		6.97014e+06		538.4		
00:00:16:199		6.83103e+06		105.616		45.1129		82471.4		0.210062		308.653			00:00:16:199		1.42954e+07		-1.42216		5.52562		531.549		6.97022e+06		538.417		
00:00:16:000		6.83109e+06		105.616		45.1129		82471.4		0.210062		308.661			00:00:16:000		1.43034e+07		-1.41064		5.51919		531.505		6.97029e+06		538.445		
00:00:16:000		6.83115e+06		105.53		45.1129		82471.4		0.210062		308.67			00:00:16:000		1.43113e+07		-1.3991		5.51283		531.458		6.97036e+06		538.467		
00:00:15:750		6.83129e+06		105.442		44.8398		79106.6		0.206694		308.69			00:00:15:750		1.43312e+07		-1.37014		5.49466		531.346		6.97053e+06		538.524		
00:00:15:750		6.83129e+06		105.442		44.8398		79106.6		0.206694		308.69			00:00:15:750		1.43312e+07		-1.37014		5.49466		531.346		6.97053e+06		538.524		
00:00:15:650		6.83134e+06		105.442		44.5712		75775.5		0.203325		308.699			00:00:15:650		1.43391e+07		-1.3585		5.48781		531.3		6.9706e+06		538.539		
00:00:15:599		6.83137e+06		105.442		44.5712		75775.5		0.203325		308.703			00:00:15:599		1.4343e+07		-1.35267		5.48477		531.278		6.97063e+06		538.562		
00:00:15:500		6.83142e+06		105.354		44.5712		75775.5		0.203325		308.711			00:00:15:500		1.43509e+07		-1.34099		5.47899		531.23		6.97069e+06		538.568		
00:00:15:349		6.83149e+06		105.354		44.3073		72480.1		0.199954		308.723			00:00:15:349		1.43626e+07		-1.32341		5.4682		531.164		6.97078e+06		538.591		
00:00:15:250		6.83154e+06		105.265		44.3073		72480.1		0.199954		308.732			00:00:15:250		1.43704e+07		-1.31166		5.45957		531.122		6.97084e+06		538.609		
00:00:15:150		6.83158e+06		105.265		44.0487		69249.5		0.19658		308.74			00:00:15:150		1.43783e+07		-1.29988		5.45203		531.078		6.9709e+06		538.623		
00:00:15:050		6.83163e+06		105.265		44.0487		69249.5		0.19658		308.748			00:00:15:050		1.43861e+07		-1.28806		5.44678		531.034		6.97095e+06		538.638		
00:00:14:900		6.83169e+06		105.175		43.7958		66071		0.193206		308.76			00:00:14:900		1.43977e+07		-1.27028		5.43881		530.966		6.97103e+06		538.659		
00:00:14:750		6.83175e+06		105.084		43.7958		66071		0.193206		308.771			00:00:14:750		1.44093e+07		-1.25243		5.42394		530.898		6.9711e+06		538.681		
00:00:14:750		6.83175e+06		105.084		43.7958		66071		0.193206		308.771			00:00:14:750		1.44093e+07		-1.25243		5.42394		530.898		6.9711e+06		538.681		
00:00:14:699		6.83177e+06		105.084		43.5491		62959.4		0.189829		308.775			00:00:14:699		1.44131e+07		-1.24647		5.41878		530.876		6.97113e+06		538.689		
00:00:14:599		6.83181e+06		105.084		43.5491		62959.4		0.189829		308.783			00:00:14:599		1.44207e+07		-1.23452		5.41154		530.831		6.97117e+06		538.708		
00:00:14:500		6.83185e+06		104.992		43.5491		62959.4		0.189829		308.791			00:00:14:500		1.44283e+07		-1.22252		5.4096		530.791		6.97122e+06		538.717		
00:00:14:300		6.83192e+06		104.992		43.3091		59928.3		0.18645		308.805			00:00:14:300		1.44431e+07		-1.19839		5.39645		530.708		6.9713e+06		538.743		
00:00:14:300		6.83192e+06		104.992		43.3091		59928.3		0.18645		308.805			00:00:14:300		1.44431e+07		-1.19839		5.39645		530.708		6.9713e+06		538.743		
00:00:14:150		6.83196e+06		104.899		43.0765		56965		0.18307		308.816			00:00:14:150		1.44541e+07		-1.18017		5.37403		530.648		6.97136e+06		538.745		
00:00:14:050		6.83199e+06		104.899		43.0765		56965		0.18307		308.823			00:00:14:050		1.44612e+07		-1.16796		5.3698		530.605		6.9714e+06		538.755		
00:00:13:949		6.83202e+06		104.806		42.8521		54095.2		0.179688		308.83			00:00:13:949		1.44682e+07		-1.15569		5.37551		530.561		6.97144e+06		538.764		
00:00:13:849		6.83205e+06		104.806		42.8521		54095.2		0.179688		308.837			00:00:13:849		1.4475e+07		-1.14337		5.37568		530.519		6.97148e+06		538.777		
00:00:13:750		6.83208e+06		104.712		42.8521		54095.2		0.179688		308.844			00:00:13:750		1.44815e+07		-1.131		5.35549		530.471		6.97151e+06		538.772		
00:00:13:650		6.83211e+06		104.712		42.6368		51367.4		0.176304		308.85			00:00:13:650		1.44877e+07		-1.11861		5.33003		530.429		6.97154e+06		538.785		
00:00:13:550		6.83213e+06		104.712		42.6368		51367.4		0.176304		308.857			00:00:13:550		1.44939e+07		-1.10623		5.32055		530.39		6.97157e+06		538.792		
00:00:13:449		6.83216e+06		104.618		42.4312		48863.8		0.172918		308.863			00:00:13:449		1.45001e+07		-1.09387		5.34117		530.352		6.97161e+06		538.799		
00:00:13:349		6.83218e+06		104.618		42.4312		48863.8		0.172918		308.869			00:00:13:349		1.45064e+07		-1.08153		5.35734		530.313		6.97163e+06		538.794		
00:00:13:250		6.8322e+06		104.524		42.4312		48863.8		0.172918		308.875			00:00:13:250		1.45126e+07		-1.06922		5.33098		530.276		6.97166e+06		538.803		
00:00:13:150		6.83223e+06		104.524		42.2356		46532.2		0.16953		308.881			00:00:13:150		1.45189e+07		-1.05695		5.28046		530.239		6.97169e+06		538.808		
00:00:13:050		6.83225e+06		104.524		42.2356		46532.2		0.16953		308.886			00:00:13:050		1.45253e+07		-1.04472		5.22862		530.201		6.97172e+06		538.812		
00:00:12:949		6.83227e+06		104.43		42.0498		44262.5		0.16614		308.892			00:00:12:949		1.45318e+07		-1.03253		5.1731		530.162		6.97174e+06		538.811		
00:00:12:849		6.83229e+06		104.43		42.0498		44262.5		0.16614		308.897			00:00:12:849		1.45384e+07		-1.02039		5.11125		530.124		6.97176e+06		538.797		
00:00:12:699		6.83232e+06		104.351		41.871		42046.7		0.162748		308.905			00:00:12:699		1.45485e+07		-1.00227		5.02173		530.066		6.97179e+06		538.806		
00:00:12:599		6.83234e+06		104.351		41.871		42046.7		0.162748		308.91			00:00:12:599		1.45554e+07		-0.990247		4.97566		530.031		6.97181e+06		538.796		
00:00:12:599		6.83234e+06		104.351		41.871		42046.7		0.162748		308.91			00:00:12:599		1.45554e+07		-0.990247		4.97566		530.031		6.97181e+06		538.796		
00:00:12:500		6.83236e+06		104.271		41.871		42046.7		0.162748		308.915			00:00:12:500		1.45626e+07		-0.978285		4.92959		529.995		6.97183e+06		538.797		
00:00:12:400		6.83238e+06		104.271		41.6974		39875.1		0.159354		308.92			00:00:12:400		1.45702e+07		-0.966368		4.86137		529.96		6.97185e+06		538.787		
00:00:12:300		6.83239e+06		104.271		41.6974		39875.1		0.159354		308.925			00:00:12:300		1.4578e+07		-0.95442		4.79942		529.925		6.97187e+06		538.789		
00:00:12:199		6.83241e+06		104.19		41.5282		37749.2		0.155957		308.929			00:00:12:199		1.45853e+07		-0.942398		4.7209		529.89		6.97189e+06		538.782		
00:00:12:099		6.83243e+06		104.19		41.5282		37749.2		0.155957		308.934			00:00:12:099		1.45922e+07		-0.93039		4.69133		529.855		6.9719e+06		538.781		
00:00:11:949		6.83245e+06		104.108		41.3635		35691.4		0.152559		308.94			00:00:11:949		1.4603e+07		-0.912552		4.60921		529.803		6.97192e+06		538.75		
00:00:11:849		6.83247e+06		104.108		41.3635		35691.4		0.152559		308.944			00:00:11:849		1.46107e+07		-0.900718		4.55017		529.77		6.97193e+06		538.735		
00:00:11:699		6.83249e+06		104.025		41.2041		33692.5		0.149158		308.95			00:00:11:699		1.46222e+07		-0.882957		4.45968		529.72		6.97195e+06		538.741		
00:00:11:599		6.83251e+06		104.025		41.2041		33692.5		0.149158		308.954			00:00:11:599		1.46299e+07		-0.871108		4.40393		529.689		6.97196e+06		538.72		
00:00:11:599		6.83251e+06		104.025		41.2041		33692.5		0.149158		308.954			00:00:11:599		1.46299e+07		-0.871108		4.40393		529.689		6.97196e+06		538.72		
00:00:11:500		6.83253e+06		103.941		41.2041		33692.5		0.149158		308.958			00:00:11:500		1.46376e+07		-0.859253		4.35084		529.66		6.97197e+06		538.693		
00:00:11:400		6.83254e+06		103.941		41.0511		31723.9		0.145755		308.961			00:00:11:400		1.46453e+07		-0.84739		4.29376		529.63		6.97198e+06		538.661		
00:00:11:300		6.83256e+06		103.941		41.0511		31723.9		0.145755		308.964			00:00:11:300		1.46529e+07		-0.835525		4.22917		529.603		6.97199e+06		538.65		
00:00:11:199		6.83258e+06		103.856		40.905		29807		0.142349		308.967			00:00:11:199		1.46606e+07		-0.823659		4.16362		529.573		6.972e+06		538.626		
00:00:11:099		6.83259e+06		103.856		40.905		29807		0.142349		308.97			00:00:11:099		1.46683e+07		-0.811794		4.10639		529.547		6.97201e+06		538.599		
00:00:11:000		6.83261e+06		103.769		40.905		29807		0.142349		308.973			00:00:11:000		1.4676e+07		-0.799929		4.05922		529.52		6.97202e+06		538.582		
00:00:10:800		6.83265e+06		103.769		40.7664		27952.9		0.138941		308.979			00:00:10:800		1.46914e+07		-0.776183		3.94239		529.466		6.97203e+06		538.522		
00:00:10:800		6.83265e+06		103.769		40.7664		27952.9		0.138941		308.979			00:00:10:800		1.46914e+07		-0.776183		3.94239		529.466		6.97203e+06		538.522		
00:00:10:699		6.83266e+06		103.682		40.6356		26153.1		0.135531		308.981			00:00:10:699		1.4699e+07		-0.764305		3.8692		529.442		6.97204e+06		538.488		
00:00:10:599		6.83269e+06		103.682		40.6356		26153.1		0.135531		308.984			00:00:10:599		1.47067e+07		-0.752425		3.80608		529.418		6.97204e+06		538.454		
00:00:10:500		6.83271e+06		103.593		40.6356		26153.1		0.135531		308.986			00:00:10:500		1.47144e+07		-0.740545		3.76631		529.394		6.97205e+06		538.418		
00:00:10:400		6.83273e+06		103.593		40.5133		24417.4		0.132117		308.988			00:00:10:400		1.47221e+07		-0.728663		3.72616		529.372		6.97205e+06		538.372		
00:00:10:300		6.83275e+06		103.593		40.5133		24417.4		0.132117		308.99			00:00:10:300		1.47297e+07		-0.716783		3.65711		529.35		6.97206e+06		538.34		
00:00:10:150		6.83279e+06		103.503		40.3995		22746.1		0.128701		308.993			00:00:10:150		1.47412e+07		-0.698971		3.52226		529.321		6.97206e+06		538.292		
00:00:10:099		6.8328e+06		103.503		40.3995		22746.1		0.128701		308.993			00:00:10:099		1.47451e+07		-0.693038		3.48606		529.31		6.97207e+06		538.252		
00:00:09:900		6.83285e+06		103.412		40.2931		21147.1		0.125281		308.996			00:00:09:900		1.47605e+07		-0.669323		3.45538		529.269		6.97207e+06		538.15		
00:00:09:800		6.83287e+06		103.412		40.2931		21147.1		0.125281		308.997			00:00:09:800		1.47681e+07		-0.657481		3.44854		529.249		6.97208e+06		538.102		
00:00:09:800		6.83287e+06		103.412		40.2931		21147.1		0.125281		308.997			00:00:09:800		1.47681e+07		-0.657481		3.44854		529.249		6.97208e+06		538.102		
00:00:09:699		6.8329e+06		103.321		40.1934		19620		0.121856		308.999			00:00:09:699		1.47758e+07		-0.645653		3.44255		529.23		6.97208e+06		538.062		
00:00:09:599		6.83292e+06		103.321		40.1934		19620		0.121856		309.002			00:00:09:599		1.47835e+07		-0.633839		3.4326		529.214		6.97208e+06		538.011		
00:00:09:449		6.83296e+06		103.228		40.1023		18235.3		0.118428		309.006			00:00:09:449		1.47951e+07		-0.616148		3.41502		529.188		6.97208e+06		537.958		
00:00:09:349		6.83298e+06		103.228		40.1023		18235.3		0.118428		309.008			00:00:09:349		1.48028e+07		-0.604377		3.40502		529.169		6.97208e+06		537.9		
00:00:09:250		6.833e+06		103.135		40.1023		18235.3		0.118428		309.01			00:00:09:250		1.48106e+07		-0.592632		3.39838		529.157		6.97208e+06		537.851		
00:00:09:150		6.83303e+06		103.135		40.0209		16975.5		0.114994		309.012			00:00:09:150		1.48183e+07		-0.580916		3.39464		529.142		6.97207e+06		537.779		
00:00:09:050		6.83304e+06		103.135		40.0209		16975.5		0.114994		309.015			00:00:09:050		1.48261e+07		-0.569234		3.39203		529.127		6.97207e+06		537.713		
00:00:08:849		6.83307e+06		103.038		39.9488		15752.1		0.111554		309.026			00:00:08:849		1.48416e+07		-0.546001		3.3786		529.103		6.97205e+06		537.6		
00:00:08:750		6.83309e+06		102.957		39.9488		15752.1		0.111554		309.032			00:00:08:750		1.48493e+07		-0.534458		3.37178		529.094		6.97203e+06		537.544		
00:00:08:750		6.83309e+06		102.957		39.9488		15752.1		0.111554		309.032			00:00:08:750		1.48493e+07		-0.534458		3.37178		529.094		6.97203e+06		537.544		
00:00:08:650		6.8331e+06		102.957		39.8769		14567.7		0.108106		309.038			00:00:08:650		1.48571e+07		-0.522964		3.36514		529.083		6.97201e+06		537.479		
00:00:08:550		6.8331e+06		102.957		39.8769		14567.7		0.108106		309.045			00:00:08:550		1.48648e+07		-0.511517		3.35862		529.074		6.97199e+06		537.414		
00:00:08:449		6.83311e+06		102.874		39.8017		13428.8		0.104651		309.051			00:00:08:449		1.48725e+07		-0.500119		3.3522		529.064		6.97196e+06		537.346		
00:00:08:349		6.83311e+06		102.874		39.8017		13428.8		0.104651		309.058			00:00:08:349		1.48802e+07		-0.488772		3.34595		529.059		6.97193e+06		537.275		
00:00:08:250		6.83311e+06		102.789		39.8017		13428.8		0.104651		309.064			00:00:08:250		1.48879e+07		-0.477476		3.33988		529.053		6.97189e+06		537.202		
00:00:08:150		6.8331e+06		102.789		39.7236		12347.1		0.101188		309.071			00:00:08:150		1.48956e+07		-0.466235		3.33393		529.048		6.97186e+06		537.126		
00:00:08:050		6.83309e+06		102.789		39.7236		12347.1		0.101188		309.078			00:00:08:050		1.49033e+07		-0.455053		3.32823		529.046		6.97181e+06		537.049		
00:00:07:950		6.83308e+06		102.702		39.6426		11310.9		0.0977166		309.085			00:00:07:950		1.4911e+07		-0.443933		3.32236		529.042		6.97176e+06		536.967		
00:00:07:849		6.83307e+06		102.702		39.6426		11310.9		0.0977166		309.093			00:00:07:849		1.49187e+07		-0.432872		3.31685		529.042		6.97171e+06		536.884		
00:00:07:750		6.83305e+06		102.613		39.6426		11310.9		0.0977166		309.1			00:00:07:750		1.49264e+07		-0.421873		3.31149		529.042		6.97166e+06		536.798		
00:00:07:650		6.83303e+06		102.613		39.5592		10314.9		0.0942374		309.108			00:00:07:650		1.49341e+07		-0.410939		3.30626		529.044		6.97159e+06		536.707		
00:00:07:500		6.833e+06		102.524		39.5592		10314.9		0.0942374		309.119			00:00:07:500		1.49456e+07		-0.394657		3.29881		529.05		6.97149e+06		536.572		
00:00:07:400		6.83297e+06		102.524		39.4755		9364.13		0.0907497		309.128			00:00:07:400		1.49533e+07		-0.383881		3.29411		529.055		6.97142e+06		536.459		
00:00:07:400		6.83297e+06		102.524		39.4755		9364.13		0.0907497		309.128			00:00:07:400		1.49533e+07		-0.383881		3.29411		529.055		6.97142e+06		536.459		
00:00:07:299		6.83294e+06		102.524		39.4755		9364.13		0.0907497		309.136			00:00:07:299		1.4961e+07		-0.37317		3.28961		529.057		6.97135e+06		536.372		
00:00:07:099		6.83287e+06		102.434		39.3897		8453.38		0.0872532		309.153			00:00:07:099		1.49763e+07		-0.351952		3.28125		529.072		6.97118e+06		536.155		
00:00:07:099		6.83287e+06		102.434		39.3897		8453.38		0.0872532		309.153			00:00:07:099		1.49763e+07		-0.351952		3.28125		529.072		6.97118e+06		536.155		
00:00:07:000		6.83282e+06		102.341		39.3897		8453.38		0.0872532		309.162			00:00:07:000		1.4984e+07		-0.341461		3.27724		529.079		6.97108e+06		536.048		
00:00:06:799		6.83273e+06		102.341		39.2934		7585.58		0.0837477		309.18			00:00:06:799		1.49993e+07		-0.320692		3.26946		529.101		6.97089e+06		535.83		
00:00:06:700		6.83268e+06		102.246		39.1914		6757.8		0.0802328		309.189			00:00:06:700		1.50069e+07		-0.310408		3.26559		529.116		6.97078e+06		535.711		
00:00:06:700		6.83268e+06		102.246		39.1914		6757.8		0.0802328		309.189			00:00:06:700		1.50069e+07		-0.310408		3.26559		529.116		6.97078e+06		535.711		
00:00:06:599		6.83263e+06		102.246		39.1914		6757.8		0.0802328		309.199			00:00:06:599		1.50146e+07		-0.300182		3.26213		529.129		6.97067e+06		535.586		
00:00:06:500		6.83257e+06		102.149		39.1914		6757.8		0.0802328		309.209			00:00:06:500		1.50222e+07		-0.290014		3.25885		529.144		6.97055e+06		535.462		
00:00:06:400		6.83251e+06		102.149		39.0888		5957.8		0.0767085		309.219			00:00:06:400		1.50298e+07		-0.279906		3.25573		529.16		6.97043e+06		535.325		
00:00:06:299		6.83245e+06		102.149		39.0888		5957.8		0.0767085		309.23			00:00:06:299		1.50375e+07		-0.269874		3.2528		529.179		6.97031e+06		535.198		
00:00:06:200		6.83238e+06		102.049		38.9866		5234.3		0.0731742		309.24			00:00:06:200		1.50451e+07		-0.259909		3.24993		529.195		6.97018e+06		535.059		
00:00:06:099		6.83231e+06		102.049		38.9866		5234.3		0.0731742		309.251			00:00:06:099		1.50527e+07		-0.250028		3.24727		529.214		6.97004e+06		534.91		
00:00:06:000		6.83224e+06		101.947		38.9866		5234.3		0.0731742		309.263			00:00:06:000		1.50603e+07		-0.24023		3.24475		529.236		6.9699e+06		534.762		
00:00:05:799		6.83209e+06		101.947		38.8869		4578.71		0.0696299		309.286			00:00:05:799		1.50754e+07		-0.220802		3.2402		529.28		6.96961e+06		534.465		
00:00:05:799		6.83209e+06		101.947		38.8869		4578.71		0.0696299		309.286			00:00:05:799		1.50754e+07		-0.220802		3.2402		529.28		6.96961e+06		534.465		
00:00:05:700		6.83201e+06		101.836		38.7912		3937.4		0.0660753		309.298			00:00:05:700		1.50828e+07		-0.211151		3.23824		529.304		6.96946e+06		534.303		
00:00:05:599		6.83194e+06		101.836		38.7912		3937.4		0.0660753		309.31			00:00:05:599		1.50902e+07		-0.201547		3.23617		529.328		6.9693e+06		534.147		
00:00:05:500		6.83186e+06		101.744		38.7912		3937.4		0.0660753		309.323			00:00:05:500		1.50975e+07		-0.192001		3.23419		529.354		6.96914e+06		533.976		
00:00:05:400		6.83178e+06		101.744		38.6899		3318.2		0.0625099		309.336			00:00:05:400		1.51047e+07		-0.182507		3.23232		529.378		6.96898e+06		533.812		
00:00:05:299		6.83169e+06		101.744		38.6899		3318.2		0.0625099		309.349			00:00:05:299		1.51119e+07		-0.173066		3.23058		529.405		6.96881e+06		533.624		
00:00:05:200		6.83161e+06		101.647		38.5758		2724.28		0.0589336		309.362			00:00:05:200		1.5119e+07		-0.163688		3.22899		529.435		6.96864e+06		533.447		
00:00:05:099		6.83153e+06		101.647		38.5758		2724.28		0.0589336		309.376			00:00:05:099		1.5126e+07		-0.154378		3.22751		529.463		6.96847e+06		533.252		
00:00:04:900		6.83137e+06		101.547		38.4497		2169.11		0.0553461		309.404			00:00:04:900		1.514e+07		-0.135955		3.22454		529.525		6.96812e+06		532.864		
00:00:04:799		6.83128e+06		101.547		38.4497		2169.11		0.0553461		309.419			00:00:04:799		1.5147e+07		-0.126823		3.22318		529.555		6.96794e+06		532.672		
00:00:04:799		6.83128e+06		101.547		38.4497		2169.11		0.0553461		309.419			00:00:04:799		1.5147e+07		-0.126823		3.22318		529.555		6.96794e+06		532.672		
00:00:04:700		6.83121e+06		101.442		38.3144		1665.8		0.0517471		309.433			00:00:04:700		1.5154e+07		-0.117751		3.22178		529.586		6.96776e+06		532.456		
00:00:04:599		6.83113e+06		101.442		38.3144		1665.8		0.0517471		309.448			00:00:04:599		1.5161e+07		-0.108744		3.22036		529.617		6.96758e+06		532.257		
00:00:04:450		6.83102e+06		101.333		38.171		1219.77		0.0481363		309.471			00:00:04:450		1.51714e+07		-0.0953369		3.218		529.665		6.96732e+06		531.931		
00:00:04:349		6.83095e+06		101.333		38.171		1219.77		0.0481363		309.487			00:00:04:349		1.51783e+07		-0.0864658		3.21644		529.695		6.96714e+06		531.723		
00:00:04:250		6.83089e+06		101.22		38.171		1219.77		0.0481363		309.502			00:00:04:250		1.51853e+07		-0.0776486		3.21469		529.728		6.96697e+06		531.496		
00:00:04:150		6.83083e+06		101.22		38.0224		843.946		0.0445134		309.518			00:00:04:150		1.51922e+07		-0.0688848		3.21284		529.755		6.9668e+06		531.296		
00:00:04:049		6.83077e+06		101.22		38.0224		843.946		0.0445134		309.533			00:00:04:049		1.51991e+07		-0.0601749		3.21066		529.789		6.96664e+06		531.063		
00:00:03:950		6.83072e+06		101.103		37.8704		542.736		0.0408783		309.549			00:00:03:950		1.5206e+07		-0.0515223		3.20815		529.818		6.96648e+06		530.837		
00:00:03:799		6.83066e+06		101.103		37.8704		542.736		0.0408783		309.572			00:00:03:799		1.52164e+07		-0.03865		3.20396		529.858		6.96625e+06		530.512		
00:00:03:799		6.83066e+06		101.103		37.8704		542.736		0.0408783		309.572			00:00:03:799		1.52164e+07		-0.03865		3.20396		529.858		6.96625e+06		530.512		
00:00:03:549		6.83062e+06		100.983		37.7187		313.094		0.0372306		309.587			00:00:03:549		1.52233e+07		-0.0301328		3.20103		529.886		6.96611e+06		530.294		
00:00:03:549		6.83059e+06		100.983		37.7187		313.094		0.0372306		309.61			00:00:03:549		1.52337e+07		-0.0174589		3.19591		529.923		6.96591e+06		529.975		
00:00:03:450		6.83057e+06		100.861		37.5696		154.576		0.0335701		309.625			00:00:03:450		1.52407e+07		-0.00908089		3.19173		529.947		6.96578e+06		529.755		
00:00:03:350		6.83056e+06		100.861		37.5696		154.576		0.0335701		309.64			00:00:03:350		1.52476e+07		-0.000761986		3.18708		529.969		6.96567e+06		529.555		
00:00:03:250		6.83056e+06		100.738		37.5696		154.576		0.0335701		309.654			00:00:03:250		1.52546e+07		0.00749636		3.18258		529.989		6.96557e+06		529.373		
00:00:03:149		6.83057e+06		100.738		37.4297		67.9004		0.0298966		309.668			00:00:03:149		1.52616e+07		0.015696		3.17767		530.011		6.96548e+06		529.195		
00:00:03:049		6.83058e+06		100.738		37.4297		67.9004		0.0298966		309.682			00:00:03:049		1.52687e+07		0.0238352		3.17164		530.03		6.96539e+06		529.004		
00:00:02:850		6.83061e+06		100.615		37.3077		28.3394		0.0262097		309.707			00:00:02:850		1.5283e+07		0.0398841		3.15641		530.061		6.96526e+06		528.668		
00:00:02:750		6.83064e+06		100.489		37.3077		28.3394		0.0262097		309.719			00:00:02:750		1.52902e+07		0.0477409		3.14871		530.076		6.96521e+06		528.51		
00:00:02:750		6.83064e+06		100.489		37.3077		28.3394		0.0262097		309.719			00:00:02:750		1.52902e+07		0.0477409		3.14871		530.076		6.96521e+06		528.51		
00:00:02:649		6.83067e+06		100.489		37.2168		7.94825		0.0225093		309.729			00:00:02:649		1.52974e+07		0.0554667		3.14049		530.087		6.96516e+06		528.368		
00:00:02:549		6.83071e+06		100.489		37.2168		7.94825		0.0225093		309.738			00:00:02:549		1.53045e+07		0.0630574		3.12995		530.098		6.96513e+06		528.222		
00:00:02:450		6.83075e+06		100.422		37.1071		1.07696		0.0187949		309.745			00:00:02:450		1.53117e+07		0.0705185		3.11538		530.111		6.9651e+06		528.095		
00:00:02:350		6.83079e+06		100.422		37.1071		1.07696		0.0187949		309.749			00:00:02:350		1.53188e+07		0.0778675		3.09922		530.122		6.96507e+06		527.968		
00:00:02:250		6.83083e+06		100.343		37.1071		1.07696		0.0187949		309.752			00:00:02:250		1.5326e+07		0.0851321		3.08503		530.133		6.96505e+06		527.827		
00:00:02:149		6.83087e+06		100.343		36.969		0		0.0150658		309.753			00:00:02:149		1.53334e+07		0.0923214		3.07264		530.142		6.96503e+06		527.728		
00:00:02:049		6.83091e+06		100.343		36.969		0		0.0150658		309.752			00:00:02:049		1.5341e+07		0.0994215		3.05659		530.151		6.96501e+06		527.616		
00:00:01:949		6.83095e+06		100.256		36.8099		0		0.0113214		309.75			00:00:01:949		1.53489e+07		0.106396		3.03162		530.159		6.965e+06		527.516		
00:00:01:800		6.831e+06		100.256		36.8099		0		0.0113214		309.745			00:00:01:800		1.53608e+07		0.116516		2.9958		530.168		6.96497e+06		527.337		
00:00:01:699		6.83104e+06		100.162		36.6406		0		0.00756124		309.742			00:00:01:699		1.53686e+07		0.122996		2.99081		530.173		6.96495e+06		527.232		
00:00:01:600		6.83106e+06		100.162		36.6406		0		0.00756124		309.739			00:00:01:600		1.53759e+07		0.129321		2.99218		530.179		6.96492e+06		527.137		
00:00:01:600		6.83106e+06		100.162		36.6406		0		0.00756124		309.739			00:00:01:600		1.53759e+07		0.129321		2.99218		530.179		6.96492e+06		527.137		
00:00:01:500		6.83109e+06		100.065		36.6406		0		0.00756124		309.737			00:00:01:500		1.53831e+07		0.135407		2.97527		530.182		6.9649e+06		527.037		
00:00:01:399		6.83112e+06		100.065		36.479		0		0.00378755		309.734			00:00:01:399		1.5391e+07		0.141907		2.93452		530.184		6.96488e+06		526.958		
00:00:01:300		6.83115e+06		100.065		36.479		0		0.00378755		309.729			00:00:01:300		1.54013e+07		0.149161		2.8962		530.188		6.96487e+06		526.892		
00:00:01:199		6.83117e+06		99.982		36.3825		0		0		309.724			00:00:01:199		1.54164e+07		0.156857		2.91691		530.19		6.96486e+06		526.861		
00:00:01:100		6.83118e+06		99.982		36.3825		0		0		309.723			00:00:01:100		1.54364e+07		0.164037		2.98166		530.193		6.96486e+06		526.833		
00:00:01:000		6.83119e+06		100.069		36.3825		0		0		309.736			00:00:01:000		1.54572e+07		0.169466		3.02338		530.195		6.96487e+06		526.816		
00:00:00:800		6.83118e+06		100.069		36.3828		0		0		309.816			00:00:00:800		1.54781e+07		0.172839		2.8357		530.203		6.96486e+06		526.823		
00:00:00:800		6.83118e+06		100.069		36.3828		0		0		309.816			00:00:00:800		1.54781e+07		0.172839		2.8357		530.203		6.96486e+06		526.823		
00:00:00:699		6.83118e+06		100.069		36.3831		0		0		309.846			00:00:00:699		1.54786e+07		0.17284		2.8357		530.204		6.96486e+06		526.824		
00:00:00:599		6.83118e+06		100.069		36.3831		0		0		309.846			00:00:00:599		1.54786e+07		0.17284		2.83569		530.208		6.96486e+06		526.824		
00:00:00:500		6.83117e+06		100.069		36.3831		0		0		309.846			00:00:00:500		1.54786e+07		0.172839		2.83573		530.21		6.96485e+06		526.825		
00:00:00:400		6.83117e+06		100.069		36.3834		0		0		309.846			00:00:00:400		1.54786e+07		0.17284		2.83568		530.214		6.96485e+06		526.825		
00:00:00:299		6.83116e+06		100.069		36.3834		0		0		309.846			00:00:00:299		1.54786e+07		0.17284		2.83568		530.216		6.96485e+06		526.826		
00:00:00:200		6.83116e+06		100.069		36.3837		0		0		309.846			00:00:00:200		1.54785e+07		0.17284		2.83572		530.219		6.96484e+06		526.826		
00:00:00:100		6.83116e+06		100.069		36.3837		0		0		309.846			00:00:00:100		1.54785e+07		0.17284		2.83572		530.221		6.96484e+06		526.821		
00:00:00:000		6.83115e+06		100.069		36.3837		0		0		309.846			00:00:00:000		1.54785e+07		0.17284		2.83571		530.225		6.96483e+06		526.826		
00:00:00:000		6.83115e+06		100.069		36.3837		0		0		309.846			00:00:00:000		1.54785e+07		0.17284		2.83571		530.225		6.96483e+06		526.826		
00:00:00:000		6.83115e+06		100.069		36.3837		0		0		309.846			00:00:00:000		1.54785e+07		0.17284		2.83571		530.225		6.96483e+06		526.826		
00:00:00:000		6.83115e+06		100.069		36.3837		0		0		309.846			00:00:00:000		1.54785e+07		0.17284		2.83571		530.225		6.96483e+06		526.826		
00:00:00:000		6.83115e+06		100.069		36.3837		0		0		309.846			00:00:00:000		1.54785e+07		0.17284		2.83571		530.225		6.96483e+06		526.826		
00:00:00:000		6.83115e+06		100.069		36.3837		0		0		309.846			00:00:00:000		1.54785e+07		0.17284		2.83571		530.225		6.96483e+06		526.826		
00:00:00:000		6.83115e+06		100.069		36.3837		0		0		309.846			00:00:00:000		1.54785e+07		0.17284		2.83571		530.225		6.96483e+06		526.826		
