	time 		rcpppzr	rcp054rcp007mnzoyout	rcv501std0102fvol	fwfrcp001gv	rcppmssga	msfsg(1)			time 		gpv001pnt10113ppntm	evf507ety101mpzoyout	chtcon(1)	chavg(1)	chlhsumpa	rcptavgn	
00:01:02:450		9.30689e+06		-5.85278		0		0		7.19661e+06		-6.0766			00:01:02:450		7.19686e+06		119.843		75.1836		779806		0.675779		289.738		
00:01:02:350		9.32262e+06		-5.85316		0		0		7.19685e+06		22.1952			00:01:02:350		7.19673e+06		119.843		75.1836		779806		0.675779		289.738		
00:01:02:250		9.33827e+06		-5.85351		0		0		7.19702e+06		38.075			00:01:02:250		7.19629e+06		119.806		75.1836		779806		0.675779		289.738		
00:01:02:149		9.35385e+06		-5.85384		0		0		7.19682e+06		31.8021			00:01:02:149		7.19584e+06		119.806		75.1364		778759		0.674783		289.738		
00:01:02:049		9.36934e+06		-5.85414		0		0		7.19615e+06		12.856			00:01:02:049		7.19571e+06		119.806		75.1364		778759		0.674783		289.738		
00:01:01:950		9.38477e+06		-5.8544		0		0		7.19516e+06		-22.069			00:01:01:950		7.19517e+06		119.769		75.089		777729		0.673787		289.739		
00:01:01:850		9.40011e+06		-5.85464		0		0		7.1943e+06		-37.18			00:01:01:850		7.19495e+06		119.769		75.089		777729		0.673787		289.739		
00:01:01:700		9.42299e+06		-5.85493		0		0		7.19396e+06		-8.28806			00:01:01:700		7.19428e+06		119.732		75.0415		776679		0.672791		289.74		
00:01:01:600		9.43815e+06		-5.85509		0		0		7.1942e+06		20.78			00:01:01:600		7.19413e+06		119.732		75.0415		776679		0.672791		289.74		
00:01:01:600		9.43815e+06		-5.85509		0		0		7.1942e+06		20.78			00:01:01:600		7.19413e+06		119.732		75.0415		776679		0.672791		289.74		
00:01:01:299		9.48325e+06		-5.85533		0		0		7.19365e+06		17.0911			00:01:01:299		7.19314e+06		119.696		74.9937		775631		0.671794		289.743		
00:01:01:299		9.48325e+06		-5.85533		0		0		7.19365e+06		17.0911			00:01:01:299		7.19314e+06		119.696		74.9937		775631		0.671794		289.743		
00:01:01:299		9.48325e+06		-5.85533		0		0		7.19365e+06		17.0911			00:01:01:299		7.19314e+06		119.696		74.9937		775631		0.671794		289.743		
00:01:01:200		9.49818e+06		-5.85535		0		0		7.19266e+06		-19.5728			00:01:01:200		7.19264e+06		119.659		74.9458		774579		0.670798		289.744		
00:01:01:100		9.51304e+06		-5.85534		0		0		7.19177e+06		-37.4522			00:01:01:100		7.19238e+06		119.659		74.9458		774579		0.670798		289.746		
00:01:00:899		9.54254e+06		-5.85529		0		0		7.19145e+06		6.18426			00:01:00:899		7.19159e+06		119.622		74.8977		773511		0.669802		289.748		
00:01:00:899		9.54254e+06		-5.85529		0		0		7.19145e+06		6.18426			00:01:00:899		7.19159e+06		119.622		74.8977		773511		0.669802		289.748		
00:01:00:799		9.55716e+06		-5.85525		0		0		7.19173e+06		28.6741			00:01:00:799		7.19144e+06		119.622		74.8977		773511		0.669802		289.75		
00:01:00:700		9.57171e+06		-5.85524		0		0		7.19184e+06		40.5176			00:01:00:700		7.19091e+06		119.585		74.8493		772481		0.668806		289.752		
00:01:00:600		9.58617e+06		-5.85524		0		0		7.19149e+06		28.1848			00:01:00:600		7.19064e+06		119.585		74.8493		772481		0.668806		289.754		
00:01:00:500		9.60056e+06		-5.85529		0		0		7.19068e+06		4.56789			00:01:00:500		7.19038e+06		119.549		74.8493		772481		0.668806		289.756		
00:01:00:350		9.62197e+06		-5.85547		0		0		7.18923e+06		-37.5889			00:01:00:350		7.18977e+06		119.549		74.8007		771465		0.66781		289.759		
00:01:00:250		9.63614e+06		-5.85565		0		0		7.18876e+06		-29.9896			00:01:00:250		7.18949e+06		119.512		74.8007		771465		0.66781		289.761		
00:01:00:149		9.65025e+06		-5.85588		0		0		7.18882e+06		2.90662			00:01:00:149		7.18899e+06		119.512		74.7519		770412		0.666814		289.764		
00:01:00:049		9.66427e+06		-5.85618		0		0		7.18909e+06		27.2012			00:01:00:049		7.18885e+06		119.512		74.7519		770412		0.666814		289.766		
00:00:59:950		9.67822e+06		-5.85655		0		0		7.18922e+06		40.6435			00:00:59:950		7.18833e+06		119.475		74.7029		769321		0.665818		289.769		
00:00:59:950		9.67822e+06		-5.85655		0		0		7.18922e+06		40.6435			00:00:59:950		7.18833e+06		119.475		74.7029		769321		0.665818		289.769		
00:00:59:850		9.69208e+06		-5.85703		0		0		7.18891e+06		29.3653			00:00:59:850		7.18801e+06		119.475		74.7029		769321		0.665818		289.771		
00:00:59:750		9.70585e+06		-5.85763		0		0		7.18811e+06		6.66434			00:00:59:750		7.18777e+06		119.438		74.7029		769321		0.665818		289.774		
00:00:59:649		9.71952e+06		-5.85835		0		0		7.18707e+06		-30.2775			00:00:59:649		7.18721e+06		119.438		74.6535		768233		0.664821		289.777		
00:00:59:450		9.74665e+06		-5.86014		0		0		7.18607e+06		-18.4083			00:00:59:450		7.18657e+06		119.402		74.6039		767162		0.663825		289.783		
00:00:59:450		9.74665e+06		-5.86014		0		0		7.18607e+06		-18.4083			00:00:59:450		7.18657e+06		119.402		74.6039		767162		0.663825		289.783		
00:00:59:350		9.76007e+06		-5.86116		0		0		7.18627e+06		15.8167			00:00:59:350		7.18628e+06		119.402		74.6039		767162		0.663825		289.786		
00:00:59:250		9.77352e+06		-5.86222		0		0		7.18652e+06		34.9141			00:00:59:250		7.18599e+06		119.365		74.6039		767162		0.663825		289.79		
00:00:59:149		9.787e+06		-5.86325		0		0		7.18648e+06		39.4599			00:00:59:149		7.18542e+06		119.365		74.5541		766089		0.662828		289.793		
00:00:59:049		9.80051e+06		-5.8642		0		0		7.18593e+06		21.9838			00:00:59:049		7.18529e+06		119.365		74.5541		766089		0.662828		289.796		
00:00:58:950		9.814e+06		-5.86502		0		0		7.18495e+06		-12.4939			00:00:58:950		7.18481e+06		119.328		74.5039		764997		0.661832		289.8		
00:00:58:850		9.82752e+06		-5.86567		0		0		7.18395e+06		-37.2692			00:00:58:850		7.18437e+06		119.328		74.5039		764997		0.661832		289.803		
00:00:58:750		9.84107e+06		-5.86614		0		0		7.1834e+06		-33.354			00:00:58:750		7.18417e+06		119.291		74.5039		764997		0.661832		289.807		
00:00:58:649		9.85468e+06		-5.86638		0		0		7.18339e+06		0			00:00:58:649		7.18362e+06		119.291		74.4534		763927		0.660835		289.81		
00:00:58:399		9.88906e+06		-5.86578		0		0		7.18372e+06		40.1431			00:00:58:399		7.18267e+06		119.255		74.4025		762871		0.659838		289.819		
00:00:58:399		9.88906e+06		-5.86578		0		0		7.18372e+06		40.1431			00:00:58:399		7.18267e+06		119.255		74.4025		762871		0.659838		289.819		
00:00:58:350		9.89594e+06		-5.86542		0		0		7.18351e+06		31.9476			00:00:58:350		7.18253e+06		119.255		74.4025		762871		0.659838		289.82		
00:00:58:250		9.90967e+06		-5.86442		0		0		7.18272e+06		9.39797			00:00:58:250		7.18232e+06		119.217		74.4025		762871		0.659838		289.824		
00:00:58:100		9.93019e+06		-5.86214		0		0		7.18116e+06		-37.3933			00:00:58:100		7.18158e+06		119.217		74.3513		761797		0.65884		289.829		
00:00:58:000		9.94384e+06		-5.86007		0		0		7.18057e+06		-34.8476			00:00:58:000		7.18137e+06		119.181		74.3513		761797		0.65884		289.833		
00:00:57:899		9.95746e+06		-5.85753		0		0		7.18054e+06		0			00:00:57:899		7.18079e+06		119.181		74.2998		760742		0.657843		289.836		
00:00:57:799		9.97105e+06		-5.85452		0		0		7.18077e+06		24.7278			00:00:57:799		7.18060e+06		119.181		74.2998		760742		0.657843		289.839		
00:00:57:700		9.9846e+06		-5.85107		0		0		7.1809e+06		40.6264			00:00:57:700		7.1801e+06		119.144		74.2478		759684		0.656845		289.843		
00:00:57:649		9.99136e+06		-5.8492		0		0		7.18083e+06		40.4264			00:00:57:649		7.17979e+06		119.144		74.2478		759684		0.656845		289.845		
00:00:57:549		1.00049e+07		-5.84521		0		0		7.18029e+06		23.7707			00:00:57:549		7.17958e+06		119.144		74.2478		759684		0.656845		289.848		
00:00:57:450		1.00183e+07		-5.84098		0		0		7.17927e+06		-11.9278			00:00:57:450		7.17911e+06		119.107		74.1955		758589		0.655846		289.852		
00:00:57:350		1.00318e+07		-5.83662		0		0		7.17822e+06		-38.0101			00:00:57:350		7.17866e+06		119.107		74.1955		758589		0.655846		289.855		
00:00:57:250		1.00453e+07		-5.83226		0		0		7.1776e+06		-34.9185			00:00:57:250		7.17839e+06		119.07		74.1955		758589		0.655846		289.859		
00:00:57:149		1.00587e+07		-5.82806		0		0		7.17754e+06		0			00:00:57:149		7.1778e+06		119.07		74.1427		757477		0.654848		289.862		
00:00:57:000		1.00788e+07		-5.82235		0		0		7.17783e+06		34.2028			00:00:57:000		7.17734e+06		119.033		74.1427		757477		0.654848		289.868		
00:00:56:899		1.00922e+07		-5.81916		0		0		7.17775e+06		39.7307			00:00:56:899		7.17672e+06		119.033		74.0895		756384		0.653849		289.871		
00:00:56:799		1.01056e+07		-5.81609		0		0		7.17717e+06		22.9064			00:00:56:799		7.1765e+06		119.033		74.0895		756384		0.653849		289.875		
00:00:56:700		1.01189e+07		-5.8129		0		0		7.17612e+06		-13.776			00:00:56:700		7.17598e+06		118.996		74.0358		755287		0.652849		289.879		
00:00:56:600		1.01323e+07		-5.80959		0		0		7.17507e+06		-38.5672			00:00:56:600		7.17556e+06		118.996		74.0358		755287		0.652849		289.883		
00:00:56:500		1.01456e+07		-5.80618		0		0		7.17447e+06		-32.2208			00:00:56:500		7.17517e+06		118.959		74.0358		755287		0.652849		289.887		
00:00:56:399		1.01589e+07		-5.80265		0		0		7.1744e+06		2.86031			00:00:56:399		7.17458e+06		118.959		73.9816		754173		0.65185		289.891		
00:00:56:299		1.01721e+07		-5.79902		0		0		7.17454e+06		26.5629			00:00:56:299		7.17430e+06		118.959		73.9816		754173		0.65185		289.895		
00:00:56:200		1.01853e+07		-5.79527		0		0		7.17452e+06		38.9127			00:00:56:200		7.1737e+06		118.922		73.9269		753059		0.650849		289.9		
00:00:56:100		1.01985e+07		-5.79142		0		0		7.17411e+06		28.1865			00:00:56:100		7.1733e+06		118.922		73.9269		753059		0.650849		289.904		
00:00:56:000		1.02117e+07		-5.78746		0		0		7.17318e+06		2.79229			00:00:56:000		7.17289e+06		118.885		73.9269		753059		0.650849		289.909		
00:00:55:899		1.02248e+07		-5.78339		0		0		7.17206e+06		-34.1482			00:00:55:899		7.17232e+06		118.885		73.8716		751944		0.649848		289.914		
00:00:55:799		1.0238e+07		-5.77923		0		0		7.17129e+06		-35.2579			00:00:55:799		7.17192e+06		118.885		73.8716		751944		0.649848		289.918		
00:00:55:700		1.0251e+07		-5.77497		0		0		7.17105e+06		-9.03416			00:00:55:700		7.17129e+06		118.848		73.8158		750809		0.648847		289.923		
00:00:55:600		1.02641e+07		-5.7706		0		0		7.17111e+06		22.5679			00:00:55:600		7.17095e+06		118.848		73.8158		750809		0.648847		289.929		
00:00:55:450		1.02839e+07		-5.76388		0		0		7.1709e+06		33.5448			00:00:55:450		7.17007e+06		118.811		73.7594		749696		0.647845		289.937		
00:00:55:350		1.0297e+07		-5.75928		0		0		7.17029e+06		20.8478			00:00:55:350		7.16972e+06		118.811		73.7594		749696		0.647845		289.942		
00:00:55:350		1.0297e+07		-5.75928		0		0		7.17029e+06		20.8478			00:00:55:350		7.16972e+06		118.811		73.7594		749696		0.647845		289.942		
00:00:55:250		1.03101e+07		-5.75459		0		0		7.16924e+06		-14.7611			00:00:55:250		7.16913e+06		118.775		73.7594		749696		0.647845		289.948		
00:00:55:149		1.03232e+07		-5.74981		0		0		7.16822e+06		-35.8675			00:00:55:149		7.16868e+06		118.775		73.7023		748596		0.646843		289.954		
00:00:55:100		1.03297e+07		-5.74738		0		0		7.16787e+06		-34.4816			00:00:55:100		7.16843e+06		118.775		73.7023		748596		0.646843		289.957		
00:00:54:950		1.03493e+07		-5.73997		0		0		7.1675e+06		9.73376			00:00:54:950		7.16755e+06		118.737		73.6446		747480		0.64584		289.966		
00:00:54:850		1.03623e+07		-5.73491		0		0		7.16743e+06		28.2142			00:00:54:850		7.16708e+06		118.737		73.6446		747480		0.64584		289.973		
00:00:54:750		1.03753e+07		-5.72978		0		0		7.16712e+06		29.3517			00:00:54:750		7.16645e+06		118.7		73.6446		747480		0.64584		289.979		
00:00:54:649		1.03882e+07		-5.72455		0		0		7.16645e+06		18.3529			00:00:54:649		7.16602e+06		118.7		73.5862		746362		0.644836		289.986		
00:00:54:549		1.04012e+07		-5.71923		0.138357		0		7.16545e+06		-15.5708			00:00:54:549		7.16534e+06		118.7		73.5862		746362		0.644836		289.994		
00:00:54:399		1.04205e+07		-5.71109		0.346078		0		7.16414e+06		-28.8959			00:00:54:399		7.1646e+06		118.663		73.527		745245		0.643832		290.005		
00:00:54:299		1.04334e+07		-5.70555		0.484395		0		7.16379e+06		0.355895			00:00:54:299		7.16392e+06		118.663		73.527		745245		0.643832		290.012		
00:00:54:200		1.04463e+07		-5.69993		0.622485		0		7.16361e+06		21.1493			00:00:54:200		7.16345e+06		118.626		73.4671		744107		0.642827		290.02		
00:00:54:100		1.04591e+07		-5.69421		0.760276		0		7.16328e+06		28.2643			00:00:54:100		7.16281e+06		118.626		73.4671		744107		0.642827		290.028		
00:00:53:950		1.04784e+07		-5.68546		0.96615		0		7.16223e+06		7.57803			00:00:53:950		7.16199e+06		118.589		73.4064		742951		0.641821		290.04		
00:00:53:950		1.04784e+07		-5.68546		0.96615		0		7.16223e+06		7.57803			00:00:53:950		7.16199e+06		118.589		73.4064		742951		0.641821		290.04		
00:00:53:850		1.04912e+07		-5.67951		1.10271		0		7.16126e+06		-20.0063			00:00:53:850		7.16129e+06		118.589		73.4064		742951		0.641821		290.048		
00:00:53:750		1.05039e+07		-5.67347		1.23859		0		7.16046e+06		-24.5017			00:00:53:750		7.16077e+06		118.552		73.4064		742951		0.641821		290.057		
00:00:53:649		1.05167e+07		-5.66734		1.37365		0		7.16e+06		2.46506			00:00:53:649		7.1601e+06		118.552		73.3448		741815		0.640814		290.066		
00:00:53:450		1.05421e+07		-5.65481		1.6408		0		7.15919e+06		23.1659			00:00:53:450		7.15884e+06		118.515		73.2824		740676		0.639807		290.085		
00:00:53:350		1.05548e+07		-5.64841		1.77257		0		7.15845e+06		9.23592			00:00:53:350		7.15823e+06		118.515		73.2824		740676		0.639807		290.094		
00:00:53:350		1.05548e+07		-5.64841		1.77257		0		7.15845e+06		9.23592			00:00:53:350		7.15823e+06		118.515		73.2824		740676		0.639807		290.094		
00:00:53:250		1.05675e+07		-5.64191		1.90283		0		7.15755e+06		-13.4343			00:00:53:250		7.15755e+06		118.477		73.2824		740676		0.639807		290.104		
00:00:53:149		1.05801e+07		-5.63532		2.0313		0		7.15679e+06		-17.0004			00:00:53:149		7.15693e+06		118.477		73.219		739519		0.638799		290.115		
00:00:53:049		1.05928e+07		-5.62864		2.15775		0		7.15625e+06		3.08704			00:00:53:049		7.15631e+06		118.477		73.219		739519		0.638799		290.125		
00:00:52:950		1.06054e+07		-5.62186		2.28206		0		7.15575e+06		11.4728			00:00:52:950		7.15568e+06		118.44		73.1546		738381		0.63779		290.136		
00:00:52:850		1.0618e+07		-5.61498		2.40432		0		7.1552e+06		12.3538			00:00:52:850		7.15505e+06		118.44		73.1546		738381		0.63779		290.147		
00:00:52:750		1.06306e+07		-5.60801		2.52493		0		7.15454e+06		8.61325			00:00:52:750		7.15442e+06		118.403		73.1546		738381		0.63779		290.159		
00:00:52:649		1.06432e+07		-5.60094		2.64403		0		7.15379e+06		0.0904603			00:00:52:649		7.15376e+06		118.403		73.0892		737241		0.636781		290.17		
00:00:52:549		1.06558e+07		-5.59377		2.76536		0		7.15308e+06		0			00:00:52:549		7.15308e+06		118.403		73.0892		737241		0.636781		290.182		
00:00:52:450		1.06684e+07		-5.58651		2.88911		0		7.15239e+06		0.356828			00:00:52:450		7.1524e+06		118.365		73.0227		736082		0.635772		290.194		
00:00:52:299		1.06872e+07		-5.57545		3.07517		0		7.15141e+06		8.77571			00:00:52:299		7.15135e+06		118.365		73.0227		736082		0.635772		290.212		
00:00:52:200		1.06997e+07		-5.56795		3.19552		0		7.1507e+06		8.48637			00:00:52:200		7.15061e+06		118.328		72.9551		734923		0.634762		290.225		
00:00:52:100		1.07123e+07		-5.56036		3.30965		0		7.14992e+06		2.98964			00:00:52:100		7.14987e+06		118.328		72.9551		734923		0.634762		290.237		
00:00:52:000		1.07248e+07		-5.55267		3.42143		0		7.14912e+06		0			00:00:52:000		7.14911e+06		118.291		72.9551		734923		0.634762		290.25		
00:00:51:899		1.07373e+07		-5.54488		3.52677		0		7.14835e+06		0.690747			00:00:51:899		7.14835e+06		118.291		72.8862		733744		0.633752		290.263		
00:00:51:799		1.07498e+07		-5.53698		3.6294		0		7.14761e+06		4.00142			00:00:51:799		7.14759e+06		118.291		72.8862		733744		0.633752		290.275		
00:00:51:700		1.07623e+07		-5.52898		3.72923		0		7.14687e+06		5.47266			00:00:51:700		7.14683e+06		118.254		72.8161		732586		0.632742		290.288		
00:00:51:600		1.07748e+07		-5.52086		3.82623		0		7.14612e+06		4.73191			00:00:51:600		7.14607e+06		118.254		72.8161		732586		0.632742		290.302		
00:00:51:450		1.07935e+07		-5.50846		3.96631		0		7.14497e+06		4.08607			00:00:51:450		7.14494e+06		118.216		72.7447		731423		0.631732		290.322		
00:00:51:450		1.07935e+07		-5.50846		3.96631		0		7.14497e+06		4.08607			00:00:51:450		7.14494e+06		118.216		72.7447		731423		0.631732		290.322		
00:00:51:350		1.0806e+07		-5.50006		4.05604		0		7.14422e+06		4.39363			00:00:51:350		7.14419e+06		118.216		72.7447		731423		0.631732		290.335		
00:00:51:250		1.08184e+07		-5.49155		4.14299		0		7.14348e+06		5.63659			00:00:51:250		7.14344e+06		118.179		72.7447		731423		0.631732		290.349		
00:00:51:149		1.08309e+07		-5.48293		4.2268		0		7.14274e+06		6.27344			00:00:51:149		7.14269e+06		118.179		72.6719		730245		0.630721		290.362		
00:00:51:049		1.08433e+07		-5.4742		4.30798		0		7.142e+06		6.82948			00:00:51:049		7.14194e+06		118.179		72.6719		730245		0.630721		290.376		
00:00:50:899		1.08619e+07		-5.46088		4.42443		0		7.14089e+06		6.66266			00:00:50:899		7.14083e+06		118.142		72.5976		729084		0.62971		290.398		
00:00:50:799		1.08743e+07		-5.45185		4.49851		0		7.14015e+06		6.94652			00:00:50:799		7.14009e+06		118.142		72.5976		729084		0.62971		290.413		
00:00:50:700		1.08866e+07		-5.44272		4.56985		0		7.13941e+06		7.79163			00:00:50:700		7.13934e+06		118.104		72.5217		727922		0.628699		290.429		
00:00:50:600		1.0899e+07		-5.43348		4.6385		0		7.13868e+06		8.29377			00:00:50:600		7.1386e+06		118.104		72.5217		727922		0.628699		290.445		
00:00:50:500		1.09113e+07		-5.42416		4.70453		0		7.13795e+06		8.71221			00:00:50:500		7.13787e+06		118.067		72.5217		727922		0.628699		290.46		
00:00:50:399		1.09237e+07		-5.41475		4.76801		0		7.13722e+06		8.792			00:00:50:399		7.13714e+06		118.067		72.4443		726739		0.627687		290.477		
00:00:50:299		1.0936e+07		-5.40527		4.82906		0		7.1365e+06		9.26197			00:00:50:299		7.13640e+06		118.067		72.4443		726739		0.627687		290.493		
00:00:50:200		1.09484e+07		-5.39574		4.88767		0		7.13578e+06		9.49691			00:00:50:200		7.13568e+06		118.029		72.3651		725539		0.626675		290.511		
00:00:50:100		1.09607e+07		-5.38616		4.94401		0		7.13507e+06		10.2796			00:00:50:100		7.13497e+06		118.029		72.3651		725539		0.626675		290.528		
00:00:50:000		1.09731e+07		-5.37654		4.99775		0		7.13438e+06		11.2428			00:00:50:000		7.13427e+06		117.992		72.3651		725539		0.626675		290.545		
00:00:49:899		1.09854e+07		-5.3669		5.04964		0		7.1337e+06		11.9997			00:00:49:899		7.13357e+06		117.992		72.2842		724318		0.625663		290.563		
00:00:49:799		1.09977e+07		-5.35722		5.09939		0		7.13303e+06		12.7964			00:00:49:799		7.13289e+06		117.992		72.2842		724318		0.625663		290.581		
00:00:49:700		1.101e+07		-5.34752		5.14707		0		7.13237e+06		13.5547			00:00:49:700		7.13221e+06		117.955		72.2014		723100		0.62465		290.599		
00:00:49:500		1.10346e+07		-5.32801		5.23657		0		7.13107e+06		14.9785			00:00:49:500		7.13089e+06		117.918		72.2014		723100		0.62465		290.637		
00:00:49:500		1.10346e+07		-5.32801		5.23657		0		7.13107e+06		14.9785			00:00:49:500		7.13089e+06		117.918		72.2014		723100		0.62465		290.637		
00:00:49:399		1.10468e+07		-5.31819		5.2785		0		7.13044e+06		15.6412			00:00:49:399		7.13025e+06		117.918		72.1168		721918		0.623637		290.657		
00:00:49:250		1.10651e+07		-5.30337		5.33818		0		7.12951e+06		16.7871			00:00:49:250		7.1293e+06		117.88		72.1168		721918		0.623637		290.688		
00:00:49:250		1.10651e+07		-5.30337		5.33818		0		7.12951e+06		16.7871			00:00:49:250		7.1293e+06		117.88		72.1168		721918		0.623637		290.688		
00:00:49:149		1.10772e+07		-5.29341		5.37583		0		7.12891e+06		17.6677			00:00:49:149		7.12868e+06		117.88		72.0301		720733		0.622624		290.709		
00:00:49:049		1.10895e+07		-5.28339		5.41194		0		7.12831e+06		18.5564			00:00:49:049		7.12807e+06		117.88		72.0301		720733		0.622624		290.73		
00:00:48:950		1.11017e+07		-5.2733		5.44648		0		7.12773e+06		19.296			00:00:48:950		7.12746e+06		117.843		71.9414		719531		0.62161		290.752		
00:00:48:750		1.11264e+07		-5.2529		5.51138		0		7.1266e+06		20.6205			00:00:48:750		7.1263e+06		117.805		71.9414		719531		0.62161		290.797		
00:00:48:750		1.11264e+07		-5.2529		5.51138		0		7.1266e+06		20.6205			00:00:48:750		7.1263e+06		117.805		71.9414		719531		0.62161		290.797		
00:00:48:649		1.11387e+07		-5.24259		5.54169		0		7.12605e+06		21.4232			00:00:48:649		7.12574e+06		117.805		71.8504		718308		0.620595		290.82		
00:00:48:549		1.1151e+07		-5.23223		5.57084		0		7.12553e+06		22.496			00:00:48:549		7.12519e+06		117.805		71.8504		718308		0.620595		290.843		
00:00:48:350		1.11756e+07		-5.21129		5.62525		0		7.12455e+06		25.2187			00:00:48:350		7.12415e+06		117.768		71.7571		717086		0.61958		290.892		
00:00:48:350		1.11756e+07		-5.21129		5.62525		0		7.12455e+06		25.2187			00:00:48:350		7.12415e+06		117.768		71.7571		717086		0.61958		290.892		
00:00:48:149		1.12003e+07		-5.19011		5.67535		0		7.12364e+06		27.6036			00:00:48:149		7.12317e+06		117.73		71.6614		715862		0.618565		290.944		
00:00:48:149		1.12003e+07		-5.19011		5.67535		0		7.12364e+06		27.6036			00:00:48:149		7.12317e+06		117.73		71.6614		715862		0.618565		290.944		
00:00:48:049		1.12126e+07		-5.17942		5.69883		0		7.1232e+06		28.7225			00:00:48:049		7.12271e+06		117.73		71.6614		715862		0.618565		290.97		
00:00:47:950		1.12249e+07		-5.16868		5.72116		0		7.12279e+06		29.7514			00:00:47:950		7.12226e+06		117.693		71.5631		714640		0.617548		290.997		
00:00:47:850		1.12372e+07		-5.15789		5.74242		0		7.12239e+06		30.8558			00:00:47:850		7.12183e+06		117.693		71.5631		714640		0.617548		291.024		
00:00:47:750		1.12496e+07		-5.14705		5.76286		0		7.12201e+06		32.0357			00:00:47:750		7.12142e+06		117.655		71.5631		714640		0.617548		291.052		
00:00:47:649		1.12619e+07		-5.13617		5.78265		0		7.12166e+06		33.2104			00:00:47:649		7.12102e+06		117.655		71.4621		713435		0.616532		291.08		
00:00:47:450		1.12867e+07		-5.1143		5.8196		0		7.121e+06		35.6072			00:00:47:450		7.12028e+06		117.618		71.3582		712190		0.615514		291.139		
00:00:47:350		1.12991e+07		-5.10332		5.83637		0		7.1207e+06		36.8346			00:00:47:350		7.11994e+06		117.618		71.3582		712190		0.615514		291.169		
00:00:47:350		1.12991e+07		-5.10332		5.83637		0		7.1207e+06		36.8346			00:00:47:350		7.11994e+06		117.618		71.3582		712190		0.615514		291.169		
00:00:47:250		1.13116e+07		-5.09233		5.85251		0		7.12041e+06		38.0486			00:00:47:250		7.1196e+06		117.58		71.3582		712190		0.615514		291.2		
00:00:47:149		1.13241e+07		-5.08132		5.86851		0		7.12014e+06		39.2879			00:00:47:149		7.11928e+06		117.58		71.2514		710929		0.614496		291.231		
00:00:47:049		1.13366e+07		-5.07028		5.88418		0		7.11988e+06		40.4946			00:00:47:049		7.11898e+06		117.58		71.2514		710929		0.614496		291.263		
00:00:46:950		1.13491e+07		-5.05923		5.89868		0		7.11964e+06		41.6121			00:00:46:950		7.11869e+06		117.542		71.1414		709685		0.613476		291.296		
00:00:46:850		1.13616e+07		-5.04815		5.9116		0		7.1194e+06		42.6917			00:00:46:850		7.11841e+06		117.542		71.1414		709685		0.613476		291.329		
00:00:46:700		1.13803e+07		-5.03146		5.93001		0		7.11908e+06		44.3555			00:00:46:700		7.11802e+06		117.504		71.0282		708381		0.612456		291.38		
00:00:46:649		1.13866e+07		-5.02588		5.93653		0		7.11898e+06		44.9415			00:00:46:649		7.1179e+06		117.504		71.0282		708381		0.612456		291.398		
00:00:46:399		1.14177e+07		-4.99779		5.96746		0		7.11854e+06		48.2649			00:00:46:399		7.11731e+06		117.466		70.9114		707004		0.611435		291.487		
00:00:46:299		1.14302e+07		-4.98647		5.97595		0		7.1184e+06		49.7535			00:00:46:299		7.1171e+06		117.466		70.9114		707004		0.611435		291.523		
00:00:46:299		1.14302e+07		-4.98647		5.97595		0		7.1184e+06		49.7535			00:00:46:299		7.1171e+06		117.466		70.9114		707004		0.611435		291.523		
00:00:46:200		1.14426e+07		-4.97511		5.98424		0		7.11828e+06		51.273			00:00:46:200		7.11691e+06		117.429		70.7911		705570		0.610413		291.561		
00:00:46:100		1.14551e+07		-4.96371		5.99505		0		7.11818e+06		52.7042			00:00:46:100		7.11673e+06		117.429		70.7911		705570		0.610413		291.599		
00:00:46:000		1.14675e+07		-4.95226		6.00766		0		7.11809e+06		54.0037			00:00:46:000		7.11658e+06		117.39		70.7911		705570		0.610413		291.638		
00:00:45:899		1.14799e+07		-4.94078		6.01782		0		7.11802e+06		55.1177			00:00:45:899		7.11644e+06		117.39		70.667		704021		0.60939		291.677		
00:00:45:799		1.14923e+07		-4.92925		6.02267		0		7.11796e+06		56.0691			00:00:45:799		7.11633e+06		117.39		70.667		704021		0.60939		291.717		
00:00:45:700		1.15046e+07		-4.91768		6.02556		0		7.11792e+06		56.9577			00:00:45:700		7.11625e+06		117.352		70.5391		702283		0.608366		291.758		
00:00:45:600		1.1517e+07		-4.90607		6.03306		0		7.11791e+06		57.9887			00:00:45:600		7.11619e+06		117.352		70.5391		702283		0.608366		291.799		
00:00:45:500		1.15294e+07		-4.89442		6.04667		0		7.11794e+06		59.2067			00:00:45:500		7.11616e+06		117.312		70.5391		702283		0.608366		291.841		
00:00:45:399		1.15418e+07		-4.88273		6.05892		0		7.11801e+06		60.9608			00:00:45:399		7.11615e+06		117.312		70.4071		700283		0.60734		291.884		
00:00:45:299		1.15542e+07		-4.871		6.06169		5.96858		7.11812e+06		63.3598			00:00:45:299		7.11613e+06		117.312		70.4071		700283		0.60734		291.928		
00:00:45:200		1.15666e+07		-4.85923		6.05709		13.4588		7.11828e+06		65.7591			00:00:45:200		7.11614e+06		117.27		70.271		697929		0.606314		291.972		
00:00:45:100		1.1579e+07		-4.84743		6.05774		21.7616		7.11847e+06		68.2409			00:00:45:100		7.11617e+06		117.27		70.271		697929		0.606314		292.016		
00:00:45:000		1.15914e+07		-4.8356		6.07237		29.6235		7.11871e+06		70.7457			00:00:45:000		7.11624e+06		117.224		70.271		697929		0.606314		292.062		
00:00:44:899		1.16038e+07		-4.82373		6.09136		37.0106		7.11897e+06		73.2014			00:00:44:899		7.11634e+06		117.224		70.1309		695133		0.605285		292.107		
00:00:44:799		1.16161e+07		-4.81184		6.09704		44.04		7.11928e+06		75.601			00:00:44:799		7.11647e+06		117.224		70.1309		695133		0.605285		292.154		
00:00:44:700		1.16285e+07		-4.79991		6.08301		51.0464		7.11961e+06		77.9041			00:00:44:700		7.11664e+06		117.172		69.987		691905		0.604256		292.201		
00:00:44:600		1.16408e+07		-4.78796		6.07033		57.8789		7.11998e+06		80.1822			00:00:44:600		7.11683e+06		117.172		69.987		691905		0.604256		292.249		
00:00:44:500		1.16532e+07		-4.77598		6.08096		64.3308		7.12038e+06		82.3841			00:00:44:500		7.11706e+06		117.11		69.987		691905		0.604256		292.297		
00:00:44:399		1.16655e+07		-4.76398		6.11103		70.3824		7.12082e+06		84.579			00:00:44:399		7.11732e+06		117.11		69.8396		688325		0.603225		292.345		
00:00:44:299		1.16778e+07		-4.75195		6.12742		76.5041		7.12128e+06		86.7928			00:00:44:299		7.11761e+06		117.11		69.8396		688325		0.603225		292.394		
00:00:44:200		1.16901e+07		-4.73991		6.09892		82.7603		7.12179e+06		89.0561			00:00:44:200		7.11793e+06		117.035		69.6896		684547		0.602192		292.444		
00:00:44:100		1.17024e+07		-4.72784		6.0478		88.5733		7.12234e+06		91.4376			00:00:44:100		7.11828e+06		117.035		69.6896		684547		0.602192		292.493		
00:00:44:000		1.17146e+07		-4.71575		5.98976		94.0118		7.12293e+06		93.7967			00:00:44:000		7.11867e+06		116.946		69.6896		684547		0.602192		292.544		
00:00:43:899		1.17269e+07		-4.70363		5.92959		99.6489		7.12357e+06		96.3511			00:00:43:899		7.11909e+06		116.946		69.5379		680732		0.601158		292.595		
00:00:43:799		1.17391e+07		-4.69149		5.87595		105.588		7.12425e+06		98.8218			00:00:43:799		7.11954e+06		116.946		69.5379		680732		0.601158		292.646		
00:00:43:700		1.17514e+07		-4.67932		5.83015		111.213		7.12496e+06		101.295			00:00:43:700		7.12001e+06		116.845		69.3854		676880		0.598232		292.699		
00:00:43:600		1.17636e+07		-4.66712		5.77112		116.511		7.12571e+06		103.764			00:00:43:600		7.12052e+06		116.845		69.3854		676880		0.598232		292.75		
00:00:43:600		1.17636e+07		-4.66712		5.77112		116.511		7.12571e+06		103.764			00:00:43:600		7.12052e+06		116.845		69.3854		676880		0.598232		292.75		
00:00:43:350		1.1794e+07		-4.63656		5.6119		130.221		7.12772e+06		109.886			00:00:43:350		7.1219e+06		116.738		69.2325		672987		0.595318		292.885		
00:00:43:350		1.1794e+07		-4.63656		5.6119		130.221		7.12772e+06		109.886			00:00:43:350		7.1219e+06		116.738		69.2325		672987		0.595318		292.885		
00:00:43:250		1.1806e+07		-4.62431		5.5486		135.353		7.12857e+06		112.3			00:00:43:250		7.1225e+06		116.631		69.2325		672987		0.595318		292.941		
00:00:43:149		1.18179e+07		-4.61203		5.49838		140.289		7.12945e+06		114.73			00:00:43:149		7.12312e+06		116.631		69.0791		669068		0.592401		292.999		
00:00:43:049		1.18297e+07		-4.5997		5.44443		145.16		7.13036e+06		117.206			00:00:43:049		7.12376e+06		116.631		69.0791		669068		0.592401		293.057		
00:00:42:850		1.18534e+07		-4.57491		5.28196		153.739		7.13228e+06		122.218			00:00:42:850		7.12511e+06		116.524		68.925		665106		0.589479		293.174		
00:00:42:850		1.18534e+07		-4.57491		5.28196		153.739		7.13228e+06		122.218			00:00:42:850		7.12511e+06		116.524		68.925		665106		0.589479		293.174		
00:00:42:750		1.18652e+07		-4.56246		5.2056		157.039		7.13329e+06		124.757			00:00:42:750		7.12582e+06		116.417		68.925		665106		0.589479		293.234		
00:00:42:649		1.1877e+07		-4.54997		5.16829		159.979		7.13433e+06		127.3			00:00:42:649		7.12656e+06		116.417		68.7701		661100		0.586553		293.294		
00:00:42:450		1.19005e+07		-4.52494		5.05804		169.204		7.13648e+06		132.473			00:00:42:450		7.12806e+06		116.31		68.6144		657070		0.583622		293.415		
00:00:42:350		1.19122e+07		-4.51244		4.95265		178.41		7.13758e+06		135.099			00:00:42:350		7.12882e+06		116.31		68.6144		657070		0.583622		293.476		
00:00:42:350		1.19122e+07		-4.51244		4.95265		178.41		7.13758e+06		135.099			00:00:42:350		7.12882e+06		116.31		68.6144		657070		0.583622		293.476		
00:00:42:250		1.19239e+07		-4.49995		4.85074		195.102		7.13869e+06		137.747			00:00:42:250		7.12958e+06		116.203		68.6144		657070		0.583622		293.538		
00:00:42:149		1.19355e+07		-4.48747		4.79189		226.253		7.13979e+06		140.315			00:00:42:149		7.13033e+06		116.203		68.4578		653015		0.580687		293.6		
00:00:42:049		1.1947e+07		-4.47498		4.77547		270.301		7.14086e+06		142.773			00:00:42:049		7.13103e+06		116.203		68.4578		653015		0.580687		293.663		
00:00:41:950		1.19586e+07		-4.46249		4.7639		315.214		7.14186e+06		144.918			00:00:41:950		7.13172e+06		116.096		68.3002		648916		0.577747		293.727		
00:00:41:750		1.19817e+07		-4.43749		4.75278		391.396		7.14371e+06		149.075			00:00:41:750		7.13294e+06		115.988		68.3002		648916		0.577747		293.856		
00:00:41:750		1.19817e+07		-4.43749		4.75278		391.396		7.14371e+06		149.075			00:00:41:750		7.13294e+06		115.988		68.3002		648916		0.577747		293.856		
00:00:41:649		1.19932e+07		-4.42497		4.73906		420.71		7.14455e+06		151.091			00:00:41:649		7.13349e+06		115.988		68.1417		644793		0.574802		293.922		
00:00:41:549		1.20048e+07		-4.41244		4.72		444.493		7.14536e+06		153.138			00:00:41:549		7.134e+06		115.988		68.1417		644793		0.574802		293.987		
00:00:41:350		1.2028e+07		-4.38731		4.70114		476.484		7.1469e+06		157.205			00:00:41:350		7.13492e+06		115.88		67.9822		640644		0.571852		294.12		
00:00:41:350		1.2028e+07		-4.38731		4.70114		476.484		7.1469e+06		157.205			00:00:41:350		7.13492e+06		115.88		67.9822		640644		0.571852		294.12		
00:00:41:250		1.20396e+07		-4.37472		4.70016		482.937		7.14765e+06		159.349			00:00:41:250		7.13535e+06		115.772		67.9822		640644		0.571852		294.188		
00:00:41:149		1.20511e+07		-4.3621		4.69019		484.022		7.14839e+06		161.545			00:00:41:149		7.13576e+06		115.772		67.8215		636451		0.568896		294.256		
00:00:41:049		1.20627e+07		-4.34947		4.66853		484.495		7.14913e+06		163.747			00:00:41:049		7.13616e+06		115.772		67.8215		636451		0.568896		294.325		
00:00:40:950		1.20742e+07		-4.33681		4.64833		484.96		7.14987e+06		165.93			00:00:40:950		7.13656e+06		115.664		67.6598		632214		0.565934		294.395		
00:00:40:850		1.20857e+07		-4.32415		4.64379		485.418		7.15061e+06		168.106			00:00:40:850		7.13695e+06		115.664		67.6598		632214		0.565934		294.465		
00:00:40:750		1.20973e+07		-4.31147		4.64888		485.865		7.15134e+06		170.283			00:00:40:750		7.13733e+06		115.555		67.6598		632214		0.565934		294.536		
00:00:40:600		1.21145e+07		-4.29243		4.63504		486.525		7.15243e+06		173.548			00:00:40:600		7.13788e+06		115.555		67.4969		627932		0.562966		294.644		
00:00:40:399		1.21371e+07		-4.26707		4.58442		487.378		7.15384e+06		177.914			00:00:40:399		7.13856e+06		115.446		67.3328		623626		0.559991		294.79		
00:00:40:299		1.21483e+07		-4.25444		4.59065		487.79		7.15453e+06		180.113			00:00:40:299		7.13888e+06		115.446		67.3328		623626		0.559991		294.865		
00:00:40:299		1.21483e+07		-4.25444		4.59065		487.79		7.15453e+06		180.113			00:00:40:299		7.13888e+06		115.446		67.3328		623626		0.559991		294.865		
00:00:40:200		1.21596e+07		-4.24185		4.60511		488.201		7.1552e+06		182.225			00:00:40:200		7.13917e+06		115.337		67.1675		619273		0.557009		294.94		
00:00:40:100		1.21707e+07		-4.2293		4.59788		488.61		7.15584e+06		184.134			00:00:40:100		7.13947e+06		115.337		67.1675		619273		0.557009		295.016		
00:00:40:049		1.21763e+07		-4.22304		4.58143		488.808		7.15615e+06		185.088			00:00:40:049		7.13961e+06		115.337		67.1675		619273		0.557009		295.055		
00:00:39:950		1.21875e+07		-4.21054		4.54171		489.202		7.15674e+06		186.966			00:00:39:950		7.13986e+06		115.227		67.0008		614878		0.55402		295.132		
00:00:39:799		1.22042e+07		-4.19183		4.53111		489.784		7.15756e+06		189.747			00:00:39:799		7.14018e+06		115.227		67.0008		614878		0.55402		295.25		
00:00:39:700		1.22153e+07		-4.17936		4.56011		490.168		7.15806e+06		191.601			00:00:39:700		7.14034e+06		115.117		66.833		610456		0.551023		295.331		
00:00:39:600		1.22264e+07		-4.16688		4.57042		490.548		7.15854e+06		193.467			00:00:39:600		7.14048e+06		115.117		66.833		610456		0.551023		295.412		
00:00:39:399		1.22485e+07		-4.1418		4.47122		491.306		7.15939e+06		197.182			00:00:39:399		7.14064e+06		115.007		66.6638		605989		0.548018		295.576		
00:00:39:299		1.22596e+07		-4.12917		4.46376		491.687		7.15976e+06		199.032			00:00:39:299		7.14066e+06		115.007		66.6638		605989		0.548018		295.659		
00:00:39:299		1.22596e+07		-4.12917		4.46376		491.687		7.15976e+06		199.032			00:00:39:299		7.14066e+06		115.007		66.6638		605989		0.548018		295.659		
00:00:39:200		1.22707e+07		-4.11646		4.51212		492.068		7.1601e+06		200.897			00:00:39:200		7.14064e+06		114.896		66.4936		601435		0.545004		295.743		
00:00:39:100		1.22817e+07		-4.10367		4.5494		492.456		7.1604e+06		202.731			00:00:39:100		7.14058e+06		114.896		66.4936		601435		0.545004		295.828		
00:00:39:000		1.22927e+07		-4.09078		4.50368		492.846		7.16066e+06		204.577			00:00:39:000		7.14049e+06		114.785		66.4936		601435		0.545004		295.915		
00:00:38:899		1.23037e+07		-4.0778		4.40957		493.239		7.16088e+06		206.438			00:00:38:899		7.14035e+06		114.785		66.322		596841		0.54198		296.003		
00:00:38:799		1.23147e+07		-4.06475		4.31444		493.636		7.16107e+06		208.335			00:00:38:799		7.14016e+06		114.785		66.322		596841		0.54198		296.091		
00:00:38:700		1.23256e+07		-4.05164		4.24926		494.033		7.16121e+06		210.137			00:00:38:700		7.13993e+06		114.674		66.1493		592238		0.538947		296.181		
00:00:38:600		1.23365e+07		-4.03854		4.21715		494.422		7.16129e+06		211.731			00:00:38:600		7.13968e+06		114.674		66.1493		592238		0.538947		296.273		
00:00:38:500		1.23474e+07		-4.02547		4.17258		494.804		7.16132e+06		213.303			00:00:38:500		7.13938e+06		114.562		66.1493		592238		0.538947		296.365		
00:00:38:399		1.23583e+07		-4.01252		4.07763		495.165		7.16127e+06		214.799			00:00:38:399		7.13903e+06		114.562		65.9752		587568		0.535903		296.458		
00:00:38:299		1.23692e+07		-3.99973		3.96409		495.519		7.16117e+06		216.115			00:00:38:299		7.13864e+06		114.562		65.9752		587568		0.535903		296.552		
00:00:38:200		1.238e+07		-3.98715		3.88674		495.865		7.16101e+06		217.309			00:00:38:200		7.13824e+06		114.45		65.7999		582835		0.532848		296.647		
00:00:38:100		1.23908e+07		-3.9748		3.88801		496.201		7.16086e+06		218.806			00:00:38:100		7.13782e+06		114.45		65.7999		582835		0.532848		296.743		
00:00:38:000		1.24016e+07		-3.96268		3.89507		496.545		7.16078e+06		220.977			00:00:38:000		7.13734e+06		114.338		65.7999		582835		0.532848		296.841		
00:00:37:899		1.24124e+07		-3.95077		3.90318		496.894		7.16069e+06		223.325			00:00:37:899		7.13675e+06		114.338		65.6232		578035		0.529782		296.942		
00:00:37:799		1.24232e+07		-3.93903		3.91305		497.263		7.16048e+06		225.606			00:00:37:799		7.13602e+06		114.338		65.6232		578035		0.529782		297.042		
00:00:37:700		1.24339e+07		-3.92741		3.91934		497.649		7.16012e+06		227.802			00:00:37:700		7.13516e+06		114.225		65.4455		573190		0.526704		297.142		
00:00:37:549		1.24499e+07		-3.91007		3.92808		498.264		7.15934e+06		230.91			00:00:37:549		7.13366e+06		114.225		65.4455		573190		0.526704		297.294		
00:00:37:549		1.24499e+07		-3.91007		3.92808		498.264		7.15934e+06		230.91			00:00:37:549		7.13366e+06		114.225		65.4455		573190		0.526704		297.294		
00:00:37:350		1.24711e+07		-3.88693		3.94608		499.146		7.15787e+06		234.62			00:00:37:350		7.13133e+06		114.111		65.2667		568298		0.523613		297.502		
00:00:37:350		1.24711e+07		-3.88693		3.94608		499.146		7.15787e+06		234.62			00:00:37:350		7.13133e+06		114.111		65.2667		568298		0.523613		297.502		
00:00:37:200		1.2487e+07		-3.86944		3.95503		499.844		7.15648e+06		236.942			00:00:37:200		7.12939e+06		113.997		65.0868		563341		0.520509		297.663		
00:00:37:100		1.24976e+07		-3.85768		3.96038		500.324		7.15543e+06		238.182			00:00:37:100		7.12803e+06		113.997		65.0868		563341		0.520509		297.773		
00:00:37:000		1.25081e+07		-3.84583		3.96841		500.803		7.15427e+06		239.164			00:00:37:000		7.12662e+06		113.883		65.0868		563341		0.520509		297.884		
00:00:36:899		1.2524e+07		-3.82792		3.98413		501.535		7.15237e+06		240.45			00:00:36:899		7.12441e+06		113.883		64.906		558316		0.517392		298.055		
00:00:36:899		1.2524e+07		-3.82792		3.98413		501.535		7.15237e+06		240.45			00:00:36:899		7.12441e+06		113.883		64.906		558316		0.517392		298.055		
00:00:36:750		1.25345e+07		-3.81589		3.98909		502.024		7.15101e+06		241.373			00:00:36:750		7.12285e+06		113.768		64.906		558316		0.517392		298.17		
00:00:36:649		1.2545e+07		-3.8038		3.99063		502.521		7.14962e+06		242.48			00:00:36:649		7.12122e+06		113.768		64.7242		553247		0.514259		298.289		
00:00:36:450		1.25659e+07		-3.77946		4.00873		503.531		7.14683e+06		245.445			00:00:36:450		7.11776e+06		113.653		64.5414		548129		0.511112		298.532		
00:00:36:350		1.25762e+07		-3.76723		4.02132		504.056		7.14535e+06		247.002			00:00:36:350		7.11591e+06		113.653		64.5414		548129		0.511112		298.657		
00:00:36:250		1.25865e+07		-3.75497		4.02685		504.593		7.14378e+06		248.555			00:00:36:250		7.11397e+06		113.536		64.5414		548129		0.511112		298.784		
00:00:36:250		1.25865e+07		-3.75497		4.02685		504.593		7.14378e+06		248.555			00:00:36:250		7.11397e+06		113.536		64.5414		548129		0.511112		298.784		
00:00:36:149		1.25968e+07		-3.74268		4.02444		505.152		7.14212e+06		250.103			00:00:36:149		7.11194e+06		113.536		64.3577		542904		0.50795		298.912		
00:00:36:049		1.2607e+07		-3.73038		4.02563		505.726		7.14038e+06		251.653			00:00:36:049		7.10981e+06		113.536		64.3577		542904		0.50795		299.044		
00:00:35:950		1.26172e+07		-3.71805		4.03652		506.324		7.13855e+06		253.203			00:00:35:950		7.1076e+06		113.42		64.1729		537615		0.504771		299.178		
00:00:35:850		1.26272e+07		-3.70572		4.05283		506.946		7.13662e+06		254.754			00:00:35:850		7.10528e+06		113.42		64.1729		537615		0.504771		299.314		
00:00:35:750		1.26372e+07		-3.69337		4.06401		507.588		7.13459e+06		256.298			00:00:35:750		7.10287e+06		113.303		64.1729		537615		0.504771		299.452		
00:00:35:649		1.26472e+07		-3.68104		4.05716		508.254		7.13247e+06		257.801			00:00:35:649		7.10036e+06		113.303		63.9871		532277		0.501576		299.592		
00:00:35:549		1.26572e+07		-3.66873		4.05127		508.942		7.13023e+06		259.216			00:00:35:549		7.09775e+06		113.303		63.9871		532277		0.501576		299.736		
00:00:35:350		1.2677e+07		-3.64417		4.08323		510.381		7.1254e+06		260.916			00:00:35:350		7.0924e+06		113.185		63.8003		526852		0.498364		300.028		
00:00:35:350		1.2677e+07		-3.64417		4.08323		510.381		7.1254e+06		260.916			00:00:35:350		7.0924e+06		113.185		63.8003		526852		0.498364		300.028		
00:00:35:250		1.26868e+07		-3.63194		4.0987		511.133		7.1228e+06		261.396			00:00:35:250		7.08966e+06		113.067		63.8003		526852		0.498364		300.176		
00:00:35:149		1.26965e+07		-3.61973		4.08909		511.905		7.12007e+06		261.871			00:00:35:149		7.08678e+06		113.067		63.6126		521341		0.495134		300.326		
00:00:35:049		1.27062e+07		-3.60755		4.07424		512.697		7.1172e+06		262.342			00:00:35:049		7.08377e+06		113.067		63.6126		521341		0.495134		300.478		
00:00:34:950		1.27158e+07		-3.59539		4.07641		513.494		7.1142e+06		262.803			00:00:34:950		7.08064e+06		112.948		63.4239		515763		0.491887		300.633		
00:00:34:799		1.27302e+07		-3.57721		4.12503		514.706		7.10945e+06		263.453			00:00:34:799		7.07569e+06		112.948		63.4239		515763		0.491887		300.871		
00:00:34:750		1.27349e+07		-3.57117		4.13731		515.107		7.10781e+06		263.646			00:00:34:750		7.07397e+06		112.829		63.4239		515763		0.491887		300.951		
00:00:34:600		1.27491e+07		-3.55307		4.10934		516.318		7.10267e+06		264.269			00:00:34:600		7.06865e+06		112.829		63.2343		510116		0.488621		301.195		
00:00:34:500		1.27586e+07		-3.54105		4.07795		517.118		7.0991e+06		264.659			00:00:34:500		7.06496e+06		112.709		63.2343		510116		0.488621		301.361		
00:00:34:299		1.27773e+07		-3.51711		4.15424		518.718		7.09158e+06		265.385			00:00:34:299		7.0572e+06		112.709		63.0439		504403		0.485337		301.697		
00:00:34:299		1.27773e+07		-3.51711		4.15424		518.718		7.09158e+06		265.385			00:00:34:299		7.0572e+06		112.709		63.0439		504403		0.485337		301.697		
00:00:34:200		1.27866e+07		-3.50519		4.18955		519.541		7.08763e+06		265.704			00:00:34:200		7.05313e+06		112.588		62.8528		498621		0.482034		301.867		
00:00:34:149		1.27912e+07		-3.49924		4.17543		519.964		7.0856e+06		265.865			00:00:34:149		7.05105e+06		112.588		62.8528		498621		0.482034		301.952		
00:00:34:049		1.28004e+07		-3.48737		4.10483		520.844		7.08143e+06		266.09			00:00:34:049		7.04679e+06		112.588		62.8528		498621		0.482034		302.125		
00:00:33:899		1.28141e+07		-3.46962		4.07363		522.322		7.07492e+06		266.306			00:00:33:899		7.04017e+06		112.467		62.661		492772		0.478713		302.387		
00:00:33:799		1.28231e+07		-3.45783		4.17602		523.45		7.0704e+06		266.35			00:00:33:799		7.03559e+06		112.467		62.661		492772		0.478713		302.56		
00:00:33:700		1.2832e+07		-3.44606		4.25645		524.736		7.06571e+06		266.3			00:00:33:700		7.03087e+06		112.345		62.4686		486874		0.475374		302.734		
00:00:33:600		1.28409e+07		-3.43433		4.19276		526.199		7.06087e+06		266.169			00:00:33:600		7.02602e+06		112.345		62.4686		486874		0.475374		302.907		
00:00:33:399		1.28585e+07		-3.41102		4.00195		529.711		7.05063e+06		265.572			00:00:33:399		7.01582e+06		112.223		62.2756		480907		0.472016		303.255		
00:00:33:299		1.28672e+07		-3.39943		4.17831		531.72		7.04518e+06		265.009			00:00:33:299		7.01044e+06		112.223		62.2756		480907		0.472016		303.429		
00:00:33:299		1.28672e+07		-3.39943		4.17831		531.72		7.04518e+06		265.009			00:00:33:299		7.01044e+06		112.223		62.2756		480907		0.472016		303.429		
00:00:33:200		1.28758e+07		-3.38789		4.37765		533.837		7.03946e+06		264.026			00:00:33:200		7.00487e+06		112.1		62.0822		474850		0.468641		303.599		
00:00:33:100		1.28843e+07		-3.37639		4.57568		536.01		7.03341e+06		262.007			00:00:33:100		6.99918e+06		112.1		62.0822		474850		0.468641		303.768		
00:00:33:000		1.28928e+07		-3.36496		4.77166		538.167		7.02696e+06		257.551			00:00:33:000		6.99360e+06		111.977		62.0822		474850		0.468641		303.935		
00:00:32:899		1.29012e+07		-3.3536		4.96563		540.211		7.02007e+06		246.807			00:00:32:899		6.98878e+06		111.977		61.8885		468726		0.465248		304.101		
00:00:32:799		1.29095e+07		-3.3423		5.15722		542.037		7.01277e+06		236.287			00:00:32:799		6.98387e+06		111.977		61.8885		468726		0.465248		304.265		
00:00:32:700		1.29178e+07		-3.33108		5.34574		543.52		7.0051e+06		226.15			00:00:32:700		6.97843e+06		111.854		61.6944		462509		0.461839		304.427		
00:00:32:600		1.2926e+07		-3.31993		5.53105		544.532		6.99714e+06		216.692			00:00:32:600		6.9725e+06		111.854		61.6944		462509		0.461839		304.585		
00:00:32:500		1.29342e+07		-3.30885		5.71349		544.938		6.989e+06		208.224			00:00:32:500		6.96613e+06		111.73		61.6944		462509		0.461839		304.736		
00:00:32:399		1.29423e+07		-3.29784		5.89221		544.675		6.98066e+06		200.059			00:00:32:399		6.95935e+06		111.73		61.5001		456226		0.458414		304.883		
00:00:32:299		1.29503e+07		-3.28689		6.06707		543.716		6.97195e+06		191.512			00:00:32:299		6.95218e+06		111.73		61.5001		456226		0.458414		305.024		
00:00:32:200		1.29582e+07		-3.27601		6.23557		542.14		6.96292e+06		183.062			00:00:32:200		6.9447e+06		111.607		61.3054		449911		0.454976		305.158		
00:00:32:049		1.29699e+07		-3.25979		6.43028		539.434		6.94936e+06		170.941			00:00:32:049		6.93333e+06		111.607		61.3054		449911		0.454976		305.343		
00:00:32:049		1.29699e+07		-3.25979		6.43028		539.434		6.94936e+06		170.941			00:00:32:049		6.93333e+06		111.607		61.3054		449911		0.454976		305.343		
00:00:31:949		1.29776e+07		-3.24903		6.4343		538.032		6.94086e+06		164.074			00:00:31:949		6.92614e+06		111.483		61.1104		443548		0.451527		305.455		
00:00:31:850		1.29853e+07		-3.23832		6.42135		537.125		6.93347e+06		164.008			00:00:31:850		6.91929e+06		111.483		61.1104		443548		0.451527		305.556		
00:00:31:750		1.29929e+07		-3.22764		6.40929		536.673		6.92799e+06		196.326			00:00:31:750		6.91042e+06		111.359		61.1104		443548		0.451527		305.649		
00:00:31:649		1.30005e+07		-3.21697		6.39717		536.594		6.92495e+06		302.561			00:00:31:649		6.88875e+06		111.359		60.9151		437091		0.448069		305.732		
00:00:31:550		1.3008e+07		-3.20633		6.38457		536.665		6.92369e+06		414.659			00:00:31:550		6.84417e+06		111.359		60.9151		437091		0.448069		305.807		
00:00:31:350		1.3023e+07		-3.18506		6.36351		536.729		6.9239e+06		511.485			00:00:31:350		6.80208e+06		111.234		60.7194		430546		0.444605		305.923		
00:00:31:250		1.30304e+07		-3.17442		6.35416		536.722		6.92462e+06		543.402			00:00:31:250		6.78717e+06		111.11		60.7194		430546		0.444605		305.967		
00:00:31:250		1.30304e+07		-3.17442		6.35416		536.722		6.92462e+06		543.402			00:00:31:250		6.78717e+06		111.11		60.7194		430546		0.444605		305.967		
00:00:31:149		1.30379e+07		-3.16378		6.34586		536.711		6.92525e+06		536.542			00:00:31:149		6.78517e+06		111.11		60.5236		423929		0.441137		306.004		
00:00:31:000		1.3049e+07		-3.14781		6.33522		536.694		6.92607e+06		529.653			00:00:31:000		6.78994e+06		110.986		60.5236		423929		0.441137		306.048		
00:00:30:899		1.30602e+07		-3.13183		6.32718		536.676		6.92686e+06		529.79			00:00:30:899		6.79145e+06		110.986		60.3277		417242		0.437667		306.082		
00:00:30:750		1.30676e+07		-3.12117		6.32305		536.664		6.92739e+06		529.874			00:00:30:750		6.79194e+06		110.863		60.3277		417242		0.437667		306.102		
00:00:30:750		1.30676e+07		-3.12117		6.32305		536.664		6.92739e+06		529.874			00:00:30:750		6.79194e+06		110.863		60.3277		417242		0.437667		306.102		
00:00:30:550		1.30825e+07		-3.09981		6.31471		536.638		6.92842e+06		530.059			00:00:30:550		6.7929e+06		110.863		60.1316		410483		0.434195		306.142		
00:00:30:550		1.30825e+07		-3.09981		6.31471		536.638		6.92842e+06		530.059			00:00:30:550		6.7929e+06		110.863		60.1316		410483		0.434195		306.142		
00:00:30:350		1.30974e+07		-3.07841		6.30649		536.611		6.92945e+06		530.228			00:00:30:350		6.79386e+06		110.739		59.9355		403676		0.430722		306.181		
00:00:30:350		1.30974e+07		-3.07841		6.30649		536.611		6.92945e+06		530.228			00:00:30:350		6.79386e+06		110.739		59.9355		403676		0.430722		306.181		
00:00:30:250		1.31048e+07		-3.06769		6.30228		536.598		6.92996e+06		530.313			00:00:30:250		6.79434e+06		110.615		59.9355		403676		0.430722		306.201		
00:00:30:149		1.31123e+07		-3.05696		6.29807		536.583		6.93046e+06		530.408			00:00:30:149		6.79481e+06		110.615		59.7395		396795		0.427246		306.221		
00:00:30:050		1.31197e+07		-3.04622		6.29388		536.567		6.93096e+06		530.494			00:00:30:050		6.79527e+06		110.615		59.7395		396795		0.427246		306.24		
00:00:29:949		1.31272e+07		-3.03546		6.28964		536.553		6.93146e+06		530.579			00:00:29:949		6.79574e+06		110.491		59.5437		389824		0.423768		306.26		
00:00:29:850		1.31347e+07		-3.0247		6.28539		536.536		6.93196e+06		530.665			00:00:29:850		6.7962e+06		110.491		59.5437		389824		0.423768		306.279		
00:00:29:750		1.31421e+07		-3.01392		6.2811		536.516		6.93245e+06		530.748			00:00:29:750		6.79666e+06		110.367		59.5437		389824		0.423768		306.298		
00:00:29:649		1.31496e+07		-3.00313		6.27682		536.5		6.93294e+06		530.836			00:00:29:649		6.79712e+06		110.367		59.3481		382782		0.420289		306.318		
00:00:29:550		1.31571e+07		-2.99232		6.27255		536.484		6.93343e+06		530.922			00:00:29:550		6.79757e+06		110.367		59.3481		382782		0.420289		306.337		
00:00:29:350		1.31721e+07		-2.97067		6.2639		536.443		6.93439e+06		531.081			00:00:29:350		6.79847e+06		110.243		59.153		375649		0.416808		306.375		
00:00:29:350		1.31721e+07		-2.97067		6.2639		536.443		6.93439e+06		531.081			00:00:29:350		6.79847e+06		110.243		59.153		375649		0.416808		306.375		
00:00:29:199		1.31833e+07		-2.9544		6.25738		536.414		6.93511e+06		531.21			00:00:29:199		6.79913e+06		110.119		58.9585		368404		0.413325		306.404		
00:00:29:100		1.31908e+07		-2.94353		6.25309		536.394		6.93558e+06		531.299			00:00:29:100		6.79957e+06		110.119		58.9585		368404		0.413325		306.423		
00:00:29:000		1.31983e+07		-2.93265		6.2487		536.374		6.93605e+06		531.393			00:00:29:000		6.8e+06		109.995		58.9585		368404		0.413325		306.442		
00:00:28:899		1.32058e+07		-2.92175		6.24437		536.356		6.93652e+06		531.471			00:00:28:899		6.80044e+06		109.995		58.7648		361026		0.40984		306.46		
00:00:28:800		1.32133e+07		-2.91084		6.23994		536.334		6.93699e+06		531.555			00:00:28:800		6.80087e+06		109.995		58.7648		361026		0.40984		306.479		
00:00:28:699		1.32208e+07		-2.89992		6.23553		536.313		6.93745e+06		531.642			00:00:28:699		6.8013e+06		109.871		58.5719		353539		0.406353		306.497		
00:00:28:600		1.32283e+07		-2.88898		6.23111		536.291		6.93791e+06		531.728			00:00:28:600		6.80173e+06		109.871		58.5719		353539		0.406353		306.516		
00:00:28:500		1.32358e+07		-2.87803		6.22668		536.269		6.93837e+06		531.811			00:00:28:500		6.80215e+06		109.747		58.5719		353539		0.406353		306.534		
00:00:28:300		1.32509e+07		-2.8561		6.21784		536.216		6.93928e+06		531.988			00:00:28:300		6.80299e+06		109.747		58.3797		345940		0.402865		306.57		
00:00:28:300		1.32509e+07		-2.8561		6.21784		536.216		6.93928e+06		531.988			00:00:28:300		6.80299e+06		109.747		58.3797		345940		0.402865		306.57		
00:00:28:199		1.32584e+07		-2.84513		6.21341		536.187		6.93973e+06		532.079			00:00:28:199		6.80341e+06		109.622		58.1881		338211		0.399374		306.589		
00:00:28:100		1.32659e+07		-2.83414		6.2089		536.151		6.94018e+06		532.162			00:00:28:100		6.80382e+06		109.622		58.1881		338211		0.399374		306.607		
00:00:28:000		1.32735e+07		-2.82314		6.20442		536.116		6.94063e+06		532.252			00:00:28:000		6.80424e+06		109.497		58.1881		338211		0.399374		306.625		
00:00:27:899		1.32811e+07		-2.81213		6.19991		536.071		6.94108e+06		532.347			00:00:27:899		6.80465e+06		109.497		57.9972		330376		0.395882		306.643		
00:00:27:800		1.32887e+07		-2.8011		6.19539		536.027		6.94153e+06		532.427			00:00:27:800		6.80506e+06		109.497		57.9972		330376		0.395882		306.661		
00:00:27:699		1.32962e+07		-2.79006		6.19089		535.976		6.94197e+06		532.517			00:00:27:699		6.80547e+06		109.371		57.8067		322669		0.392389		306.679		
00:00:27:600		1.33038e+07		-2.77901		6.18628		535.923		6.94242e+06		532.615			00:00:27:600		6.80588e+06		109.371		57.8067		322669		0.392389		306.696		
00:00:27:500		1.33114e+07		-2.76794		6.18176		535.87		6.94287e+06		532.707			00:00:27:500		6.80628e+06		109.242		57.8067		322669		0.392389		306.714		
00:00:27:300		1.33267e+07		-2.74575		6.17257		535.799		6.94377e+06		532.937			00:00:27:300		6.8071e+06		109.242		57.6165		316355		0.388893		306.75		
00:00:27:300		1.33267e+07		-2.74575		6.17257		535.799		6.94377e+06		532.937			00:00:27:300		6.8071e+06		109.242		57.6165		316355		0.388893		306.75		
00:00:27:199		1.33343e+07		-2.73463		6.16799		535.799		6.94423e+06		533.081			00:00:27:199		6.8075e+06		109.108		57.4261		311237		0.385396		306.767		
00:00:27:100		1.33419e+07		-2.7235		6.16342		535.841		6.9447e+06		533.25			00:00:27:100		6.80789e+06		109.108		57.4261		311237		0.385396		306.785		
00:00:27:000		1.33495e+07		-2.71235		6.15877		535.938		6.94518e+06		533.488			00:00:27:000		6.80827e+06		108.955		57.4261		311237		0.385396		306.803		
00:00:26:899		1.33572e+07		-2.70118		6.15411		536.094		6.94567e+06		533.801			00:00:26:899		6.80861e+06		108.955		57.234		306052		0.381897		306.82		
00:00:26:800		1.33648e+07		-2.69		6.14943		536.307		6.94617e+06		534.24			00:00:26:800		6.80892e+06		108.955		57.234		306052		0.381897		306.838		
00:00:26:699		1.33725e+07		-2.6788		6.14477		536.547		6.94668e+06		534.84			00:00:26:699		6.80915e+06		108.902		57.039		300893		0.378397		306.855		
00:00:26:600		1.33801e+07		-2.66758		6.14011		536.767		6.9472e+06		535.641			00:00:26:600		6.8093e+06		108.902		57.039		300893		0.378397		306.872		
00:00:26:500		1.33878e+07		-2.65634		6.13538		536.898		6.9477e+06		536.57			00:00:26:500		6.80934e+06		108.849		57.039		300893		0.378397		306.89		
00:00:26:399		1.33954e+07		-2.64508		6.13072		536.889		6.94817e+06		537.484			00:00:26:399		6.80932e+06		108.849		56.8416		295739		0.374894		306.907		
00:00:26:250		1.3407e+07		-2.62817		6.12366		536.685		6.94869e+06		537.241			00:00:26:250		6.80975e+06		108.795		56.8416		295739		0.374894		306.933		
00:00:26:250		1.3407e+07		-2.62817		6.12366		536.685		6.94869e+06		537.241			00:00:26:250		6.80975e+06		108.795		56.8416		295739		0.374894		306.933		
00:00:26:100		1.34185e+07		-2.61123		6.11656		536.433		6.94883e+06		528.534			00:00:26:100		6.81344e+06		108.795		56.6417		290593		0.37139		306.958		
00:00:25:949		1.343e+07		-2.59425		6.10934		536.193		6.94866e+06		511.144			00:00:25:949		6.82133e+06		108.74		56.4394		285516		0.367885		306.984		
00:00:25:949		1.343e+07		-2.59425		6.10934		536.193		6.94866e+06		511.144			00:00:25:949		6.82133e+06		108.74		56.4394		285516		0.367885		306.984		
00:00:25:750		1.34453e+07		-2.57158		6.09975		535.934		6.94859e+06		517.08			00:00:25:750		6.82038e+06		108.685		56.4394		285516		0.367885		307.018		
00:00:25:750		1.34453e+07		-2.57158		6.09975		535.934		6.94859e+06		517.08			00:00:25:750		6.82038e+06		108.685		56.4394		285516		0.367885		307.018		
00:00:25:649		1.3453e+07		-2.56023		6.09493		535.841		6.94866e+06		519.904			00:00:25:649		6.81904e+06		108.685		56.2351		280464		0.364377		307.034		
00:00:25:550		1.34606e+07		-2.54885		6.09006		535.778		6.94879e+06		522.669			00:00:25:550		6.81778e+06		108.685		56.2351		280464		0.364377		307.051		
00:00:25:350		1.34758e+07		-2.52607		6.0803		535.696		6.94923e+06		528.082			00:00:25:350		6.8155e+06		108.629		56.0285		275401		0.360868		307.085		
00:00:25:350		1.34758e+07		-2.52607		6.0803		535.696		6.94923e+06		528.082			00:00:25:350		6.8155e+06		108.629		56.0285		275401		0.360868		307.085		
00:00:25:250		1.34834e+07		-2.51466		6.07531		535.663		6.94952e+06		530.697			00:00:25:250		6.81446e+06		108.573		56.0285		275401		0.360868		307.102		
00:00:25:149		1.3491e+07		-2.50323		6.07039		535.63		6.94984e+06		532.996			00:00:25:149		6.81357e+06		108.573		55.8198		270389		0.357358		307.118		
00:00:25:050		1.34987e+07		-2.49178		6.06549		535.601		6.95017e+06		534.374			00:00:25:050		6.81304e+06		108.573		55.8198		270389		0.357358		307.135		
00:00:24:949		1.35063e+07		-2.48031		6.06055		535.574		6.95049e+06		534.407			00:00:24:949		6.81317e+06		108.516		55.6086		265404		0.353845		307.152		
00:00:24:850		1.3514e+07		-2.46883		6.05558		535.548		6.9508e+06		534.438			00:00:24:850		6.81347e+06		108.516		55.6086		265404		0.353845		307.168		
00:00:24:750		1.35217e+07		-2.45733		6.0506		535.523		6.95109e+06		534.443			00:00:24:750		6.81376e+06		108.458		55.6086		265404		0.353845		307.185		
00:00:24:649		1.35294e+07		-2.44582		6.0455		535.497		6.95137e+06		534.424			00:00:24:649		6.81404e+06		108.458		55.3949		260389		0.350331		307.201		
00:00:24:550		1.35371e+07		-2.4343		6.04038		535.468		6.95163e+06		534.373			00:00:24:550		6.81433e+06		108.458		55.3949		260389		0.350331		307.218		
00:00:24:350		1.35525e+07		-2.41123		6.03034		535.402		6.95211e+06		534.228			00:00:24:350		6.81489e+06		108.4		55.1786		255406		0.346816		307.251		
00:00:24:350		1.35525e+07		-2.41123		6.03034		535.402		6.95211e+06		534.228			00:00:24:350		6.81489e+06		108.4		55.1786		255406		0.346816		307.251		
00:00:24:250		1.35602e+07		-2.39968		6.02522		535.368		6.95237e+06		534.246			00:00:24:250		6.81517e+06		108.341		55.1786		255406		0.346816		307.267		
00:00:24:149		1.3568e+07		-2.38814		6.02013		535.329		6.95268e+06		534.288			00:00:24:149		6.81546e+06		108.341		54.9596		250494		0.343299		307.283		
00:00:24:050		1.35757e+07		-2.3766		6.01502		535.295		6.95297e+06		534.332			00:00:24:050		6.81574e+06		108.341		54.9596		250494		0.343299		307.3		
00:00:23:949		1.35834e+07		-2.36507		6.00989		535.26		6.95327e+06		534.374			00:00:23:949		6.81602e+06		108.282		54.7378		245593		0.33978		307.316		
00:00:23:850		1.35911e+07		-2.35356		6.0047		535.222		6.95356e+06		534.418			00:00:23:850		6.81629e+06		108.282		54.7378		245593		0.33978		307.332		
00:00:23:750		1.35988e+07		-2.34205		5.99948		535.182		6.95385e+06		534.458			00:00:23:750		6.81657e+06		108.221		54.7378		245593		0.33978		307.348		
00:00:23:550		1.36143e+07		-2.31907		5.98902		535.103		6.95443e+06		534.572			00:00:23:550		6.81709e+06		108.221		54.5131		240684		0.336259		307.38		
00:00:23:550		1.36143e+07		-2.31907		5.98902		535.103		6.95443e+06		534.572			00:00:23:550		6.81709e+06		108.221		54.5131		240684		0.336259		307.38		
00:00:23:350		1.36336e+07		-2.29043		5.97603		535.009		6.95513e+06		534.73			00:00:23:350		6.81773e+06		108.161		54.2858		235809		0.332737		307.421		
00:00:23:350		1.36336e+07		-2.29043		5.97603		535.009		6.95513e+06		534.73			00:00:23:350		6.81773e+06		108.161		54.2858		235809		0.332737		307.421		
00:00:23:199		1.36414e+07		-2.27902		5.97063		534.967		6.95541e+06		534.796			00:00:23:199		6.81797e+06		108.099		54.0557		230968		0.329213		307.437		
00:00:23:100		1.36492e+07		-2.26764		5.96533		534.93		6.95568e+06		534.881			00:00:23:100		6.81821e+06		108.099		54.0557		230968		0.329213		307.453		
00:00:23:000		1.36569e+07		-2.25628		5.95999		534.892		6.95596e+06		534.978			00:00:23:000		6.81844e+06		108.037		54.0557		230968		0.329213		307.468		
00:00:22:899		1.36647e+07		-2.24495		5.95465		534.852		6.95623e+06		535.075			00:00:22:899		6.81867e+06		108.037		53.823		226141		0.325688		307.484		
00:00:22:800		1.36725e+07		-2.23364		5.94931		534.813		6.9565e+06		535.167			00:00:22:800		6.8189e+06		108.037		53.823		226141		0.325688		307.5		
00:00:22:699		1.36803e+07		-2.22236		5.94386		534.775		6.95677e+06		535.264			00:00:22:699		6.81912e+06		107.974		53.5875		221350		0.322161		307.516		
00:00:22:600		1.36881e+07		-2.21111		5.93837		534.737		6.95704e+06		535.336			00:00:22:600		6.81935e+06		107.974		53.5875		221350		0.322161		307.532		
00:00:22:399		1.37037e+07		-2.1887		5.92763		534.655		6.95756e+06		535.452			00:00:22:399		6.81982e+06		107.911		53.3495		216575		0.318632		307.563		
00:00:22:300		1.37115e+07		-2.17754		5.92218		534.616		6.95782e+06		535.499			00:00:22:300		6.82006e+06		107.911		53.3495		216575		0.318632		307.579		
00:00:22:300		1.37115e+07		-2.17754		5.92218		534.616		6.95782e+06		535.499			00:00:22:300		6.82006e+06		107.911		53.3495		216575		0.318632		307.579		
00:00:22:199		1.37193e+07		-2.16641		5.9165		534.574		6.95808e+06		535.543			00:00:22:199		6.8203e+06		107.846		53.1089		211817		0.315102		307.595		
00:00:22:100		1.37272e+07		-2.15531		5.91104		534.536		6.95833e+06		535.605			00:00:22:100		6.82053e+06		107.846		53.1089		211817		0.315102		307.61		
00:00:22:000		1.3735e+07		-2.14424		5.90554		534.496		6.95859e+06		535.65			00:00:22:000		6.82076e+06		107.781		53.1089		211817		0.315102		307.626		
00:00:21:899		1.37429e+07		-2.13322		5.9		534.454		6.95884e+06		535.703			00:00:21:899		6.82099e+06		107.781		52.8655		207076		0.31157		307.641		
00:00:21:800		1.37507e+07		-2.12223		5.89436		534.412		6.95908e+06		535.748			00:00:21:800		6.82121e+06		107.781		52.8655		207076		0.31157		307.657		
00:00:21:750		1.37547e+07		-2.11675		5.89154		534.392		6.95921e+06		535.771			00:00:21:750		6.82132e+06		107.715		52.8655		207076		0.31157		307.664		
00:00:21:600		1.37665e+07		-2.10039		5.88305		534.33		6.95957e+06		535.847			00:00:21:600		6.82165e+06		107.715		52.6193		202355		0.308036		307.687		
00:00:21:399		1.37823e+07		-2.07873		5.87181		534.248		6.96005e+06		535.946			00:00:21:399		6.82209e+06		107.649		52.3702		197673		0.304501		307.718		
00:00:21:300		1.37902e+07		-2.06798		5.86618		534.206		6.96028e+06		536.002			00:00:21:300		6.8223e+06		107.649		52.3702		197673		0.304501		307.734		
00:00:21:300		1.37902e+07		-2.06798		5.86618		534.206		6.96028e+06		536.002			00:00:21:300		6.8223e+06		107.649		52.3702		197673		0.304501		307.734		
00:00:21:199		1.37981e+07		-2.05726		5.86051		534.16		6.96052e+06		536.05			00:00:21:199		6.82251e+06		107.581		52.1183		193031		0.300964		307.749		
00:00:21:100		1.3806e+07		-2.0466		5.85482		534.118		6.96075e+06		536.1			00:00:21:100		6.82271e+06		107.581		52.1183		193031		0.300964		307.764		
00:00:21:000		1.3814e+07		-2.03599		5.84912		534.074		6.96097e+06		536.14			00:00:21:000		6.82292e+06		107.513		52.1183		193031		0.300964		307.779		
00:00:20:899		1.38219e+07		-2.02542		5.84338		534.034		6.9612e+06		536.194			00:00:20:899		6.82312e+06		107.513		51.8636		188410		0.297426		307.794		
00:00:20:800		1.38299e+07		-2.0149		5.83759		533.992		6.96142e+06		536.256			00:00:20:800		6.82332e+06		107.513		51.8636		188410		0.297426		307.809		
00:00:20:699		1.38378e+07		-2.00442		5.8318		533.948		6.96164e+06		536.3			00:00:20:699		6.82352e+06		107.444		51.6063		183792		0.293886		307.824		
00:00:20:600		1.38458e+07		-1.99398		5.82602		533.902		6.96186e+06		536.345			00:00:20:600		6.82372e+06		107.444		51.6063		183792		0.293886		307.839		
00:00:20:500		1.38538e+07		-1.98357		5.82022		533.86		6.96208e+06		536.407			00:00:20:500		6.82391e+06		107.374		51.6063		183792		0.293886		307.854		
00:00:20:399		1.38617e+07		-1.9732		5.81435		533.817		6.96229e+06		536.453			00:00:20:399		6.82409e+06		107.374		51.3466		179179		0.290344		307.868		
00:00:20:300		1.38697e+07		-1.96286		5.80846		533.775		6.9625e+06		536.496			00:00:20:300		6.82428e+06		107.374		51.3466		179179		0.290344		307.883		
00:00:20:199		1.38777e+07		-1.95253		5.80263		533.729		6.96271e+06		536.544			00:00:20:199		6.82447e+06		107.304		51.0843		174573		0.286801		307.898		
00:00:20:100		1.38858e+07		-1.94222		5.79676		533.687		6.96291e+06		536.604			00:00:20:100		6.82465e+06		107.304		51.0843		174573		0.286801		307.912		
00:00:19:949		1.3898e+07		-1.92678		5.78784		533.617		6.96322e+06		536.672			00:00:19:949		6.82492e+06		107.232		50.8195		170011		0.283256		307.934		
00:00:19:949		1.3898e+07		-1.92678		5.78784		533.617		6.96322e+06		536.672			00:00:19:949		6.82492e+06		107.232		50.8195		170011		0.283256		307.934		
00:00:19:850		1.39061e+07		-1.91648		5.78188		533.573		6.96341e+06		536.72			00:00:19:850		6.82509e+06		107.232		50.8195		170011		0.283256		307.949		
00:00:19:750		1.39143e+07		-1.90616		5.77593		533.528		6.96361e+06		536.763			00:00:19:750		6.82527e+06		107.16		50.8195		170011		0.283256		307.963		
00:00:19:550		1.39308e+07		-1.88547		5.76394		533.438		6.964e+06		536.856			00:00:19:550		6.82561e+06		107.16		50.5521		165476		0.27971		307.991		
00:00:19:550		1.39308e+07		-1.88547		5.76394		533.438		6.964e+06		536.856			00:00:19:550		6.82561e+06		107.16		50.5521		165476		0.27971		307.991		
00:00:19:350		1.39476e+07		-1.86464		5.75193		533.347		6.96437e+06		536.956			00:00:19:350		6.82594e+06		107.086		50.2824		160932		0.276162		308.019		
00:00:19:350		1.39476e+07		-1.86464		5.75193		533.347		6.96437e+06		536.956			00:00:19:350		6.82594e+06		107.086		50.2824		160932		0.276162		308.019		
00:00:19:149		1.39647e+07		-1.84363		5.73975		533.257		6.96474e+06		537.047			00:00:19:149		6.82626e+06		107.012		50.0102		156400		0.272612		308.047		
00:00:19:050		1.39734e+07		-1.83307		5.73367		533.21		6.96491e+06		537.106			00:00:19:050		6.82641e+06		107.012		50.0102		156400		0.272612		308.061		
00:00:19:050		1.39734e+07		-1.83307		5.73367		533.21		6.96491e+06		537.106			00:00:19:050		6.82641e+06		107.012		50.0102		156400		0.272612		308.061		
00:00:18:949		1.39822e+07		-1.8225		5.72757		533.164		6.96509e+06		537.135			00:00:18:949		6.82657e+06		106.937		49.7354		151898		0.269061		308.075		
00:00:18:850		1.39911e+07		-1.81194		5.72144		533.116		6.96526e+06		537.183			00:00:18:850		6.82672e+06		106.937		49.7354		151898		0.269061		308.089		
00:00:18:750		1.40001e+07		-1.80137		5.71527		533.072		6.96544e+06		537.23			00:00:18:750		6.82686e+06		106.861		49.7354		151898		0.269061		308.102		
00:00:18:649		1.40091e+07		-1.7908		5.70913		533.027		6.9656e+06		537.286			00:00:18:649		6.82701e+06		106.861		49.4579		147428		0.265508		308.116		
00:00:18:449		1.40274e+07		-1.76967		5.6968		532.931		6.96593e+06		537.373			00:00:18:449		6.82729e+06		106.785		49.1776		142992		0.261954		308.143		
00:00:18:350		1.40368e+07		-1.75911		5.69054		532.886		6.9661e+06		537.414			00:00:18:350		6.82743e+06		106.785		49.1776		142992		0.261954		308.157		
00:00:18:350		1.40368e+07		-1.75911		5.69054		532.886		6.9661e+06		537.414			00:00:18:350		6.82743e+06		106.785		49.1776		142992		0.261954		308.157		
00:00:18:250		1.40463e+07		-1.74852		5.68424		532.84		6.96625e+06		537.457			00:00:18:250		6.82757e+06		106.707		49.1776		142992		0.261954		308.17		
00:00:18:149		1.40559e+07		-1.73791		5.67798		532.792		6.96641e+06		537.493			00:00:18:149		6.82771e+06		106.707		48.8945		138590		0.258398		308.184		
00:00:18:050		1.40654e+07		-1.72724		5.67169		532.747		6.96656e+06		537.535			00:00:18:050		6.82784e+06		106.707		48.8945		138590		0.258398		308.197		
00:00:17:949		1.40749e+07		-1.71653		5.66538		532.699		6.96672e+06		537.581			00:00:17:949		6.82797e+06		106.628		48.609		134207		0.25484		308.21		
00:00:17:850		1.40843e+07		-1.70575		5.65904		532.651		6.96687e+06		537.609			00:00:17:850		6.8281e+06		106.628		48.609		134207		0.25484		308.223		
00:00:17:750		1.40937e+07		-1.69491		5.65265		532.604		6.96701e+06		537.663			00:00:17:750		6.82823e+06		106.549		48.609		134207		0.25484		308.236		
00:00:17:649		1.41031e+07		-1.68401		5.64625		532.556		6.96716e+06		537.707			00:00:17:649		6.82835e+06		106.549		48.3209		129861		0.251281		308.249		
00:00:17:550		1.41123e+07		-1.67303		5.63987		532.51		6.9673e+06		537.747			00:00:17:550		6.82847e+06		106.549		48.3209		129861		0.251281		308.262		
00:00:17:350		1.41301e+07		-1.65078		5.62712		532.415		6.96758e+06		537.826			00:00:17:350		6.82871e+06		106.468		48.0302		125553		0.247721		308.288		
00:00:17:350		1.41301e+07		-1.65078		5.62712		532.415		6.96758e+06		537.826			00:00:17:350		6.82871e+06		106.468		48.0302		125553		0.247721		308.288		
00:00:17:250		1.41385e+07		-1.63952		5.62062		532.367		6.96772e+06		537.87			00:00:17:250		6.82882e+06		106.387		48.0302		125553		0.247721		308.3		
00:00:17:149		1.41466e+07		-1.62824		5.61414		532.32		6.96785e+06		537.914			00:00:17:149		6.82893e+06		106.387		47.737		121287		0.244158		308.313		
00:00:17:000		1.41589e+07		-1.61128		5.60438		532.25		6.96805e+06		537.969			00:00:17:000		6.8291e+06		106.304		47.737		121287		0.244158		308.331		
00:00:16:899		1.41671e+07		-1.59994		5.59789		532.201		6.96818e+06		538.007			00:00:16:899		6.82921e+06		106.304		47.4415		117095		0.240594		308.343		
00:00:16:800		1.41753e+07		-1.5886		5.59142		532.155		6.9683e+06		538.046			00:00:16:800		6.82931e+06		106.304		47.4415		117095		0.240594		308.355		
00:00:16:699		1.41834e+07		-1.57724		5.5847		532.107		6.96842e+06		538.08			00:00:16:699		6.82942e+06		106.221		47.144		112947		0.237028		308.368		
00:00:16:600		1.41916e+07		-1.56585		5.57806		532.058		6.96855e+06		538.119			00:00:16:600		6.82952e+06		106.221		47.144		112947		0.237028		308.379		
00:00:16:399		1.42079e+07		-1.543		5.5652		531.962		6.96878e+06		538.193			00:00:16:399		6.82972e+06		106.136		46.8449		108810		0.233461		308.403		
00:00:16:300		1.4216e+07		-1.53154		5.55858		531.916		6.9689e+06		538.236			00:00:16:300		6.82982e+06		106.136		46.8449		108810		0.233461		308.415		
00:00:16:300		1.4216e+07		-1.53154		5.55858		531.916		6.9689e+06		538.236			00:00:16:300		6.82982e+06		106.136		46.8449		108810		0.233461		308.415		
00:00:16:199		1.42241e+07		-1.52005		5.55166		531.869		6.96901e+06		538.275			00:00:16:199		6.82991e+06		106.051		46.5448		104735		0.229892		308.426		
00:00:16:100		1.42322e+07		-1.50855		5.54471		531.819		6.96912e+06		538.284			00:00:16:100		6.83e+06		106.051		46.5448		104735		0.229892		308.437		
00:00:16:000		1.42403e+07		-1.49702		5.53817		531.773		6.96923e+06		538.321			00:00:16:000		6.8301e+06		105.964		46.5448		104735		0.229892		308.449		
00:00:15:900		1.42484e+07		-1.48547		5.53196		531.727		6.96934e+06		538.345			00:00:15:900		6.83018e+06		105.964		46.2447		100725		0.226322		308.46		
00:00:15:800		1.42565e+07		-1.4739		5.52548		531.68		6.96944e+06		538.391			00:00:15:800		6.83027e+06		105.964		46.2447		100725		0.226322		308.471		
00:00:15:699		1.42646e+07		-1.46231		5.5182		531.632		6.96954e+06		538.417			00:00:15:699		6.83036e+06		105.876		45.9471		96748.3		0.222749		308.482		
00:00:15:599		1.42727e+07		-1.45069		5.51076		531.586		6.96964e+06		538.45			00:00:15:599		6.83044e+06		105.876		45.9471		96748.3		0.222749		308.492		
00:00:15:500		1.42808e+07		-1.43906		5.50403		531.539		6.96974e+06		538.474			00:00:15:500		6.83052e+06		105.788		45.9471		96748.3		0.222749		308.503		
00:00:15:400		1.42889e+07		-1.4274		5.4982		531.491		6.96983e+06		538.517			00:00:15:400		6.8306e+06		105.788		45.6526		92822.6		0.219175		308.514		
00:00:15:250		1.4301e+07		-1.40989		5.48847		531.423		6.96997e+06		538.546			00:00:15:250		6.83071e+06		105.698		45.6526		92822.6		0.219175		308.529		
00:00:15:250		1.4301e+07		-1.40989		5.48847		531.423		6.96997e+06		538.546			00:00:15:250		6.83071e+06		105.698		45.6526		92822.6		0.219175		308.529		
00:00:15:099		1.43131e+07		-1.39233		5.47596		531.353		6.97011e+06		538.59			00:00:15:099		6.83083e+06		105.698		45.3612		88965.6		0.215599		308.545		
00:00:15:000		1.43211e+07		-1.3806		5.46881		531.307		6.97019e+06		538.615			00:00:15:000		6.8309e+06		105.608		45.3612		88965.6		0.215599		308.555		
00:00:14:900		1.43292e+07		-1.36884		5.46386		531.259		6.97028e+06		538.642			00:00:14:900		6.83097e+06		105.608		45.0732		85193.7		0.212022		308.565		
00:00:14:800		1.43372e+07		-1.35704		5.45914		531.214		6.97036e+06		538.669			00:00:14:800		6.83104e+06		105.608		45.0732		85193.7		0.212022		308.575		
00:00:14:699		1.43452e+07		-1.34521		5.45136		531.168		6.97044e+06		538.695			00:00:14:699		6.8311e+06		105.516		44.7893		81477.5		0.208442		308.585		
00:00:14:599		1.43531e+07		-1.33336		5.44055		531.122		6.97052e+06		538.72			00:00:14:599		6.83117e+06		105.516		44.7893		81477.5		0.208442		308.595		
00:00:14:400		1.4369e+07		-1.30956		5.42774		531.028		6.97067e+06		538.771			00:00:14:400		6.83129e+06		105.423		44.5104		77789		0.204861		308.615		
00:00:14:250		1.43809e+07		-1.29163		5.42409		530.96		6.97078e+06		538.805			00:00:14:250		6.83138e+06		105.329		44.5104		77789		0.204861		308.629		
00:00:14:250		1.43809e+07		-1.29163		5.42409		530.96		6.97078e+06		538.805			00:00:14:250		6.83138e+06		105.329		44.5104		77789		0.204861		308.629		
00:00:14:250		1.43809e+07		-1.29163		5.42409		530.96		6.97078e+06		538.805			00:00:14:250		6.83138e+06		105.329		44.5104		77789		0.204861		308.629		
00:00:14:150		1.43888e+07		-1.27963		5.41294		530.918		6.97085e+06		538.833			00:00:14:150		6.83143e+06		105.329		44.2369		74160.2		0.201278		308.639		
00:00:14:050		1.43966e+07		-1.2676		5.39723		530.874		6.97092e+06		538.841			00:00:14:050		6.83149e+06		105.329		44.2369		74160.2		0.201278		308.648		
00:00:13:949		1.44045e+07		-1.25554		5.38769		530.828		6.97099e+06		538.861			00:00:13:949		6.83154e+06		105.234		43.9692		70607		0.197692		308.658		
00:00:13:849		1.44122e+07		-1.24345		5.39138		530.782		6.97105e+06		538.881			00:00:13:849		6.8316e+06		105.234		43.9692		70607		0.197692		308.667		
00:00:13:750		1.44199e+07		-1.23133		5.39507		530.734		6.97111e+06		538.901			00:00:13:750		6.83165e+06		105.139		43.9692		70607		0.197692		308.676		
00:00:13:550		1.44352e+07		-1.20694		5.35786		530.648		6.97123e+06		538.928			00:00:13:550		6.83174e+06		105.139		43.7079		67130.7		0.194105		308.694		
00:00:13:550		1.44352e+07		-1.20694		5.35786		530.648		6.97123e+06		538.928			00:00:13:550		6.83174e+06		105.139		43.7079		67130.7		0.194105		308.694		
00:00:13:349		1.445e+07		-1.18236		5.35123		530.567		6.97134e+06		538.956			00:00:13:349		6.83183e+06		105.042		43.4536		63746.1		0.190516		308.712		
00:00:13:349		1.445e+07		-1.18236		5.35123		530.567		6.97134e+06		538.956			00:00:13:349		6.83183e+06		105.042		43.4536		63746.1		0.190516		308.712		
00:00:13:150		1.44644e+07		-1.15758		5.36786		530.477		6.97144e+06		538.981			00:00:13:150		6.83192e+06		104.944		43.2069		60453.6		0.186925		308.73		
00:00:13:150		1.44644e+07		-1.15758		5.36786		530.477		6.97144e+06		538.981			00:00:13:150		6.83192e+06		104.944		43.2069		60453.6		0.186925		308.73		
00:00:13:050		1.44714e+07		-1.1451		5.31839		530.429		6.97149e+06		538.993			00:00:13:050		6.83196e+06		104.944		43.2069		60453.6		0.186925		308.739		
00:00:12:949		1.4478e+07		-1.13257		5.26909		530.387		6.97153e+06		539.006			00:00:12:949		6.832e+06		104.845		42.9687		57280		0.183332		308.747		
00:00:12:849		1.44844e+07		-1.12002		5.21966		530.348		6.97158e+06		539.016			00:00:12:849		6.83203e+06		104.845		42.9687		57280		0.183332		308.756		
00:00:12:750		1.44907e+07		-1.10747		5.17023		530.309		6.97162e+06		539.026			00:00:12:750		6.83207e+06		104.746		42.9687		57280		0.183332		308.764		
00:00:12:650		1.4497e+07		-1.09494		5.12045		530.271		6.97166e+06		539.034			00:00:12:650		6.8321e+06		104.746		42.7397		54250.5		0.179737		308.772		
00:00:12:550		1.45033e+07		-1.08244		5.0713		530.227		6.9717e+06		539.043			00:00:12:550		6.83213e+06		104.746		42.7397		54250.5		0.179737		308.78		
00:00:12:349		1.4516e+07		-1.05753		4.97431		530.147		6.97178e+06		539.048			00:00:12:349		6.8322e+06		104.647		42.5208		51465.3		0.176139		308.796		
00:00:12:349		1.4516e+07		-1.05753		4.97431		530.147		6.97178e+06		539.048			00:00:12:349		6.8322e+06		104.647		42.5208		51465.3		0.176139		308.796		
00:00:12:250		1.45225e+07		-1.04513		4.92522		530.109		6.97181e+06		539.053			00:00:12:250		6.83222e+06		104.548		42.5208		51465.3		0.176139		308.804		
00:00:12:099		1.45324e+07		-1.02662		4.8505		530.052		6.97186e+06		539.081			00:00:12:099		6.83227e+06		104.548		42.3127		48869.5		0.17254		308.815		
00:00:12:000		1.45392e+07		-1.01434		4.80198		530.015		6.97189e+06		539.076			00:00:12:000		6.83229e+06		104.449		42.3127		48869.5		0.17254		308.822		
00:00:11:949		1.45426e+07		-1.00822		4.77817		529.993		6.9719e+06		539.059			00:00:11:949		6.8323e+06		104.449		42.1149		46333.6		0.168938		308.826		
00:00:11:800		1.45531e+07		-0.989931		4.70613		529.934		6.97194e+06		539.084			00:00:11:800		6.83234e+06		104.449		42.1149		46333.6		0.168938		308.836		
00:00:11:750		1.45568e+07		-0.983862		4.68113		529.916		6.97196e+06		539.053			00:00:11:750		6.83235e+06		104.365		42.1149		46333.6		0.168938		308.839		
00:00:11:599		1.45682e+07		-0.965714		4.60391		529.862		6.97199e+06		539.077			00:00:11:599		6.83239e+06		104.365		41.9262		43874.2		0.165334		308.849		
00:00:11:500		1.4576e+07		-0.95355		4.55372		529.829		6.97201e+06		539.069			00:00:11:500		6.8324e+06		104.281		41.9262		43874.2		0.165334		308.855		
00:00:11:300		1.45834e+07		-0.941328		4.50445		529.794		6.97203e+06		539.075			00:00:11:300		6.83242e+06		104.281		41.7436		41468.8		0.161728		308.862		
00:00:11:300		1.45902e+07		-0.929144		4.4531		529.759		6.97205e+06		539.06			00:00:11:300		6.83244e+06		104.281		41.7436		41468.8		0.161728		308.867		
00:00:11:199		1.45973e+07		-0.917061		4.39865		529.722		6.97207e+06		539.042			00:00:11:199		6.83246e+06		104.195		41.567		39108.3		0.15812		308.873		
00:00:11:099		1.46049e+07		-0.905052		4.34503		529.687		6.97208e+06		539.026			00:00:11:099		6.83247e+06		104.195		41.567		39108.3		0.15812		308.878		
00:00:11:000		1.46127e+07		-0.893054		4.29647		529.654		6.97209e+06		539.019			00:00:11:000		6.83248e+06		104.108		41.567		39108.3		0.15812		308.883		
00:00:10:900		1.46205e+07		-0.881049		4.24994		529.623		6.9721e+06		539.002			00:00:10:900		6.8325e+06		104.108		41.3953		36806.1		0.154509		308.889		
00:00:10:800		1.46284e+07		-0.86904		4.1992		529.591		6.97211e+06		539.005			00:00:10:800		6.83251e+06		104.108		41.3953		36806.1		0.154509		308.894		
00:00:10:699		1.46362e+07		-0.857024		4.13973		529.562		6.97212e+06		539.003			00:00:10:699		6.83253e+06		104.02		41.2291		34574.7		0.150896		308.898		
00:00:10:599		1.46439e+07		-0.845		4.08029		529.533		6.97213e+06		538.983			00:00:10:599		6.83254e+06		104.02		41.2291		34574.7		0.150896		308.903		
00:00:10:500		1.46517e+07		-0.832974		4.02995		529.505		6.97213e+06		538.961			00:00:10:500		6.83254e+06		103.931		41.2291		34574.7		0.150896		308.908		
00:00:10:400		1.46595e+07		-0.820948		3.98777		529.477		6.97213e+06		538.938			00:00:10:400		6.83255e+06		103.931		41.0696		32415.4		0.14728		308.912		
00:00:10:300		1.46673e+07		-0.808923		3.94114		529.45		6.97213e+06		538.896			00:00:10:300		6.83256e+06		103.931		41.0696		32415.4		0.14728		308.916		
00:00:10:199		1.46751e+07		-0.796897		3.87694		529.424		6.97213e+06		538.87			00:00:10:199		6.83256e+06		103.84		40.9175		30319.5		0.143661		308.92		
00:00:10:099		1.46829e+07		-0.784866		3.80998		529.398		6.97213e+06		538.851			00:00:10:099		6.83257e+06		103.84		40.9175		30319.5		0.143661		308.924		
00:00:10:000		1.46907e+07		-0.77283		3.75677		529.372		6.97212e+06		538.825			00:00:10:000		6.83258e+06		103.748		40.9175		30319.5		0.143661		308.928		
00:00:09:900		1.46985e+07		-0.760792		3.72476		529.346		6.97212e+06		538.795			00:00:09:900		6.83259e+06		103.748		40.7736		28297.7		0.14004		308.932		
00:00:09:800		1.47063e+07		-0.748754		3.68767		529.324		6.97211e+06		538.763			00:00:09:800		6.83259e+06		103.748		40.7736		28297.7		0.14004		308.936		
00:00:09:699		1.47141e+07		-0.736715		3.61544		529.302		6.9721e+06		538.729			00:00:09:699		6.8326e+06		103.655		40.6381		26351.3		0.136415		308.94		
00:00:09:599		1.47218e+07		-0.724677		3.53108		529.28		6.97209e+06		538.697			00:00:09:599		6.8326e+06		103.655		40.6381		26351.3		0.136415		308.943		
00:00:09:400		1.47373e+07		-0.70061		3.45426		529.24		6.97207e+06		538.615			00:00:09:400		6.83261e+06		103.561		40.512		24471.4		0.132788		308.95		
00:00:09:250		1.4749e+07		-0.68258		3.44101		529.216		6.97205e+06		538.547			00:00:09:250		6.83262e+06		103.466		40.512		24471.4		0.132788		308.954		
00:00:09:250		1.4749e+07		-0.68258		3.44101		529.216		6.97205e+06		538.547			00:00:09:250		6.83262e+06		103.466		40.512		24471.4		0.132788		308.954		
00:00:09:250		1.4749e+07		-0.68258		3.44101		529.216		6.97205e+06		538.547			00:00:09:250		6.83262e+06		103.466		40.512		24471.4		0.132788		308.954		
00:00:09:050		1.47645e+07		-0.658559		3.42299		529.182		6.97201e+06		538.446			00:00:09:050		6.83263e+06		103.466		40.3951		22667.4		0.129158		308.96		
00:00:09:050		1.47645e+07		-0.658559		3.42299		529.182		6.97201e+06		538.446			00:00:09:050		6.83263e+06		103.466		40.3951		22667.4		0.129158		308.96		
00:00:08:949		1.47722e+07		-0.646561		3.41347		529.166		6.972e+06		538.392			00:00:08:949		6.83264e+06		103.369		40.2859		20963.3		0.125524		308.963		
00:00:08:800		1.47838e+07		-0.628581		3.39955		529.146		6.97197e+06		538.307			00:00:08:800		6.83265e+06		103.369		40.2859		20963.3		0.125524		308.967		
00:00:08:650		1.47955e+07		-0.610623		3.38489		529.129		6.97194e+06		538.215			00:00:08:650		6.83266e+06		103.272		40.1844		19441.3		0.121887		308.971		
00:00:08:650		1.47955e+07		-0.610623		3.38489		529.129		6.97194e+06		538.215			00:00:08:650		6.83266e+06		103.272		40.1844		19441.3		0.121887		308.971		
00:00:08:550		1.48032e+07		-0.59867		3.37462		529.116		6.97191e+06		538.151			00:00:08:550		6.83267e+06		103.272		40.1844		19441.3		0.121887		308.973		
00:00:08:449		1.4811e+07		-0.586733		3.36529		529.105		6.97189e+06		538.085			00:00:08:449		6.83267e+06		103.174		40.0925		18050.7		0.118245		308.974		
00:00:08:300		1.48227e+07		-0.56886		3.35402		529.09		6.97186e+06		537.981			00:00:08:300		6.83269e+06		103.174		40.0925		18050.7		0.118245		308.977		
00:00:08:199		1.48305e+07		-0.556972		3.3484		529.081		6.97183e+06		537.91			00:00:08:199		6.83269e+06		103.072		40.0118		16697.7		0.114599		308.979		
00:00:08:099		1.48383e+07		-0.54511		3.34218		529.076		6.9718e+06		537.837			00:00:08:099		6.8327e+06		103.072		40.0118		16697.7		0.114599		308.982		
00:00:08:099		1.48383e+07		-0.54511		3.34218		529.076		6.9718e+06		537.837			00:00:08:099		6.8327e+06		103.072		40.0118		16697.7		0.114599		308.982		
00:00:07:950		1.48501e+07		-0.527373		3.32737		529.063		6.97176e+06		537.725			00:00:07:950		6.83271e+06		102.987		39.9366		15392.3		0.110947		308.987		
00:00:07:849		1.4858e+07		-0.51559		3.31886		529.057		6.97173e+06		537.648			00:00:07:849		6.83272e+06		102.987		39.9366		15392.3		0.110947		308.991		
00:00:07:750		1.48659e+07		-0.50384		3.31329		529.053		6.9717e+06		537.571			00:00:07:750		6.83272e+06		102.9		39.9366		15392.3		0.110947		308.994		
00:00:07:650		1.48738e+07		-0.492132		3.31097		529.05		6.97166e+06		537.491			00:00:07:650		6.83272e+06		102.9		39.8576		14135		0.107289		308.997		
00:00:07:549		1.48817e+07		-0.480469		3.31136		529.046		6.97163e+06		537.412			00:00:07:549		6.83272e+06		102.9		39.8576		14135		0.107289		309.001		
00:00:07:349		1.48977e+07		-0.457314		3.30357		529.044		6.97154e+06		537.241			00:00:07:349		6.83271e+06		102.811		39.7757		12938.5		0.103621		309.016		
00:00:07:250		1.49056e+07		-0.445834		3.29771		529.044		6.97149e+06		537.151			00:00:07:250		6.8327e+06		102.719		39.7757		12938.5		0.103621		309.024		
00:00:07:250		1.49056e+07		-0.445834		3.29771		529.044		6.97149e+06		537.151			00:00:07:250		6.8327e+06		102.719		39.7757		12938.5		0.103621		309.024		
00:00:07:150		1.49136e+07		-0.434414		3.29147		529.046		6.97143e+06		537.06			00:00:07:150		6.83269e+06		102.719		39.691		11796.6		0.0999449		309.032		
00:00:07:049		1.49215e+07		-0.423058		3.28751		529.05		6.97137e+06		536.962			00:00:07:049		6.83267e+06		102.719		39.691		11796.6		0.0999449		309.04		
00:00:06:849		1.49373e+07		-0.400541		3.27892		529.061		6.97124e+06		536.768			00:00:06:849		6.83263e+06		102.625		39.6038		10708.5		0.0962588		309.058		
00:00:06:849		1.49373e+07		-0.400541		3.27892		529.061		6.97124e+06		536.768			00:00:06:849		6.83263e+06		102.625		39.6038		10708.5		0.0962588		309.058		
00:00:06:750		1.49452e+07		-0.389379		3.27472		529.066		6.97116e+06		536.662			00:00:06:750		6.8326e+06		102.531		39.6038		10708.5		0.0962588		309.067		
00:00:06:650		1.49532e+07		-0.378285		3.27057		529.074		6.97108e+06		536.555			00:00:06:650		6.83257e+06		102.531		39.5159		9678.79		0.0925627		309.076		
00:00:06:450		1.4969e+07		-0.35631		3.26321		529.096		6.97091e+06		536.327			00:00:06:450		6.8325e+06		102.436		39.4268		8691.36		0.0888564		309.096		
00:00:06:349		1.49769e+07		-0.345446		3.26007		529.109		6.97081e+06		536.21			00:00:06:349		6.83246e+06		102.436		39.4268		8691.36		0.0888564		309.106		
00:00:06:349		1.49769e+07		-0.345446		3.26007		529.109		6.97081e+06		536.21			00:00:06:349		6.83246e+06		102.436		39.4268		8691.36		0.0888564		309.106		
00:00:06:250		1.49848e+07		-0.334659		3.25701		529.122		6.97071e+06		536.098			00:00:06:250		6.83242e+06		102.338		39.4268		8691.36		0.0888564		309.116		
00:00:06:150		1.49926e+07		-0.323946		3.25414		529.136		6.97061e+06		535.968			00:00:06:150		6.83238e+06		102.338		39.3263		7740.29		0.0851393		309.127		
00:00:06:000		1.50045e+07		-0.308011		3.25007		529.158		6.97044e+06		535.763			00:00:06:000		6.8323e+06		102.237		39.3263		7740.29		0.0851393		309.143		
00:00:05:950		1.50084e+07		-0.302731		3.24872		529.166		6.97038e+06		535.722			00:00:05:950		6.83227e+06		102.237		39.2175		6831.4		0.0814112		309.148		
00:00:05:849		1.50163e+07		-0.292217		3.24622		529.184		6.97026e+06		535.579			00:00:05:849		6.83221e+06		102.237		39.2175		6831.4		0.0814112		309.16		
00:00:05:700		1.50281e+07		-0.276579		3.2426		529.212		6.97007e+06		535.36			00:00:05:700		6.83212e+06		102.133		39.1083		5956.58		0.0776716		309.177		
00:00:05:599		1.50359e+07		-0.266257		3.24018		529.232		6.96994e+06		535.216			00:00:05:599		6.83206e+06		102.133		39.1083		5956.58		0.0776716		309.189		
00:00:05:549		1.50398e+07		-0.261121		3.23921		529.243		6.96987e+06		535.134			00:00:05:549		6.83203e+06		102.133		39.1083		5956.58		0.0776716		309.195		
00:00:05:349		1.50555e+07		-0.240731		3.23584		529.289		6.96959e+06		534.833			00:00:05:349		6.83188e+06		102.027		38.9994		5161.62		0.0739204		309.22		
00:00:05:349		1.50555e+07		-0.240731		3.23584		529.289		6.96959e+06		534.833			00:00:05:349		6.83188e+06		102.027		38.9994		5161.62		0.0739204		309.22		
00:00:05:250		1.50633e+07		-0.230631		3.2342		529.315		6.96944e+06		534.666			00:00:05:250		6.83182e+06		101.918		38.9994		5161.62		0.0739204		309.233		
00:00:05:150		1.50711e+07		-0.220594		3.2327		529.339		6.96929e+06		534.505			00:00:05:150		6.83174e+06		101.918		38.8934		4445.62		0.0701573		309.247		
00:00:05:049		1.50788e+07		-0.210638		3.23131		529.363		6.96913e+06		534.333			00:00:05:049		6.83166e+06		101.918		38.8934		4445.62		0.0701573		309.26		
00:00:04:950		1.50864e+07		-0.20074		3.2302		529.391		6.96897e+06		534.157			00:00:04:950		6.83159e+06		101.801		38.7912		3754.5		0.0663817		309.274		
00:00:04:849		1.5094e+07		-0.190904		3.2293		529.418		6.9688e+06		533.974			00:00:04:849		6.83151e+06		101.801		38.7912		3754.5		0.0663817		309.288		
00:00:04:700		1.51052e+07		-0.176253		3.22783		529.459		6.96855e+06		533.693			00:00:04:700		6.83139e+06		101.701		38.674		3091.86		0.0625935		309.31		
00:00:04:599		1.51126e+07		-0.166564		3.22696		529.49		6.96838e+06		533.5			00:00:04:599		6.83131e+06		101.701		38.674		3091.86		0.0625935		309.325		
00:00:04:500		1.51199e+07		-0.156942		3.22613		529.521		6.96821e+06		533.303			00:00:04:500		6.83124e+06		101.598		38.674		3091.86		0.0625935		309.34		
00:00:04:400		1.51272e+07		-0.147399		3.22535		529.551		6.96803e+06		533.114			00:00:04:400		6.83116e+06		101.598		38.5437		2464.3		0.0587923		309.356		
00:00:04:299		1.51344e+07		-0.137923		3.22464		529.582		6.96785e+06		532.887			00:00:04:299		6.83108e+06		101.598		38.5437		2464.3		0.0587923		309.371		
00:00:04:200		1.51417e+07		-0.1285		3.22388		529.612		6.96767e+06		532.68			00:00:04:200		6.83100e+06		101.49		38.4013		1891.84		0.0549778		309.387		
00:00:04:099		1.5149e+07		-0.119138		3.22312		529.643		6.9675e+06		532.46			00:00:04:099		6.83093e+06		101.49		38.4013		1891.84		0.0549778		309.404		
00:00:04:000		1.51562e+07		-0.109839		3.22242		529.674		6.96732e+06		532.245			00:00:04:000		6.83086e+06		101.377		38.4013		1891.84		0.0549778		309.42		
00:00:03:899		1.51635e+07		-0.100605		3.2214		529.706		6.96714e+06		532.02			00:00:03:899		6.8308e+06		101.377		38.25		1388.94		0.0511497		309.437		
00:00:03:799		1.51707e+07		-0.0914278		3.22036		529.737		6.96697e+06		531.795			00:00:03:799		6.83073e+06		101.377		38.25		1388.94		0.0511497		309.453		
00:00:03:700		1.51779e+07		-0.0823073		3.21914		529.768		6.9668e+06		531.561			00:00:03:700		6.83068e+06		101.26		38.0913		961.392		0.0473076		309.47		
00:00:03:600		1.51851e+07		-0.0732427		3.21786		529.798		6.96663e+06		531.341			00:00:03:600		6.83062e+06		101.26		38.0913		961.392		0.0473076		309.487		
00:00:03:500		1.51923e+07		-0.0642357		3.21626		529.827		6.96647e+06		531.111			00:00:03:500		6.83057e+06		101.138		38.0913		961.392		0.0473076		309.504		
00:00:03:399		1.51995e+07		-0.0552888		3.21429		529.855		6.96631e+06		530.882			00:00:03:399		6.83053e+06		101.138		37.929		616.13		0.0434513		309.521		
00:00:03:299		1.52067e+07		-0.0464001		3.21215		529.882		6.96616e+06		530.654			00:00:03:299		6.8305e+06		101.138		37.929		616.13		0.0434513		309.538		
00:00:03:200		1.52139e+07		-0.037571		3.20976		529.908		6.96602e+06		530.426			00:00:03:200		6.83047e+06		101.014		37.7652		354.519		0.0395804		309.555		
00:00:03:100		1.52211e+07		-0.0287976		3.20681		529.934		6.96588e+06		530.205			00:00:03:100		6.83045e+06		101.014		37.7652		354.519		0.0395804		309.571		
00:00:03:000		1.52283e+07		-0.0200853		3.20335		529.958		6.96576e+06		529.982			00:00:03:000		6.83043e+06		100.887		37.7652		354.519		0.0395804		309.588		
00:00:02:899		1.52356e+07		-0.0114341		3.19929		529.98		6.96564e+06		529.776			00:00:02:899		6.83042e+06		100.887		37.605		174.89		0.0356948		309.604		
00:00:02:799		1.52428e+07		-0.0028429		3.19523		530.004		6.96554e+06		529.58			00:00:02:799		6.83043e+06		100.887		37.605		174.89		0.0356948		309.62		
00:00:02:700		1.52501e+07		0.00568438		3.19098		530.024		6.96544e+06		529.39			00:00:02:700		6.83043e+06		100.759		37.4534		76.9131		0.0317941		309.635		
00:00:02:600		1.52574e+07		0.0141492		3.18599		530.043		6.96536e+06		529.188			00:00:02:600		6.83045e+06		100.759		37.4534		76.9131		0.0317941		309.65		
00:00:02:500		1.52647e+07		0.0225477		3.1796		530.059		6.96529e+06		529.009			00:00:02:500		6.83047e+06		100.631		37.4534		76.9131		0.0317941		309.665		
00:00:02:399		1.52721e+07		0.0308771		3.17176		530.072		6.96522e+06		528.834			00:00:02:399		6.83049e+06		100.631		37.321		32.175		0.0278779		309.679		
00:00:02:250		1.52833e+07		0.0431914		3.16059		530.09		6.96515e+06		528.595			00:00:02:250		6.83055e+06		100.501		37.321		32.175		0.0278779		309.698		
00:00:02:250		1.52833e+07		0.0431914		3.16059		530.09		6.96515e+06		528.595			00:00:02:250		6.83055e+06		100.501		37.321		32.175		0.0278779		309.698		
00:00:02:149		1.52908e+07		0.0512466		3.1531		530.103		6.96511e+06		528.439			00:00:02:149		6.83058e+06		100.501		37.2233		9.07794		0.023946		309.709		
00:00:02:000		1.53021e+07		0.0630665		3.13521		530.12		6.96506e+06		528.216			00:00:02:000		6.83065e+06		100.432		37.2233		9.07794		0.023946		309.724		
00:00:01:899		1.53097e+07		0.0707564		3.1182		530.131		6.96504e+06		528.069			00:00:01:899		6.83069e+06		100.432		37.1161		1.23108		0.0199979		309.73		
00:00:01:800		1.53171e+07		0.0783029		3.10269		530.142		6.96502e+06		527.955			00:00:01:800		6.83074e+06		100.432		37.1161		1.23108		0.0199979		309.735		
00:00:01:699		1.53245e+07		0.0857396		3.08919		530.153		6.965e+06		527.836			00:00:01:699		6.83079e+06		100.351		36.9786		0		0.0160331		309.737		
00:00:01:550		1.5336e+07		0.0967669		3.06546		530.166		6.96498e+06		527.655			00:00:01:550		6.83086e+06		100.351		36.9786		0		0.0160331		309.736		
00:00:01:550		1.5336e+07		0.0967669		3.06546		530.166		6.96498e+06		527.655			00:00:01:550		6.83086e+06		100.351		36.9786		0		0.0160331		309.736		
00:00:01:449		1.5344e+07		0.104037		3.04135		530.175		6.96497e+06		527.544			00:00:01:449		6.8309e+06		100.26		36.8189		0		0.0120504		309.734		
00:00:01:250		1.53609e+07		0.118161		3.00163		530.186		6.96493e+06		527.324			00:00:01:250		6.83098e+06		100.163		36.8189		0		0.0120504		309.73		
00:00:01:250		1.53609e+07		0.118161		3.00163		530.186		6.96493e+06		527.324			00:00:01:250		6.83098e+06		100.163		36.8189		0		0.0120504		309.73		
00:00:01:149		1.53694e+07		0.12491		3.0035		530.192		6.96491e+06		527.21			00:00:01:149		6.83101e+06		100.163		36.6486		0		0.00804932		309.728		
00:00:01:050		1.53774e+07		0.131352		2.99295		530.197		6.96489e+06		527.099			00:00:01:050		6.83105e+06		100.163		36.6486		0		0.00804932		309.728		
00:00:00:949		1.53852e+07		0.137637		2.96336		530.199		6.96487e+06		527.003			00:00:00:949		6.83108e+06		100.063		36.4859		0		0.00403263		309.726		
00:00:00:849		1.53937e+07		0.144445		2.90628		530.203		6.96485e+06		526.919			00:00:00:849		6.83111e+06		100.063		36.4859		0		0.00403263		309.722		
00:00:00:750		1.5405e+07		0.152096		2.90314		530.204		6.96484e+06		526.853			00:00:00:750		6.83113e+06		99.9779		36.4859		0		0.00403263		309.717		
00:00:00:650		1.54243e+07		0.159948		2.95674		530.208		6.96484e+06		526.832			00:00:00:650		6.83115e+06		99.9779		36.3831		0		0		309.714		
00:00:00:550		1.54454e+07		0.166709		3.02516		530.21		6.96484e+06		526.82			00:00:00:550		6.83116e+06		99.9779		36.3831		0		0		309.719		
00:00:00:450		1.54649e+07		0.171087		3.02999		530.212		6.96485e+06		526.821			00:00:00:450		6.83117e+06		100.069		36.3834		0		0		309.743		
00:00:00:250		1.54786e+07		0.17284		2.83572		530.217		6.96484e+06		526.83			00:00:00:250		6.83116e+06		100.069		36.3834		0		0		309.846		
00:00:00:250		1.54786e+07		0.17284		2.83572		530.217		6.96484e+06		526.83			00:00:00:250		6.83116e+06		100.069		36.3834		0		0		309.846		
00:00:00:149		1.54785e+07		0.17284		2.83572		530.221		6.96484e+06		526.817			00:00:00:149		6.83115e+06		100.069		36.3837		0		0		309.846		
00:00:00:050		1.54785e+07		0.17284		2.83567		530.223		6.96484e+06		526.826			00:00:00:050		6.83115e+06		100.069		36.3837		0		0		309.846		
00:00:00:000		1.54785e+07		0.17284		2.83571		530.225		6.96483e+06		526.826			00:00:00:000		6.83115e+06		100.069		36.3837		0		0		309.846		
00:00:00:000		1.54785e+07		0.17284		2.83571		530.225		6.96483e+06		526.826			00:00:00:000		6.83115e+06		100.069		36.3837		0		0		309.846		
00:00:00:000		1.54785e+07		0.17284		2.83571		530.225		6.96483e+06		526.826			00:00:00:000		6.83115e+06		100.069		36.3837		0		0		309.846		
00:00:00:000		1.54785e+07		0.17284		2.83571		530.225		6.96483e+06		526.826			00:00:00:000		6.83115e+06		100.069		36.3837		0		0		309.846		
00:00:00:000		1.54785e+07		0.17284		2.83571		530.225		6.96483e+06		526.826			00:00:00:000		6.83115e+06		100.069		36.3837		0		0		309.846		
00:00:00:000		1.54785e+07		0.17284		2.83571		530.225		6.96483e+06		526.826			00:00:00:000		6.83115e+06		100.069		36.3837		0		0		309.846		
