	time 		gpv001pnt10113ppntm	evf507ety101mpzoyout	chtcon(1)	chavg(1)	chlhsumpa	rcptavgn			time 		rcpppzr	rcp054rcp007mnzoyout	rcv501std0102fvol	fwfrcp001gv	rcppmssga	msfsg(1)	
00:01:02:000		7.15286e+06		124.592		80.3126		1.07967e+06		0.812502		289.445			00:01:02:000		8.7787e+06		-5.84168		0		0		7.15384e+06		32.9004		
00:01:01:899		7.15267e+06		124.592		80.2151		1.07823e+06		0.811173		289.443			00:01:01:899		8.79612e+06		-5.84271		0		0		7.15321e+06		17.8145		
00:01:01:799		7.15215e+06		124.592		80.2151		1.07823e+06		0.811173		289.442			00:01:01:799		8.81351e+06		-5.84354		0		0		7.15222e+06		-16.2255		
00:01:01:649		7.15166e+06		124.543		80.1252		1.07675e+06		0.809844		289.439			00:01:01:649		8.83954e+06		-5.84426		0		0		7.15099e+06		-33.3909		
00:01:01:600		7.15142e+06		124.543		80.1252		1.07675e+06		0.809844		289.438			00:01:01:600		8.8482e+06		-5.84442		0		0		7.15081e+06		-25.924		
00:01:01:450		7.15084e+06		124.493		80.0434		1.07525e+06		0.808515		289.435			00:01:01:450		8.87411e+06		-5.84484		0		0		7.15089e+06		17.8163		
00:01:01:350		7.15044e+06		124.493		80.0434		1.07525e+06		0.808515		289.433			00:01:01:350		8.89136e+06		-5.84509		0		0		7.15102e+06		33.4238		
00:01:01:250		7.14989e+06		124.444		80.0434		1.07525e+06		0.808515		289.431			00:01:01:250		8.90858e+06		-5.8453		0		0		7.15085e+06		32.6338		
00:01:01:149		7.1497e+06		124.444		79.9701		1.07376e+06		0.807185		289.429			00:01:01:149		8.92577e+06		-5.8455		0		0		7.15023e+06		17.5571		
00:01:01:049		7.14918e+06		124.444		79.9701		1.07376e+06		0.807185		289.427			00:01:01:049		8.94293e+06		-5.84569		0		0		7.14924e+06		-16.492		
00:01:00:950		7.14883e+06		124.394		79.905		1.07228e+06		0.805856		289.425			00:01:00:950		8.96006e+06		-5.84587		0		0		7.14833e+06		-34.5574		
00:01:00:899		7.1487e+06		124.394		79.905		1.07228e+06		0.805856		289.425			00:01:00:899		8.96861e+06		-5.84595		0		0		7.14802e+06		-33.4055		
00:01:00:799		7.14816e+06		124.394		79.905		1.07228e+06		0.805856		289.423			00:01:00:799		8.98565e+06		-5.84613		0		0		7.14781e+06		-10.955		
00:01:00:700		7.14789e+06		124.345		79.8478		1.07082e+06		0.804527		289.421			00:01:00:700		9.00255e+06		-5.84633		0		0		7.14794e+06		17.9314		
00:01:00:600		7.14749e+06		124.345		79.8478		1.07082e+06		0.804527		289.42			00:01:00:600		9.01929e+06		-5.84655		0		0		7.14807e+06		33.6553		
00:01:00:500		7.14695e+06		124.296		79.8478		1.07082e+06		0.804527		289.418			00:01:00:500		9.03591e+06		-5.84681		0		0		7.1479e+06		32.6992		
00:01:00:399		7.14676e+06		124.296		79.7966		1.06935e+06		0.803198		289.417			00:01:00:399		9.05244e+06		-5.84711		0		0		7.14727e+06		17.0635		
00:01:00:299		7.14623e+06		124.296		79.7966		1.06935e+06		0.803198		289.415			00:01:00:299		9.07711e+06		-5.84764		0		0		7.14578e+06		-31.5097		
00:01:00:200		7.1459e+06		124.247		79.7454		1.06787e+06		0.801869		289.414			00:01:00:200		9.08531e+06		-5.84783		0		0		7.14536e+06		-35.4003		
00:01:00:100		7.14553e+06		124.247		79.7454		1.06787e+06		0.801869		289.413			00:01:00:100		9.1017e+06		-5.84826		0		0		7.14489e+06		-26.5557		
00:01:00:000		7.14504e+06		124.198		79.7454		1.06787e+06		0.801869		289.412			00:01:00:000		9.11809e+06		-5.84872		0		0		7.14491e+06		6.58937		
00:00:59:899		7.14482e+06		124.198		79.694		1.0664e+06		0.80054		289.411			00:00:59:899		9.13445e+06		-5.84923		0		0		7.14511e+06		26.726		
00:00:59:799		7.14426e+06		124.198		79.694		1.0664e+06		0.80054		289.41			00:00:59:799		9.15075e+06		-5.84974		0		0		7.14514e+06		37.8608		
00:00:59:799		7.14426e+06		124.198		79.694		1.0664e+06		0.80054		289.41			00:00:59:799		9.15075e+06		-5.84974		0		0		7.14514e+06		37.8608		
00:00:59:700		7.14395e+06		124.149		79.6423		1.06495e+06		0.799211		289.409			00:00:59:700		9.16698e+06		-5.85024		0		0		7.14474e+06		25.9731		
00:00:59:600		7.14361e+06		124.149		79.6423		1.06495e+06		0.799211		289.408			00:00:59:600		9.18314e+06		-5.85072		0		0		7.14388e+06		2.97531		
00:00:59:399		7.14287e+06		124.099		79.5904		1.0635e+06		0.797882		289.407			00:00:59:399		9.21527e+06		-5.8516		0		0		7.14211e+06		-35.8439		
00:00:59:399		7.14287e+06		124.099		79.5904		1.0635e+06		0.797882		289.407			00:00:59:399		9.21527e+06		-5.8516		0		0		7.14211e+06		-35.8439		
00:00:59:299		7.14234e+06		124.099		79.5904		1.0635e+06		0.797882		289.407			00:00:59:299		9.23122e+06		-5.85202		0		0		7.1419e+06		-14.6712		
00:00:59:200		7.14206e+06		124.05		79.5383		1.06205e+06		0.796553		289.406			00:00:59:200		9.24709e+06		-5.85242		0		0		7.14207e+06		17.1884		
00:00:59:100		7.1417e+06		124.05		79.5383		1.06205e+06		0.796553		289.406			00:00:59:100		9.26288e+06		-5.8528		0		0		7.14227e+06		34.1869		
00:00:59:000		7.14113e+06		124.001		79.5383		1.06205e+06		0.796553		289.405			00:00:59:000		9.27856e+06		-5.85317		0		0		7.14217e+06		36.6267		
00:00:58:899		7.14097e+06		124.001		79.4861		1.06058e+06		0.795224		289.405			00:00:58:899		9.29417e+06		-5.85351		0		0		7.14157e+06		19.9948		
00:00:58:799		7.14047e+06		124.001		79.4861		1.06058e+06		0.795224		289.404			00:00:58:799		9.30969e+06		-5.85383		0		0		7.14057e+06		-14.6578		
00:00:58:700		7.14008e+06		123.952		79.4338		1.05906e+06		0.793895		289.404			00:00:58:700		9.32514e+06		-5.85412		0		0		7.13959e+06		-36.4859		
00:00:58:600		7.1398e+06		123.952		79.4338		1.05906e+06		0.793895		289.404			00:00:58:600		9.34051e+06		-5.85437		0		0		7.13904e+06		-31.8412		
00:00:58:350		7.13885e+06		123.903		79.3814		1.05755e+06		0.792566		289.405			00:00:58:350		9.3786e+06		-5.85487		0		0		7.13935e+06		33.153		
00:00:58:350		7.13885e+06		123.903		79.3814		1.05755e+06		0.792566		289.405			00:00:58:350		9.3786e+06		-5.85487		0		0		7.13935e+06		33.153		
00:00:58:299		7.13855e+06		123.903		79.3814		1.05755e+06		0.792566		289.405			00:00:58:299		9.38615e+06		-5.85495		0		0		7.13938e+06		39.1883		
00:00:58:200		7.13813e+06		123.854		79.3287		1.05604e+06		0.791237		289.406			00:00:58:200		9.40122e+06		-5.85507		0		0		7.13909e+06		30.5114		
00:00:58:100		7.13791e+06		123.854		79.3287		1.05604e+06		0.791237		289.406			00:00:58:100		9.4162e+06		-5.85516		0		0		7.13831e+06		9.88689		
00:00:58:000		7.13733e+06		123.805		79.3287		1.05604e+06		0.791237		289.407			00:00:58:000		9.43111e+06		-5.85522		0		0		7.13725e+06		-27.1913		
00:00:57:899		7.13713e+06		123.805		79.276		1.05452e+06		0.789908		289.408			00:00:57:899		9.44594e+06		-5.85525		0		0		7.1364e+06		-37.77		
00:00:57:799		7.13665e+06		123.805		79.276		1.05452e+06		0.789908		289.409			00:00:57:799		9.46071e+06		-5.85525		0		0		7.13606e+06		-22.9285		
00:00:57:600		7.136e+06		123.756		79.223		1.05302e+06		0.788579		289.412			00:00:57:600		9.49011e+06		-5.85519		0		0		7.13639e+06		30.7782		
00:00:57:600		7.136e+06		123.756		79.223		1.05302e+06		0.788579		289.412			00:00:57:600		9.49011e+06		-5.85519		0		0		7.13639e+06		30.7782		
00:00:57:350		7.13508e+06		123.707		79.1699		1.05153e+06		0.78725		289.416			00:00:57:350		9.52649e+06		-5.85512		0		0		7.13553e+06		12.7129		
00:00:57:350		7.13508e+06		123.707		79.1699		1.05153e+06		0.78725		289.416			00:00:57:350		9.52649e+06		-5.85512		0		0		7.13553e+06		12.7129		
00:00:57:250		7.13452e+06		123.659		79.1699		1.05153e+06		0.78725		289.417			00:00:57:250		9.5409e+06		-5.85514		0		0		7.1345e+06		-23.6064		
00:00:57:149		7.13428e+06		123.659		79.1166		1.05003e+06		0.785921		289.419			00:00:57:149		9.55523e+06		-5.8552		0		0		7.13361e+06		-37.5837		
00:00:57:049		7.13383e+06		123.659		79.1166		1.05003e+06		0.785921		289.421			00:00:57:049		9.56946e+06		-5.85531		0		0		7.13321e+06		-24.3837		
00:00:56:950		7.13338e+06		123.61		79.0632		1.04853e+06		0.784592		289.424			00:00:56:950		9.5836e+06		-5.85549		0		0		7.13329e+06		7.74794		
00:00:56:850		7.13317e+06		123.61		79.0632		1.04853e+06		0.784592		289.426			00:00:56:850		9.59767e+06		-5.85572		0		0		7.1335e+06		29.3118		
00:00:56:750		7.13259e+06		123.561		79.0632		1.04853e+06		0.784592		289.428			00:00:56:750		9.61166e+06		-5.85601		0		0		7.13352e+06		37.9679		
00:00:56:649		7.13239e+06		123.561		79.0095		1.04705e+06		0.783263		289.431			00:00:56:649		9.62558e+06		-5.85637		0		0		7.13309e+06		24.8008		
00:00:56:450		7.13149e+06		123.513		78.9556		1.04554e+06		0.781934		289.436			00:00:56:450		9.65318e+06		-5.8574		0		0		7.1312e+06		-33.8838		
00:00:56:350		7.13126e+06		123.513		78.9556		1.04554e+06		0.781934		289.439			00:00:56:350		9.66686e+06		-5.85809		0		0		7.13052e+06		-34.4726		
00:00:56:350		7.13126e+06		123.513		78.9556		1.04554e+06		0.781934		289.439			00:00:56:350		9.66686e+06		-5.85809		0		0		7.13052e+06		-34.4726		
00:00:56:250		7.13069e+06		123.464		78.9556		1.04554e+06		0.781934		289.442			00:00:56:250		9.68046e+06		-5.85891		0		0		7.13037e+06		-10.3564		
00:00:56:149		7.13049e+06		123.464		78.9015		1.04406e+06		0.780605		289.445			00:00:56:149		9.69398e+06		-5.85985		0		0		7.13054e+06		18.9621		
00:00:56:049		7.13008e+06		123.464		78.9015		1.04406e+06		0.780605		289.449			00:00:56:049		9.70737e+06		-5.86086		0		0		7.13069e+06		35.9172		
00:00:55:950		7.1296e+06		123.416		78.8472		1.04259e+06		0.779276		289.452			00:00:55:950		9.72074e+06		-5.86192		0		0		7.13051e+06		32.167		
00:00:55:850		7.1294e+06		123.416		78.8472		1.04259e+06		0.779276		289.455			00:00:55:850		9.73415e+06		-5.86296		0		0		7.12986e+06		15.6621		
00:00:55:750		7.12884e+06		123.367		78.8472		1.04259e+06		0.779276		289.459			00:00:55:750		9.74759e+06		-5.86394		0		0		7.12885e+06		-20.2798		
00:00:55:600		7.1284e+06		123.367		78.7927		1.04113e+06		0.777947		289.464			00:00:55:600		9.76774e+06		-5.86515		0		0		7.12768e+06		-34.4242		
00:00:55:500		7.12784e+06		123.319		78.7927		1.04113e+06		0.777947		289.468			00:00:55:500		9.7812e+06		-5.86575		0		0		7.12752e+06		-9.97904		
00:00:55:350		7.12748e+06		123.319		78.7379		1.03966e+06		0.776617		289.473			00:00:55:350		9.80146e+06		-5.86627		0		0		7.12778e+06		28.2007		
00:00:55:350		7.12748e+06		123.319		78.7379		1.03966e+06		0.776617		289.473			00:00:55:350		9.80146e+06		-5.86627		0		0		7.12778e+06		28.2007		
00:00:55:250		7.12692e+06		123.27		78.7379		1.03966e+06		0.776617		289.477			00:00:55:250		9.81502e+06		-5.86633		0		0		7.12779e+06		37.7453		
00:00:55:149		7.12666e+06		123.27		78.6828		1.03815e+06		0.775288		289.48			00:00:55:149		9.82865e+06		-5.8661		0		0		7.12736e+06		24.4321		
00:00:55:049		7.12626e+06		123.27		78.6828		1.03815e+06		0.775288		289.484			00:00:55:049		9.84226e+06		-5.86554		0		0		7.12647e+06		0		
00:00:54:950		7.12574e+06		123.222		78.6275		1.03664e+06		0.773959		289.487			00:00:54:950		9.85585e+06		-5.86463		0		0		7.12545e+06		-34.4046		
00:00:54:850		7.12552e+06		123.222		78.6275		1.03664e+06		0.773959		289.491			00:00:54:850		9.86944e+06		-5.8633		0		0		7.12478e+06		-34.7738		
00:00:54:750		7.12495e+06		123.174		78.6275		1.03664e+06		0.773959		289.494			00:00:54:750		9.88306e+06		-5.86154		0		0		7.12464e+06		-9.41774		
00:00:54:649		7.12474e+06		123.174		78.5718		1.03513e+06		0.772629		289.498			00:00:54:649		9.89667e+06		-5.85932		0		0		7.12483e+06		20.8325		
00:00:54:450		7.12381e+06		123.125		78.5159		1.03362e+06		0.771299		289.505			00:00:54:450		9.92376e+06		-5.85347		0		0		7.12475e+06		32.8102		
00:00:54:299		7.12332e+06		123.125		78.5159		1.03362e+06		0.771299		289.51			00:00:54:299		9.94398e+06		-5.84796		0		0		7.12353e+06		0		
00:00:54:299		7.12332e+06		123.125		78.5159		1.03362e+06		0.771299		289.51			00:00:54:299		9.94398e+06		-5.84796		0		0		7.12353e+06		0		
00:00:54:200		7.12283e+06		123.077		78.4597		1.03211e+06		0.769969		289.513			00:00:54:200		9.95742e+06		-5.84387		0		0		7.12247e+06		-36.1981		
00:00:54:100		7.12257e+06		123.077		78.4597		1.03211e+06		0.769969		289.517			00:00:54:100		9.97084e+06		-5.83957		0		0		7.12178e+06		-35.9484		
00:00:54:000		7.12199e+06		123.028		78.4597		1.03211e+06		0.769969		289.52			00:00:54:000		9.98424e+06		-5.83518		0		0		7.12165e+06		-10.089		
00:00:53:899		7.12174e+06		123.028		78.4031		1.0306e+06		0.768639		289.523			00:00:53:899		9.99762e+06		-5.83083		0		0		7.12185e+06		22.2846		
00:00:53:799		7.12125e+06		123.028		78.4031		1.0306e+06		0.768639		289.527			00:00:53:799		1.0011e+07		-5.82668		0		0		7.12198e+06		39.1924		
00:00:53:799		7.12125e+06		123.028		78.4031		1.0306e+06		0.768639		289.527			00:00:53:799		1.0011e+07		-5.82668		0		0		7.12198e+06		39.1924		
00:00:53:600		7.12051e+06		122.98		78.3462		1.02908e+06		0.767308		289.533			00:00:53:600		1.00377e+07		-5.81956		0		0		7.12098e+06		12.6135		
00:00:53:600		7.12051e+06		122.98		78.3462		1.02908e+06		0.767308		289.533			00:00:53:600		1.00377e+07		-5.81956		0		0		7.12098e+06		12.6135		
00:00:53:399		7.11965e+06		122.931		78.2889		1.02757e+06		0.765977		289.54			00:00:53:399		1.00643e+07		-5.8133		0		0		7.11896e+06		-38.9092		
00:00:53:399		7.11965e+06		122.931		78.2889		1.02757e+06		0.765977		289.54			00:00:53:399		1.00643e+07		-5.8133		0		0		7.11896e+06		-38.9092		
00:00:53:299		7.11915e+06		122.931		78.2889		1.02757e+06		0.765977		289.543			00:00:53:299		1.00776e+07		-5.81		0		0		7.11856e+06		-24.176		
00:00:53:200		7.1187e+06		122.883		78.2313		1.02605e+06		0.764646		289.546			00:00:53:200		1.00909e+07		-5.80658		0		0		7.11863e+06		12.4837		
00:00:53:100		7.11837e+06		122.883		78.2313		1.02605e+06		0.764646		289.55			00:00:53:100		1.01041e+07		-5.80305		0		0		7.1188e+06		32.7837		
00:00:53:000		7.11774e+06		122.834		78.2313		1.02605e+06		0.764646		289.553			00:00:53:000		1.01174e+07		-5.79941		0		0		7.11873e+06		38.7986		
00:00:52:750		7.1167e+06		122.786		78.1733		1.02453e+06		0.763314		289.562			00:00:52:750		1.01503e+07		-5.78982		0		0		7.1166e+06		-28.6496		
00:00:52:750		7.1167e+06		122.786		78.1733		1.02453e+06		0.763314		289.562			00:00:52:750		1.01503e+07		-5.78982		0		0		7.1166e+06		-28.6496		
00:00:52:700		7.11657e+06		122.786		78.1148		1.02302e+06		0.761982		289.564			00:00:52:700		1.01569e+07		-5.78783		0		0		7.11611e+06		-38.1081		
00:00:52:600		7.11617e+06		122.786		78.1148		1.02302e+06		0.761982		289.567			00:00:52:600		1.017e+07		-5.78375		0		0		7.11549e+06		-32.2492		
00:00:52:399		7.1153e+06		122.737		78.0559		1.02147e+06		0.760649		289.574			00:00:52:399		1.01962e+07		-5.77531		0		0		7.11551e+06		25.1591		
00:00:52:399		7.1153e+06		122.737		78.0559		1.02147e+06		0.760649		289.574			00:00:52:399		1.01962e+07		-5.77531		0		0		7.11551e+06		25.1591		
00:00:52:299		7.11471e+06		122.737		78.0559		1.02147e+06		0.760649		289.578			00:00:52:299		1.02093e+07		-5.77094		0		0		7.11549e+06		37.7807		
00:00:52:200		7.11430e+06		122.688		77.9966		1.01991e+06		0.759316		289.582			00:00:52:200		1.02223e+07		-5.76648		0		0		7.11509e+06		27.5801		
00:00:52:100		7.1139e+06		122.688		77.9966		1.01991e+06		0.759316		289.586			00:00:52:100		1.02353e+07		-5.76192		0		0		7.11418e+06		3.36874		
00:00:52:000		7.11331e+06		122.64		77.9966		1.01991e+06		0.759316		289.59			00:00:52:000		1.02483e+07		-5.75728		0		0		7.11307e+06		-33.2523		
00:00:51:899		7.11292e+06		122.64		77.9368		1.01837e+06		0.757982		289.594			00:00:51:899		1.02613e+07		-5.75254		0		0		7.1123e+06		-35.2882		
00:00:51:750		7.11213e+06		122.591		77.9368		1.01837e+06		0.757982		289.6			00:00:51:750		1.02808e+07		-5.74525		0		0		7.11206e+06		11.1553		
00:00:51:649		7.11176e+06		122.591		77.8765		1.01681e+06		0.756648		289.604			00:00:51:649		1.02938e+07		-5.74028		0		0		7.1121e+06		29.1951		
00:00:51:549		7.11112e+06		122.591		77.8765		1.01681e+06		0.756648		289.609			00:00:51:549		1.03068e+07		-5.73521		0		0		7.11193e+06		33.9503		
00:00:51:399		7.11052e+06		122.543		77.8157		1.01524e+06		0.755313		289.615			00:00:51:399		1.03262e+07		-5.72743		0		0		7.11086e+06		7.44427		
00:00:51:399		7.11052e+06		122.543		77.8157		1.01524e+06		0.755313		289.615			00:00:51:399		1.03262e+07		-5.72743		0		0		7.11086e+06		7.44427		
00:00:51:250		7.10975e+06		122.494		77.8157		1.01524e+06		0.755313		289.622			00:00:51:250		1.03456e+07		-5.71944		0		0		7.1093e+06		-36.0021		
00:00:51:149		7.1092e+06		122.494		77.7543		1.0137e+06		0.753978		289.627			00:00:51:149		1.03585e+07		-5.71401		0		0		7.10874e+06		-25.1864		
00:00:51:049		7.10869e+06		122.494		77.7543		1.0137e+06		0.753978		289.632			00:00:51:049		1.03714e+07		-5.70849		0		0		7.10863e+06		10.7147		
00:00:50:950		7.10827e+06		122.445		77.6923		1.01215e+06		0.752641		289.637			00:00:50:950		1.03842e+07		-5.70288		0		0		7.1086e+06		27.7666		
00:00:50:899		7.10796e+06		122.445		77.6923		1.01215e+06		0.752641		289.639			00:00:50:899		1.03906e+07		-5.70004		0.069015		0		7.10852e+06		33.8335		
00:00:50:750		7.10724e+06		122.396		77.6923		1.01215e+06		0.752641		289.647			00:00:50:750		1.04098e+07		-5.69139		0.276466		0		7.10774e+06		19.7719		
00:00:50:649		7.10656e+06		122.396		77.6298		1.01061e+06		0.751304		289.653			00:00:50:649		1.04226e+07		-5.68551		0.414642		0		7.1067e+06		-13.9227		
00:00:50:549		7.10613e+06		122.396		77.6298		1.01061e+06		0.751304		289.658			00:00:50:549		1.04354e+07		-5.67953		0.552611		0		7.10567e+06		-35.6391		
00:00:50:350		7.10499e+06		122.347		77.5666		1.00904e+06		0.749966		289.67			00:00:50:350		1.04608e+07		-5.66729		0.827341		0		7.10494e+06		9.8626		
00:00:50:350		7.10499e+06		122.347		77.5666		1.00904e+06		0.749966		289.67			00:00:50:350		1.04608e+07		-5.66729		0.827341		0		7.10494e+06		9.8626		
00:00:50:250		7.10451e+06		122.299		77.5666		1.00904e+06		0.749966		289.677			00:00:50:250		1.04735e+07		-5.66104		0.963969		0		7.10483e+06		27.2385		
00:00:50:149		7.10382e+06		122.299		77.5028		1.00747e+06		0.748627		289.683			00:00:50:149		1.04862e+07		-5.65469		1.09988		0		7.1045e+06		30.0645		
00:00:50:000		7.10306e+06		122.25		77.5028		1.00747e+06		0.748627		289.694			00:00:50:000		1.05052e+07		-5.64499		1.30211		0		7.10332e+06		5.77025		
00:00:49:950		7.10267e+06		122.25		77.4383		1.0059e+06		0.747288		289.697			00:00:49:950		1.05115e+07		-5.64171		1.369		0		7.10276e+06		-15.4011		
00:00:49:850		7.10215e+06		122.25		77.4383		1.0059e+06		0.747288		289.704			00:00:49:850		1.05241e+07		-5.63508		1.50186		0		7.10173e+06		-34.9935		
00:00:49:750		7.10157e+06		122.201		77.4383		1.0059e+06		0.747288		289.712			00:00:49:750		1.05367e+07		-5.62835		1.63334		0		7.10115e+06		-21.1425		
00:00:49:649		7.10097e+06		122.201		77.373		1.00428e+06		0.745947		289.719			00:00:49:649		1.05493e+07		-5.62151		1.76323		0		7.10095e+06		13.0865		
00:00:49:549		7.10038e+06		122.201		77.373		1.00428e+06		0.745947		289.727			00:00:49:549		1.05619e+07		-5.61458		1.89121		0		7.10077e+06		27.4973		
00:00:49:450		7.09969e+06		122.152		77.307		1.00267e+06		0.744605		289.735			00:00:49:450		1.05745e+07		-5.60755		2.01696		0		7.10035e+06		31.4737		
00:00:49:350		7.09917e+06		122.152		77.307		1.00267e+06		0.744605		289.743			00:00:49:350		1.05871e+07		-5.60043		2.14021		0		7.09956e+06		15.2498		
00:00:49:250		7.0984e+06		122.103		77.307		1.00267e+06		0.744605		289.751			00:00:49:250		1.05997e+07		-5.5932		2.26085		0		7.09842e+06		-18.5988		
00:00:49:149		7.09779e+06		122.103		77.2402		1.00108e+06		0.743262		289.76			00:00:49:149		1.06122e+07		-5.58589		2.37903		0		7.09733e+06		-35.3724		
00:00:49:049		7.09716e+06		122.103		77.2402		1.00108e+06		0.743262		289.768			00:00:49:049		1.06248e+07		-5.57849		2.49545		0		7.09671e+06		-24.1566		
00:00:48:950		7.09651e+06		122.054		77.1726		999483		0.741919		289.776			00:00:48:950		1.06375e+07		-5.57099		2.61026		0		7.0965e+06		16.0795		
00:00:48:799		7.09543e+06		122.054		77.1726		999483		0.741919		289.789			00:00:48:799		1.06565e+07		-5.55955		2.78641		0		7.09611e+06		34.5961		
00:00:48:700		7.09472e+06		122.005		77.1041		997908		0.740574		289.797			00:00:48:700		1.06691e+07		-5.55179		2.90502		0		7.0954e+06		24.8041		
00:00:48:600		7.09411e+06		122.005		77.1041		997908		0.740574		289.806			00:00:48:600		1.06817e+07		-5.54393		3.02293		0		7.0943e+06		0		
00:00:48:399		7.09268e+06		121.955		77.0347		996310		0.739228		289.824			00:00:48:399		1.07067e+07		-5.52788		3.24069		0		7.09209e+06		-35.7777		
00:00:48:299		7.09192e+06		121.955		77.0347		996310		0.739228		289.833			00:00:48:299		1.07192e+07		-5.51969		3.33959		0		7.09167e+06		0.27939		
00:00:48:299		7.09192e+06		121.955		77.0347		996310		0.739228		289.833			00:00:48:299		1.07192e+07		-5.51969		3.33959		0		7.09167e+06		0.27939		
00:00:48:200		7.09123e+06		121.906		76.9644		994669		0.737881		289.842			00:00:48:200		1.07317e+07		-5.51137		3.43517		0		7.09147e+06		26.6365		
00:00:48:100		7.09037e+06		121.906		76.9644		994669		0.737881		289.851			00:00:48:100		1.07442e+07		-5.50293		3.52747		0		7.0911e+06		36.9598		
00:00:48:100		7.09037e+06		121.906		76.9644		994669		0.737881		289.851			00:00:48:100		1.07442e+07		-5.50293		3.52747		0		7.0911e+06		36.9598		
00:00:48:000		7.08958e+06		121.857		76.9644		994669		0.737881		289.86			00:00:48:000		1.07567e+07		-5.49438		3.61649		0		7.0903e+06		25.4168		
00:00:47:799		7.08817e+06		121.857		76.893		993031		0.736533		289.878			00:00:47:799		1.07816e+07		-5.47694		3.78467		0		7.08783e+06		-31.7295		
00:00:47:799		7.08817e+06		121.857		76.893		993031		0.736533		289.878			00:00:47:799		1.07816e+07		-5.47694		3.78467		0		7.08783e+06		-31.7295		
00:00:47:700		7.08739e+06		121.808		76.8205		991410		0.735183		289.888			00:00:47:700		1.0794e+07		-5.46804		3.86388		0		7.08693e+06		-28.8392		
00:00:47:600		7.0866e+06		121.808		76.8205		991410		0.735183		289.897			00:00:47:600		1.08064e+07		-5.45904		3.93987		0		7.08647e+06		8.63793		
00:00:47:399		7.08497e+06		121.758		76.747		989789		0.733833		289.917			00:00:47:399		1.08312e+07		-5.44071		4.08251		0		7.08553e+06		28.0798		
00:00:47:399		7.08497e+06		121.758		76.747		989789		0.733833		289.917			00:00:47:399		1.08312e+07		-5.44071		4.08251		0		7.08553e+06		28.0798		
00:00:47:250		7.08391e+06		121.709		76.747		989789		0.733833		289.932			00:00:47:250		1.08498e+07		-5.42669		4.18156		0		7.08404e+06		0		
00:00:47:149		7.08311e+06		121.709		76.6723		988167		0.732481		289.943			00:00:47:149		1.08622e+07		-5.41724		4.24404		0		7.08292e+06		-23.9565		
00:00:47:100		7.08271e+06		121.709		76.6723		988167		0.732481		289.948			00:00:47:100		1.08684e+07		-5.41248		4.27413		0		7.08246e+06		-23.3381		
00:00:47:000		7.08194e+06		121.66		76.6723		988167		0.732481		289.959			00:00:47:000		1.08807e+07		-5.40291		4.33236		0		7.08181e+06		0		
00:00:46:899		7.0812e+06		121.66		76.5964		986544		0.731129		289.97			00:00:46:899		1.08931e+07		-5.39328		4.38788		0		7.0813e+06		17.4317		
00:00:46:750		7.07997e+06		121.61		76.5964		986544		0.731129		289.988			00:00:46:750		1.09116e+07		-5.37876		4.4665		0		7.08032e+06		20.7859		
00:00:46:649		7.07917e+06		121.61		76.5192		984896		0.729774		290			00:00:46:649		1.09239e+07		-5.36903		4.51572		0		7.07936e+06		4.47485		
00:00:46:549		7.07832e+06		121.61		76.5192		984896		0.729774		290.013			00:00:46:549		1.09363e+07		-5.35928		4.56276		0		7.07828e+06		-17.2061		
00:00:46:350		7.07658e+06		121.56		76.4406		983275		0.728419		290.039			00:00:46:350		1.09609e+07		-5.33968		4.64994		0		7.07654e+06		0		
00:00:46:350		7.07658e+06		121.56		76.4406		983275		0.728419		290.039			00:00:46:350		1.09609e+07		-5.33968		4.64994		0		7.07654e+06		0		
00:00:46:250		7.07571e+06		121.511		76.4406		983275		0.728419		290.053			00:00:46:250		1.09732e+07		-5.32983		4.69041		0		7.07575e+06		8.82939		
00:00:46:149		7.0748e+06		121.511		76.3607		981668		0.727062		290.068			00:00:46:149		1.09854e+07		-5.31993		4.72882		0		7.07491e+06		10.2212		
00:00:46:049		7.07391e+06		121.511		76.3607		981668		0.727062		290.083			00:00:46:049		1.09976e+07		-5.30998		4.76538		0		7.07398e+06		3.31857		
00:00:45:950		7.07301e+06		121.461		76.2792		980041		0.725704		290.098			00:00:45:950		1.10099e+07		-5.29996		4.79952		0		7.07302e+06		0		
00:00:45:850		7.0721e+06		121.461		76.2792		980041		0.725704		290.114			00:00:45:850		1.1022e+07		-5.28988		4.83309		0		7.07207e+06		0		
00:00:45:750		7.07118e+06		121.411		76.2792		980041		0.725704		290.13			00:00:45:750		1.10342e+07		-5.27973		4.86424		0		7.07117e+06		1.39222		
00:00:45:649		7.07027e+06		121.411		76.1963		978390		0.724346		290.147			00:00:45:649		1.10465e+07		-5.2695		4.89397		0		7.07031e+06		6.57916		
00:00:45:549		7.06934e+06		121.411		76.1963		978390		0.724346		290.164			00:00:45:549		1.10587e+07		-5.25922		4.92207		0		7.06942e+06		7.75943		
00:00:45:450		7.06842e+06		121.361		76.1116		976741		0.722987		290.181			00:00:45:450		1.10709e+07		-5.24887		4.94872		0		7.06849e+06		5.86738		
00:00:45:350		7.06749e+06		121.361		76.1116		976741		0.722987		290.199			00:00:45:350		1.10832e+07		-5.23845		4.97402		0		7.06753e+06		3.23557		
00:00:45:250		7.06655e+06		121.312		76.1116		976741		0.722987		290.218			00:00:45:250		1.10954e+07		-5.22795		4.99791		0		7.06658e+06		3.00911		
00:00:45:200		7.06609e+06		121.312		76.0253		975111		0.721627		290.228			00:00:45:200		1.11016e+07		-5.22268		5.00949		0		7.06611e+06		3.79103		
00:00:45:049		7.06468e+06		121.312		76.0253		975111		0.721627		290.257			00:00:45:049		1.112e+07		-5.20675		5.04202		0		7.06474e+06		6.9717		
00:00:44:950		7.06375e+06		121.262		75.9372		973480		0.720268		290.277			00:00:44:950		1.11324e+07		-5.19606		5.06227		0		7.06382e+06		7.90359		
00:00:44:850		7.06281e+06		121.262		75.9372		973480		0.720268		290.298			00:00:44:850		1.11447e+07		-5.18531		5.08133		0		7.06289e+06		7.50279		
00:00:44:750		7.06188e+06		121.212		75.9372		973480		0.720268		290.319			00:00:44:750		1.1157e+07		-5.17451		5.09956		0		7.06194e+06		6.49816		
00:00:44:649		7.06094e+06		121.212		75.8471		971802		0.718907		290.341			00:00:44:649		1.11693e+07		-5.16366		5.11697		0		7.06101e+06		6.56764		
00:00:44:549		7.06002e+06		121.212		75.8471		971802		0.718907		290.363			00:00:44:549		1.11817e+07		-5.15277		5.13275		0		7.06009e+06		7.7108		
00:00:44:299		7.05773e+06		121.162		75.7552		970106		0.717547		290.421			00:00:44:299		1.12125e+07		-5.12542		5.16877		0		7.05786e+06		11.1847		
00:00:44:299		7.05773e+06		121.162		75.7552		970106		0.717547		290.421			00:00:44:299		1.12125e+07		-5.12542		5.16877		0		7.05786e+06		11.1847		
00:00:44:200		7.05683e+06		121.112		75.6611		968406		0.716186		290.445			00:00:44:200		1.12249e+07		-5.11444		5.18208		0		7.05696e+06		11.7		
00:00:44:149		7.05638e+06		121.112		75.6611		968406		0.716186		290.457			00:00:44:149		1.12311e+07		-5.10894		5.18862		0		7.05651e+06		11.6597		
00:00:44:049		7.05548e+06		121.112		75.6611		968406		0.716186		290.482			00:00:44:049		1.12435e+07		-5.09794		5.20027		0		7.05562e+06		11.6994		
00:00:43:950		7.05459e+06		121.062		75.565		966709		0.714824		290.507			00:00:43:950		1.12559e+07		-5.08692		5.21107		0		7.05472e+06		11.9855		
00:00:43:850		7.0537e+06		121.062		75.565		966709		0.714824		290.533			00:00:43:850		1.12683e+07		-5.07589		5.2212		0		7.05385e+06		12.7747		
00:00:43:750		7.05282e+06		121.012		75.565		966709		0.714824		290.56			00:00:43:750		1.12807e+07		-5.06483		5.23127		0		7.05299e+06		14.0499		
00:00:43:649		7.05196e+06		121.012		75.4667		965030		0.713461		290.587			00:00:43:649		1.12932e+07		-5.05374		5.24091		0		7.05215e+06		15.3896		
00:00:43:549		7.0511e+06		121.012		75.4667		965030		0.713461		290.615			00:00:43:549		1.13057e+07		-5.04262		5.24948		0		7.05132e+06		16.5301		
00:00:43:450		7.05026e+06		120.962		75.366		963350		0.712098		290.644			00:00:43:450		1.13182e+07		-5.03144		5.25662		0		7.05049e+06		17.4605		
00:00:43:350		7.04942e+06		120.962		75.366		963350		0.712098		290.674			00:00:43:350		1.13307e+07		-5.0202		5.26319		0		7.04968e+06		18.2066		
00:00:43:250		7.0486e+06		120.911		75.366		963350		0.712098		290.704			00:00:43:250		1.13433e+07		-5.00891		5.27023		0		7.04887e+06		18.7426		
00:00:43:149		7.0478e+06		120.911		75.2629		961670		0.710735		290.734			00:00:43:149		1.13558e+07		-4.99756		5.27757		0		7.04808e+06		19.3877		
00:00:43:049		7.04702e+06		120.911		75.2629		961670		0.710735		290.765			00:00:43:049		1.13683e+07		-4.98616		5.28382		0		7.04732e+06		20.4708		
00:00:42:899		7.04587e+06		120.861		75.1573		959965		0.70937		290.813			00:00:42:899		1.1387e+07		-4.96896		5.28947		0		7.04622e+06		22.8967		
00:00:42:799		7.04513e+06		120.861		75.1573		959965		0.70937		290.845			00:00:42:799		1.13995e+07		-4.95743		5.29272		0		7.04553e+06		24.7902		
00:00:42:700		7.04441e+06		120.811		75.049		958262		0.708005		290.878			00:00:42:700		1.14119e+07		-4.94586		5.29773		0		7.04485e+06		26.5592		
00:00:42:600		7.0437e+06		120.811		75.049		958262		0.708005		290.912			00:00:42:600		1.14244e+07		-4.93423		5.30366		0		7.04419e+06		27.9378		
00:00:42:500		7.04301e+06		120.761		75.049		958262		0.708005		290.946			00:00:42:500		1.14369e+07		-4.92256		5.30759		0		7.04354e+06		28.8848		
00:00:42:399		7.04233e+06		120.761		74.9378		956578		0.706639		290.98			00:00:42:399		1.14493e+07		-4.91084		5.30797		0		7.04289e+06		29.8507		
00:00:42:399		7.04233e+06		120.761		74.9378		956578		0.706639		290.98			00:00:42:399		1.14493e+07		-4.91084		5.30797		0		7.04289e+06		29.8507		
00:00:42:200		7.04102e+06		120.71		74.8237		954870		0.705272		291.051			00:00:42:200		1.14743e+07		-4.88728		5.30932		0		7.04165e+06		31.9477		
00:00:42:100		7.04038e+06		120.71		74.8237		954870		0.705272		291.086			00:00:42:100		1.14867e+07		-4.87543		5.31495		0		7.04105e+06		33.1513		
00:00:42:100		7.04038e+06		120.71		74.8237		954870		0.705272		291.086			00:00:42:100		1.14867e+07		-4.87543		5.31495		0		7.04105e+06		33.1513		
00:00:42:000		7.03976e+06		120.659		74.8237		954870		0.705272		291.123			00:00:42:000		1.14991e+07		-4.86355		5.31948		0		7.04046e+06		34.4331		
00:00:41:899		7.03914e+06		120.659		74.7065		953142		0.703904		291.159			00:00:41:899		1.15115e+07		-4.85163		5.31807		0		7.03989e+06		35.8468		
00:00:41:700		7.03793e+06		120.609		74.5861		951412		0.702535		291.234			00:00:41:700		1.15364e+07		-4.82768		5.31002		0		7.03879e+06		38.5264		
00:00:41:700		7.03793e+06		120.609		74.5861		951412		0.702535		291.234			00:00:41:700		1.15364e+07		-4.82768		5.31002		0		7.03879e+06		38.5264		
00:00:41:500		7.03676e+06		120.558		74.4622		949658		0.701164		291.31			00:00:41:500		1.15614e+07		-4.8036		5.32265		0		7.03771e+06		40.5033		
00:00:41:350		7.03593e+06		120.558		74.4622		949658		0.701164		291.368			00:00:41:350		1.15802e+07		-4.78546		5.31753		0		7.03692e+06		41.3101		
00:00:41:350		7.03593e+06		120.558		74.4622		949658		0.701164		291.368			00:00:41:350		1.15802e+07		-4.78546		5.31753		0		7.03692e+06		41.3101		
00:00:41:250		7.03541e+06		120.507		74.4622		949658		0.701164		291.408			00:00:41:250		1.15926e+07		-4.77334		5.30533		0		7.03641e+06		41.7714		
00:00:41:149		7.03491e+06		120.507		74.3349		947884		0.699793		291.447			00:00:41:149		1.16051e+07		-4.76119		5.30046		0		7.03593e+06		42.369		
00:00:41:049		7.03444e+06		120.507		74.3349		947884		0.699793		291.487			00:00:41:049		1.16176e+07		-4.74901		5.30902		8.98377		7.03549e+06		43.7792		
00:00:40:950		7.03395e+06		120.457		74.204		946085		0.69842		291.527			00:00:40:950		1.163e+07		-4.7368		5.31939		17.1383		7.0351e+06		46.0612		
00:00:40:899		7.03372e+06		120.457		74.204		946085		0.69842		291.548			00:00:40:899		1.16363e+07		-4.73069		5.31944		21.1029		7.03491e+06		47.1406		
00:00:40:799		7.03327e+06		120.457		74.204		946085		0.69842		291.589			00:00:40:799		1.16487e+07		-4.71843		5.30456		28.9131		7.03457e+06		49.3853		
00:00:40:700		7.03284e+06		120.406		74.0693		944243		0.697046		291.63			00:00:40:700		1.16611e+07		-4.70615		5.28286		36.333		7.03426e+06		51.7493		
00:00:40:600		7.03245e+06		120.406		74.0693		944243		0.697046		291.671			00:00:40:600		1.16735e+07		-4.69384		5.27874		43.6904		7.03399e+06		54.1411		
00:00:40:399		7.03174e+06		120.355		73.9308		942380		0.69567		291.755			00:00:40:399		1.16983e+07		-4.66911		5.31465		57.7675		7.03353e+06		58.8101		
00:00:40:399		7.03174e+06		120.355		73.9308		942380		0.69567		291.755			00:00:40:399		1.16983e+07		-4.66911		5.31465		57.7675		7.03353e+06		58.8101		
00:00:40:299		7.03142e+06		120.355		73.9308		942380		0.69567		291.797			00:00:40:299		1.17107e+07		-4.6567		5.30249		64.1146		7.03335e+06		60.9514		
00:00:40:200		7.03114e+06		120.304		73.7882		940494		0.694292		291.84			00:00:40:200		1.17231e+07		-4.64427		5.26645		70.3956		7.03319e+06		62.9785		
00:00:40:100		7.03089e+06		120.304		73.7882		940494		0.694292		291.883			00:00:40:100		1.17353e+07		-4.63179		5.24486		76.9062		7.03306e+06		64.9337		
00:00:39:950		7.03055e+06		120.252		73.6414		938519		0.692913		291.949			00:00:39:950		1.17535e+07		-4.61299		5.28394		85.8563		7.03291e+06		67.8782		
00:00:39:850		7.03036e+06		120.252		73.6414		938519		0.692913		291.993			00:00:39:850		1.17656e+07		-4.60039		5.31013		91.3572		7.03285e+06		69.9033		
00:00:39:750		7.0302e+06		120.2		73.6414		938519		0.692913		292.037			00:00:39:750		1.17777e+07		-4.58775		5.28638		97.1716		7.03283e+06		71.9949		
00:00:39:649		7.03006e+06		120.2		73.4902		936392		0.691531		292.082			00:00:39:649		1.17897e+07		-4.57508		5.22718		103.056		7.03283e+06		74.0906		
00:00:39:549		7.02993e+06		120.2		73.4902		936392		0.691531		292.127			00:00:39:549		1.18018e+07		-4.5624		5.19951		108.371		7.03286e+06		76.1478		
00:00:39:350		7.02975e+06		120.147		73.3344		934026		0.690147		292.219			00:00:39:350		1.18258e+07		-4.53696		5.29949		118.18		7.03298e+06		80.2243		
00:00:39:350		7.02975e+06		120.147		73.3344		934026		0.690147		292.219			00:00:39:350		1.18258e+07		-4.53696		5.29949		118.18		7.03298e+06		80.2243		
00:00:39:250		7.02969e+06		120.094		73.3344		934026		0.690147		292.266			00:00:39:250		1.18378e+07		-4.52422		5.29729		122.855		7.03308e+06		82.198		
00:00:39:149		7.02965e+06		120.094		73.1738		931340		0.688761		292.313			00:00:39:149		1.18498e+07		-4.51147		5.21542		126.658		7.03319e+06		84.1429		
00:00:39:049		7.02963e+06		120.094		73.1738		931340		0.688761		292.36			00:00:39:049		1.18617e+07		-4.4987		5.13184		129.398		7.03334e+06		86.088		
00:00:38:950		7.02963e+06		120.038		73.0082		928293		0.687372		292.407			00:00:38:950		1.18737e+07		-4.48592		5.12124		131.62		7.0335e+06		88.0119		
00:00:38:850		7.02965e+06		120.038		73.0082		928293		0.687372		292.455			00:00:38:850		1.18856e+07		-4.47311		5.10367		133.414		7.03368e+06		89.9356		
00:00:38:799		7.02967e+06		120.038		73.0082		928293		0.687372		292.479			00:00:38:799		1.18916e+07		-4.4667		5.09603		134.326		7.03378e+06		90.886		
00:00:38:700		7.02971e+06		119.98		72.8376		924777		0.685981		292.528			00:00:38:700		1.19035e+07		-4.45385		5.07301		136.176		7.034e+06		92.839		
00:00:38:549		7.02981e+06		119.98		72.8376		924777		0.685981		292.603			00:00:38:549		1.19213e+07		-4.43453		5.02869		138.934		7.03437e+06		95.7624		
00:00:38:350		7.03e+06		119.916		72.6619		920696		0.684586		292.705			00:00:38:350		1.19451e+07		-4.40867		4.99422		142.748		7.03492e+06		99.6563		
00:00:38:350		7.03e+06		119.916		72.6619		920696		0.684586		292.705			00:00:38:350		1.19451e+07		-4.40867		4.99422		142.748		7.03492e+06		99.6563		
00:00:38:250		7.03011e+06		119.845		72.6619		920696		0.684586		292.757			00:00:38:250		1.1957e+07		-4.39571		4.97488		144.771		7.03523e+06		101.865		
00:00:38:149		7.03022e+06		119.845		72.4813		916011		0.683188		292.81			00:00:38:149		1.19688e+07		-4.38276		4.95008		146.806		7.03556e+06		104.048		
00:00:38:049		7.03035e+06		119.845		72.4813		916011		0.683188		292.862			00:00:38:049		1.19807e+07		-4.36982		4.91591		148.826		7.03592e+06		106.272		
00:00:37:950		7.0305e+06		119.762		72.2961		910822		0.681787		292.915			00:00:37:950		1.19926e+07		-4.35693		4.88623		150.884		7.0363e+06		108.536		
00:00:37:850		7.03067e+06		119.762		72.2961		910822		0.681787		292.969			00:00:37:850		1.20044e+07		-4.34405		4.8716		153.096		7.0367e+06		110.837		
00:00:37:750		7.03085e+06		119.665		72.2961		910822		0.681787		293.024			00:00:37:750		1.20163e+07		-4.33119		4.86429		155.53		7.03713e+06		113.139		
00:00:37:649		7.03104e+06		119.665		72.1068		905277		0.680381		293.079			00:00:37:649		1.20282e+07		-4.31837		4.84577		158.068		7.03757e+06		115.433		
00:00:37:549		7.03124e+06		119.665		72.1068		905277		0.680381		293.136			00:00:37:549		1.20402e+07		-4.30558		4.8093		160.655		7.03803e+06		117.737		
00:00:37:350		7.03166e+06		119.553		71.9143		899478		0.678972		293.251			00:00:37:350		1.20639e+07		-4.2801		4.75212		167.401		7.03901e+06		122.6		
00:00:37:350		7.03166e+06		119.553		71.9143		899478		0.678972		293.251			00:00:37:350		1.20639e+07		-4.2801		4.75212		167.401		7.03901e+06		122.6		
00:00:37:200		7.03198e+06		119.425		71.7197		893521		0.677544		293.34			00:00:37:200		1.20817e+07		-4.26104		4.75121		177.296		7.03978e+06		126.369		
00:00:37:100		7.03219e+06		119.425		71.7197		893521		0.677544		293.397			00:00:37:100		1.20936e+07		-4.24832		4.7336		189.929		7.04031e+06		128.966		
00:00:37:000		7.03237e+06		119.287		71.7197		893521		0.677544		293.456			00:00:37:000		1.21053e+07		-4.23556		4.69147		213.28		7.04083e+06		131.541		
00:00:36:899		7.03252e+06		119.287		71.5236		887526		0.673585		293.514			00:00:36:899		1.2117e+07		-4.22275		4.6421		253.183		7.04131e+06		133.958		
00:00:36:799		7.0326e+06		119.287		71.5236		887526		0.673585		293.578			00:00:36:799		1.21285e+07		-4.20987		4.63201		300.34		7.04172e+06		136.341		
00:00:36:750		7.03261e+06		119.144		71.5236		887526		0.673585		293.61			00:00:36:750		1.21343e+07		-4.2034		4.63725		323.459		7.04191e+06		137.542		
00:00:36:600		7.03257e+06		119.144		71.3265		881540		0.669616		293.709			00:00:36:600		1.21515e+07		-4.18384		4.64073		385.447		7.04236e+06		141.144		
00:00:36:549		7.03252e+06		119.144		71.3265		881540		0.669616		293.742			00:00:36:549		1.21572e+07		-4.17728		4.62008		403.099		7.04249e+06		142.352		
00:00:36:450		7.03239e+06		119		71.1283		875471		0.665637		293.81			00:00:36:450		1.21686e+07		-4.16407		4.55938		433.771		7.0427e+06		144.782		
00:00:36:350		7.03221e+06		119		71.1283		875471		0.665637		293.878			00:00:36:350		1.218e+07		-4.15074		4.50489		458.639		7.04287e+06		147.056		
00:00:36:250		7.03202e+06		118.855		71.1283		875471		0.665637		293.948			00:00:36:250		1.21914e+07		-4.13732		4.51434		478.097		7.043e+06		149.232		
00:00:36:149		7.03179e+06		118.855		70.9291		869305		0.661648		294.019			00:00:36:149		1.22028e+07		-4.12384		4.54213		491.802		7.04309e+06		151.468		
00:00:36:049		7.03152e+06		118.855		70.9291		869305		0.661648		294.091			00:00:36:049		1.22141e+07		-4.11034		4.53408		498.276		7.04316e+06		153.755		
00:00:35:899		7.03107e+06		118.71		70.7287		863106		0.657648		294.2			00:00:35:899		1.22311e+07		-4.0902		4.40753		499.474		7.04324e+06		157.293		
00:00:35:799		7.03073e+06		118.71		70.7287		863106		0.657648		294.274			00:00:35:799		1.22424e+07		-4.07695		4.32279		499.86		7.04327e+06		159.73		
00:00:35:700		7.03037e+06		118.564		70.5272		856846		0.653637		294.349			00:00:35:700		1.22538e+07		-4.06391		4.25885		500.238		7.0433e+06		162.258		
00:00:35:600		7.02997e+06		118.564		70.5272		856846		0.653637		294.426			00:00:35:600		1.22651e+07		-4.05112		4.19148		500.611		7.04331e+06		164.829		
00:00:35:500		7.02954e+06		118.418		70.5272		856846		0.653637		294.503			00:00:35:500		1.22765e+07		-4.03861		4.09217		500.978		7.0433e+06		167.457		
00:00:35:399		7.02908e+06		118.418		70.3244		850509		0.649613		294.582			00:00:35:399		1.22879e+07		-4.02633		4.02341		501.342		7.04327e+06		170.1		
00:00:35:299		7.02858e+06		118.418		70.3244		850509		0.649613		294.662			00:00:35:299		1.22993e+07		-4.01425		3.95423		501.714		7.04321e+06		172.741		
00:00:35:299		7.02858e+06		118.418		70.3244		850509		0.649613		294.662			00:00:35:299		1.22993e+07		-4.01425		3.95423		501.714		7.04321e+06		172.741		
00:00:35:200		7.02804e+06		118.272		70.1203		844114		0.645577		294.744			00:00:35:200		1.23106e+07		-4.00225		3.87895		502.091		7.04312e+06		175.367		
00:00:35:000		7.02683e+06		118.125		70.1203		844114		0.645577		294.912			00:00:35:000		1.23331e+07		-3.97826		3.71597		502.88		7.04281e+06		180.45		
00:00:35:000		7.02683e+06		118.125		70.1203		844114		0.645577		294.912			00:00:35:000		1.23331e+07		-3.97826		3.71597		502.88		7.04281e+06		180.45		
00:00:34:899		7.02616e+06		118.125		69.9147		837661		0.641528		294.997			00:00:34:899		1.23444e+07		-3.96627		3.64909		503.297		7.04258e+06		182.94		
00:00:34:799		7.02544e+06		118.125		69.9147		837661		0.641528		295.084			00:00:34:799		1.23556e+07		-3.95427		3.58824		503.731		7.0423e+06		185.374		
00:00:34:700		7.02469e+06		117.977		69.7075		831126		0.637465		295.172			00:00:34:700		1.23667e+07		-3.94225		3.52061		504.174		7.04197e+06		187.571		
00:00:34:600		7.02393e+06		117.977		69.7075		831126		0.637465		295.261			00:00:34:600		1.23779e+07		-3.93013		3.42937		504.632		7.04159e+06		189.581		
00:00:34:500		7.02312e+06		117.829		69.7075		831126		0.637465		295.352			00:00:34:500		1.2389e+07		-3.91791		3.34822		505.098		7.04114e+06		191.436		
00:00:34:299		7.02148e+06		117.829		69.4983		824512		0.633387		295.539			00:00:34:299		1.24112e+07		-3.89312		3.22543		506.041		7.0401e+06		194.527		
00:00:34:299		7.02148e+06		117.829		69.4983		824512		0.633387		295.539			00:00:34:299		1.24112e+07		-3.89312		3.22543		506.041		7.0401e+06		194.527		
00:00:34:100		7.01968e+06		117.68		69.2871		817839		0.629294		295.732			00:00:34:100		1.24334e+07		-3.86796		3.06805		506.971		7.03886e+06		197.534		
00:00:34:100		7.01968e+06		117.68		69.2871		817839		0.629294		295.732			00:00:34:100		1.24334e+07		-3.86796		3.06805		506.971		7.03886e+06		197.534		
00:00:34:000		7.01808e+06		117.531		69.074		811083		0.625186		295.88			00:00:34:000		1.245e+07		-3.84891		2.92819		507.639		7.0378e+06		200.459		
00:00:33:850		7.0169e+06		117.531		69.074		811083		0.625186		295.981			00:00:33:850		1.2461e+07		-3.83615		2.88208		508.068		7.03706e+06		202.759		
00:00:33:799		7.01628e+06		117.531		69.074		811083		0.625186		296.032			00:00:33:799		1.24665e+07		-3.82975		2.87353		508.279		7.03667e+06		204.004		
00:00:33:700		7.01498e+06		117.381		68.859		804246		0.62106		296.135			00:00:33:700		1.24775e+07		-3.81691		2.82084		508.693		7.03589e+06		206.775		
00:00:33:600		7.01363e+06		117.381		68.859		804246		0.62106		296.241			00:00:33:600		1.24884e+07		-3.80403		2.7493		509.113		7.03515e+06		210.112		
00:00:33:399		7.01081e+06		117.23		68.6421		797349		0.616918		296.46			00:00:33:399		1.25102e+07		-3.77818		2.53018		509.97		7.03398e+06		218.339		
00:00:33:299		7.00928e+06		117.23		68.6421		797349		0.616918		296.569			00:00:33:299		1.2521e+07		-3.76523		2.45947		510.436		7.03328e+06		221.964		
00:00:33:299		7.00928e+06		117.23		68.6421		797349		0.616918		296.569			00:00:33:299		1.2521e+07		-3.76523		2.45947		510.436		7.03328e+06		221.964		
00:00:33:149		7.00678e+06		117.079		68.4235		790344		0.612759		296.736			00:00:33:149		1.25372e+07		-3.74578		2.4616		511.187		7.03188e+06		226.603		
00:00:33:049		7.00502e+06		117.079		68.4235		790344		0.612759		296.849			00:00:33:049		1.25481e+07		-3.73281		2.46292		511.728		7.03073e+06		229.207		
00:00:32:950		7.0032e+06		116.927		68.2033		783260		0.608581		296.964			00:00:32:950		1.25589e+07		-3.71985		2.46426		512.301		7.02944e+06		231.425		
00:00:32:850		7.00131e+06		116.927		68.2033		783260		0.608581		297.082			00:00:32:850		1.25697e+07		-3.70689		2.46566		512.912		7.02802e+06		233.314		
00:00:32:750		6.99935e+06		116.775		68.2033		783260		0.608581		297.202			00:00:32:750		1.25804e+07		-3.69394		2.46686		513.556		7.02647e+06		234.984		
00:00:32:649		6.99729e+06		116.775		67.9817		776088		0.604386		297.323			00:00:32:649		1.25911e+07		-3.68099		2.46816		514.234		7.02477e+06		236.427		
00:00:32:600		6.99622e+06		116.775		67.9817		776088		0.604386		297.384			00:00:32:600		1.25964e+07		-3.67452		2.46868		514.583		7.02387e+06		237.055		
00:00:32:450		6.99291e+06		116.622		67.7588		768814		0.600171		297.571			00:00:32:450		1.26123e+07		-3.65512		2.47041		515.673		7.02097e+06		238.664		
00:00:32:350		6.99059e+06		116.622		67.7588		768814		0.600171		297.697			00:00:32:350		1.26229e+07		-3.64219		2.47152		516.425		7.01888e+06		239.52		
00:00:32:250		6.98820e+06		116.469		67.7588		768814		0.600171		297.827			00:00:32:250		1.26334e+07		-3.62927		2.47234		517.186		7.01668e+06		240.259		
00:00:32:149		6.98575e+06		116.469		67.5345		761478		0.595937		297.958			00:00:32:149		1.26438e+07		-3.61635		2.47283		517.953		7.01439e+06		240.955		
00:00:32:049		6.98323e+06		116.469		67.5345		761478		0.595937		298.091			00:00:32:049		1.26543e+07		-3.60345		2.47296		518.717		7.01205e+06		241.731		
00:00:31:949		6.98066e+06		116.315		67.3088		754056		0.591684		298.224			00:00:31:949		1.26647e+07		-3.59057		2.47377		519.479		7.00968e+06		242.684		
00:00:31:850		6.97804e+06		116.315		67.3088		754056		0.591684		298.357			00:00:31:850		1.2675e+07		-3.5777		2.47429		520.237		7.00733e+06		243.994		
00:00:31:750		6.97538e+06		116.16		67.3088		754056		0.591684		298.491			00:00:31:750		1.26853e+07		-3.56486		2.47523		520.989		7.00504e+06		245.797		
00:00:31:649		6.97264e+06		116.16		67.0817		746552		0.587411		298.626			00:00:31:649		1.26956e+07		-3.55202		2.47586		521.735		7.00279e+06		247.848		
00:00:31:550		6.96981e+06		116.16		67.0817		746552		0.587411		298.764			00:00:31:550		1.27058e+07		-3.5392		2.47671		522.482		7.00047e+06		249.868		
00:00:31:350		6.96387e+06		116.005		66.8532		738962		0.583118		299.045			00:00:31:350		1.27261e+07		-3.51358		2.478		523.99		6.99552e+06		253.809		
00:00:31:350		6.96387e+06		116.005		66.8532		738962		0.583118		299.045			00:00:31:350		1.27261e+07		-3.51358		2.478		523.99		6.99552e+06		253.809		
00:00:31:250		6.96075e+06		115.849		66.8532		738962		0.583118		299.188			00:00:31:250		1.27362e+07		-3.50078		2.47806		524.766		6.99288e+06		255.656		
00:00:31:149		6.95754e+06		115.849		66.6231		731239		0.578805		299.334			00:00:31:149		1.27463e+07		-3.488		2.47819		525.572		6.99011e+06		257.271		
00:00:31:050		6.95429e+06		115.849		66.6231		731239		0.578805		299.482			00:00:31:050		1.27563e+07		-3.47523		2.47852		526.421		6.9872e+06		258.299		
00:00:30:949		6.95103e+06		115.692		66.3914		723434		0.574472		299.628			00:00:30:949		1.27664e+07		-3.46249		2.47874		527.347		6.98414e+06		258.974		
00:00:30:850		6.94763e+06		115.692		66.3914		723434		0.574472		299.775			00:00:30:850		1.27764e+07		-3.44977		2.47889		528.373		6.98092e+06		259.542		
00:00:30:699		6.94226e+06		115.535		66.1581		715562		0.570119		299.996			00:00:30:699		1.27913e+07		-3.43072		2.47898		530.153		6.97579e+06		260.244		
00:00:30:600		6.93849e+06		115.535		66.1581		715562		0.570119		300.144			00:00:30:600		1.28012e+07		-3.41804		2.47884		531.531		6.97214e+06		260.572		
00:00:30:500		6.93455e+06		115.376		66.1581		715562		0.570119		300.293			00:00:30:500		1.2811e+07		-3.40539		2.47856		533.072		6.96831e+06		260.796		
00:00:30:399		6.93042e+06		115.376		65.9231		707580		0.565746		300.442			00:00:30:399		1.28208e+07		-3.39275		2.47842		534.766		6.96427e+06		260.885		
00:00:30:300		6.9261e+06		115.376		65.9231		707580		0.565746		300.591			00:00:30:300		1.28306e+07		-3.38013		2.47846		536.576		6.95998e+06		260.772		
00:00:30:199		6.92157e+06		115.218		65.6864		699512		0.561352		300.74			00:00:30:199		1.28403e+07		-3.36754		2.47843		538.453		6.95541e+06		260.215		
00:00:30:100		6.91689e+06		115.218		65.6864		699512		0.561352		300.887			00:00:30:100		1.28499e+07		-3.35497		2.47788		540.345		6.95049e+06		258.666		
00:00:30:000		6.9123e+06		115.059		65.6864		699512		0.561352		301.033			00:00:30:000		1.28596e+07		-3.34242		2.47706		542.18		6.94515e+06		254.756		
00:00:29:899		6.9084e+06		115.059		65.448		691402		0.556939		301.178			00:00:29:899		1.28691e+07		-3.32991		2.47622		543.863		6.93933e+06		244.601		
00:00:29:899		6.9084e+06		115.059		65.448		691402		0.556939		301.178			00:00:29:899		1.28691e+07		-3.32991		2.47622		543.863		6.93933e+06		244.601		
00:00:29:699		6.89977e+06		114.899		65.208		683224		0.552507		301.463			00:00:29:699		1.28881e+07		-3.30497		2.4744		546.33		6.9263e+06		224.839		
00:00:29:600		6.89977e+06		114.899		65.208		683224		0.552507		301.463			00:00:29:600		1.28975e+07		-3.29253		2.4744		546.33		6.9263e+06		224.839		
00:00:29:600		6.89461e+06		114.899		65.208		683224		0.552507		301.602			00:00:29:600		1.28975e+07		-3.29253		2.47329		546.862		6.91916e+06		215.411		
00:00:29:399		6.88282e+06		114.739		64.9664		674958		0.548058		301.867			00:00:29:399		1.29161e+07		-3.26773		2.46982		546.042		6.90385e+06		197.827		
00:00:29:300		6.87641e+06		114.739		64.9664		674958		0.548058		301.992			00:00:29:300		1.29254e+07		-3.25536		2.46799		544.659		6.89588e+06		189.711		
00:00:29:300		6.87641e+06		114.739		64.9664		674958		0.548058		301.992			00:00:29:300		1.29254e+07		-3.25536		2.46799		544.659		6.89588e+06		189.711		
00:00:29:199		6.86988e+06		114.579		64.7234		666601		0.543593		302.111			00:00:29:199		1.29347e+07		-3.243		2.466		542.845		6.88789e+06		182.068		
00:00:29:100		6.86349e+06		114.579		64.7234		666601		0.543593		302.226			00:00:29:100		1.29439e+07		-3.23067		2.46408		541.057		6.88012e+06		174.938		
00:00:29:000		6.85744e+06		114.418		64.7234		666601		0.543593		302.331			00:00:29:000		1.29531e+07		-3.21834		2.46201		539.702		6.87289e+06		169.061		
00:00:28:899		6.85164e+06		114.418		64.479		658180		0.539115		302.428			00:00:28:899		1.29622e+07		-3.20603		2.45975		538.862		6.86668e+06		169.524		
00:00:28:800		6.84377e+06		114.418		64.479		658180		0.539115		302.519			00:00:28:800		1.29713e+07		-3.19372		2.45785		538.466		6.86228e+06		200.774		
00:00:28:699		6.82310e+06		114.258		64.2334		649664		0.534627		302.601			00:00:28:699		1.29804e+07		-3.18142		2.4567		538.433		6.86021e+06		304.159		
00:00:28:500		6.76172e+06		114.096		64.2334		649664		0.534627		302.743			00:00:28:500		1.29985e+07		-3.15681		2.45318		538.603		6.86046e+06		465.541		
00:00:28:399		6.73937e+06		114.096		63.9866		641036		0.530131		302.803			00:00:28:399		1.30075e+07		-3.1445		2.45249		538.603		6.86173e+06		509.984		
00:00:28:300		6.72547e+06		114.096		63.9866		641036		0.530131		302.857			00:00:28:300		1.30165e+07		-3.13218		2.4522		538.572		6.86323e+06		541.226		
00:00:28:300		6.72547e+06		114.096		63.9866		641036		0.530131		302.857			00:00:28:300		1.30165e+07		-3.13218		2.4522		538.572		6.86323e+06		541.226		
00:00:28:199		6.72444e+06		113.935		63.7388		632316		0.525629		302.907			00:00:28:199		1.30255e+07		-3.11986		2.45242		538.534		6.86464e+06		534.138		
00:00:28:050		6.73106e+06		113.935		63.7388		632316		0.525629		302.974			00:00:28:050		1.3039e+07		-3.10137		2.45342		538.478		6.86656e+06		526.073		
00:00:27:899		6.73454e+06		113.774		63.4899		623530		0.521122		303.035			00:00:27:899		1.30525e+07		-3.08287		2.45582		538.418		6.8684e+06		524.324		
00:00:27:899		6.73454e+06		113.774		63.4899		623530		0.521122		303.035			00:00:27:899		1.30525e+07		-3.08287		2.45582		538.418		6.8684e+06		524.324		
00:00:27:699		6.73686e+06		113.612		63.24		614675		0.516611		303.114			00:00:27:699		1.30704e+07		-3.05819		2.46034		538.339		6.87083e+06		524.62		
00:00:27:699		6.73686e+06		113.612		63.24		614675		0.516611		303.114			00:00:27:699		1.30704e+07		-3.05819		2.46034		538.339		6.87083e+06		524.62		
00:00:27:600		6.73801e+06		113.612		63.24		614675		0.516611		303.154			00:00:27:600		1.30794e+07		-3.04585		2.46256		538.297		6.87203e+06		524.776		
00:00:27:399		6.74029e+06		113.45		62.989		605704		0.512094		303.233			00:00:27:399		1.30973e+07		-3.02114		2.46708		538.212		6.8744e+06		525.058		
00:00:27:250		6.74198e+06		113.288		62.989		605704		0.512094		303.293			00:00:27:250		1.31108e+07		-3.00258		2.47057		538.148		6.87616e+06		525.264		
00:00:27:250		6.74198e+06		113.288		62.989		605704		0.512094		303.293			00:00:27:250		1.31108e+07		-3.00258		2.47057		538.148		6.87616e+06		525.264		
00:00:27:149		6.7431e+06		113.288		62.737		596617		0.507573		303.332			00:00:27:149		1.31197e+07		-2.9902		2.47282		538.101		6.87732e+06		525.396		
00:00:27:050		6.74421e+06		113.288		62.737		596617		0.507573		303.372			00:00:27:050		1.31287e+07		-2.97781		2.47513		538.056		6.87847e+06		525.526		
00:00:26:949		6.74531e+06		113.126		62.4838		587391		0.503046		303.411			00:00:26:949		1.31376e+07		-2.96541		2.47739		538.011		6.87961e+06		525.658		
00:00:26:850		6.7464e+06		113.126		62.4838		587391		0.503046		303.45			00:00:26:850		1.31466e+07		-2.95301		2.47968		537.964		6.88075e+06		525.796		
00:00:26:750		6.74748e+06		112.964		62.4838		587391		0.503046		303.489			00:00:26:750		1.31555e+07		-2.94059		2.48207		537.915		6.88187e+06		525.919		
00:00:26:649		6.74856e+06		112.964		62.2295		578050		0.498515		303.528			00:00:26:649		1.31645e+07		-2.92817		2.48435		537.866		6.88299e+06		526.042		
00:00:26:550		6.74963e+06		112.964		62.2295		578050		0.498515		303.567			00:00:26:550		1.31734e+07		-2.91573		2.48665		537.818		6.8841e+06		526.16		
00:00:26:350		6.75175e+06		112.802		61.9741		568642		0.493979		303.644			00:00:26:350		1.31913e+07		-2.89083		2.49129		537.72		6.88629e+06		526.392		
00:00:26:350		6.75175e+06		112.802		61.9741		568642		0.493979		303.644			00:00:26:350		1.31913e+07		-2.89083		2.49129		537.72		6.88629e+06		526.392		
00:00:26:250		6.7528e+06		112.64		61.9741		568642		0.493979		303.682			00:00:26:250		1.32002e+07		-2.87836		2.49366		537.67		6.88738e+06		526.506		
00:00:26:149		6.75384e+06		112.64		61.7175		559114		0.489439		303.72			00:00:26:149		1.32091e+07		-2.86589		2.49599		537.619		6.88845e+06		526.626		
00:00:26:050		6.75487e+06		112.64		61.7175		559114		0.489439		303.758			00:00:26:050		1.3218e+07		-2.8534		2.49828		537.57		6.88952e+06		526.734		
00:00:25:949		6.7559e+06		112.477		61.46		549447		0.484893		303.796			00:00:25:949		1.32269e+07		-2.84091		2.50064		537.521		6.89057e+06		526.834		
00:00:25:850		6.75691e+06		112.477		61.46		549447		0.484893		303.834			00:00:25:850		1.32359e+07		-2.82841		2.50306		537.475		6.89162e+06		526.935		
00:00:25:750		6.75793e+06		112.314		61.46		549447		0.484893		303.872			00:00:25:750		1.32448e+07		-2.8159		2.50555		537.426		6.89266e+06		527.034		
00:00:25:649		6.75893e+06		112.314		61.2017		539687		0.480343		303.91			00:00:25:649		1.32537e+07		-2.8034		2.50793		537.381		6.89369e+06		527.127		
00:00:25:550		6.75993e+06		112.314		61.2017		539687		0.480343		303.947			00:00:25:550		1.32626e+07		-2.79089		2.51032		537.334		6.89472e+06		527.21		
00:00:25:449		6.76092e+06		112.151		60.9427		529833		0.475788		303.985			00:00:25:449		1.32715e+07		-2.77837		2.51279		537.287		6.89573e+06		527.3		
00:00:25:350		6.7619e+06		112.151		60.9427		529833		0.475788		304.023			00:00:25:350		1.32805e+07		-2.76586		2.51531		537.239		6.89673e+06		527.382		
00:00:25:250		6.76289e+06		111.988		60.9427		529833		0.475788		304.061			00:00:25:250		1.32894e+07		-2.75333		2.51783		537.192		6.89773e+06		527.447		
00:00:25:149		6.76386e+06		111.988		60.6831		519862		0.471228		304.099			00:00:25:149		1.32984e+07		-2.7408		2.52026		537.141		6.89872e+06		527.527		
00:00:25:050		6.76483e+06		111.988		60.6831		519862		0.471228		304.136			00:00:25:050		1.33073e+07		-2.72825		2.52273		537.087		6.89971e+06		527.61		
00:00:24:949		6.76581e+06		111.825		60.4229		509747		0.466663		304.174			00:00:24:949		1.33163e+07		-2.7157		2.52512		537.032		6.90071e+06		527.722		
00:00:24:850		6.76678e+06		111.825		60.4229		509747		0.466663		304.212			00:00:24:850		1.33252e+07		-2.70314		2.52763		536.974		6.90174e+06		527.912		
00:00:24:750		6.76774e+06		111.661		60.4229		509747		0.466663		304.25			00:00:24:750		1.33341e+07		-2.69056		2.53001		536.916		6.9028e+06		528.146		
00:00:24:649		6.7687e+06		111.661		60.1621		499542		0.462094		304.287			00:00:24:649		1.33431e+07		-2.67798		2.53242		536.856		6.90385e+06		528.362		
00:00:24:550		6.76965e+06		111.661		60.1621		499542		0.462094		304.325			00:00:24:550		1.3352e+07		-2.66538		2.53479		536.8		6.90489e+06		528.592		
00:00:24:449		6.77058e+06		111.498		59.9006		489239		0.457519		304.38			00:00:24:449		1.33654e+07		-2.64647		2.53869		536.713		6.90642e+06		528.878		
00:00:24:300		6.77198e+06		111.498		59.9006		489239		0.457519		304.417			00:00:24:300		1.33743e+07		-2.63384		2.5411		536.656		6.90742e+06		529.07		
00:00:24:199		6.77289e+06		111.334		59.6384		478820		0.45294		304.454			00:00:24:199		1.33832e+07		-2.62119		2.54348		536.6		6.90841e+06		529.238		
00:00:24:100		6.7738e+06		111.334		59.6384		478820		0.45294		304.49			00:00:24:100		1.33921e+07		-2.60854		2.54588		536.545		6.90938e+06		529.421		
00:00:24:000		6.77469e+06		111.17		59.6384		478820		0.45294		304.527			00:00:24:000		1.34011e+07		-2.59588		2.54843		536.489		6.91034e+06		529.569		
00:00:23:899		6.77558e+06		111.17		59.3757		468282		0.448357		304.563			00:00:23:899		1.341e+07		-2.58321		2.55094		536.434		6.91129e+06		529.746		
00:00:23:800		6.77645e+06		111.17		59.3757		468282		0.448357		304.599			00:00:23:800		1.34189e+07		-2.57053		2.55348		536.376		6.91223e+06		529.889		
00:00:23:699		6.77732e+06		111.006		59.1125		457577		0.443769		304.635			00:00:23:699		1.34278e+07		-2.55784		2.55595		536.323		6.91315e+06		530.034		
00:00:23:600		6.77818e+06		111.006		59.1125		457577		0.443769		304.67			00:00:23:600		1.34367e+07		-2.54515		2.55849		536.267		6.91407e+06		530.176		
00:00:23:600		6.77818e+06		111.006		59.1125		457577		0.443769		304.67			00:00:23:600		1.34367e+07		-2.54515		2.55849		536.267		6.91407e+06		530.176		
00:00:23:500		6.77902e+06		110.842		59.1125		457577		0.443769		304.705			00:00:23:500		1.34455e+07		-2.53246		2.56112		536.214		6.91497e+06		530.316		
00:00:23:300		6.78068e+06		110.842		58.849		446755		0.439176		304.775			00:00:23:300		1.34631e+07		-2.50705		2.56633		536.103		6.91675e+06		530.624		
00:00:23:300		6.78068e+06		110.842		58.849		446755		0.439176		304.775			00:00:23:300		1.34631e+07		-2.50705		2.56633		536.103		6.91675e+06		530.624		
00:00:23:199		6.78149e+06		110.677		58.5851		435788		0.434579		304.809			00:00:23:199		1.34719e+07		-2.49433		2.56893		536.049		6.91762e+06		530.779		
00:00:23:100		6.78229e+06		110.677		58.5851		435788		0.434579		304.844			00:00:23:100		1.34807e+07		-2.48161		2.57151		535.998		6.91849e+06		530.939		
00:00:22:899		6.78387e+06		110.512		58.3211		424658		0.429977		304.912			00:00:22:899		1.34983e+07		-2.45611		2.57682		535.889		6.92019e+06		531.259		
00:00:22:800		6.78465e+06		110.512		58.3211		424658		0.429977		304.947			00:00:22:800		1.35071e+07		-2.44335		2.57952		535.834		6.92104e+06		531.417		
00:00:22:699		6.78542e+06		110.348		58.0574		413335		0.425371		304.981			00:00:22:699		1.35159e+07		-2.43057		2.58217		535.781		6.92187e+06		531.573		
00:00:22:600		6.78619e+06		110.348		58.0574		413335		0.425371		305.015			00:00:22:600		1.35247e+07		-2.41779		2.58485		535.727		6.9227e+06		531.738		
00:00:22:500		6.78695e+06		110.182		58.0574		413335		0.425371		305.048			00:00:22:500		1.35335e+07		-2.40501		2.58754		535.672		6.92353e+06		531.895		
00:00:22:399		6.78770e+06		110.182		57.7942		401776		0.420761		305.082			00:00:22:399		1.35423e+07		-2.39222		2.5903		535.617		6.92435e+06		532.054		
00:00:22:300		6.78845e+06		110.182		57.7942		401776		0.420761		305.116			00:00:22:300		1.35512e+07		-2.37941		2.59304		535.564		6.92517e+06		532.209		
00:00:22:300		6.78845e+06		110.182		57.7942		401776		0.420761		305.116			00:00:22:300		1.35512e+07		-2.37941		2.59304		535.564		6.92517e+06		532.209		
00:00:22:199		6.7892e+06		110.017		57.5317		390004		0.416146		305.149			00:00:22:199		1.356e+07		-2.36659		2.59569		535.508		6.92598e+06		532.357		
00:00:22:100		6.78995e+06		110.017		57.5317		390004		0.416146		305.183			00:00:22:100		1.35689e+07		-2.35377		2.59835		535.455		6.92678e+06		532.488		
00:00:22:000		6.79069e+06		109.85		57.5317		390004		0.416146		305.216			00:00:22:000		1.35777e+07		-2.34094		2.60122		535.401		6.92757e+06		532.62		
00:00:21:899		6.79142e+06		109.85		57.2698		378048		0.411527		305.249			00:00:21:899		1.35865e+07		-2.32812		2.60406		535.344		6.92835e+06		532.749		
00:00:21:800		6.79215e+06		109.85		57.2698		378048		0.411527		305.282			00:00:21:800		1.35954e+07		-2.31531		2.60693		535.289		6.92913e+06		532.863		
00:00:21:699		6.79286e+06		109.683		57.0082		365961		0.406904		305.314			00:00:21:699		1.36042e+07		-2.30252		2.60965		535.235		6.92989e+06		532.992		
00:00:21:600		6.79357e+06		109.683		57.0082		365961		0.406904		305.347			00:00:21:600		1.3613e+07		-2.28975		2.61231		535.18		6.93065e+06		533.121		
00:00:21:500		6.79428e+06		109.513		57.0082		365961		0.406904		305.379			00:00:21:500		1.36218e+07		-2.27702		2.61515		535.123		6.93141e+06		533.239		
00:00:21:250		6.79600e+06		109.341		56.7468		354201		0.402276		305.459			00:00:21:250		1.36437e+07		-2.24535		2.62249		534.987		6.93326e+06		533.555		
00:00:21:250		6.79600e+06		109.341		56.7468		354201		0.402276		305.459			00:00:21:250		1.36437e+07		-2.24535		2.62249		534.987		6.93326e+06		533.555		
00:00:21:149		6.79668e+06		109.341		56.4851		344790		0.397645		305.491			00:00:21:149		1.36525e+07		-2.23275		2.62513		534.93		6.93399e+06		533.675		
00:00:21:050		6.79735e+06		109.341		56.4851		344790		0.397645		305.523			00:00:21:050		1.36613e+07		-2.22019		2.62775		534.875		6.93471e+06		533.797		
00:00:20:949		6.79802e+06		109.159		56.2221		337285		0.393009		305.554			00:00:20:949		1.36701e+07		-2.20766		2.63094		534.817		6.93542e+06		533.919		
00:00:20:850		6.79868e+06		109.159		56.2221		337285		0.393009		305.586			00:00:20:850		1.36789e+07		-2.19518		2.63431		534.761		6.93613e+06		534.037		
00:00:20:750		6.79934e+06		108.954		56.2221		337285		0.393009		305.617			00:00:20:750		1.36877e+07		-2.18273		2.6372		534.7		6.93683e+06		534.152		
00:00:20:649		6.79999e+06		108.954		55.9552		329680		0.388369		305.648			00:00:20:649		1.36965e+07		-2.17032		2.63958		534.642		6.93753e+06		534.267		
00:00:20:550		6.80064e+06		108.954		55.9552		329680		0.388369		305.679			00:00:20:550		1.37052e+07		-2.15795		2.64194		534.58		6.93822e+06		534.357		
00:00:20:350		6.80191e+06		108.883		55.6841		322138		0.383725		305.74			00:00:20:350		1.37228e+07		-2.13334		2.64941		534.458		6.93957e+06		534.558		
00:00:20:250		6.80254e+06		108.811		55.6841		322138		0.383725		305.771			00:00:20:250		1.37316e+07		-2.12111		2.65256		534.392		6.94024e+06		534.658		
00:00:20:250		6.80254e+06		108.811		55.6841		322138		0.383725		305.771			00:00:20:250		1.37316e+07		-2.12111		2.65256		534.392		6.94024e+06		534.658		
00:00:20:149		6.80316e+06		108.811		55.4092		314660		0.379077		305.801			00:00:20:149		1.37404e+07		-2.10893		2.65439		534.332		6.9409e+06		534.754		
00:00:20:050		6.80378e+06		108.811		55.4092		314660		0.379077		305.832			00:00:20:050		1.37493e+07		-2.0968		2.656		534.268		6.94156e+06		534.862		
00:00:19:949		6.80438e+06		108.738		55.1308		307197		0.374424		305.862			00:00:19:949		1.37581e+07		-2.08473		2.65973		534.206		6.9422e+06		534.968		
00:00:19:850		6.80498e+06		108.738		55.1308		307197		0.374424		305.892			00:00:19:850		1.37669e+07		-2.07273		2.66504		534.14		6.94284e+06		535.071		
00:00:19:750		6.80557e+06		108.664		55.1308		307197		0.374424		305.922			00:00:19:750		1.37757e+07		-2.06078		2.66909		534.08		6.94347e+06		535.168		
00:00:19:649		6.80615e+06		108.664		54.8494		299730		0.369768		305.952			00:00:19:649		1.37845e+07		-2.0489		2.66983		534.021		6.94409e+06		535.266		
00:00:19:550		6.80672e+06		108.664		54.8494		299730		0.369768		305.982			00:00:19:550		1.37933e+07		-2.03709		2.66942		533.965		6.9447e+06		535.371		
00:00:19:449		6.80728e+06		108.589		54.5647		292308		0.365108		306.012			00:00:19:449		1.38022e+07		-2.02534		2.67366		533.91		6.9453e+06		535.45		
00:00:19:350		6.80783e+06		108.589		54.5647		292308		0.365108		306.042			00:00:19:350		1.3811e+07		-2.01366		2.6814		533.86		6.94589e+06		535.526		
00:00:19:250		6.80837e+06		108.513		54.5647		292308		0.365108		306.071			00:00:19:250		1.38198e+07		-2.00204		2.6875		533.813		6.94645e+06		535.571		
00:00:19:149		6.8089e+06		108.513		54.2766		284955		0.360444		306.101			00:00:19:149		1.38287e+07		-1.99049		2.68626		533.769		6.947e+06		535.604		
00:00:19:050		6.80942e+06		108.513		54.2766		284955		0.360444		306.13			00:00:19:050		1.38375e+07		-1.97899		2.68108		533.727		6.94752e+06		535.6		
00:00:18:949		6.80994e+06		108.436		53.9849		277625		0.355776		306.16			00:00:18:949		1.38464e+07		-1.96756		2.68551		533.681		6.94801e+06		535.565		
00:00:18:850		6.81044e+06		108.436		53.9849		277625		0.355776		306.189			00:00:18:850		1.38552e+07		-1.95619		2.69766		533.638		6.94846e+06		535.456		
00:00:18:699		6.81118e+06		108.357		53.6895		270321		0.351104		306.232			00:00:18:699		1.38684e+07		-1.93923		2.70962		533.564		6.94909e+06		535.234		
00:00:18:600		6.81168e+06		108.357		53.6895		270321		0.351104		306.261			00:00:18:600		1.38773e+07		-1.92797		2.70079		533.51		6.94953e+06		535.243		
00:00:18:500		6.81219e+06		108.278		53.6895		270321		0.351104		306.29			00:00:18:500		1.38862e+07		-1.91675		2.68898		533.455		6.95006e+06		535.293		
00:00:18:399		6.81269e+06		108.278		53.3902		263091		0.346428		306.318			00:00:18:399		1.38952e+07		-1.90557		2.70297		533.4		6.95058e+06		535.341		
00:00:18:350		6.81294e+06		108.278		53.3902		263091		0.346428		306.332			00:00:18:350		1.38997e+07		-1.89998		2.71119		533.372		6.95083e+06		535.375		
00:00:18:199		6.81367e+06		108.197		53.0871		255914		0.341748		306.375			00:00:18:199		1.39132e+07		-1.88325		2.74576		533.288		6.95159e+06		535.447		
00:00:18:149		6.81391e+06		108.197		53.0871		255914		0.341748		306.389			00:00:18:149		1.39177e+07		-1.87767		2.75079		533.259		6.95184e+06		535.479		
00:00:18:050		6.81438e+06		108.197		53.0871		255914		0.341748		306.418			00:00:18:050		1.39267e+07		-1.8665		2.76282		533.197		6.95234e+06		535.553		
00:00:17:949		6.81485e+06		108.115		52.7802		248792		0.337064		306.446			00:00:17:949		1.39359e+07		-1.85531		2.77379		533.133		6.95284e+06		535.616		
00:00:17:850		6.81553e+06		108.115		52.7802		248792		0.337064		306.488			00:00:17:850		1.39497e+07		-1.83848		2.78902		533.032		6.95357e+06		535.747		
00:00:17:699		6.81598e+06		108.031		52.4699		241702		0.332376		306.516			00:00:17:699		1.3959e+07		-1.82721		2.80013		532.959		6.95406e+06		535.834		
00:00:17:600		6.81643e+06		108.031		52.4699		241702		0.332376		306.545			00:00:17:600		1.39684e+07		-1.8159		2.80752		532.88		6.95454e+06		535.935		
00:00:17:500		6.81686e+06		107.947		52.4699		241702		0.332376		306.573			00:00:17:500		1.39779e+07		-1.80453		2.82071		532.8		6.95503e+06		536.042		
00:00:17:399		6.81729e+06		107.947		52.1562		234648		0.327685		306.6			00:00:17:399		1.39875e+07		-1.79312		2.83054		532.714		6.95551e+06		536.18		
00:00:17:300		6.81771e+06		107.947		52.1562		234648		0.327685		306.628			00:00:17:300		1.39973e+07		-1.78168		2.83939		532.628		6.95599e+06		536.316		
00:00:17:199		6.81813e+06		107.86		51.8394		227654		0.322989		306.656			00:00:17:199		1.40072e+07		-1.77025		2.85141		532.549		6.95648e+06		536.472		
00:00:17:100		6.81854e+06		107.86		51.8394		227654		0.322989		306.684			00:00:17:100		1.40172e+07		-1.75883		2.8627		532.475		6.95697e+06		536.635		
00:00:17:000		6.81854e+06		107.86		51.8394		227654		0.322989		306.684			00:00:17:000		1.40172e+07		-1.75883		2.8627		532.475		6.95697e+06		536.635		
00:00:17:000		6.81895e+06		107.773		51.8394		227654		0.322989		306.712			00:00:17:000		1.40273e+07		-1.74742		2.87107		532.428		6.95746e+06		536.796		
00:00:16:800		6.81979e+06		107.773		51.5192		220677		0.31829		306.767			00:00:16:800		1.40478e+07		-1.72458		2.88606		532.452		6.95845e+06		537.151		
00:00:16:800		6.81979e+06		107.773		51.5192		220677		0.31829		306.767			00:00:16:800		1.40478e+07		-1.72458		2.88606		532.452		6.95845e+06		537.151		
00:00:16:699		6.82018e+06		107.684		51.1958		213720		0.313587		306.795			00:00:16:699		1.40583e+07		-1.71316		2.90041		532.549		6.95895e+06		537.414		
00:00:16:600		6.82053e+06		107.684		51.1958		213720		0.313587		306.822			00:00:16:600		1.40688e+07		-1.70168		2.91047		532.703		6.95947e+06		537.777		
00:00:16:500		6.82082e+06		107.594		51.1958		213720		0.313587		306.85			00:00:16:500		1.40793e+07		-1.69015		2.91869		532.902		6.95999e+06		538.279		
00:00:16:300		6.82112e+06		107.594		50.8689		206831		0.308881		306.905			00:00:16:300		1.41001e+07		-1.66691		2.93345		533.266		6.96103e+06		539.797		
00:00:16:300		6.82112e+06		107.594		50.8689		206831		0.308881		306.905			00:00:16:300		1.41001e+07		-1.66691		2.93345		533.266		6.96103e+06		539.797		
00:00:16:199		6.82112e+06		107.502		50.5389		200012		0.30417		306.932			00:00:16:199		1.41103e+07		-1.65518		2.94532		533.303		6.96151e+06		540.733		
00:00:16:000		6.82153e+06		107.409		50.5389		200012		0.30417		306.986			00:00:16:000		1.41303e+07		-1.63144		2.96143		533.034		6.96222e+06		540.836		
00:00:16:000		6.82153e+06		107.409		50.5389		200012		0.30417		306.986			00:00:16:000		1.41303e+07		-1.63144		2.96143		533.034		6.96222e+06		540.836		
00:00:15:900		6.82329e+06		107.409		50.2059		193221		0.299456		307.013			00:00:15:900		1.41398e+07		-1.61939		2.96897		532.849		6.96233e+06		536.238		
00:00:15:699		6.83312e+06		107.314		49.8702		186462		0.294738		307.08			00:00:15:699		1.41621e+07		-1.58906		2.9885		532.422		6.96204e+06		516.182		
00:00:15:699		6.83312e+06		107.314		49.8702		186462		0.294738		307.08			00:00:15:699		1.41621e+07		-1.58906		2.9885		532.422		6.96204e+06		516.182		
00:00:15:550		6.83286e+06		107.314		49.8702		186462		0.294738		307.106			00:00:15:550		1.4171e+07		-1.57691		2.99616		532.279		6.96198e+06		519.139		
00:00:15:349		6.83012e+06		107.218		49.5319		179760		0.290017		307.159			00:00:15:349		1.41886e+07		-1.55255		3.01102		532.065		6.96206e+06		524.74		
00:00:15:250		6.82888e+06		107.12		49.5319		179760		0.290017		307.185			00:00:15:250		1.41974e+07		-1.54033		3.0186		531.993		6.9622e+06		527.467		
00:00:15:250		6.82888e+06		107.12		49.5319		179760		0.290017		307.185			00:00:15:250		1.41974e+07		-1.54033		3.0186		531.993		6.9622e+06		527.467		
00:00:15:150		6.82772e+06		107.12		49.1914		173095		0.285291		307.211			00:00:15:150		1.42062e+07		-1.5281		3.02631		531.933		6.9624e+06		530.165		
00:00:15:050		6.82662e+06		107.12		49.1914		173095		0.285291		307.237			00:00:15:050		1.4215e+07		-1.51584		3.0338		531.876		6.96266e+06		532.821		
00:00:14:949		6.82563e+06		107.021		48.8487		166473		0.280562		307.262			00:00:14:949		1.42237e+07		-1.50355		3.04066		531.821		6.96295e+06		535.314		
00:00:14:849		6.82485e+06		107.021		48.8487		166473		0.280562		307.288			00:00:14:849		1.42325e+07		-1.49125		3.0472		531.766		6.96327e+06		537.258		
00:00:14:750		6.82463e+06		106.92		48.8487		166473		0.280562		307.313			00:00:14:750		1.42412e+07		-1.47893		3.05398		531.705		6.96359e+06		537.808		
00:00:14:650		6.82491e+06		106.92		48.5037		159896		0.27583		307.339			00:00:14:650		1.42499e+07		-1.4666		3.06094		531.65		6.9639e+06		537.872		
00:00:14:550		6.82519e+06		106.92		48.5037		159896		0.27583		307.364			00:00:14:550		1.42586e+07		-1.45424		3.06787		531.595		6.96421e+06		537.934		
00:00:14:349		6.82573e+06		106.818		48.1563		153369		0.271093		307.414			00:00:14:349		1.4276e+07		-1.42947		3.08037		531.48		6.96481e+06		538.065		
00:00:14:250		6.82599e+06		106.714		48.1563		153369		0.271093		307.439			00:00:14:250		1.42847e+07		-1.41706		3.08652		531.425		6.9651e+06		538.127		
00:00:14:250		6.82599e+06		106.714		48.1563		153369		0.271093		307.439			00:00:14:250		1.42847e+07		-1.41706		3.08652		531.425		6.9651e+06		538.127		
00:00:14:150		6.82625e+06		106.714		47.8067		146916		0.266354		307.463			00:00:14:150		1.42934e+07		-1.40463		3.09234		531.366		6.96539e+06		538.188		
00:00:14:050		6.82651e+06		106.714		47.8067		146916		0.266354		307.488			00:00:14:050		1.4302e+07		-1.39218		3.09844		531.313		6.96568e+06		538.242		
00:00:13:949		6.82676e+06		106.608		47.4549		140520		0.26161		307.512			00:00:13:949		1.43106e+07		-1.37971		3.10452		531.258		6.96596e+06		538.307		
00:00:13:849		6.82701e+06		106.608		47.4549		140520		0.26161		307.536			00:00:13:849		1.43192e+07		-1.36722		3.11022		531.199		6.96623e+06		538.37		
00:00:13:750		6.82725e+06		106.501		47.4549		140520		0.26161		307.56			00:00:13:750		1.43278e+07		-1.3547		3.11554		531.146		6.9665e+06		538.43		
00:00:13:650		6.82749e+06		106.501		47.1015		134208		0.256864		307.584			00:00:13:650		1.43364e+07		-1.34215		3.1204		531.091		6.96677e+06		538.48		
00:00:13:550		6.82772e+06		106.501		47.1015		134208		0.256864		307.608			00:00:13:550		1.43449e+07		-1.32956		3.12607		531.034		6.96703e+06		538.543		
00:00:13:449		6.82795e+06		106.392		46.7466		128001		0.252113		307.631			00:00:13:449		1.43533e+07		-1.31695		3.13158		530.978		6.96728e+06		538.601		
00:00:13:349		6.82817e+06		106.392		46.7466		128001		0.252113		307.655			00:00:13:349		1.43618e+07		-1.30431		3.13639		530.923		6.96753e+06		538.66		
00:00:13:250		6.82839e+06		106.281		46.7466		128001		0.252113		307.678			00:00:13:250		1.43702e+07		-1.29164		3.14095		530.87		6.96778e+06		538.713		
00:00:13:150		6.82861e+06		106.281		46.3906		121865		0.24736		307.701			00:00:13:150		1.43786e+07		-1.27893		3.14431		530.815		6.96802e+06		538.757		
00:00:13:050		6.82882e+06		106.281		46.3906		121865		0.24736		307.724			00:00:13:050		1.4387e+07		-1.26619		3.14966		530.76		6.96826e+06		538.816		
00:00:12:949		6.82902e+06		106.168		46.0344		115804		0.242602		307.747			00:00:12:949		1.43954e+07		-1.25341		3.15439		530.705		6.96849e+06		538.868		
00:00:12:800		6.82933e+06		106.168		46.0344		115804		0.242602		307.781			00:00:12:800		1.44077e+07		-1.23418		3.16125		530.626		6.96883e+06		538.945		
00:00:12:699		6.82952e+06		106.054		45.6785		109861		0.237842		307.803			00:00:12:699		1.44159e+07		-1.22132		3.16471		530.57		6.96905e+06		538.995		
00:00:12:650		6.82962e+06		106.054		45.6785		109861		0.237842		307.814			00:00:12:650		1.442e+07		-1.21487		3.16649		530.543		6.96916e+06		539.018		
00:00:12:550		6.82981e+06		106.054		45.6785		109861		0.237842		307.836			00:00:12:550		1.4428e+07		-1.20193		3.16932		530.488		6.96937e+06		539.067		
00:00:12:449		6.82999e+06		105.938		45.3244		104060		0.233078		307.858			00:00:12:449		1.44359e+07		-1.18894		3.17333		530.436		6.96958e+06		539.108		
00:00:12:349		6.83016e+06		105.938		45.3244		104060		0.233078		307.88			00:00:12:349		1.44438e+07		-1.17591		3.17664		530.385		6.96978e+06		539.157		
00:00:12:250		6.83034e+06		105.82		45.3244		104060		0.233078		307.901			00:00:12:250		1.44515e+07		-1.16281		3.17966		530.333		6.96998e+06		539.206		
00:00:12:150		6.83051e+06		105.82		44.9745		98365.5		0.228311		307.922			00:00:12:150		1.44589e+07		-1.14966		3.18261		530.282		6.97017e+06		539.247		
00:00:12:050		6.83067e+06		105.82		44.9745		98365.5		0.228311		307.944			00:00:12:050		1.44662e+07		-1.13644		3.18532		530.228		6.97036e+06		539.292		
00:00:11:949		6.83084e+06		105.701		44.6312		92765.3		0.22354		307.965			00:00:11:949		1.4473e+07		-1.12319		3.18801		530.177		6.97054e+06		539.328		
00:00:11:849		6.83099e+06		105.701		44.6312		92765.3		0.22354		307.985			00:00:11:849		1.44798e+07		-1.10994		3.19011		530.127		6.97072e+06		539.369		
00:00:11:750		6.83114e+06		105.579		44.6312		92765.3		0.22354		308.006			00:00:11:750		1.44865e+07		-1.09671		3.19266		530.078		6.97089e+06		539.41		
00:00:11:650		6.83129e+06		105.579		44.295		87299.5		0.218766		308.026			00:00:11:650		1.44932e+07		-1.0835		3.19496		530.028		6.97106e+06		539.448		
00:00:11:550		6.83143e+06		105.579		44.295		87299.5		0.218766		308.046			00:00:11:550		1.45e+07		-1.07034		3.19732		529.978		6.97122e+06		539.482		
00:00:11:400		6.83163e+06		105.456		43.9668		81989		0.213988		308.076			00:00:11:400		1.45103e+07		-1.05068		3.19979		529.901		6.97145e+06		539.539		
00:00:11:300		6.83176e+06		105.456		43.9668		81989		0.213988		308.095			00:00:11:300		1.45173e+07		-1.03763		3.20168		529.858		6.9716e+06		539.569		
00:00:11:199		6.83189e+06		105.332		43.6479		76819.8		0.209207		308.115			00:00:11:199		1.45245e+07		-1.02465		3.20373		529.805		6.97174e+06		539.602		
00:00:11:099		6.83201e+06		105.332		43.6479		76819.8		0.209207		308.134			00:00:11:099		1.45319e+07		-1.01171		3.20605		529.763		6.97188e+06		539.633		
00:00:11:000		6.83212e+06		105.206		43.6479		76819.8		0.209207		308.153			00:00:11:000		1.45395e+07		-0.998838		3.20814		529.715		6.97201e+06		539.673		
00:00:11:000		6.83212e+06		105.206		43.6479		76819.8		0.209207		308.153			00:00:11:000		1.45395e+07		-0.998838		3.20814		529.715		6.97201e+06		539.673		
00:00:10:900		6.83223e+06		105.206		43.3391		71795.1		0.204423		308.172			00:00:10:900		1.45475e+07		-0.986005		3.20951		529.667		6.97214e+06		539.702		
00:00:10:699		6.83244e+06		105.078		43.0414		66965.8		0.199635		308.209			00:00:10:699		1.45635e+07		-0.960198		3.21186		529.58		6.97238e+06		539.75		
00:00:10:599		6.83253e+06		105.078		43.0414		66965.8		0.199635		308.228			00:00:10:599		1.4571e+07		-0.947161		3.21327		529.534		6.97249e+06		539.775		
00:00:10:500		6.83263e+06		104.95		43.0414		66965.8		0.199635		308.246			00:00:10:500		1.45778e+07		-0.93418		3.21495		529.492		6.97259e+06		539.805		
00:00:10:500		6.83263e+06		104.95		43.0414		66965.8		0.199635		308.246			00:00:10:500		1.45778e+07		-0.93418		3.21495		529.492		6.97259e+06		539.805		
00:00:10:300		6.83279e+06		104.95		42.7559		62409.9		0.194844		308.283			00:00:10:300		1.45926e+07		-0.908583		3.21768		529.409		6.97278e+06		539.846		
00:00:10:300		6.83279e+06		104.95		42.7559		62409.9		0.194844		308.283			00:00:10:300		1.45926e+07		-0.908583		3.21768		529.409		6.97278e+06		539.846		
00:00:10:199		6.83286e+06		104.821		42.4837		58244.5		0.190049		308.301			00:00:10:199		1.46007e+07		-0.89592		3.2187		529.367		6.97287e+06		539.865		
00:00:10:099		6.83293e+06		104.821		42.4837		58244.5		0.190049		308.318			00:00:10:099		1.4609e+07		-0.883267		3.21968		529.328		6.97295e+06		539.886		
00:00:10:000		6.83299e+06		104.693		42.4837		58244.5		0.190049		308.336			00:00:10:000		1.46173e+07		-0.870608		3.22054		529.289		6.97302e+06		539.905		
00:00:09:900		6.83304e+06		104.693		42.226		54387.7		0.185251		308.354			00:00:09:900		1.46256e+07		-0.857944		3.22092		529.251		6.97309e+06		539.921		
00:00:09:800		6.83309e+06		104.693		42.226		54387.7		0.185251		308.371			00:00:09:800		1.46339e+07		-0.845273		3.22108		529.214		6.97315e+06		539.948		
00:00:09:599		6.83318e+06		104.564		41.9833		50672.2		0.180448		308.405			00:00:09:599		1.46504e+07		-0.819917		3.22084		529.144		6.97326e+06		539.953		
00:00:09:599		6.83318e+06		104.564		41.9833		50672.2		0.180448		308.405			00:00:09:599		1.46504e+07		-0.819917		3.22084		529.144		6.97326e+06		539.953		
00:00:09:500		6.83321e+06		104.454		41.9833		50672.2		0.180448		308.421			00:00:09:500		1.46587e+07		-0.807238		3.22037		529.109		6.9733e+06		539.953		
00:00:09:300		6.83326e+06		104.454		41.7545		47077.8		0.175642		308.454			00:00:09:300		1.46752e+07		-0.781878		3.2185		529.048		6.97336e+06		539.944		
00:00:09:300		6.83326e+06		104.454		41.7545		47077.8		0.175642		308.454			00:00:09:300		1.46752e+07		-0.781878		3.2185		529.048		6.97336e+06		539.944		
00:00:09:199		6.83328e+06		104.342		41.5346		43595.9		0.170831		308.469			00:00:09:199		1.46835e+07		-0.76919		3.21744		529.016		6.97337e+06		539.945		
00:00:09:099		6.83329e+06		104.342		41.5346		43595.9		0.170831		308.485			00:00:09:099		1.46918e+07		-0.756502		3.21593		528.987		6.97338e+06		539.935		
00:00:09:000		6.83329e+06		104.228		41.5346		43595.9		0.170831		308.5			00:00:09:000		1.47e+07		-0.743814		3.21434		528.959		6.97339e+06		539.922		
00:00:08:900		6.83329e+06		104.228		41.3247		40244.5		0.166016		308.515			00:00:08:900		1.47082e+07		-0.731127		3.21229		528.933		6.97338e+06		539.906		
00:00:08:800		6.83328e+06		104.228		41.3247		40244.5		0.166016		308.53			00:00:08:800		1.47165e+07		-0.718442		3.20989		528.91		6.97337e+06		539.885		
00:00:08:699		6.83327e+06		104.112		41.1244		37039.6		0.161197		308.545			00:00:08:699		1.47247e+07		-0.705761		3.2079		528.889		6.97334e+06		539.86		
00:00:08:449		6.8332e+06		103.994		40.9331		33984		0.156373		308.581			00:00:08:449		1.47452e+07		-0.674099		3.20361		528.838		6.97325e+06		539.771		
00:00:08:449		6.8332e+06		103.994		40.9331		33984		0.156373		308.581			00:00:08:449		1.47452e+07		-0.674099		3.20361		528.838		6.97325e+06		539.771		
00:00:08:300		6.83315e+06		103.994		40.9331		33984		0.156373		308.602			00:00:08:300		1.47575e+07		-0.655131		3.19999		528.814		6.97318e+06		539.712		
00:00:08:300		6.83315e+06		103.994		40.9331		33984		0.156373		308.602			00:00:08:300		1.47575e+07		-0.655131		3.19999		528.814		6.97318e+06		539.712		
00:00:08:150		6.83308e+06		103.874		40.7521		31058.1		0.151544		308.623			00:00:08:150		1.47697e+07		-0.636188		3.19637		528.793		6.97308e+06		539.639		
00:00:08:099		6.83305e+06		103.874		40.7521		31058.1		0.151544		308.631			00:00:08:099		1.47738e+07		-0.629879		3.19532		528.788		6.97304e+06		539.614		
00:00:08:000		6.833e+06		103.751		40.7521		31058.1		0.151544		308.645			00:00:08:000		1.4782e+07		-0.617274		3.19504		528.777		6.97296e+06		539.554		
00:00:07:900		6.83294e+06		103.751		40.5827		28254.5		0.14671		308.659			00:00:07:900		1.47901e+07		-0.604678		3.19281		528.764		6.97288e+06		539.483		
00:00:07:799		6.83287e+06		103.751		40.5827		28254.5		0.14671		308.672			00:00:07:799		1.47983e+07		-0.592106		3.19041		528.756		6.97278e+06		539.417		
00:00:07:700		6.8328e+06		103.627		40.4258		25615		0.14187		308.686			00:00:07:700		1.48064e+07		-0.579553		3.18804		528.753		6.97268e+06		539.351		
00:00:07:599		6.83272e+06		103.627		40.4258		25615		0.14187		308.7			00:00:07:599		1.48146e+07		-0.567019		3.18556		528.749		6.97257e+06		539.273		
00:00:07:400		6.83256e+06		103.501		40.2821		23157.1		0.137025		308.728			00:00:07:400		1.48309e+07		-0.542013		3.18626		528.749		6.97233e+06		539.098		
00:00:07:299		6.83247e+06		103.501		40.2821		23157.1		0.137025		308.742			00:00:07:299		1.4839e+07		-0.529547		3.18756		528.751		6.9722e+06		538.997		
00:00:07:299		6.83247e+06		103.501		40.2821		23157.1		0.137025		308.742			00:00:07:299		1.4839e+07		-0.529547		3.18756		528.751		6.9722e+06		538.997		
00:00:07:150		6.83233e+06		103.373		40.1509		20959.3		0.132175		308.762			00:00:07:150		1.48512e+07		-0.510904		3.18063		528.758		6.972e+06		538.849		
00:00:07:049		6.83223e+06		103.373		40.1509		20959.3		0.132175		308.776			00:00:07:049		1.48593e+07		-0.498511		3.17893		528.766		6.97185e+06		538.74		
00:00:06:950		6.83213e+06		103.244		40.0311		18987.4		0.127318		308.789			00:00:06:950		1.48675e+07		-0.486148		3.18148		528.779		6.9717e+06		538.625		
00:00:06:849		6.83203e+06		103.244		40.0311		18987.4		0.127318		308.802			00:00:06:849		1.48756e+07		-0.473814		3.18269		528.79		6.97155e+06		538.499		
00:00:06:750		6.83193e+06		103.111		40.0311		18987.4		0.127318		308.815			00:00:06:750		1.48838e+07		-0.461512		3.17822		528.803		6.97138e+06		538.374		
00:00:06:650		6.83182e+06		103.111		39.9245		17110		0.122455		308.827			00:00:06:650		1.4892e+07		-0.44925		3.17459		528.817		6.97122e+06		538.239		
00:00:06:549		6.83172e+06		103.111		39.9245		17110		0.122455		308.839			00:00:06:549		1.49001e+07		-0.437027		3.17349		528.834		6.97105e+06		538.097		
00:00:06:349		6.83151e+06		102.997		39.8241		15328.5		0.117584		308.863			00:00:06:349		1.49165e+07		-0.412699		3.17799		528.878		6.9707e+06		537.796		
00:00:06:250		6.8314e+06		102.88		39.8241		15328.5		0.117584		308.875			00:00:06:250		1.49247e+07		-0.400589		3.17319		528.9		6.97052e+06		537.634		
00:00:06:250		6.8314e+06		102.88		39.8241		15328.5		0.117584		308.875			00:00:06:250		1.49247e+07		-0.400589		3.17319		528.9		6.97052e+06		537.634		
00:00:06:150		6.8313e+06		102.88		39.7192		13655		0.112706		308.887			00:00:06:150		1.49329e+07		-0.388521		3.16544		528.926		6.97033e+06		537.462		
00:00:06:049		6.8312e+06		102.88		39.7192		13655		0.112706		308.899			00:00:06:049		1.49411e+07		-0.376494		3.16166		528.952		6.97015e+06		537.289		
00:00:05:950		6.8311e+06		102.759		39.6112		12086		0.10782		308.911			00:00:05:950		1.49493e+07		-0.36451		3.16889		528.981		6.96996e+06		537.102		
00:00:05:849		6.831e+06		102.759		39.6112		12086		0.10782		308.923			00:00:05:849		1.49576e+07		-0.35257		3.17297		529.009		6.96978e+06		536.919		
00:00:05:750		6.83091e+06		102.635		39.6112		12086		0.10782		308.933			00:00:05:750		1.49658e+07		-0.340692		3.16523		529.04		6.96959e+06		536.725		
00:00:05:650		6.83082e+06		102.635		39.5005		10610		0.102924		308.944			00:00:05:650		1.49742e+07		-0.328857		3.14586		529.072		6.9694e+06		536.525		
00:00:05:500		6.83069e+06		102.509		39.5005		10610		0.102924		308.96			00:00:05:500		1.49867e+07		-0.311185		3.14296		529.118		6.96912e+06		536.209		
00:00:05:349		6.83057e+06		102.509		39.3871		9210.28		0.0980191		308.976			00:00:05:349		1.49995e+07		-0.29357		3.17478		529.168		6.96885e+06		535.878		
00:00:05:200		6.83046e+06		102.381		39.2654		7882.54		0.0931027		308.991			00:00:05:200		1.50125e+07		-0.276035		3.1441		529.217		6.96858e+06		535.561		
00:00:05:200		6.83046e+06		102.381		39.2654		7882.54		0.0931027		308.991			00:00:05:200		1.50125e+07		-0.276035		3.1441		529.217		6.96858e+06		535.561		
00:00:05:150		6.83042e+06		102.381		39.2654		7882.54		0.0931027		308.996			00:00:05:150		1.50169e+07		-0.270218		3.12789		529.232		6.96849e+06		535.453		
00:00:05:000		6.83032e+06		102.249		39.2654		7882.54		0.0931027		309.011			00:00:05:000		1.50303e+07		-0.25283		3.11622		529.286		6.96822e+06		535.121		
00:00:04:900		6.83026e+06		102.249		39.1301		6627.73		0.0881696		309.022			00:00:04:900		1.50394e+07		-0.2413		3.14595		529.321		6.96805e+06		534.895		
00:00:04:799		6.8302e+06		102.249		39.1301		6627.73		0.0881696		309.037			00:00:04:799		1.50487e+07		-0.229827		3.18176		529.356		6.96788e+06		534.668		
00:00:04:700		6.83014e+06		102.112		38.9875		5495.8		0.0832128		309.055			00:00:04:700		1.5058e+07		-0.218418		3.19724		529.393		6.9677e+06		534.425		
00:00:04:599		6.83008e+06		102.112		38.9875		5495.8		0.0832128		309.078			00:00:04:599		1.50675e+07		-0.207062		3.20244		529.427		6.96752e+06		534.2		
00:00:04:500		6.83001e+06		101.971		38.9875		5495.8		0.0832128		309.101			00:00:04:500		1.5077e+07		-0.195752		3.20775		529.468		6.96735e+06		533.955		
00:00:04:400		6.82996e+06		101.971		38.847		4477.48		0.0782306		309.124			00:00:04:400		1.50865e+07		-0.184453		3.20902		529.503		6.96717e+06		533.705		
00:00:04:299		6.8299e+06		101.971		38.847		4477.48		0.0782306		309.148			00:00:04:299		1.50955e+07		-0.173082		3.21629		529.544		6.96699e+06		533.451		
00:00:04:299		6.8299e+06		101.971		38.847		4477.48		0.0782306		309.148			00:00:04:299		1.50955e+07		-0.173082		3.21629		529.544		6.96699e+06		533.451		
00:00:04:200		6.82985e+06		101.819		38.7092		3514.9		0.073222		309.172			00:00:04:200		1.51035e+07		-0.161738		3.22037		529.58		6.96681e+06		533.191		
00:00:04:099		6.82981e+06		101.819		38.7092		3514.9		0.073222		309.197			00:00:04:099		1.51115e+07		-0.150492		3.22389		529.619		6.96663e+06		532.927		
00:00:04:000		6.82977e+06		101.689		38.7092		3514.9		0.073222		309.222			00:00:04:000		1.51192e+07		-0.139345		3.22788		529.656		6.96646e+06		532.653		
00:00:03:899		6.82973e+06		101.689		38.554		2637.15		0.0681864		309.247			00:00:03:899		1.5127e+07		-0.128307		3.23096		529.696		6.96629e+06		532.395		
00:00:03:799		6.8297e+06		101.689		38.554		2637.15		0.0681864		309.272			00:00:03:799		1.51348e+07		-0.117384		3.23378		529.733		6.96613e+06		532.126		
00:00:03:700		6.82968e+06		101.553		38.3812		1873		0.0631232		309.297			00:00:03:700		1.51428e+07		-0.106583		3.23663		529.77		6.96597e+06		531.851		
00:00:03:600		6.82966e+06		101.553		38.3812		1873		0.0631232		309.322			00:00:03:600		1.51508e+07		-0.0959044		3.2382		529.805		6.96582e+06		531.604		
00:00:03:399		6.82966e+06		101.41		38.1948		1240.03		0.0580318		309.371			00:00:03:399		1.51673e+07		-0.0749273		3.24357		529.871		6.96554e+06		531.053		
00:00:03:299		6.82967e+06		101.41		38.1948		1240.03		0.0580318		309.396			00:00:03:299		1.51757e+07		-0.06462		3.24485		529.903		6.96542e+06		530.796		
00:00:03:299		6.82967e+06		101.41		38.1948		1240.03		0.0580318		309.396			00:00:03:299		1.51757e+07		-0.06462		3.24485		529.903		6.96542e+06		530.796		
00:00:03:200		6.82968e+06		101.262		37.9995		746.619		0.0529116		309.42			00:00:03:200		1.51842e+07		-0.0543957		3.24468		529.93		6.96531e+06		530.541		
00:00:03:100		6.82971e+06		101.262		37.9995		746.619		0.0529116		309.444			00:00:03:100		1.51928e+07		-0.0442419		3.24091		529.958		6.96521e+06		530.293		
00:00:02:899		6.8298e+06		101.109		37.8		392.883		0.047762		309.49			00:00:02:899		1.52101e+07		-0.0241561		3.24246		530.008		6.96505e+06		529.823		
00:00:02:899		6.8298e+06		101.109		37.8		392.883		0.047762		309.49			00:00:02:899		1.52101e+07		-0.0241561		3.24246		530.008		6.96505e+06		529.823		
00:00:02:799		6.82985e+06		101.109		37.8		392.883		0.047762		309.513			00:00:02:799		1.52188e+07		-0.0142336		3.2392		530.03		6.96499e+06		529.601		
00:00:02:700		6.82991e+06		100.952		37.6036		169.747		0.0425824		309.534			00:00:02:700		1.52275e+07		-0.00439358		3.23291		530.05		6.96494e+06		529.393		
00:00:02:549		6.83002e+06		100.952		37.6036		169.747		0.0425824		309.565			00:00:02:549		1.52406e+07		0.0102081		3.22387		530.074		6.96489e+06		529.11		
00:00:02:500		6.83005e+06		100.795		37.6036		169.747		0.0425824		309.574			00:00:02:500		1.5245e+07		0.0150328		3.22157		530.081		6.96488e+06		528.993		
00:00:02:299		6.83022e+06		100.795		37.419		58.6535		0.0373721		309.608			00:00:02:299		1.52626e+07		0.034102		3.20664		530.103		6.96486e+06		528.65		
00:00:02:299		6.83022e+06		100.795		37.419		58.6535		0.0373721		309.608			00:00:02:299		1.52626e+07		0.034102		3.20664		530.103		6.96486e+06		528.65		
00:00:02:200		6.83033e+06		100.639		37.2595		16.5444		0.0321302		309.623			00:00:02:200		1.52716e+07		0.0434566		3.18806		530.114		6.96486e+06		528.488		
00:00:02:049		6.83044e+06		100.639		37.2595		16.5444		0.0321302		309.639			00:00:02:049		1.52852e+07		0.0571995		3.16112		530.131		6.96487e+06		528.267		
00:00:01:949		6.83052e+06		100.482		37.1421		2.24898		0.0268559		309.646			00:00:01:949		1.52943e+07		0.066153		3.15174		530.14		6.96489e+06		528.127		
00:00:01:850		6.8306e+06		100.482		37.1421		2.24898		0.0268559		309.65			00:00:01:850		1.53035e+07		0.074924		3.13554		530.149		6.9649e+06		527.983		
00:00:01:750		6.83068e+06		100.389		37.1421		2.24898		0.0268559		309.651			00:00:01:750		1.53127e+07		0.083508		3.11275		530.159		6.96491e+06		527.859		
00:00:01:649		6.83076e+06		100.389		37.0044		0		0.0215479		309.65			00:00:01:649		1.53219e+07		0.0919242		3.07613		530.168		6.96492e+06		527.716		
00:00:01:550		6.83083e+06		100.389		37.0044		0		0.0215479		309.648			00:00:01:550		1.53312e+07		0.100223		3.0453		530.173		6.96492e+06		527.578		
00:00:01:449		6.8309e+06		100.282		36.8373		0		0.0162039		309.647			00:00:01:449		1.53408e+07		0.108461		3.04605		530.181		6.96492e+06		527.446		
00:00:01:250		6.831e+06		100.166		36.8373		0		0.0162039		309.654			00:00:01:250		1.53618e+07		0.124768		3.06321		530.19		6.96489e+06		527.183		
00:00:01:250		6.831e+06		100.166		36.8373		0		0.0162039		309.654			00:00:01:250		1.53618e+07		0.124768		3.06321		530.19		6.96489e+06		527.183		
00:00:01:149		6.83105e+06		100.166		36.6578		0		0.0108247		309.661			00:00:01:149		1.53729e+07		0.132504		3.0084		530.193		6.96487e+06		527.061		
00:00:01:050		6.83109e+06		100.166		36.6578		0		0.0108247		309.667			00:00:01:050		1.53843e+07		0.140164		2.93753		530.195		6.96485e+06		526.954		
00:00:00:949		6.83112e+06		100.045		36.4904		0		0.00541794		309.668			00:00:00:949		1.53962e+07		0.14807		2.9416		530.199		6.96484e+06		526.896		
00:00:00:849		6.83115e+06		100.045		36.4904		0		0.00541794		309.666			00:00:00:849		1.54125e+07		0.156672		3.024		530.201		6.96484e+06		526.847		
00:00:00:750		6.83117e+06		99.9467		36.4904		0		0.00541794		309.676			00:00:00:750		1.54376e+07		0.164883		3.11333		530.203		6.96485e+06		526.817		
00:00:00:650		6.83117e+06		99.9467		36.3831		0		0		309.708			00:00:00:650		1.54606e+07		0.1705		3.09493		530.206		6.96485e+06		526.82		
00:00:00:550		6.83117e+06		99.9467		36.3831		0		0		309.767			00:00:00:550		1.54751e+07		0.172686		3.01256		530.208		6.96485e+06		526.826		
00:00:00:450		6.83117e+06		100.069		36.3834		0		0		309.846			00:00:00:450		1.54786e+07		0.17284		2.83569		530.212		6.96485e+06		526.826		
00:00:00:250		6.83116e+06		100.069		36.3834		0		0		309.846			00:00:00:250		1.54786e+07		0.17284		2.83572		530.217		6.96484e+06		526.837		
00:00:00:250		6.83116e+06		100.069		36.3834		0		0		309.846			00:00:00:250		1.54786e+07		0.17284		2.83572		530.217		6.96484e+06		526.837		
00:00:00:149		6.83116e+06		100.069		36.3837		0		0		309.846			00:00:00:149		1.54785e+07		0.17284		2.83572		530.221		6.96484e+06		526.815		
00:00:00:050		6.83115e+06		100.069		36.3837		0		0		309.846			00:00:00:050		1.54785e+07		0.17284		2.83567		530.223		6.96484e+06		526.826		
00:00:00:000		6.83115e+06		100.069		36.3837		0		0		309.846			00:00:00:000		1.54785e+07		0.17284		2.83571		530.225		6.96483e+06		526.826		
00:00:00:000		6.83115e+06		100.069		36.3837		0		0		309.846			00:00:00:000		1.54785e+07		0.17284		2.83571		530.225		6.96483e+06		526.826		
00:00:00:000		6.83115e+06		100.069		36.3837		0		0		309.846			00:00:00:000		1.54785e+07		0.17284		2.83571		530.225		6.96483e+06		526.826		
00:00:00:000		6.83115e+06		100.069		36.3837		0		0		309.846			00:00:00:000		1.54785e+07		0.17284		2.83571		530.225		6.96483e+06		526.826		
00:00:00:000		6.83115e+06		100.069		36.3837		0		0		309.846			00:00:00:000		1.54785e+07		0.17284		2.83571		530.225		6.96483e+06		526.826		
00:00:00:000		6.83115e+06		100.069		36.3837		0		0		309.846			00:00:00:000		1.54785e+07		0.17284		2.83571		530.225		6.96483e+06		526.826		
