	time 		gpv001pnt10113ppntm	evf507ety101mpzoyout	chtcon(1)	chavg(1)	chlhsumpa	rcptavgn			time 		rcpppzr	rcp054rcp007mnzoyout	rcv501std0102fvol	fwfrcp001gv	rcppmssga	msfsg(1)	
00:01:04:200		7.15186e+06		134.609		92.9496		1.77236e+06		1.1078		289.649			00:01:04:200		7.86632e+06		-5.85249		0		0		7.15162e+06		-5.40408		
00:01:04:099		7.15168e+06		134.609		92.9496		1.77236e+06		1.1078		289.646			00:01:04:099		7.87775e+06		-5.85232		0		0		7.15177e+06		17.9891		
00:01:03:899		7.15083e+06		134.539		92.8866		1.76986e+06		1.10579		289.641			00:01:03:899		7.90107e+06		-5.85199		0		0		7.15168e+06		27.0967		
00:01:03:899		7.15083e+06		134.539		92.8866		1.76986e+06		1.10579		289.641			00:01:03:899		7.90107e+06		-5.85199		0		0		7.15168e+06		27.0967		
00:01:03:799		7.15065e+06		134.539		92.8866		1.76986e+06		1.10579		289.638			00:01:03:799		7.91296e+06		-5.85184		0		0		7.15107e+06		12.5442		
00:01:03:700		7.15016e+06		134.468		92.8237		1.76733e+06		1.10378		289.635			00:01:03:700		7.92499e+06		-5.85169		0		0		7.15016e+06		-19.1607		
00:01:03:600		7.14992e+06		134.468		92.8237		1.76733e+06		1.10378		289.633			00:01:03:600		7.93718e+06		-5.85156		0		0		7.14938e+06		-31.046		
00:01:03:500		7.14954e+06		134.398		92.8237		1.76733e+06		1.10378		289.63			00:01:03:500		7.94952e+06		-5.85144		0		0		7.14902e+06		-20.6424		
00:01:03:399		7.14954e+06		134.398		92.8237		1.76733e+06		1.10378		289.63			00:01:03:399		7.94952e+06		-5.85144		0		0		7.14902e+06		-20.6424		
00:01:03:399		7.14912e+06		134.398		92.7608		1.76479e+06		1.10178		289.628			00:01:03:399		7.962e+06		-5.85133		0		0		7.14906e+06		7.91433		
00:01:03:299		7.14891e+06		134.398		92.7608		1.76479e+06		1.10178		289.625			00:01:03:299		7.97462e+06		-5.85123		0		0		7.14923e+06		25.1709		
00:01:03:200		7.14839e+06		134.328		92.698		1.76224e+06		1.09977		289.622			00:01:03:200		7.9874e+06		-5.85115		0		0		7.14922e+06		32.6236		
00:01:03:100		7.14818e+06		134.328		92.698		1.76224e+06		1.09977		289.619			00:01:03:100		8.00031e+06		-5.85108		0		0		7.14883e+06		21.6772		
00:01:02:899		7.14735e+06		134.258		92.6353		1.7597e+06		1.09776		289.615			00:01:02:899		8.02659e+06		-5.85095		0		0		7.14712e+06		-28.2968		
00:01:02:750		7.1469e+06		134.188		92.6353		1.7597e+06		1.09776		289.611			00:01:02:750		8.0467e+06		-5.85086		0		0		7.14637e+06		-21.4479		
00:01:02:750		7.1469e+06		134.188		92.6353		1.7597e+06		1.09776		289.611			00:01:02:750		8.0467e+06		-5.85086		0		0		7.14637e+06		-21.4479		
00:01:02:700		7.14663e+06		134.188		92.5729		1.7572e+06		1.09575		289.61			00:01:02:700		8.05347e+06		-5.85083		0		0		7.14635e+06		-8.02169		
00:01:02:600		7.14643e+06		134.188		92.5729		1.7572e+06		1.09575		289.607			00:01:02:600		8.06712e+06		-5.85076		0		0		7.14649e+06		16.72		
00:01:02:450		7.14576e+06		134.117		92.5109		1.75469e+06		1.09374		289.603			00:01:02:450		8.08784e+06		-5.85062		0		0		7.14657e+06		32.7293		
00:01:02:350		7.14552e+06		134.117		92.5109		1.75469e+06		1.09374		289.601			00:01:02:350		8.10183e+06		-5.8505		0		0		7.14619e+06		22.4196		
00:01:02:250		7.14518e+06		134.047		92.5109		1.75469e+06		1.09374		289.598			00:01:02:250		8.11594e+06		-5.85035		0		0		7.14542e+06		2.48274		
00:01:02:149		7.14469e+06		134.047		92.4492		1.75213e+06		1.09173		289.596			00:01:02:149		8.13019e+06		-5.85017		0		0		7.1445e+06		-27.9135		
00:01:02:049		7.14448e+06		134.047		92.4492		1.75213e+06		1.09173		289.594			00:01:02:049		8.14456e+06		-5.84994		0		0		7.14386e+06		-29.7562		
00:01:01:950		7.14397e+06		133.976		92.3879		1.74957e+06		1.08973		289.591			00:01:01:950		8.15906e+06		-5.84966		0		0		7.14367e+06		-9.02874		
00:01:01:850		7.14375e+06		133.976		92.3879		1.74957e+06		1.08973		289.589			00:01:01:850		8.17368e+06		-5.84933		0		0		7.1438e+06		16.015		
00:01:01:750		7.14338e+06		133.906		92.3879		1.74957e+06		1.08973		289.586			00:01:01:750		8.18843e+06		-5.84894		0		0		7.14391e+06		29.8622		
00:01:01:649		7.14289e+06		133.906		92.3271		1.74707e+06		1.08772		289.583			00:01:01:649		8.2033e+06		-5.84848		0		0		7.14374e+06		28.6706		
00:01:01:549		7.1427e+06		133.906		92.3271		1.74707e+06		1.08772		289.581			00:01:01:549		8.2183e+06		-5.84795		0		0		7.14316e+06		15.0227		
00:01:01:450		7.14222e+06		133.836		92.2668		1.74454e+06		1.08571		289.579			00:01:01:450		8.2334e+06		-5.84734		0		0		7.14227e+06		-14.9989		
00:01:01:350		7.14191e+06		133.836		92.2668		1.74454e+06		1.08571		289.577			00:01:01:350		8.24859e+06		-5.84667		0		0		7.14144e+06		-31.2721		
00:01:01:250		7.14157e+06		133.765		92.2668		1.74454e+06		1.08571		289.574			00:01:01:250		8.2639e+06		-5.84591		0		0		7.14101e+06		-23.2218		
00:01:01:149		7.14112e+06		133.765		92.2072		1.74192e+06		1.0837		289.573			00:01:01:149		8.27932e+06		-5.84508		0		0		7.14103e+06		6.44994		
00:01:01:049		7.14091e+06		133.765		92.2072		1.74192e+06		1.0837		289.57			00:01:01:049		8.29486e+06		-5.84418		0		0		7.14118e+06		23.7587		
00:01:00:950		7.14041e+06		133.695		92.1483		1.73931e+06		1.08169		289.568			00:01:00:950		8.3105e+06		-5.8432		0		0		7.14119e+06		33.5611		
00:01:00:850		7.14011e+06		133.695		92.1483		1.73931e+06		1.08169		289.566			00:01:00:850		8.32627e+06		-5.84218		0		0		7.14081e+06		22.9719		
00:01:00:750		7.13979e+06		133.625		92.1483		1.73931e+06		1.08169		289.563			00:01:00:750		8.34214e+06		-5.84111		0		0		7.14003e+06		2.72461		
00:01:00:649		7.13927e+06		133.625		92.0902		1.73674e+06		1.07968		289.56			00:01:00:649		8.35814e+06		-5.84003		0		0		7.13909e+06		-27.3299		
00:01:00:549		7.13909e+06		133.625		92.0902		1.73674e+06		1.07968		289.558			00:01:00:549		8.3743e+06		-5.83894		0		0		7.13843e+06		-31.4667		
00:01:00:450		7.13862e+06		133.554		92.0329		1.73416e+06		1.07767		289.556			00:01:00:450		8.39062e+06		-5.83788		0		0		7.13825e+06		-10.5259		
00:01:00:350		7.13836e+06		133.554		92.0329		1.73416e+06		1.07767		289.553			00:01:00:350		8.40707e+06		-5.8369		0		0		7.1384e+06		16.6407		
00:01:00:250		7.13801e+06		133.484		92.0329		1.73416e+06		1.07767		289.552			00:01:00:250		8.42362e+06		-5.83602		0		0		7.13855e+06		30.7463		
00:01:00:149		7.13748e+06		133.484		91.9765		1.73158e+06		1.07566		289.549			00:01:00:149		8.44024e+06		-5.83527		0		0		7.13842e+06		32.6023		
00:01:00:049		7.13731e+06		133.484		91.9765		1.73158e+06		1.07566		289.546			00:01:00:049		8.45695e+06		-5.83467		0		0		7.13784e+06		16.9128		
00:00:59:950		7.13684e+06		133.413		91.9211		1.729e+06		1.07365		289.545			00:00:59:950		8.47375e+06		-5.83424		0		0		7.13691e+06		-14.9879		
00:00:59:899		7.1366e+06		133.413		91.9211		1.729e+06		1.07365		289.544			00:00:59:899		8.48218e+06		-5.83408		0		0		7.13643e+06		-27.7114		
00:00:59:799		7.13642e+06		133.413		91.9211		1.729e+06		1.07365		289.541			00:00:59:799		8.4991e+06		-5.83388		0		0		7.13573e+06		-32.8209		
00:00:59:649		7.13574e+06		133.343		91.8666		1.72642e+06		1.07165		289.539			00:00:59:649		8.52461e+06		-5.83386		0		0		7.13557e+06		3.64287		
00:00:59:549		7.13554e+06		133.343		91.8666		1.72642e+06		1.07165		289.535			00:00:59:549		8.54169e+06		-5.83399		0		0		7.13577e+06		24.1049		
00:00:59:450		7.13504e+06		133.272		91.8118		1.72383e+06		1.06964		289.532			00:00:59:450		8.55881e+06		-5.83419		0		0		7.13586e+06		35.6917		
00:00:59:350		7.13469e+06		133.272		91.8118		1.72383e+06		1.06964		289.53			00:00:59:350		8.57596e+06		-5.83445		0		0		7.13555e+06		26.7665		
00:00:59:250		7.13445e+06		133.202		91.8118		1.72383e+06		1.06964		289.528			00:00:59:250		8.59314e+06		-5.83477		0		0		7.1348e+06		7.08491		
00:00:59:149		7.13393e+06		133.202		91.7569		1.72124e+06		1.06763		289.526			00:00:59:149		8.61035e+06		-5.83517		0		0		7.13382e+06		-27.1592		
00:00:58:950		7.13329e+06		133.131		91.7019		1.71864e+06		1.06562		289.52			00:00:58:950		8.64478e+06		-5.83647		0		0		7.13281e+06		-17.6207		
00:00:58:850		7.13296e+06		133.131		91.7019		1.71864e+06		1.06562		289.519			00:00:58:850		8.66197e+06		-5.83736		0		0		7.13294e+06		12.9081		
00:00:58:850		7.13296e+06		133.131		91.7019		1.71864e+06		1.06562		289.519			00:00:58:850		8.66197e+06		-5.83736		0		0		7.13294e+06		12.9081		
00:00:58:750		7.13268e+06		133.06		91.7019		1.71864e+06		1.06562		289.517			00:00:58:750		8.67915e+06		-5.83837		0		0		7.13314e+06		30.0041		
00:00:58:649		7.13215e+06		133.06		91.6469		1.71604e+06		1.06361		289.514			00:00:58:649		8.69631e+06		-5.83946		0		0		7.13309e+06		34.1469		
00:00:58:649		7.13215e+06		133.06		91.6469		1.71604e+06		1.06361		289.514			00:00:58:649		8.69631e+06		-5.83946		0		0		7.13309e+06		34.1469		
00:00:58:549		7.132e+06		133.06		91.6469		1.71604e+06		1.06361		289.512			00:00:58:549		8.71346e+06		-5.84059		0		0		7.13262e+06		20.8079		
00:00:58:350		7.13116e+06		132.99		91.5918		1.7135e+06		1.0616		289.507			00:00:58:350		8.7478e+06		-5.84264		0		0		7.13083e+06		-31.787		
00:00:58:250		7.13091e+06		132.919		91.5918		1.7135e+06		1.0616		289.505			00:00:58:250		8.76497e+06		-5.8434		0		0		7.13027e+06		-28.75		
00:00:58:149		7.13039e+06		132.919		91.5366		1.71088e+06		1.05959		289.503			00:00:58:149		8.78214e+06		-5.84387		0		0		7.13018e+06		-5.502		
00:00:57:950		7.12980e+06		132.848		91.4813		1.70829e+06		1.05758		289.499			00:00:57:950		8.81643e+06		-5.84451		0		0		7.13048e+06		34.2204		
00:00:57:950		7.12980e+06		132.848		91.4813		1.70829e+06		1.05758		289.499			00:00:57:950		8.81643e+06		-5.84451		0		0		7.13048e+06		34.2204		
00:00:57:850		7.12944e+06		132.848		91.4813		1.70829e+06		1.05758		289.497			00:00:57:850		8.83353e+06		-5.84478		0		0		7.13026e+06		27.05		
00:00:57:750		7.12925e+06		132.778		91.4813		1.70829e+06		1.05758		289.495			00:00:57:750		8.85058e+06		-5.84502		0		0		7.12963e+06		10.5853		
00:00:57:649		7.12925e+06		132.778		91.4813		1.70829e+06		1.05758		289.495			00:00:57:649		8.85058e+06		-5.84502		0		0		7.12963e+06		10.5853		
00:00:57:649		7.12872e+06		132.778		91.4258		1.70577e+06		1.05557		289.493			00:00:57:649		8.86758e+06		-5.84523		0		0		7.1287e+06		-22.0032		
00:00:57:549		7.12852e+06		132.778		91.4258		1.70577e+06		1.05557		289.491			00:00:57:549		8.88455e+06		-5.84543		0		0		7.12792e+06		-33.355		
00:00:57:450		7.12809e+06		132.707		91.3702		1.70325e+06		1.05356		289.489			00:00:57:450		8.90149e+06		-5.84561		0		0		7.12759e+06		-19.4965		
00:00:57:350		7.12772e+06		132.707		91.3702		1.70325e+06		1.05356		289.487			00:00:57:350		8.91839e+06		-5.84578		0		0		7.12767e+06		9.43344		
00:00:57:250		7.12752e+06		132.636		91.3702		1.70325e+06		1.05356		289.485			00:00:57:250		8.93524e+06		-5.84595		0		0		7.12787e+06		27.6214		
00:00:57:000		7.12669e+06		132.564		91.3143		1.70073e+06		1.05156		289.48			00:00:57:000		8.97714e+06		-5.84641		0		0		7.1271e+06		11.4317		
00:00:56:899		7.12618e+06		132.564		91.2583		1.69815e+06		1.04955		289.478			00:00:56:899		8.99376e+06		-5.84664		0		0		7.12617e+06		-20.7862		
00:00:56:899		7.12618e+06		132.564		91.2583		1.69815e+06		1.04955		289.478			00:00:56:899		8.99376e+06		-5.84664		0		0		7.12617e+06		-20.7862		
00:00:56:799		7.12596e+06		132.564		91.2583		1.69815e+06		1.04955		289.476			00:00:56:799		9.01021e+06		-5.8469		0		0		7.12536e+06		-34.2725		
00:00:56:700		7.1256e+06		132.493		91.2018		1.69553e+06		1.04754		289.474			00:00:56:700		9.02651e+06		-5.84721		0		0		7.125e+06		-22.8549		
00:00:56:600		7.12518e+06		132.493		91.2018		1.69553e+06		1.04754		289.472			00:00:56:600		9.04271e+06		-5.84757		0		0		7.1251e+06		8.00384		
00:00:56:500		7.12502e+06		132.422		91.2018		1.69553e+06		1.04754		289.47			00:00:56:500		9.05883e+06		-5.84798		0		0		7.12534e+06		27.0361		
00:00:56:399		7.1245e+06		132.422		91.145		1.69296e+06		1.04553		289.469			00:00:56:399		9.07489e+06		-5.84844		0		0		7.12539e+06		36.4411		
00:00:56:299		7.12428e+06		132.422		91.145		1.69296e+06		1.04553		289.467			00:00:56:299		9.09093e+06		-5.84893		0		0		7.12501e+06		24.0874		
00:00:56:200		7.12397e+06		132.352		91.0877		1.69037e+06		1.04352		289.465			00:00:56:200		9.10697e+06		-5.84944		0		0		7.1242e+06		0.406204		
00:00:56:100		7.12348e+06		132.352		91.0877		1.69037e+06		1.04352		289.464			00:00:56:100		9.12297e+06		-5.84994		0		0		7.12323e+06		-30.6735		
00:00:56:000		7.12333e+06		132.28		91.0877		1.69037e+06		1.04352		289.462			00:00:56:000		9.1389e+06		-5.85041		0		0		7.12258e+06		-34.1438		
00:00:55:899		7.12285e+06		132.28		91.0298		1.68779e+06		1.04151		289.461			00:00:55:899		9.15476e+06		-5.85085		0		0		7.12243e+06		-13.2802		
00:00:55:799		7.12262e+06		132.28		91.0298		1.68779e+06		1.04151		289.459			00:00:55:799		9.17056e+06		-5.85129		0		0		7.12264e+06		17.0201		
00:00:55:700		7.1223e+06		132.209		90.9712		1.6852e+06		1.0395		289.458			00:00:55:700		9.18627e+06		-5.8517		0		0		7.12287e+06		33.4058		
00:00:55:600		7.12179e+06		132.209		90.9712		1.6852e+06		1.0395		289.456			00:00:55:600		9.20192e+06		-5.8521		0		0		7.12279e+06		34.6939		
00:00:55:500		7.12168e+06		132.138		90.9712		1.6852e+06		1.0395		289.455			00:00:55:500		9.21749e+06		-5.85248		0		0		7.12224e+06		18.5858		
00:00:55:399		7.12123e+06		132.138		90.9119		1.68262e+06		1.03749		289.454			00:00:55:399		9.23299e+06		-5.85284		0		0		7.12131e+06		-14.9649		
00:00:55:299		7.12091e+06		132.138		90.9119		1.68262e+06		1.03749		289.453			00:00:55:299		9.2484e+06		-5.85317		0		0		7.1204e+06		-35.1386		
00:00:55:200		7.12065e+06		132.067		90.8516		1.68002e+06		1.03548		289.452			00:00:55:200		9.26372e+06		-5.85348		0		0		7.1199e+06		-30.4315		
00:00:55:100		7.12014e+06		132.067		90.8516		1.68002e+06		1.03548		289.451			00:00:55:100		9.27894e+06		-5.85377		0		0		7.11992e+06		0		
00:00:54:850		7.11928e+06		131.995		90.7902		1.67737e+06		1.03347		289.449			00:00:54:850		9.31664e+06		-5.85435		0		0		7.12027e+06		35.98		
00:00:54:850		7.11928e+06		131.995		90.7902		1.67737e+06		1.03347		289.449			00:00:54:850		9.31664e+06		-5.85435		0		0		7.12027e+06		35.98		
00:00:54:799		7.1192e+06		131.995		90.7902		1.67737e+06		1.03347		289.449			00:00:54:799		9.32412e+06		-5.85444		0		0		7.12009e+06		28.8238		
00:00:54:700		7.119e+06		131.924		90.7277		1.67478e+06		1.03146		289.448			00:00:54:700		9.33902e+06		-5.8546		0		0		7.11939e+06		9.94686		
00:00:54:600		7.11846e+06		131.924		90.7277		1.67478e+06		1.03146		289.448			00:00:54:600		9.35385e+06		-5.85472		0		0		7.11841e+06		-25.8787		
00:00:54:500		7.1183e+06		131.853		90.7277		1.67478e+06		1.03146		289.447			00:00:54:500		9.3686e+06		-5.85482		0		0		7.11762e+06		-35.4217		
00:00:54:399		7.11785e+06		131.853		90.6639		1.67217e+06		1.02945		289.447			00:00:54:399		9.38328e+06		-5.85488		0		0		7.11731e+06		-20.7941		
00:00:54:299		7.11749e+06		131.853		90.6639		1.67217e+06		1.02945		289.447			00:00:54:299		9.39788e+06		-5.85491		0		0		7.11743e+06		9.45587		
00:00:54:200		7.11705e+06		131.782		90.5986		1.66957e+06		1.02744		289.447			00:00:54:200		9.41964e+06		-5.85491		0		0		7.11773e+06		35.693		
00:00:54:049		7.11662e+06		131.782		90.5986		1.66957e+06		1.02744		289.447			00:00:54:049		9.43406e+06		-5.8549		0		0		7.11753e+06		29.5315		
00:00:53:950		7.11648e+06		131.711		90.5318		1.66701e+06		1.02543		289.447			00:00:53:950		9.4484e+06		-5.85488		0		0		7.11689e+06		11.5168		
00:00:53:850		7.11596e+06		131.711		90.5318		1.66701e+06		1.02543		289.447			00:00:53:850		9.46268e+06		-5.85487		0		0		7.11594e+06		-22.5472		
00:00:53:750		7.11576e+06		131.639		90.5318		1.66701e+06		1.02543		289.448			00:00:53:750		9.4769e+06		-5.85487		0		0		7.11512e+06		-35.9341		
00:00:53:649		7.11538e+06		131.639		90.4632		1.66439e+06		1.02342		289.448			00:00:53:649		9.49108e+06		-5.8549		0		0		7.11476e+06		-23.9114		
00:00:53:549		7.11495e+06		131.639		90.4632		1.66439e+06		1.02342		289.449			00:00:53:549		9.50517e+06		-5.85499		0		0		7.11486e+06		7.12087		
00:00:53:450		7.1148e+06		131.567		90.3927		1.66178e+06		1.02141		289.45			00:00:53:450		9.51919e+06		-5.85513		0		0		7.11511e+06		27.745		
00:00:53:350		7.11428e+06		131.567		90.3927		1.66178e+06		1.02141		289.451			00:00:53:350		9.53313e+06		-5.85531		0		0		7.11516e+06		37.169		
00:00:53:250		7.11408e+06		131.496		90.3927		1.66178e+06		1.02141		289.452			00:00:53:250		9.54699e+06		-5.85554		0		0		7.11479e+06		24.4056		
00:00:53:149		7.11375e+06		131.496		90.3203		1.65916e+06		1.0194		289.453			00:00:53:149		9.56077e+06		-5.85584		0		0		7.11397e+06		0.206709		
00:00:53:049		7.11325e+06		131.496		90.3203		1.65916e+06		1.0194		289.454			00:00:53:049		9.57446e+06		-5.85622		0		0		7.11301e+06		-31.5011		
00:00:52:950		7.1131e+06		131.424		90.2457		1.65649e+06		1.01739		289.456			00:00:52:950		9.58808e+06		-5.8567		0		0		7.11235e+06		-34.2428		
00:00:52:850		7.11259e+06		131.424		90.2457		1.65649e+06		1.01739		289.457			00:00:52:850		9.60162e+06		-5.8573		0		0		7.11221e+06		-11.805		
00:00:52:850		7.11259e+06		131.424		90.2457		1.65649e+06		1.01739		289.457			00:00:52:850		9.60162e+06		-5.8573		0		0		7.11221e+06		-11.805		
00:00:52:750		7.11239e+06		131.353		90.2457		1.65649e+06		1.01739		289.459			00:00:52:750		9.61508e+06		-5.85801		0		0		7.11241e+06		17.3755		
00:00:52:649		7.11205e+06		131.353		90.1688		1.65387e+06		1.01538		289.461			00:00:52:649		9.62847e+06		-5.85885		0		0		7.11261e+06		33.7688		
00:00:52:549		7.11153e+06		131.353		90.1688		1.65387e+06		1.01538		289.463			00:00:52:549		9.64177e+06		-5.85981		0		0		7.11249e+06		33.1642		
00:00:52:350		7.11091e+06		131.281		90.0895		1.65129e+06		1.01337		289.467			00:00:52:350		9.66826e+06		-5.86187		0		0		7.11094e+06		-17.7453		
00:00:52:250		7.11062e+06		131.209		90.0895		1.65129e+06		1.01337		289.47			00:00:52:250		9.68154e+06		-5.8629		0		0		7.11006e+06		-36.2407		
00:00:52:250		7.11062e+06		131.209		90.0895		1.65129e+06		1.01337		289.47			00:00:52:250		9.68154e+06		-5.8629		0		0		7.11006e+06		-36.2407		
00:00:52:149		7.11032e+06		131.209		90.0078		1.64868e+06		1.01136		289.472			00:00:52:149		9.69485e+06		-5.86385		0		0		7.10962e+06		-28.2809		
00:00:52:049		7.10983e+06		131.209		90.0078		1.64868e+06		1.01136		289.475			00:00:52:049		9.70813e+06		-5.86466		0		0		7.10967e+06		3.6828		
00:00:51:850		7.10918e+06		131.137		89.9235		1.64607e+06		1.00934		289.48			00:00:51:850		9.73474e+06		-5.86576		0		0		7.11003e+06		38.4589		
00:00:51:850		7.10918e+06		131.137		89.9235		1.64607e+06		1.00934		289.48			00:00:51:850		9.73474e+06		-5.86576		0		0		7.11003e+06		38.4589		
00:00:51:750		7.10887e+06		131.065		89.9235		1.64607e+06		1.00934		289.483			00:00:51:750		9.74811e+06		-5.86599		0		0		7.1097e+06		27.1017		
00:00:51:600		7.10832e+06		131.065		89.8365		1.64345e+06		1.00733		289.488			00:00:51:600		9.76828e+06		-5.86586		0		0		7.10838e+06		-16.642		
00:00:51:500		7.108e+06		130.993		89.8365		1.64345e+06		1.00733		289.491			00:00:51:500		9.78172e+06		-5.86538		0		0		7.10746e+06		-36.6083		
00:00:51:399		7.10772e+06		130.993		89.7468		1.64087e+06		1.00532		289.494			00:00:51:399		9.79513e+06		-5.86456		0		0		7.10698e+06		-30.5505		
00:00:51:299		7.1072e+06		130.993		89.7468		1.64087e+06		1.00532		289.497			00:00:51:299		9.8085e+06		-5.86334		0		0		7.10701e+06		1.75647		
00:00:51:200		7.10704e+06		130.921		89.6545		1.63829e+06		1.00331		289.5			00:00:51:200		9.82186e+06		-5.8617		0		0		7.10727e+06		25.7025		
00:00:51:100		7.10654e+06		130.921		89.6545		1.63829e+06		1.00331		289.504			00:00:51:100		9.83519e+06		-5.85961		0		0		7.10738e+06		38.9683		
00:00:50:899		7.10596e+06		130.849		89.5594		1.63569e+06		1.00129		289.51			00:00:50:899		9.86179e+06		-5.85402		0		0		7.10628e+06		5.64216		
00:00:50:799		7.10541e+06		130.849		89.5594		1.63569e+06		1.00129		289.514			00:00:50:799		9.8751e+06		-5.85054		0		0		7.10524e+06		-30.4997		
00:00:50:799		7.10541e+06		130.849		89.5594		1.63569e+06		1.00129		289.514			00:00:50:799		9.8751e+06		-5.85054		0		0		7.10524e+06		-30.4997		
00:00:50:700		7.10525e+06		130.776		89.4617		1.63307e+06		0.999282		289.518			00:00:50:700		9.8884e+06		-5.84669		0		0		7.10447e+06		-37.4112		
00:00:50:600		7.10476e+06		130.776		89.4617		1.63307e+06		0.999282		289.521			00:00:50:600		9.90168e+06		-5.84256		0		0		7.10423e+06		-19.0481		
00:00:50:500		7.10443e+06		130.704		89.4617		1.63307e+06		0.999282		289.525			00:00:50:500		9.91493e+06		-5.83825		0		0		7.10442e+06		15.1589		
00:00:50:399		7.10413e+06		130.704		89.3614		1.63044e+06		0.997268		289.528			00:00:50:399		9.92815e+06		-5.8339		0		0		7.10465e+06		33.8548		
00:00:50:299		7.10357e+06		130.704		89.3614		1.63044e+06		0.997268		289.532			00:00:50:299		9.94135e+06		-5.82964		0		0		7.1046e+06		37.5985		
00:00:50:200		7.10343e+06		130.632		89.2588		1.6278e+06		0.995255		289.536			00:00:50:200		9.95454e+06		-5.82562		0		0		7.10405e+06		20.7289		
00:00:50:100		7.10295e+06		130.632		89.2588		1.6278e+06		0.995255		289.54			00:00:50:100		9.96772e+06		-5.82198		0		0		7.10306e+06		-14.3853		
00:00:50:000		7.10256e+06		130.559		89.2588		1.6278e+06		0.995255		289.544			00:00:50:000		9.98086e+06		-5.81885		0		0		7.10208e+06		-37.0412		
00:00:49:899		7.1023e+06		130.559		89.1541		1.62517e+06		0.993241		289.548			00:00:49:899		9.994e+06		-5.81577		0		0		7.10154e+06		-32.4552		
00:00:49:799		7.10175e+06		130.559		89.1541		1.62517e+06		0.993241		289.552			00:00:49:799		1.00071e+07		-5.81257		0		0		7.10152e+06		0		
00:00:49:700		7.10158e+06		130.487		89.0476		1.62255e+06		0.991226		289.556			00:00:49:700		1.00202e+07		-5.80926		0		0		7.10175e+06		24.4952		
00:00:49:600		7.10107e+06		130.487		89.0476		1.62255e+06		0.991226		289.56			00:00:49:600		1.00333e+07		-5.80583		0		0		7.10187e+06		39.1454		
00:00:49:500		7.10068e+06		130.414		89.0476		1.62255e+06		0.991226		289.564			00:00:49:500		1.00464e+07		-5.80228		0		0		7.10159e+06		29.4892		
00:00:49:399		7.10044e+06		130.414		88.9392		1.61994e+06		0.989211		289.568			00:00:49:399		1.00594e+07		-5.79863		0		0		7.1008e+06		7.5554		
00:00:49:299		7.09986e+06		130.414		88.9392		1.61994e+06		0.989211		289.572			00:00:49:299		1.00724e+07		-5.79486		0		0		7.09974e+06		-30.5925		
00:00:49:200		7.09968e+06		130.342		88.8289		1.61737e+06		0.987196		289.577			00:00:49:200		1.00854e+07		-5.79098		0		0		7.09893e+06		-37.5548		
00:00:49:100		7.09916e+06		130.342		88.8289		1.61737e+06		0.987196		289.581			00:00:49:100		1.00984e+07		-5.787		0		0		7.09865e+06		-19.4184		
00:00:48:950		7.09872e+06		130.269		88.7166		1.61482e+06		0.98518		289.588			00:00:48:950		1.01178e+07		-5.78083		0		0		7.0989e+06		24.3609		
00:00:48:899		7.0985e+06		130.269		88.7166		1.61482e+06		0.98518		289.59			00:00:48:899		1.01243e+07		-5.77872		0		0		7.09897e+06		32.7801		
00:00:48:750		7.09778e+06		130.196		88.7166		1.61482e+06		0.98518		289.597			00:00:48:750		1.01437e+07		-5.77225		0		0		7.09867e+06		29.1809		
00:00:48:700		7.09772e+06		130.196		88.6023		1.61221e+06		0.983163		289.599			00:00:48:700		1.01501e+07		-5.77004		0		0		7.09832e+06		20.478		
00:00:48:600		7.09721e+06		130.196		88.6023		1.61221e+06		0.983163		289.604			00:00:48:600		1.0163e+07		-5.76557		0		0		7.09731e+06		-15.142		
00:00:48:500		7.09681e+06		130.122		88.6023		1.61221e+06		0.983163		289.609			00:00:48:500		1.01759e+07		-5.76101		0		0		7.09632e+06		-37.3545		
00:00:48:399		7.0965e+06		130.122		88.4858		1.60961e+06		0.981146		289.614			00:00:48:399		1.01888e+07		-5.75635		0		0		7.09577e+06		-31.638		
00:00:48:299		7.09593e+06		130.122		88.4858		1.60961e+06		0.981146		289.619			00:00:48:299		1.02016e+07		-5.7516		0		0		7.09574e+06		3.50107		
00:00:48:149		7.09547e+06		130.049		88.3672		1.60702e+06		0.979128		289.627			00:00:48:149		1.02207e+07		-5.74431		0		0		7.09597e+06		33.4727		
00:00:48:049		7.09489e+06		130.049		88.3672		1.60702e+06		0.979128		289.632			00:00:48:049		1.02335e+07		-5.73933		0		0		7.09583e+06		35.0343		
00:00:47:950		7.09467e+06		129.976		88.2464		1.60446e+06		0.97711		289.638			00:00:47:950		1.02462e+07		-5.73427		0		0		7.09521e+06		18.5027		
00:00:47:850		7.09412e+06		129.976		88.2464		1.60446e+06		0.97711		289.643			00:00:47:850		1.02589e+07		-5.72911		0		0		7.09417e+06		-19.3675		
00:00:47:750		7.09372e+06		129.903		88.2464		1.60446e+06		0.97711		289.649			00:00:47:750		1.02716e+07		-5.72386		0		0		7.09321e+06		-37.0643		
00:00:47:649		7.09335e+06		129.903		88.1232		1.60189e+06		0.97509		289.655			00:00:47:649		1.02844e+07		-5.7185		0		0		7.09274e+06		-26.5187		
00:00:47:549		7.09285e+06		129.903		88.1232		1.60189e+06		0.97509		289.661			00:00:47:549		1.02971e+07		-5.71306		0		0		7.09275e+06		9.53226		
00:00:47:450		7.09255e+06		129.829		87.9977		1.59932e+06		0.97307		289.667			00:00:47:450		1.03098e+07		-5.70752		0		0		7.09287e+06		28.5853		
00:00:47:350		7.09195e+06		129.829		87.9977		1.59932e+06		0.97307		289.673			00:00:47:350		1.03225e+07		-5.70189		0		0		7.0928e+06		36.7381		
00:00:47:250		7.09162e+06		129.755		87.9977		1.59932e+06		0.97307		289.679			00:00:47:250		1.03352e+07		-5.69616		0		0		7.09228e+06		22.9756		
00:00:47:149		7.09113e+06		129.755		87.8698		1.59677e+06		0.971049		289.685			00:00:47:149		1.03478e+07		-5.69034		0		0		7.09131e+06		-10.3538		
00:00:47:149		7.09113e+06		129.755		87.8698		1.59677e+06		0.971049		289.685			00:00:47:149		1.03478e+07		-5.69034		0		0		7.09131e+06		-10.3538		
00:00:47:049		7.09066e+06		129.755		87.8698		1.59677e+06		0.971049		289.691			00:00:47:049		1.03605e+07		-5.68443		0		0		7.09027e+06		-37.0314		
00:00:46:850		7.0897e+06		129.681		87.7394		1.59422e+06		0.969027		289.703			00:00:46:850		1.03856e+07		-5.67234		0		0		7.0895e+06		0		
00:00:46:850		7.0897e+06		129.681		87.7394		1.59422e+06		0.969027		289.703			00:00:46:850		1.03856e+07		-5.67234		0		0		7.0895e+06		0		
00:00:46:750		7.08939e+06		129.607		87.7394		1.59422e+06		0.969027		289.71			00:00:46:750		1.03982e+07		-5.66616		0.0690437		0		7.0896e+06		24.2761		
00:00:46:549		7.08842e+06		129.607		87.6064		1.59164e+06		0.967004		289.723			00:00:46:549		1.04232e+07		-5.65351		0.345806		0		7.08914e+06		26.5686		
00:00:46:549		7.08842e+06		129.607		87.6064		1.59164e+06		0.967004		289.723			00:00:46:549		1.04232e+07		-5.65351		0.345806		0		7.08914e+06		26.5686		
00:00:46:450		7.08765e+06		129.533		87.4708		1.58909e+06		0.964981		289.733			00:00:46:450		1.0442e+07		-5.64378		0.552996		0		7.08766e+06		-21.8406		
00:00:46:350		7.08742e+06		129.533		87.4708		1.58909e+06		0.964981		289.736			00:00:46:350		1.04482e+07		-5.64049		0.621938		0		7.08713e+06		-35.2331		
00:00:46:250		7.08706e+06		129.459		87.4708		1.58909e+06		0.964981		289.743			00:00:46:250		1.04607e+07		-5.63383		0.759523		0		7.08638e+06		-35.1251		
00:00:46:100		7.08625e+06		129.459		87.3324		1.58652e+06		0.962956		289.753			00:00:46:100		1.04793e+07		-5.62365		0.965007		0		7.08619e+06		12.442		
00:00:46:000		7.08584e+06		129.385		87.3324		1.58652e+06		0.962956		289.761			00:00:46:000		1.04918e+07		-5.61674		1.10126		0		7.08625e+06		30.9014		
00:00:45:850		7.08504e+06		129.385		87.1912		1.58396e+06		0.96093		289.772			00:00:45:850		1.05105e+07		-5.60619		1.30419		0		7.08582e+06		28.9776		
00:00:45:850		7.08504e+06		129.385		87.1912		1.58396e+06		0.96093		289.772			00:00:45:850		1.05105e+07		-5.60619		1.30419		0		7.08582e+06		28.9776		
00:00:45:750		7.08457e+06		129.31		87.1912		1.58396e+06		0.96093		289.779			00:00:45:750		1.05229e+07		-5.59903		1.43829		0		7.08492e+06		5.79687		
00:00:45:649		7.08398e+06		129.31		87.0471		1.58141e+06		0.958903		289.786			00:00:45:649		1.05353e+07		-5.59177		1.57126		0		7.08376e+06		-32.3806		
00:00:45:549		7.08353e+06		129.31		87.0471		1.58141e+06		0.958903		289.794			00:00:45:549		1.05477e+07		-5.58441		1.70291		0		7.08291e+06		-37.3148		
00:00:45:450		7.08293e+06		129.236		86.9		1.57884e+06		0.956875		289.801			00:00:45:450		1.05602e+07		-5.57696		1.83305		0		7.08262e+06		-10.8098		
00:00:45:350		7.08253e+06		129.236		86.9		1.57884e+06		0.956875		289.808			00:00:45:350		1.05727e+07		-5.56941		1.96136		0		7.08264e+06		21.2246		
00:00:45:250		7.08188e+06		129.161		86.9		1.57884e+06		0.956875		289.816			00:00:45:250		1.05853e+07		-5.56176		2.08755		0		7.08256e+06		36.0716		
00:00:44:950		7.0803e+06		129.086		86.5966		1.57372e+06		0.952814		289.839			00:00:44:950		1.06228e+07		-5.53821		2.45245		0		7.08007e+06		-32.712		
00:00:44:950		7.0803e+06		129.086		86.5966		1.57372e+06		0.952814		289.839			00:00:44:950		1.06228e+07		-5.53821		2.45245		0		7.08007e+06		-32.712		
00:00:44:799		7.07951e+06		129.086		86.5966		1.57372e+06		0.952814		289.85			00:00:44:799		1.06416e+07		-5.52606		2.62872		0		7.07894e+06		-31.1153		
00:00:44:799		7.07951e+06		129.086		86.5966		1.57372e+06		0.952814		289.85			00:00:44:799		1.06416e+07		-5.52606		2.62872		0		7.07894e+06		-31.1153		
00:00:44:700		7.0789e+06		129.011		86.4401		1.57119e+06		0.950782		289.857			00:00:44:700		1.06541e+07		-5.51781		2.74794		0		7.07882e+06		9.51857		
00:00:44:600		7.07842e+06		129.011		86.4401		1.57119e+06		0.950782		289.864			00:00:44:600		1.06666e+07		-5.50944		2.86943		0		7.07879e+06		30.0134		
00:00:44:500		7.07771e+06		128.936		86.4401		1.57119e+06		0.950782		289.871			00:00:44:500		1.0679e+07		-5.50094		2.99076		0		7.07849e+06		32.8978		
00:00:44:399		7.07728e+06		128.936		86.2804		1.56863e+06		0.948749		289.878			00:00:44:399		1.06914e+07		-5.49233		3.11084		0		7.07781e+06		20.7135		
00:00:44:299		7.0766e+06		128.936		86.2804		1.56863e+06		0.948749		289.885			00:00:44:299		1.07038e+07		-5.4836		3.22014		0		7.07669e+06		-19.0196		
00:00:44:200		7.07612e+06		128.861		86.1174		1.56607e+06		0.946714		289.892			00:00:44:200		1.07161e+07		-5.47475		3.334		0		7.07558e+06		-37.8755		
00:00:44:100		7.07547e+06		128.861		86.1174		1.56607e+06		0.946714		289.899			00:00:44:100		1.07284e+07		-5.46578		3.43662		0		7.07491e+06		-29.0759		
00:00:44:000		7.07482e+06		128.785		86.1174		1.56607e+06		0.946714		289.906			00:00:44:000		1.07408e+07		-5.4567		3.5361		0		7.07472e+06		7.75988		
00:00:43:899		7.07431e+06		128.785		85.9511		1.5635e+06		0.944677		289.912			00:00:43:899		1.07531e+07		-5.4475		3.63255		0		7.07463e+06		28.2516		
00:00:43:799		7.07358e+06		128.785		85.9511		1.5635e+06		0.944677		289.919			00:00:43:799		1.07654e+07		-5.43819		3.72594		0		7.0743e+06		31.6637		
00:00:43:700		7.07311e+06		128.71		85.7815		1.56091e+06		0.942638		289.925			00:00:43:700		1.07777e+07		-5.42878		3.81624		0		7.07359e+06		19.4462		
00:00:43:600		7.07238e+06		128.71		85.7815		1.56091e+06		0.942638		289.931			00:00:43:600		1.079e+07		-5.41929		3.90345		0		7.07247e+06		-17.3122		
00:00:43:500		7.07183e+06		128.634		85.7815		1.56091e+06		0.942638		289.937			00:00:43:500		1.08023e+07		-5.40971		3.98758		0		7.07133e+06		-37.2562		
00:00:43:399		7.07118e+06		128.634		85.6084		1.55832e+06		0.940599		289.943			00:00:43:399		1.08146e+07		-5.40008		4.06866		0		7.07063e+06		-29.0319		
00:00:43:299		7.07049e+06		128.634		85.6084		1.55832e+06		0.940599		289.949			00:00:43:299		1.08269e+07		-5.3904		4.14671		0		7.07039e+06		7.50965		
00:00:43:149		7.06957e+06		128.559		85.4318		1.55572e+06		0.938557		289.958			00:00:43:149		1.08454e+07		-5.37579		4.2582		0		7.0701e+06		31.7086		
00:00:43:049		7.06894e+06		128.559		85.4318		1.55572e+06		0.938557		289.964			00:00:43:049		1.08576e+07		-5.36601		4.3289		0		7.06955e+06		25.1526		
00:00:42:950		7.06831e+06		128.483		85.2518		1.55312e+06		0.936514		289.969			00:00:42:950		1.08698e+07		-5.35619		4.39675		0		7.06858e+06		4.80982		
00:00:42:850		7.06751e+06		128.483		85.2518		1.55312e+06		0.936514		289.975			00:00:42:850		1.08821e+07		-5.34634		4.46182		0		7.06735e+06		-30.5977		
00:00:42:750		7.06699e+06		128.407		85.2518		1.55312e+06		0.936514		289.981			00:00:42:750		1.08942e+07		-5.33645		4.5242		0		7.06635e+06		-38.5287		
00:00:42:649		7.06622e+06		128.407		85.0683		1.55052e+06		0.934469		289.987			00:00:42:649		1.09064e+07		-5.32652		4.584		0		7.06586e+06		-12.8525		
00:00:42:549		7.06561e+06		128.407		85.0683		1.55052e+06		0.934469		289.992			00:00:42:549		1.09186e+07		-5.31654		4.6412		0		7.06567e+06		18.6758		
00:00:42:450		7.06488e+06		128.331		84.8814		1.54789e+06		0.932423		289.999			00:00:42:450		1.09307e+07		-5.30651		4.69606		0		7.0654e+06		31.6751		
00:00:42:350		7.06415e+06		128.331		84.8814		1.54789e+06		0.932423		290.005			00:00:42:350		1.09429e+07		-5.2964		4.74841		0		7.0648e+06		25.3443		
00:00:42:250		7.06352e+06		128.255		84.8814		1.54789e+06		0.932423		290.012			00:00:42:250		1.09549e+07		-5.28622		4.79854		0		7.06375e+06		0.783612		
00:00:42:250		7.06352e+06		128.255		84.8814		1.54789e+06		0.932423		290.012			00:00:42:250		1.09549e+07		-5.28622		4.79854		0		7.06375e+06		0.783612		
00:00:42:049		7.06208e+06		128.255		84.6911		1.54526e+06		0.930375		290.027			00:00:42:049		1.09792e+07		-5.26565		4.8922		0		7.06138e+06		-40.7312		
00:00:41:950		7.0613e+06		128.179		84.4975		1.54263e+06		0.928325		290.035			00:00:41:950		1.09913e+07		-5.25525		4.93598		0		7.06087e+06		-17.0803		
00:00:41:850		7.06065e+06		128.179		84.4975		1.54263e+06		0.928325		290.043			00:00:41:850		1.10035e+07		-5.24478		4.97774		0		7.06071e+06		20.0069		
00:00:41:750		7.05988e+06		128.102		84.4975		1.54263e+06		0.928325		290.051			00:00:41:750		1.10156e+07		-5.23424		5.01767		0		7.06047e+06		34.2369		
00:00:41:649		7.05904e+06		128.102		84.3007		1.53997e+06		0.926273		290.06			00:00:41:649		1.10278e+07		-5.22363		5.05574		0		7.05986e+06		30.5452		
00:00:41:549		7.05846e+06		128.102		84.3007		1.53997e+06		0.926273		290.07			00:00:41:549		1.10399e+07		-5.21296		5.09206		0		7.05875e+06		1.77021		
00:00:41:450		7.05762e+06		128.026		84.1009		1.53728e+06		0.92422		290.08			00:00:41:450		1.10521e+07		-5.20223		5.12672		0		7.05737e+06		-34.0183		
00:00:41:350		7.05695e+06		128.026		84.1009		1.53728e+06		0.92422		290.09			00:00:41:350		1.10642e+07		-5.19144		5.15974		0		7.0562e+06		-42.2086		
00:00:41:250		7.05613e+06		127.95		84.1009		1.53728e+06		0.92422		290.1			00:00:41:250		1.10764e+07		-5.18061		5.19129		0		7.05558e+06		-27.7351		
00:00:41:149		7.05541e+06		127.95		83.8982		1.53459e+06		0.922165		290.111			00:00:41:149		1.10885e+07		-5.16973		5.22127		0		7.05541e+06		19.3178		
00:00:41:049		7.0546e+06		127.95		83.8982		1.53459e+06		0.922165		290.123			00:00:41:049		1.11007e+07		-5.15881		5.25004		0		7.0552e+06		35.7404		
00:00:40:950		7.05372e+06		127.873		83.6929		1.5319e+06		0.920108		290.135			00:00:40:950		1.1113e+07		-5.14785		5.27734		0		7.0546e+06		35.24		
00:00:40:850		7.05307e+06		127.873		83.6929		1.5319e+06		0.920108		290.148			00:00:40:850		1.11252e+07		-5.13686		5.30331		0		7.05347e+06		6.66407		
00:00:40:850		7.05307e+06		127.873		83.6929		1.5319e+06		0.920108		290.148			00:00:40:850		1.11252e+07		-5.13686		5.30331		0		7.05347e+06		6.66407		
00:00:40:649		7.05153e+06		127.797		83.4852		1.52918e+06		0.918049		290.175			00:00:40:649		1.11498e+07		-5.11485		5.35173		0		7.0508e+06		-41.555		
00:00:40:549		7.05066e+06		127.797		83.4852		1.52918e+06		0.918049		290.19			00:00:40:549		1.11621e+07		-5.10383		5.37428		0		7.05006e+06		-31.7703		
00:00:40:549		7.05066e+06		127.797		83.4852		1.52918e+06		0.918049		290.19			00:00:40:549		1.11621e+07		-5.10383		5.37428		0		7.05006e+06		-31.7703		
00:00:40:399		7.0495e+06		127.72		83.2754		1.52645e+06		0.915988		290.213			00:00:40:399		1.11805e+07		-5.08728		5.406		0		7.04967e+06		25.9802		
00:00:40:299		7.04857e+06		127.72		83.2754		1.52645e+06		0.915988		290.229			00:00:40:299		1.11929e+07		-5.07623		5.42588		0		7.04925e+06		34.6692		
00:00:40:200		7.04779e+06		127.643		83.0638		1.52373e+06		0.913926		290.245			00:00:40:200		1.12052e+07		-5.06516		5.44485		0		7.04839e+06		23.3185		
00:00:40:000		7.04620e+06		127.566		83.0638		1.52373e+06		0.913926		290.28			00:00:40:000		1.12298e+07		-5.0429		5.48012		0		7.04583e+06		-32.9142		
00:00:40:000		7.04620e+06		127.566		83.0638		1.52373e+06		0.913926		290.28			00:00:40:000		1.12298e+07		-5.0429		5.48012		0		7.04583e+06		-32.9142		
00:00:39:799		7.04455e+06		127.566		82.8509		1.521e+06		0.911861		290.318			00:00:39:799		1.12545e+07		-5.02042		5.51189		0		7.04433e+06		0		
00:00:39:799		7.04455e+06		127.566		82.8509		1.521e+06		0.911861		290.318			00:00:39:799		1.12545e+07		-5.02042		5.51189		0		7.04433e+06		0		
00:00:39:700		7.04374e+06		127.489		82.637		1.51824e+06		0.909796		290.338			00:00:39:700		1.12669e+07		-5.0091		5.52657		0		7.04394e+06		24.3261		
00:00:39:600		7.04282e+06		127.489		82.637		1.51824e+06		0.909796		290.358			00:00:39:600		1.12793e+07		-4.99772		5.5406		0		7.04335e+06		28.3104		
00:00:39:500		7.04201e+06		127.412		82.637		1.51824e+06		0.909796		290.38			00:00:39:500		1.12917e+07		-4.98628		5.5539		0		7.04236e+06		9.22958		
00:00:39:399		7.04114e+06		127.412		82.4229		1.51546e+06		0.907728		290.401			00:00:39:399		1.13042e+07		-4.9748		5.56658		0		7.04108e+06		-22.8335		
00:00:39:299		7.04022e+06		127.412		82.4229		1.51546e+06		0.907728		290.424			00:00:39:299		1.13166e+07		-4.96326		5.57837		0		7.0399e+06		-28.7905		
00:00:39:200		7.03931e+06		127.335		82.209		1.51267e+06		0.905659		290.447			00:00:39:200		1.13291e+07		-4.95167		5.58979		0		7.03902e+06		-20.8534		
00:00:39:100		7.03844e+06		127.335		82.209		1.51267e+06		0.905659		290.471			00:00:39:100		1.13415e+07		-4.94003		5.60049		0		7.03842e+06		9.99637		
00:00:38:899		7.03663e+06		127.258		81.996		1.50991e+06		0.90359		290.521			00:00:38:899		1.13663e+07		-4.91657		5.6202		0		7.03687e+06		10.8709		
00:00:38:799		7.03575e+06		127.258		81.996		1.50991e+06		0.90359		290.547			00:00:38:799		1.13788e+07		-4.90476		5.62928		0		7.03577e+06		0		
00:00:38:799		7.03575e+06		127.258		81.996		1.50991e+06		0.90359		290.547			00:00:38:799		1.13788e+07		-4.90476		5.62928		0		7.03577e+06		0		
00:00:38:700		7.03478e+06		127.181		81.7848		1.50717e+06		0.90152		290.574			00:00:38:700		1.13912e+07		-4.89291		5.63781		0		7.03465e+06		-20.6752		
00:00:38:600		7.03388e+06		127.181		81.7848		1.50717e+06		0.90152		290.601			00:00:38:600		1.14036e+07		-4.88101		5.64585		0		7.03376e+06		0		
00:00:38:500		7.03299e+06		127.103		81.7848		1.50717e+06		0.90152		290.629			00:00:38:500		1.1416e+07		-4.86907		5.65348		0		7.03296e+06		2.29301		
00:00:38:399		7.03208e+06		127.103		81.5762		1.5044e+06		0.89945		290.657			00:00:38:399		1.14285e+07		-4.85708		5.66064		0		7.03214e+06		7.86188		
00:00:38:250		7.03074e+06		127.025		81.5762		1.5044e+06		0.89945		290.701			00:00:38:250		1.14471e+07		-4.83903		5.67047		0		7.03078e+06		0		
00:00:38:200		7.03030e+06		127.025		81.3711		1.50163e+06		0.89738		290.715			00:00:38:200		1.14533e+07		-4.83299		5.6735		0		7.03031e+06		0		
00:00:38:100		7.02943e+06		127.025		81.3711		1.50163e+06		0.89738		290.745			00:00:38:100		1.14657e+07		-4.82089		5.67936		0		7.02938e+06		0		
00:00:38:000		7.02851e+06		126.948		81.3711		1.50163e+06		0.89738		290.776			00:00:38:000		1.14781e+07		-4.80875		5.68486		0		7.02844e+06		0		
00:00:37:899		7.0276e+06		126.948		81.1707		1.49882e+06		0.895309		290.807			00:00:37:899		1.14905e+07		-4.79659		5.68986		0		7.02752e+06		0		
00:00:37:750		7.02622e+06		126.87		81.1707		1.49882e+06		0.895309		290.854			00:00:37:750		1.15091e+07		-4.77827		5.69678		0		7.02621e+06		4.37021		
00:00:37:649		7.02526e+06		126.87		80.9758		1.496e+06		0.893238		290.887			00:00:37:649		1.15216e+07		-4.76602		5.70102		0		7.02533e+06		8.62449		
00:00:37:549		7.02429e+06		126.87		80.9758		1.496e+06		0.893238		290.919			00:00:37:549		1.1534e+07		-4.75374		5.70489		0		7.02437e+06		6.17812		
00:00:37:450		7.02331e+06		126.793		80.7877		1.49319e+06		0.891166		290.952			00:00:37:450		1.15465e+07		-4.74141		5.7084		0		7.02335e+06		0		
00:00:37:350		7.02234e+06		126.793		80.7877		1.49319e+06		0.891166		290.985			00:00:37:350		1.1559e+07		-4.72905		5.71151		0		7.02232e+06		0		
00:00:37:250		7.02135e+06		126.715		80.7877		1.49319e+06		0.891166		291.019			00:00:37:250		1.15715e+07		-4.71665		5.71431		0		7.02131e+06		0		
00:00:37:149		7.02036e+06		126.715		80.6073		1.49038e+06		0.889094		291.053			00:00:37:149		1.1584e+07		-4.70421		5.71691		0		7.02033e+06		0		
00:00:37:049		7.01938e+06		126.715		80.6073		1.49038e+06		0.889094		291.087			00:00:37:049		1.15965e+07		-4.69173		5.71926		0		7.0194e+06		5.22165		
00:00:36:950		7.01839e+06		126.637		80.4354		1.4876e+06		0.887022		291.122			00:00:36:950		1.1609e+07		-4.67921		5.72124		0		7.01847e+06		8.44434		
00:00:36:850		7.01739e+06		126.637		80.4354		1.4876e+06		0.887022		291.156			00:00:36:850		1.16214e+07		-4.66664		5.72283		0		7.01749e+06		7.94623		
00:00:36:750		7.01639e+06		126.559		80.4354		1.4876e+06		0.887022		291.191			00:00:36:750		1.16339e+07		-4.65404		5.72408		0		7.01645e+06		4.6172		
00:00:36:649		7.01537e+06		126.559		80.2724		1.48481e+06		0.884948		291.226			00:00:36:649		1.16464e+07		-4.64139		5.72515		0		7.0154e+06		1.32278		
00:00:36:549		7.01437e+06		126.559		80.2724		1.48481e+06		0.884948		291.261			00:00:36:549		1.16587e+07		-4.6287		5.72612		0		7.01439e+06		2.72603		
00:00:36:450		7.0134e+06		126.481		80.1179		1.48193e+06		0.882874		291.296			00:00:36:450		1.1671e+07		-4.61595		5.7268		0		7.01343e+06		5.97921		
00:00:36:350		7.01242e+06		126.481		80.1179		1.48193e+06		0.882874		291.331			00:00:36:350		1.16832e+07		-4.60316		5.72696		0		7.0125e+06		9.34252		
00:00:36:250		7.01144e+06		126.403		80.1179		1.48193e+06		0.882874		291.366			00:00:36:250		1.16955e+07		-4.59033		5.72658		10.4252		7.01156e+06		10.7215		
00:00:36:149		7.01144e+06		126.403		80.1179		1.48193e+06		0.882874		291.366			00:00:36:149		1.16955e+07		-4.59033		5.72658		10.4252		7.01156e+06		10.7215		
00:00:36:149		7.01045e+06		126.403		79.9704		1.47901e+06		0.880799		291.401			00:00:36:149		1.17077e+07		-4.57746		5.72604		14.2867		7.01058e+06		10.7463		
00:00:35:950		7.00844e+06		126.326		79.824		1.47611e+06		0.878723		291.471			00:00:35:950		1.17323e+07		-4.55164		5.72479		28.2482		7.00854e+06		8.68078		
00:00:35:850		7.00742e+06		126.326		79.824		1.47611e+06		0.878723		291.506			00:00:35:850		1.17445e+07		-4.53869		5.72336		36.1863		7.00752e+06		8.80321		
00:00:35:750		7.00642e+06		126.248		79.824		1.47611e+06		0.878723		291.54			00:00:35:750		1.17567e+07		-4.5257		5.72201		43.4214		7.00652e+06		10.4368		
00:00:35:750		7.00642e+06		126.248		79.824		1.47611e+06		0.878723		291.54			00:00:35:750		1.17567e+07		-4.5257		5.72201		43.4214		7.00652e+06		10.4368		
00:00:35:649		7.00541e+06		126.248		79.6736		1.47321e+06		0.876645		291.575			00:00:35:649		1.17689e+07		-4.51267		5.72128		48.2588		7.00555e+06		12.8492		
00:00:35:549		7.00441e+06		126.248		79.6736		1.47321e+06		0.876645		291.609			00:00:35:549		1.1781e+07		-4.49962		5.72081		55.4958		7.00459e+06		15.0916		
00:00:35:399		7.00291e+06		126.17		79.5188		1.47025e+06		0.874566		291.659			00:00:35:399		1.17993e+07		-4.48		5.71837		65.3028		7.00315e+06		16.6709		
00:00:35:299		7.00192e+06		126.17		79.5188		1.47025e+06		0.874566		291.692			00:00:35:299		1.18114e+07		-4.46688		5.71549		70.9358		7.00216e+06		16.7932		
00:00:35:200		7.00092e+06		126.092		79.3595		1.46723e+06		0.872484		291.725			00:00:35:200		1.18235e+07		-4.45373		5.71316		76.4307		7.00116e+06		16.6746		
00:00:35:100		6.99993e+06		126.092		79.3595		1.46723e+06		0.872484		291.757			00:00:35:100		1.18356e+07		-4.44058		5.7125		81.5618		7.00017e+06		16.7679		
00:00:35:000		6.99894e+06		126.013		79.3595		1.46723e+06		0.872484		291.788			00:00:35:000		1.18477e+07		-4.42744		5.71353		85.2413		6.99919e+06		17.7389		
00:00:34:850		6.99746e+06		126.013		79.1954		1.46417e+06		0.870401		291.835			00:00:34:850		1.18659e+07		-4.40777		5.72145		88.552		6.99777e+06		20.6555		
00:00:34:850		6.99746e+06		126.013		79.1954		1.46417e+06		0.870401		291.835			00:00:34:850		1.18659e+07		-4.40777		5.72145		88.552		6.99777e+06		20.6555		
00:00:34:750		6.99648e+06		125.935		79.1954		1.46417e+06		0.870401		291.865			00:00:34:750		1.18781e+07		-4.39469		5.72719		90.2577		6.99684e+06		22.7112		
00:00:34:649		6.99551e+06		125.935		79.0264		1.46102e+06		0.868315		291.894			00:00:34:649		1.18903e+07		-4.38164		5.72074		91.9637		6.99592e+06		24.3062		
00:00:34:549		6.99454e+06		125.935		79.0264		1.46102e+06		0.868315		291.923			00:00:34:549		1.19024e+07		-4.36862		5.71434		93.6601		6.99498e+06		25.1427		
00:00:34:450		6.99357e+06		125.856		78.852		1.45776e+06		0.866226		291.951			00:00:34:450		1.19146e+07		-4.35563		5.70775		95.367		6.99402e+06		25.1728		
00:00:34:350		6.9926e+06		125.856		78.852		1.45776e+06		0.866226		291.979			00:00:34:350		1.19268e+07		-4.34264		5.70098		97.0548		6.99304e+06		24.6931		
00:00:34:250		6.99116e+06		125.776		78.6722		1.45435e+06		0.864135		292.019			00:00:34:250		1.1945e+07		-4.32314		5.69073		99.573		6.99158e+06		24.2504		
00:00:34:100		6.99022e+06		125.776		78.6722		1.45435e+06		0.864135		292.045			00:00:34:100		1.19572e+07		-4.31009		5.6841		101.249		6.99065e+06		24.9831		
00:00:33:899		6.98841e+06		125.696		78.4865		1.45065e+06		0.86204		292.096			00:00:33:899		1.19815e+07		-4.28378		5.67037		104.588		6.98895e+06		29.1577		
00:00:33:799		6.98753e+06		125.696		78.4865		1.45065e+06		0.86204		292.12			00:00:33:799		1.19937e+07		-4.27046		5.66299		106.259		6.98813e+06		30.7813		
00:00:33:799		6.98753e+06		125.696		78.4865		1.45065e+06		0.86204		292.12			00:00:33:799		1.19937e+07		-4.27046		5.66299		106.259		6.98813e+06		30.7813		
00:00:33:700		6.98666e+06		125.613		78.2948		1.44655e+06		0.859943		292.144			00:00:33:700		1.20059e+07		-4.25702		5.65605		107.923		6.9873e+06		31.7618		
00:00:33:500		6.9849e+06		125.529		78.2948		1.44655e+06		0.859943		292.192			00:00:33:500		1.20304e+07		-4.22974		5.64185		111.307		6.98557e+06		32.2335		
00:00:33:500		6.9849e+06		125.529		78.2948		1.44655e+06		0.859943		292.192			00:00:33:500		1.20304e+07		-4.22974		5.64185		111.307		6.98557e+06		32.2335		
00:00:33:399		6.98402e+06		125.529		78.0968		1.442e+06		0.857842		292.216			00:00:33:399		1.20426e+07		-4.21591		5.6353		113.009		6.98468e+06		32.051		
00:00:33:299		6.98313e+06		125.529		78.0968		1.442e+06		0.857842		292.24			00:00:33:299		1.20548e+07		-4.20198		5.62769		114.711		6.98379e+06		31.8834		
00:00:33:200		6.98224e+06		125.442		77.8921		1.43688e+06		0.855737		292.264			00:00:33:200		1.20671e+07		-4.18801		5.61985		116.413		6.9829e+06		32.0173		
00:00:33:100		6.98135e+06		125.442		77.8921		1.43688e+06		0.855737		292.288			00:00:33:100		1.20793e+07		-4.17405		5.61239		118.14		6.98202e+06		32.5977		
00:00:32:899		6.97955e+06		125.35		77.6806		1.4311e+06		0.853628		292.338			00:00:32:899		1.21036e+07		-4.14649		5.59847		121.609		6.98029e+06		34.6292		
00:00:32:799		6.97864e+06		125.35		77.6806		1.4311e+06		0.853628		292.363			00:00:32:799		1.21157e+07		-4.13303		5.59058		123.389		6.97942e+06		35.8977		
00:00:32:799		6.97864e+06		125.35		77.6806		1.4311e+06		0.853628		292.363			00:00:32:799		1.21157e+07		-4.13303		5.59058		123.389		6.97942e+06		35.8977		
00:00:32:700		6.97771e+06		125.251		77.4622		1.42453e+06		0.851514		292.389			00:00:32:700		1.21277e+07		-4.11986		5.58222		125.174		6.97854e+06		37.1522		
00:00:32:600		6.97676e+06		125.251		77.4622		1.42453e+06		0.851514		292.416			00:00:32:600		1.21398e+07		-4.10698		5.57409		126.973		6.97765e+06		38.3227		
00:00:32:500		6.9753e+06		125.143		77.2367		1.41711e+06		0.849394		292.458			00:00:32:500		1.21577e+07		-4.08814		5.56352		129.729		6.97626e+06		39.8659		
00:00:32:350		6.9743e+06		125.143		77.2367		1.41711e+06		0.849394		292.487			00:00:32:350		1.21696e+07		-4.07568		5.55633		131.62		6.97531e+06		40.9213		
00:00:32:250		6.97328e+06		125.022		77.2367		1.41711e+06		0.849394		292.518			00:00:32:250		1.21814e+07		-4.06321		5.54787		133.535		6.97433e+06		42.1482		
00:00:32:149		6.97223e+06		125.022		77.0042		1.40886e+06		0.847268		292.55			00:00:32:149		1.21932e+07		-4.05074		5.53874		135.452		6.97335e+06		43.5389		
00:00:32:049		6.97116e+06		125.022		77.0042		1.40886e+06		0.847268		292.584			00:00:32:049		1.2205e+07		-4.03826		5.53049		137.391		6.97235e+06		45.2137		
00:00:31:850		6.96893e+06		124.887		76.7651		1.39987e+06		0.845136		292.658			00:00:31:850		1.22286e+07		-4.01327		5.51678		141.483		6.9703e+06		48.786		
00:00:31:750		6.96776e+06		124.736		76.7651		1.39987e+06		0.845136		292.697			00:00:31:750		1.22403e+07		-4.00075		5.50846		143.63		6.96922e+06		50.5444		
00:00:31:750		6.96776e+06		124.736		76.7651		1.39987e+06		0.845136		292.697			00:00:31:750		1.22403e+07		-4.00075		5.50846		143.63		6.96922e+06		50.5444		
00:00:31:649		6.96656e+06		124.736		76.5197		1.3903e+06		0.842995		292.738			00:00:31:649		1.22521e+07		-3.98816		5.49834		145.785		6.96812e+06		52.2914		
00:00:31:550		6.96532e+06		124.736		76.5197		1.3903e+06		0.842995		292.781			00:00:31:550		1.22639e+07		-3.97544		5.48836		147.955		6.96698e+06		54.0113		
00:00:31:449		6.96404e+06		124.567		76.269		1.38031e+06		0.840846		292.824			00:00:31:449		1.22757e+07		-3.9626		5.4808		150.248		6.96581e+06		55.9034		
00:00:31:350		6.96273e+06		124.567		76.269		1.38031e+06		0.840846		292.87			00:00:31:350		1.22875e+07		-3.94964		5.47522		152.726		6.96461e+06		57.8628		
00:00:31:350		6.96273e+06		124.567		76.269		1.38031e+06		0.840846		292.87			00:00:31:350		1.22875e+07		-3.94964		5.47522		152.726		6.96461e+06		57.8628		
00:00:31:149		6.96e+06		124.381		76.014		1.37002e+06		0.838688		292.967			00:00:31:149		1.23112e+07		-3.92339		5.4574		158.11		6.96215e+06		62.2774		
00:00:31:050		6.95859e+06		124.381		76.014		1.37002e+06		0.838688		293.019			00:00:31:050		1.2323e+07		-3.91013		5.44525		161.019		6.9609e+06		64.9147		
00:00:30:949		6.95713e+06		124.182		75.7557		1.35954e+06		0.836486		293.073			00:00:30:949		1.23348e+07		-3.89679		5.43602		164.497		6.95964e+06		67.8292		
00:00:30:850		6.95564e+06		124.182		75.7557		1.35954e+06		0.836486		293.128			00:00:30:850		1.23465e+07		-3.88338		5.43401		169.329		6.95836e+06		70.9393		
00:00:30:850		6.95564e+06		124.182		75.7557		1.35954e+06		0.836486		293.128			00:00:30:850		1.23465e+07		-3.88338		5.43401		169.329		6.95836e+06		70.9393		
00:00:30:750		6.9541e+06		123.973		75.7557		1.35954e+06		0.836486		293.186			00:00:30:750		1.23583e+07		-3.86991		5.43613		176.889		6.95707e+06		74.2115		
00:00:30:649		6.95251e+06		123.973		75.4947		1.34895e+06		0.83042		293.243			00:00:30:649		1.237e+07		-3.85638		5.41889		189.752		6.95573e+06		77.4178		
00:00:30:550		6.95085e+06		123.973		75.4947		1.34895e+06		0.83042		293.308			00:00:30:550		1.23816e+07		-3.8428		5.40527		213.185		6.95433e+06		80.2593		
00:00:30:350		6.94726e+06		123.758		75.2317		1.33821e+06		0.824334		293.445			00:00:30:350		1.24048e+07		-3.81551		5.3859		304.201		6.95118e+06		85.0975		
00:00:30:350		6.94726e+06		123.758		75.2317		1.33821e+06		0.824334		293.445			00:00:30:350		1.24048e+07		-3.81551		5.3859		304.201		6.95118e+06		85.0975		
00:00:30:250		6.94529e+06		123.543		75.2317		1.33821e+06		0.824334		293.516			00:00:30:250		1.24164e+07		-3.80184		5.38225		353.361		6.94942e+06		87.2391		
00:00:30:149		6.9432e+06		123.543		74.9667		1.32735e+06		0.818228		293.589			00:00:30:149		1.2428e+07		-3.78815		5.37441		397.089		6.94754e+06		89.305		
00:00:30:050		6.941e+06		123.543		74.9667		1.32735e+06		0.818228		293.664			00:00:30:050		1.24396e+07		-3.77446		5.35913		434.196		6.94553e+06		91.3005		
00:00:29:850		6.93625e+06		123.328		74.6997		1.31641e+06		0.812103		293.816			00:00:29:850		1.24627e+07		-3.74709		5.3328		489.485		6.94118e+06		95.1324		
00:00:29:750		6.93374e+06		123.111		74.6997		1.31641e+06		0.812103		293.894			00:00:29:750		1.24742e+07		-3.73339		5.33133		508.762		6.93885e+06		96.5854		
00:00:29:649		6.93117e+06		123.111		74.4309		1.30534e+06		0.805957		293.973			00:00:29:649		1.24857e+07		-3.71968		5.32794		522.339		6.93641e+06		97.9403		
00:00:29:550		6.9285e+06		123.111		74.4309		1.30534e+06		0.805957		294.054			00:00:29:550		1.24972e+07		-3.70596		5.31342		528.915		6.93391e+06		99.6546		
00:00:29:449		6.92568e+06		122.893		74.1602		1.29416e+06		0.799792		294.137			00:00:29:449		1.25087e+07		-3.69223		5.29159		530.409		6.93134e+06		102.307		
00:00:29:350		6.92277e+06		122.893		74.1602		1.29416e+06		0.799792		294.222			00:00:29:350		1.25202e+07		-3.6785		5.27695		531.346		6.92871e+06		104.995		
00:00:29:250		6.91977e+06		122.675		74.1602		1.29416e+06		0.799792		294.309			00:00:29:250		1.25317e+07		-3.66477		5.27693		532.268		6.92602e+06		107.698		
00:00:29:149		6.9167e+06		122.675		73.8875		1.28285e+06		0.793605		294.398			00:00:29:149		1.25432e+07		-3.65102		5.28084		533.188		6.92325e+06		110.413		
00:00:29:050		6.91354e+06		122.675		73.8875		1.28285e+06		0.793605		294.488			00:00:29:050		1.25547e+07		-3.63727		5.27042		534.113		6.92041e+06		113.132		
00:00:29:050		6.91354e+06		122.675		73.8875		1.28285e+06		0.793605		294.488			00:00:29:050		1.25547e+07		-3.63727		5.27042		534.113		6.92041e+06		113.132		
00:00:28:850		6.90699e+06		122.456		73.6128		1.27143e+06		0.787398		294.675			00:00:28:850		1.25776e+07		-3.60975		5.21808		535.987		6.91449e+06		118.433		
00:00:28:850		6.90699e+06		122.456		73.6128		1.27143e+06		0.787398		294.675			00:00:28:850		1.25776e+07		-3.60975		5.21808		535.987		6.91449e+06		118.433		
00:00:28:649		6.90009e+06		122.236		73.336		1.25991e+06		0.781169		294.868			00:00:28:649		1.26004e+07		-3.58219		5.22881		537.949		6.90825e+06		123.522		
00:00:28:550		6.89656e+06		122.236		73.336		1.25991e+06		0.781169		294.969			00:00:28:550		1.26118e+07		-3.56838		5.22828		538.967		6.90497e+06		125.307		
00:00:28:550		6.89656e+06		122.236		73.336		1.25991e+06		0.781169		294.969			00:00:28:550		1.26118e+07		-3.56838		5.22828		538.967		6.90497e+06		125.307		
00:00:28:449		6.89294e+06		122.015		73.057		1.24824e+06		0.774919		295.071			00:00:28:449		1.26231e+07		-3.55456		5.19807		540.018		6.90158e+06		126.847		
00:00:28:350		6.88924e+06		122.015		73.057		1.24824e+06		0.774919		295.175			00:00:28:350		1.26344e+07		-3.54072		5.15737		541.103		6.89806e+06		127.974		
00:00:28:250		6.88356e+06		121.793		72.7759		1.23639e+06		0.768647		295.334			00:00:28:250		1.26512e+07		-3.51996		5.15275		542.788		6.89249e+06		128.005		
00:00:28:100		6.87972e+06		121.793		72.7759		1.23639e+06		0.768647		295.441			00:00:28:100		1.26625e+07		-3.50612		5.18089		543.951		6.88857e+06		127.026		
00:00:28:000		6.87574e+06		121.571		72.7759		1.23639e+06		0.768647		295.548			00:00:28:000		1.26737e+07		-3.49229		5.18029		545.148		6.88449e+06		126.129		
00:00:27:800		6.86709e+06		121.571		72.4926		1.22436e+06		0.762354		295.765			00:00:27:800		1.2696e+07		-3.46465		5.07666		547.607		6.87575e+06		124.883		
00:00:27:800		6.86709e+06		121.571		72.4926		1.22436e+06		0.762354		295.765			00:00:27:800		1.2696e+07		-3.46465		5.07666		547.607		6.87575e+06		124.883		
00:00:27:699		6.86252e+06		121.348		72.2069		1.21224e+06		0.756039		295.877			00:00:27:699		1.27071e+07		-3.45084		5.07126		548.876		6.87111e+06		124.204		
00:00:27:600		6.85775e+06		121.348		72.2069		1.21224e+06		0.756039		295.987			00:00:27:600		1.27182e+07		-3.43703		5.12122		550.165		6.8663e+06		123.75		
00:00:27:500		6.8528e+06		121.124		72.2069		1.21224e+06		0.756039		296.097			00:00:27:500		1.27293e+07		-3.42321		5.14875		551.486		6.86133e+06		123.581		
00:00:27:399		6.84766e+06		121.124		71.9189		1.20004e+06		0.749702		296.207			00:00:27:399		1.27403e+07		-3.40941		5.10148		552.84		6.85623e+06		123.954		
00:00:27:300		6.84235e+06		121.124		71.9189		1.20004e+06		0.749702		296.318			00:00:27:300		1.27514e+07		-3.39559		4.99065		554.229		6.85106e+06		125.367		
00:00:27:199		6.8369e+06		120.9		71.6285		1.18768e+06		0.743344		296.429			00:00:27:199		1.27624e+07		-3.38179		4.87858		555.646		6.84589e+06		128.059		
00:00:27:100		6.8313e+06		120.9		71.6285		1.18768e+06		0.743344		296.541			00:00:27:100		1.27735e+07		-3.36799		4.75863		557.095		6.84067e+06		130.224		
00:00:27:000		6.82563e+06		120.675		71.6285		1.18768e+06		0.743344		296.652			00:00:27:000		1.27845e+07		-3.35419		4.69988		558.564		6.83521e+06		131.363		
00:00:26:800		6.8136e+06		120.675		71.3355		1.1752e+06		0.736964		296.874			00:00:26:800		1.28064e+07		-3.32659		4.57479		561.434		6.82343e+06		132.357		
00:00:26:800		6.8136e+06		120.675		71.3355		1.1752e+06		0.736964		296.874			00:00:26:800		1.28064e+07		-3.32659		4.57479		561.434		6.82343e+06		132.357		
00:00:26:699		6.80729e+06		120.449		71.04		1.16255e+06		0.730564		296.983			00:00:26:699		1.28173e+07		-3.31279		4.44518		562.75		6.81715e+06		132.209		
00:00:26:600		6.80081e+06		120.449		71.04		1.16255e+06		0.730564		297.09			00:00:26:600		1.28282e+07		-3.29897		4.32924		563.914		6.81063e+06		131.438		
00:00:26:500		6.79417e+06		120.223		71.04		1.16255e+06		0.730564		297.194			00:00:26:500		1.28391e+07		-3.28516		4.22629		564.853		6.80388e+06		130.193		
00:00:26:399		6.78735e+06		120.223		70.742		1.14975e+06		0.724143		297.295			00:00:26:399		1.285e+07		-3.27135		4.17321		565.473		6.7969e+06		128.674		
00:00:26:300		6.78033e+06		120.223		70.742		1.14975e+06		0.724143		297.394			00:00:26:300		1.28608e+07		-3.25753		4.11125		565.685		6.78969e+06		126.98		
00:00:26:199		6.77315e+06		119.996		70.4414		1.13678e+06		0.717705		297.49			00:00:26:199		1.28716e+07		-3.24372		4.03673		565.392		6.7823e+06		125.25		
00:00:26:100		6.76585e+06		119.996		70.4414		1.13678e+06		0.717705		297.583			00:00:26:100		1.28824e+07		-3.22992		3.90047		564.53		6.77481e+06		123.791		
00:00:25:850		6.74781e+06		119.769		70.1384		1.12362e+06		0.71125		297.796			00:00:25:850		1.29093e+07		-3.19538		3.70441		560.159		6.75626e+06		120.066		
00:00:25:750		6.74137e+06		119.541		70.1384		1.12362e+06		0.71125		297.874			00:00:25:750		1.292e+07		-3.18156		3.65054		558.339		6.74924e+06		114.887		
00:00:25:750		6.74137e+06		119.541		70.1384		1.12362e+06		0.71125		297.874			00:00:25:750		1.292e+07		-3.18156		3.65054		558.339		6.74924e+06		114.887		
00:00:25:649		6.73572e+06		119.541		69.833		1.11034e+06		0.70478		297.95			00:00:25:649		1.29308e+07		-3.16772		3.54743		556.934		6.7429e+06		110.291		
00:00:25:550		6.73073e+06		119.541		69.833		1.11034e+06		0.70478		298.024			00:00:25:550		1.29416e+07		-3.15388		3.4419		555.946		6.73795e+06		116.07		
00:00:25:449		6.72237e+06		119.313		69.5251		1.09691e+06		0.698297		298.093			00:00:25:449		1.29523e+07		-3.14003		3.3529		555.335		6.73522e+06		182.047		
00:00:25:350		6.69593e+06		119.313		69.5251		1.09691e+06		0.698297		298.16			00:00:25:350		1.2963e+07		-3.12618		3.27632		554.954		6.73479e+06		341.356		
00:00:25:250		6.66674e+06		119.085		69.5251		1.09691e+06		0.698297		298.223			00:00:25:250		1.29737e+07		-3.11231		3.21756		554.623		6.7356e+06		382.782		
00:00:25:149		6.6479e+06		119.085		69.2147		1.08335e+06		0.691803		298.283			00:00:25:149		1.29844e+07		-3.09843		3.16669		554.262		6.73732e+06		442.119		
00:00:25:050		6.63015e+06		119.085		69.2147		1.08335e+06		0.691803		298.342			00:00:25:050		1.29951e+07		-3.08453		3.03505		553.893		6.73954e+06		477.957		
00:00:24:949		6.6228e+06		118.856		68.9015		1.06967e+06		0.685299		298.398			00:00:24:949		1.30058e+07		-3.07062		2.92906		553.537		6.74188e+06		488.73		
00:00:24:850		6.62568e+06		118.856		68.9015		1.06967e+06		0.685299		298.453			00:00:24:850		1.30166e+07		-3.05669		2.86714		553.2		6.7442e+06		487.828		
00:00:24:850		6.62568e+06		118.856		68.9015		1.06967e+06		0.685299		298.453			00:00:24:850		1.30166e+07		-3.05669		2.86714		553.2		6.7442e+06		487.828		
00:00:24:750		6.62803e+06		118.626		68.9015		1.06967e+06		0.685299		298.507			00:00:24:750		1.30273e+07		-3.04276		2.81699		552.893		6.74654e+06		488.262		
00:00:24:649		6.62955e+06		118.626		68.5854		1.0558e+06		0.678785		298.56			00:00:24:649		1.3038e+07		-3.02882		2.76836		552.609		6.74893e+06		491.021		
00:00:24:550		6.6307e+06		118.626		68.5854		1.0558e+06		0.678785		298.613			00:00:24:550		1.30487e+07		-3.01487		2.65631		552.342		6.75136e+06		493.761		
00:00:24:449		6.6319e+06		118.396		68.2664		1.0417e+06		0.672263		298.667			00:00:24:449		1.30594e+07		-3.00092		2.5258		552.084		6.75384e+06		496.462		
00:00:24:350		6.63315e+06		118.396		68.2664		1.0417e+06		0.672263		298.721			00:00:24:350		1.30701e+07		-2.98697		2.47258		551.822		6.75635e+06		499.086		
00:00:24:250		6.63453e+06		118.165		68.2664		1.0417e+06		0.672263		298.775			00:00:24:250		1.30808e+07		-2.973		2.47502		551.561		6.75888e+06		501.437		
00:00:24:149		6.63625e+06		118.165		67.9443		1.02746e+06		0.66573		298.829			00:00:24:149		1.30914e+07		-2.95903		2.47745		551.297		6.76141e+06		502.864		
00:00:24:050		6.6386e+06		118.165		67.9443		1.02746e+06		0.66573		298.884			00:00:24:050		1.31021e+07		-2.94505		2.4799		551.033		6.76393e+06		502.993		
00:00:23:850		6.64359e+06		117.935		67.6189		1.01311e+06		0.659188		298.995			00:00:23:850		1.31234e+07		-2.91705		2.48481		550.495		6.76893e+06		503.245		
00:00:23:850		6.64359e+06		117.935		67.6189		1.01311e+06		0.659188		298.995			00:00:23:850		1.31234e+07		-2.91705		2.48481		550.495		6.76893e+06		503.245		
00:00:23:649		6.64852e+06		117.704		67.2903		998605		0.652637		299.106			00:00:23:649		1.31447e+07		-2.889		2.48972		549.963		6.77388e+06		503.519		
00:00:23:649		6.64852e+06		117.704		67.2903		998605		0.652637		299.106			00:00:23:649		1.31447e+07		-2.889		2.48972		549.963		6.77388e+06		503.519		
00:00:23:550		6.65097e+06		117.704		67.2903		998605		0.652637		299.162			00:00:23:550		1.31553e+07		-2.87496		2.49211		549.696		6.77634e+06		503.662		
00:00:23:449		6.65339e+06		117.472		66.9584		983930		0.646075		299.218			00:00:23:449		1.3166e+07		-2.8609		2.49448		549.432		6.77879e+06		503.821		
00:00:23:300		6.65702e+06		117.472		66.9584		983930		0.646075		299.302			00:00:23:300		1.31819e+07		-2.8398		2.49816		549.036		6.78245e+06		504.061		
00:00:23:100		6.6618e+06		117.24		66.6233		969079		0.639504		299.415			00:00:23:100		1.32031e+07		-2.8116		2.50295		548.518		6.78731e+06		504.443		
00:00:23:000		6.66418e+06		117.007		66.6233		969079		0.639504		299.472			00:00:23:000		1.32137e+07		-2.79748		2.50531		548.262		6.78973e+06		504.656		
00:00:23:000		6.66418e+06		117.007		66.6233		969079		0.639504		299.472			00:00:23:000		1.32137e+07		-2.79748		2.50531		548.262		6.78973e+06		504.656		
00:00:22:800		6.66889e+06		117.007		66.2855		953989		0.632922		299.585			00:00:22:800		1.32349e+07		-2.76922		2.51017		547.758		6.79457e+06		505.133		
00:00:22:800		6.66889e+06		117.007		66.2855		953989		0.632922		299.585			00:00:22:800		1.32349e+07		-2.76922		2.51017		547.758		6.79457e+06		505.133		
00:00:22:699		6.67123e+06		116.774		65.9454		938697		0.626331		299.642			00:00:22:699		1.32454e+07		-2.75508		2.51263		547.511		6.79699e+06		505.407		
00:00:22:600		6.67356e+06		116.774		65.9454		938697		0.626331		299.698			00:00:22:600		1.3256e+07		-2.74094		2.51504		547.265		6.79941e+06		505.698		
00:00:22:500		6.67588e+06		116.541		65.9454		938697		0.626331		299.755			00:00:22:500		1.32666e+07		-2.7268		2.51742		547.024		6.80183e+06		506.022		
00:00:22:399		6.67819e+06		116.541		65.6031		923256		0.619729		299.811			00:00:22:399		1.32772e+07		-2.71266		2.51983		546.787		6.80425e+06		506.366		
00:00:22:300		6.68049e+06		116.541		65.6031		923256		0.619729		299.868			00:00:22:300		1.32878e+07		-2.69851		2.52228		546.549		6.80667e+06		506.737		
00:00:22:199		6.68278e+06		116.307		65.2585		907636		0.613118		299.924			00:00:22:199		1.32984e+07		-2.68434		2.52472		546.315		6.80911e+06		507.134		
00:00:22:100		6.68506e+06		116.307		65.2585		907636		0.613118		299.981			00:00:22:100		1.3309e+07		-2.67017		2.52714		546.081		6.81155e+06		507.576		
00:00:22:050		6.6862e+06		116.307		65.2585		907636		0.613118		300.009			00:00:22:050		1.33143e+07		-2.66308		2.52835		545.962		6.81277e+06		507.817		
00:00:21:800		6.69186e+06		116.073		64.9115		891805		0.606497		300.149			00:00:21:800		1.33407e+07		-2.62758		2.53449		545.375		6.81895e+06		509.209		
00:00:21:800		6.69186e+06		116.073		64.9115		891805		0.606497		300.149			00:00:21:800		1.33407e+07		-2.62758		2.53449		545.375		6.81895e+06		509.209		
00:00:21:699		6.6941e+06		115.837		64.562		875763		0.599866		300.205			00:00:21:699		1.33513e+07		-2.61335		2.53675		545.139		6.82146e+06		509.852		
00:00:21:600		6.69634e+06		115.837		64.562		875763		0.599866		300.26			00:00:21:600		1.33619e+07		-2.59912		2.5389		544.903		6.82398e+06		510.546		
00:00:21:500		6.69856e+06		115.602		64.562		875763		0.599866		300.316			00:00:21:500		1.33724e+07		-2.58486		2.54097		544.672		6.8265e+06		511.281		
00:00:21:399		6.70076e+06		115.602		64.2098		859505		0.593225		300.37			00:00:21:399		1.33829e+07		-2.57059		2.54289		544.442		6.82903e+06		512.049		
00:00:21:199		6.70511e+06		115.365		63.8549		843065		0.586575		300.476			00:00:21:199		1.34039e+07		-2.542		2.54757		543.996		6.83408e+06		513.647		
00:00:21:199		6.70511e+06		115.365		63.8549		843065		0.586575		300.476			00:00:21:199		1.34039e+07		-2.542		2.54757		543.996		6.83408e+06		513.647		
00:00:21:100		6.70725e+06		115.365		63.8549		843065		0.586575		300.526			00:00:21:100		1.34145e+07		-2.52769		2.55053		543.781		6.83657e+06		514.412		
00:00:21:000		6.70936e+06		115.129		63.8549		843065		0.586575		300.577			00:00:21:000		1.34249e+07		-2.51337		2.55358		543.572		6.839e+06		515.129		
00:00:20:800		6.7135e+06		115.129		63.497		826404		0.579916		300.682			00:00:20:800		1.34458e+07		-2.48474		2.55931		543.167		6.84372e+06		516.426		
00:00:20:800		6.7135e+06		115.129		63.497		826404		0.579916		300.682			00:00:20:800		1.34458e+07		-2.48474		2.55931		543.167		6.84372e+06		516.426		
00:00:20:699		6.71554e+06		114.891		63.1363		809530		0.573246		300.737			00:00:20:699		1.34562e+07		-2.47042		2.56212		542.971		6.84602e+06		517.018		
00:00:20:600		6.71755e+06		114.891		63.1363		809530		0.573246		300.791			00:00:20:600		1.34665e+07		-2.45608		2.56489		542.777		6.84828e+06		517.58		
00:00:20:500		6.71953e+06		114.653		63.1363		809530		0.573246		300.847			00:00:20:500		1.34769e+07		-2.44174		2.56766		542.592		6.8505e+06		518.117		
00:00:20:399		6.7215e+06		114.653		62.7728		792465		0.566565		300.903			00:00:20:399		1.34873e+07		-2.42738		2.57036		542.405		6.85268e+06		518.642		
00:00:20:300		6.72344e+06		114.653		62.7728		792465		0.566565		300.96			00:00:20:300		1.34976e+07		-2.413		2.57304		542.223		6.85483e+06		519.126		
00:00:20:199		6.72536e+06		114.415		62.4069		775149		0.559874		301.017			00:00:20:199		1.3508e+07		-2.39861		2.57572		542.041		6.85696e+06		519.605		
00:00:20:100		6.72726e+06		114.415		62.4069		775149		0.559874		301.074			00:00:20:100		1.35183e+07		-2.3842		2.57831		541.865		6.85905e+06		520.057		
00:00:20:000		6.72913e+06		114.175		62.4069		775149		0.559874		301.131			00:00:20:000		1.35287e+07		-2.36978		2.5809		541.69		6.86111e+06		520.495		
00:00:19:750		6.73374e+06		113.936		62.0388		757646		0.553172		301.276			00:00:19:750		1.35547e+07		-2.33367		2.58736		541.259		6.86614e+06		521.533		
00:00:19:750		6.73374e+06		113.936		62.0388		757646		0.553172		301.276			00:00:19:750		1.35547e+07		-2.33367		2.58736		541.259		6.86614e+06		521.533		
00:00:19:649		6.73554e+06		113.936		61.6688		739983		0.546459		301.334			00:00:19:649		1.3565e+07		-2.3192		2.58988		541.095		6.86811e+06		521.918		
00:00:19:550		6.73733e+06		113.936		61.6688		739983		0.546459		301.393			00:00:19:550		1.35754e+07		-2.30473		2.59243		540.926		6.87005e+06		522.308		
00:00:19:449		6.73909e+06		113.696		61.2973		722066		0.539735		301.451			00:00:19:449		1.35858e+07		-2.29025		2.59499		540.76		6.87197e+06		522.668		
00:00:19:350		6.74084e+06		113.696		61.2973		722066		0.539735		301.51			00:00:19:350		1.35961e+07		-2.27576		2.59759		540.596		6.87386e+06		523.025		
00:00:19:250		6.74257e+06		113.455		61.2973		722066		0.539735		301.569			00:00:19:250		1.36065e+07		-2.26128		2.60013		540.433		6.87573e+06		523.376		
00:00:19:149		6.74427e+06		113.455		60.9241		703900		0.533		301.628			00:00:19:149		1.36168e+07		-2.24681		2.60271		540.271		6.87757e+06		523.721		
00:00:19:050		6.74596e+06		113.455		60.9241		703900		0.533		301.688			00:00:19:050		1.36272e+07		-2.23238		2.60519		540.114		6.8794e+06		524.054		
00:00:18:949		6.74763e+06		113.213		60.5493		685512		0.526253		301.747			00:00:18:949		1.36375e+07		-2.21796		2.60779		539.951		6.8812e+06		524.375		
00:00:18:850		6.74928e+06		113.213		60.5493		685512		0.526253		301.807			00:00:18:850		1.36478e+07		-2.20358		2.61029		539.794		6.88297e+06		524.694		
00:00:18:750		6.75091e+06		112.971		60.5493		685512		0.526253		301.866			00:00:18:750		1.3658e+07		-2.18923		2.61283		539.637		6.88473e+06		524.994		
00:00:18:649		6.75253e+06		112.971		60.1729		666871		0.519494		301.926			00:00:18:649		1.36683e+07		-2.17493		2.61538		539.479		6.88646e+06		525.3		
00:00:18:649		6.75253e+06		112.971		60.1729		666871		0.519494		301.926			00:00:18:649		1.36683e+07		-2.17493		2.61538		539.479		6.88646e+06		525.3		
00:00:18:550		6.75412e+06		112.971		60.1729		666871		0.519494		301.986			00:00:18:550		1.36785e+07		-2.16067		2.61793		539.322		6.88818e+06		525.597		
00:00:18:449		6.7557e+06		112.728		59.7946		647913		0.512724		302.045			00:00:18:449		1.36888e+07		-2.14648		2.62039		539.166		6.88987e+06		525.886		
00:00:18:350		6.75726e+06		112.728		59.7946		647913		0.512724		302.104			00:00:18:350		1.3699e+07		-2.13233		2.62291		539.012		6.89154e+06		526.171		
00:00:18:250		6.7588e+06		112.484		59.7946		647913		0.512724		302.163			00:00:18:250		1.37092e+07		-2.11824		2.62533		538.859		6.8932e+06		526.446		
00:00:18:149		6.76032e+06		112.484		59.4147		628672		0.505943		302.222			00:00:18:149		1.37194e+07		-2.10422		2.62784		538.706		6.89483e+06		526.724		
00:00:18:050		6.76183e+06		112.484		59.4147		628672		0.505943		302.281			00:00:18:050		1.37296e+07		-2.09026		2.63036		538.551		6.89644e+06		526.993		
00:00:17:949		6.76332e+06		112.24		59.0333		609176		0.49915		302.34			00:00:17:949		1.37399e+07		-2.07637		2.63292		538.402		6.89803e+06		527.256		
00:00:17:850		6.76479e+06		112.24		59.0333		609176		0.49915		302.399			00:00:17:850		1.37501e+07		-2.06255		2.63548		538.252		6.8996e+06		527.496		
00:00:17:699		6.76697e+06		111.995		58.6511		589364		0.492346		302.489			00:00:17:699		1.37654e+07		-2.04197		2.63914		538.025		6.90193e+06		527.873		
00:00:17:600		6.7684e+06		111.995		58.6511		589364		0.492346		302.548			00:00:17:600		1.37756e+07		-2.02836		2.64177		537.875		6.90345e+06		528.097		
00:00:17:399		6.77121e+06		111.75		58.2681		569268		0.48553		302.665			00:00:17:399		1.3796e+07		-2.00142		2.64688		537.577		6.90643e+06		528.546		
00:00:17:399		6.77121e+06		111.75		58.2681		569268		0.48553		302.665			00:00:17:399		1.3796e+07		-2.00142		2.64688		537.577		6.90643e+06		528.546		
00:00:17:300		6.77259e+06		111.75		58.2681		569268		0.48553		302.723			00:00:17:300		1.38062e+07		-1.98808		2.64942		537.432		6.9079e+06		528.767		
00:00:17:199		6.77396e+06		111.503		57.8843		548888		0.478702		302.782			00:00:17:199		1.38165e+07		-1.97484		2.65195		537.283		6.90934e+06		528.979		
00:00:17:100		6.7753e+06		111.503		57.8843		548888		0.478702		302.84			00:00:17:100		1.38267e+07		-1.96169		2.65458		537.138		6.91077e+06		529.187		
00:00:17:000		6.77663e+06		111.256		57.8843		548888		0.478702		302.898			00:00:17:000		1.38369e+07		-1.94864		2.65721		536.991		6.91218e+06		529.391		
00:00:16:800		6.77925e+06		111.256		57.4999		528195		0.471863		303.013			00:00:16:800		1.38573e+07		-1.92282		2.66231		536.698		6.91493e+06		529.763		
00:00:16:800		6.77925e+06		111.256		57.4999		528195		0.471863		303.013			00:00:16:800		1.38573e+07		-1.92282		2.66231		536.698		6.91493e+06		529.763		
00:00:16:699		6.78053e+06		111.007		57.1151		507093		0.465013		303.071			00:00:16:699		1.38675e+07		-1.91003		2.66484		536.553		6.91628e+06		529.942		
00:00:16:600		6.78179e+06		111.007		57.1151		507093		0.465013		303.129			00:00:16:600		1.38777e+07		-1.89733		2.6674		536.409		6.91761e+06		530.131		
00:00:16:500		6.78304e+06		110.756		57.1151		507093		0.465013		303.186			00:00:16:500		1.3888e+07		-1.88471		2.66996		536.263		6.91893e+06		530.308		
00:00:16:399		6.78427e+06		110.756		56.7299		485527		0.458151		303.244			00:00:16:399		1.38983e+07		-1.87217		2.6726		536.118		6.92023e+06		530.487		
00:00:16:300		6.78548e+06		110.756		56.7299		485527		0.458151		303.302			00:00:16:300		1.39087e+07		-1.85968		2.67517		535.976		6.92151e+06		530.661		
00:00:16:199		6.78668e+06		110.504		56.3445		463602		0.451277		303.359			00:00:16:199		1.3919e+07		-1.84723		2.67779		535.832		6.92277e+06		530.825		
00:00:16:100		6.78787e+06		110.504		56.3445		463602		0.451277		303.417			00:00:16:100		1.39294e+07		-1.83479		2.68059		535.688		6.92401e+06		530.985		
00:00:16:000		6.78903e+06		110.25		56.3445		463602		0.451277		303.475			00:00:16:000		1.39399e+07		-1.82237		2.68308		535.543		6.92523e+06		531.135		
00:00:15:900		6.79018e+06		110.25		55.9592		441493		0.444392		303.533			00:00:15:900		1.39505e+07		-1.80994		2.68555		535.397		6.92644e+06		531.29		
00:00:15:800		6.79132e+06		110.25		55.9592		441493		0.444392		303.59			00:00:15:800		1.39611e+07		-1.7975		2.68819		535.253		6.92762e+06		531.431		
00:00:15:699		6.79243e+06		109.992		55.5745		420132		0.437495		303.648			00:00:15:699		1.39719e+07		-1.78503		2.69104		535.105		6.92879e+06		531.572		
00:00:15:599		6.79353e+06		109.992		55.5745		420132		0.437495		303.706			00:00:15:599		1.39827e+07		-1.77252		2.69369		534.961		6.92994e+06		531.714		
00:00:15:500		6.79461e+06		109.728		55.5745		420132		0.437495		303.763			00:00:15:500		1.39938e+07		-1.75995		2.69636		534.812		6.93107e+06		531.853		
00:00:15:400		6.79568e+06		109.728		55.19		403461		0.430586		303.821			00:00:15:400		1.4005e+07		-1.74733		2.69887		534.664		6.93219e+06		531.978		
00:00:15:250		6.79725e+06		109.452		55.19		403461		0.430586		303.906			00:00:15:250		1.40222e+07		-1.72832		2.7027		534.447		6.93382e+06		532.168		
00:00:15:199		6.79776e+06		109.452		54.8045		390586		0.423666		303.934			00:00:15:199		1.40281e+07		-1.72197		2.70417		534.374		6.93436e+06		532.239		
00:00:15:099		6.79877e+06		109.452		54.8045		390586		0.423666		303.991			00:00:15:099		1.404e+07		-1.70929		2.70682		534.235		6.93542e+06		532.344		
00:00:15:000		6.79977e+06		109.14		54.8045		390586		0.423666		304.047			00:00:15:000		1.40521e+07		-1.69657		2.70934		534.094		6.93646e+06		532.461		
00:00:14:900		6.80074e+06		109.14		54.4137		377541		0.416734		304.104			00:00:14:900		1.40642e+07		-1.6838		2.71189		533.965		6.93747e+06		532.599		
00:00:14:800		6.80169e+06		109.14		54.4137		377541		0.416734		304.16			00:00:14:800		1.40761e+07		-1.67095		2.71459		533.842		6.93847e+06		532.713		
00:00:14:650		6.80308e+06		109.033		54.0172		364573		0.40979		304.244			00:00:14:650		1.40937e+07		-1.65152		2.71863		533.67		6.93992e+06		532.89		
00:00:14:550		6.80397e+06		109.033		54.0172		364573		0.40979		304.3			00:00:14:550		1.41051e+07		-1.63845		2.72135		533.568		6.94085e+06		532.948		
00:00:14:449		6.80485e+06		108.923		53.6149		351690		0.402835		304.356			00:00:14:449		1.41162e+07		-1.6253		2.72406		533.467		6.94174e+06		533		
00:00:14:349		6.80571e+06		108.923		53.6149		351690		0.402835		304.412			00:00:14:349		1.41271e+07		-1.61211		2.72681		533.372		6.94259e+06		532.994		
00:00:14:250		6.80655e+06		108.811		53.6149		351690		0.402835		304.468			00:00:14:250		1.41381e+07		-1.5989		2.72949		533.275		6.9434e+06		532.928		
00:00:14:150		6.80737e+06		108.811		53.2074		338896		0.395869		304.524			00:00:14:150		1.41488e+07		-1.58554		2.73232		533.175		6.94415e+06		532.782		
00:00:14:050		6.80818e+06		108.811		53.2074		338896		0.395869		304.58			00:00:14:050		1.41589e+07		-1.5721		2.73511		533.065		6.94485e+06		532.535		
00:00:13:849		6.80982e+06		108.696		52.7954		326200		0.38889		304.691			00:00:13:849		1.41788e+07		-1.5452		2.74065		532.82		6.94626e+06		532.416		
00:00:13:750		6.81064e+06		108.579		52.7954		326200		0.38889		304.747			00:00:13:750		1.41887e+07		-1.53173		2.74325		532.695		6.94723e+06		532.747		
00:00:13:750		6.81064e+06		108.579		52.7954		326200		0.38889		304.747			00:00:13:750		1.41887e+07		-1.53173		2.74325		532.695		6.94723e+06		532.747		
00:00:13:650		6.81144e+06		108.579		52.3794		313575		0.3819		304.803			00:00:13:650		1.41985e+07		-1.51824		2.74588		532.571		6.9482e+06		533.108		
00:00:13:550		6.81222e+06		108.579		52.3794		313575		0.3819		304.858			00:00:13:550		1.42083e+07		-1.50474		2.7485		532.453		6.94913e+06		533.429		
00:00:13:550		6.81222e+06		108.579		52.3794		313575		0.3819		304.858			00:00:13:550		1.42083e+07		-1.50474		2.7485		532.453		6.94913e+06		533.429		
00:00:13:449		6.81298e+06		108.459		51.9594		301000		0.374897		304.913			00:00:13:449		1.42181e+07		-1.49121		2.75111		532.334		6.95004e+06		533.765		
00:00:13:349		6.8137e+06		108.459		51.9594		301000		0.374897		304.967			00:00:13:349		1.42278e+07		-1.47768		2.75365		532.21		6.95093e+06		534.109		
00:00:13:250		6.8144e+06		108.336		51.9594		301000		0.374897		305.021			00:00:13:250		1.42376e+07		-1.46414		2.75644		532.353		6.9518e+06		534.463		
00:00:13:150		6.81508e+06		108.336		51.5354		288544		0.367884		305.075			00:00:13:150		1.42473e+07		-1.45058		2.75893		532.028		6.95265e+06		534.823		
00:00:13:050		6.81575e+06		108.336		51.5354		288544		0.367884		305.129			00:00:13:050		1.4257e+07		-1.43702		2.76154		531.924		6.95349e+06		535.194		
00:00:12:849		6.81708e+06		108.211		51.1072		276215		0.360859		305.236			00:00:12:849		1.42763e+07		-1.40985		2.76692		531.729		6.95515e+06		535.85		
00:00:12:750		6.81778e+06		108.083		51.1072		276215		0.360859		305.288			00:00:12:750		1.42859e+07		-1.39624		2.7696		531.632		6.95597e+06		536.111		
00:00:12:750		6.81778e+06		108.083		51.1072		276215		0.360859		305.288			00:00:12:750		1.42859e+07		-1.39624		2.7696		531.632		6.95597e+06		536.111		
00:00:12:650		6.81846e+06		108.083		50.6751		264022		0.353823		305.341			00:00:12:650		1.42954e+07		-1.38263		2.77223		531.539		6.95677e+06		536.363		
00:00:12:449		6.81981e+06		107.952		50.2394		251915		0.346775		305.445			00:00:12:449		1.43144e+07		-1.35536		2.7778		531.355		6.95834e+06		536.828		
00:00:12:449		6.81981e+06		107.952		50.2394		251915		0.346775		305.445			00:00:12:449		1.43144e+07		-1.35536		2.7778		531.355		6.95834e+06		536.828		
00:00:12:349		6.82048e+06		107.952		50.2394		251915		0.346775		305.496			00:00:12:349		1.43239e+07		-1.34169		2.78048		531.267		6.9591e+06		537.036		
00:00:12:250		6.82114e+06		107.818		50.2394		251915		0.346775		305.547			00:00:12:250		1.43333e+07		-1.328		2.78327		531.177		6.95986e+06		537.225		
00:00:12:150		6.8218e+06		107.818		49.8009		239874		0.339717		305.597			00:00:12:150		1.43427e+07		-1.31428		2.7861		531.092		6.96059e+06		537.395		
00:00:12:050		6.82245e+06		107.818		49.8009		239874		0.339717		305.648			00:00:12:050		1.4352e+07		-1.30055		2.78901		531.006		6.96132e+06		537.561		
00:00:11:849		6.82372e+06		107.681		49.36		227972		0.332648		305.747			00:00:11:849		1.43704e+07		-1.27299		2.79446		530.831		6.96274e+06		537.884		
00:00:11:849		6.82372e+06		107.681		49.36		227972		0.332648		305.747			00:00:11:849		1.43704e+07		-1.27299		2.79446		530.831		6.96274e+06		537.884		
00:00:11:750		6.82435e+06		107.54		49.36		227972		0.332648		305.796			00:00:11:750		1.43796e+07		-1.25917		2.7972		530.741		6.96343e+06		538.023		
00:00:11:650		6.82496e+06		107.54		48.9169		216161		0.325569		305.869			00:00:11:650		1.43933e+07		-1.23839		2.80006		530.65		6.9641e+06		538.151		
00:00:11:500		6.82588e+06		107.397		48.9169		216161		0.325569		305.918			00:00:11:500		1.44023e+07		-1.2245		2.80458		530.506		6.96509e+06		538.313		
00:00:11:400		6.82648e+06		107.397		48.4721		204458		0.318478		305.966			00:00:11:400		1.44112e+07		-1.21057		2.80751		530.403		6.96573e+06		538.419		
00:00:11:199		6.82764e+06		107.25		48.0261		192931		0.311378		306.061			00:00:11:199		1.44287e+07		-1.18259		2.81322		530.186		6.96699e+06		538.633		
00:00:11:199		6.82764e+06		107.25		48.0261		192931		0.311378		306.061			00:00:11:199		1.44287e+07		-1.18259		2.81322		530.186		6.96699e+06		538.633		
00:00:11:099		6.8282e+06		107.25		48.0261		192931		0.311378		306.108			00:00:11:099		1.44372e+07		-1.16853		2.81626		530.078		6.9676e+06		538.746		
00:00:11:000		6.82874e+06		107.1		48.0261		192931		0.311378		306.155			00:00:11:000		1.44455e+07		-1.15442		2.81923		529.971		6.96819e+06		538.858		
00:00:10:900		6.82928e+06		107.1		47.5796		181568		0.304267		306.202			00:00:10:900		1.44536e+07		-1.14025		2.82219		529.881		6.96878e+06		538.986		
00:00:10:800		6.8298e+06		107.1		47.5796		181568		0.304267		306.248			00:00:10:800		1.44613e+07		-1.12604		2.82516		529.811		6.96937e+06		539.122		
00:00:10:699		6.83031e+06		106.947		47.1331		170303		0.297146		306.294			00:00:10:699		1.44688e+07		-1.11183		2.82817		529.776		6.96994e+06		539.283		
00:00:10:599		6.83078e+06		106.947		47.1331		170303		0.297146		306.339			00:00:10:599		1.44762e+07		-1.09766		2.8312		529.796		6.97051e+06		539.503		
00:00:10:500		6.83122e+06		106.791		47.1331		170303		0.297146		306.384			00:00:10:500		1.44836e+07		-1.08353		2.83439		529.877		6.97108e+06		539.768		
00:00:10:400		6.83161e+06		106.791		46.6872		159209		0.290015		306.428			00:00:10:400		1.44912e+07		-1.06946		2.83743		530.019		6.97164e+06		540.145		
00:00:10:300		6.83193e+06		106.791		46.6872		159209		0.290015		306.472			00:00:10:300		1.44988e+07		-1.05546		2.84039		530.206		6.9722e+06		540.654		
00:00:10:199		6.83215e+06		106.631		46.2423		148381		0.282874		306.516			00:00:10:199		1.45067e+07		-1.04153		2.84358		530.405		6.97276e+06		541.34		
00:00:10:099		6.83226e+06		106.631		46.2423		148381		0.282874		306.56			00:00:10:099		1.45148e+07		-1.02767		2.84673		530.556		6.97329e+06		542.191		
00:00:10:000		6.83226e+06		106.467		46.2423		148381		0.282874		306.604			00:00:10:000		1.45232e+07		-1.01388		2.84984		530.589		6.97377e+06		543.137		
00:00:09:900		6.83236e+06		106.467		45.7989		137810		0.275722		306.668			00:00:09:900		1.45366e+07		-0.993203		2.85456		530.409		6.97434e+06		543.798		
00:00:09:750		6.83324e+06		106.3		45.7989		137810		0.275722		306.71			00:00:09:750		1.4545e+07		-0.979273		2.85795		530.225		6.97453e+06		541.872		
00:00:09:699		6.83437e+06		106.3		45.3581		127512		0.268561		306.731			00:00:09:699		1.45491e+07		-0.972281		2.85959		530.131		6.97455e+06		538.673		
00:00:09:599		6.83878e+06		106.3		45.3581		127512		0.268561		306.773			00:00:09:599		1.45568e+07		-0.958234		2.86269		529.947		6.97444e+06		526.931		
00:00:09:500		6.84413e+06		106.13		45.3581		127512		0.268561		306.814			00:00:09:500		1.45637e+07		-0.944235		2.86581		529.777		6.97425e+06		517.203		
00:00:09:400		6.84457e+06		106.13		44.9212		117483		0.261391		306.856			00:00:09:400		1.45708e+07		-0.930368		2.86916		529.619		6.97411e+06		520.178		
00:00:09:250		6.84229e+06		105.957		44.9212		117483		0.261391		306.918			00:00:09:250		1.45824e+07		-0.909844		2.8743		529.427		6.97401e+06		524.493		
00:00:09:199		6.84158e+06		105.957		44.4901		107765		0.25421		306.938			00:00:09:199		1.45865e+07		-0.903075		2.87594		529.378		6.974e+06		525.882		
00:00:09:050		6.83958e+06		105.957		44.4901		107765		0.25421		307			00:00:09:050		1.45997e+07		-0.882892		2.88093		529.263		6.97408e+06		529.99		
00:00:08:949		6.83832e+06		105.781		44.0674		98441.6		0.247019		307.041			00:00:08:949		1.46086e+07		-0.869462		2.88429		529.206		6.9742e+06		532.676		
00:00:08:849		6.83712e+06		105.781		44.0674		98441.6		0.247019		307.081			00:00:08:849		1.46176e+07		-0.856036		2.88762		529.155		6.97435e+06		535.324		
00:00:08:750		6.83600e+06		105.601		44.0674		98441.6		0.247019		307.121			00:00:08:750		1.46265e+07		-0.842614		2.89098		529.105		6.97454e+06		537.805		
00:00:08:650		6.83511e+06		105.601		43.6575		89527.8		0.239818		307.161			00:00:08:650		1.46354e+07		-0.829192		2.8943		529.057		6.97474e+06		539.741		
00:00:08:550		6.83475e+06		105.601		43.6575		89527.8		0.239818		307.2			00:00:08:550		1.46443e+07		-0.815776		2.89764		529.011		6.97492e+06		540.269		
00:00:08:449		6.83489e+06		105.42		43.2638		81095.7		0.232607		307.24			00:00:08:449		1.46531e+07		-0.802368		2.90097		528.967		6.97509e+06		540.315		
00:00:08:349		6.83502e+06		105.42		43.2638		81095.7		0.232607		307.279			00:00:08:349		1.4662e+07		-0.78897		2.90436		528.922		6.97525e+06		540.364		
00:00:08:250		6.83513e+06		105.236		43.2638		81095.7		0.232607		307.317			00:00:08:250		1.46708e+07		-0.775571		2.90763		528.88		6.97538e+06		540.403		
00:00:08:150		6.83522e+06		105.236		42.8876		73212.4		0.225386		307.356			00:00:08:150		1.46796e+07		-0.762179		2.91103		528.841		6.9755e+06		540.451		
00:00:08:050		6.8353e+06		105.236		42.8876		73212.4		0.225386		307.394			00:00:08:050		1.46885e+07		-0.748795		2.91448		528.803		6.97561e+06		540.471		
00:00:07:950		6.83537e+06		105.051		42.5315		66079.8		0.218154		307.433			00:00:07:950		1.46973e+07		-0.735418		2.91795		528.766		6.97569e+06		540.511		
00:00:07:849		6.83542e+06		105.051		42.5315		66079.8		0.218154		307.471			00:00:07:849		1.4706e+07		-0.72205		2.92138		528.732		6.97576e+06		540.533		
00:00:07:750		6.83545e+06		104.865		42.5315		66079.8		0.218154		307.509			00:00:07:750		1.47148e+07		-0.708692		2.92474		528.699		6.97581e+06		540.558		
00:00:07:650		6.83547e+06		104.865		42.1966		59598.6		0.210913		307.547			00:00:07:650		1.47235e+07		-0.695344		2.92812		528.67		6.97584e+06		540.557		
00:00:07:650		6.83547e+06		104.865		42.1966		59598.6		0.210913		307.547			00:00:07:650		1.47235e+07		-0.695344		2.92812		528.67		6.97584e+06		540.557		
00:00:07:450		6.83545e+06		104.678		41.8824		53458.4		0.203662		307.621			00:00:07:450		1.47409e+07		-0.668705		2.93528		528.618		6.97585e+06		540.57		
00:00:07:450		6.83545e+06		104.678		41.8824		53458.4		0.203662		307.621			00:00:07:450		1.47409e+07		-0.668705		2.93528		528.618		6.97585e+06		540.57		
00:00:07:250		6.83538e+06		104.514		41.8824		53458.4		0.203662		307.696			00:00:07:250		1.47583e+07		-0.642129		2.94208		528.576		6.97578e+06		540.554		
00:00:07:150		6.83532e+06		104.514		41.5855		47695.1		0.1964		307.733			00:00:07:150		1.4767e+07		-0.628868		2.94558		528.559		6.97572e+06		540.545		
00:00:07:049		6.83524e+06		104.514		41.5855		47695.1		0.1964		307.77			00:00:07:049		1.47756e+07		-0.615627		2.94916		528.544		6.97565e+06		540.528		
00:00:06:950		6.83515e+06		104.346		41.3027		42305.2		0.189128		307.806			00:00:06:950		1.47842e+07		-0.602402		2.95282		528.533		6.97555e+06		540.502		
00:00:06:950		6.83515e+06		104.346		41.3027		42305.2		0.189128		307.806			00:00:06:950		1.47842e+07		-0.602402		2.95282		528.533		6.97555e+06		540.502		
00:00:06:750		6.83492e+06		104.174		41.3027		42305.2		0.189128		307.88			00:00:06:750		1.48015e+07		-0.576038		2.95992		528.511		6.97531e+06		540.429		
00:00:06:750		6.83492e+06		104.174		41.3027		42305.2		0.189128		307.88			00:00:06:750		1.48015e+07		-0.576038		2.95992		528.511		6.97531e+06		540.429		
00:00:06:549		6.83463e+06		104.174		41.0367		37281.5		0.181846		307.952			00:00:06:549		1.48187e+07		-0.549774		2.96689		528.502		6.975e+06		540.345		
00:00:06:450		6.83447e+06		103.999		40.7892		32664.7		0.174553		307.988			00:00:06:450		1.48272e+07		-0.536683		2.9705		528.502		6.97482e+06		540.292		
00:00:06:450		6.83447e+06		103.999		40.7892		32664.7		0.174553		307.988			00:00:06:450		1.48272e+07		-0.536683		2.9705		528.502		6.97482e+06		540.292		
00:00:06:250		6.83429e+06		103.999		40.7892		32664.7		0.174553		308.024			00:00:06:250		1.48358e+07		-0.523619		2.97422		528.505		6.97462e+06		540.227		
00:00:06:250		6.8341e+06		103.82		40.7892		32664.7		0.174553		308.06			00:00:06:250		1.48444e+07		-0.510594		2.97778		528.509		6.9744e+06		540.15		
00:00:06:150		6.83389e+06		103.82		40.5605		28470		0.16725		308.096			00:00:06:150		1.48529e+07		-0.497603		2.98142		528.518		6.97417e+06		540.075		
00:00:06:049		6.83367e+06		103.82		40.5605		28470		0.16725		308.132			00:00:06:049		1.48615e+07		-0.484649		2.98506		528.533		6.97392e+06		539.986		
00:00:05:849		6.83321e+06		103.639		40.3516		24826		0.159936		308.205			00:00:05:849		1.48785e+07		-0.458844		2.99246		528.565		6.97337e+06		539.78		
00:00:05:700		6.83283e+06		103.455		40.1644		21649.1		0.152611		308.26			00:00:05:700		1.48914e+07		-0.439597		2.99829		528.6		6.97292e+06		539.591		
00:00:05:700		6.83283e+06		103.455		40.1644		21649.1		0.152611		308.26			00:00:05:700		1.48914e+07		-0.439597		2.99829		528.6		6.97292e+06		539.591		
00:00:05:599		6.83257e+06		103.455		40.1644		21649.1		0.152611		308.296			00:00:05:599		1.48999e+07		-0.426816		3.00193		528.625		6.9726e+06		539.448		
00:00:05:450		6.83217e+06		103.265		40.0002		18728.8		0.145274		308.353			00:00:05:450		1.49128e+07		-0.407724		3.00746		528.672		6.97209e+06		539.205		
00:00:05:349		6.83189e+06		103.265		40.0002		18728.8		0.145274		308.391			00:00:05:349		1.49213e+07		-0.395045		3.01156		528.707		6.97174e+06		539.013		
00:00:05:250		6.83161e+06		103.1		40.0002		18728.8		0.145274		308.429			00:00:05:250		1.49299e+07		-0.382414		3.01547		528.745		6.97137e+06		538.817		
00:00:05:250		6.83161e+06		103.1		40.0002		18728.8		0.145274		308.429			00:00:05:250		1.49299e+07		-0.382414		3.01547		528.745		6.97137e+06		538.817		
00:00:05:099		6.83119e+06		103.1		39.8526		16047		0.137925		308.487			00:00:05:099		1.49428e+07		-0.363554		3.02134		528.81		6.9708e+06		538.487		
00:00:05:049		6.83105e+06		103.1		39.8526		16047		0.137925		308.506			00:00:05:049		1.49471e+07		-0.357291		3.02311		528.83		6.97061e+06		538.371		
00:00:04:849		6.83048e+06		102.93		39.6992		13573.4		0.130563		308.584			00:00:04:849		1.49643e+07		-0.332401		3.02999		528.93		6.9698e+06		537.852		
00:00:04:849		6.83048e+06		102.93		39.6992		13573.4		0.130563		308.584			00:00:04:849		1.49643e+07		-0.332401		3.02999		528.93		6.9698e+06		537.852		
00:00:04:650		6.82994e+06		102.755		39.5421		11280		0.123187		308.661			00:00:04:650		1.49816e+07		-0.307713		3.03836		529.037		6.96898e+06		537.27		
00:00:04:650		6.82994e+06		102.755		39.5421		11280		0.123187		308.661			00:00:04:650		1.49816e+07		-0.307713		3.03836		529.037		6.96898e+06		537.27		
00:00:04:549		6.82967e+06		102.755		39.5421		11280		0.123187		308.7			00:00:04:549		1.49904e+07		-0.29542		3.04174		529.096		6.96857e+06		536.952		
00:00:04:400		6.8293e+06		102.576		39.3832		9141.42		0.115797		308.757			00:00:04:400		1.50037e+07		-0.277062		3.04677		529.184		6.96796e+06		536.455		
00:00:04:299		6.82906e+06		102.576		39.3832		9141.42		0.115797		308.795			00:00:04:299		1.50127e+07		-0.264896		3.05029		529.249		6.96755e+06		536.108		
00:00:04:200		6.82884e+06		102.393		39.2145		7253.68		0.10839		308.833			00:00:04:200		1.50219e+07		-0.252764		3.05385		529.311		6.96716e+06		535.758		
00:00:04:099		6.82863e+06		102.393		39.2145		7253.68		0.10839		308.87			00:00:04:099		1.50313e+07		-0.240659		3.05707		529.374		6.96677e+06		535.391		
00:00:04:000		6.82845e+06		102.204		39.2145		7253.68		0.10839		308.907			00:00:04:000		1.50408e+07		-0.228569		3.06013		529.44		6.9664e+06		535.011		
00:00:03:899		6.82828e+06		102.204		39.0302		5600.52		0.100966		308.944			00:00:03:899		1.50506e+07		-0.216475		3.06324		529.507		6.96604e+06		534.622		
00:00:03:799		6.82814e+06		102.204		39.0302		5600.52		0.100966		308.979			00:00:03:799		1.50607e+07		-0.20434		3.06723		529.569		6.96571e+06		534.24		
00:00:03:700		6.82802e+06		102.001		38.8347		4099.45		0.0935223		309.013			00:00:03:700		1.50709e+07		-0.192097		3.07129		529.632		6.96539e+06		533.842		
00:00:03:600		6.82793e+06		102.001		38.8347		4099.45		0.0935223		309.044			00:00:03:600		1.50805e+07		-0.179603		3.0751		529.693		6.9651e+06		533.446		
00:00:03:500		6.82786e+06		101.83		38.8347		4099.45		0.0935223		309.071			00:00:03:500		1.50885e+07		-0.166952		3.07787		529.75		6.96483e+06		533.07		
00:00:03:399		6.82782e+06		101.83		38.6386		2802.98		0.0860567		309.096			00:00:03:399		1.50961e+07		-0.154309		3.08059		529.807		6.96459e+06		532.677		
00:00:03:299		6.82781e+06		101.83		38.6386		2802.98		0.0860567		309.119			00:00:03:299		1.51037e+07		-0.141687		3.08667		529.855		6.96438e+06		532.303		
00:00:03:200		6.82782e+06		101.65		38.4134		1756.86		0.0785655		309.141			00:00:03:200		1.51114e+07		-0.129075		3.09018		529.899		6.9642e+06		531.921		
00:00:03:100		6.82787e+06		101.65		38.4134		1756.86		0.0785655		309.164			00:00:03:100		1.51193e+07		-0.116474		3.08946		529.939		6.96405e+06		531.551		
00:00:03:000		6.82794e+06		101.462		38.4134		1756.86		0.0785655		309.182			00:00:03:000		1.51273e+07		-0.103891		3.08706		529.976		6.96395e+06		531.203		
00:00:02:850		6.82811e+06		101.462		38.1681		978.077		0.0710474		309.2			00:00:02:850		1.51399e+07		-0.085084		3.09462		530.022		6.96385e+06		530.723		
00:00:02:750		6.82824e+06		101.268		38.1681		978.077		0.0710474		309.209			00:00:02:750		1.51489e+07		-0.0726285		3.11923		530.05		6.96383e+06		530.437		
00:00:02:649		6.82839e+06		101.268		37.9132		456.394		0.0634751		309.224			00:00:02:649		1.51583e+07		-0.0602808		3.15263		530.072		6.96384e+06		530.173		
00:00:02:549		6.82855e+06		101.268		37.9132		456.394		0.0634751		309.249			00:00:02:549		1.51683e+07		-0.0480661		3.16722		530.09		6.96387e+06		529.932		
00:00:02:500		6.82864e+06		101.069		37.9132		456.394		0.0634751		309.264			00:00:02:500		1.51734e+07		-0.0420179		3.16146		530.1		6.96389e+06		529.807		
00:00:02:399		6.82881e+06		101.069		37.6605		162.181		0.0558289		309.298			00:00:02:399		1.5184e+07		-0.0300322		3.14074		530.114		6.96394e+06		529.586		
00:00:02:299		6.82899e+06		101.069		37.6605		162.181		0.0558289		309.33			00:00:02:299		1.51949e+07		-0.0181718		3.12108		530.124		6.96401e+06		529.366		
00:00:02:149		6.82927e+06		100.869		37.4232		37.9245		0.0481064		309.372			00:00:02:149		1.52114e+07		-0.000576496		3.12092		530.14		6.96413e+06		529.081		
00:00:02:049		6.82946e+06		100.869		37.4232		37.9245		0.0481064		309.395			00:00:02:049		1.52225e+07		0.0110164		3.12243		530.149		6.96422e+06		528.896		
00:00:01:949		6.82965e+06		100.67		37.2184		5.12569		0.0403043		309.416			00:00:01:949		1.52338e+07		0.0224895		3.0975		530.157		6.96432e+06		528.732		
00:00:01:850		6.82983e+06		100.67		37.2184		5.12569		0.0403043		309.432			00:00:01:850		1.52451e+07		0.0338221		3.05334		530.16		6.96441e+06		528.559		
00:00:01:750		6.83001e+06		100.475		37.2184		5.12569		0.0403043		309.443			00:00:01:750		1.52566e+07		0.044961		3.02679		530.166		6.96451e+06		528.397		
00:00:01:649		6.83018e+06		100.475		37.064		0		0.0324196		309.451			00:00:01:649		1.52682e+07		0.0558929		3.04845		530.173		6.96459e+06		528.236		
00:00:01:550		6.83033e+06		100.475		37.064		0		0.0324196		309.455			00:00:01:550		1.52799e+07		0.0666032		3.0723		530.181		6.96467e+06		528.086		
00:00:01:449		6.83048e+06		100.338		36.8679		0		0.0244488		309.457			00:00:01:449		1.52919e+07		0.0770812		3.03701		530.186		6.96473e+06		527.924		
00:00:01:350		6.83061e+06		100.338		36.8679		0		0.0244488		309.458			00:00:01:350		1.53042e+07		0.0873108		2.93563		530.186		6.96478e+06		527.755		
00:00:01:350		6.83061e+06		100.338		36.8679		0		0.0244488		309.458			00:00:01:350		1.53042e+07		0.0873108		2.93563		530.186		6.96478e+06		527.755		
00:00:01:149		6.83083e+06		100.185		36.6571		0		0.0163871		309.473			00:00:01:149		1.53282e+07		0.107228		2.93715		530.193		6.96484e+06		527.44		
00:00:01:050		6.83092e+06		100.185		36.6571		0		0.0163871		309.49			00:00:01:050		1.53412e+07		0.117176		3.04451		530.197		6.96484e+06		527.264		
00:00:00:949		6.83099e+06		100.018		36.476		0		0.00823544		309.514			00:00:00:949		1.53553e+07		0.127219		3.05504		530.201		6.96484e+06		527.097		
00:00:00:849		6.83106e+06		100.018		36.476		0		0.00823544		309.541			00:00:00:849		1.53714e+07		0.137305		2.9932		530.203		6.96483e+06		526.964		
00:00:00:750		6.83111e+06		99.8832		36.476		0		0.00823544		309.563			00:00:00:750		1.53895e+07		0.147238		3.07468		530.204		6.96482e+06		526.874		
00:00:00:650		6.83114e+06		99.8832		36.3831		0		0		309.578			00:00:00:650		1.54103e+07		0.15683		3.19972		530.206		6.96483e+06		526.812		
00:00:00:650		6.83114e+06		99.8832		36.3831		0		0		309.578			00:00:00:650		1.54103e+07		0.15683		3.19972		530.206		6.96483e+06		526.812		
00:00:00:450		6.83117e+06		100.069		36.3834		0		0		309.677			00:00:00:450		1.5465e+07		0.171553		3.16704		530.212		6.96485e+06		526.824		
00:00:00:450		6.83117e+06		100.069		36.3834		0		0		309.677			00:00:00:450		1.5465e+07		0.171553		3.16704		530.212		6.96485e+06		526.824		
00:00:00:349		6.83116e+06		100.069		36.3834		0		0		309.78			00:00:00:349		1.54776e+07		0.17284		2.83568		530.216		6.96485e+06		526.826		
00:00:00:250		6.83116e+06		100.069		36.3834		0		0		309.846			00:00:00:250		1.54786e+07		0.17284		2.83572		530.217		6.96484e+06		526.827		
00:00:00:149		6.83116e+06		100.069		36.3837		0		0		309.846			00:00:00:149		1.54785e+07		0.17284		2.83572		530.221		6.96484e+06		526.828		
00:00:00:050		6.83115e+06		100.069		36.3837		0		0		309.846			00:00:00:050		1.54785e+07		0.17284		2.83571		530.225		6.96483e+06		526.826		
00:00:00:000		6.83115e+06		100.069		36.3837		0		0		309.846			00:00:00:000		1.54785e+07		0.17284		2.83571		530.225		6.96483e+06		526.826		
00:00:00:000		6.83115e+06		100.069		36.3837		0		0		309.846			00:00:00:000		1.54785e+07		0.17284		2.83571		530.225		6.96483e+06		526.826		
00:00:00:000		6.83115e+06		100.069		36.3837		0		0		309.846			00:00:00:000		1.54785e+07		0.17284		2.83571		530.225		6.96483e+06		526.826		
00:00:00:000		6.83115e+06		100.069		36.3837		0		0		309.846			00:00:00:000		1.54785e+07		0.17284		2.83571		530.225		6.96483e+06		526.826		
00:00:00:000		6.83115e+06		100.069		36.3837		0		0		309.846			00:00:00:000		1.54785e+07		0.17284		2.83571		530.225		6.96483e+06		526.826		
00:00:00:000		6.83115e+06		100.069		36.3837		0		0		309.846			00:00:00:000		1.54785e+07		0.17284		2.83571		530.225		6.96483e+06		526.826		
00:00:00:000		6.83115e+06		100.069		36.3837		0		0		309.846			00:00:00:000		1.54785e+07		0.17284		2.83571		530.225		6.96483e+06		526.826		
