	time 		gpv001pnt10113ppntm	evf507ety101mpzoyout	chtcon(1)	chavg(1)	chlhsumpa	rcptavgn			time 		rcpppzr	rcp054rcp007mnzoyout	rcv501std0102fvol	fwfrcp001gv	rcppmssga	msfsg(1)	
00:01:02:450		7.14985e+06		135.512		93.5301		1.89319e+06		1.13666		289.686			00:01:02:450		8.06257e+06		-5.85066		0		0		7.1502e+06		25.9204		
00:01:02:350		7.14932e+06		135.512		93.5301		1.89319e+06		1.13666		289.683			00:01:02:350		8.07629e+06		-5.85057		0		0		7.15016e+06		31.9059		
00:01:02:250		7.14915e+06		135.439		93.5301		1.89319e+06		1.13666		289.681			00:01:02:250		8.09014e+06		-5.85047		0		0		7.14973e+06		19.7754		
00:01:02:149		7.14875e+06		135.439		93.4654		1.89053e+06		1.13456		289.678			00:01:02:149		8.10412e+06		-5.85034		0		0		7.14893e+06		0		
00:01:02:049		7.1483e+06		135.439		93.4654		1.89053e+06		1.13456		289.675			00:01:02:049		8.11823e+06		-5.85017		0		0		7.14803e+06		-29.0081		
00:01:01:850		7.14757e+06		135.365		93.4007		1.88786e+06		1.13245		289.67			00:01:01:850		8.14684e+06		-5.84973		0		0		7.14735e+06		-5.5091		
00:01:01:850		7.14757e+06		135.365		93.4007		1.88786e+06		1.13245		289.67			00:01:01:850		8.14684e+06		-5.84973		0		0		7.14735e+06		-5.5091		
00:01:01:750		7.1474e+06		135.291		93.4007		1.88786e+06		1.13245		289.667			00:01:01:750		8.16133e+06		-5.84944		0		0		7.1475e+06		18.3083		
00:01:01:549		7.14655e+06		135.291		93.3359		1.88514e+06		1.13034		289.663			00:01:01:549		8.19071e+06		-5.84868		0		0		7.1474e+06		27.1843		
00:01:01:549		7.14655e+06		135.291		93.3359		1.88514e+06		1.13034		289.663			00:01:01:549		8.19071e+06		-5.84868		0		0		7.1474e+06		27.1843		
00:01:01:399		7.14614e+06		135.218		93.2711		1.88236e+06		1.12823		289.659			00:01:01:399		8.21305e+06		-5.84794		0		0		7.14634e+06		0		
00:01:01:350		7.14586e+06		135.218		93.2711		1.88236e+06		1.12823		289.658			00:01:01:350		8.22056e+06		-5.84766		0		0		7.14586e+06		-19.003		
00:01:01:149		7.14522e+06		135.144		93.2063		1.87954e+06		1.12612		289.653			00:01:01:149		8.25083e+06		-5.84635		0		0		7.1447e+06		-20.8911		
00:01:01:149		7.14522e+06		135.144		93.2063		1.87954e+06		1.12612		289.653			00:01:01:149		8.25083e+06		-5.84635		0		0		7.1447e+06		-20.8911		
00:01:00:950		7.1446e+06		135.071		93.1416		1.87672e+06		1.12402		289.649			00:01:00:950		8.28154e+06		-5.84474		0		0		7.14492e+06		25.4958		
00:01:00:850		7.14409e+06		135.071		93.1416		1.87672e+06		1.12402		289.646			00:01:00:850		8.29706e+06		-5.84382		0		0		7.14491e+06		33.4313		
00:01:00:850		7.14409e+06		135.071		93.1416		1.87672e+06		1.12402		289.646			00:01:00:850		8.29706e+06		-5.84382		0		0		7.14491e+06		33.4313		
00:01:00:750		7.14386e+06		134.998		93.1416		1.87672e+06		1.12402		289.644			00:01:00:750		8.3127e+06		-5.84284		0		0		7.14452e+06		22.0986		
00:01:00:649		7.14352e+06		134.998		93.077		1.87395e+06		1.12191		289.641			00:01:00:649		8.32844e+06		-5.84182		0		0		7.14373e+06		0.245504		
00:01:00:500		7.14298e+06		134.925		93.077		1.87395e+06		1.12191		289.638			00:01:00:500		8.35229e+06		-5.84022		0		0		7.14246e+06		-31.6696		
00:01:00:399		7.14262e+06		134.925		93.0125		1.87116e+06		1.1198		289.636			00:01:00:399		8.36835e+06		-5.83914		0		0		7.14208e+06		-21.7133		
00:01:00:299		7.1422e+06		134.925		93.0125		1.87116e+06		1.1198		289.634			00:01:00:299		8.38459e+06		-5.8381		0		0		7.14214e+06		8.22488		
00:01:00:200		7.142e+06		134.851		92.9482		1.86839e+06		1.11769		289.63			00:01:00:200		8.40095e+06		-5.83711		0		0		7.14231e+06		25.4643		
00:01:00:100		7.14148e+06		134.851		92.9482		1.86839e+06		1.11769		289.628			00:01:00:100		8.41743e+06		-5.83622		0		0		7.14232e+06		34.0188		
00:00:59:950		7.14112e+06		134.778		92.8841		1.86565e+06		1.11558		289.624			00:00:59:950		8.44229e+06		-5.83513		0		0		7.14157e+06		14.4		
00:00:59:850		7.14064e+06		134.778		92.8841		1.86565e+06		1.11558		289.622			00:00:59:850		8.45898e+06		-5.83459		0		0		7.14066e+06		-17.8417		
00:00:59:850		7.14064e+06		134.778		92.8841		1.86565e+06		1.11558		289.622			00:00:59:850		8.45898e+06		-5.83459		0		0		7.14066e+06		-17.8417		
00:00:59:750		7.14038e+06		134.704		92.8841		1.86565e+06		1.11558		289.62			00:00:59:750		8.47575e+06		-5.83421		0		0		7.13985e+06		-32.138		
00:00:59:649		7.14003e+06		134.704		92.8203		1.86285e+06		1.11347		289.617			00:00:59:649		8.49259e+06		-5.83399		0		0		7.13946e+06		-22.898		
00:00:59:549		7.1396e+06		134.704		92.8203		1.86285e+06		1.11347		289.614			00:00:59:549		8.50952e+06		-5.83393		0		0		7.13952e+06		7.05879		
00:00:59:450		7.13941e+06		134.63		92.757		1.86007e+06		1.11137		289.613			00:00:59:450		8.52651e+06		-5.83399		0		0		7.1397e+06		25.2232		
00:00:59:350		7.1389e+06		134.63		92.757		1.86007e+06		1.11137		289.611			00:00:59:350		8.54354e+06		-5.83415		0		0		7.13973e+06		34.4736		
00:00:59:250		7.13865e+06		134.557		92.757		1.86007e+06		1.11137		289.607			00:00:59:250		8.56061e+06		-5.83437		0		0		7.13936e+06		23.4533		
00:00:59:149		7.13834e+06		134.557		92.694		1.85732e+06		1.10926		289.605			00:00:59:149		8.57772e+06		-5.83465		0		0		7.13858e+06		2.32004		
00:00:59:049		7.13785e+06		134.557		92.694		1.85732e+06		1.10926		289.603			00:00:59:049		8.59485e+06		-5.83499		0		0		7.13765e+06		-28.5156		
00:00:58:950		7.13767e+06		134.483		92.6316		1.85457e+06		1.10715		289.602			00:00:58:950		8.61201e+06		-5.83543		0		0		7.137e+06		-31.4418		
00:00:58:850		7.13718e+06		134.483		92.6316		1.85457e+06		1.10715		289.598			00:00:58:850		8.62918e+06		-5.83603		0		0		7.13684e+06		-10.4489		
00:00:58:750		7.13697e+06		134.41		92.6316		1.85457e+06		1.10715		289.595			00:00:58:750		8.64632e+06		-5.8368		0		0		7.137e+06		16.148		
00:00:58:649		7.13663e+06		134.41		92.5697		1.85181e+06		1.10504		289.593			00:00:58:649		8.66346e+06		-5.83771		0		0		7.13717e+06		31.2354		
00:00:58:549		7.13613e+06		134.41		92.5697		1.85181e+06		1.10504		289.591			00:00:58:549		8.68059e+06		-5.83873		0		0		7.13706e+06		31.41		
00:00:58:450		7.136e+06		134.336		92.5084		1.849e+06		1.10293		289.589			00:00:58:450		8.6977e+06		-5.83982		0		0		7.13651e+06		17.1075		
00:00:58:299		7.1353e+06		134.336		92.5084		1.849e+06		1.10293		289.586			00:00:58:299		8.72333e+06		-5.84146		0		0		7.13515e+06		-27.1859		
00:00:58:200		7.13514e+06		134.262		92.4479		1.8462e+06		1.10082		289.583			00:00:58:200		8.74046e+06		-5.84243		0		0		7.13446e+06		-32.5161		
00:00:58:100		7.13467e+06		134.262		92.4479		1.8462e+06		1.10082		289.581			00:00:58:100		8.75759e+06		-5.84322		0		0		7.13426e+06		-13.8615		
00:00:58:000		7.13441e+06		134.189		92.4479		1.8462e+06		1.10082		289.579			00:00:58:000		8.77471e+06		-5.84375		0		0		7.13441e+06		14.5967		
00:00:57:899		7.13411e+06		134.189		92.3882		1.84338e+06		1.09872		289.577			00:00:57:899		8.79182e+06		-5.8441		0		0		7.1346e+06		30.5751		
00:00:57:799		7.1336e+06		134.189		92.3882		1.84338e+06		1.09872		289.575			00:00:57:799		8.80892e+06		-5.84441		0		0		7.13453e+06		33.286		
00:00:57:700		7.13348e+06		134.115		92.3294		1.84063e+06		1.09661		289.573			00:00:57:700		8.826e+06		-5.84469		0		0		7.13403e+06		18.4557		
00:00:57:600		7.13304e+06		134.115		92.3294		1.84063e+06		1.09661		289.57			00:00:57:600		8.84303e+06		-5.84494		0		0		7.13315e+06		-11.53		
00:00:57:500		7.13266e+06		134.041		92.3294		1.84063e+06		1.09661		289.568			00:00:57:500		8.86e+06		-5.84517		0		0		7.13226e+06		-32.6665		
00:00:57:500		7.13266e+06		134.041		92.3294		1.84063e+06		1.09661		289.568			00:00:57:500		8.86e+06		-5.84517		0		0		7.13226e+06		-32.6665		
00:00:57:299		7.13245e+06		134.041		92.2716		1.8379e+06		1.0945		289.566			00:00:57:299		8.87693e+06		-5.84537		0		0		7.13176e+06		-29.1157		
00:00:57:299		7.13195e+06		134.041		92.2716		1.8379e+06		1.0945		289.564			00:00:57:299		8.89384e+06		-5.84555		0		0		7.13175e+06		0		
00:00:57:200		7.13182e+06		133.967		92.2148		1.83512e+06		1.09239		289.562			00:00:57:200		8.91071e+06		-5.84572		0		0		7.13197e+06		21.9139		
00:00:57:100		7.13138e+06		133.967		92.2148		1.83512e+06		1.09239		289.56			00:00:57:100		8.92753e+06		-5.84589		0		0		7.13212e+06		35.6307		
00:00:56:899		7.13083e+06		133.893		92.1591		1.83235e+06		1.09028		289.556			00:00:56:899		8.96103e+06		-5.84624		0		0		7.13123e+06		10.2296		
00:00:56:899		7.13083e+06		133.893		92.1591		1.83235e+06		1.09028		289.556			00:00:56:899		8.96103e+06		-5.84624		0		0		7.13123e+06		10.2296		
00:00:56:700		7.13014e+06		133.819		92.1042		1.82957e+06		1.08818		289.552			00:00:56:700		8.99427e+06		-5.84666		0		0		7.1295e+06		-34.2616		
00:00:56:700		7.13014e+06		133.819		92.1042		1.82957e+06		1.08818		289.552			00:00:56:700		8.99427e+06		-5.84666		0		0		7.1295e+06		-34.2616		
00:00:56:600		7.12977e+06		133.819		92.1042		1.82957e+06		1.08818		289.55			00:00:56:600		9.01066e+06		-5.84692		0		0		7.12919e+06		-21.8561		
00:00:56:500		7.12938e+06		133.745		92.1042		1.82957e+06		1.08818		289.548			00:00:56:500		9.0269e+06		-5.84724		0		0		7.12933e+06		8.99755		
00:00:56:399		7.12923e+06		133.745		92.0491		1.82678e+06		1.08607		289.547			00:00:56:399		9.04305e+06		-5.8476		0		0		7.12958e+06		27.9688		
00:00:56:250		7.12854e+06		133.671		92.0491		1.82678e+06		1.08607		289.544			00:00:56:250		9.06713e+06		-5.84823		0		0		7.1295e+06		30.9054		
00:00:56:149		7.12844e+06		133.671		91.9937		1.82399e+06		1.08396		289.542			00:00:56:149		9.08313e+06		-5.84871		0		0		7.12889e+06		14.0456		
00:00:56:000		7.12776e+06		133.597		91.9937		1.82399e+06		1.08396		289.54			00:00:56:000		9.10711e+06		-5.84947		0		0		7.1275e+06		-30.8629		
00:00:55:850		7.12742e+06		133.597		91.938		1.82126e+06		1.08185		289.537			00:00:55:850		9.13101e+06		-5.8502		0		0		7.12675e+06		-26.0252		
00:00:55:850		7.12742e+06		133.597		91.938		1.82126e+06		1.08185		289.537			00:00:55:850		9.13101e+06		-5.8502		0		0		7.12675e+06		-26.0252		
00:00:55:750		7.12698e+06		133.523		91.938		1.82126e+06		1.08185		289.536			00:00:55:750		9.14685e+06		-5.85065		0		0		7.12685e+06		4.77288		
00:00:55:649		7.12685e+06		133.523		91.8819		1.81845e+06		1.07974		289.534			00:00:55:649		9.16263e+06		-5.85109		0		0		7.12712e+06		26.2189		
00:00:55:500		7.12614e+06		133.448		91.8819		1.81845e+06		1.07974		289.532			00:00:55:500		9.18616e+06		-5.85172		0		0		7.12713e+06		33.8503		
00:00:55:399		7.12614e+06		133.448		91.8819		1.81845e+06		1.07974		289.532			00:00:55:399		9.18616e+06		-5.85172		0		0		7.12713e+06		33.8503		
00:00:55:399		7.12605e+06		133.448		91.8254		1.81556e+06		1.07763		289.53			00:00:55:399		9.20176e+06		-5.85211		0		0		7.12659e+06		17.9047		
00:00:55:299		7.1256e+06		133.448		91.8254		1.81556e+06		1.07763		289.529			00:00:55:299		9.21728e+06		-5.85249		0		0		7.12567e+06		-15.4779		
00:00:55:200		7.12531e+06		133.374		91.7687		1.81271e+06		1.07552		289.528			00:00:55:200		9.23272e+06		-5.85284		0		0		7.12478e+06		-34.9385		
00:00:55:100		7.12505e+06		133.374		91.7687		1.81271e+06		1.07552		289.527			00:00:55:100		9.24808e+06		-5.85317		0		0		7.12431e+06		-29.5625		
00:00:54:899		7.12444e+06		133.3		91.7118		1.80991e+06		1.07342		289.525			00:00:54:899		9.27852e+06		-5.85376		0		0		7.12462e+06		23.7562		
00:00:54:899		7.12444e+06		133.3		91.7118		1.80991e+06		1.07342		289.525			00:00:54:899		9.27852e+06		-5.85376		0		0		7.12462e+06		23.7562		
00:00:54:799		7.12397e+06		133.3		91.7118		1.80991e+06		1.07342		289.523			00:00:54:799		9.30112e+06		-5.85413		0		0		7.12471e+06		35.3818		
00:00:54:649		7.12363e+06		133.226		91.6545		1.80704e+06		1.07131		289.522			00:00:54:649		9.31609e+06		-5.85433		0		0		7.12424e+06		20.5678		
00:00:54:549		7.12321e+06		133.226		91.6545		1.80704e+06		1.07131		289.522			00:00:54:549		9.33099e+06		-5.8545		0		0		7.12336e+06		-9.69927		
00:00:54:450		7.12282e+06		133.152		91.5969		1.80419e+06		1.0692		289.521			00:00:54:450		9.3458e+06		-5.85464		0		0		7.12245e+06		-33.6276		
00:00:54:350		7.12263e+06		133.152		91.5969		1.80419e+06		1.0692		289.52			00:00:54:350		9.36055e+06		-5.85474		0		0		7.12191e+06		-30.7979		
00:00:54:250		7.12211e+06		133.078		91.5969		1.80419e+06		1.0692		289.52			00:00:54:250		9.37521e+06		-5.85481		0		0		7.12187e+06		-6.5034		
00:00:54:149		7.12201e+06		133.078		91.5387		1.80132e+06		1.06709		289.519			00:00:54:149		9.3898e+06		-5.85486		0		0		7.12211e+06		20.8323		
00:00:53:950		7.12122e+06		133.003		91.48		1.79846e+06		1.06498		289.519			00:00:53:950		9.41876e+06		-5.85487		0		0		7.1221e+06		28.8394		
00:00:53:850		7.12107e+06		133.003		91.48		1.79846e+06		1.06498		289.519			00:00:53:850		9.43313e+06		-5.85486		0		0		7.12146e+06		10.8509		
00:00:53:850		7.12107e+06		133.003		91.48		1.79846e+06		1.06498		289.519			00:00:53:850		9.43313e+06		-5.85486		0		0		7.12146e+06		10.8509		
00:00:53:750		7.12055e+06		132.929		91.48		1.79846e+06		1.06498		289.519			00:00:53:750		9.44743e+06		-5.85484		0		0		7.12053e+06		-23.6639		
00:00:53:649		7.12039e+06		132.929		91.4207		1.79563e+06		1.06287		289.519			00:00:53:649		9.46165e+06		-5.85484		0		0		7.11973e+06		-35.759		
00:00:53:549		7.12001e+06		132.929		91.4207		1.79563e+06		1.06287		289.519			00:00:53:549		9.47582e+06		-5.85485		0		0		7.1194e+06		-23.0642		
00:00:53:450		7.11961e+06		132.855		91.3606		1.79281e+06		1.06076		289.52			00:00:53:450		9.48995e+06		-5.85489		0		0		7.11953e+06		7.72582		
00:00:53:350		7.11948e+06		132.855		91.3606		1.79281e+06		1.06076		289.52			00:00:53:350		9.504e+06		-5.85498		0		0		7.1198e+06		28.0903		
00:00:53:250		7.11896e+06		132.78		91.3606		1.79281e+06		1.06076		289.521			00:00:53:250		9.51796e+06		-5.85513		0		0		7.11986e+06		37.145		
00:00:53:149		7.11879e+06		132.78		91.2996		1.78992e+06		1.05865		289.522			00:00:53:149		9.53186e+06		-5.85532		0		0		7.11949e+06		24.0033		
00:00:53:000		7.11819e+06		132.706		91.2996		1.78992e+06		1.05865		289.523			00:00:53:000		9.55256e+06		-5.85571		0		0		7.1182e+06		-19.8623		
00:00:52:899		7.11797e+06		132.706		91.2376		1.78705e+06		1.05654		289.524			00:00:52:899		9.56625e+06		-5.85606		0		0		7.11736e+06		-35.944		
00:00:52:850		7.11787e+06		132.706		91.2376		1.78705e+06		1.05654		289.525			00:00:52:850		9.57307e+06		-5.85627		0		0		7.1171e+06		-34.2313		
00:00:52:750		7.11737e+06		132.632		91.2376		1.78705e+06		1.05654		289.526			00:00:52:750		9.58664e+06		-5.85677		0		0		7.11698e+06		-11.6633		
00:00:52:649		7.11718e+06		132.632		91.1745		1.78421e+06		1.05443		289.527			00:00:52:649		9.60013e+06		-5.85738		0		0		7.11721e+06		17.3951		
00:00:52:549		7.11686e+06		132.632		91.1745		1.78421e+06		1.05443		289.529			00:00:52:549		9.61355e+06		-5.85812		0		0		7.11743e+06		33.8774		
00:00:52:450		7.11636e+06		132.557		91.1103		1.78137e+06		1.05232		289.53			00:00:52:450		9.6269e+06		-5.85898		0		0		7.11733e+06		33.6975		
00:00:52:350		7.11625e+06		132.557		91.1103		1.78137e+06		1.05232		289.532			00:00:52:350		9.64015e+06		-5.85994		0		0		7.11676e+06		16.9121		
00:00:52:250		7.11578e+06		132.482		91.1103		1.78137e+06		1.05232		289.534			00:00:52:250		9.65336e+06		-5.86097		0		0		7.11582e+06		-17.4955		
00:00:52:149		7.11549e+06		132.482		91.0446		1.77853e+06		1.05021		289.536			00:00:52:149		9.6666e+06		-5.86202		0		0		7.11494e+06		-36.217		
00:00:52:000		7.11495e+06		132.407		91.0446		1.77853e+06		1.05021		289.54			00:00:52:000		9.68652e+06		-5.86351		0		0		7.11448e+06		-15.5122		
00:00:51:899		7.1147e+06		132.407		90.9775		1.77568e+06		1.0481		289.542			00:00:51:899		9.69979e+06		-5.86437		0		0		7.1147e+06		16.2549		
00:00:51:799		7.1144e+06		132.407		90.9775		1.77568e+06		1.0481		289.544			00:00:51:799		9.71305e+06		-5.86507		0		0		7.11494e+06		33.6496		
00:00:51:700		7.11387e+06		132.333		90.9088		1.77283e+06		1.04598		289.547			00:00:51:700		9.72634e+06		-5.86559		0		0		7.11488e+06		35.998		
00:00:51:600		7.11376e+06		132.333		90.9088		1.77283e+06		1.04598		289.549			00:00:51:600		9.73968e+06		-5.8659		0		0		7.11432e+06		18.7283		
00:00:51:500		7.1133e+06		132.258		90.9088		1.77283e+06		1.04598		289.552			00:00:51:500		9.75306e+06		-5.86597		0		0		7.11337e+06		-16.0178		
00:00:51:399		7.11298e+06		132.258		90.8383		1.76998e+06		1.04387		289.555			00:00:51:399		9.76651e+06		-5.86575		0		0		7.11245e+06		-36.772		
00:00:51:299		7.11298e+06		132.258		90.8383		1.76998e+06		1.04387		289.555			00:00:51:299		9.76651e+06		-5.86575		0		0		7.11245e+06		-36.772		
00:00:51:299		7.11275e+06		132.258		90.8383		1.76998e+06		1.04387		289.557			00:00:51:299		9.77992e+06		-5.86522		0		0		7.11196e+06		-31.8367		
00:00:51:200		7.11222e+06		132.183		90.7658		1.76712e+06		1.04176		289.56			00:00:51:200		9.7933e+06		-5.86433		0		0		7.112e+06		0		
00:00:51:100		7.1121e+06		132.183		90.7658		1.76712e+06		1.04176		289.563			00:00:51:100		9.80665e+06		-5.86304		0		0		7.11228e+06		24.8524		
00:00:50:899		7.11126e+06		132.108		90.6912		1.76426e+06		1.03965		289.569			00:00:50:899		9.83328e+06		-5.85915		0		0		7.11221e+06		30.1484		
00:00:50:899		7.11126e+06		132.108		90.6912		1.76426e+06		1.03965		289.569			00:00:50:899		9.83328e+06		-5.85915		0		0		7.11221e+06		30.1484		
00:00:50:799		7.11107e+06		132.108		90.6912		1.76426e+06		1.03965		289.572			00:00:50:799		9.84656e+06		-5.8565		0		0		7.11145e+06		8.60847		
00:00:50:700		7.11053e+06		132.033		90.6144		1.7614e+06		1.03754		289.576			00:00:50:700		9.85982e+06		-5.85339		0		0		7.11042e+06		-28.9153		
00:00:50:600		7.11039e+06		132.033		90.6144		1.7614e+06		1.03754		289.579			00:00:50:600		9.87309e+06		-5.84985		0		0		7.10962e+06		-38.0595		
00:00:50:500		7.10993e+06		131.958		90.6144		1.7614e+06		1.03754		289.582			00:00:50:500		9.88636e+06		-5.84595		0		0		7.10932e+06		-22.5324		
00:00:50:350		7.10952e+06		131.958		90.5353		1.75853e+06		1.03542		289.587			00:00:50:350		9.90622e+06		-5.83963		0		0		7.10964e+06		22.8235		
00:00:50:299		7.10935e+06		131.958		90.5353		1.75853e+06		1.03542		289.589			00:00:50:299		9.91283e+06		-5.83746		0		0		7.10977e+06		32.11		
00:00:50:200		7.10878e+06		131.882		90.4537		1.75566e+06		1.03331		289.593			00:00:50:200		9.92603e+06		-5.83312		0		0		7.10981e+06		39.1591		
00:00:50:049		7.1085e+06		131.882		90.4537		1.75566e+06		1.03331		289.598			00:00:50:049		9.94579e+06		-5.82688		0		0		7.10895e+06		11.9907		
00:00:49:850		7.10777e+06		131.807		90.3695		1.75278e+06		1.0312		289.605			00:00:49:850		9.97209e+06		-5.81984		0		0		7.10705e+06		-38.2122		
00:00:49:850		7.10777e+06		131.807		90.3695		1.75278e+06		1.0312		289.605			00:00:49:850		9.97209e+06		-5.81984		0		0		7.10705e+06		-38.2122		
00:00:49:750		7.10734e+06		131.732		90.3695		1.75278e+06		1.0312		289.609			00:00:49:750		9.9852e+06		-5.8168		0		0		7.10669e+06		-25.0214		
00:00:49:700		7.10705e+06		131.732		90.2827		1.74996e+06		1.02908		289.611			00:00:49:700		9.99176e+06		-5.81524		0		0		7.1067e+06		-10.1444		
00:00:49:500		7.10646e+06		131.656		90.2827		1.74996e+06		1.02908		289.619			00:00:49:500		1.00179e+07		-5.80869		0		0		7.10713e+06		37.4627		
00:00:49:500		7.10646e+06		131.656		90.2827		1.74996e+06		1.02908		289.619			00:00:49:500		1.00179e+07		-5.80869		0		0		7.10713e+06		37.4627		
00:00:49:399		7.10602e+06		131.656		90.1931		1.74712e+06		1.02697		289.623			00:00:49:399		1.0031e+07		-5.80525		0		0		7.10698e+06		32.3146		
00:00:49:299		7.10586e+06		131.656		90.1931		1.74712e+06		1.02697		289.627			00:00:49:299		1.0044e+07		-5.80169		0		0		7.10633e+06		14.6802		
00:00:49:149		7.10516e+06		131.58		90.1009		1.74424e+06		1.02486		289.633			00:00:49:149		1.00635e+07		-5.79614		0		0		7.10483e+06		-35.2425		
00:00:49:049		7.10494e+06		131.58		90.1009		1.74424e+06		1.02486		289.637			00:00:49:049		1.00765e+07		-5.7923		0		0		7.10415e+06		-35.4895		
00:00:48:850		7.10418e+06		131.505		90.0059		1.74135e+06		1.02274		289.646			00:00:48:850		1.01024e+07		-5.7843		0		0		7.10421e+06		18.6435		
00:00:48:850		7.10418e+06		131.505		90.0059		1.74135e+06		1.02274		289.646			00:00:48:850		1.01024e+07		-5.7843		0		0		7.10421e+06		18.6435		
00:00:48:750		7.10376e+06		131.429		90.0059		1.74135e+06		1.02274		289.65			00:00:48:750		1.01154e+07		-5.78015		0		0		7.10439e+06		36.7115		
00:00:48:649		7.10332e+06		131.429		89.9082		1.73846e+06		1.02062		289.654			00:00:48:649		1.01283e+07		-5.77589		0		0		7.10424e+06		32.389		
00:00:48:549		7.10314e+06		131.429		89.9082		1.73846e+06		1.02062		289.659			00:00:48:549		1.01411e+07		-5.77154		0		0		7.1036e+06		15.4419		
00:00:48:450		7.10259e+06		131.353		89.8078		1.73556e+06		1.01851		289.664			00:00:48:450		1.0154e+07		-5.7671		0		0		7.10259e+06		-22.1965		
00:00:48:350		7.10233e+06		131.353		89.8078		1.73556e+06		1.01851		289.668			00:00:48:350		1.01669e+07		-5.76257		0		0		7.10169e+06		-37.9096		
00:00:48:250		7.10189e+06		131.277		89.8078		1.73556e+06		1.01851		289.673			00:00:48:250		1.01797e+07		-5.75795		0		0		7.10126e+06		-25.6298		
00:00:48:149		7.10143e+06		131.277		89.7048		1.73266e+06		1.01639		289.678			00:00:48:149		1.01925e+07		-5.75323		0		0		7.10131e+06		6.0281		
00:00:47:950		7.10066e+06		131.201		89.5994		1.72973e+06		1.01427		289.689			00:00:47:950		1.02181e+07		-5.74353		0		0		7.10152e+06		37.1194		
00:00:47:850		7.10044e+06		131.201		89.5994		1.72973e+06		1.01427		289.694			00:00:47:850		1.02308e+07		-5.73854		0		0		7.1011e+06		23.958		
00:00:47:850		7.10044e+06		131.201		89.5994		1.72973e+06		1.01427		289.694			00:00:47:850		1.02308e+07		-5.73854		0		0		7.1011e+06		23.958		
00:00:47:799		7.10028e+06		131.201		89.5994		1.72973e+06		1.01427		289.697			00:00:47:799		1.02371e+07		-5.73602		0		0		7.10071e+06		12.6314		
00:00:47:649		7.09954e+06		131.125		89.4915		1.7268e+06		1.01216		289.705			00:00:47:649		1.02562e+07		-5.7283		0		0		7.09921e+06		-35.5169		
00:00:47:549		7.09927e+06		131.125		89.4915		1.7268e+06		1.01216		289.711			00:00:47:549		1.02689e+07		-5.72303		0		0		7.09854e+06		-34.2929		
00:00:47:450		7.09869e+06		131.05		89.3813		1.72392e+06		1.01004		289.717			00:00:47:450		1.02816e+07		-5.71767		0		0		7.0984e+06		-8.87138		
00:00:47:350		7.09847e+06		131.05		89.3813		1.72392e+06		1.01004		289.723			00:00:47:350		1.02943e+07		-5.71221		0		0		7.09856e+06		20.8365		
00:00:47:250		7.09799e+06		130.973		89.3813		1.72392e+06		1.01004		289.729			00:00:47:250		1.0307e+07		-5.70666		0		0		7.09865e+06		36.885		
00:00:47:149		7.09754e+06		130.973		89.2688		1.72105e+06		1.00792		289.735			00:00:47:149		1.03196e+07		-5.70102		0		0		7.09838e+06		29.6109		
00:00:47:049		7.09725e+06		130.973		89.2688		1.72105e+06		1.00792		289.741			00:00:47:049		1.03323e+07		-5.69528		0		0		7.09762e+06		8.92996		
00:00:46:850		7.09641e+06		130.897		89.154		1.71818e+06		1.0058		289.754			00:00:46:850		1.03575e+07		-5.68353		0		0		7.09573e+06		-37.5458		
00:00:46:850		7.09641e+06		130.897		89.154		1.71818e+06		1.0058		289.754			00:00:46:850		1.03575e+07		-5.68353		0		0		7.09573e+06		-37.5458		
00:00:46:750		7.09589e+06		130.82		89.154		1.71818e+06		1.0058		289.76			00:00:46:750		1.03701e+07		-5.67751		0		0		7.0954e+06		-19.7991		
00:00:46:649		7.09549e+06		130.82		89.037		1.71531e+06		1.00367		289.766			00:00:46:649		1.03826e+07		-5.67141		0		0		7.09548e+06		13.7376		
00:00:46:549		7.09515e+06		130.82		89.037		1.71531e+06		1.00367		289.773			00:00:46:549		1.03952e+07		-5.66521		0		0		7.09559e+06		31.7254		
00:00:46:450		7.09455e+06		130.743		88.9178		1.71244e+06		1.00155		289.779			00:00:46:450		1.04077e+07		-5.65893		0.138251		0		7.09544e+06		34.3066		
00:00:46:350		7.0943e+06		130.743		88.9178		1.71244e+06		1.00155		289.786			00:00:46:350		1.04202e+07		-5.65254		0.27665		0		7.09481e+06		17.9089		
00:00:46:250		7.09373e+06		130.667		88.9178		1.71244e+06		1.00155		289.793			00:00:46:250		1.04327e+07		-5.64607		0.41492		0		7.09377e+06		-18.5623		
00:00:46:149		7.09334e+06		130.667		88.7964		1.70959e+06		0.999427		289.8			00:00:46:149		1.04451e+07		-5.63949		0.553033		0		7.0928e+06		-37.9929		
00:00:45:950		7.09239e+06		130.59		88.6727		1.7067e+06		0.997303		289.814			00:00:45:950		1.047e+07		-5.62605		0.828197		0		7.09227e+06		9.2764		
00:00:45:850		7.09209e+06		130.59		88.6727		1.7067e+06		0.997303		289.821			00:00:45:850		1.04824e+07		-5.61917		0.965107		0		7.09239e+06		27.5861		
00:00:45:850		7.09209e+06		130.59		88.6727		1.7067e+06		0.997303		289.821			00:00:45:850		1.04824e+07		-5.61917		0.965107		0		7.09239e+06		27.5861		
00:00:45:750		7.09148e+06		130.512		88.6727		1.7067e+06		0.997303		289.829			00:00:45:750		1.04948e+07		-5.6122		1.1014		0		7.09232e+06		37.3768		
00:00:45:649		7.09112e+06		130.512		88.5466		1.70382e+06		0.995177		289.836			00:00:45:649		1.05073e+07		-5.60513		1.23695		0		7.09179e+06		23.7895		
00:00:45:500		7.09028e+06		130.435		88.5466		1.70382e+06		0.995177		289.847			00:00:45:500		1.05259e+07		-5.59433		1.43859		0		7.09022e+06		-26.3392		
00:00:45:450		7.09011e+06		130.435		88.4181		1.70099e+06		0.99305		289.851			00:00:45:450		1.05321e+07		-5.59068		1.50527		0		7.0897e+06		-38.007		
00:00:45:350		7.08976e+06		130.435		88.4181		1.70099e+06		0.99305		289.859			00:00:45:350		1.05445e+07		-5.58331		1.63772		0		7.08902e+06		-34.8866		
00:00:45:250		7.08912e+06		130.358		88.4181		1.70099e+06		0.99305		289.866			00:00:45:250		1.05569e+07		-5.57585		1.76881		0		7.08888e+06		0		
00:00:45:149		7.08877e+06		130.358		88.2869		1.69814e+06		0.990922		289.874			00:00:45:149		1.05694e+07		-5.56828		1.89824		0		7.08896e+06		23.1984		
00:00:44:950		7.08778e+06		130.28		88.1531		1.6953e+06		0.988792		289.889			00:00:44:950		1.05945e+07		-5.55286		2.15096		0		7.0885e+06		27.9551		
00:00:44:850		7.08729e+06		130.28		88.1531		1.6953e+06		0.988792		289.897			00:00:44:850		1.0607e+07		-5.54499		2.27393		0		7.08757e+06		1.54504		
00:00:44:850		7.08729e+06		130.28		88.1531		1.6953e+06		0.988792		289.897			00:00:44:850		1.0607e+07		-5.54499		2.27393		0		7.08757e+06		1.54504		
00:00:44:750		7.08672e+06		130.202		88.1531		1.6953e+06		0.988792		289.904			00:00:44:750		1.06195e+07		-5.53702		2.39464		0		7.08643e+06		-35.233		
00:00:44:600		7.08604e+06		130.202		88.0165		1.69245e+06		0.986661		289.916			00:00:44:600		1.06382e+07		-5.52485		2.57244		0		7.08542e+06		-28.2105		
00:00:44:500		7.08547e+06		130.125		88.0165		1.69245e+06		0.986661		289.923			00:00:44:500		1.06507e+07		-5.51658		2.68898		0		7.08537e+06		9.90527		
00:00:44:399		7.08502e+06		130.125		87.877		1.68957e+06		0.984529		289.93			00:00:44:399		1.06632e+07		-5.50819		2.81112		0		7.08542e+06		31.0369		
00:00:44:299		7.08436e+06		130.125		87.877		1.68957e+06		0.984529		289.938			00:00:44:299		1.06756e+07		-5.49968		2.93255		0		7.08523e+06		35.0246		
00:00:44:200		7.084e+06		130.046		87.7346		1.68669e+06		0.982395		289.945			00:00:44:200		1.0688e+07		-5.49105		3.05437		0		7.08456e+06		20.9571		
00:00:44:200		7.084e+06		130.046		87.7346		1.68669e+06		0.982395		289.945			00:00:44:200		1.0688e+07		-5.49105		3.05437		0		7.08456e+06		20.9571		
00:00:44:100		7.08335e+06		130.046		87.7346		1.68669e+06		0.982395		289.952			00:00:44:100		1.07003e+07		-5.4823		3.17113		0		7.08343e+06		-20.2628		
00:00:43:899		7.08235e+06		129.969		87.5891		1.6838e+06		0.98026		289.966			00:00:43:899		1.0725e+07		-5.46445		3.39053		0		7.08173e+06		-30.9656		
00:00:43:799		7.08174e+06		129.969		87.5891		1.6838e+06		0.98026		289.972			00:00:43:799		1.07373e+07		-5.45535		3.49208		0		7.08162e+06		7.7245		
00:00:43:799		7.08174e+06		129.969		87.5891		1.6838e+06		0.98026		289.972			00:00:43:799		1.07373e+07		-5.45535		3.49208		0		7.08162e+06		7.7245		
00:00:43:600		7.0806e+06		129.89		87.4405		1.68092e+06		0.978123		289.985			00:00:43:600		1.07619e+07		-5.43681		3.68623		0		7.0814e+06		34.2556		
00:00:43:600		7.0806e+06		129.89		87.4405		1.68092e+06		0.978123		289.985			00:00:43:600		1.07619e+07		-5.43681		3.68623		0		7.0814e+06		34.2556		
00:00:43:500		7.08019e+06		129.812		87.4405		1.68092e+06		0.978123		289.991			00:00:43:500		1.07742e+07		-5.42739		3.77874		0		7.08073e+06		20.5201		
00:00:43:399		7.07951e+06		129.812		87.2886		1.67805e+06		0.975984		289.997			00:00:43:399		1.07865e+07		-5.41788		3.86819		0		7.0796e+06		-19.1652		
00:00:43:200		7.07843e+06		129.733		87.1334		1.67515e+06		0.973843		290.009			00:00:43:200		1.08111e+07		-5.39865		4.0379		0		7.07785e+06		-31.7761		
00:00:43:100		7.0778e+06		129.733		87.1334		1.67515e+06		0.973843		290.015			00:00:43:100		1.08234e+07		-5.38896		4.1182		0		7.07769e+06		7.597		
00:00:43:000		7.07733e+06		129.655		87.1334		1.67515e+06		0.973843		290.021			00:00:43:000		1.08356e+07		-5.37922		4.19551		0		7.07764e+06		29.108		
00:00:42:899		7.07662e+06		129.655		86.9748		1.67225e+06		0.971701		290.026			00:00:42:899		1.08479e+07		-5.36945		4.26987		0		7.07735e+06		31.8977		
00:00:42:799		7.07617e+06		129.655		86.9748		1.67225e+06		0.971701		290.032			00:00:42:799		1.08601e+07		-5.35965		4.34133		0		7.07664e+06		18.509		
00:00:42:700		7.07543e+06		129.576		86.8128		1.66938e+06		0.969557		290.037			00:00:42:700		1.08723e+07		-5.3498		4.40996		0		7.0755e+06		-18.848		
00:00:42:700		7.07543e+06		129.576		86.8128		1.66938e+06		0.969557		290.037			00:00:42:700		1.08723e+07		-5.3498		4.40996		0		7.0755e+06		-18.848		
00:00:42:600		7.07492e+06		129.576		86.8128		1.66938e+06		0.969557		290.043			00:00:42:600		1.08845e+07		-5.33993		4.47582		0		7.07438e+06		-38.2492		
00:00:42:500		7.07427e+06		129.497		86.8128		1.66938e+06		0.969557		290.048			00:00:42:500		1.08967e+07		-5.33002		4.53898		0		7.07371e+06		-30.1379		
00:00:42:399		7.07362e+06		129.497		86.6472		1.66649e+06		0.967411		290.054			00:00:42:399		1.09088e+07		-5.32006		4.59952		0		7.07352e+06		8.24703		
00:00:42:299		7.0731e+06		129.497		86.6472		1.66649e+06		0.967411		290.059			00:00:42:299		1.0921e+07		-5.31004		4.65757		0		7.07341e+06		27.1168		
00:00:42:200		7.07239e+06		129.418		86.4779		1.66361e+06		0.965263		290.065			00:00:42:200		1.09331e+07		-5.29995		4.71307		0		7.07307e+06		32.6913		
00:00:42:100		7.07187e+06		129.418		86.4779		1.66361e+06		0.965263		290.071			00:00:42:100		1.09451e+07		-5.2898		4.7663		0		7.0723e+06		16.6792		
00:00:41:899		7.0705e+06		129.339		86.3049		1.66075e+06		0.963114		290.084			00:00:41:899		1.09694e+07		-5.26928		4.86571		0		7.06995e+06		-39.0724		
00:00:41:899		7.0705e+06		129.339		86.3049		1.66075e+06		0.963114		290.084			00:00:41:899		1.09694e+07		-5.26928		4.86571		0		7.06995e+06		-39.0724		
00:00:41:799		7.06986e+06		129.339		86.3049		1.66075e+06		0.963114		290.091			00:00:41:799		1.09815e+07		-5.2589		4.91235		0		7.06923e+06		-34.0061		
00:00:41:700		7.06916e+06		129.26		86.128		1.65788e+06		0.960962		290.098			00:00:41:700		1.09936e+07		-5.24846		4.95679		0		7.06902e+06		7.00833		
00:00:41:549		7.0682e+06		129.26		86.128		1.65788e+06		0.960962		290.11			00:00:41:549		1.10118e+07		-5.23265		5.01957		0		7.06878e+06		33.6706		
00:00:41:500		7.0678e+06		129.18		86.128		1.65788e+06		0.960962		290.114			00:00:41:500		1.10179e+07		-5.22735		5.03993		0		7.06856e+06		35.24		
00:00:41:399		7.06723e+06		129.18		85.9473		1.65501e+06		0.958809		290.122			00:00:41:399		1.103e+07		-5.2167		5.07868		0		7.06773e+06		16.6727		
00:00:41:200		7.06583e+06		129.1		85.7626		1.65213e+06		0.956654		290.14			00:00:41:200		1.10543e+07		-5.19521		5.15105		0		7.06521e+06		-40.8889		
00:00:41:100		7.06513e+06		129.1		85.7626		1.65213e+06		0.956654		290.15			00:00:41:100		1.10664e+07		-5.18439		5.1847		0		7.06441e+06		-38.0641		
00:00:41:100		7.06513e+06		129.1		85.7626		1.65213e+06		0.956654		290.15			00:00:41:100		1.10664e+07		-5.18439		5.1847		0		7.06441e+06		-38.0641		
00:00:40:899		7.06378e+06		129.02		85.574		1.64923e+06		0.954497		290.17			00:00:40:899		1.10907e+07		-5.16261		5.24742		0		7.06411e+06		29.6368		
00:00:40:899		7.06378e+06		129.02		85.574		1.64923e+06		0.954497		290.17			00:00:40:899		1.10907e+07		-5.16261		5.24742		0		7.06411e+06		29.6368		
00:00:40:750		7.06255e+06		128.94		85.574		1.64923e+06		0.954497		290.187			00:00:40:750		1.1109e+07		-5.14618		5.29098		0		7.06344e+06		33.8035		
00:00:40:649		7.06198e+06		128.94		85.3813		1.64632e+06		0.952338		290.199			00:00:40:649		1.11213e+07		-5.1352		5.31838		0		7.06232e+06		2.1994		
00:00:40:549		7.06122e+06		128.94		85.3813		1.64632e+06		0.952338		290.212			00:00:40:549		1.11335e+07		-5.1242		5.3442		0		7.06091e+06		-36.0066		
00:00:40:450		7.06054e+06		128.86		85.1847		1.64341e+06		0.950177		290.224			00:00:40:450		1.11458e+07		-5.11319		5.36875		0		7.05972e+06		-49.0127		
00:00:40:350		7.05974e+06		128.86		85.1847		1.64341e+06		0.950177		290.238			00:00:40:350		1.11581e+07		-5.10217		5.39235		0		7.05911e+06		-30.9483		
00:00:40:250		7.05901e+06		128.78		85.1847		1.64341e+06		0.950177		290.252			00:00:40:250		1.11704e+07		-5.09114		5.41507		0		7.05897e+06		17.8022		
00:00:40:149		7.0582e+06		128.78		84.9841		1.64047e+06		0.948014		290.266			00:00:40:149		1.11827e+07		-5.0801		5.43712		0		7.05878e+06		35.9952		
00:00:40:049		7.0574e+06		128.78		84.9841		1.64047e+06		0.948014		290.281			00:00:40:049		1.1195e+07		-5.06903		5.45702		0		7.0582e+06		32.8169		
00:00:39:850		7.05602e+06		128.7		84.7796		1.63756e+06		0.945849		290.314			00:00:39:850		1.12196e+07		-5.0468		5.49514		0		7.05577e+06		-31.9515		
00:00:39:850		7.05602e+06		128.7		84.7796		1.63756e+06		0.945849		290.314			00:00:39:850		1.12196e+07		-5.0468		5.49514		0		7.05577e+06		-31.9515		
00:00:39:750		7.05527e+06		128.619		84.7796		1.63756e+06		0.945849		290.33			00:00:39:750		1.12319e+07		-5.03561		5.51277		0		7.05464e+06		-38.304		
00:00:39:649		7.05446e+06		128.619		84.5712		1.63466e+06		0.943683		290.348			00:00:39:649		1.12443e+07		-5.02437		5.52971		0		7.05396e+06		-26.8413		
00:00:39:549		7.05372e+06		128.619		84.5712		1.63466e+06		0.943683		290.366			00:00:39:549		1.12566e+07		-5.01306		5.5457		0		7.05368e+06		16.2486		
00:00:39:450		7.05288e+06		128.538		84.359		1.63174e+06		0.941514		290.385			00:00:39:450		1.1269e+07		-5.00171		5.56083		0		7.05333e+06		29.9786		
00:00:39:350		7.0521e+06		128.538		84.359		1.63174e+06		0.941514		290.404			00:00:39:350		1.12813e+07		-4.99029		5.57539		0		7.05264e+06		24.3555		
00:00:39:250		7.05138e+06		128.458		84.359		1.63174e+06		0.941514		290.425			00:00:39:250		1.12938e+07		-4.97882		5.58919		0		7.05154e+06		0		
00:00:39:149		7.05056e+06		128.458		84.1431		1.62881e+06		0.939344		290.445			00:00:39:149		1.13062e+07		-4.9673		5.60217		0		7.0503e+06		-29.3448		
00:00:39:049		7.04974e+06		128.458		84.1431		1.62881e+06		0.939344		290.467			00:00:39:049		1.13186e+07		-4.95573		5.61454		0		7.04931e+06		-29.8753		
00:00:38:899		7.04853e+06		128.377		83.9237		1.62591e+06		0.937173		290.5			00:00:38:899		1.13373e+07		-4.93827		5.6321		0		7.04845e+06		6.7273		
00:00:38:899		7.04853e+06		128.377		83.9237		1.62591e+06		0.937173		290.5			00:00:38:899		1.13373e+07		-4.93827		5.6321		0		7.04845e+06		6.7273		
00:00:38:799		7.04769e+06		128.377		83.9237		1.62591e+06		0.937173		290.523			00:00:38:799		1.13497e+07		-4.92657		5.64302		0		7.04791e+06		21.3956		
00:00:38:649		7.04641e+06		128.296		83.7009		1.623e+06		0.935		290.559			00:00:38:649		1.13683e+07		-4.9089		5.65828		0		7.0466e+06		2.95172		
00:00:38:549		7.04551e+06		128.296		83.7009		1.623e+06		0.935		290.584			00:00:38:549		1.13807e+07		-4.89706		5.66781		0		7.04544e+06		-21.1086		
00:00:38:450		7.0446e+06		128.214		83.4751		1.62007e+06		0.932828		290.609			00:00:38:450		1.13931e+07		-4.88518		5.67678		0		7.04438e+06		-22.9754		
00:00:38:350		7.04369e+06		128.214		83.4751		1.62007e+06		0.932828		290.636			00:00:38:350		1.14055e+07		-4.87325		5.68527		0		7.04357e+06		0		
00:00:38:250		7.04281e+06		128.133		83.4751		1.62007e+06		0.932828		290.662			00:00:38:250		1.14179e+07		-4.86128		5.69336		0		7.04281e+06		6.34139		
00:00:38:149		7.04189e+06		128.133		83.2464		1.6171e+06		0.930655		290.69			00:00:38:149		1.14303e+07		-4.84927		5.70095		0		7.04197e+06		6.20543		
00:00:37:950		7.04004e+06		128.051		83.0154		1.61414e+06		0.928482		290.747			00:00:37:950		1.14552e+07		-4.82512		5.71489		0		7.03997e+06		-18.2553		
00:00:37:850		7.03915e+06		128.051		83.0154		1.61414e+06		0.928482		290.776			00:00:37:850		1.14676e+07		-4.813		5.72113		0		7.03907e+06		0		
00:00:37:850		7.03915e+06		128.051		83.0154		1.61414e+06		0.928482		290.776			00:00:37:850		1.14676e+07		-4.813		5.72113		0		7.03907e+06		0		
00:00:37:750		7.03827e+06		127.97		83.0154		1.61414e+06		0.928482		290.806			00:00:37:750		1.148e+07		-4.80084		5.72702		0		7.0382e+06		0		
00:00:37:649		7.03737e+06		127.97		82.7826		1.61117e+06		0.926309		290.837			00:00:37:649		1.14924e+07		-4.78865		5.73243		0		7.03733e+06		0		
00:00:37:549		7.03649e+06		127.97		82.7826		1.61117e+06		0.926309		290.868			00:00:37:549		1.15048e+07		-4.77643		5.73761		0		7.03644e+06		0		
00:00:37:399		7.03514e+06		127.888		82.5483		1.60814e+06		0.924135		290.915			00:00:37:399		1.15234e+07		-4.75803		5.74459		0		7.03508e+06		0		
00:00:37:299		7.03422e+06		127.888		82.5483		1.60814e+06		0.924135		290.947			00:00:37:299		1.15358e+07		-4.74571		5.74891		0		7.03415e+06		0		
00:00:37:200		7.03329e+06		127.807		82.3131		1.60514e+06		0.921961		290.98			00:00:37:200		1.15483e+07		-4.73336		5.7528		0		7.03321e+06		0		
00:00:37:149		7.03282e+06		127.807		82.3131		1.60514e+06		0.921961		290.996			00:00:37:149		1.15545e+07		-4.72717		5.75465		0		7.03274e+06		0		
00:00:36:950		7.03084e+06		127.725		82.0778		1.60219e+06		0.919786		291.063			00:00:36:950		1.15795e+07		-4.70231		5.76111		0		7.03081e+06		0		
00:00:36:850		7.02982e+06		127.725		82.0778		1.60219e+06		0.919786		291.096			00:00:36:850		1.1592e+07		-4.68982		5.76394		0		7.02982e+06		0		
00:00:36:850		7.02982e+06		127.725		82.0778		1.60219e+06		0.919786		291.096			00:00:36:850		1.1592e+07		-4.68982		5.76394		0		7.02982e+06		0		
00:00:36:750		7.02881e+06		127.643		82.0778		1.60219e+06		0.919786		291.13			00:00:36:750		1.16045e+07		-4.67728		5.76644		0		7.02882e+06		0		
00:00:36:649		7.0278e+06		127.643		81.8431		1.5992e+06		0.917611		291.165			00:00:36:649		1.1617e+07		-4.66469		5.76861		0		7.0278e+06		0		
00:00:36:549		7.0268e+06		127.643		81.8431		1.5992e+06		0.917611		291.199			00:00:36:549		1.16295e+07		-4.65207		5.77054		0		7.02677e+06		0		
00:00:36:450		7.02578e+06		127.561		81.6099		1.59619e+06		0.915436		291.234			00:00:36:450		1.16419e+07		-4.63941		5.77221		0		7.02573e+06		0		
00:00:36:350		7.02474e+06		127.561		81.6099		1.59619e+06		0.915436		291.269			00:00:36:350		1.16542e+07		-4.62669		5.77358		0		7.02468e+06		0		
00:00:36:250		7.02368e+06		127.479		81.6099		1.59619e+06		0.915436		291.303			00:00:36:250		1.16665e+07		-4.61393		5.7747		0		7.02362e+06		0		
00:00:36:149		7.0226e+06		127.479		81.379		1.59318e+06		0.91326		291.338			00:00:36:149		1.16787e+07		-4.60111		5.77553		0		7.02258e+06		0		
00:00:35:899		7.01984e+06		127.397		81.1516		1.59013e+06		0.911083		291.426			00:00:35:899		1.17094e+07		-4.56893		5.77624		10.7634		7.01988e+06		2.89663		
00:00:35:799		7.01869e+06		127.397		81.1516		1.59013e+06		0.911083		291.461			00:00:35:799		1.17217e+07		-4.556		5.77593		15.5888		7.01871e+06		0		
00:00:35:799		7.01869e+06		127.397		81.1516		1.59013e+06		0.911083		291.461			00:00:35:799		1.17217e+07		-4.556		5.77593		15.5888		7.01871e+06		0		
00:00:35:700		7.01753e+06		127.315		80.9286		1.58709e+06		0.908904		291.496			00:00:35:700		1.17339e+07		-4.54304		5.77536		23.3567		7.01753e+06		0		
00:00:35:600		7.01635e+06		127.315		80.9286		1.58709e+06		0.908904		291.531			00:00:35:600		1.17461e+07		-4.53005		5.77444		30.2618		7.01634e+06		0		
00:00:35:500		7.01516e+06		127.233		80.9286		1.58709e+06		0.908904		291.565			00:00:35:500		1.17583e+07		-4.51701		5.77349		37.9363		7.01517e+06		1.7961		
00:00:35:399		7.01396e+06		127.233		80.7113		1.58403e+06		0.906725		291.599			00:00:35:399		1.17705e+07		-4.50394		5.77312		44.7718		7.014e+06		4.74034		
00:00:35:399		7.01396e+06		127.233		80.7113		1.58403e+06		0.906725		291.599			00:00:35:399		1.17705e+07		-4.50394		5.77312		44.7718		7.014e+06		4.74034		
00:00:35:299		7.01274e+06		127.233		80.7113		1.58403e+06		0.906725		291.633			00:00:35:299		1.17827e+07		-4.49085		5.77296		50.2904		7.0128e+06		5.08001		
00:00:35:200		7.01151e+06		127.15		80.5007		1.58095e+06		0.904544		291.667			00:00:35:200		1.17948e+07		-4.47774		5.77196		57.0788		7.01156e+06		3.27671		
00:00:35:000		7.00903e+06		127.068		80.5007		1.58095e+06		0.904544		291.733			00:00:35:000		1.18191e+07		-4.45145		5.76756		68.8323		7.00906e+06		2.86858		
00:00:34:899		7.00779e+06		127.068		80.2977		1.57784e+06		0.902361		291.765			00:00:34:899		1.18312e+07		-4.4383		5.76636		74.3494		7.00783e+06		5.10339		
00:00:34:799		7.00656e+06		127.068		80.2977		1.57784e+06		0.902361		291.796			00:00:34:799		1.18433e+07		-4.42516		5.76699		78.9945		7.00662e+06		6.96635		
00:00:34:750		7.00595e+06		126.985		80.2977		1.57784e+06		0.902361		291.811			00:00:34:750		1.18494e+07		-4.4186		5.7679		80.6489		7.00602e+06		7.65198		
00:00:34:600		7.00413e+06		126.985		80.1028		1.57464e+06		0.900176		291.857			00:00:34:600		1.18677e+07		-4.39897		5.77677		83.9761		7.00423e+06		8.67947		
00:00:34:500		7.00294e+06		126.902		80.1028		1.57464e+06		0.900176		291.886			00:00:34:500		1.18799e+07		-4.38592		5.78299		85.703		7.00304e+06		9.67753		
00:00:34:399		7.00174e+06		126.902		79.9157		1.57131e+06		0.897989		291.915			00:00:34:399		1.18921e+07		-4.37289		5.77702		87.4295		7.00187e+06		11.3551		
00:00:34:299		7.00055e+06		126.902		79.9157		1.57131e+06		0.897989		291.943			00:00:34:299		1.19043e+07		-4.35989		5.77063		89.1452		7.00071e+06		13.2807		
00:00:34:299		7.00055e+06		126.902		79.9157		1.57131e+06		0.897989		291.943			00:00:34:299		1.19043e+07		-4.35989		5.77063		89.1452		7.00071e+06		13.2807		
00:00:34:200		6.99934e+06		126.819		79.7352		1.56787e+06		0.895799		291.97			00:00:34:200		1.19165e+07		-4.3469		5.76447		90.8609		6.99954e+06		14.7595		
00:00:34:100		6.99813e+06		126.819		79.7352		1.56787e+06		0.895799		291.996			00:00:34:100		1.19287e+07		-4.33389		5.75804		92.5868		6.99834e+06		15.2729		
00:00:33:899		6.99566e+06		126.736		79.5564		1.56432e+06		0.893605		292.047			00:00:33:899		1.1953e+07		-4.30776		5.745		95.9885		6.99587e+06		14.3963		
00:00:33:899		6.99566e+06		126.736		79.5564		1.56432e+06		0.893605		292.047			00:00:33:899		1.1953e+07		-4.30776		5.745		95.9885		6.99587e+06		14.3963		
00:00:33:799		6.99444e+06		126.736		79.5564		1.56432e+06		0.893605		292.071			00:00:33:799		1.19652e+07		-4.29458		5.73855		97.6951		6.99463e+06		13.6488		
00:00:33:700		6.99324e+06		126.652		79.3721		1.56057e+06		0.891409		292.094			00:00:33:700		1.19774e+07		-4.28129		5.7322		99.3924		6.99341e+06		12.7133		
00:00:33:600		6.99205e+06		126.652		79.3721		1.56057e+06		0.891409		292.117			00:00:33:600		1.19895e+07		-4.26789		5.72573		101.072		6.99222e+06		13.4978		
00:00:33:500		6.99087e+06		126.566		79.3721		1.56057e+06		0.891409		292.139			00:00:33:500		1.20018e+07		-4.25434		5.719		102.752		6.99107e+06		15.5355		
00:00:33:399		6.9897e+06		126.566		79.1818		1.55647e+06		0.88921		292.16			00:00:33:399		1.2014e+07		-4.24066		5.71205		104.443		6.98995e+06		17.9282		
00:00:33:299		6.98854e+06		126.566		79.1818		1.55647e+06		0.88921		292.182			00:00:33:299		1.20263e+07		-4.22685		5.70503		106.143		6.98884e+06		20.1127		
00:00:33:200		6.98737e+06		126.479		78.9855		1.55192e+06		0.887006		292.203			00:00:33:200		1.20385e+07		-4.21293		5.69804		107.827		6.98772e+06		21.7592		
00:00:33:049		6.9856e+06		126.479		78.9855		1.55192e+06		0.887006		292.234			00:00:33:049		1.20569e+07		-4.19195		5.68794		110.391		6.986e+06		23.0304		
00:00:32:850		6.98322e+06		126.39		78.7827		1.54686e+06		0.884799		292.277			00:00:32:850		1.20813e+07		-4.16413		5.6734		113.854		6.98362e+06		22.5852		
00:00:32:850		6.98322e+06		126.39		78.7827		1.54686e+06		0.884799		292.277			00:00:32:850		1.20813e+07		-4.16413		5.6734		113.854		6.98362e+06		22.5852		
00:00:32:750		6.98202e+06		126.296		78.7827		1.54686e+06		0.884799		292.299			00:00:32:750		1.20936e+07		-4.15046		5.66619		115.594		6.9824e+06		22.129		
00:00:32:649		6.98081e+06		126.296		78.5732		1.54116e+06		0.882588		292.321			00:00:32:649		1.21057e+07		-4.13703		5.65918		117.332		6.98119e+06		22.0888		
00:00:32:500		6.97900e+06		126.197		78.5732		1.54116e+06		0.882588		292.354			00:00:32:500		1.21239e+07		-4.11741		5.64847		119.97		6.9794e+06		23.0346		
00:00:32:500		6.97900e+06		126.197		78.5732		1.54116e+06		0.882588		292.354			00:00:32:500		1.21239e+07		-4.11741		5.64847		119.97		6.9794e+06		23.0346		
00:00:32:399		6.97779e+06		126.197		78.3568		1.53473e+06		0.880372		292.377			00:00:32:399		1.2136e+07		-4.10467		5.64078		121.765		6.97822e+06		24.2902		
00:00:32:299		6.97657e+06		126.197		78.3568		1.53473e+06		0.880372		292.401			00:00:32:299		1.2148e+07		-4.0921		5.63292		123.589		6.97703e+06		25.7442		
00:00:32:200		6.97533e+06		126.09		78.1334		1.52749e+06		0.87815		292.425			00:00:32:200		1.21599e+07		-4.07956		5.62546		125.41		6.97584e+06		27.0217		
00:00:32:100		6.97406e+06		126.09		78.1334		1.52749e+06		0.87815		292.451			00:00:32:100		1.21719e+07		-4.06703		5.61832		127.243		6.97461e+06		28.2315		
00:00:31:899		6.97147e+06		125.973		77.9029		1.51935e+06		0.875922		292.505			00:00:31:899		1.21956e+07		-4.04201		5.603		131.054		6.9721e+06		30.4081		
00:00:31:899		6.97147e+06		125.973		77.9029		1.51935e+06		0.875922		292.505			00:00:31:899		1.21956e+07		-4.04201		5.603		131.054		6.9721e+06		30.4081		
00:00:31:750		6.96948e+06		125.843		77.9029		1.51935e+06		0.875922		292.551			00:00:31:750		1.22134e+07		-4.02323		5.59048		133.963		6.97017e+06		32.4569		
00:00:31:649		6.96812e+06		125.843		77.6654		1.51037e+06		0.873687		292.583			00:00:31:649		1.22251e+07		-4.01068		5.58288		135.923		6.96888e+06		34.3476		
00:00:31:550		6.96675e+06		125.843		77.6654		1.51037e+06		0.873687		292.618			00:00:31:550		1.22369e+07		-3.99811		5.57579		137.926		6.96759e+06		36.4763		
00:00:31:449		6.96535e+06		125.697		77.4212		1.50061e+06		0.871445		292.655			00:00:31:449		1.22487e+07		-3.98541		5.56822		140.016		6.96628e+06		38.7138		
00:00:31:350		6.96391e+06		125.697		77.4212		1.50061e+06		0.871445		292.693			00:00:31:350		1.22605e+07		-3.97258		5.55964		142.164		6.96494e+06		40.9428		
00:00:31:250		6.96244e+06		125.534		77.4212		1.50061e+06		0.871445		292.733			00:00:31:250		1.22724e+07		-3.95963		5.55056		144.341		6.96357e+06		43.0464		
00:00:31:149		6.96094e+06		125.534		77.1707		1.49022e+06		0.869193		292.774			00:00:31:149		1.22843e+07		-3.94657		5.54189		146.532		6.96216e+06		45.0255		
00:00:31:050		6.95939e+06		125.534		77.1707		1.49022e+06		0.869193		292.817			00:00:31:050		1.22961e+07		-3.9334		5.53462		148.801		6.96072e+06		46.9068		
00:00:30:949		6.95782e+06		125.355		76.9146		1.47936e+06		0.866933		292.862			00:00:30:949		1.2308e+07		-3.92014		5.52735		151.239		6.95924e+06		48.65		
00:00:30:850		6.95621e+06		125.355		76.9146		1.47936e+06		0.866933		292.908			00:00:30:850		1.23198e+07		-3.90679		5.5194		153.864		6.95772e+06		50.408		
00:00:30:750		6.95457e+06		125.158		76.9146		1.47936e+06		0.866933		292.957			00:00:30:750		1.23316e+07		-3.89337		5.50955		156.605		6.95618e+06		52.3345		
00:00:30:649		6.95289e+06		125.158		76.6538		1.4682e+06		0.864662		293.008			00:00:30:649		1.23434e+07		-3.87988		5.50014		159.439		6.95462e+06		54.5955		
00:00:30:550		6.95118e+06		125.158		76.6538		1.4682e+06		0.864662		293.061			00:00:30:550		1.23552e+07		-3.86633		5.49259		162.649		6.95305e+06		57.1423		
00:00:30:449		6.94943e+06		124.948		76.3893		1.45686e+06		0.862381		293.116			00:00:30:449		1.23669e+07		-3.85273		5.49093		166.861		6.95148e+06		60.113		
00:00:30:350		6.94764e+06		124.948		76.3893		1.45686e+06		0.862381		293.169			00:00:30:350		1.23786e+07		-3.83908		5.47769		173.144		6.94989e+06		63.3948		
00:00:30:250		6.94579e+06		124.729		76.3893		1.45686e+06		0.862381		293.239			00:00:30:250		1.23902e+07		-3.82539		5.46879		183.491		6.94827e+06		66.7923		
00:00:30:149		6.94389e+06		124.729		76.1217		1.44539e+06		0.856004		293.287			00:00:30:149		1.24019e+07		-3.81167		5.458		201.927		6.94661e+06		69.9692		
00:00:30:050		6.9419e+06		124.729		76.1217		1.44539e+06		0.856004		293.351			00:00:30:050		1.24136e+07		-3.79792		5.45005		235.35		6.94484e+06		72.672		
00:00:29:850		6.93758e+06		124.505		75.8514		1.43377e+06		0.849607		293.484			00:00:29:850		1.24369e+07		-3.7704		5.43609		334.896		6.94092e+06		77.201		
00:00:29:850		6.93758e+06		124.505		75.8514		1.43377e+06		0.849607		293.484			00:00:29:850		1.24369e+07		-3.7704		5.43609		334.896		6.94092e+06		77.201		
00:00:29:750		6.93522e+06		124.28		75.8514		1.43377e+06		0.849607		293.552			00:00:29:750		1.24485e+07		-3.75664		5.42385		381.403		6.93874e+06		79.1269		
00:00:29:649		6.93274e+06		124.28		75.5787		1.42205e+06		0.84319		293.621			00:00:29:649		1.24601e+07		-3.74288		5.41048		421.514		6.93642e+06		80.9264		
00:00:29:550		6.93012e+06		124.28		75.5787		1.42205e+06		0.84319		293.692			00:00:29:550		1.24718e+07		-3.72911		5.40091		454.945		6.93396e+06		82.5079		
00:00:29:449		6.9274e+06		124.054		75.3036		1.41027e+06		0.836753		293.765			00:00:29:449		1.24833e+07		-3.71534		5.39616		482.178		6.93136e+06		83.3258		
00:00:29:350		6.92457e+06		124.054		75.3036		1.41027e+06		0.836753		293.84			00:00:29:350		1.24949e+07		-3.70156		5.39041		503.872		6.92861e+06		84.1352		
00:00:29:250		6.92162e+06		123.827		75.3036		1.41027e+06		0.836753		293.917			00:00:29:250		1.25065e+07		-3.68777		5.37852		520.234		6.92574e+06		85.0122		
00:00:29:149		6.91855e+06		123.827		75.0264		1.39832e+06		0.830296		293.997			00:00:29:149		1.2518e+07		-3.67397		5.36217		530.385		6.92277e+06		86.069		
00:00:29:050		6.91537e+06		123.827		75.0264		1.39832e+06		0.830296		294.079			00:00:29:050		1.25296e+07		-3.66017		5.34917		533.795		6.91971e+06		87.4006		
00:00:28:899		6.91039e+06		123.599		74.747		1.38623e+06		0.823817		294.206			00:00:28:899		1.25469e+07		-3.63945		5.34445		535.426		6.91499e+06		90.5642		
00:00:28:850		6.90865e+06		123.599		74.747		1.38623e+06		0.823817		294.25			00:00:28:850		1.25527e+07		-3.63254		5.34336		535.95		6.91339e+06		91.9534		
00:00:28:750		6.90511e+06		123.37		74.747		1.38623e+06		0.823817		294.338			00:00:28:750		1.25642e+07		-3.61871		5.33388		536.998		6.91011e+06		94.6887		
00:00:28:649		6.90146e+06		123.37		74.4655		1.374e+06		0.817316		294.428			00:00:28:649		1.25757e+07		-3.60487		5.31447		538.029		6.90674e+06		97.4266		
00:00:28:500		6.89582e+06		123.141		74.4655		1.374e+06		0.817316		294.568			00:00:28:500		1.2593e+07		-3.58409		5.29027		539.575		6.90154e+06		101.559		
00:00:28:399		6.89195e+06		123.141		74.1821		1.36162e+06		0.810794		294.664			00:00:28:399		1.26044e+07		-3.57021		5.28999		540.612		6.89796e+06		104.218		
00:00:28:300		6.88802e+06		123.141		74.1821		1.36162e+06		0.810794		294.762			00:00:28:300		1.26158e+07		-3.55631		5.29167		541.659		6.89428e+06		106.334		
00:00:28:250		6.88401e+06		122.911		73.8967		1.34911e+06		0.804251		294.862			00:00:28:250		1.26272e+07		-3.5424		5.2804		542.725		6.89051e+06		108.467		
00:00:28:100		6.87988e+06		122.911		73.8967		1.34911e+06		0.804251		294.964			00:00:28:100		1.26386e+07		-3.52848		5.25392		543.818		6.88664e+06		110.559		
00:00:27:949		6.87349e+06		122.68		73.6093		1.33646e+06		0.797685		295.118			00:00:27:949		1.26556e+07		-3.5076		5.22661		545.513		6.8806e+06		113.335		
00:00:27:800		6.86687e+06		122.68		73.6093		1.33646e+06		0.797685		295.272			00:00:27:800		1.26725e+07		-3.48672		5.23878		547.284		6.87425e+06		115.107		
00:00:27:800		6.86687e+06		122.68		73.6093		1.33646e+06		0.797685		295.272			00:00:27:800		1.26725e+07		-3.48672		5.23878		547.284		6.87425e+06		115.107		
00:00:27:699		6.86236e+06		122.448		73.3198		1.32368e+06		0.791097		295.375			00:00:27:699		1.26838e+07		-3.47282		5.23571		548.516		6.86981e+06		115.128		
00:00:27:600		6.85779e+06		122.448		73.3198		1.32368e+06		0.791097		295.478			00:00:27:600		1.2695e+07		-3.45892		5.20582		549.792		6.86518e+06		114.008		
00:00:27:500		6.85308e+06		122.215		73.3198		1.32368e+06		0.791097		295.582			00:00:27:500		1.27062e+07		-3.44502		5.16917		551.116		6.86034e+06		112.644		
00:00:27:399		6.84816e+06		122.215		73.0281		1.31074e+06		0.784487		295.686			00:00:27:399		1.27173e+07		-3.43112		5.15768		552.49		6.8553e+06		111.268		
00:00:27:300		6.843e+06		122.215		73.0281		1.31074e+06		0.784487		295.792			00:00:27:300		1.27285e+07		-3.41722		5.17895		553.91		6.85003e+06		110.157		
00:00:27:199		6.8376e+06		121.981		72.7343		1.29764e+06		0.777856		295.9			00:00:27:199		1.27397e+07		-3.40332		5.19366		555.377		6.84456e+06		109.222		
00:00:27:199		6.8376e+06		121.981		72.7343		1.29764e+06		0.777856		295.9			00:00:27:199		1.27397e+07		-3.40332		5.19366		555.377		6.84456e+06		109.222		
00:00:27:100		6.83198e+06		121.981		72.7343		1.29764e+06		0.777856		296.006			00:00:27:100		1.27508e+07		-3.38941		5.16789		556.888		6.83887e+06		108.369		
00:00:27:000		6.82615e+06		121.748		72.7343		1.29764e+06		0.777856		296.113			00:00:27:000		1.2762e+07		-3.37551		5.1126		558.433		6.83298e+06		107.748		
00:00:26:800		6.81392e+06		121.748		72.4382		1.2844e+06		0.771203		296.327			00:00:26:800		1.27842e+07		-3.34771		5.10873		561.551		6.82084e+06		109.078		
00:00:26:699		6.80756e+06		121.513		72.1397		1.27102e+06		0.764529		296.435			00:00:26:699		1.27953e+07		-3.33381		5.14781		563.071		6.81466e+06		109.919		
00:00:26:600		6.80111e+06		121.513		72.1397		1.27102e+06		0.764529		296.542			00:00:26:600		1.28064e+07		-3.3199		5.14103		564.523		6.80824e+06		109.685		
00:00:26:500		6.79441e+06		121.278		72.1397		1.27102e+06		0.764529		296.648			00:00:26:500		1.28174e+07		-3.30599		5.05485		565.858		6.80153e+06		109.148		
00:00:26:500		6.79441e+06		121.278		72.1397		1.27102e+06		0.764529		296.648			00:00:26:500		1.28174e+07		-3.30599		5.05485		565.858		6.80153e+06		109.148		
00:00:26:399		6.78749e+06		121.278		71.8386		1.2575e+06		0.757834		296.754			00:00:26:399		1.28284e+07		-3.29208		4.96272		567.005		6.79455e+06		108.305		
00:00:26:300		6.78038e+06		121.278		71.8386		1.2575e+06		0.757834		296.86			00:00:26:300		1.28394e+07		-3.27816		4.86874		567.895		6.78736e+06		107.376		
00:00:26:100		6.76574e+06		121.042		71.5349		1.2438e+06		0.751118		297.066			00:00:26:100		1.28613e+07		-3.25034		4.6904		568.575		6.77256e+06		105.94		
00:00:26:100		6.76574e+06		121.042		71.5349		1.2438e+06		0.751118		297.066			00:00:26:100		1.28613e+07		-3.25034		4.6904		568.575		6.77256e+06		105.94		
00:00:26:000		6.75828e+06		120.805		71.5349		1.2438e+06		0.751118		297.164			00:00:26:000		1.28722e+07		-3.23643		4.60406		568.206		6.76508e+06		106.072		
00:00:25:800		6.74326e+06		120.805		71.2282		1.22997e+06		0.744382		297.35			00:00:25:800		1.2894e+07		-3.20862		4.41937		565.823		6.75035e+06		109.6		
00:00:25:800		6.74326e+06		120.805		71.2282		1.22997e+06		0.744382		297.35			00:00:25:800		1.2894e+07		-3.20862		4.41937		565.823		6.75035e+06		109.6		
00:00:25:699		6.7359e+06		120.569		70.9182		1.216e+06		0.737629		297.438			00:00:25:699		1.29048e+07		-3.1947		4.32667		563.949		6.74321e+06		111.919		
00:00:25:500		6.72251e+06		120.331		70.9182		1.216e+06		0.737629		297.602			00:00:25:500		1.29266e+07		-3.16685		4.1588		560.497		6.73004e+06		115.027		
00:00:25:500		6.72251e+06		120.331		70.9182		1.216e+06		0.737629		297.602			00:00:25:500		1.29266e+07		-3.16685		4.1588		560.497		6.73004e+06		115.027		
00:00:25:399		6.71708e+06		120.331		70.6054		1.20185e+06		0.73086		297.678			00:00:25:399		1.29374e+07		-3.1529		4.07231		559.387		6.72471e+06		117.801		
00:00:25:300		6.71154e+06		120.331		70.6054		1.20185e+06		0.73086		297.749			00:00:25:300		1.29483e+07		-3.13896		3.97721		558.653		6.72117e+06		142.631		
00:00:25:199		6.6966e+06		120.093		70.2898		1.18755e+06		0.724079		297.816			00:00:25:199		1.29591e+07		-3.125		3.88161		558.232		6.71995e+06		246.067		
00:00:25:100		6.65865e+06		120.093		70.2898		1.18755e+06		0.724079		297.879			00:00:25:100		1.29699e+07		-3.11102		3.79601		557.93		6.7205e+06		361.15		
00:00:24:899		6.62319e+06		119.855		69.9716		1.17305e+06		0.717288		297.991			00:00:24:899		1.29916e+07		-3.08303		3.64374		557.259		6.7243e+06		461.934		
00:00:24:899		6.62319e+06		119.855		69.9716		1.17305e+06		0.717288		297.991			00:00:24:899		1.29916e+07		-3.08303		3.64374		557.259		6.7243e+06		461.934		
00:00:24:800		6.6116e+06		119.855		69.9716		1.17305e+06		0.717288		298.041			00:00:24:800		1.30024e+07		-3.06901		3.55257		556.907		6.72682e+06		487.967		
00:00:24:699		6.61098e+06		119.616		69.6507		1.15834e+06		0.710489		298.089			00:00:24:699		1.30132e+07		-3.05497		3.45372		556.573		6.72934e+06		486.782		
00:00:24:550		6.61501e+06		119.616		69.6507		1.15834e+06		0.710489		298.161			00:00:24:550		1.30295e+07		-3.03389		3.33188		556.111		6.73314e+06		486.917		
00:00:24:449		6.61673e+06		119.377		69.3272		1.14352e+06		0.70368		298.209			00:00:24:449		1.30403e+07		-3.01983		3.27207		555.834		6.73572e+06		489.681		
00:00:24:399		6.61739e+06		119.377		69.3272		1.14352e+06		0.70368		298.233			00:00:24:399		1.30457e+07		-3.01279		3.23956		555.701		6.73703e+06		491.046		
00:00:24:300		6.61876e+06		119.377		69.3272		1.14352e+06		0.70368		298.281			00:00:24:300		1.30566e+07		-2.99871		3.15597		555.449		6.73967e+06		493.763		
00:00:24:149		6.62089e+06		119.137		69.0009		1.12851e+06		0.696863		298.355			00:00:24:149		1.30728e+07		-2.97759		2.99728		555.077		6.74371e+06		497.794		
00:00:23:949		6.62409e+06		118.896		68.6717		1.11332e+06		0.690036		298.455			00:00:23:949		1.30944e+07		-2.94939		2.87877		554.562		6.74916e+06		502.367		
00:00:23:850		6.62631e+06		118.896		68.6717		1.11332e+06		0.690036		298.506			00:00:23:850		1.31052e+07		-2.93527		2.83105		554.299		6.75188e+06		502.958		
00:00:23:850		6.62631e+06		118.896		68.6717		1.11332e+06		0.690036		298.506			00:00:23:850		1.31052e+07		-2.93527		2.83105		554.299		6.75188e+06		502.958		
00:00:23:750		6.62899e+06		118.656		68.6717		1.11332e+06		0.690036		298.558			00:00:23:750		1.31159e+07		-2.92114		2.72796		554.032		6.75457e+06		503.083		
00:00:23:649		6.63166e+06		118.656		68.3395		1.09795e+06		0.6832		298.61			00:00:23:649		1.31267e+07		-2.90699		2.60076		553.76		6.75724e+06		503.211		
00:00:23:550		6.63431e+06		118.656		68.3395		1.09795e+06		0.6832		298.663			00:00:23:550		1.31375e+07		-2.89284		2.50201		553.484		6.7599e+06		503.338		
00:00:23:449		6.63694e+06		118.414		68.004		1.08236e+06		0.676354		298.716			00:00:23:449		1.31483e+07		-2.87867		2.49979		553.207		6.76254e+06		503.478		
00:00:23:350		6.63956e+06		118.414		68.004		1.08236e+06		0.676354		298.77			00:00:23:350		1.31591e+07		-2.86448		2.50239		552.925		6.76516e+06		503.605		
00:00:23:250		6.64216e+06		118.172		68.004		1.08236e+06		0.676354		298.825			00:00:23:250		1.31699e+07		-2.85028		2.50501		552.64		6.76777e+06		503.741		
00:00:23:149		6.64474e+06		118.172		67.6653		1.06662e+06		0.669497		298.88			00:00:23:149		1.31806e+07		-2.83607		2.50761		552.354		6.77036e+06		503.874		
00:00:23:050		6.6473e+06		118.172		67.6653		1.06662e+06		0.669497		298.935			00:00:23:050		1.31914e+07		-2.82183		2.51019		552.066		6.77293e+06		504.006		
00:00:22:949		6.64984e+06		117.93		67.3232		1.05072e+06		0.66263		298.991			00:00:22:949		1.32021e+07		-2.80759		2.51273		551.776		6.77548e+06		504.137		
00:00:22:850		6.65237e+06		117.93		67.3232		1.05072e+06		0.66263		299.047			00:00:22:850		1.32128e+07		-2.79333		2.51537		551.483		6.77802e+06		504.268		
00:00:22:750		6.65488e+06		117.687		67.3232		1.05072e+06		0.66263		299.104			00:00:22:750		1.32236e+07		-2.77906		2.51795		551.191		6.78054e+06		504.397		
00:00:22:649		6.65737e+06		117.687		66.9775		1.03463e+06		0.655753		299.16			00:00:22:649		1.32343e+07		-2.76479		2.52046		550.897		6.78305e+06		504.533		
00:00:22:550		6.65985e+06		117.687		66.9775		1.03463e+06		0.655753		299.217			00:00:22:550		1.3245e+07		-2.7505		2.52307		550.603		6.78554e+06		504.669		
00:00:22:449		6.66231e+06		117.444		66.6284		1.01832e+06		0.648864		299.274			00:00:22:449		1.32558e+07		-2.73622		2.52553		550.31		6.78801e+06		504.809		
00:00:22:250		6.66475e+06		117.444		66.6284		1.01832e+06		0.648864		299.332			00:00:22:250		1.32665e+07		-2.72193		2.52805		550.018		6.79047e+06		504.947		
00:00:22:250		6.66719e+06		117.2		66.6284		1.01832e+06		0.648864		299.389			00:00:22:250		1.32772e+07		-2.70764		2.53059		549.725		6.79292e+06		505.099		
00:00:22:149		6.6696e+06		117.2		66.2761		1.00179e+06		0.641965		299.447			00:00:22:149		1.3288e+07		-2.69334		2.53314		549.434		6.79536e+06		505.254		
00:00:22:050		6.672e+06		117.2		66.2761		1.00179e+06		0.641965		299.506			00:00:22:050		1.32987e+07		-2.67903		2.53563		549.144		6.79779e+06		505.418		
00:00:21:949		6.67439e+06		116.956		65.9209		984994		0.635055		299.564			00:00:21:949		1.33095e+07		-2.66471		2.53815		548.858		6.80021e+06		505.602		
00:00:21:850		6.67676e+06		116.956		65.9209		984994		0.635055		299.623			00:00:21:850		1.33202e+07		-2.65037		2.54064		548.573		6.80262e+06		505.788		
00:00:21:750		6.67912e+06		116.712		65.9209		984994		0.635055		299.681			00:00:21:750		1.3331e+07		-2.63603		2.54318		548.289		6.80503e+06		505.998		
00:00:21:649		6.68146e+06		116.712		65.5631		967984		0.628134		299.739			00:00:21:649		1.33417e+07		-2.62167		2.54577		548.008		6.80743e+06		506.235		
00:00:21:550		6.6838e+06		116.712		65.5631		967984		0.628134		299.798			00:00:21:550		1.33524e+07		-2.60729		2.54829		547.733		6.80983e+06		506.478		
00:00:21:449		6.68612e+06		116.467		65.2031		950810		0.621202		299.856			00:00:21:449		1.33631e+07		-2.5929		2.5508		547.462		6.81223e+06		506.743		
00:00:21:350		6.68843e+06		116.467		65.2031		950810		0.621202		299.915			00:00:21:350		1.33738e+07		-2.57849		2.55333		547.193		6.81462e+06		507.037		
00:00:21:250		6.69072e+06		116.221		65.2031		950810		0.621202		300.003			00:00:21:250		1.33898e+07		-2.55686		2.55702		546.797		6.81822e+06		507.531		
00:00:21:149		6.69300e+06		116.221		64.8406		933408		0.614259		300.032			00:00:21:149		1.33951e+07		-2.54964		2.55833		546.665		6.81942e+06		507.707		
00:00:21:050		6.69528e+06		116.221		64.8406		933408		0.614259		300.091			00:00:21:050		1.34058e+07		-2.5352		2.56086		546.403		6.82182e+06		508.073		
00:00:20:850		6.69979e+06		115.974		64.4755		915779		0.607305		300.207			00:00:20:850		1.34271e+07		-2.50629		2.5659		545.888		6.82663e+06		508.924		
00:00:20:850		6.69979e+06		115.974		64.4755		915779		0.607305		300.207			00:00:20:850		1.34271e+07		-2.50629		2.5659		545.888		6.82663e+06		508.924		
00:00:20:750		6.70203e+06		115.727		64.4755		915779		0.607305		300.265			00:00:20:750		1.34377e+07		-2.49185		2.56837		545.633		6.82905e+06		509.411		
00:00:20:600		6.70538e+06		115.727		64.1077		897950		0.600339		300.352			00:00:20:600		1.34535e+07		-2.47019		2.57222		545.246		6.83271e+06		510.231		
00:00:20:500		6.70759e+06		115.479		64.1077		897950		0.600339		300.41			00:00:20:500		1.3464e+07		-2.45573		2.5747		544.987		6.83517e+06		510.867		
00:00:20:399		6.7098e+06		115.479		63.7371		879888		0.593364		300.468			00:00:20:399		1.34744e+07		-2.44127		2.57702		544.729		6.83765e+06		511.538		
00:00:20:300		6.71199e+06		115.479		63.7371		879888		0.593364		300.526			00:00:20:300		1.34849e+07		-2.42679		2.57928		544.473		6.84014e+06		512.258		
00:00:20:250		6.71308e+06		115.231		63.7371		879888		0.593364		300.554			00:00:20:250		1.34901e+07		-2.41954		2.5803		544.345		6.84139e+06		512.637		
00:00:20:149		6.71524e+06		115.231		63.3635		861593		0.586377		300.611			00:00:20:149		1.35006e+07		-2.40504		2.58235		544.093		6.84389e+06		513.422		
00:00:20:050		6.71739e+06		115.231		63.3635		861593		0.586377		300.667			00:00:20:050		1.35111e+07		-2.39051		2.58447		543.843		6.8464e+06		514.246		
00:00:19:949		6.71952e+06		114.982		62.987		843062		0.579379		300.722			00:00:19:949		1.35215e+07		-2.37597		2.58705		543.598		6.84889e+06		515.085		
00:00:19:800		6.72265e+06		114.982		62.987		843062		0.579379		300.801			00:00:19:800		1.35373e+07		-2.35413		2.59156		543.238		6.85257e+06		516.267		
00:00:19:699		6.72470e+06		114.732		62.6074		824330		0.572371		300.855			00:00:19:699		1.35478e+07		-2.33955		2.59463		543.007		6.85495e+06		516.991		
00:00:19:600		6.72673e+06		114.732		62.6074		824330		0.572371		300.909			00:00:19:600		1.35583e+07		-2.32495		2.59767		542.784		6.85728e+06		517.664		
00:00:19:500		6.72873e+06		114.482		62.6074		824330		0.572371		300.965			00:00:19:500		1.35688e+07		-2.31034		2.60063		542.565		6.85957e+06		518.301		
00:00:19:399		6.7307e+06		114.482		62.2252		805390		0.565352		301.021			00:00:19:399		1.35793e+07		-2.29572		2.6036		542.351		6.86181e+06		518.899		
00:00:19:350		6.73168e+06		114.482		62.2252		805390		0.565352		301.05			00:00:19:350		1.35845e+07		-2.28841		2.60504		542.243		6.86291e+06		519.187		
00:00:19:199		6.73457e+06		114.23		61.8406		786214		0.558321		301.136			00:00:19:199		1.36003e+07		-2.26646		2.60922		541.933		6.86616e+06		520.008		
00:00:19:100		6.73647e+06		114.23		61.8406		786214		0.558321		301.194			00:00:19:100		1.36107e+07		-2.25183		2.61193		541.731		6.86828e+06		520.525		
00:00:19:000		6.73834e+06		113.979		61.8406		786214		0.558321		301.252			00:00:19:000		1.36212e+07		-2.23722		2.61466		541.53		6.87037e+06		521.012		
00:00:18:899		6.7402e+06		113.979		61.4541		766765		0.551278		301.311			00:00:18:899		1.36317e+07		-2.22263		2.61744		541.333		6.87242e+06		521.471		
00:00:18:800		6.74202e+06		113.979		61.4541		766765		0.551278		301.371			00:00:18:800		1.36421e+07		-2.20807		2.62012		541.14		6.87444e+06		521.923		
00:00:18:699		6.74383e+06		113.726		61.066		746980		0.544223		301.43			00:00:18:699		1.36525e+07		-2.19353		2.62279		540.947		6.87643e+06		522.352		
00:00:18:600		6.74561e+06		113.726		61.066		746980		0.544223		301.49			00:00:18:600		1.36629e+07		-2.17903		2.62541		540.76		6.87839e+06		522.779		
00:00:18:500		6.74737e+06		113.473		61.066		746980		0.544223		301.55			00:00:18:500		1.36733e+07		-2.16458		2.62807		540.57		6.88032e+06		523.185		
00:00:18:399		6.74911e+06		113.473		60.6762		726926		0.537156		301.611			00:00:18:399		1.36837e+07		-2.15018		2.63077		540.384		6.88223e+06		523.571		
00:00:18:399		6.74911e+06		113.473		60.6762		726926		0.537156		301.611			00:00:18:399		1.36837e+07		-2.15018		2.63077		540.384		6.88223e+06		523.571		
00:00:18:300		6.75083e+06		113.473		60.6762		726926		0.537156		301.672			00:00:18:300		1.3694e+07		-2.13583		2.63341		540.202		6.88411e+06		523.951		
00:00:18:100		6.75421e+06		113.22		60.2849		706634		0.530076		301.794			00:00:18:100		1.37148e+07		-2.10731		2.63866		539.839		6.88778e+06		524.676		
00:00:18:000		6.75586e+06		112.965		60.2849		706634		0.530076		301.855			00:00:18:000		1.37251e+07		-2.09315		2.64129		539.66		6.88959e+06		525.023		
00:00:18:000		6.75586e+06		112.965		60.2849		706634		0.530076		301.855			00:00:18:000		1.37251e+07		-2.09315		2.64129		539.66		6.88959e+06		525.023		
00:00:17:800		6.75912e+06		112.965		59.8918		686002		0.522984		301.978			00:00:17:800		1.37458e+07		-2.06503		2.64652		539.307		6.89312e+06		525.696		
00:00:17:800		6.75912e+06		112.965		59.8918		686002		0.522984		301.978			00:00:17:800		1.37458e+07		-2.06503		2.64652		539.307		6.89312e+06		525.696		
00:00:17:699		6.76072e+06		112.71		59.4969		665068		0.51588		302.04			00:00:17:699		1.37562e+07		-2.05108		2.64913		539.132		6.89485e+06		526.019		
00:00:17:500		6.76386e+06		112.454		59.4969		665068		0.51588		302.162			00:00:17:500		1.37768e+07		-2.02345		2.6543		538.788		6.89823e+06		526.635		
00:00:17:399		6.76539e+06		112.454		59.1004		643895		0.508762		302.223			00:00:17:399		1.37872e+07		-2.00977		2.65683		538.614		6.89989e+06		526.93		
00:00:17:300		6.76691e+06		112.454		59.1004		643895		0.508762		302.284			00:00:17:300		1.37976e+07		-1.99619		2.65932		538.446		6.90153e+06		527.219		
00:00:17:199		6.76841e+06		112.198		58.7025		622381		0.501633		302.345			00:00:17:199		1.38079e+07		-1.9827		2.66194		538.275		6.90314e+06		527.496		
00:00:17:100		6.7699e+06		112.198		58.7025		622381		0.501633		302.407			00:00:17:100		1.38183e+07		-1.96931		2.66457		538.109		6.90473e+06		527.764		
00:00:17:100		6.7699e+06		112.198		58.7025		622381		0.501633		302.407			00:00:17:100		1.38183e+07		-1.96931		2.66457		538.109		6.90473e+06		527.764		
00:00:17:000		6.77136e+06		111.94		58.7025		622381		0.501633		302.468			00:00:17:000		1.38287e+07		-1.95602		2.66714		537.945		6.9063e+06		528.03		
00:00:16:800		6.77423e+06		111.94		58.3037		600499		0.49449		302.591			00:00:16:800		1.38493e+07		-1.92972		2.67232		537.612		6.90937e+06		528.531		
00:00:16:800		6.77423e+06		111.94		58.3037		600499		0.49449		302.591			00:00:16:800		1.38493e+07		-1.92972		2.67232		537.612		6.90937e+06		528.531		
00:00:16:699		6.77564e+06		111.681		57.9041		578281		0.487335		302.652			00:00:16:699		1.38597e+07		-1.91671		2.67493		537.45		6.91088e+06		528.756		
00:00:16:550		6.77772e+06		111.681		57.9041		578281		0.487335		302.743			00:00:16:550		1.38752e+07		-1.89736		2.67889		537.207		6.91309e+06		529.104		
00:00:16:500		6.7784e+06		111.421		57.9041		578281		0.487335		302.773			00:00:16:500		1.38804e+07		-1.89096		2.68019		537.127		6.91381e+06		529.204		
00:00:16:399		6.77975e+06		111.421		57.504		555730		0.480167		302.834			00:00:16:399		1.38908e+07		-1.87821		2.68292		536.967		6.91525e+06		529.417		
00:00:16:300		6.78108e+06		111.421		57.504		555730		0.480167		302.894			00:00:16:300		1.39013e+07		-1.86554		2.68552		536.807		6.91666e+06		529.626		
00:00:16:100		6.7837e+06		111.16		57.1034		532744		0.472986		303.015			00:00:16:100		1.39223e+07		-1.84033		2.69068		536.491		6.91943e+06		530.026		
00:00:16:100		6.7837e+06		111.16		57.1034		532744		0.472986		303.015			00:00:16:100		1.39223e+07		-1.84033		2.69068		536.491		6.91943e+06		530.026		
00:00:15:900		6.78625e+06		110.897		56.7025		509268		0.465793		303.135			00:00:15:900		1.39435e+07		-1.81522		2.69594		536.176		6.92212e+06		530.403		
00:00:15:800		6.78749e+06		110.897		56.7025		509268		0.465793		303.195			00:00:15:800		1.39542e+07		-1.80266		2.69848		536.016		6.92344e+06		530.584		
00:00:15:800		6.78749e+06		110.897		56.7025		509268		0.465793		303.195			00:00:15:800		1.39542e+07		-1.80266		2.69848		536.016		6.92344e+06		530.584		
00:00:15:650		6.78933e+06		110.633		56.3014		485341		0.458587		303.284			00:00:15:650		1.39704e+07		-1.78377		2.70243		535.779		6.92538e+06		530.867		
00:00:15:550		6.79053e+06		110.633		56.3014		485341		0.458587		303.344			00:00:15:550		1.39814e+07		-1.77114		2.705		535.619		6.92665e+06		531.044		
00:00:15:449		6.79171e+06		110.366		55.9003		461189		0.451368		303.404			00:00:15:449		1.39926e+07		-1.75846		2.70767		535.461		6.9279e+06		531.213		
00:00:15:349		6.79288e+06		110.366		55.9003		461189		0.451368		303.464			00:00:15:349		1.40039e+07		-1.74572		2.71044		535.302		6.92913e+06		531.378		
00:00:15:300		6.79346e+06		110.366		55.9003		461189		0.451368		303.493			00:00:15:300		1.40096e+07		-1.73933		2.71188		535.22		6.92974e+06		531.469		
00:00:15:150		6.79516e+06		110.095		55.4995		437854		0.444136		303.584			00:00:15:150		1.40272e+07		-1.7201		2.71573		534.981		6.93153e+06		531.7		
00:00:15:050		6.79627e+06		110.095		55.4995		437854		0.444136		303.643			00:00:15:050		1.40393e+07		-1.70727		2.71837		534.819		6.9327e+06		531.855		
00:00:14:949		6.79736e+06		109.818		55.099		419645		0.436892		303.703			00:00:14:949		1.40515e+07		-1.69442		2.72117		534.658		6.93385e+06		532.001		
00:00:14:849		6.79844e+06		109.818		55.099		419645		0.436892		303.763			00:00:14:849		1.40638e+07		-1.68151		2.72408		534.503		6.93498e+06		532.149		
00:00:14:750		6.79949e+06		109.527		55.099		419645		0.436892		303.823			00:00:14:750		1.40759e+07		-1.66853		2.72664		534.348		6.93609e+06		532.294		
00:00:14:650		6.80053e+06		109.527		54.6978		405622		0.429634		303.882			00:00:14:650		1.40879e+07		-1.65547		2.72924		534.2		6.93717e+06		532.425		
00:00:14:599		6.80103e+06		109.527		54.6978		405622		0.429634		303.912			00:00:14:599		1.40939e+07		-1.64891		2.73053		534.129		6.9377e+06		532.492		
00:00:14:500		6.80203e+06		109.2		54.6978		405622		0.429634		303.971			00:00:14:500		1.41055e+07		-1.6357		2.7331		533.99		6.93875e+06		532.595		
00:00:14:400		6.803e+06		109.2		54.2918		391415		0.422364		304.03			00:00:14:400		1.41168e+07		-1.62239		2.73586		533.86		6.93977e+06		532.736		
00:00:14:250		6.80441e+06		109.088		54.2918		391415		0.422364		304.118			00:00:14:250		1.41332e+07		-1.60235		2.73978		533.683		6.94124e+06		532.882		
00:00:14:150		6.80532e+06		109.088		53.88		377295		0.415081		304.176			00:00:14:150		1.41443e+07		-1.58891		2.74247		533.572		6.94217e+06		532.927		
00:00:14:050		6.80621e+06		109.088		53.88		377295		0.415081		304.235			00:00:14:050		1.41548e+07		-1.57535		2.74515		533.469		6.94305e+06		532.9		
00:00:13:949		6.80708e+06		108.973		53.4624		363271		0.407786		304.293			00:00:13:949		1.41649e+07		-1.56176		2.74782		533.365		6.94388e+06		532.835		
00:00:13:849		6.80792e+06		108.973		53.4624		363271		0.407786		304.351			00:00:13:849		1.41749e+07		-1.54816		2.75056		533.263		6.94464e+06		532.635		
00:00:13:750		6.80875e+06		108.855		53.4624		363271		0.407786		304.409			00:00:13:750		1.41849e+07		-1.53454		2.75337		533.151		6.94533e+06		532.345		
00:00:13:650		6.80957e+06		108.855		53.0393		349382		0.400478		304.467			00:00:13:650		1.41949e+07		-1.5209		2.75603		533.032		6.94598e+06		532.117		
00:00:13:550		6.81041e+06		108.855		53.0393		349382		0.400478		304.525			00:00:13:550		1.42048e+07		-1.50725		2.75882		532.908		6.94677e+06		532.164		
00:00:13:449		6.81122e+06		108.734		52.6116		335570		0.393157		304.583			00:00:13:449		1.42148e+07		-1.49358		2.76163		532.785		6.94761e+06		532.247		
00:00:13:349		6.81203e+06		108.734		52.6116		335570		0.393157		304.641			00:00:13:349		1.42246e+07		-1.4799		2.76465		532.66		6.94846e+06		532.383		
00:00:13:250		6.81283e+06		108.611		52.6116		335570		0.393157		304.699			00:00:13:250		1.42345e+07		-1.46621		2.76739		532.536		6.94934e+06		532.641		
00:00:13:150		6.81362e+06		108.611		52.1796		321846		0.385822		304.756			00:00:13:150		1.42443e+07		-1.4525		2.77005		532.408		6.95029e+06		533.092		
00:00:13:050		6.81437e+06		108.611		52.1796		321846		0.385822		304.814			00:00:13:050		1.42542e+07		-1.43879		2.77271		532.285		6.95129e+06		533.573		
00:00:12:949		6.81511e+06		108.484		51.7437		308248		0.378475		304.871			00:00:12:949		1.42639e+07		-1.42507		2.77539		532.162		6.95226e+06		534.058		
00:00:12:849		6.81583e+06		108.484		51.7437		308248		0.378475		304.928			00:00:12:849		1.42737e+07		-1.41133		2.77816		532.045		6.9532e+06		534.507		
00:00:12:750		6.81655e+06		108.355		51.7437		308248		0.378475		304.984			00:00:12:750		1.42834e+07		-1.39758		2.78078		531.933		6.95412e+06		534.902		
00:00:12:650		6.81728e+06		108.355		51.3039		294756		0.371116		305.041			00:00:12:650		1.42931e+07		-1.38382		2.78345		531.821		6.95501e+06		535.212		
00:00:12:550		6.81802e+06		108.355		51.3039		294756		0.371116		305.096			00:00:12:550		1.43027e+07		-1.37005		2.78601		531.713		6.95589e+06		535.504		
00:00:12:400		6.8191e+06		108.223		50.8601		281381		0.363743		305.18			00:00:12:400		1.43171e+07		-1.34937		2.79011		531.553		6.95717e+06		535.93		
00:00:12:349		6.81946e+06		108.223		50.8601		281381		0.363743		305.208			00:00:12:349		1.43219e+07		-1.34246		2.79136		531.504		6.95759e+06		536.079		
00:00:12:250		6.82016e+06		108.088		50.8601		281381		0.363743		305.263			00:00:12:250		1.43314e+07		-1.32863		2.79402		531.403		6.95844e+06		536.381		
00:00:12:150		6.82086e+06		108.088		50.4125		268132		0.356358		305.318			00:00:12:150		1.43409e+07		-1.31478		2.79669		531.304		6.95927e+06		536.675		
00:00:12:050		6.82154e+06		108.088		50.4125		268132		0.356358		305.373			00:00:12:050		1.43503e+07		-1.30091		2.79952		531.204		6.96009e+06		536.935		
00:00:11:949		6.82222e+06		107.949		49.9617		255024		0.348961		305.427			00:00:11:949		1.43597e+07		-1.28701		2.80234		531.111		6.96088e+06		537.181		
00:00:11:849		6.8229e+06		107.949		49.9617		255024		0.348961		305.481			00:00:11:849		1.4369e+07		-1.27309		2.80509		531.017		6.96167e+06		537.41		
00:00:11:750		6.82357e+06		107.807		49.9617		255024		0.348961		305.534			00:00:11:750		1.43783e+07		-1.25914		2.80774		530.923		6.96243e+06		537.608		
00:00:11:650		6.82423e+06		107.807		49.5081		242037		0.341552		305.587			00:00:11:650		1.43875e+07		-1.24516		2.81044		530.831		6.96318e+06		537.787		
00:00:11:550		6.82489e+06		107.807		49.5081		242037		0.341552		305.64			00:00:11:550		1.43967e+07		-1.23115		2.81332		530.74		6.96391e+06		537.961		
00:00:11:449		6.82553e+06		107.662		49.0523		229156		0.334131		305.692			00:00:11:449		1.44057e+07		-1.21712		2.81613		530.642		6.96463e+06		538.121		
00:00:11:349		6.82616e+06		107.662		49.0523		229156		0.334131		305.744			00:00:11:349		1.44147e+07		-1.20304		2.81889		530.545		6.96534e+06		538.269		
00:00:11:250		6.82679e+06		107.514		49.0523		229156		0.334131		305.795			00:00:11:250		1.44235e+07		-1.18892		2.82179		530.44		6.96602e+06		538.394		
00:00:11:150		6.82741e+06		107.514		48.5948		216428		0.326697		305.846			00:00:11:150		1.44322e+07		-1.17476		2.82443		530.335		6.9667e+06		538.5		
00:00:11:050		6.82802e+06		107.514		48.5948		216428		0.326697		305.896			00:00:11:050		1.44407e+07		-1.16055		2.82743		530.223		6.96735e+06		538.611		
00:00:10:900		6.82891e+06		107.362		48.1361		203869		0.319253		305.971			00:00:10:900		1.44531e+07		-1.13913		2.83201		530.054		6.96831e+06		538.774		
00:00:10:800		6.82948e+06		107.362		48.1361		203869		0.319253		306.021			00:00:10:800		1.44608e+07		-1.1248		2.83492		529.941		6.96893e+06		538.887		
00:00:10:699		6.83004e+06		107.206		47.677		191468		0.311796		306.071			00:00:10:699		1.44683e+07		-1.11047		2.83776		529.838		6.96954e+06		539.003		
00:00:10:599		6.83058e+06		107.206		47.677		191468		0.311796		306.12			00:00:10:599		1.44758e+07		-1.09619		2.8407		529.752		6.97014e+06		539.13		
00:00:10:500		6.83111e+06		107.047		47.677		191468		0.311796		306.169			00:00:10:500		1.44834e+07		-1.08195		2.84387		529.693		6.97074e+06		539.287		
00:00:10:400		6.8316e+06		107.047		47.2178		179243		0.304329		306.217			00:00:10:400		1.4491e+07		-1.06778		2.84692		529.68		6.97132e+06		539.477		
00:00:10:400		6.8316e+06		107.047		47.2178		179243		0.304329		306.217			00:00:10:400		1.4491e+07		-1.06778		2.84692		529.68		6.97132e+06		539.477		
00:00:10:300		6.83207e+06		107.047		47.2178		179243		0.304329		306.265			00:00:10:300		1.44988e+07		-1.05368		2.84978		529.722		6.9719e+06		539.723		
00:00:10:199		6.83249e+06		106.885		46.7592		167216		0.296849		306.313			00:00:10:199		1.45068e+07		-1.03965		2.85282		529.829		6.97247e+06		540.047		
00:00:10:000		6.83313e+06		106.719		46.7592		167216		0.296849		306.406			00:00:10:000		1.45237e+07		-1.01181		2.85893		530.179		6.97359e+06		541.069		
00:00:10:000		6.83313e+06		106.719		46.7592		167216		0.296849		306.406			00:00:10:000		1.45237e+07		-1.01181		2.85893		530.179		6.97359e+06		541.069		
00:00:09:800		6.83335e+06		106.719		46.3019		155434		0.289359		306.498			00:00:09:800		1.45416e+07		-0.983903		2.86515		530.447		6.97464e+06		542.745		
00:00:09:800		6.83335e+06		106.719		46.3019		155434		0.289359		306.498			00:00:09:800		1.45416e+07		-0.983903		2.86515		530.447		6.97464e+06		542.745		
00:00:09:699		6.83333e+06		106.549		45.8465		143946		0.281857		306.567			00:00:09:699		1.45534e+07		-0.962727		2.86973		530.342		6.97528e+06		543.881		
00:00:09:599		6.83343e+06		106.549		45.8465		143946		0.281857		306.59			00:00:09:599		1.45571e+07		-0.955637		2.87134		530.26		6.97543e+06		543.864		
00:00:09:500		6.8343e+06		106.375		45.8465		143946		0.281857		306.635			00:00:09:500		1.45641e+07		-0.941553		2.87465		530.078		6.97562e+06		541.942		
00:00:09:400		6.83732e+06		106.375		45.394		132772		0.274345		306.679			00:00:09:400		1.45714e+07		-0.927605		2.87788		529.888		6.9756e+06		534.66		
00:00:09:199		6.84616e+06		106.198		44.9456		121958		0.266821		306.768			00:00:09:199		1.45873e+07		-0.900161		2.88424		529.549		6.97524e+06		519.772		
00:00:09:199		6.84616e+06		106.198		44.9456		121958		0.266821		306.768			00:00:09:199		1.45873e+07		-0.900161		2.88424		529.549		6.97524e+06		519.772		
00:00:09:099		6.8448e+06		106.198		44.9456		121958		0.266821		306.811			00:00:09:099		1.45962e+07		-0.886612		2.88728		529.405		6.97511e+06		521.749		
00:00:08:900		6.84187e+06		106.018		44.5029		111548		0.259286		306.898			00:00:08:900		1.46142e+07		-0.859568		2.8942		529.197		6.97504e+06		527.379		
00:00:08:800		6.84052e+06		106.018		44.5029		111548		0.259286		306.941			00:00:08:800		1.46232e+07		-0.846054		2.89756		529.127		6.97508e+06		530.15		
00:00:08:800		6.84052e+06		106.018		44.5029		111548		0.259286		306.941			00:00:08:800		1.46232e+07		-0.846054		2.89756		529.127		6.97508e+06		530.15		
00:00:08:699		6.83918e+06		105.834		44.0691		101514		0.25174		306.984			00:00:08:699		1.46322e+07		-0.832542		2.90079		529.072		6.97518e+06		532.971		
00:00:08:599		6.83784e+06		105.834		44.0691		101514		0.25174		307.027			00:00:08:599		1.46412e+07		-0.819036		2.9041		529.022		6.97532e+06		536.199		
00:00:08:500		6.83688e+06		105.648		44.0691		101514		0.25174		307.07			00:00:08:500		1.46501e+07		-0.805538		2.90755		528.97		6.97548e+06		537.926		
00:00:08:349		6.83567e+06		105.648		43.6483		91921.6		0.244182		307.133			00:00:08:349		1.46635e+07		-0.785309		2.9124		528.9		6.97573e+06		540.378		
00:00:08:250		6.83563e+06		105.458		43.6483		91921.6		0.244182		307.175			00:00:08:250		1.46724e+07		-0.771829		2.9157		528.858		6.97588e+06		540.425		
00:00:08:150		6.83573e+06		105.458		43.2451		82872.1		0.236613		307.217			00:00:08:150		1.46813e+07		-0.758356		2.91893		528.814		6.97601e+06		540.464		
00:00:08:050		6.83581e+06		105.458		43.2451		82872.1		0.236613		307.258			00:00:08:050		1.46902e+07		-0.744892		2.92226		528.773		6.97612e+06		540.505		
00:00:07:849		6.83593e+06		105.267		42.8606		74453.3		0.229033		307.34			00:00:07:849		1.47079e+07		-0.717994		2.929		528.697		6.97628e+06		540.573		
00:00:07:750		6.83596e+06		105.074		42.8606		74453.3		0.229033		307.381			00:00:07:750		1.47167e+07		-0.704562		2.93235		528.666		6.97633e+06		540.602		
00:00:07:750		6.83596e+06		105.074		42.8606		74453.3		0.229033		307.381			00:00:07:750		1.47167e+07		-0.704562		2.93235		528.666		6.97633e+06		540.602		
00:00:07:650		6.83598e+06		105.074		42.497		66892.9		0.221441		307.422			00:00:07:650		1.47255e+07		-0.691144		2.93578		528.633		6.97636e+06		540.607		
00:00:07:549		6.83598e+06		105.074		42.497		66892.9		0.221441		307.463			00:00:07:549		1.47343e+07		-0.677747		2.93917		528.605		6.97637e+06		540.62		
00:00:07:450		6.83596e+06		104.88		42.1561		60028.4		0.213838		307.503			00:00:07:450		1.4743e+07		-0.664366		2.94256		528.576		6.97637e+06		540.626		
00:00:07:349		6.83592e+06		104.88		42.1561		60028.4		0.213838		307.544			00:00:07:349		1.47518e+07		-0.651004		2.94593		528.552		6.97634e+06		540.623		
00:00:07:250		6.83587e+06		104.685		42.1561		60028.4		0.213838		307.584			00:00:07:250		1.47605e+07		-0.63766		2.94928		528.531		6.97629e+06		540.609		
00:00:07:150		6.8358e+06		104.685		41.8368		53561		0.206224		307.624			00:00:07:150		1.47692e+07		-0.624336		2.95265		528.509		6.97623e+06		540.602		
00:00:07:049		6.83571e+06		104.685		41.8368		53561		0.206224		307.664			00:00:07:049		1.47779e+07		-0.611034		2.95624		528.489		6.97614e+06		540.593		
00:00:06:950		6.83561e+06		104.513		41.5348		47526.7		0.198598		307.704			00:00:06:950		1.47866e+07		-0.597752		2.95989		528.476		6.97604e+06		540.572		
00:00:06:849		6.83549e+06		104.513		41.5348		47526.7		0.198598		307.744			00:00:06:849		1.47953e+07		-0.584501		2.96314		528.467		6.97592e+06		540.541		
00:00:06:750		6.83536e+06		104.338		41.5348		47526.7		0.198598		307.784			00:00:06:750		1.4804e+07		-0.571277		2.96661		528.458		6.97578e+06		540.502		
00:00:06:650		6.83521e+06		104.338		41.2481		41920.6		0.190961		307.823			00:00:06:650		1.48126e+07		-0.558079		2.97017		528.45		6.97562e+06		540.458		
00:00:06:549		6.83504e+06		104.338		41.2481		41920.6		0.190961		307.863			00:00:06:549		1.48212e+07		-0.544909		2.9736		528.448		6.97544e+06		540.406		
00:00:06:450		6.83486e+06		104.158		40.9799		36731.5		0.183312		307.902			00:00:06:450		1.48299e+07		-0.531767		2.97693		528.448		6.97524e+06		540.356		
00:00:06:299		6.83456e+06		104.158		40.9799		36731.5		0.183312		307.96			00:00:06:299		1.48428e+07		-0.512123		2.98231		528.454		6.97491e+06		540.255		
00:00:06:250		6.83445e+06		103.974		40.9799		36731.5		0.183312		307.98			00:00:06:250		1.48471e+07		-0.505592		2.9841		528.456		6.97479e+06		540.223		
00:00:06:099		6.83411e+06		103.974		40.7319		31994.2		0.175651		308.038			00:00:06:099		1.486e+07		-0.486058		2.98941		528.472		6.97441e+06		540.099		
00:00:06:000		6.83387e+06		103.787		40.7319		31994.2		0.175651		308.077			00:00:06:000		1.48685e+07		-0.473083		2.99295		528.483		6.97413e+06		539.999		
00:00:05:900		6.83362e+06		103.787		40.5046		27715.5		0.167978		308.116			00:00:05:900		1.48771e+07		-0.460141		2.99657		528.5		6.97384e+06		539.897		
00:00:05:849		6.83349e+06		103.787		40.5046		27715.5		0.167978		308.136			00:00:05:849		1.48814e+07		-0.453686		2.99837		528.509		6.97368e+06		539.841		
00:00:05:700		6.83307e+06		103.597		40.2984		24010.2		0.160293		308.195			00:00:05:700		1.48943e+07		-0.434389		3.00378		528.546		6.9732e+06		539.654		
00:00:05:599		6.83279e+06		103.597		40.2984		24010.2		0.160293		308.235			00:00:05:599		1.49029e+07		-0.421576		3.00734		528.574		6.97286e+06		539.514		
00:00:05:549		6.83264e+06		103.597		40.2984		24010.2		0.160293		308.255			00:00:05:549		1.49072e+07		-0.415186		3.0091		528.589		6.97268e+06		539.439		
00:00:05:400		6.8322e+06		103.405		40.1146		20785.5		0.152596		308.315			00:00:05:400		1.49201e+07		-0.396075		3.0151		528.638		6.97213e+06		539.179		
00:00:05:400		6.8322e+06		103.405		40.1146		20785.5		0.152596		308.315			00:00:05:400		1.49201e+07		-0.396075		3.0151		528.638		6.97213e+06		539.179		
00:00:05:200		6.83159e+06		103.206		39.9518		17818.4		0.144885		308.396			00:00:05:200		1.49373e+07		-0.370756		3.02233		528.72		6.97134e+06		538.775		
00:00:05:099		6.83129e+06		103.206		39.9518		17818.4		0.144885		308.438			00:00:05:099		1.4946e+07		-0.358168		3.02607		528.764		6.97093e+06		538.549		
00:00:05:000		6.83098e+06		103.033		39.9518		17818.4		0.144885		308.48			00:00:05:000		1.49546e+07		-0.345643		3.02989		528.814		6.97052e+06		538.302		
00:00:04:900		6.83067e+06		103.033		39.7947		15091.1		0.137161		308.522			00:00:04:900		1.49632e+07		-0.333177		3.03363		528.865		6.97009e+06		538.031		
00:00:04:799		6.83037e+06		103.033		39.7947		15091.1		0.137161		308.564			00:00:04:799		1.49719e+07		-0.320762		3.03723		528.921		6.96965e+06		537.75		
00:00:04:799		6.83037e+06		103.033		39.7947		15091.1		0.137161		308.564			00:00:04:799		1.49719e+07		-0.320762		3.03723		528.921		6.96965e+06		537.75		
00:00:04:700		6.83008e+06		102.853		39.6337		12564.6		0.129423		308.607			00:00:04:700		1.49807e+07		-0.308392		3.04062		528.976		6.96922e+06		537.452		
00:00:04:599		6.82979e+06		102.853		39.6337		12564.6		0.129423		308.649			00:00:04:599		1.49895e+07		-0.296051		3.04405		529.037		6.96878e+06		537.127		
00:00:04:500		6.82951e+06		102.67		39.6337		12564.6		0.129423		308.691			00:00:04:500		1.49984e+07		-0.283753		3.04821		529.099		6.96834e+06		536.792		
00:00:04:400		6.82924e+06		102.67		39.4717		10208.6		0.121668		308.733			00:00:04:400		1.50074e+07		-0.271508		3.05167		529.166		6.9679e+06		536.439		
00:00:04:200		6.82875e+06		102.482		39.3081		8019.48		0.113896		308.816			00:00:04:200		1.50258e+07		-0.24715		3.05951		529.3		6.96705e+06		535.702		
00:00:04:099		6.82853e+06		102.482		39.3081		8019.48		0.113896		308.857			00:00:04:099		1.50353e+07		-0.235011		3.06232		529.369		6.96664e+06		535.322		
00:00:04:000		6.82833e+06		102.288		39.3081		8019.48		0.113896		308.897			00:00:04:000		1.5045e+07		-0.222881		3.06507		529.437		6.96625e+06		534.933		
00:00:03:899		6.82815e+06		102.288		39.1265		6106.34		0.106105		308.936			00:00:03:899		1.5055e+07		-0.210724		3.06816		529.509		6.96588e+06		534.529		
00:00:03:799		6.828e+06		102.288		39.1265		6106.34		0.106105		308.975			00:00:03:799		1.50653e+07		-0.198503		3.07193		529.577		6.96552e+06		534.127		
00:00:03:700		6.82788e+06		102.089		38.9304		4481.38		0.0982947		309.013			00:00:03:700		1.50754e+07		-0.186087		3.07609		529.641		6.96519e+06		533.722		
00:00:03:600		6.82778e+06		102.089		38.9304		4481.38		0.0982947		309.048			00:00:03:600		1.50841e+07		-0.173424		3.07974		529.706		6.96489e+06		533.32		
00:00:03:500		6.82771e+06		101.876		38.9304		4481.38		0.0982947		309.08			00:00:03:500		1.50917e+07		-0.160717		3.0825		529.774		6.96461e+06		532.911		
00:00:03:399		6.82768e+06		101.876		38.7236		3075.82		0.0904607		309.108			00:00:03:399		1.50993e+07		-0.148029		3.08517		529.829		6.96437e+06		532.513		
00:00:03:299		6.82767e+06		101.876		38.7236		3075.82		0.0904607		309.134			00:00:03:299		1.5107e+07		-0.13535		3.08927		529.884		6.96416e+06		532.124		
00:00:03:299		6.82767e+06		101.876		38.7236		3075.82		0.0904607		309.134			00:00:03:299		1.5107e+07		-0.13535		3.08927		529.884		6.96416e+06		532.124		
00:00:03:200		6.82769e+06		101.692		38.4908		1934.23		0.0825992		309.157			00:00:03:200		1.51147e+07		-0.122682		3.09621		529.93		6.96398e+06		531.734		
00:00:03:100		6.82775e+06		101.692		38.4908		1934.23		0.0825992		309.179			00:00:03:100		1.51226e+07		-0.110029		3.09809		529.971		6.96385e+06		531.361		
00:00:03:000		6.82784e+06		101.5		38.4908		1934.23		0.0825992		309.2			00:00:03:000		1.51306e+07		-0.0973964		3.09387		530.008		6.96375e+06		531.009		
00:00:02:799		6.82811e+06		101.5		38.2357		1077.03		0.07471		309.225			00:00:02:799		1.51477e+07		-0.0722022		3.10044		530.065		6.96367e+06		530.382		
00:00:02:799		6.82811e+06		101.5		38.2357		1077.03		0.07471		309.225			00:00:02:799		1.51477e+07		-0.0722022		3.10044		530.065		6.96367e+06		530.382		
00:00:02:600		6.82845e+06		101.301		37.969		502.119		0.0667703		309.243			00:00:02:600		1.51669e+07		-0.0472512		3.16283		530.105		6.96373e+06		529.87		
00:00:02:600		6.82845e+06		101.301		37.969		502.119		0.0667703		309.243			00:00:02:600		1.51669e+07		-0.0472512		3.16283		530.105		6.96373e+06		529.87		
00:00:02:500		6.82864e+06		101.098		37.7037		178.916		0.0587485		309.265			00:00:02:500		1.51774e+07		-0.034965		3.17805		530.12		6.96379e+06		529.641		
00:00:02:350		6.82894e+06		101.098		37.7037		178.916		0.0587485		309.312			00:00:02:350		1.51939e+07		-0.0168095		3.14974		530.138		6.96392e+06		529.322		
00:00:02:250		6.82914e+06		100.892		37.7037		178.916		0.0587485		309.341			00:00:02:250		1.52051e+07		-0.00484943		3.13261		530.146		6.96402e+06		529.131		
00:00:02:149		6.82934e+06		100.892		37.4548		42.4413		0.0506413		309.366			00:00:02:149		1.52165e+07		0.00699949		3.13047		530.153		6.96412e+06		528.94		
00:00:02:049		6.82954e+06		100.892		37.4548		42.4413		0.0506413		309.387			00:00:02:049		1.5228e+07		0.0187302		3.12956		530.16		6.96423e+06		528.769		
00:00:01:850		6.82993e+06		100.689		37.2392		5.77585		0.042445		309.415			00:00:01:850		1.52514e+07		0.0417414		3.07325		530.168		6.96445e+06		528.441		
00:00:01:750		6.83011e+06		100.489		37.2392		5.77585		0.042445		309.423			00:00:01:750		1.52632e+07		0.0529466		3.0398		530.173		6.96455e+06		528.277		
00:00:01:750		6.83011e+06		100.489		37.2392		5.77585		0.042445		309.423			00:00:01:750		1.52632e+07		0.0529466		3.0398		530.173		6.96455e+06		528.277		
00:00:01:649		6.83028e+06		100.489		37.0761		0		0.0341556		309.427			00:00:01:649		1.52752e+07		0.0639291		3.04363		530.181		6.96463e+06		528.105		
00:00:01:550		6.83044e+06		100.489		37.0761		0		0.0341556		309.429			00:00:01:550		1.52874e+07		0.0746799		3.06311		530.188		6.96471e+06		527.945		
00:00:01:449		6.83058e+06		100.347		36.8742		0		0.0257688		309.431			00:00:01:449		1.52997e+07		0.0851841		3.04892		530.186		6.96476e+06		527.775		
00:00:01:350		6.83071e+06		100.347		36.8742		0		0.0257688		309.436			00:00:01:350		1.53122e+07		0.0954504		2.95964		530.188		6.96481e+06		527.61		
00:00:01:250		6.83082e+06		100.188		36.8742		0		0.0257688		309.447			00:00:01:250		1.53248e+07		0.105568		2.8789		530.192		6.96483e+06		527.441		
00:00:01:149		6.83091e+06		100.188		36.6573		0		0.0172784		309.465			00:00:01:149		1.5338e+07		0.115713		2.89981		530.195		6.96484e+06		527.263		
00:00:01:050		6.83099e+06		100.188		36.6573		0		0.0172784		309.492			00:00:01:050		1.53523e+07		0.125969		2.99034		530.197		6.96484e+06		527.103		
00:00:00:949		6.83105e+06		100.013		36.4736		0		0.00869819		309.521			00:00:00:949		1.53687e+07		0.136341		2.99661		530.199		6.96483e+06		526.965		
00:00:00:849		6.83111e+06		100.013		36.4736		0		0.00869819		309.547			00:00:00:849		1.53874e+07		0.146607		3.04752		530.203		6.96482e+06		526.874		
00:00:00:699		6.83116e+06		99.8728		36.3831		0		0		309.577			00:00:00:699		1.54217e+07		0.161219		3.22772		530.204		6.96484e+06		526.813		
00:00:00:650		6.83117e+06		99.8728		36.3831		0		0		309.596			00:00:00:650		1.54367e+07		0.165688		3.25369		530.206		6.96484e+06		526.812		
00:00:00:550		6.83117e+06		99.8728		36.3831		0		0		309.669			00:00:00:550		1.54644e+07		0.17149		3.18326		530.208		6.96485e+06		526.823		
00:00:00:450		6.83117e+06		100.069		36.3834		0		0		309.777			00:00:00:450		1.54775e+07		0.17284		2.83569		530.212		6.96485e+06		526.825		
00:00:00:349		6.83117e+06		100.069		36.3834		0		0		309.846			00:00:00:349		1.54786e+07		0.17284		2.83573		530.214		6.96485e+06		526.826		
00:00:00:250		6.83116e+06		100.069		36.3834		0		0		309.846			00:00:00:250		1.54786e+07		0.17284		2.83572		530.217		6.96484e+06		526.826		
00:00:00:149		6.83116e+06		100.069		36.3837		0		0		309.846			00:00:00:149		1.54785e+07		0.17284		2.83572		530.221		6.96484e+06		526.817		
00:00:00:050		6.83115e+06		100.069		36.3837		0		0		309.846			00:00:00:050		1.54785e+07		0.17284		2.83567		530.223		6.96484e+06		526.826		
00:00:00:000		6.83115e+06		100.069		36.3837		0		0		309.846			00:00:00:000		1.54785e+07		0.17284		2.83571		530.225		6.96483e+06		526.826		
00:00:00:000		6.83115e+06		100.069		36.3837		0		0		309.846			00:00:00:000		1.54785e+07		0.17284		2.83571		530.225		6.96483e+06		526.826		
00:00:00:000		6.83115e+06		100.069		36.3837		0		0		309.846			00:00:00:000		1.54785e+07		0.17284		2.83571		530.225		6.96483e+06		526.826		
00:00:00:000		6.83115e+06		100.069		36.3837		0		0		309.846			00:00:00:000		1.54785e+07		0.17284		2.83571		530.225		6.96483e+06		526.826		
00:00:00:000		6.83115e+06		100.069		36.3837		0		0		309.846			00:00:00:000		1.54785e+07		0.17284		2.83571		530.225		6.96483e+06		526.826		
00:00:00:000		6.83115e+06		100.069		36.3837		0		0		309.846			00:00:00:000		1.54785e+07		0.17284		2.83571		530.225		6.96483e+06		526.826		
