	time 		rcpppzr	rcp054rcp007mnzoyout	rcv501std0102fvol	fwfrcp001gv	rcppmssga	msfsg(1)			time 		gpv001pnt10113ppntm	evf507ety101mpzoyout	chtcon(1)	chavg(1)	chlhsumpa	rcptavgn	
00:01:03:350		7.84248e+06		-5.85282		0		0		7.16026e+06		-16.4873			00:01:03:350		7.16073e+06		138.519		95.6311		2.17446e+06		1.23301		289.874		
00:01:03:250		7.85351e+06		-5.85264		0		0		7.16038e+06		11.926			00:01:03:250		7.1604e+06		138.438		95.6311		2.17446e+06		1.23301		289.872		
00:01:03:149		7.86469e+06		-5.85246		0		0		7.16057e+06		27.6159			00:01:03:149		7.16013e+06		138.438		95.5714		2.17149e+06		1.2307		289.869		
00:01:03:049		7.87603e+06		-5.85227		0		0		7.16052e+06		31.7992			00:01:03:049		7.15962e+06		138.438		95.5714		2.17149e+06		1.2307		289.866		
00:01:02:899		7.89334e+06		-5.852		0		0		7.15968e+06		9.63304			00:01:02:899		7.1593e+06		138.359		95.5112		2.1686e+06		1.22839		289.862		
00:01:02:799		7.90506e+06		-5.85182		0		0		7.15876e+06		-22.7605			00:01:02:799		7.15878e+06		138.359		95.5112		2.1686e+06		1.22839		289.86		
00:01:02:700		7.91693e+06		-5.85165		0		0		7.15802e+06		-30.5881			00:01:02:700		7.15859e+06		138.279		95.4507		2.16559e+06		1.22607		289.857		
00:01:02:700		7.91693e+06		-5.85165		0		0		7.15802e+06		-30.5881			00:01:02:700		7.15859e+06		138.279		95.4507		2.16559e+06		1.22607		289.857		
00:01:02:500		7.94114e+06		-5.85134		0		0		7.15777e+06		9.21477			00:01:02:500		7.1578e+06		138.198		95.4507		2.16559e+06		1.22607		289.851		
00:01:02:399		7.95346e+06		-5.85121		0		0		7.15793e+06		25.6135			00:01:02:399		7.15758e+06		138.198		95.3898		2.16255e+06		1.22376		289.849		
00:01:02:399		7.95346e+06		-5.85121		0		0		7.15793e+06		25.6135			00:01:02:399		7.15758e+06		138.198		95.3898		2.16255e+06		1.22376		289.849		
00:01:02:299		7.96593e+06		-5.85109		0		0		7.1579e+06		31.6389			00:01:02:299		7.15706e+06		138.198		95.3898		2.16255e+06		1.22376		289.846		
00:01:02:200		7.97854e+06		-5.85098		0		0		7.15748e+06		19.7251			00:01:02:200		7.15689e+06		138.119		95.3285		2.15955e+06		1.22144		289.843		
00:01:02:000		8.0042e+06		-5.85079		0		0		7.1558e+06		-28.4401			00:01:02:000		7.15606e+06		138.039		95.3285		2.15955e+06		1.22144		289.838		
00:01:02:000		8.0042e+06		-5.85079		0		0		7.1558e+06		-28.4401			00:01:02:000		7.15606e+06		138.039		95.3285		2.15955e+06		1.22144		289.838		
00:01:01:899		8.01725e+06		-5.8507		0		0		7.15523e+06		-28.2658			00:01:01:899		7.15586e+06		138.039		95.2668		2.15655e+06		1.21913		289.835		
00:01:01:799		8.03046e+06		-5.85062		0		0		7.15512e+06		-6.1316			00:01:01:799		7.15536e+06		138.039		95.2668		2.15655e+06		1.21913		289.833		
00:01:01:700		8.04382e+06		-5.85054		0		0		7.15527e+06		17.608			00:01:01:700		7.15519e+06		137.959		95.2047		2.1536e+06		1.21681		289.83		
00:01:01:500		8.07095e+06		-5.85037		0		0		7.1552e+06		27.0127			00:01:01:500		7.15435e+06		137.879		95.2047		2.1536e+06		1.21681		289.825		
00:01:01:500		8.07095e+06		-5.85037		0		0		7.1552e+06		27.0127			00:01:01:500		7.15435e+06		137.879		95.2047		2.1536e+06		1.21681		289.825		
00:01:01:299		8.09862e+06		-5.85012		0		0		7.15372e+06		-18.1526			00:01:01:299		7.15371e+06		137.879		95.1422		2.15062e+06		1.2145		289.82		
00:01:01:299		8.09862e+06		-5.85012		0		0		7.15372e+06		-18.1526			00:01:01:299		7.15371e+06		137.879		95.1422		2.15062e+06		1.2145		289.82		
00:01:01:200		8.11266e+06		-5.84996		0		0		7.15294e+06		-30.8789			00:01:01:200		7.15346e+06		137.798		95.0793		2.14761e+06		1.21218		289.817		
00:01:01:100		8.12682e+06		-5.84976		0		0		7.15258e+06		-20.5067			00:01:01:100		7.15309e+06		137.798		95.0793		2.14761e+06		1.21218		289.815		
00:01:01:000		8.14111e+06		-5.84952		0		0		7.15262e+06		6.91945			00:01:01:000		7.15265e+06		137.718		95.0793		2.14761e+06		1.21218		289.812		
00:01:00:899		8.15552e+06		-5.84924		0		0		7.15278e+06		23.8658			00:01:00:899		7.1525e+06		137.718		95.016		2.14459e+06		1.20987		289.81		
00:01:00:799		8.17006e+06		-5.8489		0		0		7.15278e+06		32.1418			00:01:00:799		7.152e+06		137.718		95.016		2.14459e+06		1.20987		289.807		
00:01:00:700		8.18473e+06		-5.8485		0		0		7.15241e+06		21.6176			00:01:00:700		7.15177e+06		137.638		94.9523		2.14156e+06		1.20755		289.805		
00:01:00:500		8.21442e+06		-5.84751		0		0		7.15076e+06		-27.2477			00:01:00:500		7.15095e+06		137.558		94.9523		2.14156e+06		1.20755		289.799		
00:01:00:500		8.21442e+06		-5.84751		0		0		7.15076e+06		-27.2477			00:01:00:500		7.15095e+06		137.558		94.9523		2.14156e+06		1.20755		289.799		
00:01:00:399		8.22944e+06		-5.84691		0		0		7.15014e+06		-29.2279			00:01:00:399		7.15076e+06		137.558		94.8883		2.13854e+06		1.20524		289.797		
00:01:00:250		8.25214e+06		-5.84587		0		0		7.15004e+06		6.63074			00:01:00:250		7.15011e+06		137.478		94.8883		2.13854e+06		1.20524		289.793		
00:01:00:149		8.26741e+06		-5.84509		0		0		7.1502e+06		23.5983			00:01:00:149		7.14993e+06		137.478		94.8239		2.13545e+06		1.20292		289.791		
00:01:00:049		8.28278e+06		-5.84423		0		0		7.15021e+06		32.7591			00:01:00:049		7.14944e+06		137.478		94.8239		2.13545e+06		1.20292		289.788		
00:01:00:000		8.29052e+06		-5.84378		0		0		7.15008e+06		28.5516			00:01:00:000		7.14923e+06		137.397		94.8239		2.13545e+06		1.20292		289.788		
00:00:59:899		8.30606e+06		-5.84283		0		0		7.1495e+06		14.3773			00:00:59:899		7.14906e+06		137.397		94.7591		2.13237e+06		1.20061		289.785		
00:00:59:799		8.32172e+06		-5.84183		0		0		7.14862e+06		-15.8611			00:00:59:799		7.14858e+06		137.397		94.7591		2.13237e+06		1.20061		289.782		
00:00:59:700		8.3375e+06		-5.84079		0		0		7.14781e+06		-31.2795			00:00:59:700		7.1483e+06		137.318		94.694		2.12927e+06		1.19829		289.78		
00:00:59:500		8.36942e+06		-5.8387		0		0		7.14746e+06		6.78096			00:00:59:500		7.14755e+06		137.237		94.694		2.12927e+06		1.19829		289.776		
00:00:59:500		8.36942e+06		-5.8387		0		0		7.14746e+06		6.78096			00:00:59:500		7.14755e+06		137.237		94.694		2.12927e+06		1.19829		289.776		
00:00:59:399		8.38561e+06		-5.8377		0		0		7.14764e+06		24.2761			00:00:59:399		7.14736e+06		137.237		94.6285		2.12619e+06		1.19598		289.773		
00:00:59:299		8.40193e+06		-5.83678		0		0		7.14768e+06		34.0966			00:00:59:299		7.14688e+06		137.237		94.6285		2.12619e+06		1.19598		289.77		
00:00:59:200		8.41836e+06		-5.83596		0		0		7.14733e+06		23.7333			00:00:59:200		7.14657e+06		137.157		94.5627		2.12308e+06		1.19366		289.768		
00:00:59:149		8.42661e+06		-5.8356		0		0		7.14699e+06		15.6498			00:00:59:149		7.1465e+06		137.157		94.5627		2.12308e+06		1.19366		289.767		
00:00:59:049		8.44315e+06		-5.83499		0		0		7.14608e+06		-16.0046			00:00:59:049		7.14604e+06		137.157		94.5627		2.12308e+06		1.19366		289.764		
00:00:58:950		8.45977e+06		-5.83454		0		0		7.14523e+06		-32.2437			00:00:58:950		7.14575e+06		137.077		94.4966		2.11999e+06		1.19134		289.762		
00:00:58:799		8.48486e+06		-5.83416		0		0		7.14478e+06		-12.2503			00:00:58:799		7.1452e+06		137.077		94.4966		2.11999e+06		1.19134		289.759		
00:00:58:700		8.50168e+06		-5.8341		0		0		7.14496e+06		16.1696			00:00:58:700		7.14493e+06		136.997		94.4301		2.11688e+06		1.18903		289.756		
00:00:58:500		8.53549e+06		-5.83432		0		0		7.14506e+06		33.1362			00:00:58:500		7.14409e+06		136.916		94.4301		2.11688e+06		1.18903		289.751		
00:00:58:500		8.53549e+06		-5.83432		0		0		7.14506e+06		33.1362			00:00:58:500		7.14409e+06		136.916		94.4301		2.11688e+06		1.18903		289.751		
00:00:58:399		8.55246e+06		-5.83454		0		0		7.14452e+06		17.9836			00:00:58:399		7.14396e+06		136.916		94.3632		2.11377e+06		1.18671		289.749		
00:00:58:299		8.56946e+06		-5.83482		0		0		7.14361e+06		-13.7278			00:00:58:299		7.14352e+06		136.916		94.3632		2.11377e+06		1.18671		289.746		
00:00:58:200		8.5865e+06		-5.83515		0		0		7.14273e+06		-32.4987			00:00:58:200		7.14321e+06		136.836		94.2961		2.11071e+06		1.1844		289.744		
00:00:58:100		8.60356e+06		-5.83557		0		0		7.14225e+06		-28.2941			00:00:58:100		7.14294e+06		136.836		94.2961		2.11071e+06		1.1844		289.742		
00:00:58:000		8.62065e+06		-5.83614		0		0		7.14226e+06		0			00:00:58:000		7.14245e+06		136.756		94.2961		2.11071e+06		1.1844		289.739		
00:00:57:899		8.63772e+06		-5.83687		0		0		7.14249e+06		22.7943			00:00:57:899		7.14231e+06		136.756		94.2285		2.10765e+06		1.18208		289.737		
00:00:57:799		8.65476e+06		-5.83774		0		0		7.14263e+06		35.5774			00:00:57:799		7.14184e+06		136.756		94.2285		2.10765e+06		1.18208		289.735		
00:00:57:600		8.68882e+06		-5.83976		0		0		7.14173e+06		10.3726			00:00:57:600		7.14132e+06		136.675		94.1607		2.10452e+06		1.17976		289.731		
00:00:57:450		8.71433e+06		-5.84134		0		0		7.14035e+06		-31.2777			00:00:57:450		7.14066e+06		136.595		94.0925		2.1014e+06		1.17745		289.727		
00:00:57:450		8.71433e+06		-5.84134		0		0		7.14035e+06		-31.2777			00:00:57:450		7.14066e+06		136.595		94.0925		2.1014e+06		1.17745		289.727		
00:00:57:350		8.73134e+06		-5.8423		0		0		7.13981e+06		-28.942			00:00:57:350		7.14047e+06		136.595		94.0925		2.1014e+06		1.17745		289.725		
00:00:57:250		8.74839e+06		-5.84308		0		0		7.13973e+06		-6.47077			00:00:57:250		7.13997e+06		136.515		94.0925		2.1014e+06		1.17745		289.723		
00:00:57:250		8.74839e+06		-5.84308		0		0		7.13973e+06		-6.47077			00:00:57:250		7.13997e+06		136.515		94.0925		2.1014e+06		1.17745		289.723		
00:00:57:100		8.77396e+06		-5.8438		0		0		7.14003e+06		27.6892			00:00:57:100		7.13968e+06		136.515		94.024		2.09832e+06		1.17513		289.719		
00:00:57:000		8.79099e+06		-5.84415		0		0		7.14005e+06		33.732			00:00:57:000		7.13917e+06		136.434		93.9551		2.09518e+06		1.17282		289.717		
00:00:56:850		8.81652e+06		-5.8446		0		0		7.13932e+06		12.7439			00:00:56:850		7.13891e+06		136.434		93.9551		2.09518e+06		1.17282		289.714		
00:00:56:750		8.83349e+06		-5.84486		0		0		7.13842e+06		-20.1835			00:00:56:750		7.13843e+06		136.353		93.9551		2.09518e+06		1.17282		289.712		
00:00:56:549		8.86728e+06		-5.84531		0		0		7.13731e+06		-20.8823			00:00:56:549		7.13784e+06		136.353		93.8861		2.092e+06		1.1705		289.708		
00:00:56:450		8.88412e+06		-5.84549		0		0		7.13739e+06		6.72775			00:00:56:450		7.13747e+06		136.273		93.8172		2.0888e+06		1.16819		289.706		
00:00:56:450		8.88412e+06		-5.84549		0		0		7.13739e+06		6.72775			00:00:56:450		7.13747e+06		136.273		93.8172		2.0888e+06		1.16819		289.706		
00:00:56:450		8.88412e+06		-5.84549		0		0		7.13739e+06		6.72775			00:00:56:450		7.13747e+06		136.273		93.8172		2.0888e+06		1.16819		289.706		
00:00:56:350		8.90092e+06		-5.84567		0		0		7.13762e+06		26.0106			00:00:56:350		7.13733e+06		136.273		93.8172		2.0888e+06		1.16819		289.704		
00:00:56:250		8.91768e+06		-5.84583		0		0		7.13768e+06		35.0148			00:00:56:250		7.13684e+06		136.192		93.8172		2.0888e+06		1.16819		289.702		
00:00:56:149		8.9344e+06		-5.84599		0		0		7.13735e+06		22.9553			00:00:56:149		7.13669e+06		136.192		93.7483		2.08561e+06		1.16587		289.7		
00:00:56:049		8.95107e+06		-5.84616		0		0		7.13662e+06		2.20502			00:00:56:049		7.13639e+06		136.192		93.7483		2.08561e+06		1.16587		289.698		
00:00:55:950		8.96768e+06		-5.84635		0		0		7.13572e+06		-28.0416			00:00:55:950		7.13591e+06		136.112		93.6795		2.08241e+06		1.16355		289.696		
00:00:55:850		8.98422e+06		-5.84655		0		0		7.13511e+06		-31.4143			00:00:55:850		7.13579e+06		136.112		93.6795		2.08241e+06		1.16355		289.694		
00:00:55:750		9.00064e+06		-5.84679		0		0		7.13498e+06		-9.16363			00:00:55:750		7.1353e+06		136.032		93.6795		2.08241e+06		1.16355		289.692		
00:00:55:549		9.03298e+06		-5.84741		0		0		7.13535e+06		30.4933			00:00:55:549		7.13486e+06		136.032		93.6109		2.07927e+06		1.16124		289.688		
00:00:55:549		9.03298e+06		-5.84741		0		0		7.13535e+06		30.4933			00:00:55:549		7.13486e+06		136.032		93.6109		2.07927e+06		1.16124		289.688		
00:00:55:350		9.06497e+06		-5.84822		0		0		7.13475e+06		16.1792			00:00:55:350		7.13428e+06		135.951		93.5425		2.0761e+06		1.15892		289.684		
00:00:55:350		9.06497e+06		-5.84822		0		0		7.13475e+06		16.1792			00:00:55:350		7.13428e+06		135.951		93.5425		2.0761e+06		1.15892		289.684		
00:00:55:250		9.0809e+06		-5.8487		0		0		7.1339e+06		-13.498			00:00:55:250		7.13384e+06		135.87		93.5425		2.0761e+06		1.15892		289.683		
00:00:55:149		9.09679e+06		-5.8492		0		0		7.13309e+06		-32.5154			00:00:55:149		7.13351e+06		135.87		93.4743		2.07289e+06		1.15661		289.681		
00:00:55:049		9.11268e+06		-5.8497		0		0		7.13266e+06		-26.7985			00:00:55:049		7.13331e+06		135.87		93.4743		2.07289e+06		1.15661		289.68		
00:00:54:950		9.12851e+06		-5.85017		0		0		7.1327e+06		1.41672			00:00:54:950		7.13284e+06		135.79		93.4065		2.06968e+06		1.15429		289.678		
00:00:54:750		9.15998e+06		-5.85106		0		0		7.13307e+06		35.2109			00:00:54:750		7.13233e+06		135.709		93.4065		2.06968e+06		1.15429		289.675		
00:00:54:750		9.15998e+06		-5.85106		0		0		7.13307e+06		35.2109			00:00:54:750		7.13233e+06		135.709		93.4065		2.06968e+06		1.15429		289.675		
00:00:54:649		9.1756e+06		-5.85148		0		0		7.1328e+06		26.0983			00:00:54:649		7.13197e+06		135.709		93.339		2.06651e+06		1.15198		289.673		
00:00:54:500		9.1989e+06		-5.85208		0		0		7.13163e+06		-12.6338			00:00:54:500		7.13154e+06		135.629		93.339		2.06651e+06		1.15198		289.671		
00:00:54:399		9.21434e+06		-5.85245		0		0		7.13077e+06		-32.5919			00:00:54:399		7.13118e+06		135.629		93.272		2.06334e+06		1.14966		289.67		
00:00:54:299		9.2297e+06		-5.8528		0		0		7.1303e+06		-30.905			00:00:54:299		7.13106e+06		135.629		93.272		2.06334e+06		1.14966		289.668		
00:00:54:200		9.24498e+06		-5.85313		0		0		7.13035e+06		0			00:00:54:200		7.13059e+06		135.547		93.2056		2.06011e+06		1.14734		289.667		
00:00:54:100		9.26018e+06		-5.85343		0		0		7.13063e+06		22.5508			00:00:54:100		7.13048e+06		135.547		93.2056		2.06011e+06		1.14734		289.666		
00:00:54:000		9.27527e+06		-5.85371		0		0		7.13083e+06		36.2875			00:00:54:000		7.13009e+06		135.467		93.2056		2.06011e+06		1.14734		289.665		
00:00:53:899		9.29028e+06		-5.85396		0		0		7.13065e+06		31.5179			00:00:53:899		7.12964e+06		135.467		93.1397		2.05694e+06		1.14503		289.664		
00:00:53:799		9.30521e+06		-5.85417		0		0		7.12998e+06		10.7258			00:00:53:799		7.12955e+06		135.467		93.1397		2.05694e+06		1.14503		289.663		
00:00:53:700		9.32006e+06		-5.85436		0		0		7.12902e+06		-24.8663			00:00:53:700		7.12905e+06		135.386		93.0744		2.05374e+06		1.14271		289.662		
00:00:53:500		9.34955e+06		-5.85463		0		0		7.12791e+06		-26.2752			00:00:53:500		7.12862e+06		135.305		93.0744		2.05374e+06		1.14271		289.66		
00:00:53:500		9.34955e+06		-5.85463		0		0		7.12791e+06		-26.2752			00:00:53:500		7.12862e+06		135.305		93.0744		2.05374e+06		1.14271		289.66		
00:00:53:399		9.36417e+06		-5.85471		0		0		7.12809e+06		9.02121			00:00:53:399		7.1282e+06		135.305		93.0098		2.0505e+06		1.14039		289.659		
00:00:53:299		9.37873e+06		-5.85476		0		0		7.12842e+06		29.7079			00:00:53:299		7.12805e+06		135.305		93.0098		2.0505e+06		1.14039		289.659		
00:00:53:200		9.39321e+06		-5.85479		0		0		7.12854e+06		39.2203			00:00:53:200		7.12754e+06		135.224		92.9461		2.04726e+06		1.13808		289.658		
00:00:53:100		9.40761e+06		-5.8548		0		0		7.1282e+06		26.6162			00:00:53:100		7.12733e+06		135.224		92.9461		2.04726e+06		1.13808		289.657		
00:00:53:000		9.42194e+06		-5.85479		0		0		7.12737e+06		0			00:00:53:000		7.12712e+06		135.143		92.9461		2.04726e+06		1.13808		289.657		
00:00:52:899		9.4362e+06		-5.85478		0		0		7.12638e+06		-32.7319			00:00:52:899		7.12668e+06		135.143		92.8831		2.04401e+06		1.13576		289.657		
00:00:52:799		9.45038e+06		-5.85478		0		0		7.12569e+06		-36.7796			00:00:52:799		7.12656e+06		135.143		92.8831		2.04401e+06		1.13576		289.657		
00:00:52:700		9.4645e+06		-5.85479		0		0		7.12555e+06		-18.6681			00:00:52:700		7.12611e+06		135.062		92.8211		2.04082e+06		1.13344		289.657		
00:00:52:500		9.49257e+06		-5.8549		0		0		7.12618e+06		36.6242			00:00:52:500		7.12555e+06		134.981		92.8211		2.04082e+06		1.13344		289.657		
00:00:52:500		9.49257e+06		-5.8549		0		0		7.12618e+06		36.6242			00:00:52:500		7.12555e+06		134.981		92.8211		2.04082e+06		1.13344		289.657		
00:00:52:399		9.5065e+06		-5.85504		0		0		7.1262e+06		37.5039			00:00:52:399		7.12508e+06		134.981		92.76		2.03761e+06		1.13112		289.657		
00:00:52:299		9.52036e+06		-5.85521		0		0		7.12572e+06		22.4153			00:00:52:299		7.12503e+06		134.981		92.76		2.03761e+06		1.13112		289.658		
00:00:52:149		9.54102e+06		-5.85557		0		0		7.12429e+06		-30.2223			00:00:52:149		7.12442e+06		134.9		92.6999		2.03429e+06		1.1288		289.658		
00:00:52:049		9.55469e+06		-5.85589		0		0		7.12352e+06		-36.1157			00:00:52:049		7.12427e+06		134.9		92.6999		2.03429e+06		1.1288		289.659		
00:00:52:000		9.56149e+06		-5.85608		0		0		7.12331e+06		-31.8191			00:00:52:000		7.12408e+06		134.819		92.6999		2.03429e+06		1.1288		289.659		
00:00:51:899		9.57503e+06		-5.85654		0		0		7.12327e+06		-9.24421			00:00:51:899		7.12358e+06		134.819		92.6409		2.03098e+06		1.12649		289.66		
00:00:51:750		9.5952e+06		-5.85745		0		0		7.12369e+06		31.1591			00:00:51:750		7.1233e+06		134.738		92.6409		2.03098e+06		1.12649		289.662		
00:00:51:549		9.62184e+06		-5.85909		0		0		7.12338e+06		23.0915			00:00:51:549		7.12277e+06		134.738		92.5829		2.02765e+06		1.12417		289.664		
00:00:51:450		9.63502e+06		-5.86007		0		0		7.12262e+06		0			00:00:51:450		7.12241e+06		134.657		92.5254		2.02427e+06		1.12185		289.665		
00:00:51:450		9.63502e+06		-5.86007		0		0		7.12262e+06		0			00:00:51:450		7.12241e+06		134.657		92.5254		2.02427e+06		1.12185		289.665		
00:00:51:350		9.64819e+06		-5.8611		0		0		7.12174e+06		-32.7488			00:00:51:350		7.12204e+06		134.657		92.5254		2.02427e+06		1.12185		289.667		
00:00:51:350		9.64819e+06		-5.8611		0		0		7.12174e+06		-32.7488			00:00:51:350		7.12204e+06		134.657		92.5254		2.02427e+06		1.12185		289.667		
00:00:51:250		9.6614e+06		-5.86215		0		0		7.12119e+06		-26.3362			00:00:51:250		7.12174e+06		134.576		92.5254		2.02427e+06		1.12185		289.669		
00:00:51:149		9.67463e+06		-5.86315		0		0		7.12107e+06		-9.19049			00:00:51:149		7.12128e+06		134.576		92.4675		2.02095e+06		1.11953		289.67		
00:00:51:049		9.68791e+06		-5.86405		0		0		7.12122e+06		16.0155			00:00:51:049		7.1212e+06		134.576		92.4675		2.02095e+06		1.11953		289.672		
00:00:50:950		9.70112e+06		-5.8648		0		0		7.12135e+06		30.6298			00:00:50:950		7.12085e+06		134.495		92.4091		2.01767e+06		1.11721		289.674		
00:00:50:850		9.71437e+06		-5.86538		0		0		7.12119e+06		23.416			00:00:50:850		7.12066e+06		134.495		92.4091		2.01767e+06		1.11721		289.676		
00:00:50:750		9.72765e+06		-5.86576		0		0		7.12071e+06		10.5158			00:00:50:750		7.12043e+06		134.414		92.4091		2.01767e+06		1.11721		289.678		
00:00:50:600		9.75438e+06		-5.86578		0		0		7.11936e+06		-32.0665			00:00:50:600		7.11978e+06		134.414		92.3501		2.01433e+06		1.11489		289.682		
00:00:50:450		9.76777e+06		-5.86535		0		0		7.11902e+06		-17.7269			00:00:50:450		7.11938e+06		134.333		92.2906		2.01099e+06		1.11257		289.684		
00:00:50:350		9.78111e+06		-5.86457		0		0		7.11903e+06		4.2198			00:00:50:350		7.1191e+06		134.333		92.2906		2.01099e+06		1.11257		289.687		
00:00:50:250		9.79443e+06		-5.8634		0		0		7.11916e+06		23.0632			00:00:50:250		7.11897e+06		134.252		92.2906		2.01099e+06		1.11257		289.689		
00:00:50:149		9.80773e+06		-5.86182		0		0		7.11913e+06		28.2704			00:00:50:149		7.11852e+06		134.252		92.2304		2.00764e+06		1.11025		289.692		
00:00:50:049		9.821e+06		-5.85979		0		0		7.11875e+06		16.8324			00:00:50:049		7.11836e+06		134.252		92.2304		2.00764e+06		1.11025		289.694		
00:00:50:049		9.821e+06		-5.85979		0		0		7.11875e+06		16.8324			00:00:50:049		7.11836e+06		134.252		92.2304		2.00764e+06		1.11025		289.694		
00:00:49:950		9.83424e+06		-5.85729		0		0		7.11808e+06		0			00:00:49:950		7.11796e+06		134.17		92.1695		2.0043e+06		1.10793		289.697		
00:00:49:750		9.86065e+06		-5.85093		0		0		7.11691e+06		-23.298			00:00:49:750		7.11736e+06		134.089		92.1695		2.0043e+06		1.10793		289.702		
00:00:49:750		9.86065e+06		-5.85093		0		0		7.11691e+06		-23.298			00:00:49:750		7.11736e+06		134.089		92.1695		2.0043e+06		1.10793		289.702		
00:00:49:549		9.88706e+06		-5.84304		0		0		7.11695e+06		18.8315			00:00:49:549		7.11681e+06		134.089		92.1077		2.001e+06		1.10561		289.708		
00:00:49:549		9.88706e+06		-5.84304		0		0		7.11695e+06		18.8315			00:00:49:549		7.11681e+06		134.089		92.1077		2.001e+06		1.10561		289.708		
00:00:49:350		9.91343e+06		-5.83443		0		0		7.11655e+06		18.3349			00:00:49:350		7.11606e+06		134.008		92.0451		1.99775e+06		1.10329		289.714		
00:00:49:350		9.91343e+06		-5.83443		0		0		7.11655e+06		18.3349			00:00:49:350		7.11606e+06		134.008		92.0451		1.99775e+06		1.10329		289.714		
00:00:49:250		9.92657e+06		-5.83018		0		0		7.11585e+06		0			00:00:49:250		7.11572e+06		133.926		92.0451		1.99775e+06		1.10329		289.717		
00:00:49:149		9.9397e+06		-5.82614		0		0		7.11506e+06		-24.3124			00:00:49:149		7.11523e+06		133.926		91.9814		1.99443e+06		1.10097		289.72		
00:00:49:049		9.95282e+06		-5.82248		0		0		7.11455e+06		-30.6206			00:00:49:049		7.11506e+06		133.926		91.9814		1.99443e+06		1.10097		289.724		
00:00:48:950		9.9659e+06		-5.81932		0		0		7.11452e+06		0			00:00:48:950		7.11479e+06		133.844		91.9165		1.99107e+06		1.09865		289.727		
00:00:48:799		9.98551e+06		-5.81469		0		0		7.11478e+06		26.5397			00:00:48:799		7.11444e+06		133.844		91.9165		1.99107e+06		1.09865		289.732		
00:00:48:700		9.99856e+06		-5.81146		0		0		7.11474e+06		32.8227			00:00:48:700		7.11405e+06		133.762		91.8504		1.98775e+06		1.09632		289.735		
00:00:48:600		1.00116e+07		-5.80811		0		0		7.11426e+06		20.6448			00:00:48:600		7.1136e+06		133.762		91.8504		1.98775e+06		1.09632		289.739		
00:00:48:500		1.00246e+07		-5.80465		0		0		7.11336e+06		-13.7312			00:00:48:500		7.11328e+06		133.681		91.8504		1.98775e+06		1.09632		289.742		
00:00:48:450		1.00311e+07		-5.80288		0		0		7.11288e+06		-25.4748			00:00:48:450		7.113e+06		133.681		91.7828		1.98443e+06		1.094		289.744		
00:00:48:299		1.00506e+07		-5.7974		0		0		7.11192e+06		-34.3081			00:00:48:299		7.11266e+06		133.681		91.7828		1.98443e+06		1.094		289.75		
00:00:48:200		1.00635e+07		-5.7936		0		0		7.11194e+06		-7.0008			00:00:48:200		7.11234e+06		133.599		91.7137		1.9811e+06		1.09168		289.754		
00:00:48:149		1.007e+07		-5.79166		0		0		7.11211e+06		17.0516			00:00:48:149		7.11216e+06		133.599		91.7137		1.9811e+06		1.09168		289.756		
00:00:48:000		1.00893e+07		-5.78568		0		0		7.11248e+06		38.5655			00:00:48:000		7.11165e+06		133.517		91.7137		1.9811e+06		1.09168		289.762		
00:00:47:899		1.01022e+07		-5.78157		0		0		7.11226e+06		37.3155			00:00:47:899		7.11117e+06		133.517		91.6428		1.97777e+06		1.08935		289.766		
00:00:47:799		1.01151e+07		-5.77735		0		0		7.11144e+06		5.68549			00:00:47:799		7.11094e+06		133.517		91.6428		1.97777e+06		1.08935		289.77		
00:00:47:700		1.0128e+07		-5.77303		0		0		7.11034e+06		-34.0175			00:00:47:700		7.11063e+06		133.435		91.5701		1.97444e+06		1.08703		289.774		
00:00:47:600		1.01408e+07		-5.76862		0		0		7.10953e+06		-39.3567			00:00:47:600		7.11038e+06		133.435		91.5701		1.97444e+06		1.08703		289.778		
00:00:47:500		1.01537e+07		-5.76413		0		0		7.10926e+06		-30.4281			00:00:47:500		7.11006e+06		133.352		91.5701		1.97444e+06		1.08703		289.783		
00:00:47:399		1.01665e+07		-5.75954		0		0		7.10958e+06		19.775			00:00:47:399		7.10966e+06		133.352		91.4953		1.97104e+06		1.0847		289.788		
00:00:47:299		1.01792e+07		-5.75486		0		0		7.10996e+06		40.2509			00:00:47:299		7.10924e+06		133.352		91.4953		1.97104e+06		1.0847		289.792		
00:00:47:200		1.0192e+07		-5.75009		0		0		7.11e+06		43.5932			00:00:47:200		7.10873e+06		133.27		91.4183		1.96765e+06		1.08238		289.797		
00:00:47:100		1.02047e+07		-5.74522		0		0		7.10944e+06		29.9485			00:00:47:100		7.10842e+06		133.27		91.4183		1.96765e+06		1.08238		289.802		
00:00:47:000		1.02174e+07		-5.74027		0		0		7.10831e+06		-25.7249			00:00:47:000		7.10827e+06		133.188		91.4183		1.96765e+06		1.08238		289.808		
00:00:46:899		1.02301e+07		-5.73523		0		0		7.10724e+06		-40.8547			00:00:46:899		7.10796e+06		133.188		91.339		1.9643e+06		1.08005		289.813		
00:00:46:799		1.02427e+07		-5.7301		0		0		7.10663e+06		-39.6775			00:00:46:799		7.10767e+06		133.188		91.339		1.9643e+06		1.08005		289.818		
00:00:46:700		1.02554e+07		-5.72487		0		0		7.10668e+06		-15.0391			00:00:46:700		7.10725e+06		133.105		91.2571		1.96082e+06		1.07772		289.824		
00:00:46:500		1.02807e+07		-5.71414		0		0		7.10739e+06		44.9114			00:00:46:500		7.10627e+06		133.023		91.2571		1.96082e+06		1.07772		289.836		
00:00:46:500		1.02807e+07		-5.71414		0		0		7.10739e+06		44.9114			00:00:46:500		7.10627e+06		133.023		91.2571		1.96082e+06		1.07772		289.836		
00:00:46:399		1.02934e+07		-5.70863		0		0		7.10717e+06		40.8032			00:00:46:399		7.10585e+06		133.023		91.1726		1.95737e+06		1.0754		289.842		
00:00:46:299		1.0306e+07		-5.70302		0		0		7.10627e+06		5.62786			00:00:46:299		7.10566e+06		133.023		91.1726		1.95737e+06		1.0754		289.848		
00:00:46:200		1.03186e+07		-5.69732		0		0		7.10506e+06		-37.4294			00:00:46:200		7.10544e+06		132.941		91.0853		1.95401e+06		1.07307		289.854		
00:00:46:049		1.03375e+07		-5.68859		0		0		7.10388e+06		-40.9852			00:00:46:049		7.10495e+06		132.941		91.0853		1.95401e+06		1.07307		289.864		
00:00:46:000		1.03438e+07		-5.68564		0		0		7.1038e+06		-34.5755			00:00:46:000		7.10475e+06		132.858		91.0853		1.95401e+06		1.07307		289.867		
00:00:45:850		1.03626e+07		-5.67663		0		0		7.10432e+06		32.703			00:00:45:850		7.10406e+06		132.858		90.9952		1.95064e+06		1.07074		289.877		
00:00:45:799		1.03751e+07		-5.67052		0		0		7.10461e+06		44.8972			00:00:45:799		7.10352e+06		132.775		90.9952		1.95064e+06		1.07074		289.884		
00:00:45:649		1.03876e+07		-5.66431		0		0		7.10441e+06		41.9035			00:00:45:649		7.10306e+06		132.775		90.9021		1.94721e+06		1.06841		289.89		
00:00:45:549		1.04001e+07		-5.65801		0.0690402		0		7.10352e+06		10.1398			00:00:45:549		7.10286e+06		132.775		90.9021		1.94721e+06		1.06841		289.897		
00:00:45:450		1.04125e+07		-5.65162		0.207418		0		7.10229e+06		-38.3273			00:00:45:450		7.10263e+06		132.692		90.8062		1.94379e+06		1.06608		289.904		
00:00:45:350		1.0425e+07		-5.64513		0.34576		0		7.10134e+06		-43.0075			00:00:45:350		7.10229e+06		132.692		90.8062		1.94379e+06		1.06608		289.911		
00:00:45:250		1.04374e+07		-5.63855		0.483971		0		7.10096e+06		-35.499			00:00:45:250		7.10192e+06		132.609		90.8062		1.94379e+06		1.06608		289.918		
00:00:45:149		1.04498e+07		-5.63186		0.621944		0		7.10122e+06		16.2852			00:00:45:149		7.10147e+06		132.609		90.7074		1.94047e+06		1.06374		289.926		
00:00:45:049		1.04622e+07		-5.62508		0.759579		0		7.10161e+06		40.2689			00:00:45:049		7.10093e+06		132.609		90.7074		1.94047e+06		1.06374		289.933		
00:00:45:049		1.04622e+07		-5.62508		0.759579		0		7.10161e+06		40.2689			00:00:45:049		7.10093e+06		132.609		90.7074		1.94047e+06		1.06374		289.933		
00:00:44:950		1.04746e+07		-5.61819		0.896785		0		7.10169e+06		45.7833			00:00:44:950		7.1004e+06		132.526		90.6057		1.93713e+06		1.06141		289.941		
00:00:44:850		1.0487e+07		-5.61121		1.03345		0		7.10116e+06		33.9405			00:00:44:850		7.10001e+06		132.526		90.6057		1.93713e+06		1.06141		289.948		
00:00:44:549		1.05241e+07		-5.58965		1.439		0		7.09807e+06		-42.0407			00:00:44:549		7.09912e+06		132.442		90.5013		1.93374e+06		1.05908		289.972		
00:00:44:549		1.05241e+07		-5.58965		1.439		0		7.09807e+06		-42.0407			00:00:44:549		7.09912e+06		132.442		90.5013		1.93374e+06		1.05908		289.972		
00:00:44:450		1.05365e+07		-5.58227		1.57224		0		7.09797e+06		-21.2575			00:00:44:450		7.09868e+06		132.359		90.3941		1.93035e+06		1.05674		289.979		
00:00:44:450		1.05365e+07		-5.58227		1.57224		0		7.09797e+06		-21.2575			00:00:44:450		7.09868e+06		132.359		90.3941		1.93035e+06		1.05674		289.979		
00:00:44:250		1.05614e+07		-5.56722		1.83481		0		7.0986e+06		44.5822			00:00:44:250		7.09758e+06		132.275		90.3941		1.93035e+06		1.05674		289.995		
00:00:44:250		1.05614e+07		-5.56722		1.83481		0		7.0986e+06		44.5822			00:00:44:250		7.09758e+06		132.275		90.3941		1.93035e+06		1.05674		289.995		
00:00:44:149		1.05739e+07		-5.55955		1.96367		0		7.09841e+06		42.8783			00:00:44:149		7.09708e+06		132.275		90.2845		1.92695e+06		1.0544		290.003		
00:00:44:049		1.05864e+07		-5.55177		2.09054		0		7.0975e+06		12.6099			00:00:44:049		7.09677e+06		132.275		90.2845		1.92695e+06		1.0544		290.011		
00:00:43:950		1.05988e+07		-5.54389		2.21521		0		7.09621e+06		-36.2346			00:00:43:950		7.09651e+06		132.191		90.1723		1.92349e+06		1.05206		290.019		
00:00:43:850		1.06113e+07		-5.5359		2.33758		0		7.09517e+06		-43.835			00:00:43:850		7.0961e+06		132.191		90.1723		1.92349e+06		1.05206		290.027		
00:00:43:750		1.06238e+07		-5.5278		2.45778		0		7.09467e+06		-37.6364			00:00:43:750		7.09567e+06		132.107		90.1723		1.92349e+06		1.05206		290.034		
00:00:43:549		1.06487e+07		-5.51124		2.69229		0		7.09518e+06		39.1856			00:00:43:549		7.09458e+06		132.107		90.0579		1.92004e+06		1.04972		290.049		
00:00:43:549		1.06487e+07		-5.51124		2.69229		0		7.09518e+06		39.1856			00:00:43:549		7.09458e+06		132.107		90.0579		1.92004e+06		1.04972		290.049		
00:00:43:450		1.06611e+07		-5.50277		2.81453		0		7.09524e+06		45.8203			00:00:43:450		7.094e+06		132.023		89.9409		1.91662e+06		1.04738		290.056		
00:00:43:350		1.06735e+07		-5.49419		2.93574		0		7.0947e+06		35.0751			00:00:43:350		7.09354e+06		132.023		89.9409		1.91662e+06		1.04738		290.064		
00:00:43:149		1.06982e+07		-5.47666		3.17449		0		7.09223e+06		-42.2327			00:00:43:149		7.09287e+06		131.939		89.8215		1.91321e+06		1.04504		290.078		
00:00:43:149		1.06982e+07		-5.47666		3.17449		0		7.09223e+06		-42.2327			00:00:43:149		7.09287e+06		131.939		89.8215		1.91321e+06		1.04504		290.078		
00:00:43:049		1.07105e+07		-5.46771		3.28843		0		7.09138e+06		-43.4317			00:00:43:049		7.09244e+06		131.939		89.8215		1.91321e+06		1.04504		290.085		
00:00:42:950		1.07228e+07		-5.45865		3.39809		0		7.09117e+06		-26.507			00:00:42:950		7.09194e+06		131.854		89.6994		1.90973e+06		1.04269		290.091		
00:00:42:850		1.07351e+07		-5.44948		3.50055		0		7.09148e+06		29.0286			00:00:42:850		7.09142e+06		131.854		89.6994		1.90973e+06		1.04269		290.098		
00:00:42:750		1.07474e+07		-5.44019		3.6001		0		7.0917e+06		44.3288			00:00:42:750		7.09073e+06		131.77		89.6994		1.90973e+06		1.04269		290.104		
00:00:42:549		1.07719e+07		-5.42132		3.79029		0		7.09056e+06		14.8982			00:00:42:549		7.08980e+06		131.77		89.5746		1.90626e+06		1.04035		290.116		
00:00:42:549		1.07719e+07		-5.42132		3.79029		0		7.09056e+06		14.8982			00:00:42:549		7.08980e+06		131.77		89.5746		1.90626e+06		1.04035		290.116		
00:00:42:450		1.07842e+07		-5.41175		3.88086		0		7.0892e+06		-35.243			00:00:42:450		7.08946e+06		131.686		89.447		1.90283e+06		1.038		290.122		
00:00:42:350		1.07964e+07		-5.40212		3.96839		0		7.08805e+06		-45.1901			00:00:42:350		7.08897e+06		131.686		89.447		1.90283e+06		1.038		290.128		
00:00:42:250		1.08087e+07		-5.39244		4.0529		0		7.08744e+06		-39.7955			00:00:42:250		7.08848e+06		131.601		89.447		1.90283e+06		1.038		290.133		
00:00:42:149		1.0821e+07		-5.38271		4.13441		0		7.08751e+06		2.80654			00:00:42:149		7.08792e+06		131.601		89.3163		1.89933e+06		1.03565		290.138		
00:00:42:049		1.08332e+07		-5.37295		4.21295		0		7.08782e+06		38.4936			00:00:42:049		7.0873e+06		131.601		89.3163		1.89933e+06		1.03565		290.144		
00:00:41:950		1.08454e+07		-5.36316		4.28855		0		7.08787e+06		46.3691			00:00:41:950		7.08664e+06		131.516		89.1826		1.89578e+06		1.0333		290.149		
00:00:41:799		1.08637e+07		-5.3484		4.39657		0		7.08675e+06		16.7059			00:00:41:799		7.08597e+06		131.516		89.1826		1.89578e+06		1.0333		290.157		
00:00:41:700		1.08759e+07		-5.33852		4.46508		0		7.08536e+06		-34.7983			00:00:41:700		7.08559e+06		131.431		89.0457		1.89223e+06		1.03094		290.162		
00:00:41:500		1.09001e+07		-5.31862		4.59398		0		7.08348e+06		-41.424			00:00:41:500		7.08457e+06		131.346		89.0457		1.89223e+06		1.03094		290.172		
00:00:41:500		1.09001e+07		-5.31862		4.59398		0		7.08348e+06		-41.424			00:00:41:500		7.08457e+06		131.346		89.0457		1.89223e+06		1.03094		290.172		
00:00:41:399		1.09122e+07		-5.30859		4.65451		0		7.0835e+06		0			00:00:41:399		7.08397e+06		131.346		88.9055		1.88867e+06		1.02858		290.177		
00:00:41:299		1.09243e+07		-5.2985		4.71254		0		7.08378e+06		36.6306			00:00:41:299		7.08334e+06		131.346		88.9055		1.88867e+06		1.02858		290.182		
00:00:41:200		1.09363e+07		-5.28833		4.76815		0		7.08382e+06		45.6762			00:00:41:200		7.08267e+06		131.261		88.7622		1.88517e+06		1.02622		290.187		
00:00:41:100		1.09484e+07		-5.27809		4.82137		0		7.08329e+06		36.7758			00:00:41:100		7.08213e+06		131.261		88.7622		1.88517e+06		1.02622		290.192		
00:00:41:000		1.09605e+07		-5.26777		4.87241		0		7.08206e+06		-18.4493			00:00:41:000		7.08177e+06		131.175		88.7622		1.88517e+06		1.02622		290.197		
00:00:40:899		1.09726e+07		-5.25738		4.92113		0		7.0807e+06		-45.163			00:00:40:899		7.08129e+06		131.175		88.6158		1.88168e+06		1.02386		290.203		
00:00:40:799		1.09848e+07		-5.24692		4.96786		0		7.07972e+06		-45.0795			00:00:40:799		7.08076e+06		131.175		88.6158		1.88168e+06		1.02386		290.209		
00:00:40:700		1.09969e+07		-5.23639		5.01257		0		7.07936e+06		-33.1399			00:00:40:700		7.08021e+06		131.09		88.4662		1.8782e+06		1.0215		290.215		
00:00:40:600		1.1009e+07		-5.22579		5.05498		0		7.07957e+06		24.0581			00:00:40:600		7.07964e+06		131.09		88.4662		1.8782e+06		1.0215		290.222		
00:00:40:500		1.10211e+07		-5.21512		5.09603		0		7.07973e+06		42.4806			00:00:40:500		7.07892e+06		131.004		88.4662		1.8782e+06		1.0215		290.228		
00:00:40:350		1.10392e+07		-5.199		5.15387		0		7.07909e+06		35.5338			00:00:40:350		7.07799e+06		131.004		88.3133		1.87473e+06		1.01913		290.239		
00:00:40:299		1.10453e+07		-5.1936		5.17234		0		7.07852e+06		15.8752			00:00:40:299		7.07778e+06		131.004		88.3133		1.87473e+06		1.01913		290.243		
00:00:40:149		1.10635e+07		-5.17733		5.22506		0		7.07644e+06		-45.2141			00:00:40:149		7.07705e+06		130.918		88.157		1.87126e+06		1.01677		290.255		
00:00:40:049		1.10756e+07		-5.16643		5.25836		0		7.07544e+06		-45.2202			00:00:40:049		7.07648e+06		130.918		88.157		1.87126e+06		1.01677		290.263		
00:00:39:950		1.10877e+07		-5.1555		5.29011		0		7.07506e+06		-32.7004			00:00:39:950		7.07588e+06		130.831		87.9972		1.86778e+06		1.0144		290.272		
00:00:39:950		1.10877e+07		-5.1555		5.29011		0		7.07506e+06		-32.7004			00:00:39:950		7.07588e+06		130.831		87.9972		1.86778e+06		1.0144		290.272		
00:00:39:799		1.1112e+07		-5.13356		5.34936		0		7.0753e+06		41.9489			00:00:39:799		7.07449e+06		130.745		87.9972		1.86778e+06		1.0144		290.292		
00:00:39:649		1.11243e+07		-5.12255		5.377		0		7.07495e+06		41.2692			00:00:39:649		7.0738e+06		130.745		87.8336		1.8643e+06		1.01203		290.302		
00:00:39:549		1.11365e+07		-5.11154		5.40339		0		7.0739e+06		8.99186			00:00:39:549		7.07328e+06		130.745		87.8336		1.8643e+06		1.01203		290.313		
00:00:39:450		1.11488e+07		-5.10052		5.42856		0		7.07245e+06		-36.4321			00:00:39:450		7.07275e+06		130.658		87.6662		1.86081e+06		1.00965		290.324		
00:00:39:350		1.1161e+07		-5.08949		5.45255		0		7.07119e+06		-46.7999			00:00:39:350		7.07209e+06		130.658		87.6662		1.86081e+06		1.00965		290.336		
00:00:39:350		1.1161e+07		-5.08949		5.45255		0		7.07119e+06		-46.7999			00:00:39:350		7.07209e+06		130.658		87.6662		1.86081e+06		1.00965		290.336		
00:00:39:250		1.11733e+07		-5.07845		5.4755		0		7.07046e+06		-40.5258			00:00:39:250		7.07145e+06		130.572		87.6662		1.86081e+06		1.00965		290.348		
00:00:39:149		1.11856e+07		-5.06739		5.49728		0		7.07038e+06		3.36985			00:00:39:149		7.07074e+06		130.572		87.4949		1.85729e+06		1.00727		290.361		
00:00:39:049		1.11979e+07		-5.05629		5.5182		0		7.07048e+06		36.764			00:00:39:049		7.06998e+06		130.572		87.4949		1.85729e+06		1.00727		290.374		
00:00:38:950		1.12102e+07		-5.04514		5.53811		0		7.07026e+06		42.3322			00:00:38:950		7.06922e+06		130.485		87.3195		1.85374e+06		1.0049		290.388		
00:00:38:850		1.12225e+07		-5.03394		5.55708		0		7.06944e+06		24.9674			00:00:38:850		7.06859e+06		130.485		87.3195		1.85374e+06		1.0049		290.403		
00:00:38:549		1.12348e+07		-5.02269		5.57519		0		7.06804e+06		-29.2359			00:00:38:549		7.06808e+06		130.398		87.3195		1.85374e+06		1.0049		290.418		
00:00:38:549		1.12594e+07		-5.00001		5.60889		0		7.06568e+06		-44.3918			00:00:38:549		7.06671e+06		130.398		87.1397		1.85022e+06		1.00252		290.449		
00:00:38:450		1.12718e+07		-4.98859		5.6245		0		7.06537e+06		-21.2181			00:00:38:450		7.06598e+06		130.311		86.9556		1.84671e+06		1.00013		290.466		
00:00:38:450		1.12718e+07		-4.98859		5.6245		0		7.06537e+06		-21.2181			00:00:38:450		7.06598e+06		130.311		86.9556		1.84671e+06		1.00013		290.466		
00:00:38:350		1.12841e+07		-4.97711		5.63946		0		7.06546e+06		31.8213			00:00:38:350		7.06527e+06		130.311		86.9556		1.84671e+06		1.00013		290.484		
00:00:38:250		1.12965e+07		-4.96558		5.65369		0		7.06533e+06		42.5159			00:00:38:250		7.06439e+06		130.223		86.9556		1.84671e+06		1.00013		290.502		
00:00:38:049		1.13213e+07		-4.94237		5.68012		0		7.06341e+06		-16.7956			00:00:38:049		7.06313e+06		130.223		86.767		1.84323e+06		0.99775		290.539		
00:00:37:950		1.13338e+07		-4.93068		5.6925		0		7.06196e+06		-40.6484			00:00:37:950		7.06246e+06		130.135		86.5736		1.83977e+06		0.995364		290.56		
00:00:37:950		1.13338e+07		-4.93068		5.6925		0		7.06196e+06		-40.6484			00:00:37:950		7.06246e+06		130.135		86.5736		1.83977e+06		0.995364		290.56		
00:00:37:850		1.13462e+07		-4.91895		5.70416		0		7.06078e+06		-46.5491			00:00:37:850		7.06171e+06		130.135		86.5736		1.83977e+06		0.995364		290.58		
00:00:37:750		1.13585e+07		-4.90715		5.71525		0		7.06019e+06		-36.4235			00:00:37:750		7.06098e+06		130.047		86.5736		1.83977e+06		0.995364		290.602		
00:00:37:549		1.13833e+07		-4.88341		5.73572		0		7.05999e+06		38.2621			00:00:37:549		7.05932e+06		130.047		86.3755		1.83628e+06		0.992977		290.647		
00:00:37:549		1.13833e+07		-4.88341		5.73572		0		7.05999e+06		38.2621			00:00:37:549		7.05932e+06		130.047		86.3755		1.83628e+06		0.992977		290.647		
00:00:37:450		1.13957e+07		-4.87148		5.74526		0		7.05943e+06		36.8336			00:00:37:450		7.0585e+06		129.959		86.1723		1.83275e+06		0.990589		290.671		
00:00:37:350		1.14081e+07		-4.8595		5.75422		0		7.05827e+06		0			00:00:37:350		7.05784e+06		129.959		86.1723		1.83275e+06		0.990589		290.696		
00:00:37:200		1.14267e+07		-4.84145		5.76685		0		7.05609e+06		-42.9184			00:00:37:200		7.05674e+06		129.871		85.9641		1.82925e+06		0.9882		290.734		
00:00:37:100		1.1439e+07		-4.82937		5.77473		0		7.05502e+06		-45.0869			00:00:37:100		7.05592e+06		129.871		85.9641		1.82925e+06		0.9882		290.76		
00:00:37:049		1.14452e+07		-4.82332		5.77847		0		7.05471e+06		-38.5954			00:00:37:049		7.05549e+06		129.871		85.9641		1.82925e+06		0.9882		290.773		
00:00:36:950		1.14576e+07		-4.81119		5.7856		0		7.05453e+06		12.5106			00:00:36:950		7.05474e+06		129.783		85.7506		1.82577e+06		0.985812		290.801		
00:00:36:850		1.147e+07		-4.79902		5.79241		0		7.0544e+06		38.1386			00:00:36:850		7.05378e+06		129.783		85.7506		1.82577e+06		0.985812		290.829		
00:00:36:750		1.14824e+07		-4.78682		5.79876		0		7.05385e+06		38.987			00:00:36:750		7.05288e+06		129.694		85.7506		1.82577e+06		0.985812		290.857		
00:00:36:500		1.15133e+07		-4.75617		5.81333		0		7.05043e+06		-40.6043			00:00:36:500		7.05095e+06		129.606		85.5319		1.82226e+06		0.983423		290.93		
00:00:36:500		1.15133e+07		-4.75617		5.81333		0		7.05043e+06		-40.6043			00:00:36:500		7.05095e+06		129.606		85.5319		1.82226e+06		0.983423		290.93		
00:00:36:399		1.15257e+07		-4.74385		5.81836		0		7.04918e+06		-45.8795			00:00:36:399		7.05007e+06		129.606		85.3077		1.81877e+06		0.981034		290.96		
00:00:36:299		1.15382e+07		-4.73149		5.82303		0		7.04848e+06		-32.6722			00:00:36:299		7.04914e+06		129.606		85.3077		1.81877e+06		0.981034		290.99		
00:00:36:200		1.15506e+07		-4.71908		5.82742		0		7.04826e+06		21.3975			00:00:36:200		7.04831e+06		129.517		85.078		1.81533e+06		0.978646		291.021		
00:00:36:100		1.15631e+07		-4.70664		5.83169		0		7.04794e+06		37.9067			00:00:36:100		7.04724e+06		129.517		85.078		1.81533e+06		0.978646		291.052		
00:00:36:000		1.15756e+07		-4.69415		5.83568		0		7.04716e+06		32.6866			00:00:36:000		7.04633e+06		129.428		85.078		1.81533e+06		0.978646		291.084		
00:00:35:899		1.15881e+07		-4.68161		5.83915		0		7.04581e+06		0			00:00:35:899		7.04556e+06		129.428		84.8429		1.81189e+06		0.976256		291.117		
00:00:35:799		1.16005e+07		-4.66902		5.84206		0		7.04423e+06		-38.2601			00:00:35:799		7.04465e+06		129.428		84.8429		1.81189e+06		0.976256		291.15		
00:00:35:700		1.1613e+07		-4.65639		5.84481		0		7.04288e+06		-44.1393			00:00:35:700		7.0437e+06		129.339		84.6022		1.80841e+06		0.973867		291.183		
00:00:35:600		1.16255e+07		-4.64372		5.84756		0		7.04204e+06		-33.7243			00:00:35:600		7.04271e+06		129.339		84.6022		1.80841e+06		0.973867		291.217		
00:00:35:500		1.16379e+07		-4.631		5.85035		0		7.04164e+06		12.1692			00:00:35:500		7.04177e+06		129.249		84.6022		1.80841e+06		0.973867		291.252		
00:00:35:399		1.16501e+07		-4.61823		5.85255		0		7.0412e+06		34.761			00:00:35:399		7.04068e+06		129.249		84.356		1.80493e+06		0.971478		291.286		
00:00:35:299		1.16624e+07		-4.60541		5.85406		0		7.04035e+06		31.3576			00:00:35:299		7.03961e+06		129.249		84.356		1.80493e+06		0.971478		291.321		
00:00:35:200		1.16747e+07		-4.59254		5.85518		0		7.03896e+06		0			00:00:35:200		7.03871e+06		129.16		84.1044		1.80147e+06		0.969088		291.356		
00:00:35:100		1.16869e+07		-4.57965		5.85654		0		7.03735e+06		-35.0612			00:00:35:100		7.03767e+06		129.16		84.1044		1.80147e+06		0.969088		291.392		
00:00:35:000		1.16992e+07		-4.56672		5.8581		0		7.03596e+06		-40.0353			00:00:35:000		7.03662e+06		129.07		84.1044		1.80147e+06		0.969088		291.427		
00:00:34:899		1.17115e+07		-4.55376		5.85925		0		7.03501e+06		-30.1164			00:00:34:899		7.03557e+06		129.07		83.8473		1.79803e+06		0.966697		291.463		
00:00:34:799		1.17237e+07		-4.54076		5.85945		0		7.03445e+06		10.9048			00:00:34:799		7.03455e+06		129.07		83.8473		1.79803e+06		0.966697		291.498		
00:00:34:700		1.1736e+07		-4.52772		5.85877		8.19901		7.03385e+06		29.1763			00:00:34:700		7.03347e+06		128.98		83.585		1.79459e+06		0.964306		291.534		
00:00:34:600		1.17482e+07		-4.51464		5.85841		15.1303		7.03289e+06		28.072			00:00:34:600		7.03229e+06		128.98		83.585		1.79459e+06		0.964306		291.569		
00:00:34:500		1.17604e+07		-4.50153		5.85847		22.1789		7.03142e+06		0			00:00:34:500		7.03117e+06		128.89		83.585		1.79459e+06		0.964306		291.603		
00:00:34:399		1.17726e+07		-4.4884		5.85909		30.4052		7.02974e+06		-29.3282			00:00:34:399		7.02989e+06		128.89		83.3176		1.79112e+06		0.961914		291.637		
00:00:34:299		1.17848e+07		-4.47525		5.85944		37.1065		7.0282e+06		-33.4497			00:00:34:299		7.02863e+06		128.89		83.3176		1.79112e+06		0.961914		291.671		
00:00:34:200		1.1797e+07		-4.4621		5.85865		44.7718		7.02698e+06		-25.2689			00:00:34:200		7.02733e+06		128.799		83.0452		1.7876e+06		0.959521		291.704		
00:00:34:100		1.18091e+07		-4.44894		5.85689		51.5092		7.02602e+06		9.13038			00:00:34:100		7.02606e+06		128.799		83.0452		1.7876e+06		0.959521		291.737		
00:00:34:000		1.18212e+07		-4.43579		5.85565		53.9205		7.02495e+06		18.4018			00:00:34:000		7.02472e+06		128.708		83.0452		1.7876e+06		0.959521		291.77		
00:00:33:899		1.18334e+07		-4.42267		5.85611		60.5097		7.02359e+06		6.3456			00:00:33:899		7.02337e+06		128.708		82.7683		1.78406e+06		0.957126		291.802		
00:00:33:799		1.18456e+07		-4.40957		5.85844		65.5862		7.02196e+06		0			00:00:33:799		7.022e+06		128.708		82.7683		1.78406e+06		0.957126		291.833		
00:00:33:649		1.1864e+07		-4.38999		5.86868		69.6916		7.01946e+06		-29.228			00:00:33:649		7.01977e+06		128.618		82.487		1.78049e+06		0.954729		291.878		
00:00:33:549		1.18762e+07		-4.37697		5.87572		71.6412		7.01816e+06		0			00:00:33:549		7.01832e+06		128.618		82.487		1.78049e+06		0.954729		291.908		
00:00:33:450		1.18884e+07		-4.36396		5.86995		73.4149		7.01693e+06		7.95843			00:00:33:450		7.01693e+06		128.526		82.2019		1.77679e+06		0.95233		291.936		
00:00:33:350		1.19007e+07		-4.35094		5.86419		75.1985		7.0156e+06		9.08445			00:00:33:350		7.01547e+06		128.526		82.2019		1.77679e+06		0.95233		291.963		
00:00:33:250		1.19129e+07		-4.33791		5.85844		76.9791		7.01411e+06		0			00:00:33:250		7.01404e+06		128.434		82.2019		1.77679e+06		0.95233		291.99		
00:00:33:250		1.19129e+07		-4.33791		5.85844		76.9791		7.01411e+06		0			00:00:33:250		7.01404e+06		128.434		82.2019		1.77679e+06		0.95233		291.99		
00:00:33:149		1.19251e+07		-4.32482		5.85257		78.7453		7.01251e+06		0			00:00:33:149		7.01259e+06		128.434		81.9133		1.77295e+06		0.949928		292.015		
00:00:33:049		1.19373e+07		-4.31166		5.8466		80.4744		7.01095e+06		-27.141			00:00:33:049		7.0111e+06		128.434		81.9133		1.77295e+06		0.949928		292.04		
00:00:32:950		1.19495e+07		-4.2984		5.84049		82.1917		7.00959e+06		0			00:00:32:950		7.00971e+06		128.342		81.6219		1.76897e+06		0.947522		292.064		
00:00:32:850		1.19617e+07		-4.28502		5.83447		83.8866		7.00822e+06		0			00:00:32:850		7.00831e+06		128.342		81.6219		1.76897e+06		0.947522		292.086		
00:00:32:750		1.19739e+07		-4.27152		5.82853		85.5933		7.00685e+06		0			00:00:32:750		7.00689e+06		128.249		81.6219		1.76897e+06		0.947522		292.108		
00:00:32:549		1.19984e+07		-4.24406		5.81664		88.9972		7.00403e+06		4.40651			00:00:32:549		7.00397e+06		128.249		81.3284		1.76475e+06		0.945113		292.147		
00:00:32:450		1.20107e+07		-4.23014		5.81036		90.7052		7.00252e+06		0.471233			00:00:32:450		7.00248e+06		128.155		81.0336		1.76021e+06		0.942701		292.166		
00:00:32:450		1.20107e+07		-4.23014		5.81036		90.7052		7.00252e+06		0.471233			00:00:32:450		7.00248e+06		128.155		81.0336		1.76021e+06		0.942701		292.166		
00:00:32:350		1.2023e+07		-4.21613		5.80399		92.4033		7.00097e+06		0			00:00:32:350		7.00096e+06		128.155		81.0336		1.76021e+06		0.942701		292.183		
00:00:32:250		1.20352e+07		-4.2021		5.79772		94.0821		6.99943e+06		0			00:00:32:250		6.99943e+06		128.059		81.0336		1.76021e+06		0.942701		292.2		
00:00:32:149		1.20475e+07		-4.1881		5.79154		95.7818		6.99793e+06		2.80236			00:00:32:149		6.99791e+06		128.059		80.7385		1.75524e+06		0.940284		292.217		
00:00:32:049		1.20598e+07		-4.17422		5.78524		97.4918		6.99642e+06		5.63297			00:00:32:049		6.99637e+06		128.059		80.7385		1.75524e+06		0.940284		292.232		
00:00:31:850		1.20844e+07		-4.14713		5.77201		100.912		6.99319e+06		0			00:00:31:850		6.99316e+06		127.96		80.4442		1.74974e+06		0.937864		292.262		
00:00:31:750		1.20968e+07		-4.134		5.76516		102.623		6.99151e+06		0			00:00:31:750		6.9915e+06		127.96		80.4442		1.74974e+06		0.937864		292.262		
00:00:31:750		1.20968e+07		-4.134		5.76516		102.623		6.99151e+06		0			00:00:31:750		6.9915e+06		127.858		80.4442		1.74361e+06		0.937864		292.277		
00:00:31:550		1.21212e+07		-4.10848		5.75097		106.045		6.98814e+06		1.41938			00:00:31:550		6.98814e+06		127.858		80.1519		1.74361e+06		0.935439		292.307		
00:00:31:449		1.21332e+07		-4.09586		5.74446		107.765		6.98649e+06		6.12223			00:00:31:449		6.98644e+06		127.751		79.863		1.73672e+06		0.933009		292.322		
00:00:31:449		1.21332e+07		-4.09586		5.74446		107.765		6.98649e+06		6.12223			00:00:31:449		6.98644e+06		127.751		79.863		1.73672e+06		0.933009		292.322		
00:00:31:350		1.21453e+07		-4.08323		5.73808		109.511		6.98481e+06		8.23176			00:00:31:350		6.98471e+06		127.751		79.863		1.73672e+06		0.933009		292.338		
00:00:31:250		1.21573e+07		-4.07061		5.72999		111.273		6.98306e+06		7.73491			00:00:31:250		6.98295e+06		127.636		79.863		1.73672e+06		0.933009		292.355		
00:00:31:149		1.21692e+07		-4.05798		5.72307		113.042		6.98125e+06		5.40589			00:00:31:149		6.98116e+06		127.636		79.5787		1.72891e+06		0.930574		292.372		
00:00:31:050		1.21812e+07		-4.04534		5.71626		114.818		6.9794e+06		2.28475			00:00:31:050		6.97934e+06		127.636		79.5787		1.72891e+06		0.930574		292.39		
00:00:30:949		1.21932e+07		-4.03269		5.70916		116.617		6.97756e+06		1.52906			00:00:30:949		6.97752e+06		127.512		79.3004		1.72012e+06		0.928133		292.409		
00:00:30:800		1.22111e+07		-4.01371		5.69769		119.35		6.97482e+06		3.78408			00:00:30:800		6.97477e+06		127.512		79.3004		1.72012e+06		0.928133		292.439		
00:00:30:699		1.2223e+07		-4.00101		5.69007		121.201		6.97296e+06		5.03667			00:00:30:699		6.97289e+06		127.377		79.0288		1.71036e+06		0.925685		292.46		
00:00:30:600		1.22349e+07		-3.98819		5.68274		123.056		6.97107e+06		6.97604			00:00:30:600		6.97099e+06		127.377		79.0288		1.71036e+06		0.925685		292.483		
00:00:30:500		1.22467e+07		-3.97524		5.67551		124.946		6.96915e+06		7.81572			00:00:30:500		6.96905e+06		127.227		79.0288		1.71036e+06		0.925685		292.507		
00:00:30:399		1.22587e+07		-3.96216		5.66793		126.861		6.9672e+06		8.75139			00:00:30:399		6.96708e+06		127.227		78.7641		1.69967e+06		0.923229		292.534		
00:00:30:300		1.22706e+07		-3.94897		5.65986		128.807		6.96522e+06		10.0141			00:00:30:300		6.96509e+06		127.227		78.7641		1.69967e+06		0.923229		292.563		
00:00:30:199		1.22825e+07		-3.93568		5.65179		130.799		6.96323e+06		11.6323			00:00:30:199		6.96306e+06		127.06		78.5045		1.68815e+06		0.920766		292.594		
00:00:30:100		1.22945e+07		-3.92231		5.64395		132.797		6.96121e+06		13.27			00:00:30:100		6.96102e+06		127.06		78.5045		1.68815e+06		0.920766		292.627		
00:00:30:000		1.23064e+07		-3.90885		5.63675		134.816		6.95917e+06		14.7619			00:00:30:000		6.95894e+06		126.876		78.5045		1.68815e+06		0.920766		292.662		
00:00:29:899		1.23183e+07		-3.89532		5.62933		136.904		6.9571e+06		16.642			00:00:29:899		6.95682e+06		126.876		78.2408		1.67597e+06		0.918293		292.698		
00:00:29:850		1.23242e+07		-3.88853		5.62519		137.974		6.95605e+06		17.7752			00:00:29:850		6.95575e+06		126.876		78.2408		1.67597e+06		0.918293		292.717		
00:00:29:750		1.23361e+07		-3.87491		5.61636		140.166		6.95393e+06		20.2192			00:00:29:750		6.95357e+06		126.675		78.2408		1.67597e+06		0.918293		292.756		
00:00:29:649		1.23479e+07		-3.86123		5.60736		142.393		6.95177e+06		22.8489			00:00:29:649		6.95135e+06		126.675		77.9717		1.66336e+06		0.91581		292.796		
00:00:29:500		1.23656e+07		-3.84062		5.59595		145.792		6.94846e+06		26.521			00:00:29:500		6.94791e+06		126.457		77.9717		1.66336e+06		0.91581		292.86		
00:00:29:399		1.23773e+07		-3.82683		5.58891		148.175		6.94619e+06		28.5158			00:00:29:399		6.94556e+06		126.457		77.698		1.65043e+06		0.913318		292.903		
00:00:29:300		1.23892e+07		-3.81302		5.58031		150.738		6.94384e+06		29.7825			00:00:29:300		6.94316e+06		126.457		77.698		1.65043e+06		0.913318		292.948		
00:00:29:199		1.2401e+07		-3.79918		5.57115		153.471		6.94143e+06		30.7217			00:00:29:199		6.9407e+06		126.225		77.4206		1.63725e+06		0.910815		292.995		
00:00:29:100		1.24127e+07		-3.78531		5.56249		156.287		6.93894e+06		31.4227			00:00:29:100		6.93818e+06		126.225		77.4206		1.63725e+06		0.910815		293.043		
00:00:29:000		1.24245e+07		-3.77143		5.56061		159.246		6.9364e+06		32.3149			00:00:29:000		6.9356e+06		125.985		77.4206		1.63725e+06		0.910815		293.091		
00:00:28:899		1.24362e+07		-3.75754		5.54808		162.714		6.9338e+06		33.7166			00:00:28:899		6.93296e+06		125.985		77.1401		1.62393e+06		0.903814		293.139		
00:00:28:800		1.24479e+07		-3.74365		5.54186		167.384		6.93117e+06		35.9966			00:00:28:800		6.93025e+06		125.985		77.1401		1.62393e+06		0.903814		293.206		
00:00:28:699		1.24597e+07		-3.72975		5.53213		174.454		6.9285e+06		38.9679			00:00:28:699		6.92745e+06		125.739		76.8567		1.61052e+06		0.896794		293.247		
00:00:28:600		1.24714e+07		-3.71583		5.52322		186.208		6.92576e+06		42.0048			00:00:28:600		6.92457e+06		125.739		76.8567		1.61052e+06		0.896794		293.308		
00:00:28:500		1.24831e+07		-3.70191		5.51572		207.392		6.92293e+06		44.3467			00:00:28:500		6.9216e+06		125.493		76.8567		1.61052e+06		0.896794		293.37		
00:00:28:399		1.24949e+07		-3.68798		5.50839		245.244		6.91996e+06		46.3896			00:00:28:399		6.91851e+06		125.493		76.5705		1.59697e+06		0.889753		293.435		
00:00:28:300		1.25066e+07		-3.67403		5.49937		296.518		6.91683e+06		48.0671			00:00:28:300		6.91527e+06		125.493		76.5705		1.59697e+06		0.889753		293.503		
00:00:28:199		1.25183e+07		-3.66008		5.48872		347.769		6.91351e+06		49.4766			00:00:28:199		6.91186e+06		125.246		76.2812		1.58321e+06		0.882692		293.573		
00:00:28:100		1.25301e+07		-3.64612		5.47846		393.935		6.91001e+06		50.7378			00:00:28:100		6.90826e+06		125.246		76.2812		1.58321e+06		0.882692		293.645		
00:00:28:000		1.25418e+07		-3.63215		5.47036		433.423		6.90631e+06		51.7175			00:00:28:000		6.90449e+06		124.998		76.2812		1.58321e+06		0.882692		293.72		
00:00:27:850		1.25593e+07		-3.61118		5.45938		480.219		6.90042e+06		52.771			00:00:27:850		6.89851e+06		124.998		75.989		1.56928e+06		0.87561		293.837		
00:00:27:750		1.2571e+07		-3.59718		5.4491		504.054		6.89626e+06		53.2096			00:00:27:750		6.89431e+06		124.75		75.989		1.56928e+06		0.87561		293.919		
00:00:27:649		1.25827e+07		-3.58317		5.43673		522.674		6.89192e+06		53.5422			00:00:27:649		6.88993e+06		124.75		75.6938		1.5552e+06		0.868506		294.003		
00:00:27:550		1.25943e+07		-3.56913		5.42576		535.854		6.88741e+06		53.8671			00:00:27:550		6.88538e+06		124.75		75.6938		1.5552e+06		0.868506		294.088		
00:00:27:449		1.26059e+07		-3.55508		5.41848		542.451		6.88275e+06		54.323			00:00:27:449		6.88068e+06		124.501		75.3956		1.54104e+06		0.86138		294.175		
00:00:27:449		1.26059e+07		-3.55508		5.41848		542.451		6.88275e+06		54.323			00:00:27:449		6.88068e+06		124.501		75.3956		1.54104e+06		0.86138		294.175		
00:00:27:350		1.26175e+07		-3.54102		5.41264		544.326		6.87795e+06		55.0016			00:00:27:350		6.87584e+06		124.501		75.3956		1.54104e+06		0.86138		294.263		
00:00:27:250		1.2629e+07		-3.52695		5.40345		545.667		6.87303e+06		55.6418			00:00:27:250		6.87086e+06		124.251		75.3956		1.54104e+06		0.86138		294.352		
00:00:27:149		1.26405e+07		-3.51287		5.38962		546.994		6.86799e+06		56.5415			00:00:27:149		6.86577e+06		124.251		75.0947		1.52672e+06		0.854231		294.442		
00:00:27:050		1.2652e+07		-3.49878		5.37571		548.315		6.86284e+06		58.61			00:00:27:050		6.86051e+06		124.251		75.0947		1.52672e+06		0.854231		294.534		
00:00:26:949		1.26635e+07		-3.48469		5.36713		549.648		6.85759e+06		61.0699			00:00:26:949		6.85509e+06		124		74.7912		1.51216e+06		0.84706		294.628		
00:00:26:850		1.2675e+07		-3.4706		5.36318		551.005		6.85223e+06		64.0841			00:00:26:850		6.84953e+06		124		74.7912		1.51216e+06		0.84706		294.723		
00:00:26:750		1.26864e+07		-3.45653		5.35652		552.402		6.84678e+06		67.5694			00:00:26:750		6.84384e+06		123.748		74.7912		1.51216e+06		0.84706		294.82		
00:00:26:550		1.27092e+07		-3.42837		5.32384		555.341		6.83557e+06		75.0156			00:00:26:550		6.83204e+06		123.748		74.4853		1.49739e+06		0.839866		295.02		
00:00:26:449		1.27205e+07		-3.41429		5.31158		556.879		6.82975e+06		77.8367			00:00:26:449		6.82595e+06		123.496		74.1771		1.48247e+06		0.832649		295.121		
00:00:26:449		1.27205e+07		-3.41429		5.31158		556.879		6.82975e+06		77.8367			00:00:26:449		6.82595e+06		123.496		74.1771		1.48247e+06		0.832649		295.121		
00:00:26:350		1.27319e+07		-3.40021		5.30905		558.465		6.82372e+06		78.3887			00:00:26:350		6.81977e+06		123.496		74.1771		1.48247e+06		0.832649		295.223		
00:00:26:149		1.27546e+07		-3.37203		5.29324		561.721		6.81095e+06		73.3605			00:00:26:149		6.80726e+06		123.243		73.8667		1.46743e+06		0.82541		295.426		
00:00:26:149		1.27546e+07		-3.37203		5.29324		561.721		6.81095e+06		73.3605			00:00:26:149		6.80726e+06		123.243		73.8667		1.46743e+06		0.82541		295.426		
00:00:26:050		1.27659e+07		-3.35794		5.26941		563.371		6.80421e+06		70.5584			00:00:26:050		6.80073e+06		123.243		73.8667		1.46743e+06		0.82541		295.525		
00:00:25:949		1.27772e+07		-3.34385		5.25059		565.012		6.79725e+06		68.3627			00:00:25:949		6.79393e+06		122.99		73.5543		1.45222e+06		0.818149		295.622		
00:00:25:850		1.27886e+07		-3.32975		5.24845		566.627		6.79009e+06		66.847			00:00:25:850		6.78688e+06		122.99		73.5543		1.45222e+06		0.818149		295.718		
00:00:25:750		1.27999e+07		-3.31564		5.25396		568.187		6.78275e+06		66.135			00:00:25:750		6.77961e+06		122.735		73.5543		1.45222e+06		0.818149		295.814		
00:00:25:550		1.28224e+07		-3.2874		5.22016		570.959		6.76774e+06		68.0338			00:00:25:550		6.76448e+06		122.735		73.2396		1.43683e+06		0.810867		296.007		
00:00:25:449		1.28336e+07		-3.27327		5.19216		572.066		6.75996e+06		68.9762			00:00:25:449		6.75659e+06		122.48		72.9228		1.42131e+06		0.803564		296.103		
00:00:25:449		1.28336e+07		-3.27327		5.19216		572.066		6.75996e+06		68.9762			00:00:25:449		6.75659e+06		122.48		72.9228		1.42131e+06		0.803564		296.103		
00:00:25:350		1.28448e+07		-3.25913		5.18377		572.882		6.75193e+06		68.492			00:00:25:350		6.74851e+06		122.48		72.9228		1.42131e+06		0.803564		296.198		
00:00:25:199		1.28616e+07		-3.23793		5.2039		573.373		6.73956e+06		66.8801			00:00:25:199		6.73626e+06		122.224		72.6036		1.40563e+06		0.796239		296.34		
00:00:25:100		1.28728e+07		-3.22379		5.19818		573.08		6.73123e+06		66.4295			00:00:25:100		6.72798e+06		122.224		72.6036		1.40563e+06		0.796239		296.433		
00:00:25:050		1.28783e+07		-3.21672		5.17584		572.72		6.72707e+06		66.3255			00:00:25:050		6.72384e+06		122.224		72.6036		1.40563e+06		0.796239		296.479		
00:00:24:949		1.28894e+07		-3.20259		5.13559		571.54		6.71881e+06		66.2212			00:00:24:949		6.7156e+06		121.968		72.2818		1.38973e+06		0.788894		296.57		
00:00:24:800		1.29061e+07		-3.18138		5.1194		568.762		6.70679e+06		66.8715			00:00:24:800		6.70360e+06		121.968		72.2818		1.38973e+06		0.788894		296.703		
00:00:24:699		1.29172e+07		-3.16723		5.1431		566.72		6.69927e+06		66.8756			00:00:24:699		6.69615e+06		121.711		71.9571		1.37366e+06		0.78153		296.789		
00:00:24:600		1.29283e+07		-3.15307		5.16682		564.998		6.69259e+06		67.7834			00:00:24:600		6.68957e+06		121.711		71.9571		1.37366e+06		0.78153		296.871		
00:00:24:500		1.29394e+07		-3.1389		5.09451		563.764		6.68755e+06		75.6611			00:00:24:500		6.68431e+06		121.453		71.9571		1.37366e+06		0.78153		296.95		
00:00:24:399		1.29505e+07		-3.12473		5.03221		562.996		6.68492e+06		148.713			00:00:24:399		6.6773e+06		121.453		71.6291		1.35743e+06		0.77415		297.025		
00:00:24:300		1.29616e+07		-3.11054		4.92208		562.594		6.68476e+06		321.748			00:00:24:300		6.65206e+06		121.453		71.6291		1.35743e+06		0.77415		297.097		
00:00:24:199		1.29727e+07		-3.09635		4.8314		562.311		6.68598e+06		369.664			00:00:24:199		6.62204e+06		121.195		71.2974		1.341e+06		0.766755		297.165		
00:00:24:100		1.29838e+07		-3.08214		4.77793		561.995		6.68818e+06		436.491			00:00:24:100		6.60141e+06		121.195		71.2974		1.341e+06		0.766755		297.23		
00:00:24:000		1.29948e+07		-3.06791		4.64766		561.653		6.69088e+06		473.149			00:00:24:000		6.58346e+06		120.937		71.2974		1.341e+06		0.766755		297.293		
00:00:23:899		1.30059e+07		-3.05367		4.53898		561.314		6.69365e+06		481.193			00:00:23:899		6.57589e+06		120.937		70.962		1.3244e+06		0.759348		297.354		
00:00:23:800		1.30169e+07		-3.03941		4.42188		560.986		6.69639e+06		476.969			00:00:23:800		6.58257e+06		120.937		70.962		1.3244e+06		0.759348		297.413		
00:00:23:699		1.3028e+07		-3.02515		4.36092		560.672		6.6992e+06		479.282			00:00:23:699		6.58443e+06		120.677		70.6227		1.30762e+06		0.75193		297.471		
00:00:23:600		1.30391e+07		-3.01088		4.29687		560.383		6.70207e+06		482.082			00:00:23:600		6.58614e+06		120.677		70.6227		1.30762e+06		0.75193		297.528		
00:00:23:500		1.30501e+07		-2.99659		4.22152		560.12		6.70501e+06		485.162			00:00:23:500		6.58765e+06		120.418		70.6227		1.30762e+06		0.75193		297.585		
00:00:23:399		1.30612e+07		-2.9823		4.11739		559.88		6.70802e+06		488.197			00:00:23:399		6.58925e+06		120.418		70.2797		1.29065e+06		0.744501		297.641		
00:00:23:300		1.30722e+07		-2.96802		4.03012		559.657		6.7111e+06		491.219			00:00:23:300		6.59091e+06		120.418		70.2797		1.29065e+06		0.744501		297.698		
00:00:23:199		1.30832e+07		-2.95372		3.91285		559.439		6.71424e+06		494.209			00:00:23:199		6.59265e+06		120.157		69.9334		1.2734e+06		0.73706		297.754		
00:00:23:100		1.30942e+07		-2.93941		3.81571		559.219		6.71743e+06		497.075			00:00:23:100		6.59447e+06		120.157		69.9334		1.2734e+06		0.73706		297.81		
00:00:23:000		1.31052e+07		-2.92509		3.73668		558.994		6.72066e+06		499.459			00:00:23:000		6.59652e+06		119.897		69.9334		1.2734e+06		0.73706		297.866		
00:00:22:899		1.31162e+07		-2.91076		3.69122		558.763		6.7239e+06		500.439			00:00:22:899		6.59909e+06		119.897		69.584		1.25588e+06		0.729609		297.921		
00:00:22:800		1.31272e+07		-2.89641		3.61574		558.531		6.72715e+06		500.943			00:00:22:800		6.60215e+06		119.897		69.584		1.25588e+06		0.729609		297.976		
00:00:22:699		1.31382e+07		-2.88205		3.48721		558.297		6.73038e+06		501.433			00:00:22:699		6.60520e+06		119.636		69.2315		1.23819e+06		0.722147		298.03		
00:00:22:600		1.31492e+07		-2.86767		3.38645		558.057		6.73359e+06		501.896			00:00:22:600		6.60825e+06		119.636		69.2315		1.23819e+06		0.722147		298.083		
00:00:22:500		1.31602e+07		-2.85327		3.33101		557.814		6.73678e+06		502.295			00:00:22:500		6.61129e+06		119.374		69.2315		1.23819e+06		0.722147		298.135		
00:00:22:399		1.31712e+07		-2.83886		3.27995		557.573		6.73993e+06		502.634			00:00:22:399		6.61433e+06		119.374		68.8761		1.22032e+06		0.714674		298.188		
00:00:22:300		1.31821e+07		-2.82443		3.19979		557.323		6.74304e+06		502.928			00:00:22:300		6.61735e+06		119.374		68.8761		1.22032e+06		0.714674		298.24		
00:00:22:199		1.31931e+07		-2.80998		3.08641		557.069		6.74612e+06		503.18			00:00:22:199		6.62037e+06		119.111		68.5175		1.20217e+06		0.70719		298.293		
00:00:22:100		1.3204e+07		-2.79551		2.9686		556.806		6.74918e+06		503.399			00:00:22:100		6.62338e+06		119.111		68.5175		1.20217e+06		0.70719		298.345		
00:00:22:000		1.3215e+07		-2.78103		2.93782		556.541		6.75221e+06		503.586			00:00:22:000		6.62637e+06		118.848		68.5175		1.20217e+06		0.70719		298.397		
00:00:21:899		1.32259e+07		-2.76653		2.89066		556.271		6.75521e+06		503.745			00:00:21:899		6.62935e+06		118.848		68.1556		1.18374e+06		0.699697		298.448		
00:00:21:750		1.32424e+07		-2.74477		2.71412		555.85		6.75965e+06		503.953			00:00:21:750		6.63378e+06		118.585		68.1556		1.18374e+06		0.699697		298.523		
00:00:21:649		1.32533e+07		-2.73024		2.58996		555.564		6.76258e+06		504.093			00:00:21:649		6.6367e+06		118.585		67.7904		1.16517e+06		0.692193		298.57		
00:00:21:550		1.32643e+07		-2.71572		2.54321		555.272		6.76549e+06		504.242			00:00:21:550		6.6396e+06		118.585		67.7904		1.16517e+06		0.692193		298.618		
00:00:21:449		1.32753e+07		-2.70119		2.54626		554.971		6.76837e+06		504.386			00:00:21:449		6.64246e+06		118.321		67.4215		1.14637e+06		0.68468		298.666		
00:00:21:449		1.32753e+07		-2.70119		2.54626		554.971		6.76837e+06		504.386			00:00:21:449		6.64246e+06		118.321		67.4215		1.14637e+06		0.68468		298.666		
00:00:21:350		1.32862e+07		-2.68665		2.5494		554.672		6.77122e+06		504.543			00:00:21:350		6.64529e+06		118.321		67.4215		1.14637e+06		0.68468		298.715		
00:00:21:250		1.32972e+07		-2.67209		2.55251		554.363		6.77404e+06		504.684			00:00:21:250		6.6481e+06		118.056		67.4215		1.14637e+06		0.68468		298.765		
00:00:21:050		1.33192e+07		-2.64294		2.5585		553.739		6.77962e+06		504.999			00:00:21:050		6.65364e+06		118.056		67.049		1.12736e+06		0.677156		298.868		
00:00:21:050		1.33192e+07		-2.64294		2.5585		553.739		6.77962e+06		504.999			00:00:21:050		6.65364e+06		118.056		67.049		1.12736e+06		0.677156		298.868		
00:00:20:949		1.33302e+07		-2.62833		2.56143		553.422		6.78237e+06		505.155			00:00:20:949		6.65637e+06		117.791		66.6726		1.10812e+06		0.669621		298.921		
00:00:20:850		1.33412e+07		-2.61371		2.56444		553.103		6.78509e+06		505.308			00:00:20:850		6.65907e+06		117.791		66.6726		1.10812e+06		0.669621		298.975		
00:00:20:750		1.33521e+07		-2.59908		2.56742		552.776		6.78779e+06		505.461			00:00:20:750		6.66175e+06		117.524		66.6726		1.10812e+06		0.669621		299.029		
00:00:20:649		1.33631e+07		-2.58442		2.57051		552.451		6.79046e+06		505.611			00:00:20:649		6.6644e+06		117.524		66.2924		1.08859e+06		0.662074		299.084		
00:00:20:449		1.33849e+07		-2.55506		2.57625		551.796		6.79573e+06		505.899			00:00:20:449		6.66964e+06		117.258		65.9084		1.0688e+06		0.654515		299.198		
00:00:20:449		1.33849e+07		-2.55506		2.57625		551.796		6.79573e+06		505.899			00:00:20:449		6.66964e+06		117.258		65.9084		1.0688e+06		0.654515		299.198		
00:00:20:350		1.33959e+07		-2.54036		2.57916		551.463		6.79833e+06		506.05			00:00:20:350		6.67222e+06		117.258		65.9084		1.0688e+06		0.654515		299.255		
00:00:20:250		1.34069e+07		-2.52565		2.582		551.13		6.80091e+06		506.204			00:00:20:250		6.67478e+06		116.99		65.9084		1.0688e+06		0.654515		299.313		
00:00:20:149		1.34178e+07		-2.51093		2.58482		550.799		6.80346e+06		506.346			00:00:20:149		6.67732e+06		116.99		65.5209		1.04875e+06		0.646944		299.371		
00:00:20:050		1.34286e+07		-2.49621		2.58755		550.459		6.806e+06		506.491			00:00:20:050		6.67983e+06		116.99		65.5209		1.04875e+06		0.646944		299.43		
00:00:19:949		1.34395e+07		-2.48149		2.59028		550.119		6.80852e+06		506.643			00:00:19:949		6.68233e+06		116.722		65.1305		1.02844e+06		0.63936		299.489		
00:00:19:850		1.34503e+07		-2.46677		2.59308		549.774		6.81101e+06		506.791			00:00:19:850		6.6848e+06		116.722		65.1305		1.02844e+06		0.63936		299.549		
00:00:19:750		1.3461e+07		-2.45204		2.59581		549.435		6.81349e+06		506.942			00:00:19:750		6.68725e+06		116.454		65.1305		1.02844e+06		0.63936		299.609		
00:00:19:550		1.34825e+07		-2.42254		2.60139		548.767		6.81839e+06		507.256			00:00:19:550		6.69211e+06		116.454		64.7374		1.00784e+06		0.631764		299.731		
00:00:19:399		1.34987e+07		-2.40037		2.60549		548.269		6.82202e+06		507.512			00:00:19:399		6.6957e+06		116.184		64.3418		986936		0.624154		299.823		
00:00:19:399		1.34987e+07		-2.40037		2.60549		548.269		6.82202e+06		507.512			00:00:19:399		6.6957e+06		116.184		64.3418		986936		0.624154		299.823		
00:00:19:300		1.35094e+07		-2.38557		2.60824		547.938		6.82443e+06		507.696			00:00:19:300		6.69806e+06		116.184		64.3418		986936		0.624154		299.884		
00:00:19:199		1.35201e+07		-2.37075		2.61099		547.607		6.82682e+06		507.893			00:00:19:199		6.70042e+06		115.914		63.9434		965731		0.616531		299.946		
00:00:19:100		1.35309e+07		-2.35593		2.61373		547.275		6.82921e+06		508.102			00:00:19:100		6.70275e+06		115.914		63.9434		965731		0.616531		300.007		
00:00:19:000		1.35417e+07		-2.34108		2.61649		546.952		6.83158e+06		508.338			00:00:19:000		6.70507e+06		115.643		63.9434		965731		0.616531		300.069		
00:00:18:899		1.35524e+07		-2.32623		2.6192		546.637		6.83395e+06		508.59			00:00:18:899		6.70737e+06		115.643		63.5422		944294		0.608895		300.132		
00:00:18:800		1.35632e+07		-2.31136		2.62196		546.324		6.83632e+06		508.859			00:00:18:800		6.70965e+06		115.643		63.5422		944294		0.608895		300.194		
00:00:18:699		1.35739e+07		-2.29648		2.62459		546.015		6.83867e+06		509.155			00:00:18:699		6.71192e+06		115.372		63.1379		922582		0.601245		300.256		
00:00:18:500		1.35954e+07		-2.26669		2.62993		545.414		6.84338e+06		509.823			00:00:18:500		6.71641e+06		115.099		63.1379		922582		0.601245		300.38		
00:00:18:399		1.36062e+07		-2.25179		2.63264		545.121		6.84574e+06		510.188			00:00:18:399		6.71863e+06		115.099		62.7305		900565		0.593582		300.442		
00:00:18:399		1.36062e+07		-2.25179		2.63264		545.121		6.84574e+06		510.188			00:00:18:399		6.71863e+06		115.099		62.7305		900565		0.593582		300.442		
00:00:18:300		1.36169e+07		-2.2369		2.63529		544.831		6.84809e+06		510.6			00:00:18:300		6.72084e+06		115.099		62.7305		900565		0.593582		300.505		
00:00:18:199		1.36276e+07		-2.22203		2.63798		544.541		6.85045e+06		511.033			00:00:18:199		6.72303e+06		114.826		62.3199		878273		0.585906		300.567		
00:00:18:100		1.36383e+07		-2.20718		2.6407		544.254		6.85281e+06		511.511			00:00:18:100		6.72522e+06		114.826		62.3199		878273		0.585906		300.629		
00:00:18:000		1.3649e+07		-2.19235		2.64345		543.967		6.85518e+06		512.031			00:00:18:000		6.72739e+06		114.552		62.3199		878273		0.585906		300.691		
00:00:17:899		1.36596e+07		-2.17756		2.64615		543.682		6.85756e+06		512.615			00:00:17:899		6.72955e+06		114.552		61.9063		855707		0.578216		300.754		
00:00:17:800		1.36702e+07		-2.1628		2.64877		543.395		6.85996e+06		513.253			00:00:17:800		6.73169e+06		114.552		61.9063		855707		0.578216		300.816		
00:00:17:699		1.36808e+07		-2.14809		2.65131		543.106		6.86238e+06		513.961			00:00:17:699		6.73382e+06		114.277		61.49		832789		0.570513		300.879		
00:00:17:600		1.36914e+07		-2.13343		2.65363		542.822		6.86482e+06		514.721			00:00:17:600		6.73594e+06		114.277		61.49		832789		0.570513		300.941		
00:00:17:500		1.3702e+07		-2.11883		2.65582		542.538		6.86726e+06		515.519			00:00:17:500		6.73804e+06		114.001		61.49		832789		0.570513		301.002		
00:00:17:399		1.37125e+07		-2.10429		2.65799		542.257		6.86971e+06		516.365			00:00:17:399		6.74012e+06		114.001		61.0715		809526		0.562797		301.063		
00:00:17:300		1.37231e+07		-2.08982		2.6604		541.982		6.87215e+06		517.246			00:00:17:300		6.74218e+06		114.001		61.0715		809526		0.562797		301.123		
00:00:17:199		1.37337e+07		-2.07541		2.66327		541.71		6.87458e+06		518.125			00:00:17:199		6.7442e+06		113.725		60.6512		785986		0.555068		301.18		
00:00:17:100		1.37443e+07		-2.06107		2.66662		541.447		6.87696e+06		518.951			00:00:17:100		6.7462e+06		113.725		60.6512		785986		0.555068		301.236		
00:00:16:949		1.37601e+07		-2.0397		2.67154		541.065		6.88041e+06		520.068			00:00:16:949		6.74913e+06		113.448		60.2294		762096		0.547326		301.322		
00:00:16:850		1.37707e+07		-2.02556		2.67466		540.818		6.88263e+06		520.74			00:00:16:850		6.75104e+06		113.448		60.2294		762096		0.547326		301.38		
00:00:16:800		1.3776e+07		-2.01853		2.67622		540.697		6.88372e+06		521.063			00:00:16:800		6.75199e+06		113.448		60.2294		762096		0.547326		301.41		
00:00:16:649		1.37919e+07		-1.99756		2.68083		540.341		6.88693e+06		521.969			00:00:16:649		6.75478e+06		113.17		59.806		737787		0.53957		301.5		
00:00:16:550		1.38025e+07		-1.98371		2.68381		540.112		6.88901e+06		522.525			00:00:16:550		6.7566e+06		113.17		59.806		737787		0.53957		301.562		
00:00:16:449		1.38131e+07		-1.96995		2.68681		539.884		6.89104e+06		523.062			00:00:16:449		6.7584e+06		112.891		59.381		713134		0.5318		301.624		
00:00:16:449		1.38131e+07		-1.96995		2.68681		539.884		6.89104e+06		523.062			00:00:16:449		6.7584e+06		112.891		59.381		713134		0.5318		301.624		
00:00:16:300		1.3829e+07		-1.94951		2.69115		539.55		6.89403e+06		523.821			00:00:16:300		6.76105e+06		112.891		59.381		713134		0.5318		301.718		
00:00:16:199		1.38396e+07		-1.93601		2.69401		539.331		6.89597e+06		524.287			00:00:16:199		6.76279e+06		112.611		58.9544		688129		0.524015		301.782		
00:00:16:050		1.38555e+07		-1.91594		2.6982		539.009		6.89882e+06		524.955			00:00:16:050		6.76534e+06		112.611		58.9544		688129		0.524015		301.878		
00:00:15:949		1.38661e+07		-1.90269		2.70107		538.797		6.90068e+06		525.382			00:00:15:949		6.76702e+06		112.329		58.5263		662670		0.516216		301.943		
00:00:15:849		1.38767e+07		-1.88953		2.70383		538.591		6.9025e+06		525.785			00:00:15:849		6.76866e+06		112.329		58.5263		662670		0.516216		302.008		
00:00:15:750		1.38874e+07		-1.87646		2.70665		538.386		6.90429e+06		526.178			00:00:15:750		6.77029e+06		112.047		58.5263		662670		0.516216		302.072		
00:00:15:750		1.38874e+07		-1.87646		2.70665		538.386		6.90429e+06		526.178			00:00:15:750		6.77029e+06		112.047		58.5263		662670		0.516216		302.072		
00:00:15:650		1.38981e+07		-1.86349		2.70937		538.183		6.90605e+06		526.554			00:00:15:650		6.77189e+06		112.047		58.0969		636832		0.508401		302.137		
00:00:15:449		1.39196e+07		-1.83772		2.71485		537.786		6.90948e+06		527.257			00:00:15:449		6.77502e+06		111.763		57.6669		610575		0.500572		302.267		
00:00:15:449		1.39196e+07		-1.83772		2.71485		537.786		6.90948e+06		527.257			00:00:15:449		6.77502e+06		111.763		57.6669		610575		0.500572		302.267		
00:00:15:349		1.39304e+07		-1.82488		2.71751		537.59		6.91115e+06		527.588			00:00:15:349		6.77655e+06		111.763		57.6669		610575		0.500572		302.332		
00:00:15:250		1.39412e+07		-1.81207		2.7202		537.397		6.91279e+06		527.905			00:00:15:250		6.77806e+06		111.478		57.6669		610575		0.500572		302.397		
00:00:15:150		1.39522e+07		-1.79926		2.72295		537.207		6.91441e+06		528.198			00:00:15:150		6.77954e+06		111.478		57.2364		583798		0.492727		302.462		
00:00:15:050		1.39632e+07		-1.78644		2.72565		537.016		6.91599e+06		528.499			00:00:15:050		6.781e+06		111.478		57.2364		583798		0.492727		302.528		
00:00:14:949		1.39744e+07		-1.77359		2.72852		536.829		6.91755e+06		528.788			00:00:14:949		6.78244e+06		111.19		56.8056		556505		0.484868		302.594		
00:00:14:849		1.39857e+07		-1.76069		2.73119		536.643		6.91908e+06		529.059			00:00:14:849		6.78386e+06		111.19		56.8056		556505		0.484868		302.659		
00:00:14:750		1.39971e+07		-1.74775		2.73388		536.46		6.92059e+06		529.322			00:00:14:750		6.78525e+06		110.9		56.3746		528745		0.476993		302.724		
00:00:14:599		1.40147e+07		-1.72823		2.73798		536.185		6.9228e+06		529.711			00:00:14:599		6.78731e+06		110.9		56.3746		528745		0.476993		302.822		
00:00:14:449		1.40328e+07		-1.70859		2.74213		535.914		6.92495e+06		530.066			00:00:14:449		6.78931e+06		110.607		55.9437		500727		0.469103		302.919		
00:00:14:449		1.40328e+07		-1.70859		2.74213		535.914		6.92495e+06		530.066			00:00:14:449		6.78931e+06		110.607		55.9437		500727		0.469103		302.919		
00:00:14:349		1.40453e+07		-1.69548		2.74478		535.732		6.92636e+06		530.295			00:00:14:349		6.79063e+06		110.607		55.9437		500727		0.469103		302.984		
00:00:14:250		1.40579e+07		-1.68234		2.74748		535.55		6.92774e+06		530.52			00:00:14:250		6.79192e+06		110.31		55.9437		500727		0.469103		303.048		
00:00:14:150		1.40705e+07		-1.66914		2.75018		535.371		6.9291e+06		530.736			00:00:14:150		6.79319e+06		110.31		55.513		473706		0.461197		303.113		
00:00:14:050		1.4083e+07		-1.65586		2.75281		535.193		6.93043e+06		530.939			00:00:14:050		6.79444e+06		110.31		55.513		473706		0.461197		303.177		
00:00:13:800		1.41133e+07		-1.62223		2.75964		534.748		6.93366e+06		531.437			00:00:13:800		6.79747e+06		110.007		55.0827		452726		0.453277		303.338		
00:00:13:800		1.41133e+07		-1.62223		2.75964		534.748		6.93366e+06		531.437			00:00:13:800		6.79747e+06		110.007		55.0827		452726		0.453277		303.338		
00:00:13:699		1.41248e+07		-1.60856		2.76245		534.574		6.93491e+06		531.621			00:00:13:699		6.79864e+06		109.689		54.6524		436567		0.445341		303.402		
00:00:13:599		1.41358e+07		-1.59484		2.76513		534.401		6.93613e+06		531.802			00:00:13:599		6.79979e+06		109.689		54.6524		436567		0.445341		303.466		
00:00:13:500		1.41468e+07		-1.58107		2.76784		534.237		6.93733e+06		531.978			00:00:13:500		6.80092e+06		109.331		54.6524		436567		0.445341		303.53		
00:00:13:400		1.41575e+07		-1.56721		2.77053		534.08		6.93849e+06		532.129			00:00:13:400		6.80202e+06		109.331		54.2189		420191		0.437389		303.595		
00:00:13:300		1.41678e+07		-1.55332		2.77327		533.932		6.93962e+06		532.263			00:00:13:300		6.80309e+06		109.331		54.2189		420191		0.437389		303.659		
00:00:13:199		1.4178e+07		-1.53942		2.77618		533.789		6.94071e+06		532.369			00:00:13:199		6.80414e+06		109.209		53.7797		403992		0.429423		303.723		
00:00:13:099		1.41883e+07		-1.5255		2.7789		533.652		6.94175e+06		532.442			00:00:13:099		6.80514e+06		109.209		53.7797		403992		0.429423		303.787		
00:00:13:000		1.41985e+07		-1.51156		2.78153		533.521		6.94273e+06		532.459			00:00:13:000		6.80611e+06		109.083		53.7797		403992		0.429423		303.851		
00:00:12:900		1.42086e+07		-1.49761		2.78441		533.389		6.94365e+06		532.401			00:00:12:900		6.80707e+06		109.083		53.3346		387906		0.421441		303.915		
00:00:12:800		1.42188e+07		-1.48364		2.78714		533.257		6.94449e+06		532.211			00:00:12:800		6.80799e+06		109.083		53.3346		387906		0.421441		303.978		
00:00:12:699		1.42289e+07		-1.46966		2.78981		533.118		6.94526e+06		531.958			00:00:12:699		6.8089e+06		108.955		52.8838		371908		0.413444		304.041		
00:00:12:599		1.42389e+07		-1.45567		2.79262		532.979		6.94607e+06		531.974			00:00:12:599		6.8098e+06		108.955		52.8838		371908		0.413444		304.104		
00:00:12:500		1.4249e+07		-1.44167		2.79515		532.845		6.94701e+06		532.092			00:00:12:500		6.81069e+06		108.823		52.8838		371908		0.413444		304.167		
00:00:12:400		1.4259e+07		-1.42766		2.79786		532.717		6.94794e+06		532.247			00:00:12:400		6.81156e+06		108.823		52.4277		356009		0.405431		304.23		
00:00:12:300		1.4269e+07		-1.41364		2.80073		532.591		6.94885e+06		532.44			00:00:12:300		6.8124e+06		108.823		52.4277		356009		0.405431		304.292		
00:00:12:199		1.4279e+07		-1.3996		2.80342		532.472		6.94975e+06		532.621			00:00:12:199		6.81322e+06		108.688		51.9673		340221		0.397403		304.354		
00:00:12:099		1.42889e+07		-1.38556		2.80625		532.351		6.95064e+06		532.843			00:00:12:099		6.81401e+06		108.688		51.9673		340221		0.397403		304.417		
00:00:12:000		1.42988e+07		-1.3715		2.80897		532.232		6.95151e+06		533.064			00:00:12:000		6.81479e+06		108.549		51.9673		340221		0.397403		304.479		
00:00:11:900		1.43086e+07		-1.35743		2.81178		532.113		6.95238e+06		533.268			00:00:11:900		6.81557e+06		108.549		51.5032		324557		0.38936		304.541		
00:00:11:800		1.43184e+07		-1.34334		2.81465		531.992		6.95325e+06		533.4			00:00:11:800		6.81638e+06		108.549		51.5032		324557		0.38936		304.602		
00:00:11:699		1.4333e+07		-1.32217		2.81913		531.803		6.95457e+06		533.642			00:00:11:699		6.81762e+06		108.407		51.0355		309031		0.381302		304.694		
00:00:11:550		1.43427e+07		-1.30802		2.8221		531.676		6.9555e+06		533.943			00:00:11:550		6.81845e+06		108.407		51.0355		309031		0.381302		304.756		
00:00:11:449		1.43523e+07		-1.29386		2.82499		531.546		6.95651e+06		534.408			00:00:11:449		6.81927e+06		108.262		50.5643		293624		0.373229		304.818		
00:00:11:349		1.43618e+07		-1.27968		2.82772		531.417		6.95754e+06		534.865			00:00:11:349		6.82008e+06		108.262		50.5643		293624		0.373229		304.879		
00:00:11:250		1.43714e+07		-1.26546		2.83041		531.296		6.95855e+06		535.299			00:00:11:250		6.82086e+06		108.113		50.5643		293624		0.373229		304.939		
00:00:11:150		1.43808e+07		-1.25122		2.83327		531.179		6.95951e+06		535.704			00:00:11:150		6.82163e+06		108.113		50.0898		278387		0.365139		305		
00:00:11:150		1.43808e+07		-1.25122		2.83327		531.179		6.95951e+06		535.704			00:00:11:150		6.82163e+06		108.113		50.0898		278387		0.365139		305		
00:00:10:949		1.43902e+07		-1.23695		2.83626		531.061		6.96045e+06		536.077			00:00:10:949		6.82238e+06		108.113		50.0898		278387		0.365139		305.06		
00:00:10:949		1.43995e+07		-1.22267		2.83879		530.951		6.96136e+06		536.431			00:00:10:949		6.82312e+06		107.96		49.6125		263336		0.357035		305.121		
00:00:10:849		1.44088e+07		-1.20834		2.84146		530.846		6.96226e+06		536.789			00:00:10:849		6.82385e+06		107.96		49.6125		263336		0.357035		305.181		
00:00:10:750		1.44179e+07		-1.19398		2.84405		530.741		6.96314e+06		537.135			00:00:10:750		6.82456e+06		107.803		49.6125		263336		0.357035		305.241		
00:00:10:650		1.44268e+07		-1.17957		2.84677		530.638		6.964e+06		537.455			00:00:10:650		6.82527e+06		107.803		49.1331		248424		0.348915		305.3		
00:00:10:449		1.44442e+07		-1.15063		2.85229		530.431		6.96565e+06		537.974			00:00:10:449		6.82665e+06		107.643		48.6522		233674		0.34078		305.418		
00:00:10:449		1.44442e+07		-1.15063		2.85229		530.431		6.96565e+06		537.974			00:00:10:449		6.82665e+06		107.643		48.6522		233674		0.34078		305.418		
00:00:10:349		1.44525e+07		-1.13609		2.85514		530.326		6.96644e+06		538.182			00:00:10:349		6.82734e+06		107.643		48.6522		233674		0.34078		305.477		
00:00:10:250		1.44604e+07		-1.12151		2.85783		530.216		6.9672e+06		538.364			00:00:10:250		6.82801e+06		107.478		48.6522		233674		0.34078		305.534		
00:00:10:150		1.44681e+07		-1.10696		2.86072		530.107		6.96794e+06		538.529			00:00:10:150		6.82868e+06		107.478		48.1706		219076		0.33263		305.592		
00:00:10:050		1.44759e+07		-1.09246		2.86355		529.987		6.96866e+06		538.67			00:00:10:050		6.82933e+06		107.478		48.1706		219076		0.33263		305.648		
00:00:09:949		1.44837e+07		-1.07801		2.8663		529.87		6.96936e+06		538.79			00:00:09:949		6.82998e+06		107.31		47.6889		204689		0.324466		305.705		
00:00:09:849		1.44917e+07		-1.06364		2.86917		529.75		6.97005e+06		538.909			00:00:09:849		6.83060e+06		107.31		47.6889		204689		0.324466		305.761		
00:00:09:750		1.44998e+07		-1.04935		2.87199		529.638		6.97071e+06		539.038			00:00:09:750		6.83121e+06		107.137		47.6889		204689		0.324466		305.816		
00:00:09:650		1.45083e+07		-1.03513		2.87483		529.536		6.97135e+06		539.177			00:00:09:650		6.8318e+06		107.137		47.2081		190538		0.316287		305.871		
00:00:09:449		1.45262e+07		-1.00676		2.88081		529.424		6.9726e+06		539.531			00:00:09:449		6.83288e+06		106.961		46.7288		176651		0.308093		305.981		
00:00:09:449		1.45262e+07		-1.00676		2.88081		529.424		6.9726e+06		539.531			00:00:09:449		6.83288e+06		106.961		46.7288		176651		0.308093		305.981		
00:00:09:250		1.45434e+07		-0.978173		2.88663		529.514		6.97381e+06		540.123			00:00:09:250		6.83382e+06		106.78		46.7288		176651		0.308093		306.089		
00:00:09:250		1.45434e+07		-0.978173		2.88663		529.514		6.97381e+06		540.123			00:00:09:250		6.83382e+06		106.78		46.7288		176651		0.308093		306.089		
00:00:09:150		1.4551e+07		-0.963758		2.88952		529.652		6.9744e+06		540.585			00:00:09:150		6.83419e+06		106.78		46.2518		163087		0.299886		306.142		
00:00:09:050		1.45582e+07		-0.949369		2.89253		529.842		6.97497e+06		541.182			00:00:09:050		6.83448e+06		106.78		46.2518		163087		0.299886		306.195		
00:00:08:900		1.45691e+07		-0.928043		2.89718		530.127		6.97579e+06		542.41			00:00:08:900		6.83468e+06		106.595		45.7779		149876		0.291664		306.274		
00:00:08:800		1.45769e+07		-0.914021		2.90024		530.228		6.97628e+06		543.376			00:00:08:800		6.83467e+06		106.595		45.7779		149876		0.291664		306.325		
00:00:08:699		1.45852e+07		-0.900155		2.90317		530.201		6.97668e+06		544.077			00:00:08:699		6.83465e+06		106.406		45.3081		137129		0.283428		306.376		
00:00:08:599		1.45942e+07		-0.886402		2.90613		530.059		6.97694e+06		543.517			00:00:08:599		6.83501e+06		106.406		45.3081		137129		0.283428		306.427		
00:00:08:400		1.46126e+07		-0.858971		2.9124		529.691		6.97688e+06		527.201			00:00:08:400		6.84111e+06		106.214		44.844		124873		0.275178		306.528		
00:00:08:400		1.46126e+07		-0.858971		2.9124		529.691		6.97688e+06		527.201			00:00:08:400		6.84111e+06		106.214		44.844		124873		0.275178		306.528		
00:00:08:300		1.46217e+07		-0.845268		2.91551		529.514		6.97666e+06		517.482			00:00:08:300		6.84642e+06		106.214		44.844		124873		0.275178		306.578		
00:00:08:199		1.46308e+07		-0.831569		2.91865		529.35		6.97648e+06		520.455			00:00:08:199		6.84682e+06		106.018		44.3869		113108		0.266914		306.627		
00:00:08:099		1.464e+07		-0.817879		2.92187		529.206		6.97636e+06		523.356			00:00:08:099		6.84523e+06		106.018		44.3869		113108		0.266914		306.676		
00:00:08:000		1.46491e+07		-0.804199		2.92512		529.087		6.97629e+06		526.173			00:00:08:000		6.84374e+06		105.818		44.3869		113108		0.266914		306.725		
00:00:07:900		1.46582e+07		-0.790531		2.92826		528.996		6.97627e+06		528.924			00:00:07:900		6.84232e+06		105.818		43.9399		101910		0.258636		306.773		
00:00:07:799		1.46672e+07		-0.776869		2.93136		528.928		6.9763e+06		531.641			00:00:07:799		6.84097e+06		105.818		43.9399		101910		0.258636		306.821		
00:00:07:700		1.46763e+07		-0.763216		2.93441		528.878		6.97638e+06		534.306			00:00:07:700		6.83967e+06		105.615		43.507		91369.5		0.250344		306.869		
00:00:07:500		1.46943e+07		-0.735944		2.94131		528.795		6.9766e+06		539.187			00:00:07:500		6.83732e+06		105.409		43.507		91369.5		0.250344		306.965		
00:00:07:400		1.47033e+07		-0.722327		2.9447		528.753		6.97671e+06		540.53			00:00:07:400		6.83657e+06		105.409		43.0945		81566.5		0.242039		307.013		
00:00:07:400		1.47033e+07		-0.722327		2.9447		528.753		6.97671e+06		540.53			00:00:07:400		6.83657e+06		105.409		43.0945		81566.5		0.242039		307.013		
00:00:07:299		1.47123e+07		-0.708724		2.94782		528.716		6.9768e+06		540.57			00:00:07:299		6.83646e+06		105.409		43.0945		81566.5		0.242039		307.06		
00:00:07:200		1.47212e+07		-0.695135		2.95116		528.685		6.97687e+06		540.623			00:00:07:200		6.83651e+06		105.202		42.7039		72771.1		0.233719		307.108		
00:00:07:099		1.47301e+07		-0.681571		2.95443		528.651		6.97691e+06		540.63			00:00:07:099		6.83653e+06		105.202		42.7039		72771.1		0.233719		307.155		
00:00:07:000		1.4739e+07		-0.668028		2.95757		528.622		6.97693e+06		540.651			00:00:07:000		6.83653e+06		104.994		42.7039		72771.1		0.233719		307.202		
00:00:06:900		1.47479e+07		-0.654505		2.96086		528.596		6.97693e+06		540.666			00:00:06:900		6.83651e+06		104.994		42.3372		64831.5		0.225384		307.249		
00:00:06:799		1.47568e+07		-0.641003		2.96402		528.574		6.97691e+06		540.671			00:00:06:799		6.83647e+06		104.994		42.3372		64831.5		0.225384		307.296		
00:00:06:700		1.47657e+07		-0.627524		2.96729		528.553		6.97686e+06		540.671			00:00:06:700		6.83642e+06		104.785		41.9952		57401.5		0.217036		307.342		
00:00:06:599		1.47745e+07		-0.61407		2.97072		528.535		6.97679e+06		540.684			00:00:06:599		6.83634e+06		104.785		41.9952		57401.5		0.217036		307.389		
00:00:06:500		1.47833e+07		-0.600637		2.97392		528.52		6.9767e+06		540.659			00:00:06:500		6.83624e+06		104.599		41.9952		57401.5		0.217036		307.435		
00:00:06:349		1.47965e+07		-0.580552		2.97878		528.504		6.97652e+06		540.627			00:00:06:349		6.83606e+06		104.599		41.6744		50491.4		0.208673		307.505		
00:00:06:250		1.48053e+07		-0.567198		2.98208		528.494		6.97637e+06		540.591			00:00:06:250		6.83592e+06		104.409		41.6744		50491.4		0.208673		307.552		
00:00:06:150		1.4814e+07		-0.553874		2.98534		528.487		6.9762e+06		540.556			00:00:06:150		6.83576e+06		104.409		41.3706		44095.1		0.200296		307.598		
00:00:06:049		1.48228e+07		-0.540583		2.98876		528.485		6.97601e+06		540.508			00:00:06:049		6.83558e+06		104.409		41.3706		44095.1		0.200296		307.644		
00:00:05:950		1.48315e+07		-0.527322		2.99213		528.485		6.9758e+06		540.446			00:00:05:950		6.83538e+06		104.214		41.0859		38246.9		0.191904		307.691		
00:00:05:849		1.48402e+07		-0.514104		2.99551		528.491		6.97557e+06		540.39			00:00:05:849		6.83517e+06		104.214		41.0859		38246.9		0.191904		307.737		
00:00:05:750		1.48489e+07		-0.500925		2.99876		528.496		6.97532e+06		540.323			00:00:05:750		6.83494e+06		104.015		41.0859		38246.9		0.191904		307.783		
00:00:05:750		1.48489e+07		-0.500925		2.99876		528.496		6.97532e+06		540.323			00:00:05:750		6.83494e+06		104.015		41.0859		38246.9		0.191904		307.783		
00:00:05:650		1.48576e+07		-0.487787		3.00189		528.504		6.97505e+06		540.237			00:00:05:650		6.8347e+06		104.015		40.8239		32935		0.183498		307.829		
00:00:05:450		1.4875e+07		-0.461631		3.00863		528.535		6.97445e+06		540.05			00:00:05:450		6.83416e+06		103.812		40.5851		28189.3		0.175078		307.92		
00:00:05:450		1.4875e+07		-0.461631		3.00863		528.535		6.97445e+06		540.05			00:00:05:450		6.83416e+06		103.812		40.5851		28189.3		0.175078		307.92		
00:00:05:250		1.48923e+07		-0.435651		3.01555		528.574		6.97377e+06		539.822			00:00:05:250		6.83357e+06		103.606		40.5851		28189.3		0.175078		308.011		
00:00:05:150		1.4901e+07		-0.422729		3.01884		528.601		6.97341e+06		539.688			00:00:05:150		6.83326e+06		103.606		40.3707		24123.1		0.166642		308.056		
00:00:05:049		1.49097e+07		-0.409852		3.02205		528.629		6.97303e+06		539.543			00:00:05:049		6.83294e+06		103.606		40.3707		24123.1		0.166642		308.102		
00:00:04:950		1.49184e+07		-0.397016		3.02542		528.662		6.97263e+06		539.382			00:00:04:950		6.83261e+06		103.398		40.1803		20607.8		0.158192		308.147		
00:00:04:849		1.49184e+07		-0.397016		3.02542		528.662		6.97263e+06		539.382			00:00:04:849		6.83261e+06		103.398		40.1803		20607.8		0.158192		308.147		
00:00:04:750		1.49358e+07		-0.371494		3.03256		528.736		6.9718e+06		539.006			00:00:04:750		6.83194e+06		103.184		40.1803		20607.8		0.158192		308.239		
00:00:04:750		1.49358e+07		-0.371494		3.03256		528.736		6.9718e+06		539.006			00:00:04:750		6.83194e+06		103.184		40.1803		20607.8		0.158192		308.239		
00:00:04:650		1.49445e+07		-0.358807		3.03583		528.782		6.97136e+06		538.79			00:00:04:650		6.83159e+06		103.184		40.0118		17408.6		0.149727		308.285		
00:00:04:450		1.49619e+07		-0.33362		3.04289		528.876		6.97045e+06		538.299			00:00:04:450		6.8309e+06		102.994		39.8423		14466.9		0.141246		308.379		
00:00:04:450		1.49619e+07		-0.33362		3.04289		528.876		6.97045e+06		538.299			00:00:04:450		6.8309e+06		102.994		39.8423		14466.9		0.141246		308.379		
00:00:04:349		1.49707e+07		-0.32111		3.04666		528.93		6.96998e+06		538.021			00:00:04:349		6.83056e+06		102.994		39.8423		14466.9		0.141246		308.427		
00:00:04:250		1.49795e+07		-0.308647		3.05084		528.987		6.96951e+06		537.723			00:00:04:250		6.83022e+06		102.799		39.8423		14466.9		0.141246		308.475		
00:00:04:150		1.49884e+07		-0.296214		3.0542		529.046		6.96903e+06		537.404			00:00:04:150		6.82989e+06		102.799		39.6698		11739.4		0.132748		308.523		
00:00:04:049		1.49974e+07		-0.283825		3.0571		529.109		6.96855e+06		537.069			00:00:04:049		6.82957e+06		102.799		39.6698		11739.4		0.132748		308.571		
00:00:03:950		1.50065e+07		-0.271489		3.06009		529.171		6.96807e+06		536.708			00:00:03:950		6.82926e+06		102.599		39.495		9219.33		0.124233		308.621		
00:00:03:850		1.50157e+07		-0.259203		3.06355		529.236		6.96759e+06		536.332			00:00:03:850		6.82897e+06		102.599		39.495		9219.33		0.124233		308.67		
00:00:03:750		1.50252e+07		-0.24695		3.06794		529.304		6.96713e+06		535.939			00:00:03:750		6.82869e+06		102.395		39.495		9219.33		0.124233		308.72		
00:00:03:649		1.50348e+07		-0.234719		3.07255		529.374		6.96667e+06		535.532			00:00:03:649		6.82843e+06		102.395		39.3066		7025.83		0.115699		308.769		
00:00:03:450		1.50548e+07		-0.210241		3.07715		529.514		6.96581e+06		534.692			00:00:03:450		6.82799e+06		102.185		39.0997		5163.33		0.107144		308.864		
00:00:03:450		1.50548e+07		-0.210241		3.07715		529.514		6.96581e+06		534.692			00:00:03:450		6.82799e+06		102.185		39.0997		5163.33		0.107144		308.864		
00:00:03:350		1.50652e+07		-0.1979		3.08061		529.582		6.96541e+06		534.264			00:00:03:350		6.82781e+06		102.185		39.0997		5163.33		0.107144		308.91		
00:00:03:200		1.50797e+07		-0.178939		3.08855		529.684		6.96487e+06		533.613			00:00:03:200		6.82759e+06		101.962		38.8757		3550.2		0.098567		308.977		
00:00:03:100		1.50875e+07		-0.166122		3.0917		529.754		6.96454e+06		533.19			00:00:03:100		6.82748e+06		101.962		38.8757		3550.2		0.098567		309.02		
00:00:03:049		1.50912e+07		-0.159716		3.09197		529.783		6.96439e+06		532.975			00:00:03:049		6.82744e+06		101.962		38.8757		3550.2		0.098567		309.041		
00:00:02:950		1.50988e+07		-0.146917		3.09245		529.846		6.96412e+06		532.546			00:00:02:950		6.82739e+06		101.77		38.6293		2239.11		0.0899644		309.081		
00:00:02:850		1.51065e+07		-0.134124		3.09621		529.899		6.96389e+06		532.142			00:00:02:850		6.82738e+06		101.77		38.6293		2239.11		0.0899644		309.117		
00:00:02:700		1.5118e+07		-0.114954		3.10905		529.974		6.96361e+06		531.549			00:00:02:700		6.82741e+06		101.57		38.3563		1255.22		0.081332		309.162		
00:00:02:500		1.5134e+07		-0.0894523		3.10915		530.052		6.9634e+06		530.795			00:00:02:500		6.8276e+06		101.363		38.3563		1255.22		0.081332		309.21		
00:00:02:399		1.51423e+07		-0.0767245		3.10194		530.083		6.96336e+06		530.451			00:00:02:399		6.82774e+06		101.363		38.0698		591.149		0.072667		309.23		
00:00:02:399		1.51423e+07		-0.0767245		3.10194		530.083		6.96336e+06		530.451			00:00:02:399		6.82774e+06		101.363		38.0698		591.149		0.072667		309.23		
00:00:02:299		1.51511e+07		-0.0639997		3.10323		530.107		6.96336e+06		530.15			00:00:02:299		6.82792e+06		101.363		38.0698		591.149		0.072667		309.245		
00:00:02:200		1.51604e+07		-0.0512724		3.12031		530.127		6.96341e+06		529.864			00:00:02:200		6.82812e+06		101.151		37.7835		212.256		0.0639621		309.25		
00:00:02:100		1.51704e+07		-0.0385818		3.14821		530.14		6.96349e+06		529.633			00:00:02:100		6.82834e+06		101.151		37.7835		212.256		0.0639621		309.25		
00:00:02:000		1.51812e+07		-0.0259762		3.17274		530.151		6.9636e+06		529.41			00:00:02:000		6.82857e+06		100.937		37.7835		212.256		0.0639621		309.252		
00:00:01:899		1.51926e+07		-0.0134916		3.18711		530.162		6.96373e+06		529.212			00:00:01:899		6.82881e+06		100.937		37.5145		50.5497		0.0551672		309.264		
00:00:01:800		1.52044e+07		-0.00112867		3.18389		530.169		6.96387e+06		529.025			00:00:01:800		6.82905e+06		100.937		37.5145		50.5497		0.0551672		309.289		
00:00:01:699		1.52164e+07		0.011116		3.18745		530.173		6.96401e+06		528.848			00:00:01:699		6.82928e+06		100.725		37.2805		6.86948		0.0462662		309.314		
00:00:01:550		1.52346e+07		0.0292392		3.16265		530.182		6.96422e+06		528.592			00:00:01:550		6.82962e+06		100.725		37.2805		6.86948		0.0462662		309.34		
00:00:01:550		1.52346e+07		0.0292392		3.16265		530.182		6.96422e+06		528.592			00:00:01:550		6.82962e+06		100.725		37.2805		6.86948		0.0462662		309.34		
00:00:01:399		1.52532e+07		0.0469513		3.09608		530.184		6.96441e+06		528.355			00:00:01:399		6.82994e+06		100.517		37.101		0		0.0372537		309.355		
00:00:01:300		1.52657e+07		0.0584769		3.08606		530.188		6.96452e+06		528.188			00:00:01:300		6.83014e+06		100.517		37.101		0		0.0372537		309.361		
00:00:01:199		1.52785e+07		0.069767		3.11221		530.195		6.96462e+06		528.029			00:00:01:199		6.83032e+06		100.367		36.8879		0		0.0281243		309.364		
00:00:01:100		1.52914e+07		0.0808134		3.12204		530.203		6.9647e+06		527.838			00:00:01:100		6.83048e+06		100.367		36.8879		0		0.0281243		309.367		
00:00:01:000		1.53046e+07		0.0916162		3.03873		530.201		6.96475e+06		527.67			00:00:01:000		6.83062e+06		100.197		36.8879		0		0.0281243		309.374		
00:00:00:900		1.5318e+07		0.102216		2.9363		530.203		6.96479e+06		527.483			00:00:00:900		6.83075e+06		100.197		36.6593		0		0.0188713		309.388		
00:00:00:800		1.53317e+07		0.11277		2.90513		530.204		6.96481e+06		527.293			00:00:00:800		6.83085e+06		100.197		36.6593		0		0.0188713		309.411		
00:00:00:699		1.53464e+07		0.123442		3.00503		530.208		6.96481e+06		527.128			00:00:00:699		6.83095e+06		100.009		36.4702		0		0.00949297		309.441		
00:00:00:599		1.53633e+07		0.134352		3.08192		530.21		6.96481e+06		526.979			00:00:00:599		6.83102e+06		100.009		36.4702		0		0.00949297		309.477		
00:00:00:500		1.53832e+07		0.145294		3.15044		530.212		6.96481e+06		526.88			00:00:00:500		6.83108e+06		99.8571		36.4702		0		0.00949297		309.511		
00:00:00:400		1.5406e+07		0.155476		3.26012		530.214		6.96481e+06		526.847			00:00:00:400		6.83113e+06		99.8571		36.3834		0		0		309.537		
00:00:00:299		1.5434e+07		0.165101		3.29301		530.216		6.96483e+06		526.814			00:00:00:299		6.83115e+06		99.8571		36.3834		0		0		309.572		
00:00:00:200		1.54632e+07		0.171359		3.21733		530.219		6.96484e+06		526.826			00:00:00:200		6.83116e+06		100.069		36.3837		0		0		309.651		
00:00:00:100		1.54774e+07		0.17284		2.83572		530.221		6.96484e+06		526.825			00:00:00:100		6.83115e+06		100.069		36.3837		0		0		309.77		
00:00:00:000		1.54785e+07		0.17284		2.83571		530.225		6.96483e+06		526.826			00:00:00:000		6.83115e+06		100.069		36.3837		0		0		309.846		
00:00:00:000		1.54785e+07		0.17284		2.83571		530.225		6.96483e+06		526.826			00:00:00:000		6.83115e+06		100.069		36.3837		0		0		309.846		
00:00:00:000		1.54785e+07		0.17284		2.83571		530.225		6.96483e+06		526.826			00:00:00:000		6.83115e+06		100.069		36.3837		0		0		309.846		
00:00:00:000		1.54785e+07		0.17284		2.83571		530.225		6.96483e+06		526.826			00:00:00:000		6.83115e+06		100.069		36.3837		0		0		309.846		
00:00:00:000		1.54785e+07		0.17284		2.83571		530.225		6.96483e+06		526.826			00:00:00:000		6.83115e+06		100.069		36.3837		0		0		309.846		
00:00:00:000		1.54785e+07		0.17284		2.83571		530.225		6.96483e+06		526.826			00:00:00:000		6.83115e+06		100.069		36.3837		0		0		309.846		
