	time 		rcpppzr	rcp054rcp007mnzoyout	rcv501std0102fvol	fwfrcp001gv	rcppmssga	msfsg(1)			time 		gpv001pnt10113ppntm	evf507ety101mpzoyout	chtcon(1)	chavg(1)	chlhsumpa	rcptavgn	
00:01:01:950		7.66238e+06		-5.85308		0		0		6.99542e+06		-20.8239			00:01:01:950		6.99549e+06		150.405		101.368		3.20588e+06		1.62431		288.873		
00:01:01:950		7.66238e+06		-5.85308		0		0		6.99542e+06		-20.8239			00:01:01:950		6.99549e+06		150.405		101.368		3.20588e+06		1.62431		288.873		
00:01:01:850		7.67305e+06		-5.853		0		0		6.9948e+06		-29.1461			00:01:01:850		6.99538e+06		150.405		101.368		3.20588e+06		1.62431		288.871		
00:01:01:750		7.68387e+06		-5.85292		0		0		6.99455e+06		-18.046			00:01:01:750		6.99502e+06		150.294		101.368		3.20588e+06		1.62431		288.869		
00:01:01:649		7.69485e+06		-5.85282		0		0		6.99465e+06		6.82723			00:01:01:649		6.99471e+06		150.294		101.321		3.20149e+06		1.62097		288.867		
00:01:01:549		7.70601e+06		-5.85271		0		0		6.99484e+06		22.851			00:01:01:549		6.99456e+06		150.294		101.321		3.20149e+06		1.62097		288.865		
00:01:01:450		7.71733e+06		-5.85259		0		0		6.99484e+06		27.9807			00:01:01:450		6.99414e+06		150.182		101.273		3.19717e+06		1.61762		288.862		
00:01:01:350		7.7288e+06		-5.85248		0		0		6.99447e+06		16.2347			00:01:01:350		6.99401e+06		150.182		101.273		3.19717e+06		1.61762		288.86		
00:01:01:250		7.74039e+06		-5.85237		0		0		6.99378e+06		-7.57694			00:01:01:250		6.99366e+06		150.071		101.273		3.19717e+06		1.61762		288.857		
00:01:01:149		7.75215e+06		-5.85226		0		0		6.99304e+06		-27.0621			00:01:01:149		6.99332e+06		150.071		101.226		3.19287e+06		1.61428		288.854		
00:01:01:049		7.77006e+06		-5.85211		0		0		6.99249e+06		-18.3803			00:01:01:049		6.99297e+06		149.959		101.226		3.19287e+06		1.61428		288.85		
00:01:00:899		7.7822e+06		-5.85203		0		0		6.99259e+06		6.7875			00:01:00:899		6.99265e+06		149.959		101.178		3.18858e+06		1.61093		288.847		
00:01:00:799		7.79449e+06		-5.85197		0		0		6.99277e+06		22.5909			00:01:00:799		6.9925e+06		149.959		101.178		3.18858e+06		1.61093		288.843		
00:01:00:700		7.80693e+06		-5.85191		0		0		6.99277e+06		28.7509			00:01:00:700		6.99207e+06		149.848		101.129		3.18432e+06		1.60758		288.84		
00:01:00:600		7.81952e+06		-5.85188		0		0		6.9924e+06		16.5745			00:01:00:600		6.99192e+06		149.848		101.129		3.18432e+06		1.60758		288.837		
00:01:00:500		7.83226e+06		-5.85186		0		0		6.9917e+06		-7.29356			00:01:00:500		6.99158e+06		149.736		101.129		3.18432e+06		1.60758		288.834		
00:01:00:399		7.84512e+06		-5.85187		0		0		6.99094e+06		-27.0539			00:01:00:399		6.99121e+06		149.736		101.081		3.17999e+06		1.60424		288.83		
00:01:00:350		7.8516e+06		-5.85188		0		0		6.99066e+06		-29.2914			00:01:00:350		6.9912e+06		149.736		101.081		3.17999e+06		1.60424		288.829		
00:01:00:200		7.87125e+06		-5.85193		0		0		6.9904e+06		-6.45584			00:01:00:200		6.99064e+06		149.624		101.032		3.17567e+06		1.60089		288.824		
00:01:00:049		7.89121e+06		-5.85201		0		0		6.99065e+06		22.9166			00:01:00:049		6.99038e+06		149.624		101.032		3.17567e+06		1.60089		288.819		
00:01:00:049		7.89121e+06		-5.85201		0		0		6.99065e+06		22.9166			00:01:00:049		6.99038e+06		149.624		101.032		3.17567e+06		1.60089		288.819		
00:00:59:950		7.90469e+06		-5.85206		0		0		6.99064e+06		29.1335			00:00:59:950		6.98994e+06		149.513		100.983		3.17132e+06		1.59754		288.815		
00:00:59:950		7.90469e+06		-5.85206		0		0		6.99064e+06		29.1335			00:00:59:950		6.98994e+06		149.513		100.983		3.17132e+06		1.59754		288.815		
00:00:59:799		7.92515e+06		-5.85216		0		0		6.98993e+06		7.41426			00:00:59:799		6.98963e+06		149.513		100.983		3.17132e+06		1.59754		288.81		
00:00:59:700		7.93896e+06		-5.85221		0		0		6.98913e+06		-21.0477			00:00:59:700		6.98918e+06		149.401		100.933		3.16693e+06		1.5942		288.807		
00:00:59:549		7.9599e+06		-5.85228		0		0		6.98827e+06		-27.5568			00:00:59:549		6.9889e+06		149.401		100.933		3.16693e+06		1.5942		288.802		
00:00:59:450		7.97402e+06		-5.8523		0		0		6.98821e+06		-6.32027			00:00:59:450		6.98846e+06		149.289		100.883		3.16252e+06		1.59085		288.798		
00:00:59:350		7.98827e+06		-5.85229		0		0		6.98839e+06		16.5643			00:00:59:350		6.98832e+06		149.289		100.883		3.16252e+06		1.59085		288.795		
00:00:59:250		8.00265e+06		-5.85225		0		0		6.98851e+06		29.2788			00:00:59:250		6.98797e+06		149.178		100.883		3.16252e+06		1.59085		288.792		
00:00:59:049		8.03183e+06		-5.85203		0		0		6.98774e+06		7.93087			00:00:59:049		6.98742e+06		149.178		100.833		3.15810e+06		1.5875		288.786		
00:00:58:950		8.04663e+06		-5.85184		0		0		6.98691e+06		-21.8645			00:00:58:950		6.98696e+06		149.067		100.783		3.15374e+06		1.58415		288.783		
00:00:58:950		8.04663e+06		-5.85184		0		0		6.98691e+06		-21.8645			00:00:58:950		6.98696e+06		149.067		100.783		3.15374e+06		1.58415		288.783		
00:00:58:950		8.04663e+06		-5.85184		0		0		6.98691e+06		-21.8645			00:00:58:950		6.98696e+06		149.067		100.783		3.15374e+06		1.58415		288.783		
00:00:58:850		8.06156e+06		-5.8516		0		0		6.98622e+06		-30.6768			00:00:58:850		6.98681e+06		149.067		100.783		3.15374e+06		1.58415		288.779		
00:00:58:750		8.07662e+06		-5.8513		0		0		6.98593e+06		-20.3949			00:00:58:750		6.98645e+06		148.955		100.783		3.15374e+06		1.58415		288.776		
00:00:58:649		8.0918e+06		-5.85092		0		0		6.98601e+06		6.69136			00:00:58:649		6.98606e+06		148.955		100.732		3.14942e+06		1.5808		288.773		
00:00:58:549		8.10711e+06		-5.85047		0		0		6.98618e+06		23.6573			00:00:58:549		6.9859e+06		148.955		100.732		3.14942e+06		1.5808		288.77		
00:00:58:450		8.12255e+06		-5.84993		0		0		6.98617e+06		30.0087			00:00:58:450		6.98543e+06		148.844		100.68		3.14502e+06		1.57746		288.767		
00:00:58:350		8.13812e+06		-5.84931		0		0		6.98577e+06		17.4711			00:00:58:350		6.98527e+06		148.844		100.68		3.14502e+06		1.57746		288.765		
00:00:58:250		8.15381e+06		-5.8486		0		0		6.98502e+06		-8.28941			00:00:58:250		6.9849e+06		148.732		100.68		3.14502e+06		1.57746		288.762		
00:00:58:049		8.19363e+06		-5.84641		0		0		6.98364e+06		-18.8338			00:00:58:049		6.98412e+06		148.62		100.629		3.14057e+06		1.57411		288.754		
00:00:58:049		8.19363e+06		-5.84641		0		0		6.98364e+06		-18.8338			00:00:58:049		6.98412e+06		148.62		100.629		3.14057e+06		1.57411		288.754		
00:00:57:899		8.20978e+06		-5.84538		0		0		6.98373e+06		8.45681			00:00:57:899		6.98377e+06		148.62		100.577		3.13611e+06		1.57076		288.752		
00:00:57:799		8.22605e+06		-5.84427		0		0		6.98389e+06		24.5227			00:00:57:799		6.98358e+06		148.62		100.577		3.13611e+06		1.57076		288.749		
00:00:57:700		8.24243e+06		-5.84309		0		0		6.98385e+06		28.9692			00:00:57:700		6.98312e+06		148.509		100.525		3.13164e+06		1.56741		288.746		
00:00:57:600		8.25894e+06		-5.84186		0		0		6.98343e+06		16.4517			00:00:57:600		6.98296e+06		148.509		100.525		3.13164e+06		1.56741		288.743		
00:00:57:500		8.27558e+06		-5.8406		0		0		6.98267e+06		-10.664			00:00:57:500		6.98258e+06		148.398		100.525		3.13164e+06		1.56741		288.74		
00:00:57:399		8.29236e+06		-5.83933		0		0		6.9819e+06		-29.1866			00:00:57:399		6.98226e+06		148.398		100.472		3.12716e+06		1.56406		288.737		
00:00:57:299		8.30928e+06		-5.83808		0		0		6.98144e+06		-26.0823			00:00:57:299		6.98202e+06		148.398		100.472		3.12716e+06		1.56406		288.735		
00:00:57:200		8.32633e+06		-5.83688		0		0		6.9814e+06		0			00:00:57:200		6.98157e+06		148.286		100.419		3.12274e+06		1.56071		288.731		
00:00:57:100		8.34351e+06		-5.83577		0		0		6.98154e+06		18.487			00:00:57:100		6.98141e+06		148.286		100.419		3.12274e+06		1.56071		288.728		
00:00:57:000		8.36082e+06		-5.83477		0		0		6.98158e+06		29.004			00:00:57:000		6.98101e+06		148.175		100.419		3.12274e+06		1.56071		288.725		
00:00:56:950		8.36954e+06		-5.83432		0		0		6.98148e+06		26.0007			00:00:56:950		6.9808e+06		148.175		100.366		3.11822e+06		1.55736		288.724		
00:00:56:799		8.39593e+06		-5.83319		0		0		6.98065e+06		2.55401			00:00:56:799		6.98044e+06		148.175		100.366		3.11822e+06		1.55736		288.719		
00:00:56:750		8.40479e+06		-5.8329		0		0		6.98024e+06		-14.4887			00:00:56:750		6.9802e+06		148.063		100.366		3.11822e+06		1.55736		288.718		
00:00:56:600		8.43145e+06		-5.83228		0		0		6.97925e+06		-28.7164			00:00:56:600		6.97982e+06		148.063		100.313		3.11374e+06		1.55401		288.714		
00:00:56:500		8.44928e+06		-5.83207		0		0		6.97908e+06		-9.35628			00:00:56:500		6.97937e+06		147.952		100.313		3.11374e+06		1.55401		288.711		
00:00:56:399		8.46718e+06		-5.83201		0		0		6.97919e+06		14.4291			00:00:56:399		6.97915e+06		147.952		100.259		3.10934e+06		1.55066		288.708		
00:00:56:299		8.48511e+06		-5.83207		0		0		6.97927e+06		27.3964			00:00:56:299		6.97883e+06		147.952		100.259		3.10934e+06		1.55066		288.705		
00:00:56:200		8.50308e+06		-5.83224		0		0		6.9791e+06		24.8625			00:00:56:200		6.97841e+06		147.84		100.204		3.10492e+06		1.54731		288.702		
00:00:56:100		8.52106e+06		-5.8325		0		0		6.97855e+06		9.91869			00:00:56:100		6.97821e+06		147.84		100.204		3.10492e+06		1.54731		288.7		
00:00:56:000		8.53908e+06		-5.83289		0		0		6.97773e+06		-19.1908			00:00:56:000		6.97774e+06		147.728		100.204		3.10492e+06		1.54731		288.697		
00:00:55:899		8.5571e+06		-5.83349		0		0		6.97701e+06		-30.5907			00:00:55:899		6.97753e+06		147.728		100.15		3.10043e+06		1.54396		288.695		
00:00:55:799		8.57512e+06		-5.83429		0		0		6.97669e+06		-20.1334			00:00:55:799		6.97718e+06		147.728		100.15		3.10043e+06		1.54396		288.692		
00:00:55:700		8.59312e+06		-5.83527		0		0		6.97675e+06		7.85659			00:00:55:700		6.97679e+06		147.616		100.095		3.09596e+06		1.5406		288.69		
00:00:55:600		8.61109e+06		-5.83638		0		0		6.9769e+06		24.3828			00:00:55:600		6.97661e+06		147.616		100.095		3.09596e+06		1.5406		288.688		
00:00:55:500		8.62902e+06		-5.83754		0		0		6.97688e+06		30.858			00:00:55:500		6.97613e+06		147.505		100.095		3.09596e+06		1.5406		288.685		
00:00:55:399		8.64688e+06		-5.83876		0		0		6.97648e+06		18.8214			00:00:55:399		6.97594e+06		147.505		100.039		3.09145e+06		1.53725		288.683		
00:00:55:299		8.66469e+06		-5.84003		0		0		6.97571e+06		-6.90927			00:00:55:299		6.97556e+06		147.505		100.039		3.09145e+06		1.53725		288.681		
00:00:55:200		8.68246e+06		-5.84136		0		0		6.97488e+06		-29.094			00:00:55:200		6.97516e+06		147.393		99.9836		3.08696e+06		1.53391		288.678		
00:00:55:049		8.70901e+06		-5.8431		0		0		6.97425e+06		-19.5182			00:00:55:049		6.97473e+06		147.393		99.9836		3.08696e+06		1.53391		288.675		
00:00:54:950		8.72667e+06		-5.84389		0		0		6.97431e+06		8.58951			00:00:54:950		6.97434e+06		147.281		99.9274		3.08244e+06		1.53056		288.673		
00:00:54:850		8.74437e+06		-5.84428		0		0		6.97447e+06		25.1403			00:00:54:850		6.97416e+06		147.281		99.9274		3.08244e+06		1.53056		288.67		
00:00:54:750		8.76206e+06		-5.8445		0		0		6.97443e+06		30.9962			00:00:54:750		6.97366e+06		147.169		99.9274		3.08244e+06		1.53056		288.668		
00:00:54:649		8.77973e+06		-5.84472		0		0		6.974e+06		18.1076			00:00:54:649		6.97348e+06		147.169		99.8707		3.07786e+06		1.52721		288.666		
00:00:54:649		8.77973e+06		-5.84472		0		0		6.974e+06		18.1076			00:00:54:649		6.97348e+06		147.169		99.8707		3.07786e+06		1.52721		288.666		
00:00:54:549		8.79736e+06		-5.84492		0		0		6.9732e+06		-8.50713			00:00:54:549		6.97307e+06		147.169		99.8707		3.07786e+06		1.52721		288.663		
00:00:54:350		8.83249e+06		-5.84534		0		0		6.97186e+06		-27.8418			00:00:54:350		6.97247e+06		147.058		99.8137		3.07328e+06		1.52386		288.66		
00:00:54:350		8.83249e+06		-5.84534		0		0		6.97186e+06		-27.8418			00:00:54:350		6.97247e+06		147.058		99.8137		3.07328e+06		1.52386		288.66		
00:00:54:200		8.85867e+06		-5.84569		0		0		6.97186e+06		10.8686			00:00:54:200		6.97189e+06		146.946		99.7562		3.06875e+06		1.52051		288.657		
00:00:54:049		8.8847e+06		-5.84609		0		0		6.97203e+06		32.0986			00:00:54:049		6.9714e+06		146.946		99.7562		3.06875e+06		1.52051		288.654		
00:00:53:950		8.90198e+06		-5.84641		0		0		6.97177e+06		25.2001			00:00:53:950		6.97099e+06		146.834		99.6982		3.06426e+06		1.51716		288.653		
00:00:53:950		8.90198e+06		-5.84641		0		0		6.97177e+06		25.2001			00:00:53:950		6.97099e+06		146.834		99.6982		3.06426e+06		1.51716		288.653		
00:00:53:850		8.91921e+06		-5.84676		0		0		6.9711e+06		7.17981			00:00:53:850		6.97078e+06		146.834		99.6982		3.06426e+06		1.51716		288.651		
00:00:53:750		8.93637e+06		-5.84715		0		0		6.9702e+06		-24.9611			00:00:53:750		6.97027e+06		146.722		99.6982		3.06426e+06		1.51716		288.649		
00:00:53:649		8.95346e+06		-5.84759		0		0		6.96948e+06		-32.1416			00:00:53:649		6.9701e+06		146.722		99.6398		3.05976e+06		1.51381		288.648		
00:00:53:549		8.97048e+06		-5.84807		0		0		6.96922e+06		-17.4548			00:00:53:549		6.96968e+06		146.722		99.6398		3.05976e+06		1.51381		288.646		
00:00:53:450		8.98741e+06		-5.8486		0		0		6.96933e+06		11.9813			00:00:53:450		6.96935e+06		146.61		99.5809		3.05526e+06		1.51046		288.645		
00:00:53:350		9.00417e+06		-5.84912		0		0		6.9695e+06		28.014			00:00:53:350		6.96909e+06		146.61		99.5809		3.05526e+06		1.51046		288.643		
00:00:53:250		9.02076e+06		-5.84965		0		0		6.96944e+06		32.5598			00:00:53:250		6.96858e+06		146.497		99.5809		3.05526e+06		1.51046		288.642		
00:00:53:049		9.05363e+06		-5.85068		0		0		6.96811e+06		-11.1317			00:00:53:049		6.968e+06		146.497		99.5215		3.05068e+06		1.50711		288.639		
00:00:52:950		9.06993e+06		-5.85117		0		0		6.96724e+06		-31.7404			00:00:52:950		6.96762e+06		146.385		99.4616		3.04605e+06		1.50376		288.637		
00:00:52:950		9.06993e+06		-5.85117		0		0		6.96724e+06		-31.7404			00:00:52:950		6.96762e+06		146.385		99.4616		3.04605e+06		1.50376		288.637		
00:00:52:850		9.08616e+06		-5.85163		0		0		6.96673e+06		-28.7309			00:00:52:850		6.9674e+06		146.385		99.4616		3.04605e+06		1.50376		288.636		
00:00:52:750		9.10236e+06		-5.85205		0		0		6.9667e+06		0			00:00:52:750		6.9669e+06		146.273		99.4616		3.04605e+06		1.50376		288.635		
00:00:52:649		9.11854e+06		-5.85245		0		0		6.96689e+06		21.4762			00:00:52:649		6.96673e+06		146.273		99.4013		3.04154e+06		1.50041		288.633		
00:00:52:549		9.13464e+06		-5.85284		0		0		6.96698e+06		34.0568			00:00:52:549		6.96628e+06		146.273		99.4013		3.04154e+06		1.50041		288.632		
00:00:52:399		9.15864e+06		-5.85337		0		0		6.96642e+06		18.7085			00:00:52:399		6.96586e+06		146.161		99.3403		3.03711e+06		1.49706		288.63		
00:00:52:299		9.17454e+06		-5.85369		0		0		6.96555e+06		-11.6198			00:00:52:299		6.96543e+06		146.161		99.3403		3.03711e+06		1.49706		288.629		
00:00:52:200		9.19035e+06		-5.85399		0		0		6.96466e+06		-32.4329			00:00:52:200		6.96506e+06		146.048		99.2789		3.0326e+06		1.49372		288.628		
00:00:52:100		9.20607e+06		-5.85425		0		0		6.96414e+06		-29.3815			00:00:52:100		6.96482e+06		146.048		99.2789		3.0326e+06		1.49372		288.627		
00:00:52:000		9.22172e+06		-5.85448		0		0		6.9641e+06		0			00:00:52:000		6.96431e+06		145.935		99.2789		3.0326e+06		1.49372		288.626		
00:00:51:899		9.23728e+06		-5.85468		0		0		6.96429e+06		21.5331			00:00:51:899		6.96414e+06		145.935		99.2169		3.02797e+06		1.49037		288.625		
00:00:51:799		9.25274e+06		-5.85485		0		0		6.96439e+06		34.4592			00:00:51:799		6.96368e+06		145.935		99.2169		3.02797e+06		1.49037		288.624		
00:00:51:700		9.26811e+06		-5.85498		0		0		6.96413e+06		26.4837			00:00:51:700		6.96331e+06		145.822		99.1544		3.02336e+06		1.48702		288.623		
00:00:51:600		9.28338e+06		-5.85508		0		0		6.96343e+06		7.8056			00:00:51:600		6.96309e+06		145.822		99.1544		3.02336e+06		1.48702		288.622		
00:00:51:500		9.29856e+06		-5.85515		0		0		6.96248e+06		-28.3987			00:00:51:500		6.96256e+06		145.71		99.1544		3.02336e+06		1.48702		288.621		
00:00:51:399		9.31366e+06		-5.85518		0		0		6.96174e+06		-33.372			00:00:51:399		6.96239e+06		145.71		99.0912		3.01879e+06		1.48367		288.62		
00:00:51:299		9.32868e+06		-5.85518		0		0		6.96146e+06		-18.0035			00:00:51:299		6.96193e+06		145.71		99.0912		3.01879e+06		1.48367		288.62		
00:00:51:200		9.34362e+06		-5.85516		0		0		6.96157e+06		11.7952			00:00:51:200		6.96159e+06		145.597		99.0275		3.01413e+06		1.48032		288.619		
00:00:51:000		9.37327e+06		-5.85507		0		0		6.96167e+06		33.052			00:00:51:000		6.96081e+06		145.485		99.0275		3.01413e+06		1.48032		288.617		
00:00:51:000		9.37327e+06		-5.85507		0		0		6.96167e+06		33.052			00:00:51:000		6.96081e+06		145.485		99.0275		3.01413e+06		1.48032		288.617		
00:00:50:899		9.38797e+06		-5.85502		0		0		6.96119e+06		19.0774			00:00:50:899		6.96064e+06		145.485		98.9632		3.00949e+06		1.47697		288.617		
00:00:50:799		9.40259e+06		-5.85498		0		0		6.96033e+06		-10.5443			00:00:50:799		6.9602e+06		145.485		98.9632		3.00949e+06		1.47697		288.616		
00:00:50:700		9.41713e+06		-5.85497		0		0		6.95943e+06		-32.5023			00:00:50:700		6.95979e+06		145.372		98.8982		3.00489e+06		1.47362		288.615		
00:00:50:600		9.43158e+06		-5.855		0		0		6.9589e+06		-29.1803			00:00:50:600		6.95956e+06		145.372		98.8982		3.00489e+06		1.47362		288.615		
00:00:50:500		9.44595e+06		-5.85508		0		0		6.95884e+06		0			00:00:50:500		6.95903e+06		145.259		98.8982		3.00489e+06		1.47362		288.614		
00:00:50:399		9.46024e+06		-5.85522		0		0		6.959e+06		21.2127			00:00:50:399		6.95885e+06		145.259		98.8327		3.00028e+06		1.47027		288.614		
00:00:50:299		9.47446e+06		-5.85544		0		0		6.95907e+06		34.1669			00:00:50:299		6.95839e+06		145.259		98.8327		3.00028e+06		1.47027		288.613		
00:00:50:200		9.48864e+06		-5.85571		0		0		6.95878e+06		26.11			00:00:50:200		6.95798e+06		145.146		98.7665		2.99566e+06		1.46692		288.613		
00:00:50:100		9.50275e+06		-5.85606		0		0		6.95806e+06		6.74625			00:00:50:100		6.95774e+06		145.146		98.7665		2.99566e+06		1.46692		288.612		
00:00:50:000		9.51678e+06		-5.8565		0		0		6.9571e+06		-29.6283			00:00:50:000		6.9572e+06		145.033		98.7665		2.99566e+06		1.46692		288.612		
00:00:49:899		9.53072e+06		-5.85705		0		0		6.95636e+06		-33.6976			00:00:49:899		6.95701e+06		145.033		98.6997		2.9911e+06		1.46356		288.612		
00:00:49:799		9.54457e+06		-5.85771		0		0		6.95609e+06		-16.6824			00:00:49:799		6.95654e+06		145.033		98.6997		2.9911e+06		1.46356		288.612		
00:00:49:700		9.55832e+06		-5.85851		0		0		6.95618e+06		13.4455			00:00:49:700		6.95618e+06		144.92		98.6322		2.98644e+06		1.46021		288.611		
00:00:49:549		9.57876e+06		-5.85992		0		0		6.9563e+06		34.3534			00:00:49:549		6.95559e+06		144.92		98.6322		2.98644e+06		1.46021		288.611		
00:00:49:450		9.59225e+06		-5.86096		0		0		6.95596e+06		25.093			00:00:49:450		6.95521e+06		144.806		98.564		2.98174e+06		1.45686		288.611		
00:00:49:399		9.59896e+06		-5.8615		0		0		6.95563e+06		17.1486			00:00:49:399		6.95513e+06		144.806		98.564		2.98174e+06		1.45686		288.611		
00:00:49:299		9.6124e+06		-5.86256		0		0		6.9547e+06		-16.0647			00:00:49:299		6.95464e+06		144.806		98.564		2.98174e+06		1.45686		288.611		
00:00:49:200		9.62588e+06		-5.86357		0		0		6.95381e+06		-33.8627			00:00:49:200		6.9543e+06		144.694		98.4952		2.97709e+06		1.45351		288.611		
00:00:49:100		9.63936e+06		-5.86448		0		0		6.95333e+06		-27.7824			00:00:49:100		6.95396e+06		144.694		98.4952		2.97709e+06		1.45351		288.611		
00:00:49:000		9.65283e+06		-5.86522		0		0		6.95331e+06		5.60279			00:00:49:000		6.95346e+06		144.58		98.4952		2.97709e+06		1.45351		288.611		
00:00:48:899		9.66633e+06		-5.8658		0		0		6.95346e+06		24.4028			00:00:48:899		6.95321e+06		144.58		98.4257		2.97243e+06		1.45015		288.612		
00:00:48:750		9.68662e+06		-5.86628		0		0		6.95331e+06		29.7827			00:00:48:750		6.95249e+06		144.467		98.4257		2.97243e+06		1.45015		288.612		
00:00:48:649		9.70018e+06		-5.86631		0		0		6.9527e+06		15.1137			00:00:48:649		6.95226e+06		144.467		98.3555		2.96769e+06		1.4468		288.613		
00:00:48:549		9.71379e+06		-5.86605		0		0		6.95176e+06		-19.7642			00:00:48:549		6.95174e+06		144.467		98.3555		2.96769e+06		1.4468		288.613		
00:00:48:450		9.7274e+06		-5.86546		0		0		6.9509e+06		-34.4322			00:00:48:450		6.95145e+06		144.353		98.2847		2.96289e+06		1.44344		288.614		
00:00:48:350		9.74097e+06		-5.8645		0		0		6.95047e+06		-23.4392			00:00:48:350		6.95103e+06		144.353		98.2847		2.96289e+06		1.44344		288.615		
00:00:48:350		9.74097e+06		-5.8645		0		0		6.95047e+06		-23.4392			00:00:48:350		6.95103e+06		144.353		98.2847		2.96289e+06		1.44344		288.615		
00:00:48:250		9.75452e+06		-5.86314		0		0		6.95048e+06		7.67627			00:00:48:250		6.95057e+06		144.24		98.2847		2.96289e+06		1.44344		288.615		
00:00:48:149		9.76803e+06		-5.86134		0		0		6.95062e+06		26.494			00:00:48:149		6.95031e+06		144.24		98.2131		2.95816e+06		1.44009		288.616		
00:00:47:950		9.79497e+06		-5.8563		0		0		6.95007e+06		19.9855			00:00:47:950		6.94951e+06		144.127		98.1409		2.95339e+06		1.43673		288.617		
00:00:47:850		9.79497e+06		-5.8563		0		0		6.95007e+06		19.9855			00:00:47:850		6.94951e+06		144.127		98.1409		2.95339e+06		1.43673		288.617		
00:00:47:850		9.8084e+06		-5.85307		0		0		6.9492e+06		-9.47124			00:00:47:850		6.94906e+06		144.127		98.1409		2.95339e+06		1.43673		288.618		
00:00:47:750		9.82179e+06		-5.8494		0		0		6.94826e+06		-33.5382			00:00:47:750		6.94862e+06		144.013		98.1409		2.95339e+06		1.43673		288.619		
00:00:47:649		9.83516e+06		-5.84537		0		0		6.94767e+06		-31.3753			00:00:47:649		6.94834e+06		144.013		98.0679		2.94864e+06		1.43337		288.62		
00:00:47:549		9.84852e+06		-5.84106		0		0		6.94755e+06		-6.33688			00:00:47:549		6.94778e+06		144.013		98.0679		2.94864e+06		1.43337		288.621		
00:00:47:450		9.86187e+06		-5.8366		0		0		6.94769e+06		20.7396			00:00:47:450		6.94757e+06		143.9		97.9942		2.94379e+06		1.43001		288.622		
00:00:47:250		9.88865e+06		-5.82777		0		0		6.94744e+06		26.6432			00:00:47:250		6.94666e+06		143.786		97.9942		2.94379e+06		1.43001		288.624		
00:00:47:250		9.88865e+06		-5.82777		0		0		6.94744e+06		26.6432			00:00:47:250		6.94666e+06		143.786		97.9942		2.94379e+06		1.43001		288.624		
00:00:47:049		9.91541e+06		-5.8201		0		0		6.94567e+06		-29.747			00:00:47:049		6.9458e+06		143.786		97.9198		2.93897e+06		1.42665		288.627		
00:00:46:950		9.92872e+06		-5.81695		0		0		6.94488e+06		-35.7162			00:00:46:950		6.94557e+06		143.673		97.8447		2.93417e+06		1.42329		288.629		
00:00:46:950		9.92872e+06		-5.81695		0		0		6.94488e+06		-35.7162			00:00:46:950		6.94557e+06		143.673		97.8447		2.93417e+06		1.42329		288.629		
00:00:46:850		9.94204e+06		-5.81374		0		0		6.94457e+06		-19.331			00:00:46:850		6.94506e+06		143.673		97.8447		2.93417e+06		1.42329		288.631		
00:00:46:750		9.95533e+06		-5.81041		0		0		6.94465e+06		13.5675			00:00:46:750		6.94467e+06		143.559		97.8447		2.93417e+06		1.42329		288.633		
00:00:46:649		9.9686e+06		-5.80697		0		0		6.94477e+06		30.4724			00:00:46:649		6.94432e+06		143.559		97.7687		2.92938e+06		1.41993		288.635		
00:00:46:549		9.98184e+06		-5.8034		0		0		6.94461e+06		32.1764			00:00:46:549		6.94375e+06		143.559		97.7687		2.92938e+06		1.41993		288.637		
00:00:46:399		1.00017e+07		-5.79784		0		0		6.94354e+06		2.5665			00:00:46:399		6.94327e+06		143.445		97.692		2.92456e+06		1.41657		288.641		
00:00:46:299		1.00149e+07		-5.79399		0		0		6.9425e+06		-34.4884			00:00:46:299		6.94274e+06		143.445		97.692		2.92456e+06		1.41657		288.643		
00:00:46:250		1.00214e+07		-5.79202		0		0		6.94207e+06		-36.1075			00:00:46:250		6.9426e+06		143.331		97.692		2.92456e+06		1.41657		288.645		
00:00:46:049		1.00477e+07		-5.78388		0		0		6.94152e+06		5.66193			00:00:46:049		6.94168e+06		143.331		97.6144		2.91968e+06		1.41321		288.651		
00:00:45:950		1.00608e+07		-5.77965		0		0		6.94164e+06		24.9348			00:00:45:950		6.9414e+06		143.217		97.536		2.9148e+06		1.40985		288.654		
00:00:45:950		1.00608e+07		-5.77965		0		0		6.94164e+06		24.9348			00:00:45:950		6.9414e+06		143.217		97.536		2.9148e+06		1.40985		288.654		
00:00:45:799		1.00805e+07		-5.77311		0		0		6.94143e+06		29.2498			00:00:45:799		6.94063e+06		143.217		97.536		2.9148e+06		1.40985		288.659		
00:00:45:700		1.00935e+07		-5.76863		0		0		6.94075e+06		11.7356			00:00:45:700		6.94034e+06		143.103		97.4568		2.90991e+06		1.40649		288.662		
00:00:45:600		1.01066e+07		-5.76405		0		0		6.93973e+06		-23.3313			00:00:45:600		6.93975e+06		143.103		97.4568		2.90991e+06		1.40649		288.666		
00:00:45:500		1.01197e+07		-5.75938		0		0		6.93882e+06		-36.8678			00:00:45:500		6.93944e+06		142.989		97.4568		2.90991e+06		1.40649		288.67		
00:00:45:399		1.01327e+07		-5.75461		0		0		6.93837e+06		-23.9908			00:00:45:399		6.93894e+06		142.989		97.3767		2.90501e+06		1.40312		288.674		
00:00:45:299		1.01457e+07		-5.74976		0		0		6.93837e+06		9.45602			00:00:45:299		6.93846e+06		142.989		97.3767		2.90501e+06		1.40312		288.678		
00:00:45:200		1.01587e+07		-5.74481		0		0		6.93848e+06		28.2643			00:00:45:200		6.93813e+06		142.875		97.2958		2.90009e+06		1.39976		288.683		
00:00:45:100		1.01716e+07		-5.73978		0		0		6.93836e+06		33.0101			00:00:45:100		6.93753e+06		142.875		97.2958		2.90009e+06		1.39976		288.687		
00:00:45:000		1.01845e+07		-5.73464		0		0		6.9378e+06		19.7588			00:00:45:000		6.93724e+06		142.76		97.2958		2.90009e+06		1.39976		288.692		
00:00:44:899		1.01974e+07		-5.72942		0		0		6.93683e+06		-12.7171			00:00:44:899		6.93671e+06		142.76		97.2141		2.89517e+06		1.3964		288.697		
00:00:44:799		1.02103e+07		-5.7241		0		0		6.93583e+06		-35.1497			00:00:44:799		6.93628e+06		142.76		97.2141		2.89517e+06		1.3964		288.702		
00:00:44:700		1.02231e+07		-5.7187		0		0		6.93523e+06		-32.4285			00:00:44:700		6.93578e+06		142.646		97.1314		2.89024e+06		1.39303		288.707		
00:00:44:600		1.02359e+07		-5.7132		0		0		6.93514e+06		5.28359			00:00:44:600		6.93525e+06		142.646		97.1314		2.89024e+06		1.39303		288.713		
00:00:44:500		1.02487e+07		-5.70761		0		0		6.93519e+06		23.9257			00:00:44:500		6.93496e+06		142.531		97.1314		2.89024e+06		1.39303		288.718		
00:00:44:399		1.02615e+07		-5.70192		0		0		6.93508e+06		33.4024			00:00:44:399		6.93438e+06		142.531		97.0479		2.88531e+06		1.38967		288.724		
00:00:44:299		1.02743e+07		-5.69613		0		0		6.93456e+06		23.2903			00:00:44:299		6.934e+06		142.531		97.0479		2.88531e+06		1.38967		288.73		
00:00:44:200		1.02871e+07		-5.69024		0		0		6.9336e+06		-9.66802			00:00:44:200		6.93343e+06		142.417		96.9635		2.88036e+06		1.3863		288.736		
00:00:44:100		1.02999e+07		-5.68425		0		0		6.93257e+06		-37.5898			00:00:44:100		6.93295e+06		142.417		96.9635		2.88036e+06		1.3863		288.742		
00:00:44:000		1.03126e+07		-5.67816		0		0		6.93192e+06		-32.3281			00:00:44:000		6.93256e+06		142.302		96.9635		2.88036e+06		1.3863		288.749		
00:00:43:899		1.03254e+07		-5.67197		0		0		6.93175e+06		0			00:00:43:899		6.93194e+06		142.302		96.8783		2.87547e+06		1.38293		288.755		
00:00:43:799		1.03381e+07		-5.66569		0		0		6.93179e+06		22.3613			00:00:43:799		6.93158e+06		142.302		96.8783		2.87547e+06		1.38293		288.762		
00:00:43:700		1.03508e+07		-5.65932		0		0		6.93169e+06		33.7219			00:00:43:700		6.93104e+06		142.187		96.7923		2.87055e+06		1.37957		288.769		
00:00:43:600		1.03698e+07		-5.64958		0		0		6.93078e+06		12.1105			00:00:43:600		6.93038e+06		142.187		96.7923		2.87055e+06		1.37957		288.78		
00:00:43:450		1.03824e+07		-5.64296		0		0		6.92972e+06		-23.7027			00:00:43:450		6.92975e+06		142.071		96.7054		2.86558e+06		1.3762		288.787		
00:00:43:350		1.03951e+07		-5.63625		0		0		6.92878e+06		-37.1233			00:00:43:350		6.92937e+06		142.071		96.7054		2.86558e+06		1.3762		288.795		
00:00:43:299		1.04014e+07		-5.63286		0		0		6.92848e+06		-34.7491			00:00:43:299		6.92917e+06		142.071		96.7054		2.86558e+06		1.3762		288.799		
00:00:43:200		1.04139e+07		-5.62599		0		0		6.92829e+06		0			00:00:43:200		6.92854e+06		141.956		96.6177		2.86052e+06		1.37283		288.806		
00:00:43:049		1.04328e+07		-5.6155		0		0		6.9283e+06		30.2378			00:00:43:049		6.92787e+06		141.956		96.6177		2.86052e+06		1.37283		288.818		
00:00:42:950		1.04454e+07		-5.60838		0		0		6.92803e+06		31.0798			00:00:42:950		6.92721e+06		141.841		96.5292		2.85548e+06		1.36946		288.826		
00:00:42:850		1.0458e+07		-5.60115		0		0		6.92729e+06		13.5371			00:00:42:850		6.92686e+06		141.841		96.5292		2.85548e+06		1.36946		288.835		
00:00:42:750		1.04706e+07		-5.59382		0		0		6.9262e+06		-23.1538			00:00:42:750		6.92622e+06		141.726		96.5292		2.85548e+06		1.36946		288.843		
00:00:42:700		1.04769e+07		-5.59012		0		0		6.92565e+06		-34.308			00:00:42:700		6.92598e+06		141.726		96.4398		2.85048e+06		1.36609		288.848		
00:00:42:600		1.04894e+07		-5.58264		0		0		6.92485e+06		-36.328			00:00:42:600		6.92552e+06		141.726		96.4398		2.85048e+06		1.36609		288.856		
00:00:42:500		1.05021e+07		-5.57507		0		0		6.92458e+06		-9.41889			00:00:42:500		6.92489e+06		141.61		96.4398		2.85048e+06		1.36609		288.865		
00:00:42:399		1.05148e+07		-5.56739		0		0		6.92461e+06		23.1687			00:00:42:399		6.92446e+06		141.61		96.3496		2.84547e+06		1.36272		288.874		
00:00:42:299		1.05274e+07		-5.55961		0		0		6.92453e+06		35.9035			00:00:42:299		6.9238e+06		141.61		96.3496		2.84547e+06		1.36272		288.883		
00:00:42:149		1.05465e+07		-5.54773		0		0		6.92359e+06		17.1265			00:00:42:149		6.92307e+06		141.494		96.2586		2.84044e+06		1.35935		288.897		
00:00:42:049		1.05591e+07		-5.53968		0		0		6.92243e+06		-24.125			00:00:42:049		6.92244e+06		141.494		96.2586		2.84044e+06		1.35935		288.906		
00:00:41:950		1.05718e+07		-5.53151		0		0		6.92135e+06		-39.8362			00:00:41:950		6.92197e+06		141.379		96.1667		2.83541e+06		1.35598		288.916		
00:00:41:850		1.05845e+07		-5.52322		0		0		6.92072e+06		-31.4099			00:00:41:850		6.92134e+06		141.379		96.1667		2.83541e+06		1.35598		288.926		
00:00:41:750		1.05971e+07		-5.51481		0		0		6.9206e+06		8.72039			00:00:41:750		6.92072e+06		141.262		96.1667		2.83541e+06		1.35598		288.936		
00:00:41:750		1.05971e+07		-5.51481		0		0		6.9206e+06		8.72039			00:00:41:750		6.92072e+06		141.262		96.1667		2.83541e+06		1.35598		288.936		
00:00:41:649		1.06098e+07		-5.50627		0		0		6.9206e+06		30.4786			00:00:41:649		6.92021e+06		141.262		96.074		2.83037e+06		1.3526		288.946		
00:00:41:549		1.06224e+07		-5.49762		0		0		6.92033e+06		33.9097			00:00:41:549		6.91949e+06		141.262		96.074		2.83037e+06		1.3526		288.956		
00:00:41:350		1.06477e+07		-5.47995		0		0		6.91839e+06		-23.936			00:00:41:350		6.91836e+06		141.146		95.9806		2.82539e+06		1.34923		288.976		
00:00:41:350		1.06477e+07		-5.47995		0		0		6.91839e+06		-23.936			00:00:41:350		6.91836e+06		141.146		95.9806		2.82539e+06		1.34923		288.976		
00:00:41:250		1.06604e+07		-5.47093		0		0		6.91724e+06		-38.5586			00:00:41:250		6.91783e+06		141.03		95.9806		2.82539e+06		1.34923		288.986		
00:00:41:149		1.06729e+07		-5.46179		0		0		6.91651e+06		-34.1042			00:00:41:149		6.91714e+06		141.03		95.8863		2.82038e+06		1.34585		288.997		
00:00:40:950		1.0698e+07		-5.44313		0		0		6.91622e+06		28.8703			00:00:40:950		6.91593e+06		140.913		95.7914		2.81524e+06		1.34247		289.018		
00:00:40:950		1.0698e+07		-5.44313		0		0		6.91622e+06		28.8703			00:00:40:950		6.91593e+06		140.913		95.7914		2.81524e+06		1.34247		289.018		
00:00:40:850		1.07105e+07		-5.43364		0		0		6.91594e+06		31.6425			00:00:40:850		6.9152e+06		140.913		95.7914		2.81524e+06		1.34247		289.029		
00:00:40:750		1.0723e+07		-5.42406		0		0		6.91522e+06		22.6567			00:00:40:750		6.91463e+06		140.796		95.7914		2.81524e+06		1.34247		289.04		
00:00:40:649		1.07355e+07		-5.41438		0		0		6.91406e+06		-19.6031			00:00:40:649		6.91395e+06		140.796		95.6963		2.81012e+06		1.33909		289.051		
00:00:40:549		1.07479e+07		-5.40463		0		0		6.91289e+06		-34.7909			00:00:40:549		6.91336e+06		140.796		95.6963		2.81012e+06		1.33909		289.062		
00:00:40:450		1.07604e+07		-5.39482		0		0		6.91205e+06		-30.2443			00:00:40:450		6.9126e+06		140.68		95.6008		2.80503e+06		1.33571		289.073		
00:00:40:350		1.07729e+07		-5.38496		0		0		6.91164e+06		0			00:00:40:350		6.91185e+06		140.68		95.6008		2.80503e+06		1.33571		289.084		
00:00:40:250		1.07853e+07		-5.37507		0		0		6.91141e+06		19.5523			00:00:40:250		6.91132e+06		140.563		95.6008		2.80503e+06		1.33571		289.095		
00:00:40:049		1.08102e+07		-5.35519		0		0		6.91041e+06		22.672			00:00:40:049		6.90993e+06		140.563		95.5051		2.79986e+06		1.33233		289.118		
00:00:39:950		1.08226e+07		-5.34521		0		0		6.90938e+06		0			00:00:39:950		6.90916e+06		140.446		95.4091		2.79471e+06		1.32894		289.13		
00:00:39:950		1.08226e+07		-5.34521		0		0		6.90938e+06		0			00:00:39:950		6.90916e+06		140.446		95.4091		2.79471e+06		1.32894		289.13		
00:00:39:850		1.0835e+07		-5.3352		0		0		6.90822e+06		-28.0973			00:00:39:850		6.90849e+06		140.446		95.4091		2.79471e+06		1.32894		289.142		
00:00:39:750		1.08474e+07		-5.32514		0		0		6.90729e+06		-22.2152			00:00:39:750		6.90763e+06		140.329		95.4091		2.79471e+06		1.32894		289.153		
00:00:39:649		1.08597e+07		-5.31502		0		0		6.90664e+06		-12.6349			00:00:39:649		6.9068e+06		140.329		95.3129		2.78952e+06		1.32555		289.165		
00:00:39:549		1.0872e+07		-5.30484		0		0		6.9062e+06		10.7592			00:00:39:549		6.9062e+06		140.329		95.3129		2.78952e+06		1.32555		289.177		
00:00:39:399		1.08903e+07		-5.28943		0		0		6.9054e+06		18.4855			00:00:39:399		6.90513e+06		140.211		95.2164		2.78428e+06		1.32216		289.195		
00:00:39:299		1.09026e+07		-5.27906		0		0		6.90458e+06		13.0518			00:00:39:299		6.90433e+06		140.211		95.2164		2.78428e+06		1.32216		289.206		
00:00:39:200		1.09149e+07		-5.26861		0		0		6.90352e+06		-16.6236			00:00:39:200		6.90349e+06		140.094		95.1197		2.77909e+06		1.31877		289.218		
00:00:38:899		1.09518e+07		-5.23684		0		0		6.90109e+06		1.82996			00:00:38:899		6.90110e+06		139.976		95.0227		2.77388e+06		1.31537		289.254		
00:00:38:899		1.09518e+07		-5.23684		0		0		6.90109e+06		1.82996			00:00:38:899		6.90110e+06		139.976		95.0227		2.77388e+06		1.31537		289.254		
00:00:38:899		1.09518e+07		-5.23684		0		0		6.90109e+06		1.82996			00:00:38:899		6.90110e+06		139.976		95.0227		2.77388e+06		1.31537		289.254		
00:00:38:799		1.09641e+07		-5.2261		0		0		6.90041e+06		5.24937			00:00:38:799		6.90038e+06		139.976		95.0227		2.77388e+06		1.31537		289.266		
00:00:38:700		1.09764e+07		-5.2153		0		0		6.89967e+06		8.76278			00:00:38:700		6.89958e+06		139.858		94.9254		2.76868e+06		1.31197		289.278		
00:00:38:600		1.09887e+07		-5.20444		0		0		6.89881e+06		4.04841			00:00:38:600		6.89872e+06		139.858		94.9254		2.76868e+06		1.31197		289.29		
00:00:38:500		1.1001e+07		-5.19353		0		0		6.89784e+06		-11.3664			00:00:38:500		6.89783e+06		139.74		94.9254		2.76868e+06		1.31197		289.302		
00:00:38:399		1.10133e+07		-5.18256		0		0		6.89697e+06		0			00:00:38:399		6.89709e+06		139.74		94.8277		2.76352e+06		1.30856		289.314		
00:00:38:299		1.10256e+07		-5.17155		0		0		6.89615e+06		0			00:00:38:299		6.89618e+06		139.74		94.8277		2.76352e+06		1.30856		289.326		
00:00:38:250		1.10317e+07		-5.16604		0		0		6.89575e+06		1.09984			00:00:38:250		6.89575e+06		139.622		94.8277		2.76352e+06		1.30856		289.332		
00:00:38:049		1.10563e+07		-5.14392		0		0		6.89408e+06		1.33947			00:00:38:049		6.89409e+06		139.622		94.7296		2.75828e+06		1.30515		289.357		
00:00:37:950		1.10686e+07		-5.13284		0		0		6.89322e+06		4.76808			00:00:37:950		6.89318e+06		139.503		94.6311		2.75299e+06		1.30174		289.37		
00:00:37:950		1.10686e+07		-5.13284		0		0		6.89322e+06		4.76808			00:00:37:950		6.89318e+06		139.503		94.6311		2.75299e+06		1.30174		289.37		
00:00:37:750		1.10933e+07		-5.11065		0		0		6.8913e+06		-17.9897			00:00:37:750		6.89133e+06		139.384		94.6311		2.75299e+06		1.30174		289.395		
00:00:37:750		1.10933e+07		-5.11065		0		0		6.8913e+06		-17.9897			00:00:37:750		6.89133e+06		139.384		94.6311		2.75299e+06		1.30174		289.395		
00:00:37:649		1.11057e+07		-5.09954		0		0		6.89041e+06		0			00:00:37:649		6.89048e+06		139.384		94.5321		2.74768e+06		1.29832		289.407		
00:00:37:549		1.11181e+07		-5.08841		0		0		6.88952e+06		1.87667			00:00:37:549		6.88951e+06		139.384		94.5321		2.74768e+06		1.29832		289.42		
00:00:37:399		1.11368e+07		-5.07168		0		0		6.88816e+06		0			00:00:37:399		6.88815e+06		139.265		94.4325		2.74236e+06		1.2949		289.44		
00:00:37:299		1.11492e+07		-5.06049		0		0		6.88724e+06		2.03619			00:00:37:299		6.88724e+06		139.265		94.4325		2.74236e+06		1.2949		289.453		
00:00:37:200		1.11617e+07		-5.04926		0		0		6.88631e+06		0			00:00:37:200		6.88629e+06		139.146		94.3321		2.73696e+06		1.29148		289.466		
00:00:37:000		1.11866e+07		-5.02664		0		0		6.88442e+06		0			00:00:37:000		6.88449e+06		139.027		94.3321		2.73696e+06		1.29148		289.493		
00:00:37:000		1.11866e+07		-5.02664		0		0		6.88442e+06		0			00:00:37:000		6.88449e+06		139.027		94.3321		2.73696e+06		1.29148		289.493		
00:00:36:899		1.1199e+07		-5.01525		0		0		6.88347e+06		0			00:00:36:899		6.88348e+06		139.027		94.231		2.73157e+06		1.28805		289.506		
00:00:36:799		1.12115e+07		-5.00381		0		0		6.88253e+06		0			00:00:36:799		6.88254e+06		139.027		94.231		2.73157e+06		1.28805		289.52		
00:00:36:700		1.12239e+07		-4.99232		0		0		6.88159e+06		0			00:00:36:700		6.88163e+06		138.908		94.1289		2.72622e+06		1.28461		289.535		
00:00:36:600		1.12364e+07		-4.98078		0		0		6.88066e+06		3.51563			00:00:36:600		6.88062e+06		138.908		94.1289		2.72622e+06		1.28461		289.55		
00:00:36:500		1.12488e+07		-4.96919		0		0		6.8797e+06		0			00:00:36:500		6.87968e+06		138.788		94.1289		2.72622e+06		1.28461		289.565		
00:00:36:399		1.12613e+07		-4.95755		0		0		6.87877e+06		0			00:00:36:399		6.87881e+06		138.788		94.0258		2.7208e+06		1.28117		289.581		
00:00:36:299		1.12737e+07		-4.94585		0		0		6.87783e+06		0			00:00:36:299		6.87788e+06		138.788		94.0258		2.7208e+06		1.28117		289.596		
00:00:36:200		1.12862e+07		-4.9341		0		0		6.8769e+06		0			00:00:36:200		6.87691e+06		138.668		93.9216		2.71538e+06		1.27773		289.612		
00:00:36:100		1.12987e+07		-4.92231		0		0		6.87597e+06		0			00:00:36:100		6.876e+06		138.668		93.9216		2.71538e+06		1.27773		289.629		
00:00:36:000		1.13112e+07		-4.91047		0		0		6.87505e+06		0			00:00:36:000		6.8751e+06		138.548		93.9216		2.71538e+06		1.27773		289.646		
00:00:35:899		1.13237e+07		-4.89858		0		0		6.87414e+06		4.41737			00:00:35:899		6.87411e+06		138.548		93.8161		2.71001e+06		1.27428		289.664		
00:00:35:799		1.13363e+07		-4.88662		0		0		6.87318e+06		0.0665386			00:00:35:799		6.87315e+06		138.548		93.8161		2.71001e+06		1.27428		289.682		
00:00:35:700		1.13488e+07		-4.87461		0		0		6.87221e+06		0			00:00:35:700		6.87222e+06		138.427		93.7092		2.70455e+06		1.27083		289.702		
00:00:35:600		1.13613e+07		-4.86255		0		0		6.87124e+06		1.08356			00:00:35:600		6.87124e+06		138.427		93.7092		2.70455e+06		1.27083		289.721		
00:00:35:500		1.13739e+07		-4.85046		0		0		6.87025e+06		0.645185			00:00:35:500		6.87023e+06		138.306		93.7092		2.70455e+06		1.27083		289.741		
00:00:35:399		1.13864e+07		-4.83832		0		0		6.86925e+06		0			00:00:35:399		6.86925e+06		138.306		93.6001		2.69911e+06		1.26738		289.762		
00:00:35:299		1.13989e+07		-4.82615		0		0		6.86825e+06		0			00:00:35:299		6.86827e+06		138.306		93.6001		2.69911e+06		1.26738		289.783		
00:00:35:149		1.14177e+07		-4.80782		0		0		6.86673e+06		0			00:00:35:149		6.86672e+06		138.186		93.4874		2.69363e+06		1.26392		289.817		
00:00:35:049		1.14302e+07		-4.79555		0		0		6.8657e+06		0			00:00:35:049		6.86571e+06		138.186		93.4874		2.69363e+06		1.26392		289.841		
00:00:34:950		1.14428e+07		-4.78325		0		0		6.86467e+06		0			00:00:34:950		6.8647e+06		138.064		93.3708		2.6881e+06		1.26046		289.865		
00:00:34:850		1.14553e+07		-4.77092		0		0		6.86364e+06		0			00:00:34:850		6.86366e+06		138.064		93.3708		2.6881e+06		1.26046		289.89		
00:00:34:750		1.14678e+07		-4.75854		0.0690613		0		6.86259e+06		0			00:00:34:750		6.86262e+06		137.943		93.3708		2.6881e+06		1.26046		289.915		
00:00:34:649		1.14803e+07		-4.74613		0.207461		0		6.86154e+06		0			00:00:34:649		6.8616e+06		137.943		93.2502		2.68248e+06		1.257		289.941		
00:00:34:600		1.14866e+07		-4.73991		0.276632		0		6.86101e+06		0			00:00:34:600		6.86108e+06		137.943		93.2502		2.68248e+06		1.257		289.954		
00:00:34:500		1.14991e+07		-4.72743		0.414856		0		6.85995e+06		0			00:00:34:500		6.86001e+06		137.821		93.2502		2.68248e+06		1.257		289.98		
00:00:34:399		1.15116e+07		-4.7149		0.552869		0		6.85888e+06		0			00:00:34:399		6.85895e+06		137.821		93.1256		2.67687e+06		1.25353		290.007		
00:00:34:250		1.15304e+07		-4.69601		0.759252		0		6.85725e+06		0			00:00:34:250		6.85731e+06		137.699		93.1256		2.67687e+06		1.25353		290.049		
00:00:34:149		1.1543e+07		-4.68336		0.896229		0		6.85616e+06		0			00:00:34:149		6.8562e+06		137.699		92.997		2.67123e+06		1.25006		290.077		
00:00:34:049		1.15556e+07		-4.67064		1.03257		0		6.85506e+06		0			00:00:34:049		6.8551e+06		137.699		92.997		2.67123e+06		1.25006		290.106		
00:00:33:950		1.15682e+07		-4.65787		1.16813		0		6.85395e+06		0			00:00:33:950		6.85399e+06		137.577		92.8644		2.66561e+06		1.24659		290.136		
00:00:33:850		1.15809e+07		-4.64505		1.30282		0		6.85283e+06		0			00:00:33:850		6.85288e+06		137.577		92.8644		2.66561e+06		1.24659		290.167		
00:00:33:750		1.15934e+07		-4.63218		1.43644		0		6.8517e+06		0			00:00:33:750		6.85177e+06		137.455		92.8644		2.66561e+06		1.24659		290.198		
00:00:33:649		1.16058e+07		-4.61924		1.56882		0		6.85056e+06		0			00:00:33:649		6.85064e+06		137.455		92.7281		2.66002e+06		1.24312		290.231		
00:00:33:649		1.16058e+07		-4.61924		1.56882		0		6.85056e+06		0			00:00:33:649		6.85064e+06		137.455		92.7281		2.66002e+06		1.24312		290.231		
00:00:33:549		1.16182e+07		-4.60626		1.69975		0		6.84941e+06		0			00:00:33:549		6.84948e+06		137.455		92.7281		2.66002e+06		1.24312		290.263		
00:00:33:450		1.16307e+07		-4.59324		1.829		0		6.84825e+06		0			00:00:33:450		6.84831e+06		137.332		92.588		2.65429e+06		1.23964		290.296		
00:00:33:250		1.16556e+07		-4.56708		2.08111		0		6.84589e+06		0			00:00:33:250		6.84594e+06		137.208		92.588		2.65429e+06		1.23964		290.364		
00:00:33:250		1.16556e+07		-4.56708		2.08111		0		6.84589e+06		0			00:00:33:250		6.84594e+06		137.208		92.588		2.65429e+06		1.23964		290.364		
00:00:33:149		1.1668e+07		-4.55394		2.20351		0		6.8447e+06		0			00:00:33:149		6.84474e+06		137.208		92.4444		2.64850e+06		1.23617		290.399		
00:00:32:950		1.16928e+07		-4.52757		2.44128		0		6.84227e+06		0			00:00:32:950		6.84235e+06		137.085		92.297		2.64284e+06		1.23269		290.47		
00:00:32:850		1.17052e+07		-4.51434		2.55767		0		6.84104e+06		0			00:00:32:850		6.84113e+06		137.085		92.297		2.64284e+06		1.23269		290.505		
00:00:32:850		1.17052e+07		-4.51434		2.55767		0		6.84104e+06		0			00:00:32:850		6.84113e+06		137.085		92.297		2.64284e+06		1.23269		290.505		
00:00:32:750		1.17176e+07		-4.5011		2.67247		0		6.83981e+06		0			00:00:32:750		6.83989e+06		136.961		92.297		2.64284e+06		1.23269		290.541		
00:00:32:649		1.173e+07		-4.48786		2.79279		0		6.83855e+06		0			00:00:32:649		6.83864e+06		136.961		92.1455		2.63707e+06		1.2292		290.577		
00:00:32:549		1.17424e+07		-4.47463		2.91264		0		6.83729e+06		0			00:00:32:549		6.83736e+06		136.961		92.1455		2.63707e+06		1.2292		290.614		
00:00:32:450		1.17548e+07		-4.46141		3.0303		0		6.83603e+06		0			00:00:32:450		6.83608e+06		136.837		91.9899		2.63119e+06		1.22572		290.65		
00:00:32:350		1.17672e+07		-4.44824		3.13715		0		6.83475e+06		0			00:00:32:350		6.83481e+06		136.837		91.9899		2.63119e+06		1.22572		290.687		
00:00:32:250		1.17796e+07		-4.4351		3.24906		0		6.83346e+06		0			00:00:32:250		6.83354e+06		136.712		91.9899		2.63119e+06		1.22572		290.723		
00:00:32:049		1.18045e+07		-4.40889		3.44552		0		6.83087e+06		0			00:00:32:049		6.83097e+06		136.712		91.8299		2.6253e+06		1.22223		290.796		
00:00:31:949		1.1817e+07		-4.39579		3.5389		0		6.82956e+06		0			00:00:31:949		6.82966e+06		136.588		91.6654		2.61939e+06		1.21874		290.832		
00:00:31:949		1.1817e+07		-4.39579		3.5389		0		6.82956e+06		0			00:00:31:949		6.82966e+06		136.588		91.6654		2.61939e+06		1.21874		290.832		
00:00:31:850		1.18294e+07		-4.38267		3.62902		0		6.82825e+06		0			00:00:31:850		6.82834e+06		136.588		91.6654		2.61939e+06		1.21874		290.869		
00:00:31:750		1.18481e+07		-4.36291		3.7581		0		6.82625e+06		0			00:00:31:750		6.827e+06		136.462		91.6654		2.61939e+06		1.21874		290.922		
00:00:31:600		1.18605e+07		-4.34965		3.84011		0		6.8249e+06		0			00:00:31:600		6.82495e+06		136.462		91.4961		2.61348e+06		1.21524		290.958		
00:00:31:500		1.1873e+07		-4.33628		3.91892		0		6.82353e+06		0			00:00:31:500		6.82358e+06		136.337		91.4961		2.61348e+06		1.21524		290.993		
00:00:31:399		1.18854e+07		-4.32278		3.99456		0		6.82214e+06		0			00:00:31:399		6.82222e+06		136.337		91.3218		2.60756e+06		1.21174		291.028		
00:00:31:350		1.18916e+07		-4.31598		4.03121		0		6.82143e+06		0			00:00:31:350		6.82153e+06		136.337		91.3218		2.60756e+06		1.21174		291.045		
00:00:31:250		1.1904e+07		-4.30227		4.10223		0		6.82001e+06		0			00:00:31:250		6.82013e+06		136.21		91.3218		2.60756e+06		1.21174		291.08		
00:00:31:050		1.19289e+07		-4.2744		4.23531		0		6.81711e+06		0			00:00:31:050		6.81724e+06		136.21		91.1421		2.60155e+06		1.20823		291.147		
00:00:30:949		1.19413e+07		-4.26027		4.29755		0		6.81563e+06		0			00:00:30:949		6.81572e+06		136.084		90.9569		2.59548e+06		1.20471		291.181		
00:00:30:949		1.19413e+07		-4.26027		4.29755		0		6.81563e+06		0			00:00:30:949		6.81572e+06		136.084		90.9569		2.59548e+06		1.20471		291.181		
00:00:30:850		1.19599e+07		-4.23897		4.38575		0		6.81338e+06		0.992686			00:00:30:850		6.81339e+06		136.084		90.9569		2.59548e+06		1.20471		291.229		
00:00:30:699		1.19723e+07		-4.2248		4.4412		0		6.81184e+06		0.979254			00:00:30:699		6.81181e+06		135.957		90.7658		2.58941e+06		1.20119		291.261		
00:00:30:600		1.19848e+07		-4.21075		4.49405		0		6.81027e+06		0			00:00:30:600		6.81026e+06		135.957		90.7658		2.58941e+06		1.20119		291.292		
00:00:30:550		1.1991e+07		-4.20381		4.51955		0		6.80947e+06		0			00:00:30:550		6.8095e+06		135.957		90.7658		2.58941e+06		1.20119		291.308		
00:00:30:399		1.20098e+07		-4.18336		4.59252		0		6.80702e+06		0			00:00:30:399		6.80714e+06		135.829		90.5685		2.58332e+06		1.19766		291.353		
00:00:30:300		1.20225e+07		-4.17011		4.6383		0		6.80539e+06		0			00:00:30:300		6.80555e+06		135.829		90.5685		2.58332e+06		1.19766		291.382		
00:00:30:199		1.20351e+07		-4.15715		4.68185		0		6.80387e+06		0			00:00:30:199		6.80398e+06		135.701		90.3647		2.577e+06		1.19412		291.411		
00:00:30:000		1.20604e+07		-4.13156		4.76271		0		6.80049e+06		0			00:00:30:000		6.80053e+06		135.571		90.3647		2.577e+06		1.19412		291.467		
00:00:29:899		1.2073e+07		-4.11874		4.80019		0		6.79873e+06		1.39805			00:00:29:899		6.79873e+06		135.571		90.154		2.57058e+06		1.19058		291.494		
00:00:29:899		1.2073e+07		-4.11874		4.80019		0		6.79873e+06		1.39805			00:00:29:899		6.79873e+06		135.571		90.154		2.57058e+06		1.19058		291.494		
00:00:29:800		1.20856e+07		-4.10591		4.83581		0		6.79693e+06		3.20921			00:00:29:800		6.79689e+06		135.571		90.154		2.57058e+06		1.19058		291.521		
00:00:29:699		1.20981e+07		-4.09306		4.86962		0		6.79506e+06		2.21791			00:00:29:699		6.79501e+06		135.442		89.936		2.56414e+06		1.18704		291.547		
00:00:29:600		1.21106e+07		-4.0802		4.90165		0		6.79313e+06		0			00:00:29:600		6.79309e+06		135.442		89.936		2.56414e+06		1.18704		291.572		
00:00:29:500		1.2123e+07		-4.06731		4.93263		0		6.79116e+06		0			00:00:29:500		6.79116e+06		135.311		89.936		2.56414e+06		1.18704		291.597		
00:00:29:399		1.21353e+07		-4.05441		4.96097		0		6.78918e+06		0			00:00:29:399		6.78919e+06		135.311		89.7102		2.55742e+06		1.18349		291.62		
00:00:29:300		1.21475e+07		-4.04149		4.98834		0		6.7872e+06		0.835061			00:00:29:300		6.78719e+06		135.311		89.7102		2.55742e+06		1.18349		291.643		
00:00:29:199		1.21597e+07		-4.0285		5.01425		0		6.78521e+06		5.33652			00:00:29:199		6.78516e+06		135.179		89.4762		2.55031e+06		1.17993		291.664		
00:00:29:100		1.2172e+07		-4.01535		5.03871		0		6.78319e+06		7.15116			00:00:29:100		6.7831e+06		135.179		89.4762		2.55031e+06		1.17993		291.685		
00:00:29:000		1.21842e+07		-4.00207		5.06186		0		6.78109e+06		6.54674			00:00:29:000		6.78099e+06		135.046		89.4762		2.55031e+06		1.17993		291.705		
00:00:28:899		1.21965e+07		-3.98865		5.08375		0		6.77892e+06		4.16881			00:00:28:899		6.77884e+06		135.046		89.2335		2.5428e+06		1.17637		291.724		
00:00:28:800		1.22088e+07		-3.97512		5.10441		0		6.77673e+06		4.28011			00:00:28:800		6.77667e+06		135.046		89.2335		2.5428e+06		1.17637		291.742		
00:00:28:699		1.22211e+07		-3.96148		5.12383		0		6.77455e+06		5.20174			00:00:28:699		6.77448e+06		134.911		88.9814		2.53491e+06		1.1728		291.759		
00:00:28:600		1.22333e+07		-3.94776		5.14187		0		6.77237e+06		7.49953			00:00:28:600		6.77228e+06		134.911		88.9814		2.53491e+06		1.1728		291.775		
00:00:28:500		1.22456e+07		-3.93395		5.15944		0		6.77017e+06		9.52194			00:00:28:500		6.77004e+06		134.774		88.9814		2.53491e+06		1.1728		291.789		
00:00:28:399		1.22578e+07		-3.92006		5.17586		0		6.76792e+06		10.5003			00:00:28:399		6.76776e+06		134.774		88.7194		2.52656e+06		1.16923		291.802		
00:00:28:300		1.22701e+07		-3.90611		5.19128		0		6.7656e+06		10.4383			00:00:28:300		6.76544e+06		134.774		88.7194		2.52656e+06		1.16923		291.815		
00:00:28:199		1.22823e+07		-3.89211		5.20567		0		6.76323e+06		9.85593			00:00:28:199		6.76307e+06		134.633		88.4468		2.51763e+06		1.16565		291.827		
00:00:28:050		1.23007e+07		-3.871		5.22542		0		6.7596e+06		9.8373			00:00:28:050		6.75944e+06		134.633		88.4468		2.51763e+06		1.16565		291.846		
00:00:28:000		1.23068e+07		-3.86395		5.23157		0		6.75837e+06		10.1435			00:00:28:000		6.75821e+06		134.487		88.4468		2.51763e+06		1.16565		291.853		
00:00:27:899		1.2319e+07		-3.84982		5.24327		0		6.7559e+06		11.4649			00:00:27:899		6.75572e+06		134.487		88.1629		2.50791e+06		1.16206		291.866		
00:00:27:800		1.23313e+07		-3.83566		5.25418		0		6.75339e+06		13.0307			00:00:27:800		6.75318e+06		134.487		88.1629		2.50791e+06		1.16206		291.881		
00:00:27:699		1.23436e+07		-3.82147		5.26464		0		6.75084e+06		14.1142			00:00:27:699		6.75059e+06		134.336		87.8668		2.4973e+06		1.15847		291.896		
00:00:27:600		1.23558e+07		-3.80726		5.27452		0		6.74823e+06		14.5339			00:00:27:600		6.74796e+06		134.336		87.8668		2.4973e+06		1.15847		291.912		
00:00:27:500		1.2368e+07		-3.79302		5.28263		0		6.74555e+06		14.1639			00:00:27:500		6.74528e+06		134.178		87.5577		2.48573e+06		1.15487		291.93		
00:00:27:399		1.23802e+07		-3.77876		5.29125		0		6.7428e+06		13.406			00:00:27:399		6.74255e+06		134.178		87.5577		2.48573e+06		1.15487		291.948		
00:00:27:250		1.23985e+07		-3.7573		5.3032		0		6.7386e+06		13.2824			00:00:27:250		6.73836e+06		134.011		87.5577		2.48573e+06		1.15487		291.978		
00:00:27:149		1.24107e+07		-3.74296		5.30982		0		6.73575e+06		14.371			00:00:27:149		6.7355e+06		134.011		87.2347		2.47299e+06		1.15127		292		
00:00:27:050		1.24229e+07		-3.72861		5.31536		0		6.73287e+06		16.2443			00:00:27:050		6.73258e+06		134.011		87.2347		2.47299e+06		1.15127		292.024		
00:00:26:949		1.24351e+07		-3.71426		5.32071		0		6.72995e+06		18.1863			00:00:26:949		6.72959e+06		133.833		86.8968		2.45905e+06		1.14765		292.049		
00:00:26:949		1.24351e+07		-3.71426		5.32071		0		6.72995e+06		18.1863			00:00:26:949		6.72959e+06		133.833		86.8968		2.45905e+06		1.14765		292.049		
00:00:26:800		1.24533e+07		-3.69276		5.32927		0		6.72542e+06		19.9033			00:00:26:800		6.725e+06		133.833		86.8968		2.45905e+06		1.14765		292.09		
00:00:26:649		1.24716e+07		-3.67123		5.33624		0		6.72069e+06		19.6555			00:00:26:649		6.72025e+06		133.642		86.5439		2.44396e+06		1.14403		292.136		
00:00:26:550		1.24837e+07		-3.65685		5.33879		0		6.71742e+06		18.9197			00:00:26:550		6.717e+06		133.642		86.5439		2.44396e+06		1.14403		292.169		
00:00:26:449		1.24959e+07		-3.64244		5.34085		0		6.71408e+06		18.1699			00:00:26:449		6.71368e+06		133.436		86.175		2.42758e+06		1.1404		292.204		
00:00:26:350		1.25081e+07		-3.62801		5.34401		0		6.71067e+06		17.8504			00:00:26:350		6.71028e+06		133.436		86.175		2.42758e+06		1.1404		292.242		
00:00:26:350		1.25081e+07		-3.62801		5.34401		0		6.71067e+06		17.8504			00:00:26:350		6.71028e+06		133.436		86.175		2.42758e+06		1.1404		292.242		
00:00:26:250		1.25203e+07		-3.61356		5.34813		0		6.7072e+06		18.3993			00:00:26:250		6.70681e+06		133.213		86.175		2.42758e+06		1.1404		292.281		
00:00:26:149		1.25325e+07		-3.59908		5.35113		0		6.70369e+06		19.7766			00:00:26:149		6.70327e+06		133.213		85.7894		2.40991e+06		1.13676		292.322		
00:00:25:949		1.25568e+07		-3.57006		5.34947		0		6.69651e+06		24.483			00:00:25:949		6.69594e+06		132.973		85.3867		2.39121e+06		1.13311		292.412		
00:00:25:949		1.25568e+07		-3.57006		5.34947		0		6.69651e+06		24.483			00:00:25:949		6.69594e+06		132.973		85.3867		2.39121e+06		1.13311		292.412		
00:00:25:850		1.2569e+07		-3.55552		5.34964		0		6.69279e+06		25.7939			00:00:25:850		6.69215e+06		132.973		85.3867		2.39121e+06		1.13311		292.46		
00:00:25:649		1.25934e+07		-3.52638		5.35546		18.5377		6.68488e+06		22.2968			00:00:25:649		6.68429e+06		132.714		84.9666		2.37151e+06		1.12945		292.56		
00:00:25:649		1.25934e+07		-3.52638		5.35546		18.5377		6.68488e+06		22.2968			00:00:25:649		6.68429e+06		132.714		84.9666		2.37151e+06		1.12945		292.56		
00:00:25:550		1.26055e+07		-3.51178		5.35369		29.9732		6.68069e+06		19.3502			00:00:25:550		6.68019e+06		132.714		84.9666		2.37151e+06		1.12945		292.613		
00:00:25:449		1.26177e+07		-3.49716		5.3478		39.5709		6.67645e+06		18.0984			00:00:25:449		6.67601e+06		132.435		84.5292		2.35095e+06		1.12577		292.668		
00:00:25:350		1.26298e+07		-3.48252		5.34293		49.1178		6.67222e+06		19.5213			00:00:25:350		6.67177e+06		132.435		84.5292		2.35095e+06		1.12577		292.725		
00:00:25:250		1.26419e+07		-3.46785		5.34333		56.0718		6.66795e+06		21.6413			00:00:25:250		6.66743e+06		132.138		84.5292		2.35095e+06		1.12577		292.783		
00:00:25:149		1.2654e+07		-3.45318		5.34573		65.1181		6.66357e+06		23.6098			00:00:25:149		6.66298e+06		132.138		84.0752		2.32975e+06		1.12209		292.844		
00:00:24:949		1.26782e+07		-3.42379		5.33867		81.8143		6.65446e+06		27.9886			00:00:24:949		6.6537e+06		131.823		83.6061		2.30803e+06		1.11839		292.969		
00:00:24:949		1.26782e+07		-3.42379		5.33867		81.8143		6.65446e+06		27.9886			00:00:24:949		6.6537e+06		131.823		83.6061		2.30803e+06		1.11839		292.969		
00:00:24:850		1.26903e+07		-3.4091		5.33043		89.8604		6.64973e+06		30.0772			00:00:24:850		6.64888e+06		131.823		83.6061		2.30803e+06		1.11839		293.033		
00:00:24:750		1.27023e+07		-3.39439		5.32808		97.9751		6.64489e+06		31.8974			00:00:24:750		6.64395e+06		131.494		83.6061		2.30803e+06		1.11839		293.098		
00:00:24:550		1.27264e+07		-3.36494		5.3353		113.621		6.63486e+06		33.4545			00:00:24:550		6.63381e+06		131.494		83.1246		2.28597e+06		1.11468		293.228		
00:00:24:550		1.27264e+07		-3.36494		5.3353		113.621		6.63486e+06		33.4545			00:00:24:550		6.63381e+06		131.494		83.1246		2.28597e+06		1.11468		293.228		
00:00:24:449		1.27384e+07		-3.3502		5.32831		121.405		6.62964e+06		31.7385			00:00:24:449		6.62862e+06		131.153		82.6323		2.2637e+06		1.11095		293.295		
00:00:24:300		1.27565e+07		-3.32805		5.31335		133.749		6.62154e+06		29.0648			00:00:24:300		6.62064e+06		131.153		82.6323		2.2637e+06		1.11095		293.397		
00:00:24:250		1.27626e+07		-3.32066		5.30972		137.995		6.61879e+06		28.5394			00:00:24:250		6.61791e+06		130.803		82.6323		2.2637e+06		1.11095		293.43		
00:00:24:000		1.27928e+07		-3.28367		5.32463		163.362		6.60468e+06		30.8846			00:00:24:000		6.60375e+06		130.449		82.1306		2.24121e+06		1.10057		293.603		
00:00:23:899		1.28048e+07		-3.26885		5.31299		181.488		6.59888e+06		33.3405			00:00:23:899		6.59784e+06		130.449		81.6203		2.21848e+06		1.09016		293.678		
00:00:23:899		1.28048e+07		-3.26885		5.31299		181.488		6.59888e+06		33.3405			00:00:23:899		6.59784e+06		130.449		81.6203		2.21848e+06		1.09016		293.678		
00:00:23:800		1.28168e+07		-3.254		5.28932		209.276		6.59298e+06		36.3954			00:00:23:800		6.59181e+06		130.449		81.6203		2.21848e+06		1.09016		293.754		
00:00:23:699		1.28289e+07		-3.23914		5.2766		253.057		6.58696e+06		39.1741			00:00:23:699		6.58563e+06		130.093		81.1016		2.19554e+06		1.07972		293.83		
00:00:23:600		1.28409e+07		-3.22427		5.28729		307.005		6.58079e+06		41.1822			00:00:23:600		6.57934e+06		130.093		81.1016		2.19554e+06		1.07972		293.905		
00:00:23:500		1.28529e+07		-3.20938		5.30448		358.928		6.57448e+06		42.461			00:00:23:500		6.57294e+06		129.737		81.1016		2.19554e+06		1.07972		293.98		
00:00:23:449		1.28589e+07		-3.20194		5.30579		382.681		6.57128e+06		42.5525			00:00:23:449		6.56971e+06		129.737		80.5753		2.17238e+06		1.06926		294.017		
00:00:23:300		1.28768e+07		-3.17959		5.26519		442.952		6.56145e+06		39.2813			00:00:23:300		6.55996e+06		129.737		80.5753		2.17238e+06		1.06926		294.126		
00:00:23:199		1.28887e+07		-3.16468		5.23471		474.036		6.55482e+06		31.6604			00:00:23:199		6.55364e+06		129.379		80.042		2.14893e+06		1.05878		294.197		
00:00:23:050		1.29067e+07		-3.1423		5.25621		509.051		6.54594e+06		14.1951			00:00:23:050		6.54545e+06		129.379		80.042		2.14893e+06		1.05878		294.301		
00:00:22:899		1.29246e+07		-3.11987		5.29114		533.451		6.54065e+06		50.7235			00:00:22:899		6.53999e+06		129.02		79.5027		2.12519e+06		1.04827		294.401		
00:00:22:899		1.29246e+07		-3.11987		5.29114		533.451		6.54065e+06		50.7235			00:00:22:899		6.53999e+06		129.02		79.5027		2.12519e+06		1.04827		294.401		
00:00:22:800		1.29366e+07		-3.10491		5.26806		545.547		6.54043e+06		181.675			00:00:22:800		6.53009e+06		129.02		79.5027		2.12519e+06		1.04827		294.467		
00:00:22:699		1.29486e+07		-3.08992		5.21035		555.184		6.54221e+06		312.604			00:00:22:699		6.49555e+06		128.66		78.9589		2.10116e+06		1.03774		294.53		
00:00:22:600		1.29606e+07		-3.07493		5.19219		562.568		6.54509e+06		369.874			00:00:22:600		6.48098e+06		128.66		78.9589		2.10116e+06		1.03774		294.593		
00:00:22:500		1.29725e+07		-3.05992		5.23865		567.245		6.54876e+06		426.633			00:00:22:500		6.46028e+06		128.299		78.9589		2.10116e+06		1.03774		294.656		
00:00:22:399		1.29845e+07		-3.04488		5.27745		568.606		6.55274e+06		458.645			00:00:22:399		6.44938e+06		128.299		78.4123		2.07681e+06		1.0272		294.717		
00:00:22:300		1.29964e+07		-3.02983		5.25036		568.64		6.55673e+06		455.209			00:00:22:300		6.45063e+06		128.299		78.4123		2.07681e+06		1.0272		294.779		
00:00:22:199		1.30084e+07		-3.01476		5.15201		568.643		6.56075e+06		457.908			00:00:22:199		6.45348e+06		127.937		77.8651		2.05209e+06		1.01663		294.84		
00:00:22:100		1.30203e+07		-2.99967		5.05906		568.664		6.56482e+06		460.683			00:00:22:100		6.45633e+06		127.937		77.8651		2.05209e+06		1.01663		294.901		
00:00:22:000		1.30323e+07		-2.98458		4.96864		568.707		6.56894e+06		463.736			00:00:22:000		6.45914e+06		127.574		77.8651		2.05209e+06		1.01663		294.961		
00:00:21:899		1.30443e+07		-2.96947		4.87397		568.767		6.5731e+06		466.742			00:00:21:899		6.46195e+06		127.574		77.3196		2.02706e+06		1.00604		295.022		
00:00:21:800		1.30562e+07		-2.95435		4.77272		568.839		6.57731e+06		469.697			00:00:21:800		6.46481e+06		127.574		77.3196		2.02706e+06		1.00604		295.082		
00:00:21:699		1.30681e+07		-2.93922		4.67137		568.911		6.58155e+06		472.623			00:00:21:699		6.46773e+06		127.211		76.7788		2.00171e+06		0.99544		295.142		
00:00:21:600		1.308e+07		-2.9241		4.57841		568.976		6.58583e+06		475.397			00:00:21:600		6.47072e+06		127.211		76.7788		2.00171e+06		0.99544		295.202		
00:00:21:500		1.3092e+07		-2.90896		4.49339		569.029		6.59012e+06		477.703			00:00:21:500		6.47392e+06		126.846		76.7788		2.00171e+06		0.99544		295.262		
00:00:21:399		1.31039e+07		-2.8938		4.40493		569.071		6.5944e+06		478.588			00:00:21:399		6.47761e+06		126.846		76.2459		1.97595e+06		0.984817		295.321		
00:00:21:250		1.31217e+07		-2.87104		4.25184		569.11		6.60082e+06		479.274			00:00:21:250		6.48383e+06		126.48		76.2459		1.97595e+06		0.984817		295.409		
00:00:21:149		1.31336e+07		-2.85585		4.1498		569.117		6.60509e+06		479.767			00:00:21:149		6.48796e+06		126.48		75.7243		1.94981e+06		0.974177		295.468		
00:00:21:050		1.31455e+07		-2.84064		4.06224		569.107		6.60935e+06		480.292			00:00:21:050		6.49206e+06		126.48		75.7243		1.94981e+06		0.974177		295.527		
00:00:20:949		1.31573e+07		-2.82542		3.98609		569.095		6.61361e+06		480.848			00:00:20:949		6.49615e+06		126.114		75.217		1.92331e+06		0.963517		295.586		
00:00:20:850		1.31692e+07		-2.81017		3.9014		569.079		6.61787e+06		481.436			00:00:20:850		6.50022e+06		126.114		75.217		1.92331e+06		0.963517		295.646		
00:00:20:750		1.3181e+07		-2.79491		3.79697		569.052		6.62213e+06		482.053			00:00:20:750		6.50426e+06		125.746		75.217		1.92331e+06		0.963517		295.707		
00:00:20:750		1.3181e+07		-2.79491		3.79697		569.052		6.62213e+06		482.053			00:00:20:750		6.50426e+06		125.746		75.217		1.92331e+06		0.963517		295.707		
00:00:20:649		1.31929e+07		-2.77963		3.68704		569.019		6.62638e+06		482.701			00:00:20:649		6.50829e+06		125.746		74.7263		1.89643e+06		0.952838		295.767		
00:00:20:550		1.32047e+07		-2.76433		3.59521		568.971		6.63062e+06		483.38			00:00:20:550		6.5123e+06		125.746		74.7263		1.89643e+06		0.952838		295.828		
00:00:20:449		1.32165e+07		-2.74902		3.53013		568.914		6.63486e+06		484.084			00:00:20:449		6.51629e+06		125.378		74.2527		1.86915e+06		0.942139		295.889		
00:00:20:250		1.32401e+07		-2.71835		3.36184		568.776		6.64332e+06		485.549			00:00:20:250		6.5242e+06		125.008		74.2527		1.86915e+06		0.942139		296.01		
00:00:20:250		1.32401e+07		-2.71835		3.36184		568.776		6.64332e+06		485.549			00:00:20:250		6.5242e+06		125.008		74.2527		1.86915e+06		0.942139		296.01		
00:00:20:149		1.32519e+07		-2.703		3.23971		568.71		6.64752e+06		486.291			00:00:20:149		6.52813e+06		125.008		73.7925		1.84154e+06		0.93142		296.07		
00:00:19:949		1.32756e+07		-2.67231		3.08515		568.568		6.65581e+06		487.673			00:00:19:949		6.5359e+06		124.638		73.3421		1.81353e+06		0.92068		296.192		
00:00:19:949		1.32756e+07		-2.67231		3.08515		568.568		6.65581e+06		487.673			00:00:19:949		6.5359e+06		124.638		73.3421		1.81353e+06		0.92068		296.192		
00:00:19:850		1.32874e+07		-2.65695		3.04108		568.489		6.6599e+06		488.312			00:00:19:850		6.53974e+06		124.638		73.3421		1.81353e+06		0.92068		296.253		
00:00:19:649		1.33111e+07		-2.62618		2.81455		568.302		6.66796e+06		489.495			00:00:19:649		6.54738e+06		124.266		72.8866		1.78499e+06		0.909919		296.379		
00:00:19:649		1.33111e+07		-2.62618		2.81455		568.302		6.66796e+06		489.495			00:00:19:649		6.54738e+06		124.266		72.8866		1.78499e+06		0.909919		296.379		
00:00:19:550		1.33229e+07		-2.61077		2.68444		568.212		6.67194e+06		490.041			00:00:19:550		6.55116e+06		124.266		72.8866		1.78499e+06		0.909919		296.443		
00:00:19:449		1.33347e+07		-2.59534		2.64652		568.118		6.67589e+06		490.56			00:00:19:449		6.55493e+06		123.893		72.4256		1.75604e+06		0.899137		296.507		
00:00:19:350		1.33465e+07		-2.5799		2.64956		568.01		6.67981e+06		491.048			00:00:19:350		6.55869e+06		123.893		72.4256		1.75604e+06		0.899137		296.571		
00:00:19:149		1.33701e+07		-2.54896		2.65577		567.757		6.68757e+06		491.965			00:00:19:149		6.56615e+06		123.518		71.9591		1.72666e+06		0.888333		296.701		
00:00:19:149		1.33701e+07		-2.54896		2.65577		567.757		6.68757e+06		491.965			00:00:19:149		6.56615e+06		123.518		71.9591		1.72666e+06		0.888333		296.701		
00:00:18:949		1.33936e+07		-2.51798		2.66191		567.46		6.69523e+06		492.764			00:00:18:949		6.57357e+06		123.142		71.4875		1.69687e+06		0.877507		296.83		
00:00:18:949		1.33936e+07		-2.51798		2.66191		567.46		6.69523e+06		492.764			00:00:18:949		6.57357e+06		123.142		71.4875		1.69687e+06		0.877507		296.83		
00:00:18:850		1.34054e+07		-2.50246		2.66494		567.31		6.69902e+06		493.129			00:00:18:850		6.57726e+06		123.142		71.4875		1.69687e+06		0.877507		296.895		
00:00:18:750		1.34171e+07		-2.48692		2.66794		567.152		6.7028e+06		493.472			00:00:18:750		6.58094e+06		122.764		71.4875		1.69687e+06		0.877507		296.959		
00:00:18:649		1.34287e+07		-2.47138		2.67097		566.973		6.70655e+06		493.772			00:00:18:649		6.58462e+06		122.764		71.011		1.66664e+06		0.866659		297.024		
00:00:18:550		1.34404e+07		-2.45584		2.67396		566.766		6.71029e+06		494.061			00:00:18:550		6.5883e+06		122.764		71.011		1.66664e+06		0.866659		297.089		
00:00:18:449		1.34519e+07		-2.4403		2.67705		566.547		6.71401e+06		494.312			00:00:18:449		6.59196e+06		122.385		70.5297		1.6359e+06		0.855788		297.153		
00:00:18:350		1.34635e+07		-2.42474		2.68		566.341		6.71771e+06		494.532			00:00:18:350		6.59563e+06		122.385		70.5297		1.6359e+06		0.855788		297.219		
00:00:18:199		1.34808e+07		-2.40138		2.68456		566.022		6.72324e+06		494.847			00:00:18:199		6.60112e+06		122.004		70.0441		1.60477e+06		0.844894		297.316		
00:00:18:000		1.35039e+07		-2.37016		2.69075		565.591		6.73054e+06		495.213			00:00:18:000		6.6084e+06		121.621		70.0441		1.60477e+06		0.844894		297.447		
00:00:17:899		1.35154e+07		-2.35452		2.69376		565.641		6.73417e+06		495.395			00:00:17:899		6.61202e+06		121.621		69.5541		1.57322e+06		0.833978		297.512		
00:00:17:899		1.35154e+07		-2.35452		2.69376		565.641		6.73417e+06		495.395			00:00:17:899		6.61202e+06		121.621		69.5541		1.57322e+06		0.833978		297.512		
00:00:17:800		1.35269e+07		-2.33886		2.69706		564.952		6.73779e+06		495.572			00:00:17:800		6.61563e+06		121.621		69.5541		1.57322e+06		0.833978		297.577		
00:00:17:699		1.35385e+07		-2.32319		2.69971		564.665		6.7414e+06		495.758			00:00:17:699		6.61923e+06		121.236		69.0599		1.54113e+06		0.82304		297.641		
00:00:17:600		1.355e+07		-2.3075		2.70258		564.364		6.745e+06		495.961			00:00:17:600		6.62281e+06		121.236		69.0599		1.54113e+06		0.82304		297.705		
00:00:17:500		1.35616e+07		-2.29179		2.70533		564.051		6.7486e+06		496.196			00:00:17:500		6.62637e+06		120.85		69.0599		1.54113e+06		0.82304		297.768		
00:00:17:399		1.35731e+07		-2.27607		2.70793		563.724		6.75219e+06		496.469			00:00:17:399		6.62991e+06		120.85		68.5612		1.50855e+06		0.812082		297.829		
00:00:17:300		1.35846e+07		-2.26033		2.71102		563.383		6.75577e+06		496.795			00:00:17:300		6.63342e+06		120.85		68.5612		1.50855e+06		0.812082		297.89		
00:00:17:199		1.35961e+07		-2.24458		2.71421		563.031		6.75936e+06		497.179			00:00:17:199		6.6369e+06		120.462		68.0581		1.47546e+06		0.801103		297.95		
00:00:17:100		1.36076e+07		-2.22881		2.71739		562.667		6.76294e+06		497.633			00:00:17:100		6.64036e+06		120.462		68.0581		1.47546e+06		0.801103		298.011		
00:00:17:000		1.36191e+07		-2.21306		2.72058		562.301		6.76653e+06		498.13			00:00:17:000		6.64377e+06		120.072		68.0581		1.47546e+06		0.801103		298.073		
00:00:16:899		1.36306e+07		-2.1973		2.72386		561.926		6.77009e+06		498.655			00:00:16:899		6.64715e+06		120.072		67.5508		1.44186e+06		0.7901		298.135		
00:00:16:800		1.36421e+07		-2.18154		2.72728		561.546		6.77363e+06		499.19			00:00:16:800		6.6505e+06		120.072		67.5508		1.44186e+06		0.7901		298.196		
00:00:16:699		1.36535e+07		-2.16579		2.73087		561.161		6.77712e+06		499.704			00:00:16:699		6.6538e+06		119.681		67.0396		1.40774e+06		0.779076		298.258		
00:00:16:600		1.3665e+07		-2.15006		2.73445		560.777		6.78056e+06		500.178			00:00:16:600		6.65706e+06		119.681		67.0396		1.40774e+06		0.779076		298.321		
00:00:16:500		1.36765e+07		-2.13436		2.73786		560.389		6.78394e+06		500.616			00:00:16:500		6.66028e+06		119.288		67.0396		1.40774e+06		0.779076		298.386		
00:00:16:399		1.36878e+07		-2.11869		2.74131		559.997		6.78727e+06		501.026			00:00:16:399		6.66347e+06		119.288		66.5252		1.37306e+06		0.768028		298.451		
00:00:16:250		1.37049e+07		-2.09527		2.74649		559.395		6.79218e+06		501.62			00:00:16:250		6.66819e+06		118.894		66.5252		1.37306e+06		0.768028		298.552		
00:00:16:199		1.37106e+07		-2.0875		2.74819		559.189		6.79381e+06		501.816			00:00:16:199		6.66974e+06		118.894		66.0073		1.33789e+06		0.756957		298.585		
00:00:16:050		1.37276e+07		-2.06429		2.75319		558.568		6.79863e+06		502.4			00:00:16:050		6.67438e+06		118.894		66.0073		1.33789e+06		0.756957		298.688		
00:00:16:000		1.37333e+07		-2.05659		2.75484		558.358		6.80022e+06		502.582			00:00:16:000		6.67591e+06		118.498		66.0073		1.33789e+06		0.756957		298.723		
00:00:15:900		1.37446e+07		-2.04124		2.75816		557.944		6.80338e+06		502.954			00:00:15:900		6.67895e+06		118.498		65.485		1.30227e+06		0.745861		298.792		
00:00:15:750		1.37617e+07		-2.01839		2.76301		557.324		6.80807e+06		503.486			00:00:15:750		6.68346e+06		118.102		65.485		1.30227e+06		0.745861		298.897		
00:00:15:650		1.3773e+07		-2.00327		2.76621		556.902		6.81116e+06		503.838			00:00:15:650		6.68645e+06		118.102		64.9584		1.26619e+06		0.73474		298.969		
00:00:15:550		1.37844e+07		-1.98826		2.76946		556.476		6.81423e+06		504.185			00:00:15:550		6.68941e+06		118.102		64.9584		1.26619e+06		0.73474		299.04		
00:00:15:449		1.37958e+07		-1.97335		2.77263		556.048		6.81729e+06		504.532			00:00:15:449		6.69235e+06		117.705		64.4275		1.22956e+06		0.723594		299.113		
00:00:15:349		1.38072e+07		-1.95856		2.77589		555.611		6.82032e+06		504.873			00:00:15:349		6.69528e+06		117.705		64.4275		1.22956e+06		0.723594		299.185		
00:00:15:250		1.38185e+07		-1.94387		2.77895		555.165		6.82333e+06		505.217			00:00:15:250		6.69819e+06		117.306		64.4275		1.22956e+06		0.723594		299.258		
00:00:15:250		1.38185e+07		-1.94387		2.77895		555.165		6.82333e+06		505.217			00:00:15:250		6.69819e+06		117.306		64.4275		1.22956e+06		0.723594		299.258		
00:00:15:150		1.38299e+07		-1.92929		2.78204		554.709		6.82633e+06		505.569			00:00:15:150		6.70108e+06		117.306		63.8924		1.19234e+06		0.712422		299.332		
00:00:14:949		1.38527e+07		-1.9005		2.78822		553.774		6.8323e+06		506.289			00:00:14:949		6.70682e+06		116.907		63.353		1.15457e+06		0.701225		299.479		
00:00:14:949		1.38527e+07		-1.9005		2.78822		553.774		6.8323e+06		506.289			00:00:14:949		6.70682e+06		116.907		63.353		1.15457e+06		0.701225		299.479		
00:00:14:849		1.3864e+07		-1.88628		2.79138		553.297		6.83528e+06		506.673			00:00:14:849		6.70968e+06		116.907		63.353		1.15457e+06		0.701225		299.553		
00:00:14:650		1.38869e+07		-1.85819		2.7975		552.34		6.84123e+06		507.481			00:00:14:650		6.71536e+06		116.508		62.81		1.11624e+06		0.690003		299.7		
00:00:14:550		1.38983e+07		-1.84434		2.80049		551.865		6.8442e+06		507.894			00:00:14:550		6.71819e+06		116.508		62.81		1.11624e+06		0.690003		299.773		
00:00:14:550		1.38983e+07		-1.84434		2.80049		551.865		6.8442e+06		507.894			00:00:14:550		6.71819e+06		116.508		62.81		1.11624e+06		0.690003		299.773		
00:00:14:449		1.39098e+07		-1.83058		2.80348		551.389		6.84717e+06		508.332			00:00:14:449		6.72102e+06		116.107		62.264		1.07731e+06		0.678757		299.847		
00:00:14:349		1.39213e+07		-1.81689		2.80638		550.906		6.85014e+06		508.794			00:00:14:349		6.72382e+06		116.107		62.264		1.07731e+06		0.678757		299.92		
00:00:14:150		1.39445e+07		-1.78967		2.81215		549.922		6.85608e+06		509.75			00:00:14:150		6.72942e+06		115.705		61.7151		1.03778e+06		0.667486		300.066		
00:00:14:150		1.39445e+07		-1.78967		2.81215		549.922		6.85608e+06		509.75			00:00:14:150		6.72942e+06		115.705		61.7151		1.03778e+06		0.667486		300.066		
00:00:13:949		1.3968e+07		-1.76253		2.81731		548.917		6.862e+06		510.755			00:00:13:949		6.73496e+06		115.301		61.1636		997639		0.656191		300.208		
00:00:13:949		1.3968e+07		-1.76253		2.81731		548.917		6.862e+06		510.755			00:00:13:949		6.73496e+06		115.301		61.1636		997639		0.656191		300.208		
00:00:13:849		1.398e+07		-1.74894		2.82014		548.406		6.86494e+06		511.263			00:00:13:849		6.73771e+06		115.301		61.1636		997639		0.656191		300.278		
00:00:13:750		1.39921e+07		-1.7353		2.82318		547.895		6.86786e+06		511.739			00:00:13:750		6.74045e+06		114.896		61.1636		997639		0.656191		300.347		
00:00:13:650		1.40043e+07		-1.72162		2.82663		547.393		6.87074e+06		512.168			00:00:13:650		6.74316e+06		114.896		60.6098		956845		0.644872		300.414		
00:00:13:500		1.40231e+07		-1.70096		2.83179		546.649		6.87494e+06		512.648			00:00:13:500		6.74716e+06		114.49		60.6098		956845		0.644872		300.513		
00:00:13:400		1.40361e+07		-1.68708		2.8349		546.155		6.87764e+06		512.874			00:00:13:400		6.7498e+06		114.49		60.0537		915442		0.63353		300.579		
00:00:13:349		1.40427e+07		-1.68011		2.83638		545.908		6.87897e+06		512.965			00:00:13:349		6.7511e+06		114.49		60.0537		915442		0.63353		300.611		
00:00:13:250		1.40561e+07		-1.66613		2.83928		545.422		6.88159e+06		513.125			00:00:13:250		6.75368e+06		114.083		60.0537		915442		0.63353		300.676		
00:00:13:150		1.40699e+07		-1.65212		2.84201		544.938		6.88414e+06		513.271			00:00:13:150		6.75621e+06		114.083		59.4954		873388		0.622168		300.738		
00:00:12:949		1.40973e+07		-1.62387		2.8502		543.983		6.8891e+06		513.567			00:00:12:949		6.76111e+06		113.673		58.9357		830555		0.610784		300.859		
00:00:12:949		1.40973e+07		-1.62387		2.8502		543.983		6.8891e+06		513.567			00:00:12:949		6.76111e+06		113.673		58.9357		830555		0.610784		300.859		
00:00:12:849		1.41108e+07		-1.6096		2.85422		543.511		6.89151e+06		513.732			00:00:12:849		6.76348e+06		113.673		58.9357		830555		0.610784		300.922		
00:00:12:699		1.41307e+07		-1.58792		2.86042		542.809		6.89504e+06		513.992			00:00:12:699		6.76695e+06		113.263		58.375		786863		0.599376		301.021		
00:00:12:599		1.41434e+07		-1.57324		2.86438		542.352		6.89734e+06		514.194			00:00:12:599		6.76921e+06		113.263		58.375		786863		0.599376		301.089		
00:00:12:500		1.41552e+07		-1.55837		2.8681		541.902		6.89962e+06		514.387			00:00:12:500		6.77142e+06		112.85		58.375		786863		0.599376		301.159		
00:00:12:400		1.41664e+07		-1.54337		2.87177		541.465		6.90186e+06		514.604			00:00:12:400		6.7736e+06		112.85		57.814		742322		0.587943		301.23		
00:00:12:300		1.41771e+07		-1.52836		2.87552		541.034		6.90406e+06		514.844			00:00:12:300		6.77574e+06		112.85		57.814		742322		0.587943		301.302		
00:00:12:199		1.41878e+07		-1.51333		2.87916		540.615		6.90624e+06		515.1			00:00:12:199		6.77784e+06		112.434		57.2531		696943		0.576483		301.376		
00:00:12:000		1.4209e+07		-1.48323		2.88618		539.805		6.91053e+06		515.669			00:00:12:000		6.78193e+06		112.015		57.2531		696943		0.576483		301.524		
00:00:11:900		1.42196e+07		-1.46817		2.88942		539.418		6.91264e+06		515.98			00:00:11:900		6.78393e+06		112.015		56.6925		650842		0.564996		301.599		
00:00:11:900		1.42196e+07		-1.46817		2.88942		539.418		6.91264e+06		515.98			00:00:11:900		6.78393e+06		112.015		56.6925		650842		0.564996		301.599		
00:00:11:800		1.42302e+07		-1.45311		2.89281		539.032		6.91474e+06		516.334			00:00:11:800		6.7859e+06		112.015		56.6925		650842		0.564996		301.675		
00:00:11:699		1.42406e+07		-1.43807		2.89617		538.661		6.91681e+06		516.724			00:00:11:699		6.78783e+06		111.592		56.1323		604573		0.553482		301.751		
00:00:11:599		1.42514e+07		-1.42305		2.89937		538.29		6.91888e+06		517.141			00:00:11:599		6.78974e+06		111.592		56.1323		604573		0.553482		301.828		
00:00:11:500		1.42621e+07		-1.40803		2.9027		537.92		6.92094e+06		517.612			00:00:11:500		6.79162e+06		111.164		56.1323		604573		0.553482		301.904		
00:00:11:400		1.42729e+07		-1.39299		2.906		537.552		6.923e+06		518.13			00:00:11:400		6.79347e+06		111.164		55.5731		560400		0.541941		301.981		
00:00:11:300		1.42835e+07		-1.37794		2.90907		537.192		6.92506e+06		518.722			00:00:11:300		6.79529e+06		111.164		55.5731		560400		0.541941		302.059		
00:00:11:199		1.42942e+07		-1.36288		2.91253		536.842		6.92713e+06		519.394			00:00:11:199		6.79708e+06		110.727		55.0151		526642		0.530373		302.136		
00:00:11:000		1.43153e+07		-1.33271		2.91805		536.152		6.9313e+06		520.986			00:00:11:000		6.80055e+06		110.272		55.0151		526642		0.530373		302.29		
00:00:10:900		1.43257e+07		-1.3176		2.92031		535.818		6.93336e+06		521.845			00:00:10:900		6.80222e+06		110.272		54.458		501178		0.518777		302.366		
00:00:10:900		1.43257e+07		-1.3176		2.92031		535.818		6.93336e+06		521.845			00:00:10:900		6.80222e+06		110.272		54.458		501178		0.518777		302.366		
00:00:10:800		1.43361e+07		-1.30246		2.92247		535.503		6.93538e+06		522.699			00:00:10:800		6.80383e+06		110.272		54.458		501178		0.518777		302.44		
00:00:10:699		1.43465e+07		-1.2873		2.92517		535.204		6.93732e+06		523.485			00:00:10:699		6.80538e+06		109.767		53.8996		475393		0.507154		302.513		
00:00:10:599		1.43567e+07		-1.27211		2.92872		534.908		6.93913e+06		524.063			00:00:10:599		6.80687e+06		109.767		53.8996		475393		0.507154		302.583		
00:00:10:500		1.4367e+07		-1.25688		2.93292		534.613		6.94077e+06		524.495			00:00:10:500		6.8083e+06		109.586		53.3377		449821		0.495504		302.652		
00:00:10:349		1.43822e+07		-1.23398		2.93894		534.187		6.9434e+06		525.904			00:00:10:349		6.81038e+06		109.586		53.3377		449821		0.495504		302.757		
00:00:10:250		1.43923e+07		-1.21867		2.9427		533.913		6.94518e+06		526.837			00:00:10:250		6.8117e+06		109.4		53.3377		449821		0.495504		302.829		
00:00:10:150		1.44022e+07		-1.20333		2.94646		533.65		6.94689e+06		527.671			00:00:10:150		6.813e+06		109.4		52.7708		424447		0.483826		302.902		
00:00:10:050		1.44121e+07		-1.18795		2.95005		533.394		6.94854e+06		528.335			00:00:10:050		6.8143e+06		109.4		52.7708		424447		0.483826		302.977		
00:00:09:949		1.44218e+07		-1.17253		2.95354		533.149		6.95013e+06		528.916			00:00:09:949		6.81561e+06		109.209		52.1991		399353		0.472118		303.053		
00:00:09:849		1.44313e+07		-1.15707		2.95685		532.913		6.95166e+06		529.461			00:00:09:849		6.81689e+06		109.209		52.1991		399353		0.472118		303.129		
00:00:09:750		1.44406e+07		-1.14155		2.9601		532.684		6.95315e+06		529.978			00:00:09:750		6.81814e+06		109.012		52.1991		399353		0.472118		303.206		
00:00:09:650		1.44495e+07		-1.12601		2.96343		532.463		6.9546e+06		530.466			00:00:09:650		6.81935e+06		109.012		51.6231		374616		0.46038		303.283		
00:00:09:550		1.44581e+07		-1.11048		2.96667		532.248		6.956e+06		530.929			00:00:09:550		6.82053e+06		109.012		51.6231		374616		0.46038		303.361		
00:00:09:550		1.44581e+07		-1.11048		2.96667		532.248		6.956e+06		530.929			00:00:09:550		6.82053e+06		109.012		51.6231		374616		0.46038		303.361		
00:00:09:449		1.44668e+07		-1.09502		2.96983		532.039		6.95735e+06		531.372			00:00:09:449		6.82167e+06		108.81		51.0441		350150		0.448611		303.439		
00:00:09:349		1.44758e+07		-1.07964		2.97287		531.836		6.95867e+06		531.798			00:00:09:349		6.82279e+06		108.81		51.0441		350150		0.448611		303.518		
00:00:09:250		1.44851e+07		-1.06434		2.97599		531.638		6.95995e+06		532.197			00:00:09:250		6.82388e+06		108.602		51.0441		350150		0.448611		303.597		
00:00:09:150		1.44949e+07		-1.04909		2.97913		531.443		6.96118e+06		532.568			00:00:09:150		6.82493e+06		108.602		50.463		325918		0.43681		303.677		
00:00:08:949		1.45139e+07		-1.01833		2.98554		531.083		6.96353e+06		533.28			00:00:08:949		6.82694e+06		108.388		49.8811		302062		0.424978		303.838		
00:00:08:949		1.45139e+07		-1.01833		2.98554		531.083		6.96353e+06		533.28			00:00:08:949		6.82694e+06		108.388		49.8811		302062		0.424978		303.838		
00:00:08:849		1.4523e+07		-1.00292		2.98844		530.907		6.96465e+06		533.619			00:00:08:849		6.82791e+06		108.388		49.8811		302062		0.424978		303.918		
00:00:08:750		1.45315e+07		-0.987372		2.99121		530.738		6.96573e+06		533.943			00:00:08:750		6.82883e+06		108.169		49.8811		302062		0.424978		303.999		
00:00:08:650		1.45393e+07		-0.971788		2.99388		530.57		6.96677e+06		534.248			00:00:08:650		6.82973e+06		108.169		49.2991		278680		0.413113		304.079		
00:00:08:550		1.45465e+07		-0.956283		2.99686		530.407		6.96777e+06		534.525			00:00:08:550		6.83059e+06		108.169		49.2991		278680		0.413113		304.159		
00:00:08:449		1.45539e+07		-0.940929		2.99988		530.243		6.96874e+06		534.806			00:00:08:449		6.83143e+06		107.943		48.7179		255716		0.401216		304.24		
00:00:08:250		1.457e+07		-0.910743		3.00596		529.917		6.97058e+06		535.314			00:00:08:250		6.83304e+06		107.712		48.7179		255716		0.401216		304.402		
00:00:08:250		1.457e+07		-0.910743		3.00596		529.917		6.97058e+06		535.314			00:00:08:250		6.83304e+06		107.712		48.7179		255716		0.401216		304.402		
00:00:08:150		1.45788e+07		-0.895934		3.00863		529.765		6.97148e+06		535.578			00:00:08:150		6.83382e+06		107.712		48.1391		233208		0.389287		304.483		
00:00:07:950		1.45984e+07		-0.866665		3.01444		529.536		6.97335e+06		536.437			00:00:07:950		6.83535e+06		107.475		47.5637		211239		0.377325		304.645		
00:00:07:849		1.46083e+07		-0.85208		3.01723		529.483		6.97442e+06		537.183			00:00:07:849		6.83610e+06		107.475		47.5637		211239		0.377325		304.726		
00:00:07:750		1.46083e+07		-0.85208		3.01723		529.483		6.97442e+06		537.183			00:00:07:750		6.83610e+06		107.475		47.5637		211239		0.377325		304.726		
00:00:07:750		1.46182e+07		-0.837514		3.01999		529.496		6.97555e+06		537.994			00:00:07:750		6.83682e+06		107.231		47.5637		211239		0.377325		304.808		
00:00:07:650		1.46281e+07		-0.822961		3.02232		529.58		6.97661e+06		538.822			00:00:07:650		6.83747e+06		107.231		46.9927		189935		0.365331		304.887		
00:00:07:549		1.46379e+07		-0.808428		3.02484		529.702		6.9776e+06		539.703			00:00:07:549		6.838e+06		107.231		46.9927		189935		0.365331		304.967		
00:00:07:450		1.46477e+07		-0.793916		3.02916		529.877		6.9785e+06		540.71			00:00:07:450		6.83839e+06		106.982		46.4282		169560		0.353304		305.046		
00:00:07:349		1.46575e+07		-0.779421		3.03191		529.989		6.97929e+06		541.843			00:00:07:349		6.8386e+06		106.982		46.4282		169560		0.353304		305.126		
00:00:07:250		1.46672e+07		-0.76495		3.03509		529.997		6.97996e+06		542.909			00:00:07:250		6.83868e+06		106.727		46.4282		169560		0.353304		305.206		
00:00:07:099		1.46818e+07		-0.743286		3.03888		529.783		6.98066e+06		542.827			00:00:07:099		6.83918e+06		106.727		45.8728		150263		0.341243		305.328		
00:00:06:900		1.47011e+07		-0.714489		3.04518		529.383		6.98079e+06		526.703			00:00:06:900		6.84533e+06		106.467		45.3275		132056		0.329147		305.49		
00:00:06:900		1.47011e+07		-0.714489		3.04518		529.383		6.98079e+06		526.703			00:00:06:900		6.84533e+06		106.467		45.3275		132056		0.329147		305.49		
00:00:06:799		1.47107e+07		-0.700132		3.04586		529.195		6.98061e+06		517.043			00:00:06:799		6.85064e+06		106.467		45.3275		132056		0.329147		305.572		
00:00:06:700		1.47203e+07		-0.685806		3.06379		529.026		6.98043e+06		520.135			00:00:06:700		6.85099e+06		106.203		44.7941		115100		0.317017		305.653		
00:00:06:599		1.47299e+07		-0.671521		3.05189		528.88		6.98029e+06		523.095			00:00:06:599		6.84935e+06		106.203		44.7941		115100		0.317017		305.735		
00:00:06:500		1.47394e+07		-0.657268		3.05456		528.756		6.98018e+06		525.974			00:00:06:500		6.84777e+06		105.934		44.7941		115100		0.317017		305.816		
00:00:06:400		1.47489e+07		-0.643051		3.05778		528.666		6.98009e+06		528.786			00:00:06:400		6.84625e+06		105.934		44.2761		99643.4		0.304852		305.898		
00:00:06:299		1.47583e+07		-0.628871		3.06049		528.605		6.98003e+06		531.548			00:00:06:299		6.84477e+06		105.934		44.2761		99643.4		0.304852		305.979		
00:00:06:200		1.47678e+07		-0.614729		3.06206		528.561		6.97999e+06		534.268			00:00:06:200		6.84333e+06		105.663		43.7768		86024.2		0.292653		306.06		
00:00:06:099		1.47772e+07		-0.600624		3.06351		528.524		6.97995e+06		536.882			00:00:06:099		6.84192e+06		105.663		43.7768		86024.2		0.292653		306.141		
00:00:05:900		1.47959e+07		-0.572556		3.07024		528.469		6.97984e+06		540.535			00:00:05:900		6.83968e+06		105.389		43.3012		73983.8		0.28042		306.301		
00:00:05:900		1.47959e+07		-0.572556		3.07024		528.469		6.97984e+06		540.535			00:00:05:900		6.83968e+06		105.389		43.3012		73983.8		0.28042		306.301		
00:00:05:799		1.48052e+07		-0.558589		3.07353		528.448		6.97973e+06		540.585			00:00:05:799		6.83938e+06		105.389		43.3012		73983.8		0.28042		306.381		
00:00:05:700		1.48145e+07		-0.544668		3.07462		528.435		6.97958e+06		540.604			00:00:05:700		6.8392e+06		105.113		42.8574		63083		0.268154		306.462		
00:00:05:599		1.48238e+07		-0.53079		3.07454		528.422		6.9794e+06		540.613			00:00:05:599		6.83899e+06		105.113		42.8574		63083		0.268154		306.54		
00:00:05:500		1.4833e+07		-0.516965		3.07693		528.417		6.97917e+06		540.611			00:00:05:500		6.83875e+06		104.863		42.8574		63083		0.268154		306.619		
00:00:05:400		1.48422e+07		-0.503196		3.08308		528.413		6.97891e+06		540.596			00:00:05:400		6.83847e+06		104.863		42.4448		53355.2		0.255854		306.698		
00:00:05:299		1.48514e+07		-0.489484		3.08852		528.413		6.97861e+06		540.563			00:00:05:299		6.83817e+06		104.863		42.4448		53355.2		0.255854		306.778		
00:00:05:200		1.48606e+07		-0.47583		3.08897		528.417		6.97828e+06		540.52			00:00:05:200		6.83784e+06		104.607		42.055		44793.8		0.243521		306.858		
00:00:05:000		1.48789e+07		-0.448696		3.0864		528.439		6.97751e+06		540.368			00:00:05:000		6.83711e+06		104.345		42.055		44793.8		0.243521		307.016		
00:00:04:849		1.48926e+07		-0.428507		3.10094		528.469		6.97685e+06		540.221			00:00:04:849		6.8365e+06		104.345		41.6914		37372		0.231153		307.134		
00:00:04:849		1.48926e+07		-0.428507		3.10094		528.469		6.97685e+06		540.221			00:00:04:849		6.8365e+06		104.345		41.6914		37372		0.231153		307.134		
00:00:04:750		1.49018e+07		-0.415125		3.10672		528.498		6.97638e+06		540.097			00:00:04:750		6.83607e+06		104.078		41.6914		37372		0.231153		307.214		
00:00:04:650		1.49109e+07		-0.4018		3.10056		528.528		6.97588e+06		539.962			00:00:04:650		6.83561e+06		104.078		41.3584		31134.5		0.218751		307.293		
00:00:04:599		1.49155e+07		-0.395163		3.09552		528.544		6.97562e+06		539.88			00:00:04:599		6.83538e+06		104.078		41.3584		31134.5		0.218751		307.333		
00:00:04:500		1.49246e+07		-0.381937		3.09137		528.579		6.97508e+06		539.72			00:00:04:500		6.83491e+06		103.808		41.3584		31134.5		0.218751		307.412		
00:00:04:400		1.49337e+07		-0.368778		3.10493		528.618		6.97452e+06		539.539			00:00:04:400		6.83442e+06		103.808		41.0593		25833.6		0.206315		307.491		
00:00:04:299		1.49428e+07		-0.355686		3.12389		528.659		6.97394e+06		539.344			00:00:04:299		6.83392e+06		103.808		41.0593		25833.6		0.206315		307.57		
00:00:04:150		1.49565e+07		-0.336203		3.11658		528.727		6.97304e+06		539.005			00:00:04:150		6.83316e+06		103.531		40.7932		21101.2		0.193844		307.687		
00:00:04:049		1.49657e+07		-0.323303		3.0931		528.78		6.97242e+06		538.757			00:00:04:049		6.83264e+06		103.531		40.7932		21101.2		0.193844		307.765		
00:00:03:950		1.49749e+07		-0.310467		3.09099		528.836		6.97179e+06		538.498			00:00:03:950		6.83213e+06		103.283		40.5478		16807.3		0.18134		307.842		
00:00:03:850		1.49843e+07		-0.297672		3.12896		528.895		6.97115e+06		538.203			00:00:03:850		6.83163e+06		103.283		40.5478		16807.3		0.18134		307.918		
00:00:03:750		1.49937e+07		-0.284935		3.16198		528.954		6.97051e+06		537.901			00:00:03:750		6.83112e+06		103.028		40.5478		16807.3		0.18134		307.994		
00:00:03:649		1.50032e+07		-0.272259		3.14223		529.024		6.96987e+06		537.581			00:00:03:649		6.83063e+06		103.028		40.3007		12880.1		0.168802		308.07		
00:00:03:549		1.50129e+07		-0.259648		3.08706		529.094		6.96923e+06		537.223			00:00:03:549		6.83015e+06		103.028		40.3007		12880.1		0.168802		308.145		
00:00:03:549		1.50129e+07		-0.259648		3.08706		529.094		6.96923e+06		537.223			00:00:03:549		6.83015e+06		103.028		40.3007		12880.1		0.168802		308.145		
00:00:03:350		1.5033e+07		-0.234534		3.13862		529.243		6.96797e+06		536.456			00:00:03:350		6.82925e+06		102.767		40.0483		9502.31		0.156231		308.295		
00:00:03:250		1.50434e+07		-0.221999		3.21625		529.321		6.96736e+06		536.047			00:00:03:250		6.82884e+06		102.499		40.0483		9502.31		0.156231		308.369		
00:00:03:200		1.50487e+07		-0.215718		3.22983		529.361		6.96706e+06		535.831			00:00:03:200		6.82865e+06		102.499		39.7689		6678.68		0.143627		308.406		
00:00:03:049		1.50649e+07		-0.196656		3.07251		529.483		6.9662e+06		535.157			00:00:03:049		6.82811e+06		102.499		39.7689		6678.68		0.143627		308.516		
00:00:02:950		1.50744e+07		-0.183606		2.98853		529.562		6.96566e+06		534.693			00:00:02:950		6.82781e+06		102.218		39.4622		4306.99		0.130989		308.589		
00:00:02:850		1.50823e+07		-0.17046		3.12993		529.641		6.96516e+06		534.222			00:00:02:850		6.82754e+06		102.218		39.4622		4306.99		0.130989		308.662		
00:00:02:750		1.509e+07		-0.157319		3.31999		529.719		6.9647e+06		533.741			00:00:02:750		6.82732e+06		101.976		39.4622		4306.99		0.130989		308.737		
00:00:02:649		1.50977e+07		-0.144183		3.5068		529.8		6.96428e+06		533.265			00:00:02:649		6.82716e+06		101.976		39.1147		2476.54		0.118318		308.812		
00:00:02:649		1.50977e+07		-0.144183		3.5068		529.8		6.96428e+06		533.265			00:00:02:649		6.82716e+06		101.976		39.1147		2476.54		0.118318		308.812		
00:00:02:549		1.51053e+07		-0.131047		3.63956		529.87		6.96392e+06		532.784			00:00:02:549		6.82704e+06		101.976		39.1147		2476.54		0.118318		308.887		
00:00:02:450		1.51129e+07		-0.117909		3.7143		529.936		6.96361e+06		532.291			00:00:02:450		6.82698e+06		101.725		38.723		1204.9		0.10561		308.96		
00:00:02:350		1.51206e+07		-0.104774		3.77903		529.998		6.96336e+06		531.859			00:00:02:350		6.82697e+06		101.725		38.723		1204.9		0.10561		309.03		
00:00:02:250		1.51283e+07		-0.0916486		3.87923		530.054		6.96317e+06		531.424			00:00:02:250		6.82701e+06		101.468		38.723		1204.9		0.10561		309.095		
00:00:02:049		1.51444e+07		-0.065433		3.77707		530.14		6.96298e+06		530.622			00:00:02:049		6.82726e+06		101.468		38.3249		452.759		0.0928597		309.202		
00:00:01:949		1.51529e+07		-0.0523057		3.57863		530.173		6.96297e+06		530.264			00:00:01:949		6.82745e+06		101.209		37.9459		114.576		0.0800591		309.243		
00:00:01:949		1.51529e+07		-0.0523057		3.57863		530.173		6.96297e+06		530.264			00:00:01:949		6.82745e+06		101.209		37.9459		114.576		0.0800591		309.243		
00:00:01:750		1.51716e+07		-0.0260153		3.21018		530.212		6.9631e+06		529.598			00:00:01:750		6.82795e+06		100.951		37.9459		114.576		0.0800591		309.284		
00:00:01:750		1.51716e+07		-0.0260153		3.21018		530.212		6.9631e+06		529.598			00:00:01:750		6.82795e+06		100.951		37.9459		114.576		0.0800591		309.284		
00:00:01:649		1.51819e+07		-0.0128083		3.17537		530.223		6.96324e+06		529.3			00:00:01:649		6.82825e+06		100.951		37.6103		15.1617		0.0671979		309.28		
00:00:01:550		1.5193e+07		0.000482082		3.15469		530.225		6.96341e+06		529.029			00:00:01:550		6.82857e+06		100.951		37.6103		15.1617		0.0671979		309.257		
00:00:01:449		1.52052e+07		0.0138879		3.12743		530.227		6.96361e+06		528.792			00:00:01:449		6.82891e+06		100.699		37.3251		0		0.0542677		309.213		
00:00:01:350		1.52184e+07		0.0274186		3.14441		530.223		6.96383e+06		528.583			00:00:01:350		6.82925e+06		100.699		37.3251		0		0.0542677		309.151		
00:00:01:250		1.52327e+07		0.0409827		3.25977		530.223		6.96406e+06		528.391			00:00:01:250		6.82958e+06		100.491		37.3251		0		0.0542677		309.086		
00:00:01:149		1.52477e+07		0.0543985		3.37837		530.221		6.96426e+06		528.209			00:00:01:149		6.82987e+06		100.491		37.0009		0		0.0411272		309.04		
00:00:00:949		1.52791e+07		0.0804353		3.24273		530.219		6.96457e+06		527.787			00:00:00:949		6.83038e+06		100.251		36.6768		0		0.0277074		309.057		
00:00:00:849		1.52953e+07		0.0930638		3.15062		530.216		6.96467e+06		527.573			00:00:00:849		6.83058e+06		100.251		36.6768		0		0.0277074		309.091		
00:00:00:849		1.52953e+07		0.0930638		3.15062		530.216		6.96467e+06		527.573			00:00:00:849		6.83058e+06		100.251		36.6768		0		0.0277074		309.091		
00:00:00:650		1.53296e+07		0.118358		3.28585		530.21		6.96476e+06		527.141			00:00:00:650		6.83089e+06		99.9755		36.4473		0		0.0139903		309.201		
00:00:00:550		1.53502e+07		0.131716		3.33381		530.212		6.96477e+06		526.962			00:00:00:550		6.831e+06		99.9755		36.4473		0		0.0139903		309.275		
00:00:00:550		1.53502e+07		0.131716		3.33381		530.212		6.96477e+06		526.962			00:00:00:550		6.831e+06		99.9755		36.4473		0		0.0139903		309.275		
00:00:00:450		1.53761e+07		0.145288		3.37032		530.214		6.96479e+06		526.855			00:00:00:450		6.83108e+06		99.7567		36.3834		0		0		309.349		
00:00:00:349		1.54071e+07		0.157168		3.45107		530.216		6.96481e+06		526.825			00:00:00:349		6.83113e+06		99.7567		36.3834		0		0		309.413		
00:00:00:250		1.54403e+07		0.167214		3.49686		530.217		6.96483e+06		526.814			00:00:00:250		6.83115e+06		100.069		36.3834		0		0		309.494		
00:00:00:149		1.547e+07		0.172443		3.28381		530.221		6.96484e+06		526.826			00:00:00:149		6.83116e+06		100.069		36.3837		0		0		309.642		
00:00:00:000		1.54785e+07		0.17284		2.83571		530.225		6.96483e+06		526.826			00:00:00:000		6.83115e+06		100.069		36.3837		0		0		309.846		
00:00:00:000		1.54785e+07		0.17284		2.83571		530.225		6.96483e+06		526.826			00:00:00:000		6.83115e+06		100.069		36.3837		0		0		309.846		
00:00:00:000		1.54785e+07		0.17284		2.83571		530.225		6.96483e+06		526.826			00:00:00:000		6.83115e+06		100.069		36.3837		0		0		309.846		
00:00:00:000		1.54785e+07		0.17284		2.83571		530.225		6.96483e+06		526.826			00:00:00:000		6.83115e+06		100.069		36.3837		0		0		309.846		
00:00:00:000		1.54785e+07		0.17284		2.83571		530.225		6.96483e+06		526.826			00:00:00:000		6.83115e+06		100.069		36.3837		0		0		309.846		
00:00:00:000		1.54785e+07		0.17284		2.83571		530.225		6.96483e+06		526.826			00:00:00:000		6.83115e+06		100.069		36.3837		0		0		309.846		
