	time 		gpv001pnt10113ppntm	evf507ety101mpzoyout	chtcon(1)	chavg(1)	chlhsumpa	rcptavgn			time 		rcpppzr	rcp054rcp007mnzoyout	rcv501std0102fvol	fwfrcp001gv	rcppmssga	msfsg(1)	
00:01:02:250		7.02929e+06		157.236		103.78		4.15832e+06		1.83272		289.346			00:01:02:250		7.63008e+06		-5.8537		0		0		7.02961e+06		-15.7037		
00:01:02:149		7.02901e+06		157.236		103.732		4.15235e+06		1.82866		289.345			00:01:02:149		7.63978e+06		-5.85364		0		0		7.02861e+06		-34.658		
00:01:02:049		7.02902e+06		157.236		103.732		4.15235e+06		1.82866		289.344			00:01:02:049		7.64959e+06		-5.85357		0		0		7.02789e+06		-38.1594		
00:01:01:950		7.02857e+06		157.097		103.683		4.1464e+06		1.8246		289.343			00:01:01:950		7.65952e+06		-5.85349		0		0		7.02765e+06		-24.4915		
00:01:01:850		7.02821e+06		157.097		103.683		4.1464e+06		1.8246		289.342			00:01:01:850		7.6696e+06		-5.85341		0		0		7.0279e+06		0.415907		
00:01:01:750		7.02824e+06		156.959		103.683		4.1464e+06		1.8246		289.341			00:01:01:750		7.67983e+06		-5.85333		0		0		7.02838e+06		24.7476		
00:01:01:649		7.0278e+06		156.959		103.634		4.14054e+06		1.82053		289.34			00:01:01:649		7.69021e+06		-5.85324		0		0		7.02877e+06		37.7638		
00:01:01:549		7.02747e+06		156.959		103.634		4.14054e+06		1.82053		289.339			00:01:01:549		7.70076e+06		-5.85315		0		0		7.02878e+06		32.3447		
00:01:01:450		7.02748e+06		156.821		103.585		4.13463e+06		1.81647		289.338			00:01:01:450		7.71147e+06		-5.85304		0		0		7.02829e+06		16.9474		
00:01:01:350		7.02703e+06		156.821		103.585		4.13463e+06		1.81647		289.337			00:01:01:350		7.72233e+06		-5.85293		0		0		7.02737e+06		-14.3401		
00:01:01:250		7.02673e+06		156.682		103.585		4.13463e+06		1.81647		289.336			00:01:01:250		7.73334e+06		-5.8528		0		0		7.02636e+06		-34.4914		
00:01:01:149		7.02672e+06		156.682		103.536		4.12867e+06		1.8124		289.334			00:01:01:149		7.7445e+06		-5.85267		0		0		7.0256e+06		-38.7462		
00:01:01:049		7.02627e+06		156.682		103.536		4.12867e+06		1.8124		289.333			00:01:01:049		7.75579e+06		-5.85253		0		0		7.02532e+06		-25.9726		
00:01:00:950		7.02587e+06		156.544		103.486		4.12276e+06		1.80833		289.332			00:01:00:950		7.76725e+06		-5.8524		0		0		7.02553e+06		-2.4757		
00:01:00:850		7.02591e+06		156.544		103.486		4.12276e+06		1.80833		289.331			00:01:00:850		7.77883e+06		-5.85227		0		0		7.02602e+06		24.4277		
00:01:00:750		7.02546e+06		156.406		103.486		4.12276e+06		1.80833		289.329			00:01:00:750		7.79058e+06		-5.85215		0		0		7.02642e+06		38.1027		
00:01:00:649		7.02513e+06		156.406		103.437		4.11688e+06		1.80427		289.328			00:01:00:649		7.80249e+06		-5.85203		0		0		7.02645e+06		33.086		
00:01:00:549		7.02516e+06		156.406		103.437		4.11688e+06		1.80427		289.326			00:01:00:549		7.81456e+06		-5.85193		0		0		7.02597e+06		17.6383		
00:01:00:450		7.02468e+06		156.268		103.387		4.11098e+06		1.8002		289.325			00:01:00:450		7.82677e+06		-5.85184		0		0		7.02504e+06		-13.626		
00:01:00:350		7.02436e+06		156.268		103.387		4.11098e+06		1.8002		289.324			00:01:00:350		7.83913e+06		-5.85177		0		0		7.02402e+06		-34.5308		
00:01:00:250		7.02434e+06		156.131		103.387		4.11098e+06		1.8002		289.323			00:01:00:250		7.85162e+06		-5.85171		0		0		7.02326e+06		-38.4254		
00:01:00:149		7.02389e+06		156.131		103.337		4.105e+06		1.79613		289.323			00:01:00:149		7.86425e+06		-5.85168		0		0		7.02298e+06		-25.297		
00:01:00:049		7.0235e+06		156.131		103.337		4.105e+06		1.79613		289.322			00:01:00:049		7.87702e+06		-5.85166		0		0		7.02318e+06		0		
00:01:00:000		7.02353e+06		155.993		103.337		4.105e+06		1.79613		289.321			00:01:00:000		7.88347e+06		-5.85165		0		0		7.0234e+06		14.5407		
00:00:59:899		7.02333e+06		155.993		103.287		4.09902e+06		1.79205		289.32			00:00:59:899		7.89646e+06		-5.85165		0		0		7.02384e+06		31.8849		
00:00:59:799		7.02281e+06		155.993		103.287		4.09902e+06		1.79205		289.319			00:00:59:799		7.90959e+06		-5.85166		0		0		7.02404e+06		36.6982		
00:00:59:700		7.02283e+06		155.857		103.236		4.09308e+06		1.78798		289.317			00:00:59:700		7.92286e+06		-5.85168		0		0		7.0238e+06		24.5427		
00:00:59:600		7.02256e+06		155.857		103.236		4.09308e+06		1.78798		289.316			00:00:59:600		7.93626e+06		-5.8517		0		0		7.0231e+06		11.8142		
00:00:59:600		7.02256e+06		155.857		103.236		4.09308e+06		1.78798		289.316			00:00:59:600		7.93626e+06		-5.8517		0		0		7.0231e+06		11.8142		
00:00:59:399		7.02208e+06		155.719		103.186		4.08719e+06		1.78391		289.313			00:00:59:399		7.96346e+06		-5.85175		0		0		7.02121e+06		-38.3403		
00:00:59:399		7.02208e+06		155.719		103.186		4.08719e+06		1.78391		289.313			00:00:59:399		7.96346e+06		-5.85175		0		0		7.02121e+06		-38.3403		
00:00:59:299		7.02148e+06		155.583		103.186		4.08719e+06		1.78391		289.311			00:00:59:299		7.9842e+06		-5.85176		0		0		7.02072e+06		-19.8959		
00:00:59:149		7.02124e+06		155.583		103.135		4.08125e+06		1.77983		289.31			00:00:59:149		7.99819e+06		-5.85174		0		0		7.02098e+06		7.63738		
00:00:59:049		7.02118e+06		155.583		103.135		4.08125e+06		1.77983		289.309			00:00:59:049		8.01231e+06		-5.85169		0		0		7.02146e+06		28.2551		
00:00:58:950		7.02066e+06		155.445		103.084		4.07532e+06		1.77576		289.308			00:00:58:950		8.02659e+06		-5.85161		0		0		7.02179e+06		39.8986		
00:00:58:850		7.02041e+06		155.445		103.084		4.07532e+06		1.77576		289.306			00:00:58:850		8.04101e+06		-5.85148		0		0		7.0217e+06		30.6906		
00:00:58:649		7.01981e+06		155.309		103.032		4.06935e+06		1.77168		289.304			00:00:58:649		8.07024e+06		-5.8511		0		0		7.02009e+06		-20.9215		
00:00:58:649		7.01981e+06		155.309		103.032		4.06935e+06		1.77168		289.304			00:00:58:649		8.07024e+06		-5.8511		0		0		7.02009e+06		-20.9215		
00:00:58:450		7.01952e+06		155.172		102.981		4.0634e+06		1.7676		289.301			00:00:58:450		8.09997e+06		-5.85048		0		0		7.01837e+06		-38.6919		
00:00:58:350		7.01901e+06		155.172		102.981		4.0634e+06		1.7676		289.3			00:00:58:350		8.11502e+06		-5.85007		0		0		7.01819e+06		-21.3457		
00:00:58:350		7.01901e+06		155.172		102.981		4.0634e+06		1.7676		289.3			00:00:58:350		8.11502e+06		-5.85007		0		0		7.01819e+06		-21.3457		
00:00:58:250		7.01874e+06		155.036		102.981		4.0634e+06		1.7676		289.298			00:00:58:250		8.1302e+06		-5.84957		0		0		7.01849e+06		7.92627		
00:00:58:149		7.01867e+06		155.036		102.929		4.05747e+06		1.76352		289.297			00:00:58:149		8.14551e+06		-5.849		0		0		7.01897e+06		28.6049		
00:00:58:049		7.01814e+06		155.036		102.929		4.05747e+06		1.76352		289.296			00:00:58:049		8.16094e+06		-5.84834		0		0		7.01929e+06		40.2783		
00:00:57:950		7.01792e+06		154.899		102.877		4.0516e+06		1.75944		289.294			00:00:57:950		8.17649e+06		-5.84759		0		0		7.01918e+06		30.4125		
00:00:57:850		7.01784e+06		154.899		102.877		4.0516e+06		1.75944		289.293			00:00:57:850		8.19218e+06		-5.84675		0		0		7.01857e+06		13.0322		
00:00:57:750		7.01731e+06		154.763		102.877		4.0516e+06		1.75944		289.291			00:00:57:750		8.20798e+06		-5.84581		0		0		7.01757e+06		-21.6266		
00:00:57:649		7.01713e+06		154.763		102.825		4.04568e+06		1.75536		289.289			00:00:57:649		8.22391e+06		-5.8448		0		0		7.01656e+06		-38.1145		
00:00:57:450		7.01648e+06		154.626		102.772		4.03963e+06		1.75128		289.286			00:00:57:450		8.25606e+06		-5.84255		0		0		7.01577e+06		-17.6367		
00:00:57:350		7.0163e+06		154.626		102.772		4.03963e+06		1.75128		289.284			00:00:57:350		8.27232e+06		-5.84134		0		0		7.01611e+06		12.0543		
00:00:57:350		7.0163e+06		154.626		102.772		4.03963e+06		1.75128		289.284			00:00:57:350		8.27232e+06		-5.84134		0		0		7.01611e+06		12.0543		
00:00:57:250		7.01619e+06		154.49		102.772		4.03963e+06		1.75128		289.282			00:00:57:250		8.28871e+06		-5.84011		0		0		7.0166e+06		31.0936		
00:00:57:049		7.01543e+06		154.49		102.719		4.03367e+06		1.74719		289.278			00:00:57:049		8.32188e+06		-5.83766		0		0		7.01671e+06		29.5245		
00:00:57:049		7.01543e+06		154.49		102.719		4.03367e+06		1.74719		289.278			00:00:57:049		8.32188e+06		-5.83766		0		0		7.01671e+06		29.5245		
00:00:56:950		7.0153e+06		154.354		102.666		4.02771e+06		1.74311		289.276			00:00:56:950		8.33865e+06		-5.83651		0		0		7.016e+06		9.70836		
00:00:56:850		7.01473e+06		154.354		102.666		4.02771e+06		1.74311		289.274			00:00:56:850		8.35555e+06		-5.83546		0		0		7.01495e+06		-23.3988		
00:00:56:750		7.0146e+06		154.217		102.666		4.02771e+06		1.74311		289.272			00:00:56:750		8.37259e+06		-5.83452		0		0		7.01393e+06		-39.7747		
00:00:56:649		7.01449e+06		154.217		102.613		4.02169e+06		1.73902		289.269			00:00:56:649		8.3898e+06		-5.83373		0		0		7.01329e+06		-38.7145		
00:00:56:450		7.01376e+06		154.081		102.559		4.01558e+06		1.73494		289.265			00:00:56:450		8.4245e+06		-5.83266		0		0		7.01357e+06		12.8474		
00:00:56:350		7.01363e+06		154.081		102.559		4.01558e+06		1.73494		289.262			00:00:56:350		8.44194e+06		-5.83238		0		0		7.01407e+06		32.5851		
00:00:56:350		7.01363e+06		154.081		102.559		4.01558e+06		1.73494		289.262			00:00:56:350		8.44194e+06		-5.83238		0		0		7.01407e+06		32.5851		
00:00:56:250		7.01305e+06		153.945		102.559		4.01558e+06		1.73494		289.26			00:00:56:250		8.45944e+06		-5.83227		0		0		7.01437e+06		42.1636		
00:00:56:149		7.01289e+06		153.945		102.506		4.00956e+06		1.73086		289.258			00:00:56:149		8.477e+06		-5.83228		0		0		7.0142e+06		30.2895		
00:00:56:049		7.01276e+06		153.945		102.506		4.00956e+06		1.73086		289.255			00:00:56:049		8.49459e+06		-5.83242		0		0		7.01348e+06		10.1653		
00:00:55:899		7.01202e+06		153.809		102.451		4.00354e+06		1.72677		289.251			00:00:55:899		8.52103e+06		-5.83279		0		0		7.01185e+06		-33.5477		
00:00:55:799		7.01208e+06		153.809		102.451		4.00354e+06		1.72677		289.249			00:00:55:799		8.53869e+06		-5.83315		0		0		7.01096e+06		-42.2305		
00:00:55:700		7.01166e+06		153.673		102.397		3.99747e+06		1.72268		289.247			00:00:55:700		8.55636e+06		-5.8337		0		0		7.01057e+06		-31.735		
00:00:55:600		7.01112e+06		153.673		102.397		3.99747e+06		1.72268		289.244			00:00:55:600		8.57403e+06		-5.83445		0		0		7.01072e+06		-6.87446		
00:00:55:500		7.01119e+06		153.536		102.397		3.99747e+06		1.72268		289.242			00:00:55:500		8.5917e+06		-5.83539		0		0		7.01121e+06		23.7616		
00:00:55:399		7.01076e+06		153.536		102.342		3.99138e+06		1.7186		289.239			00:00:55:399		8.60935e+06		-5.83649		0		0		7.01166e+06		40.1023		
00:00:55:299		7.01027e+06		153.536		102.342		3.99138e+06		1.7186		289.236			00:00:55:299		8.62695e+06		-5.83772		0		0		7.01175e+06		38.7881		
00:00:55:200		7.01032e+06		153.4		102.287		3.98535e+06		1.71451		289.234			00:00:55:200		8.6445e+06		-5.83902		0		0		7.01131e+06		22.2911		
00:00:55:100		7.00989e+06		153.4		102.287		3.98535e+06		1.71451		289.231			00:00:55:100		8.662e+06		-5.84036		0		0		7.01037e+06		-8.81713		
00:00:55:000		7.00942e+06		153.264		102.287		3.98535e+06		1.71451		289.229			00:00:55:000		8.67944e+06		-5.84164		0		0		7.00926e+06		-33.8163		
00:00:54:899		7.00949e+06		153.264		102.231		3.97928e+06		1.71043		289.226			00:00:54:899		8.69685e+06		-5.84276		0		0		7.00838e+06		-42.29		
00:00:54:799		7.00904e+06		153.264		102.231		3.97928e+06		1.71043		289.224			00:00:54:799		8.71421e+06		-5.84361		0		0		7.00799e+06		-30.2521		
00:00:54:700		7.00853e+06		153.128		102.175		3.97314e+06		1.70634		289.221			00:00:54:700		8.73158e+06		-5.84411		0		0		7.00814e+06		-6.54122		
00:00:54:600		7.00859e+06		153.128		102.175		3.97314e+06		1.70634		289.219			00:00:54:600		8.74899e+06		-5.84436		0		0		7.00862e+06		23.9227		
00:00:54:500		7.00815e+06		152.991		102.175		3.97314e+06		1.70634		289.217			00:00:54:500		8.76638e+06		-5.84459		0		0		7.00906e+06		40.2118		
00:00:54:450		7.00784e+06		152.991		102.119		3.96699e+06		1.70226		289.215			00:00:54:450		8.77506e+06		-5.84469		0		0		7.00916e+06		42.3024		
00:00:54:350		7.00771e+06		152.991		102.119		3.96699e+06		1.70226		289.213			00:00:54:350		8.79241e+06		-5.84489		0		0		7.00897e+06		29.8059		
00:00:54:250		7.00754e+06		152.855		102.062		3.96083e+06		1.69817		289.211			00:00:54:250		8.80972e+06		-5.84509		0		0		7.00825e+06		9.69448		
00:00:54:100		7.00678e+06		152.855		102.062		3.96083e+06		1.69817		289.207			00:00:54:100		8.83559e+06		-5.84537		0		0		7.00661e+06		-34.0957		
00:00:54:000		7.00683e+06		152.719		102.062		3.96083e+06		1.69817		289.205			00:00:54:000		8.85275e+06		-5.84557		0		0		7.00573e+06		-42.3078		
00:00:53:899		7.00636e+06		152.719		102.005		3.95465e+06		1.69408		289.202			00:00:53:899		8.86984e+06		-5.84579		0		0		7.00534e+06		-29.507		
00:00:53:799		7.00586e+06		152.719		102.005		3.95465e+06		1.69408		289.2			00:00:53:799		8.88688e+06		-5.84603		0		0		7.00551e+06		-4.93599		
00:00:53:700		7.00593e+06		152.582		101.948		3.94846e+06		1.69		289.198			00:00:53:700		8.90386e+06		-5.8463		0		0		7.00599e+06		25.0055		
00:00:53:600		7.00547e+06		152.582		101.948		3.94846e+06		1.69		289.195			00:00:53:600		8.92079e+06		-5.8466		0		0		7.00641e+06		40.8506		
00:00:53:500		7.005e+06		152.446		101.948		3.94846e+06		1.69		289.193			00:00:53:500		8.93765e+06		-5.84695		0		0		7.00645e+06		37.6898		
00:00:53:399		7.00503e+06		152.446		101.89		3.94225e+06		1.68591		289.191			00:00:53:399		8.95446e+06		-5.84734		0		0		7.00596e+06		20.4919		
00:00:53:299		7.00454e+06		152.446		101.89		3.94225e+06		1.68591		289.189			00:00:53:299		8.97119e+06		-5.84777		0		0		7.00497e+06		-12.1048		
00:00:53:200		7.00409e+06		152.31		101.832		3.9361e+06		1.68183		289.186			00:00:53:200		8.98783e+06		-5.84826		0		0		7.00385e+06		-35.5266		
00:00:53:100		7.00414e+06		152.31		101.832		3.9361e+06		1.68183		289.184			00:00:53:100		9.00433e+06		-5.84878		0		0		7.00299e+06		-42.767		
00:00:53:100		7.00414e+06		152.31		101.832		3.9361e+06		1.68183		289.184			00:00:53:100		9.00433e+06		-5.84878		0		0		7.00299e+06		-42.767		
00:00:53:000		7.00365e+06		152.173		101.832		3.9361e+06		1.68183		289.182			00:00:53:000		9.02067e+06		-5.8493		0		0		7.00265e+06		-28.7507		
00:00:52:899		7.00318e+06		152.173		101.773		3.9299e+06		1.67774		289.18			00:00:52:899		9.03689e+06		-5.84982		0		0		7.00284e+06		-2.60049		
00:00:52:750		7.00303e+06		152.036		101.773		3.9299e+06		1.67774		289.176			00:00:52:750		9.06104e+06		-5.85057		0		0		7.00357e+06		35.0234		
00:00:52:649		7.00241e+06		152.036		101.714		3.92365e+06		1.67366		289.175			00:00:52:649		9.07704e+06		-5.85104		0		0		7.0038e+06		43.0535		
00:00:52:549		7.00232e+06		152.036		101.714		3.92365e+06		1.67366		289.173			00:00:52:549		9.093e+06		-5.85149		0		0		7.00354e+06		28.9691		
00:00:52:350		7.00146e+06		151.9		101.655		3.91738e+06		1.66957		289.169			00:00:52:350		9.12483e+06		-5.8523		0		0		7.00161e+06		-26.9709		
00:00:52:350		7.00146e+06		151.9		101.655		3.91738e+06		1.66957		289.169			00:00:52:350		9.12483e+06		-5.8523		0		0		7.00161e+06		-26.9709		
00:00:52:250		7.00137e+06		151.763		101.655		3.91738e+06		1.66957		289.168			00:00:52:250		9.14065e+06		-5.85268		0		0		7.00057e+06		-42.5168		
00:00:52:049		7.00054e+06		151.763		101.595		3.9111e+06		1.66549		289.165			00:00:52:049		9.17203e+06		-5.85337		0		0		6.99995e+06		-14.2719		
00:00:52:049		7.00054e+06		151.763		101.595		3.9111e+06		1.66549		289.165			00:00:52:049		9.17203e+06		-5.85337		0		0		6.99995e+06		-14.2719		
00:00:51:950		7.00047e+06		151.627		101.534		3.9048e+06		1.6614		289.163			00:00:51:950		9.1876e+06		-5.85367		0		0		7.00035e+06		18.0152		
00:00:51:850		7.0002e+06		151.627		101.534		3.9048e+06		1.6614		289.162			00:00:51:850		9.20309e+06		-5.85395		0		0		7.00082e+06		36.4298		
00:00:51:750		6.99958e+06		151.49		101.534		3.9048e+06		1.6614		289.161			00:00:51:750		9.2185e+06		-5.85419		0		0		7.00102e+06		43.0353		
00:00:51:649		6.99951e+06		151.49		101.474		3.89849e+06		1.65732		289.159			00:00:51:649		9.23383e+06		-5.8544		0		0		7.00069e+06		27.8475		
00:00:51:549		6.99922e+06		151.49		101.474		3.89849e+06		1.65732		289.158			00:00:51:549		9.24907e+06		-5.85458		0		0		6.99983e+06		3.79676		
00:00:51:350		6.99857e+06		151.353		101.412		3.89216e+06		1.65323		289.156			00:00:51:350		9.27926e+06		-5.85484		0		0		6.99764e+06		-43.7457		
00:00:51:350		6.99857e+06		151.353		101.412		3.89216e+06		1.65323		289.156			00:00:51:350		9.27926e+06		-5.85484		0		0		6.99764e+06		-43.7457		
00:00:51:250		6.99829e+06		151.216		101.412		3.89216e+06		1.65323		289.155			00:00:51:250		9.29422e+06		-5.85492		0		0		6.99708e+06		-37.6523		
00:00:51:149		6.99768e+06		151.216		101.35		3.88574e+06		1.64915		289.154			00:00:51:149		9.3091e+06		-5.85496		0		0		6.99713e+06		-11.4796		
00:00:51:049		6.99766e+06		151.216		101.35		3.88574e+06		1.64915		289.153			00:00:51:049		9.32391e+06		-5.85498		0		0		6.99757e+06		21.0999		
00:00:50:899		6.99696e+06		151.079		101.288		3.87934e+06		1.64506		289.151			00:00:50:899		9.34597e+06		-5.85496		0		0		6.99817e+06		44.2768		
00:00:50:799		6.99659e+06		151.079		101.288		3.87934e+06		1.64506		289.15			00:00:50:799		9.36058e+06		-5.85492		0		0		6.99807e+06		35.8902		
00:00:50:750		6.99664e+06		150.943		101.288		3.87934e+06		1.64506		289.15			00:00:50:750		9.36786e+06		-5.8549		0		0		6.9978e+06		26.9445		
00:00:50:649		6.99629e+06		150.943		101.225		3.87297e+06		1.64098		289.149			00:00:50:649		9.38235e+06		-5.85487		0		0		6.99687e+06		0		
00:00:50:450		6.99572e+06		150.806		101.162		3.86658e+06		1.63689		289.148			00:00:50:450		9.4111e+06		-5.85484		0		0		6.99464e+06		-45.0201		
00:00:50:350		6.99535e+06		150.806		101.162		3.86658e+06		1.63689		289.147			00:00:50:350		9.42536e+06		-5.85487		0		0		6.99413e+06		-36.9319		
00:00:50:350		6.99535e+06		150.806		101.162		3.86658e+06		1.63689		289.147			00:00:50:350		9.42536e+06		-5.85487		0		0		6.99413e+06		-36.9319		
00:00:50:250		6.99475e+06		150.669		101.162		3.86658e+06		1.63689		289.147			00:00:50:250		9.43952e+06		-5.85496		0		0		6.99424e+06		-9.11973		
00:00:50:149		6.99474e+06		150.669		101.098		3.86017e+06		1.63281		289.146			00:00:50:149		9.45361e+06		-5.85511		0		0		6.99473e+06		24.4416		
00:00:50:049		6.99429e+06		150.669		101.098		3.86017e+06		1.63281		289.146			00:00:50:049		9.46762e+06		-5.85532		0		0		6.99521e+06		42.3604		
00:00:49:950		6.99372e+06		150.532		101.033		3.85383e+06		1.62872		289.145			00:00:49:950		9.4816e+06		-5.85558		0		0		6.99532e+06		43.1484		
00:00:49:799		6.9936e+06		150.532		101.033		3.85383e+06		1.62872		289.145			00:00:49:799		9.50245e+06		-5.85611		0		0		6.99445e+06		13.3115		
00:00:49:700		6.99297e+06		150.394		100.968		3.84744e+06		1.62464		289.145			00:00:49:700		9.51626e+06		-5.85659		0		0		6.99326e+06		-28.1818		
00:00:49:600		6.99282e+06		150.394		100.968		3.84744e+06		1.62464		289.145			00:00:49:600		9.52998e+06		-5.85718		0		0		6.99209e+06		-44.2397		
00:00:49:500		6.99262e+06		150.257		100.968		3.84744e+06		1.62464		289.145			00:00:49:500		9.54361e+06		-5.85789		0		0		6.99133e+06		-42.748		
00:00:49:399		6.99199e+06		150.257		100.902		3.84099e+06		1.62055		289.145			00:00:49:399		9.55715e+06		-5.85872		0		0		6.99117e+06		-21.6386		
00:00:49:299		6.99175e+06		150.257		100.902		3.84099e+06		1.62055		289.145			00:00:49:299		9.5706e+06		-5.85968		0		0		6.99154e+06		14.1155		
00:00:49:200		6.99154e+06		150.119		100.836		3.83453e+06		1.61647		289.145			00:00:49:200		9.58393e+06		-5.86071		0		0		6.99206e+06		36.6059		
00:00:49:100		6.99088e+06		150.119		100.836		3.83453e+06		1.61647		289.145			00:00:49:100		9.59723e+06		-5.86177		0		0		6.99234e+06		45.8068		
00:00:49:000		6.99076e+06		149.982		100.836		3.83453e+06		1.61647		289.146			00:00:49:000		9.61057e+06		-5.86282		0		0		6.99212e+06		32.888		
00:00:48:899		6.99054e+06		149.982		100.769		3.82805e+06		1.61238		289.146			00:00:48:899		9.62393e+06		-5.86379		0		0		6.99132e+06		10.9831		
00:00:48:799		6.9899e+06		149.982		100.769		3.82805e+06		1.61238		289.146			00:00:48:799		9.63727e+06		-5.86463		0		0		6.99012e+06		-27.8635		
00:00:48:700		6.98979e+06		149.845		100.701		3.82155e+06		1.60829		289.147			00:00:48:700		9.65064e+06		-5.86531		0		0		6.989e+06		-43.9485		
00:00:48:600		6.98947e+06		149.845		100.701		3.82155e+06		1.60829		289.147			00:00:48:600		9.66403e+06		-5.8658		0		0		6.98831e+06		-39.5396		
00:00:48:500		6.9888e+06		149.707		100.701		3.82155e+06		1.60829		289.148			00:00:48:500		9.67746e+06		-5.86608		0		0		6.9882e+06		-17.0897		
00:00:48:399		6.98867e+06		149.707		100.633		3.81504e+06		1.6042		289.148			00:00:48:399		9.69092e+06		-5.86612		0		0		6.98854e+06		16.3769		
00:00:48:299		6.98839e+06		149.707		100.633		3.81504e+06		1.6042		289.149			00:00:48:299		9.70444e+06		-5.86587		0		0		6.98897e+06		36.7597		
00:00:48:200		6.98839e+06		149.707		100.633		3.81504e+06		1.6042		289.149			00:00:48:200		9.70444e+06		-5.86587		0		0		6.98897e+06		36.7597		
00:00:48:200		6.98778e+06		149.57		100.564		3.80851e+06		1.60012		289.149			00:00:48:200		9.71793e+06		-5.86531		0		0		6.98912e+06		41.1538		
00:00:48:100		6.98775e+06		149.57		100.564		3.80851e+06		1.60012		289.149			00:00:48:100		9.73139e+06		-5.86438		0		0		6.98879e+06		27.3005		
00:00:48:000		6.98737e+06		149.432		100.564		3.80851e+06		1.60012		289.15			00:00:48:000		9.74482e+06		-5.86304		0		0		6.98795e+06		13.0946		
00:00:47:750		6.98652e+06		149.295		100.495		3.80205e+06		1.59603		289.151			00:00:47:750		9.77827e+06		-5.85772		0		0		6.98543e+06		-40.6972		
00:00:47:750		6.98652e+06		149.295		100.495		3.80205e+06		1.59603		289.151			00:00:47:750		9.77827e+06		-5.85772		0		0		6.98543e+06		-40.6972		
00:00:47:649		6.98584e+06		149.295		100.425		3.79561e+06		1.59194		289.152			00:00:47:649		9.7916e+06		-5.85477		0		0		6.98519e+06		-20.256		
00:00:47:549		6.98562e+06		149.295		100.425		3.79561e+06		1.59194		289.153			00:00:47:549		9.8049e+06		-5.85136		0		0		6.98543e+06		10.3219		
00:00:47:399		6.9852e+06		149.156		100.354		3.78909e+06		1.58785		289.154			00:00:47:399		9.82479e+06		-5.84551		0		0		6.98597e+06		40.767		
00:00:47:299		6.98468e+06		149.156		100.354		3.78909e+06		1.58785		289.155			00:00:47:299		9.83802e+06		-5.84125		0		0		6.98597e+06		35.7522		
00:00:47:200		6.98461e+06		149.018		100.282		3.78249e+06		1.58376		289.156			00:00:47:200		9.85123e+06		-5.83685		0		0		6.98547e+06		20.9197		
00:00:47:200		6.98461e+06		149.018		100.282		3.78249e+06		1.58376		289.156			00:00:47:200		9.85123e+06		-5.83685		0		0		6.98547e+06		20.9197		
00:00:47:100		6.98405e+06		149.018		100.282		3.78249e+06		1.58376		289.157			00:00:47:100		9.86446e+06		-5.83242		0		0		6.98449e+06		-13.5919		
00:00:46:950		6.98362e+06		148.881		100.21		3.77589e+06		1.57967		289.159			00:00:46:950		9.88436e+06		-5.82605		0		0		6.98277e+06		-44.8284		
00:00:46:850		6.98324e+06		148.881		100.21		3.77589e+06		1.57967		289.16			00:00:46:850		9.89763e+06		-5.82222		0		0		6.98211e+06		-38.4419		
00:00:46:750		6.98256e+06		148.743		100.21		3.77589e+06		1.57967		289.161			00:00:46:750		9.91087e+06		-5.81891		0		0		6.98203e+06		-14.5767		
00:00:46:649		6.98248e+06		148.743		100.137		3.76926e+06		1.57557		289.162			00:00:46:649		9.92406e+06		-5.81579		0		0		6.98237e+06		17.9117		
00:00:46:450		6.98152e+06		148.605		100.063		3.76263e+06		1.57148		289.164			00:00:46:450		9.95042e+06		-5.8092		0		0		6.98286e+06		40.404		
00:00:46:350		6.9815e+06		148.605		100.063		3.76263e+06		1.57148		289.165			00:00:46:350		9.96356e+06		-5.80573		0		0		6.98244e+06		24.4165		
00:00:46:350		6.9815e+06		148.605		100.063		3.76263e+06		1.57148		289.165			00:00:46:350		9.96356e+06		-5.80573		0		0		6.98244e+06		24.4165		
00:00:46:250		6.98098e+06		148.467		100.063		3.76263e+06		1.57148		289.166			00:00:46:250		9.97668e+06		-5.80214		0		0		6.98151e+06		0		
00:00:46:149		6.98035e+06		148.467		99.9889		3.75597e+06		1.56739		289.167			00:00:46:149		9.98978e+06		-5.79844		0		0		6.98031e+06		-33.6354		
00:00:46:049		6.98031e+06		148.467		99.9889		3.75597e+06		1.56739		289.168			00:00:46:049		1.00029e+07		-5.79462		0		0		6.97933e+06		-44.3757		
00:00:45:950		6.97979e+06		148.329		99.9138		3.7493e+06		1.56329		289.17			00:00:45:950		1.00159e+07		-5.79069		0		0		6.97885e+06		-30.5154		
00:00:45:850		6.97921e+06		148.329		99.9138		3.7493e+06		1.56329		289.171			00:00:45:850		1.0029e+07		-5.78666		0		0		6.97891e+06		-4.98803		
00:00:45:750		6.9792e+06		148.191		99.9138		3.7493e+06		1.56329		289.172			00:00:45:750		1.0042e+07		-5.78251		0		0		6.97927e+06		24.3661		
00:00:45:649		6.97872e+06		148.191		99.838		3.74261e+06		1.5592		289.174			00:00:45:649		1.0055e+07		-5.77826		0		0		6.97956e+06		40.0534		
00:00:45:450		6.97806e+06		148.053		99.7615		3.73591e+06		1.5551		289.177			00:00:45:450		1.00809e+07		-5.76946		0		0		6.97888e+06		18.0091		
00:00:45:350		6.97746e+06		148.053		99.7615		3.73591e+06		1.5551		289.179			00:00:45:350		1.00939e+07		-5.76492		0		0		6.97783e+06		-17.504		
00:00:45:350		6.97746e+06		148.053		99.7615		3.73591e+06		1.5551		289.179			00:00:45:350		1.00939e+07		-5.76492		0		0		6.97783e+06		-17.504		
00:00:45:250		6.97697e+06		147.915		99.7615		3.73591e+06		1.5551		289.18			00:00:45:250		1.01069e+07		-5.76028		0		0		6.97662e+06		-41.3731		
00:00:45:149		6.97694e+06		147.915		99.6842		3.72919e+06		1.551		289.182			00:00:45:149		1.01198e+07		-5.75555		0		0		6.97569e+06		-45.8729		
00:00:45:049		6.97633e+06		147.915		99.6842		3.72919e+06		1.551		289.184			00:00:45:049		1.01327e+07		-5.75073		0		0		6.97534e+06		-28.6275		
00:00:44:950		6.97582e+06		147.777		99.6062		3.72246e+06		1.5469		289.186			00:00:44:950		1.01455e+07		-5.74581		0		0		6.97556e+06		6.34147		
00:00:44:799		6.97546e+06		147.777		99.6062		3.72246e+06		1.5469		289.189			00:00:44:799		1.01648e+07		-5.73827		0		0		6.97619e+06		39.8797		
00:00:44:700		6.97476e+06		147.639		99.5274		3.7157e+06		1.5428		289.191			00:00:44:700		1.01776e+07		-5.73313		0		0		6.97628e+06		45.135		
00:00:44:600		6.97465e+06		147.639		99.5274		3.7157e+06		1.5428		289.193			00:00:44:600		1.01904e+07		-5.72789		0		0		6.97581e+06		27.7568		
00:00:44:399		6.97353e+06		147.5		99.4477		3.70894e+06		1.5387		289.197			00:00:44:399		1.02159e+07		-5.71714		0		0		6.97347e+06		-36.7361		
00:00:44:299		6.97347e+06		147.5		99.4477		3.70894e+06		1.5387		289.199			00:00:44:299		1.02286e+07		-5.71163		0		0		6.97235e+06		-48.4346		
00:00:44:299		6.97347e+06		147.5		99.4477		3.70894e+06		1.5387		289.199			00:00:44:299		1.02286e+07		-5.71163		0		0		6.97235e+06		-48.4346		
00:00:44:200		6.97302e+06		147.362		99.3673		3.70215e+06		1.5346		289.202			00:00:44:200		1.02413e+07		-5.70603		0		0		6.97177e+06		-39.4156		
00:00:44:100		6.97233e+06		147.362		99.3673		3.70215e+06		1.5346		289.204			00:00:44:100		1.02539e+07		-5.70034		0		0		6.97184e+06		-8.04278		
00:00:44:000		6.97224e+06		147.223		99.3673		3.70215e+06		1.5346		289.207			00:00:44:000		1.02666e+07		-5.69454		0		0		6.97229e+06		26.9535		
00:00:43:950		6.97203e+06		147.223		99.286		3.69535e+06		1.5305		289.208			00:00:43:950		1.02729e+07		-5.6916		0		0		6.97252e+06		37.3242		
00:00:43:850		6.9713e+06		147.223		99.286		3.69535e+06		1.5305		289.21			00:00:43:850		1.02857e+07		-5.68565		0		0		6.97277e+06		48.4445		
00:00:43:700		6.97097e+06		147.085		99.2039		3.68854e+06		1.52639		289.214			00:00:43:700		1.03047e+07		-5.67654		0		0		6.97212e+06		25.8173		
00:00:43:600		6.9704e+06		147.085		99.2039		3.68854e+06		1.52639		289.217			00:00:43:600		1.03173e+07		-5.67034		0		0		6.97096e+06		-11.9416		
00:00:43:500		6.96983e+06		146.946		99.2039		3.68854e+06		1.52639		289.22			00:00:43:500		1.03299e+07		-5.66405		0		0		6.96962e+06		-41.7889		
00:00:43:399		6.96974e+06		146.946		99.1209		3.6817e+06		1.52228		289.223			00:00:43:399		1.03425e+07		-5.65766		0		0		6.96854e+06		-48.5785		
00:00:43:299		6.96915e+06		146.946		99.1209		3.6817e+06		1.52228		289.226			00:00:43:299		1.03551e+07		-5.65118		0		0		6.96804e+06		-34.3337		
00:00:43:200		6.96852e+06		146.807		99.037		3.67486e+06		1.51818		289.229			00:00:43:200		1.03677e+07		-5.6446		0		0		6.96815e+06		0		
00:00:43:100		6.9684e+06		146.807		99.037		3.67486e+06		1.51818		289.233			00:00:43:100		1.03802e+07		-5.63793		0		0		6.96858e+06		30.0978		
00:00:43:000		6.96774e+06		146.668		99.037		3.67486e+06		1.51818		289.236			00:00:43:000		1.03927e+07		-5.63115		0		0		6.9689e+06		46.8499		
00:00:42:899		6.96723e+06		146.668		98.9522		3.668e+06		1.51407		289.239			00:00:42:899		1.04052e+07		-5.62428		0		0		6.96878e+06		39.8077		
00:00:42:799		6.96707e+06		146.668		98.9522		3.668e+06		1.51407		289.243			00:00:42:799		1.04177e+07		-5.61729		0		0		6.96807e+06		21.1914		
00:00:42:700		6.96641e+06		146.529		98.8664		3.66113e+06		1.50996		289.247			00:00:42:700		1.04302e+07		-5.61021		0		0		6.96684e+06		-19.3865		
00:00:42:600		6.96598e+06		146.529		98.8664		3.66113e+06		1.50996		289.25			00:00:42:600		1.04427e+07		-5.60302		0		0		6.96552e+06		-44.9081		
00:00:42:500		6.96574e+06		146.39		98.8664		3.66113e+06		1.50996		289.254			00:00:42:500		1.04552e+07		-5.59573		0		0		6.96456e+06		-46.1226		
00:00:42:399		6.965e+06		146.39		98.7797		3.65424e+06		1.50585		289.258			00:00:42:399		1.04677e+07		-5.58834		0		0		6.96421e+06		-25.0559		
00:00:42:399		6.965e+06		146.39		98.7797		3.65424e+06		1.50585		289.258			00:00:42:399		1.04677e+07		-5.58834		0		0		6.96421e+06		-25.0559		
00:00:42:200		6.96437e+06		146.251		98.6919		3.64733e+06		1.50174		289.267			00:00:42:200		1.04928e+07		-5.57326		0		0		6.96486e+06		37.1626		
00:00:42:200		6.96437e+06		146.251		98.6919		3.64733e+06		1.50174		289.267			00:00:42:200		1.04928e+07		-5.57326		0		0		6.96486e+06		37.1626		
00:00:42:000		6.96334e+06		146.112		98.6919		3.64733e+06		1.50174		289.276			00:00:42:000		1.0518e+07		-5.55778		0		0		6.96471e+06		38.3874		
00:00:41:899		6.96294e+06		146.112		98.6032		3.64041e+06		1.49763		289.28			00:00:41:899		1.05306e+07		-5.54987		0		0		6.96375e+06		10.0414		
00:00:41:799		6.96215e+06		146.112		98.6032		3.64041e+06		1.49763		289.285			00:00:41:799		1.05432e+07		-5.54186		0		0		6.96238e+06		-31.8214		
00:00:41:799		6.96215e+06		146.112		98.6032		3.64041e+06		1.49763		289.285			00:00:41:799		1.05432e+07		-5.54186		0		0		6.96238e+06		-31.8214		
00:00:41:700		6.96194e+06		145.972		98.5135		3.63347e+06		1.49351		289.29			00:00:41:700		1.05557e+07		-5.53373		0		0		6.96111e+06		-47.9451		
00:00:41:600		6.96149e+06		145.972		98.5135		3.63347e+06		1.49351		289.295			00:00:41:600		1.05683e+07		-5.52548		0		0		6.9603e+06		-42.8495		
00:00:41:350		6.96031e+06		145.832		98.4227		3.62652e+06		1.4894		289.309			00:00:41:350		1.05998e+07		-5.50432		0		0		6.96063e+06		32.6526		
00:00:41:350		6.96031e+06		145.832		98.4227		3.62652e+06		1.4894		289.309			00:00:41:350		1.05998e+07		-5.50432		0		0		6.96063e+06		32.6526		
00:00:41:250		6.95958e+06		145.693		98.4227		3.62652e+06		1.4894		289.315			00:00:41:250		1.06124e+07		-5.49564		0		0		6.96084e+06		47.866		
00:00:41:049		6.95876e+06		145.693		98.3308		3.61955e+06		1.48528		289.326			00:00:41:049		1.06375e+07		-5.47793		0		0		6.95969e+06		15.4695		
00:00:41:049		6.95876e+06		145.693		98.3308		3.61955e+06		1.48528		289.326			00:00:41:049		1.06375e+07		-5.47793		0		0		6.95969e+06		15.4695		
00:00:40:950		6.95796e+06		145.553		98.2378		3.61256e+06		1.48117		289.333			00:00:40:950		1.06501e+07		-5.46889		0		0		6.95832e+06		-25.1993		
00:00:40:850		6.95752e+06		145.553		98.2378		3.61256e+06		1.48117		289.339			00:00:40:850		1.06626e+07		-5.45972		0		0		6.95691e+06		-48.3381		
00:00:40:750		6.95725e+06		145.413		98.2378		3.61256e+06		1.48117		289.346			00:00:40:750		1.06751e+07		-5.45043		0		0		6.95591e+06		-48.6921		
00:00:40:649		6.95646e+06		145.413		98.1437		3.60548e+06		1.47705		289.352			00:00:40:649		1.06876e+07		-5.44102		0		0		6.95559e+06		-25.1922		
00:00:40:549		6.95596e+06		145.413		98.1437		3.60548e+06		1.47705		289.359			00:00:40:549		1.07001e+07		-5.43151		0		0		6.95583e+06		15.965		
00:00:40:350		6.95479e+06		145.272		98.0484		3.5984e+06		1.47293		289.373			00:00:40:350		1.07249e+07		-5.41222		0		0		6.95637e+06		50.8158		
00:00:40:250		6.95436e+06		145.132		98.0484		3.5984e+06		1.47293		289.381			00:00:40:250		1.07373e+07		-5.40245		0		0		6.95597e+06		37.4115		
00:00:40:250		6.95436e+06		145.132		98.0484		3.5984e+06		1.47293		289.381			00:00:40:250		1.07373e+07		-5.40245		0		0		6.95597e+06		37.4115		
00:00:40:149		6.95399e+06		145.132		97.9519		3.59137e+06		1.46881		289.388			00:00:40:149		1.07497e+07		-5.39263		0		0		6.95492e+06		12.4789		
00:00:40:049		6.95312e+06		145.132		97.9519		3.59137e+06		1.46881		289.396			00:00:40:049		1.07622e+07		-5.38276		0		0		6.95342e+06		-31.6869		
00:00:39:950		6.95283e+06		144.992		97.8541		3.58424e+06		1.46469		289.404			00:00:39:950		1.07746e+07		-5.37285		0		0		6.95198e+06		-50.7426		
00:00:39:850		6.95235e+06		144.992		97.8541		3.58424e+06		1.46469		289.412			00:00:39:850		1.0787e+07		-5.36291		0		0		6.95101e+06		-47.6211		
00:00:39:750		6.95147e+06		144.851		97.8541		3.58424e+06		1.46469		289.42			00:00:39:750		1.07993e+07		-5.35294		0		0		6.95071e+06		-22.1891		
00:00:39:649		6.95105e+06		144.851		97.7551		3.57712e+06		1.46057		289.429			00:00:39:649		1.08117e+07		-5.34295		0		0		6.95095e+06		19.2911		
00:00:39:549		6.95055e+06		144.851		97.7551		3.57712e+06		1.46057		289.437			00:00:39:549		1.0824e+07		-5.33292		0		0		6.95128e+06		41.9537		
00:00:39:350		6.94933e+06		144.71		97.6549		3.57004e+06		1.45644		289.455			00:00:39:350		1.08487e+07		-5.31272		0		0		6.95079e+06		34.9507		
00:00:39:350		6.94933e+06		144.71		97.6549		3.57004e+06		1.45644		289.455			00:00:39:350		1.08487e+07		-5.31272		0		0		6.95079e+06		34.9507		
00:00:39:200		6.94830e+06		144.569		97.5532		3.56286e+06		1.45232		289.468			00:00:39:200		1.08671e+07		-5.29738		0		0		6.94887e+06		-17.7256		
00:00:39:100		6.94768e+06		144.569		97.5532		3.56286e+06		1.45232		289.477			00:00:39:100		1.08792e+07		-5.28707		0		0		6.9473e+06		-47.8555		
00:00:39:000		6.94729e+06		144.427		97.5532		3.56286e+06		1.45232		289.487			00:00:39:000		1.08914e+07		-5.27667		0		0		6.94609e+06		-50.6228		
00:00:38:899		6.94643e+06		144.427		97.4507		3.55561e+06		1.44819		289.496			00:00:38:899		1.09037e+07		-5.2662		0		0		6.94547e+06		-31.8843		
00:00:38:799		6.94573e+06		144.427		97.4507		3.55561e+06		1.44819		289.506			00:00:38:799		1.0916e+07		-5.25566		0		0		6.94547e+06		6.31079		
00:00:38:700		6.94536e+06		144.286		97.3471		3.54835e+06		1.44406		289.516			00:00:38:700		1.09282e+07		-5.24504		0		0		6.94571e+06		33.4925		
00:00:38:600		6.94447e+06		144.286		97.3471		3.54835e+06		1.44406		289.526			00:00:38:600		1.09405e+07		-5.23435		0		0		6.94581e+06		47.8839		
00:00:38:399		6.94346e+06		144.144		97.2427		3.54098e+06		1.43993		289.546			00:00:38:399		1.0965e+07		-5.21276		0		0		6.94448e+06		20.1369		
00:00:38:350		6.94305e+06		144.144		97.2427		3.54098e+06		1.43993		289.552			00:00:38:350		1.09711e+07		-5.20733		0		0		6.94379e+06		2.11776		
00:00:38:350		6.94305e+06		144.144		97.2427		3.54098e+06		1.43993		289.552			00:00:38:350		1.09711e+07		-5.20733		0		0		6.94379e+06		2.11776		
00:00:38:250		6.9422e+06		144.002		97.2427		3.54098e+06		1.43993		289.562			00:00:38:250		1.09834e+07		-5.19642		0		0		6.94223e+06		-40.561		
00:00:38:149		6.94178e+06		144.002		97.1373		3.53363e+06		1.4358		289.573			00:00:38:149		1.09956e+07		-5.18546		0		0		6.9409e+06		-49.0147		
00:00:38:049		6.94093e+06		144.002		97.1373		3.53363e+06		1.4358		289.584			00:00:38:049		1.10079e+07		-5.17445		0		0		6.94014e+06		-31.8085		
00:00:37:950		6.94012e+06		143.861		97.0309		3.52624e+06		1.43167		289.596			00:00:37:950		1.10202e+07		-5.16341		0		0		6.93994e+06		2.88747		
00:00:37:850		6.93974e+06		143.861		97.0309		3.52624e+06		1.43167		289.607			00:00:37:850		1.10324e+07		-5.15235		0		0		6.93999e+06		27.6681		
00:00:37:750		6.93888e+06		143.719		97.0309		3.52624e+06		1.43167		289.618			00:00:37:750		1.10447e+07		-5.14126		0		0		6.93994e+06		43.6956		
00:00:37:649		6.93825e+06		143.719		96.9235		3.51885e+06		1.42753		289.63			00:00:37:649		1.1057e+07		-5.13017		0		0		6.93948e+06		35.8307		
00:00:37:450		6.93667e+06		143.577		96.8151		3.5115e+06		1.4234		289.654			00:00:37:450		1.10816e+07		-5.10797		0		0		6.93708e+06		-21.5403		
00:00:37:299		6.93578e+06		143.577		96.8151		3.5115e+06		1.4234		289.672			00:00:37:299		1.11001e+07		-5.0913		0		0		6.93508e+06		-45.5762		
00:00:37:299		6.93578e+06		143.577		96.8151		3.5115e+06		1.4234		289.672			00:00:37:299		1.11001e+07		-5.0913		0		0		6.93508e+06		-45.5762		
00:00:37:200		6.93488e+06		143.434		96.7057		3.50406e+06		1.41926		289.684			00:00:37:200		1.11125e+07		-5.08015		0		0		6.93441e+06		-23.4606		
00:00:37:100		6.93421e+06		143.434		96.7057		3.50406e+06		1.41926		289.696			00:00:37:100		1.1125e+07		-5.06898		0		0		6.93419e+06		13.1455		
00:00:37:000		6.93363e+06		143.291		96.7057		3.50406e+06		1.41926		289.709			00:00:37:000		1.11374e+07		-5.05777		0		0		6.93405e+06		28.0348		
00:00:36:899		6.93278e+06		143.291		96.5952		3.49654e+06		1.41512		289.721			00:00:36:899		1.11498e+07		-5.0465		0		0		6.93375e+06		37.5565		
00:00:36:799		6.93218e+06		143.291		96.5952		3.49654e+06		1.41512		289.734			00:00:36:799		1.11622e+07		-5.03519		0		0		6.93305e+06		23.2837		
00:00:36:700		6.93143e+06		143.148		96.4837		3.48901e+06		1.41097		289.747			00:00:36:700		1.11747e+07		-5.02383		0		0		6.93196e+06		2.12992		
00:00:36:600		6.93059e+06		143.148		96.4837		3.48901e+06		1.41097		289.759			00:00:36:600		1.11871e+07		-5.01242		0		0		6.93071e+06		0		
00:00:36:500		6.93007e+06		143.005		96.4837		3.48901e+06		1.41097		289.773			00:00:36:500		1.11995e+07		-5.00095		0		0		6.92934e+06		-50.3676		
00:00:36:399		6.92934e+06		143.005		96.371		3.48146e+06		1.40683		289.786			00:00:36:399		1.1212e+07		-4.98943		0		0		6.92834e+06		-42.9191		
00:00:36:299		6.92829e+06		143.005		96.371		3.48146e+06		1.40683		289.799			00:00:36:299		1.12244e+07		-4.97787		0		0		6.92803e+06		0		
00:00:36:200		6.92775e+06		142.862		96.2572		3.47397e+06		1.40268		289.813			00:00:36:200		1.12369e+07		-4.96624		0		0		6.92804e+06		30.7852		
00:00:36:100		6.92679e+06		142.862		96.2572		3.47397e+06		1.40268		289.827			00:00:36:100		1.12493e+07		-4.95457		0		0		6.92796e+06		45.4336		
00:00:36:000		6.92585e+06		142.719		96.2572		3.47397e+06		1.40268		289.841			00:00:36:000		1.12618e+07		-4.94285		0		0		6.92746e+06		41.6439		
00:00:36:000		6.92585e+06		142.719		96.2572		3.47397e+06		1.40268		289.841			00:00:36:000		1.12618e+07		-4.94285		0		0		6.92746e+06		41.6439		
00:00:35:850		6.92466e+06		142.719		96.1423		3.46644e+06		1.39852		289.862			00:00:35:850		1.12805e+07		-4.92517		0		0		6.92559e+06		9.80644		
00:00:35:750		6.9236e+06		142.574		96.1423		3.46644e+06		1.39852		289.876			00:00:35:750		1.12929e+07		-4.91333		0		0		6.92378e+06		-39.3626		
00:00:35:649		6.92298e+06		142.574		96.0262		3.45884e+06		1.39437		289.89			00:00:35:649		1.13054e+07		-4.90144		0		0		6.92215e+06		-54.2358		
00:00:35:549		6.92198e+06		142.574		96.0262		3.45884e+06		1.39437		289.905			00:00:35:549		1.1318e+07		-4.88951		0		0		6.92111e+06		-41.6294		
00:00:35:350		6.92027e+06		142.43		95.9089		3.45113e+06		1.39021		289.934			00:00:35:350		1.1343e+07		-4.86547		0		0		6.92066e+06		33.0504		
00:00:35:350		6.92027e+06		142.43		95.9089		3.45113e+06		1.39021		289.934			00:00:35:350		1.1343e+07		-4.86547		0		0		6.92066e+06		33.0504		
00:00:35:299		6.91975e+06		142.43		95.9089		3.45113e+06		1.39021		289.942			00:00:35:299		1.13493e+07		-4.85943		0		0		6.92059e+06		41.0395		
00:00:35:200		6.91859e+06		142.286		95.7904		3.44344e+06		1.38604		289.957			00:00:35:200		1.13618e+07		-4.84732		0		0		6.92018e+06		46.3894		
00:00:35:100		6.91791e+06		142.286		95.7904		3.44344e+06		1.38604		289.971			00:00:35:100		1.13743e+07		-4.83516		0		0		6.91924e+06		31.358		
00:00:34:950		6.91632e+06		142.142		95.6705		3.43578e+06		1.38188		289.994			00:00:34:950		1.13931e+07		-4.81687		0		0		6.91681e+06		-25.719		
00:00:34:850		6.91552e+06		142.142		95.6705		3.43578e+06		1.38188		290.009			00:00:34:850		1.14057e+07		-4.80463		0		0		6.91506e+06		-48.7109		
00:00:34:750		6.9146e+06		141.997		95.6705		3.43578e+06		1.38188		290.025			00:00:34:750		1.14182e+07		-4.79235		0		0		6.91374e+06		-49.1862		
00:00:34:649		6.91348e+06		141.997		95.5491		3.42803e+06		1.3777		290.04			00:00:34:649		1.14307e+07		-4.78003		0		0		6.9131e+06		-14.4979		
00:00:34:549		6.91277e+06		141.997		95.5491		3.42803e+06		1.3777		290.055			00:00:34:549		1.14432e+07		-4.76768		0		0		6.91291e+06		23.1367		
00:00:34:350		6.91069e+06		141.852		95.4261		3.42019e+06		1.37353		290.087			00:00:34:350		1.14683e+07		-4.74285		0		0		6.91227e+06		47.0485		
00:00:34:350		6.91069e+06		141.852		95.4261		3.42019e+06		1.37353		290.087			00:00:34:350		1.14683e+07		-4.74285		0		0		6.91227e+06		47.0485		
00:00:34:149		6.90873e+06		141.707		95.3014		3.41234e+06		1.36934		290.119			00:00:34:149		1.14933e+07		-4.71783		0		0		6.90971e+06		4.87665		
00:00:34:149		6.90873e+06		141.707		95.3014		3.41234e+06		1.36934		290.119			00:00:34:149		1.14933e+07		-4.71783		0		0		6.90971e+06		4.87665		
00:00:34:049		6.90771e+06		141.707		95.3014		3.41234e+06		1.36934		290.135			00:00:34:049		1.15058e+07		-4.70525		0		0		6.90781e+06		-40.8027		
00:00:33:950		6.90689e+06		141.562		95.1749		3.40448e+06		1.36516		290.152			00:00:33:950		1.15183e+07		-4.69261		0		0		6.90617e+06		-49.1262		
00:00:33:850		6.90569e+06		141.562		95.1749		3.40448e+06		1.36516		290.168			00:00:33:850		1.15309e+07		-4.67991		0		0		6.90508e+06		-32.759		
00:00:33:750		6.90463e+06		141.417		95.1749		3.40448e+06		1.36516		290.185			00:00:33:750		1.15435e+07		-4.66716		0		0		6.90452e+06		0		
00:00:33:649		6.9039e+06		141.417		95.0465		3.39659e+06		1.36096		290.203			00:00:33:649		1.15561e+07		-4.65435		0		0		6.90423e+06		28.207		
00:00:33:450		6.90184e+06		141.271		94.9159		3.38869e+06		1.35676		290.238			00:00:33:450		1.15811e+07		-4.62855		0		0		6.90309e+06		34.9739		
00:00:33:350		6.90083e+06		141.271		94.9159		3.38869e+06		1.35676		290.255			00:00:33:350		1.15936e+07		-4.61557		0		0		6.90185e+06		21.0777		
00:00:33:350		6.90083e+06		141.271		94.9159		3.38869e+06		1.35676		290.255			00:00:33:350		1.15936e+07		-4.61557		0		0		6.90185e+06		21.0777		
00:00:33:250		6.89961e+06		141.125		94.9159		3.38869e+06		1.35676		290.273			00:00:33:250		1.1606e+07		-4.60254		0		0		6.90015e+06		-21.1916		
00:00:33:149		6.89876e+06		141.125		94.7831		3.38077e+06		1.35256		290.292			00:00:33:149		1.16185e+07		-4.58947		0		0		6.89845e+06		-43.9064		
00:00:33:049		6.89776e+06		141.125		94.7831		3.38077e+06		1.35256		290.311			00:00:33:049		1.16309e+07		-4.57637		0		0		6.89716e+06		-38.5969		
00:00:32:950		6.8966e+06		140.979		94.6479		3.37283e+06		1.34835		290.33			00:00:32:950		1.16433e+07		-4.56322		0		0		6.89642e+06		-14.0432		
00:00:32:850		6.89589e+06		140.979		94.6479		3.37283e+06		1.34835		290.35			00:00:32:850		1.16558e+07		-4.55005		0		0		6.89604e+06		23.4928		
00:00:32:700		6.89426e+06		140.832		94.5103		3.36479e+06		1.34414		290.381			00:00:32:700		1.16744e+07		-4.53023		0		0		6.8954e+06		42.7029		
00:00:32:600		6.89325e+06		140.832		94.5103		3.36479e+06		1.34414		290.401			00:00:32:600		1.16868e+07		-4.517		0		0		6.89452e+06		32.8846		
00:00:32:399		6.89095e+06		140.685		94.3702		3.35667e+06		1.33992		290.444			00:00:32:399		1.17117e+07		-4.49053		0		0		6.8914e+06		-24.4593		
00:00:32:299		6.88993e+06		140.685		94.3702		3.35667e+06		1.33992		290.466			00:00:32:299		1.17241e+07		-4.47732		0		0		6.88963e+06		-44.6332		
00:00:32:299		6.88993e+06		140.685		94.3702		3.35667e+06		1.33992		290.466			00:00:32:299		1.17241e+07		-4.47732		0		0		6.88963e+06		-44.6332		
00:00:32:200		6.88896e+06		140.538		94.2277		3.34862e+06		1.33569		290.488			00:00:32:200		1.17365e+07		-4.46413		0		0		6.88831e+06		-40.6195		
00:00:32:100		6.88774e+06		140.538		94.2277		3.34862e+06		1.33569		290.511			00:00:32:100		1.17489e+07		-4.45098		0		0		6.88757e+06		0		
00:00:32:000		6.88681e+06		140.39		94.2277		3.34862e+06		1.33569		290.535			00:00:32:000		1.17614e+07		-4.43787		0		0		6.88711e+06		23.7279		
00:00:31:949		6.88627e+06		140.39		94.0829		3.34061e+06		1.33146		290.547			00:00:31:949		1.17676e+07		-4.43132		0		0		6.88686e+06		31.1359		
00:00:31:850		6.88509e+06		140.39		94.0829		3.34061e+06		1.33146		290.571			00:00:31:850		1.17801e+07		-4.41823		0		0		6.88621e+06		39.4586		
00:00:31:750		6.88401e+06		140.241		94.0829		3.34061e+06		1.33146		290.596			00:00:31:750		1.17926e+07		-4.40513		0		0		6.88515e+06		27.1474		
00:00:31:649		6.88289e+06		140.241		93.936		3.3325e+06		1.32723		290.621			00:00:31:649		1.18051e+07		-4.39201		0		0		6.88364e+06		6.97457		
00:00:31:449		6.88048e+06		140.092		93.7872		3.32431e+06		1.32299		290.674			00:00:31:449		1.183e+07		-4.36558		0		0		6.87998e+06		-48.8992		
00:00:31:350		6.87935e+06		140.092		93.7872		3.32431e+06		1.32299		290.701			00:00:31:350		1.18425e+07		-4.35222		0		0		6.87861e+06		-42.1794		
00:00:31:350		6.87935e+06		140.092		93.7872		3.32431e+06		1.32299		290.701			00:00:31:350		1.18425e+07		-4.35222		0		0		6.87861e+06		-42.1794		
00:00:31:199		6.87753e+06		139.943		93.6357		3.31602e+06		1.31875		290.742			00:00:31:199		1.18612e+07		-4.33195		0.138234		0		6.87763e+06		17.5958		
00:00:31:100		6.87638e+06		139.943		93.6357		3.31602e+06		1.31875		290.77			00:00:31:100		1.18736e+07		-4.31825		0.276568		0		6.87716e+06		36.6759		
00:00:31:000		6.87498e+06		139.794		93.6357		3.31602e+06		1.31875		290.799			00:00:31:000		1.18861e+07		-4.3044		0.41478		0		6.87643e+06		45.7733		
00:00:30:899		6.87377e+06		139.794		93.4806		3.30766e+06		1.3145		290.829			00:00:30:899		1.18985e+07		-4.29039		0.552702		0		6.87518e+06		30.4129		
00:00:30:800		6.87254e+06		139.794		93.4806		3.30766e+06		1.3145		290.859			00:00:30:800		1.1911e+07		-4.27625		0.690289		0		6.87336e+06		0		
00:00:30:699		6.87105e+06		139.644		93.3216		3.29936e+06		1.31025		290.89			00:00:30:699		1.19234e+07		-4.26204		0.827355		0		6.87125e+06		-38.3773		
00:00:30:600		6.86994e+06		139.644		93.3216		3.29936e+06		1.31025		290.921			00:00:30:600		1.19359e+07		-4.24781		0.963848		0		6.86933e+06		-49.951		
00:00:30:399		6.86727e+06		139.494		93.1585		3.29102e+06		1.30599		290.985			00:00:30:399		1.19608e+07		-4.21965		1.23439		0		6.86721e+06		9.9615		
00:00:30:300		6.86603e+06		139.494		93.1585		3.29102e+06		1.30599		291.017			00:00:30:300		1.19733e+07		-4.20588		1.36824		0		6.86667e+06		34.4801		
00:00:30:300		6.86603e+06		139.494		93.1585		3.29102e+06		1.30599		291.017			00:00:30:300		1.19733e+07		-4.20588		1.36824		0		6.86667e+06		34.4801		
00:00:30:199		6.86453e+06		139.343		92.9911		3.28252e+06		1.30173		291.051			00:00:30:199		1.19859e+07		-4.1924		1.50083		0		6.86592e+06		45.1295		
00:00:30:100		6.86305e+06		139.343		92.9911		3.28252e+06		1.30173		291.084			00:00:30:100		1.19985e+07		-4.17922		1.63187		0		6.86468e+06		37.214		
00:00:30:000		6.86186e+06		139.191		92.9911		3.28252e+06		1.30173		291.118			00:00:30:000		1.20112e+07		-4.16631		1.7614		0		6.86282e+06		5.43735		
00:00:30:000		6.86186e+06		139.191		92.9911		3.28252e+06		1.30173		291.118			00:00:30:000		1.20112e+07		-4.16631		1.7614		0		6.86282e+06		5.43735		
00:00:29:899		6.86042e+06		139.191		92.8192		3.27402e+06		1.29746		291.153			00:00:29:899		1.20239e+07		-4.15348		1.88889		0		6.86066e+06		-39.1407		
00:00:29:800		6.85839e+06		139.04		92.8192		3.27402e+06		1.29746		291.205			00:00:29:800		1.20429e+07		-4.13421		2.07575		0		6.85766e+06		-50.7019		
00:00:29:550		6.85552e+06		139.04		92.6425		3.26548e+06		1.29319		291.276			00:00:29:550		1.20682e+07		-4.10845		2.3158		0		6.85559e+06		18.0634		
00:00:29:550		6.85552e+06		139.04		92.6425		3.26548e+06		1.29319		291.276			00:00:29:550		1.20682e+07		-4.10845		2.3158		0		6.85559e+06		18.0634		
00:00:29:350		6.85243e+06		138.887		92.4609		3.25686e+06		1.28891		291.349			00:00:29:350		1.20936e+07		-4.08261		2.54466		0		6.85397e+06		45.4237		
00:00:29:350		6.85243e+06		138.887		92.4609		3.25686e+06		1.28891		291.349			00:00:29:350		1.20936e+07		-4.08261		2.54466		0		6.85397e+06		45.4237		
00:00:29:250		6.85107e+06		138.735		92.4609		3.25686e+06		1.28891		291.385			00:00:29:250		1.21061e+07		-4.06966		2.65852		0		6.8525e+06		31.2752		
00:00:29:149		6.84973e+06		138.735		92.2739		3.24814e+06		1.28463		291.422			00:00:29:149		1.21186e+07		-4.05667		2.77626		0		6.85049e+06		0		
00:00:29:050		6.84818e+06		138.735		92.2739		3.24814e+06		1.28463		291.46			00:00:29:050		1.21309e+07		-4.04362		2.89331		0		6.84828e+06		-38.614		
00:00:28:949		6.84668e+06		138.581		92.0815		3.23925e+06		1.28034		291.497			00:00:28:949		1.21433e+07		-4.03046		3.00701		0		6.84637e+06		-40.5319		
00:00:28:850		6.84519e+06		138.581		92.0815		3.23925e+06		1.28034		291.535			00:00:28:850		1.21557e+07		-4.01715		3.11307		0		6.84496e+06		-27.8514		
00:00:28:750		6.84384e+06		138.428		92.0815		3.23925e+06		1.28034		291.572			00:00:28:750		1.2168e+07		-4.00369		3.21897		0		6.84405e+06		19.8902		
00:00:28:649		6.84228e+06		138.428		91.8833		3.23028e+06		1.27604		291.61			00:00:28:649		1.21804e+07		-3.99011		3.31505		0		6.8432e+06		38.1035		
00:00:28:550		6.84068e+06		138.428		91.8833		3.23028e+06		1.27604		291.648			00:00:28:550		1.21928e+07		-3.97642		3.40804		0		6.84208e+06		41.285		
00:00:28:350		6.83777e+06		138.274		91.6789		3.22129e+06		1.27174		291.724			00:00:28:350		1.22176e+07		-3.94875		3.58344		0		6.83849e+06		0		
00:00:28:350		6.83777e+06		138.274		91.6789		3.22129e+06		1.27174		291.724			00:00:28:350		1.22176e+07		-3.94875		3.58344		0		6.83849e+06		0		
00:00:28:250		6.83603e+06		138.119		91.6789		3.22129e+06		1.27174		291.762			00:00:28:250		1.22299e+07		-3.93479		3.6657		0		6.83636e+06		-30.6439		
00:00:28:149		6.83448e+06		138.119		91.4681		3.21219e+06		1.26743		291.8			00:00:28:149		1.22422e+07		-3.92076		3.7453		0		6.83455e+06		-29.631		
00:00:28:050		6.83292e+06		138.119		91.4681		3.21219e+06		1.26743		291.837			00:00:28:050		1.22546e+07		-3.90667		3.82111		0		6.8331e+06		0		
00:00:27:949		6.83144e+06		137.964		91.2504		3.20293e+06		1.26312		291.875			00:00:27:949		1.22669e+07		-3.89252		3.89347		0		6.8318e+06		14.131		
00:00:27:850		6.82979e+06		137.964		91.2504		3.20293e+06		1.26312		291.912			00:00:27:850		1.22793e+07		-3.87833		3.96329		0		6.83052e+06		34.2453		
00:00:27:750		6.82815e+06		137.807		91.2504		3.20293e+06		1.26312		291.948			00:00:27:750		1.22916e+07		-3.86411		4.02937		0		6.82906e+06		24.3835		
00:00:27:649		6.82656e+06		137.807		91.0256		3.19351e+06		1.2588		291.985			00:00:27:649		1.23041e+07		-3.84986		4.09258		0		6.82736e+06		13.9216		
00:00:27:550		6.82501e+06		137.807		91.0256		3.19351e+06		1.2588		292.021			00:00:27:550		1.23165e+07		-3.83558		4.15312		0		6.82553e+06		0		
00:00:27:449		6.82338e+06		137.651		90.7931		3.18391e+06		1.25448		292.056			00:00:27:449		1.23289e+07		-3.82127		4.21054		0		6.82371e+06		0		
00:00:27:350		6.82184e+06		137.651		90.7931		3.18391e+06		1.25448		292.091			00:00:27:350		1.23413e+07		-3.80693		4.26562		0		6.82205e+06		0		
00:00:27:250		6.82031e+06		137.493		90.7931		3.18391e+06		1.25448		292.126			00:00:27:250		1.23537e+07		-3.79257		4.31754		0		6.82073e+06		21.6005		
00:00:27:100		6.81771e+06		137.493		90.5525		3.17416e+06		1.25016		292.176			00:00:27:100		1.23722e+07		-3.77096		4.39113		0		6.81836e+06		14.9463		
00:00:27:000		6.8159e+06		137.333		90.5525		3.17416e+06		1.25016		292.209			00:00:27:000		1.23846e+07		-3.75652		4.43705		0		6.8166e+06		13.8714		
00:00:26:899		6.81408e+06		137.333		90.3034		3.16415e+06		1.24583		292.241			00:00:26:899		1.23969e+07		-3.74204		4.48026		0		6.81474e+06		11.2263		
00:00:26:850		6.81315e+06		137.333		90.3034		3.16415e+06		1.24583		292.257			00:00:26:850		1.24031e+07		-3.73478		4.50108		0		6.81379e+06		10.3597		
00:00:26:750		6.8113e+06		137.173		90.3034		3.16415e+06		1.24583		292.287			00:00:26:750		1.24154e+07		-3.72026		4.54108		0		6.81191e+06		10.2823		
00:00:26:649		6.80944e+06		137.173		90.0453		3.15373e+06		1.24149		292.317			00:00:26:649		1.24278e+07		-3.70572		4.57903		0		6.81006e+06		11.8916		
00:00:26:550		6.80757e+06		137.173		90.0453		3.15373e+06		1.24149		292.346			00:00:26:550		1.24401e+07		-3.69115		4.6157		0		6.80824e+06		14.802		
00:00:26:300		6.80282e+06		137.01		89.7776		3.14294e+06		1.23714		292.415			00:00:26:300		1.24711e+07		-3.65466		4.6984		0		6.80366e+06		20.6529		
00:00:26:300		6.80282e+06		137.01		89.7776		3.14294e+06		1.23714		292.415			00:00:26:300		1.24711e+07		-3.65466		4.6984		0		6.80366e+06		20.6529		
00:00:26:199		6.80084e+06		136.845		89.4997		3.13167e+06		1.23279		292.44			00:00:26:199		1.24835e+07		-3.64003		4.72745		0		6.80176e+06		20.5657		
00:00:26:149		6.7999e+06		136.845		89.4997		3.13167e+06		1.23279		292.453			00:00:26:149		1.24896e+07		-3.6327		4.7416		0		6.80078e+06		19.9866		
00:00:26:000		6.79692e+06		136.678		89.4997		3.13167e+06		1.23279		292.489			00:00:26:000		1.25083e+07		-3.61066		4.7822		0		6.79774e+06		26.2854		
00:00:25:899		6.79482e+06		136.678		89.2111		3.11978e+06		1.22843		292.512			00:00:25:899		1.25207e+07		-3.59594		4.80669		0		6.79561e+06		14.4973		
00:00:25:800		6.79272e+06		136.678		89.2111		3.11978e+06		1.22843		292.534			00:00:25:800		1.25331e+07		-3.58121		4.83092		0		6.79349e+06		15.5038		
00:00:25:699		6.7906e+06		136.507		88.9111		3.10728e+06		1.22406		292.556			00:00:25:699		1.25456e+07		-3.56649		4.85378		0		6.79142e+06		19.0306		
00:00:25:600		6.78846e+06		136.507		88.9111		3.10728e+06		1.22406		292.577			00:00:25:600		1.2558e+07		-3.55176		4.87513		0		6.7894e+06		22.7152		
00:00:25:500		6.78635e+06		136.332		88.9111		3.10728e+06		1.22406		292.598			00:00:25:500		1.25704e+07		-3.53703		4.89314		0		6.78732e+06		25.5834		
00:00:25:300		6.78176e+06		136.332		88.5989		3.09408e+06		1.21968		292.639			00:00:25:300		1.25951e+07		-3.50749		4.92896		0		6.78295e+06		27.193		
00:00:25:300		6.78176e+06		136.332		88.5989		3.09408e+06		1.21968		292.639			00:00:25:300		1.25951e+07		-3.50749		4.92896		0		6.78295e+06		27.193		
00:00:25:199		6.77946e+06		136.152		88.2736		3.08003e+06		1.21529		292.659			00:00:25:199		1.26075e+07		-3.49268		4.9466		0		6.78065e+06		26.2771		
00:00:25:100		6.77712e+06		136.152		88.2736		3.08003e+06		1.21529		292.68			00:00:25:100		1.26198e+07		-3.47785		4.96249		0		6.77829e+06		24.7996		
00:00:25:000		6.77474e+06		135.965		88.2736		3.08003e+06		1.21529		292.7			00:00:25:000		1.26322e+07		-3.46299		4.97416		0		6.77587e+06		23.5007		
00:00:24:899		6.77232e+06		135.965		87.9344		3.0648e+06		1.21089		292.721			00:00:24:899		1.26445e+07		-3.44811		4.9858		0		6.77343e+06		23.2572		
00:00:24:800		6.76986e+06		135.965		87.9344		3.0648e+06		1.21089		292.743			00:00:24:800		1.26568e+07		-3.43321		4.99885		0		6.77098e+06		24.414		
00:00:24:699		6.76737e+06		135.771		87.5803		3.04838e+06		1.20649		292.766			00:00:24:699		1.26692e+07		-3.41829		5.01381		0		6.76853e+06		38.3497		
00:00:24:600		6.76477e+06		135.771		87.5803		3.04838e+06		1.20649		292.789			00:00:24:600		1.26815e+07		-3.40337		5.02476		0		6.76598e+06		25.7878		
00:00:24:350		6.75811e+06		135.568		87.2103		3.03071e+06		1.20207		292.853			00:00:24:350		1.27122e+07		-3.36602		5.04153		0		6.7595e+06		30.5068		
00:00:24:350		6.75811e+06		135.568		87.2103		3.03071e+06		1.20207		292.853			00:00:24:350		1.27122e+07		-3.36602		5.04153		0		6.7595e+06		30.5068		
00:00:24:250		6.75534e+06		135.354		87.2103		3.03071e+06		1.20207		292.88			00:00:24:250		1.27245e+07		-3.35105		5.05205		0		6.75683e+06		32.133		
00:00:24:250		6.75534e+06		135.354		87.2103		3.03071e+06		1.20207		292.88			00:00:24:250		1.27245e+07		-3.35105		5.05205		0		6.75683e+06		32.133		
00:00:24:100		6.75107e+06		135.354		86.8234		3.01166e+06		1.19765		292.924			00:00:24:100		1.27429e+07		-3.32856		5.06808		0		6.75266e+06		33.0443		
00:00:24:000		6.74814e+06		135.128		86.8234		3.01166e+06		1.19765		292.954			00:00:24:000		1.27552e+07		-3.31354		5.07224		0		6.74976e+06		32.3311		
00:00:23:899		6.74515e+06		135.128		86.4184		2.99114e+06		1.19321		292.987			00:00:23:899		1.27676e+07		-3.29851		5.06952		0		6.74675e+06		30.6974		
00:00:23:800		6.74209e+06		135.128		86.4184		2.99114e+06		1.19321		293.02			00:00:23:800		1.27799e+07		-3.28345		5.07413		0		6.74363e+06		28.2776		
00:00:23:699		6.73898e+06		134.888		85.9943		2.96915e+06		1.18876		293.056			00:00:23:699		1.27923e+07		-3.26838		5.0863		0		6.74046e+06		26.576		
00:00:23:600		6.7358e+06		134.888		85.9943		2.96915e+06		1.18876		293.093			00:00:23:600		1.28046e+07		-3.25328		5.09832		0		6.73725e+06		26.475		
00:00:23:500		6.73254e+06		134.633		85.9943		2.96915e+06		1.18876		293.132			00:00:23:500		1.28169e+07		-3.23816		5.09879		0		6.73403e+06		28.5835		
00:00:23:399		6.72921e+06		134.633		85.5508		2.94558e+06		1.1843		293.172			00:00:23:399		1.28292e+07		-3.22301		5.0883		0		6.73082e+06		32.1265		
00:00:23:399		6.72921e+06		134.633		85.5508		2.94558e+06		1.1843		293.172			00:00:23:399		1.28292e+07		-3.22301		5.0883		0		6.73082e+06		32.1265		
00:00:23:199		6.7223e+06		134.359		85.0875		2.92027e+06		1.17983		293.257			00:00:23:199		1.28539e+07		-3.19266		5.09567		0		6.72426e+06		38.5876		
00:00:23:199		6.7223e+06		134.359		85.0875		2.92027e+06		1.17983		293.257			00:00:23:199		1.28539e+07		-3.19266		5.09567		0		6.72426e+06		38.5876		
00:00:23:050		6.71691e+06		134.359		85.0875		2.92027e+06		1.17983		293.326			00:00:23:050		1.28723e+07		-3.16985		5.12081		0		6.71902e+06		39.2881		
00:00:22:949		6.71323e+06		134.068		84.6039		2.89347e+06		1.17534		293.374			00:00:22:949		1.28846e+07		-3.15463		5.11182		0		6.71534e+06		37.4437		
00:00:22:850		6.70949e+06		134.068		84.6039		2.89347e+06		1.17534		293.423			00:00:22:850		1.28968e+07		-3.1394		5.08575		0		6.71151e+06		33.4993		
00:00:22:750		6.70565e+06		133.759		84.6039		2.89347e+06		1.17534		293.474			00:00:22:750		1.29091e+07		-3.12415		5.07414		0		6.70751e+06		26.8528		
00:00:22:649		6.70168e+06		133.759		84.0994		2.8651e+06		1.17084		293.527			00:00:22:649		1.29215e+07		-3.10887		5.09809		0		6.70331e+06		18.9985		
00:00:22:550		6.69759e+06		133.759		84.0994		2.8651e+06		1.17084		293.581			00:00:22:550		1.29338e+07		-3.09358		5.12922		0		6.69901e+06		13.3309		
00:00:22:449		6.69343e+06		133.429		83.5738		2.83526e+06		1.16633		293.637			00:00:22:449		1.29462e+07		-3.07826		5.12344		0		6.69475e+06		13.4305		
00:00:22:350		6.68923e+06		133.429		83.5738		2.83526e+06		1.16633		293.694			00:00:22:350		1.29585e+07		-3.06293		5.06027		15.3354		6.69061e+06		19.5877		
00:00:22:149		6.68075e+06		133.08		83.0272		2.80421e+06		1.1618		293.812			00:00:22:149		1.29831e+07		-3.03221		4.90658		37.8658		6.6824e+06		49.1995		
00:00:22:149		6.68075e+06		133.08		83.0272		2.80421e+06		1.1618		293.812			00:00:22:149		1.29831e+07		-3.03221		4.90658		37.8658		6.6824e+06		49.1995		
00:00:22:050		6.67596e+06		133.08		83.0272		2.80421e+06		1.1618		293.873			00:00:22:050		1.29955e+07		-3.01682		4.83205		48.4467		6.67799e+06		33.0476		
00:00:21:949		6.67131e+06		132.711		82.4606		2.77191e+06		1.15725		293.935			00:00:21:949		1.30078e+07		-3.0014		4.75935		58.4801		6.67352e+06		35.1518		
00:00:21:850		6.66666e+06		132.711		82.4606		2.77191e+06		1.15725		293.998			00:00:21:850		1.30201e+07		-2.98598		4.68508		68.0447		6.66885e+06		37.2669		
00:00:21:750		6.66149e+06		132.324		82.4606		2.77191e+06		1.15725		294.062			00:00:21:750		1.30325e+07		-2.97054		4.60495		77.4152		6.66393e+06		36.1453		
00:00:21:649		6.65638e+06		132.324		81.8761		2.7386e+06		1.15268		294.127			00:00:21:649		1.30448e+07		-2.95509		4.52185		86.5215		6.6588e+06		33.4894		
00:00:21:550		6.65111e+06		132.324		81.8761		2.7386e+06		1.15268		294.193			00:00:21:550		1.30571e+07		-2.93963		4.44324		95.268		6.65344e+06		29.4509		
00:00:21:449		6.64571e+06		131.92		81.2766		2.7046e+06		1.1481		294.259			00:00:21:449		1.30694e+07		-2.92417		4.37308		103.907		6.64791e+06		24.9589		
00:00:21:350		6.64021e+06		131.92		81.2766		2.7046e+06		1.1481		294.326			00:00:21:350		1.30817e+07		-2.90871		4.30017		112.681		6.64227e+06		21.9425		
00:00:21:250		6.63465e+06		131.501		81.2766		2.7046e+06		1.1481		294.393			00:00:21:250		1.3094e+07		-2.89323		4.21447		121.593		6.63664e+06		22.7108		
00:00:21:149		6.6291e+06		131.501		80.6652		2.66994e+06		1.14349		294.46			00:00:21:149		1.31062e+07		-2.87774		4.12523		130.74		6.63112e+06		45.2822		
00:00:21:050		6.62324e+06		131.501		80.6652		2.66994e+06		1.14349		294.526			00:00:21:050		1.31185e+07		-2.86223		4.04046		141.118		6.62563e+06		36.8542		
00:00:20:949		6.61753e+06		131.069		80.0449		2.63464e+06		1.13886		294.592			00:00:20:949		1.31307e+07		-2.84671		3.97176		154.653		6.62028e+06		58.6583		
00:00:20:850		6.61168e+06		131.069		80.0449		2.63464e+06		1.13886		294.655			00:00:20:850		1.3143e+07		-2.83117		3.9056		174.9		6.61484e+06		71.9027		
00:00:20:750		6.60544e+06		130.628		80.0449		2.63464e+06		1.13886		294.718			00:00:20:750		1.31552e+07		-2.81561		3.82548		208.069		6.60916e+06		56.6873		
00:00:20:600		6.59669e+06		130.628		79.419		2.59884e+06		1.13421		294.81			00:00:20:600		1.31735e+07		-2.79223		3.67969		284.718		6.60018e+06		49.6405		
00:00:20:500		6.591e+06		130.181		79.419		2.59884e+06		1.13421		294.871			00:00:20:500		1.31857e+07		-2.77662		3.599		336.502		6.59391e+06		52.5794		
00:00:20:399		6.58628e+06		130.181		78.791		2.56265e+06		1.12164		294.932			00:00:20:399		1.31979e+07		-2.76099		3.54492		382.755		6.58775e+06		3.58668		
00:00:20:300		6.58184e+06		130.181		78.791		2.56265e+06		1.12164		294.994			00:00:20:300		1.321e+07		-2.74534		3.42189		422.608		6.58265e+06		-31.7956		
00:00:20:250		6.5806e+06		129.729		78.791		2.56265e+06		1.12164		295.007			00:00:20:250		1.32161e+07		-2.73751		3.53751		440.188		6.58096e+06		0		
00:00:20:100		6.57067e+06		129.729		78.1644		2.52604e+06		1.10882		295.104			00:00:20:100		1.32344e+07		-2.714		3.29127		484.449		6.58024e+06		183.288		
00:00:20:000		6.53545e+06		129.276		78.1644		2.52604e+06		1.10882		295.165			00:00:20:000		1.32465e+07		-2.69831		3.18873		507.626		6.58256e+06		316.416		
00:00:19:899		6.5201e+06		129.276		77.5425		2.48891e+06		1.09598		295.226			00:00:19:899		1.32587e+07		-2.68263		3.1316		526.419		6.58605e+06		378.74		
00:00:19:800		6.49951e+06		129.276		77.5425		2.48891e+06		1.09598		295.287			00:00:19:800		1.32709e+07		-2.66694		3.09261		541.427		6.59039e+06		433.835		
00:00:19:699		6.48635e+06		128.821		76.9279		2.45123e+06		1.08311		295.347			00:00:19:699		1.32831e+07		-2.65124		3.01937		553.186		6.59513e+06		474.192		
00:00:19:600		6.48534e+06		128.821		76.9279		2.45123e+06		1.08311		295.408			00:00:19:600		1.32953e+07		-2.63552		2.88122		561.956		6.5999e+06		474.243		
00:00:19:500		6.4901e+06		128.366		76.9279		2.45123e+06		1.08311		295.468			00:00:19:500		1.33075e+07		-2.6198		2.74445		567.365		6.60464e+06		474.713		
00:00:19:399		6.49482e+06		128.366		76.322		2.41296e+06		1.07022		295.527			00:00:19:399		1.33196e+07		-2.60405		2.67901		568.973		6.60937e+06		477.197		
00:00:19:300		6.49932e+06		128.366		76.322		2.41296e+06		1.07022		295.587			00:00:19:300		1.33318e+07		-2.58829		2.68684		569.057		6.6141e+06		477.971		
00:00:19:199		6.50374e+06		127.91		75.7281		2.37413e+06		1.0573		295.647			00:00:19:199		1.33439e+07		-2.57251		2.69012		569.072		6.61881e+06		476.413		
00:00:19:100		6.50812e+06		127.91		75.7281		2.37413e+06		1.0573		295.706			00:00:19:100		1.33561e+07		-2.55671		2.69337		569.079		6.62352e+06		479.768		
00:00:19:000		6.51241e+06		127.453		75.7281		2.37413e+06		1.0573		295.766			00:00:19:000		1.33682e+07		-2.54089		2.69669		569.077		6.6282e+06		480.57		
00:00:18:899		6.51676e+06		127.453		75.1485		2.33472e+06		1.04435		295.826			00:00:18:899		1.33803e+07		-2.52505		2.70012		569.071		6.63284e+06		481.419		
00:00:18:800		6.52102e+06		127.453		75.1485		2.33472e+06		1.04435		295.887			00:00:18:800		1.33924e+07		-2.50919		2.70379		569.057		6.63744e+06		479.865		
00:00:18:699		6.5254e+06		126.995		74.5849		2.29473e+06		1.03138		295.949			00:00:18:699		1.34045e+07		-2.49331		2.70734		569.033		6.642e+06		480.716		
00:00:18:600		6.52972e+06		126.995		74.5849		2.29473e+06		1.03138		296.011			00:00:18:600		1.34166e+07		-2.47742		2.71076		569.002		6.64653e+06		480.961		
00:00:18:399		6.53823e+06		126.537		74.037		2.2542e+06		1.01837		296.137			00:00:18:399		1.34406e+07		-2.44561		2.71757		568.914		6.65549e+06		484.609		
00:00:18:300		6.54244e+06		126.537		74.037		2.2542e+06		1.01837		296.201			00:00:18:300		1.34525e+07		-2.4297		2.72097		568.863		6.65992e+06		485.214		
00:00:18:300		6.54244e+06		126.537		74.037		2.2542e+06		1.01837		296.201			00:00:18:300		1.34525e+07		-2.4297		2.72097		568.863		6.65992e+06		485.214		
00:00:18:300		6.54244e+06		126.537		74.037		2.2542e+06		1.01837		296.201			00:00:18:300		1.34525e+07		-2.4297		2.72097		568.863		6.65992e+06		485.214		
00:00:18:149		6.54875e+06		126.078		73.5006		2.21311e+06		1.00534		296.297			00:00:18:149		1.34703e+07		-2.40581		2.72604		568.772		6.66652e+06		485.925		
00:00:18:000		6.55507e+06		125.617		73.5006		2.21311e+06		1.00534		296.394			00:00:18:000		1.34882e+07		-2.38188		2.73111		568.662		6.67307e+06		486.79		
00:00:17:899		6.5592e+06		125.617		72.9588		2.17146e+06		0.992275		296.459			00:00:17:899		1.35001e+07		-2.3659		2.73441		568.571		6.67739e+06		487.351		
00:00:17:800		6.56328e+06		125.617		72.9588		2.17146e+06		0.992275		296.524			00:00:17:800		1.35119e+07		-2.34989		2.73777		568.47		6.68167e+06		487.951		
00:00:17:699		6.56731e+06		125.156		72.4112		2.12924e+06		0.979182		296.589			00:00:17:699		1.35238e+07		-2.33387		2.74117		568.353		6.68592e+06		486.252		
00:00:17:600		6.5714e+06		125.156		72.4112		2.12924e+06		0.979182		296.655			00:00:17:600		1.35357e+07		-2.31782		2.74463		568.219		6.69015e+06		486.65		
00:00:17:399		6.57969e+06		124.694		71.8578		2.08644e+06		0.96606		296.788			00:00:17:399		1.35595e+07		-2.28568		2.75136		567.91		6.69858e+06		489.666		
00:00:17:300		6.58367e+06		124.694		71.8578		2.08644e+06		0.96606		296.854			00:00:17:300		1.35714e+07		-2.26959		2.75457		567.735		6.70276e+06		488.092		
00:00:17:300		6.58367e+06		124.694		71.8578		2.08644e+06		0.96606		296.854			00:00:17:300		1.35714e+07		-2.26959		2.75457		567.735		6.70276e+06		488.092		
00:00:17:199		6.58775e+06		124.231		71.2992		2.04301e+06		0.952909		296.92			00:00:17:199		1.35833e+07		-2.25347		2.75763		567.549		6.70695e+06		488.276		
00:00:17:100		6.59185e+06		124.231		71.2992		2.04301e+06		0.952909		296.985			00:00:17:100		1.35951e+07		-2.23734		2.76074		567.348		6.71114e+06		491.006		
00:00:17:100		6.59185e+06		124.231		71.2992		2.04301e+06		0.952909		296.985			00:00:17:100		1.35951e+07		-2.23734		2.76074		567.348		6.71114e+06		491.006		
00:00:16:949		6.59769e+06		123.766		70.7352		1.99895e+06		0.93973		297.08			00:00:16:949		1.36129e+07		-2.21314		2.76537		567.031		6.7174e+06		489.98		
00:00:16:850		6.60179e+06		123.766		70.7352		1.99895e+06		0.93973		297.144			00:00:16:850		1.36247e+07		-2.19701		2.76879		566.806		6.72157e+06		492.461		
00:00:16:750		6.60566e+06		123.301		70.7352		1.99895e+06		0.93973		297.208			00:00:16:750		1.36365e+07		-2.18087		2.77215		566.57		6.72572e+06		491.071		
00:00:16:649		6.60952e+06		123.301		70.1663		1.95424e+06		0.92652		297.272			00:00:16:649		1.36484e+07		-2.16472		2.7755		566.323		6.72986e+06		493.868		
00:00:16:550		6.61334e+06		123.301		70.1663		1.95424e+06		0.92652		297.337			00:00:16:550		1.36602e+07		-2.14859		2.77886		566.067		6.73397e+06		492.612		
00:00:16:449		6.61708e+06		122.835		69.5927		1.90888e+06		0.91328		297.401			00:00:16:449		1.3672e+07		-2.13246		2.78229		565.805		6.73805e+06		493.564		
00:00:16:350		6.62092e+06		122.835		69.5927		1.90888e+06		0.91328		297.466			00:00:16:350		1.36838e+07		-2.11638		2.78588		565.535		6.74211e+06		494.066		
00:00:16:250		6.62482e+06		122.368		69.5927		1.90888e+06		0.91328		297.531			00:00:16:250		1.36955e+07		-2.10032		2.78965		565.257		6.74613e+06		494.391		
00:00:16:050		6.63224e+06		122.368		69.0144		1.86286e+06		0.900009		297.665			00:00:16:050		1.37189e+07		-2.06838		2.797		564.681		6.754e+06		497.617		
00:00:16:050		6.63224e+06		122.368		69.0144		1.86286e+06		0.900009		297.665			00:00:16:050		1.37189e+07		-2.06838		2.797		564.681		6.754e+06		497.617		
00:00:15:849		6.63963e+06		121.9		68.4314		1.81621e+06		0.886705		297.802			00:00:15:849		1.37423e+07		-2.03673		2.80414		564.067		6.76167e+06		496.441		
00:00:15:849		6.63963e+06		121.9		68.4314		1.81621e+06		0.886705		297.802			00:00:15:849		1.37423e+07		-2.03673		2.80414		564.067		6.76167e+06		496.441		
00:00:15:750		6.64329e+06		121.431		68.4314		1.81621e+06		0.886705		297.872			00:00:15:750		1.3754e+07		-2.02103		2.80772		563.743		6.76547e+06		498.857		
00:00:15:650		6.64688e+06		121.431		67.8439		1.76888e+06		0.87337		297.942			00:00:15:650		1.37657e+07		-2.00542		2.81123		563.414		6.76924e+06		499.22		
00:00:15:550		6.65049e+06		121.431		67.8439		1.76888e+06		0.87337		298.013			00:00:15:550		1.37774e+07		-1.98993		2.81478		563.074		6.77296e+06		497.834		
00:00:15:449		6.65411e+06		120.961		67.2528		1.72081e+06		0.860001		298.084			00:00:15:449		1.37891e+07		-1.97456		2.81815		562.724		6.77665e+06		498.043		
00:00:15:349		6.65768e+06		120.961		67.2528		1.72081e+06		0.860001		298.156			00:00:15:349		1.38008e+07		-1.95929		2.8215		562.367		6.78031e+06		500.157		
00:00:15:250		6.66124e+06		120.491		67.2528		1.72081e+06		0.860001		298.228			00:00:15:250		1.38125e+07		-1.94414		2.82486		562.001		6.78393e+06		500.491		
00:00:15:150		6.66474e+06		120.491		66.6579		1.67199e+06		0.846598		298.3			00:00:15:150		1.38242e+07		-1.9291		2.82822		561.62		6.78752e+06		498.849		
00:00:15:050		6.6683e+06		120.491		66.6579		1.67199e+06		0.846598		298.373			00:00:15:050		1.38359e+07		-1.91419		2.83159		561.231		6.79108e+06		500.919		
00:00:14:949		6.67177e+06		120.02		66.0593		1.62243e+06		0.833161		298.445			00:00:14:949		1.38476e+07		-1.89939		2.8349		560.827		6.7946e+06		501.097		
00:00:14:849		6.67524e+06		120.02		66.0593		1.62243e+06		0.833161		298.519			00:00:14:849		1.38593e+07		-1.88472		2.83824		560.41		6.7981e+06		499.549		
00:00:14:750		6.67869e+06		119.548		66.0593		1.62243e+06		0.833161		298.592			00:00:14:750		1.3871e+07		-1.87018		2.84152		559.981		6.80159e+06		499.708		
00:00:14:650		6.68214e+06		119.548		65.4577		1.57215e+06		0.819692		298.666			00:00:14:650		1.38827e+07		-1.85577		2.84491		559.536		6.80507e+06		500.146		
00:00:14:449		6.68914e+06		119.075		64.8533		1.52121e+06		0.80619		298.813			00:00:14:449		1.39063e+07		-1.82733		2.85152		558.608		6.81199e+06		501.918		
00:00:14:349		6.69251e+06		119.075		64.8533		1.52121e+06		0.80619		298.885			00:00:14:349		1.39181e+07		-1.81326		2.85452		558.129		6.81544e+06		502.237		
00:00:14:349		6.69251e+06		119.075		64.8533		1.52121e+06		0.80619		298.885			00:00:14:349		1.39181e+07		-1.81326		2.85452		558.129		6.81544e+06		502.237		
00:00:14:250		6.69584e+06		118.601		64.8533		1.52121e+06		0.80619		298.956			00:00:14:250		1.393e+07		-1.79926		2.85706		557.636		6.81887e+06		500.646		
00:00:14:150		6.69926e+06		118.601		64.2464		1.46949e+06		0.792658		299.025			00:00:14:150		1.3942e+07		-1.78531		2.85951		557.132		6.8223e+06		501.002		
00:00:14:050		6.70257e+06		118.601		64.2464		1.46949e+06		0.792658		299.092			00:00:14:050		1.3954e+07		-1.7714		2.86216		556.627		6.82575e+06		503.24		
00:00:13:949		6.70579e+06		118.126		63.6375		1.41694e+06		0.779094		299.158			00:00:13:949		1.39661e+07		-1.7575		2.86584		556.11		6.82917e+06		503.82		
00:00:13:800		6.71053e+06		118.126		63.6375		1.41694e+06		0.779094		299.258			00:00:13:800		1.39845e+07		-1.73661		2.87175		555.33		6.83424e+06		504.573		
00:00:13:699		6.71364e+06		117.65		63.0266		1.36366e+06		0.765498		299.327			00:00:13:699		1.3997e+07		-1.72264		2.87588		554.806		6.83755e+06		505.027		
00:00:13:599		6.7167e+06		117.65		63.0266		1.36366e+06		0.765498		299.397			00:00:13:599		1.40097e+07		-1.70862		2.87995		554.273		6.84079e+06		505.553		
00:00:13:500		6.71967e+06		117.173		63.0266		1.36366e+06		0.765498		299.47			00:00:13:500		1.40226e+07		-1.69452		2.88394		553.739		6.84397e+06		504.287		
00:00:13:400		6.72270e+06		117.173		62.4134		1.30948e+06		0.751868		299.543			00:00:13:400		1.40359e+07		-1.68034		2.88783		553.198		6.8471e+06		506.324		
00:00:13:300		6.72561e+06		117.173		62.4134		1.30948e+06		0.751868		299.618			00:00:13:300		1.40494e+07		-1.66607		2.89154		552.656		6.85018e+06		505.179		
00:00:13:199		6.72851e+06		116.696		61.7971		1.25437e+06		0.738204		299.695			00:00:13:199		1.40634e+07		-1.65175		2.89543		552.109		6.85322e+06		505.576		
00:00:13:099		6.73138e+06		116.696		61.7971		1.25437e+06		0.738204		299.772			00:00:13:099		1.40776e+07		-1.63738		2.89908		551.562		6.85622e+06		505.973		
00:00:13:000		6.73422e+06		116.217		61.7971		1.25437e+06		0.738204		299.85			00:00:13:000		1.40918e+07		-1.62295		2.90274		551.012		6.85921e+06		507.919		
00:00:12:900		6.73701e+06		116.217		61.1784		1.19842e+06		0.724505		299.929			00:00:12:900		1.41059e+07		-1.60844		2.90623		550.461		6.86217e+06		508.38		
00:00:12:800		6.73976e+06		116.217		61.1784		1.19842e+06		0.724505		300.009			00:00:12:800		1.41199e+07		-1.59382		2.90966		549.911		6.86509e+06		508.858		
00:00:12:699		6.74249e+06		115.737		60.5578		1.14157e+06		0.710771		300.089			00:00:12:699		1.41337e+07		-1.57907		2.91293		549.361		6.868e+06		509.216		
00:00:12:599		6.74526e+06		115.737		60.5578		1.14157e+06		0.710771		300.17			00:00:12:599		1.41472e+07		-1.56413		2.91639		548.808		6.8709e+06		509.678		
00:00:12:500		6.74796e+06		115.255		60.5578		1.14157e+06		0.710771		300.249			00:00:12:500		1.41599e+07		-1.54897		2.91985		548.25		6.87377e+06		510.155		
00:00:12:400		6.75063e+06		115.255		59.9354		1.08377e+06		0.697002		300.33			00:00:12:400		1.41715e+07		-1.53359		2.92342		547.692		6.87663e+06		510.729		
00:00:12:300		6.75323e+06		115.255		59.9354		1.08377e+06		0.697002		300.41			00:00:12:300		1.41824e+07		-1.51817		2.92674		547.134		6.87947e+06		509.662		
00:00:12:300		6.75323e+06		115.255		59.9354		1.08377e+06		0.697002		300.41			00:00:12:300		1.41824e+07		-1.51817		2.92674		547.134		6.87947e+06		509.662		
00:00:12:099		6.75857e+06		114.772		59.3118		1.02504e+06		0.683197		300.571			00:00:12:099		1.4204e+07		-1.48727		2.93371		546.017		6.88516e+06		510.728		
00:00:12:000		6.76121e+06		114.287		59.3118		1.02504e+06		0.683197		300.652			00:00:12:000		1.42148e+07		-1.47179		2.9367		545.457		6.888e+06		512.75		
00:00:11:900		6.7638e+06		114.287		58.6874		965269		0.669358		300.732			00:00:11:900		1.42254e+07		-1.45634		2.93975		544.899		6.89083e+06		513.367		
00:00:11:800		6.76636e+06		114.287		58.6874		965269		0.669358		300.812			00:00:11:800		1.42362e+07		-1.44086		2.94275		544.344		6.89366e+06		514.031		
00:00:11:699		6.76889e+06		113.8		58.0625		904332		0.655483		300.891			00:00:11:699		1.4247e+07		-1.42539		2.94536		543.791		6.89647e+06		514.583		
00:00:11:599		6.77146e+06		113.8		58.0625		904332		0.655483		300.969			00:00:11:599		1.42576e+07		-1.4099		2.94817		543.244		6.89927e+06		515.251		
00:00:11:500		6.77394e+06		113.31		58.0625		904332		0.655483		301.046			00:00:11:500		1.42682e+07		-1.39445		2.95095		542.703		6.90203e+06		515.778		
00:00:11:400		6.77394e+06		113.31		58.0625		904332		0.655483		301.046			00:00:11:400		1.42682e+07		-1.39445		2.95095		542.703		6.90203e+06		515.778		
00:00:11:300		6.7789e+06		113.31		57.4382		842307		0.641574		301.196			00:00:11:300		1.42895e+07		-1.36353		2.95821		541.65		6.90736e+06		515.296		
00:00:11:300		6.7789e+06		113.31		57.4382		842307		0.641574		301.196			00:00:11:300		1.42895e+07		-1.36353		2.95821		541.65		6.90736e+06		515.296		
00:00:11:150		6.78249e+06		112.818		56.8152		779452		0.62763		301.309			00:00:11:150		1.43057e+07		-1.34033		2.96398		540.881		6.91111e+06		515.706		
00:00:11:050		6.78484e+06		112.818		56.8152		779452		0.62763		301.385			00:00:11:050		1.43165e+07		-1.32484		2.9676		540.372		6.91351e+06		515.803		
00:00:10:949		6.78718e+06		112.321		56.1937		716505		0.613655		301.46			00:00:10:949		1.43272e+07		-1.30932		2.97099		539.875		6.91584e+06		517.104		
00:00:10:849		6.7894e+06		112.321		56.1937		716505		0.613655		301.532			00:00:10:849		1.43379e+07		-1.29378		2.97381		539.391		6.9181e+06		516.033		
00:00:10:750		6.79161e+06		111.818		56.1937		716505		0.613655		301.602			00:00:10:750		1.43485e+07		-1.2782		2.97646		538.918		6.92031e+06		516.19		
00:00:10:650		6.79376e+06		111.818		55.5746		656528		0.599649		301.669			00:00:10:650		1.4359e+07		-1.2626		2.97907		538.464		6.92248e+06		516.189		
00:00:10:550		6.79586e+06		111.818		55.5746		656528		0.599649		301.736			00:00:10:550		1.43695e+07		-1.24696		2.98382		538.027		6.92459e+06		517.412		
00:00:10:349		6.79979e+06		111.307		54.9579		610882		0.58561		301.877			00:00:10:349		1.43903e+07		-1.21558		2.9928		537.229		6.92868e+06		516.837		
00:00:10:250		6.80164e+06		110.777		54.9579		610882		0.58561		301.951			00:00:10:250		1.44006e+07		-1.19984		2.99718		536.862		6.93064e+06		517.141		
00:00:10:250		6.80164e+06		110.777		54.9579		610882		0.58561		301.951			00:00:10:250		1.44006e+07		-1.19984		2.99718		536.862		6.93064e+06		517.141		
00:00:10:150		6.80346e+06		110.777		54.3434		576725		0.571535		302.026			00:00:10:150		1.44107e+07		-1.18406		3.00124		536.52		6.93255e+06		517.413		
00:00:10:050		6.80514e+06		110.777		54.3434		576725		0.571535		302.103			00:00:10:050		1.44207e+07		-1.16824		3.00524		536.196		6.93438e+06		517.684		
00:00:09:949		6.80679e+06		110.193		53.7277		542260		0.557424		302.181			00:00:09:949		1.44305e+07		-1.15238		3.00928		535.872		6.93612e+06		518.761		
00:00:09:849		6.80836e+06		110.193		53.7277		542260		0.557424		302.26			00:00:09:849		1.444e+07		-1.13647		3.01334		535.548		6.93774e+06		518.009		
00:00:09:750		6.80992e+06		109.974		53.7277		542260		0.557424		302.34			00:00:09:750		1.44491e+07		-1.12054		3.01714		535.209		6.93924e+06		518.683		
00:00:09:650		6.81153e+06		109.974		53.1095		508094		0.543275		302.42			00:00:09:650		1.44581e+07		-1.10467		3.02096		534.865		6.9408e+06		519.191		
00:00:09:550		6.8132e+06		109.974		53.1095		508094		0.543275		302.501			00:00:09:550		1.44674e+07		-1.08888		3.02472		534.52		6.94272e+06		519.807		
00:00:09:449		6.81486e+06		109.748		52.4875		474235		0.529087		302.583			00:00:09:449		1.4477e+07		-1.07316		3.02833		534.171		6.94467e+06		520.562		
00:00:09:349		6.81648e+06		109.748		52.4875		474235		0.529087		302.666			00:00:09:349		1.44871e+07		-1.0575		3.03157		533.824		6.94666e+06		521.431		
00:00:09:250		6.81807e+06		109.516		52.4875		474235		0.529087		302.749			00:00:09:250		1.44972e+07		-1.04168		3.03432		533.48		6.94867e+06		521.386		
00:00:09:150		6.81966e+06		109.516		51.8629		440808		0.51486		302.83			00:00:09:150		1.45068e+07		-1.02588		3.03692		533.136		6.95072e+06		522.383		
00:00:09:050		6.82121e+06		109.516		51.8629		440808		0.51486		302.909			00:00:09:050		1.45161e+07		-1.01002		3.03925		532.805		6.9528e+06		524.579		
00:00:08:949		6.82271e+06		109.278		51.2361		407944		0.500594		302.987			00:00:08:949		1.45249e+07		-0.994003		3.04202		532.483		6.95487e+06		525.857		
00:00:08:849		6.82412e+06		109.278		51.2361		407944		0.500594		303.063			00:00:08:849		1.45328e+07		-0.97792		3.04544		532.171		6.95691e+06		527.014		
00:00:08:699		6.82617e+06		109.033		50.6081		375679		0.486288		303.174			00:00:08:699		1.45438e+07		-0.953931		3.05193		531.731		6.95977e+06		527.666		
00:00:08:650		6.8268e+06		109.033		50.6081		375679		0.486288		303.212			00:00:08:650		1.45475e+07		-0.946009		3.05412		531.592		6.96066e+06		529.035		
00:00:08:550		6.82803e+06		109.033		50.6081		375679		0.486288		303.29			00:00:08:550		1.45553e+07		-0.930293		3.05828		531.316		6.96236e+06		529.899		
00:00:08:449		6.82921e+06		108.782		49.9808		344065		0.471941		303.371			00:00:08:449		1.45635e+07		-0.914761		3.0624		531.056		6.96396e+06		530.663		
00:00:08:349		6.83034e+06		108.782		49.9808		344065		0.471941		303.454			00:00:08:349		1.45724e+07		-0.899435		3.06623		530.808		6.96545e+06		530.622		
00:00:08:250		6.83143e+06		108.523		49.3562		313118		0.457549		303.538			00:00:08:250		1.45819e+07		-0.884287		3.06971		530.57		6.96687e+06		531.951		
00:00:08:099		6.83292e+06		108.523		49.3562		313118		0.457549		303.668			00:00:08:099		1.45973e+07		-0.861725		3.07484		530.256		6.96884e+06		532.264		
00:00:08:000		6.83387e+06		108.258		49.3562		313118		0.457549		303.757			00:00:08:000		1.46076e+07		-0.846716		3.07842		530.083		6.97006e+06		533.393		
00:00:07:900		6.83473e+06		108.258		48.7352		282921		0.443112		303.846			00:00:07:900		1.46178e+07		-0.831726		3.08209		529.952		6.97122e+06		533.909		
00:00:07:799		6.83556e+06		108.258		48.7352		282921		0.443112		303.936			00:00:07:799		1.4628e+07		-0.816752		3.0853		529.871		6.97232e+06		533.926		
00:00:07:750		6.83595e+06		107.987		48.7352		282921		0.443112		303.981			00:00:07:750		1.46331e+07		-0.809275		3.08668		529.853		6.97285e+06		534.177		
00:00:07:599		6.83704e+06		107.987		48.1191		253662		0.428629		304.118			00:00:07:599		1.46483e+07		-0.786872		3.09082		529.893		6.97435e+06		535.072		
00:00:07:500		6.83768e+06		107.708		48.1191		253662		0.428629		304.21			00:00:07:500		1.46584e+07		-0.771966		3.09379		529.989		6.9753e+06		536.147		
00:00:07:299		6.83869e+06		107.708		47.5102		225535		0.414098		304.396			00:00:07:299		1.46785e+07		-0.742229		3.10039		530.221		6.97711e+06		537.829		
00:00:07:299		6.83869e+06		107.708		47.5102		225535		0.414098		304.396			00:00:07:299		1.46785e+07		-0.742229		3.10039		530.221		6.97711e+06		537.829		
00:00:07:200		6.83906e+06		107.423		46.9099		198692		0.39952		304.492			00:00:07:200		1.46885e+07		-0.727402		3.10294		530.249		6.97805e+06		539.141		
00:00:07:099		6.83934e+06		107.423		46.9099		198692		0.39952		304.588			00:00:07:099		1.46985e+07		-0.712603		3.10518		530.138		6.97906e+06		540.642		
00:00:07:000		6.8397e+06		107.131		46.9099		198692		0.39952		304.684			00:00:07:000		1.47084e+07		-0.697834		3.10808		529.93		6.98002e+06		541.378		
00:00:06:900		6.84077e+06		107.131		46.3202		173439		0.384893		304.78			00:00:06:900		1.47183e+07		-0.683102		3.11169		529.693		6.98071e+06		539.817		
00:00:06:799		6.84393e+06		107.131		46.3202		173439		0.384893		304.875			00:00:06:799		1.47282e+07		-0.668412		3.11466		529.463		6.98105e+06		532.709		
00:00:06:700		6.84974e+06		106.834		45.7444		149981		0.370218		304.97			00:00:06:700		1.4738e+07		-0.653759		3.11612		529.249		6.98113e+06		520.32		
00:00:06:599		6.85309e+06		106.834		45.7444		149981		0.370218		305.067			00:00:06:599		1.47478e+07		-0.639143		3.11732		529.059		6.98112e+06		517.421		
00:00:06:500		6.85144e+06		106.531		45.7444		149981		0.370218		305.163			00:00:06:500		1.47576e+07		-0.624571		3.12025		528.889		6.98109e+06		520.635		
00:00:06:400		6.84985e+06		106.531		45.1844		128451		0.355494		305.26			00:00:06:400		1.47674e+07		-0.610042		3.12469		528.755		6.98106e+06		523.678		
00:00:06:299		6.8483e+06		106.531		45.1844		128451		0.355494		305.357			00:00:06:299		1.47771e+07		-0.595557		3.12887		528.653		6.98103e+06		526.647		
00:00:06:200		6.84678e+06		106.224		44.6424		109104		0.34072		305.455			00:00:06:200		1.47868e+07		-0.581129		3.13		528.583		6.98099e+06		529.539		
00:00:06:099		6.84528e+06		106.224		44.6424		109104		0.34072		305.554			00:00:06:099		1.47965e+07		-0.566752		3.12972		528.528		6.98096e+06		532.397		
00:00:06:000		6.84379e+06		105.914		44.6424		109104		0.34072		305.653			00:00:06:000		1.48061e+07		-0.55243		3.13243		528.491		6.98091e+06		535.134		
00:00:05:900		6.84235e+06		105.914		44.1224		92369.5		0.325893		305.754			00:00:05:900		1.48157e+07		-0.538161		3.13905		528.458		6.98084e+06		537.696		
00:00:05:799		6.8411e+06		105.914		44.1224		92369.5		0.325893		305.855			00:00:05:799		1.48253e+07		-0.523948		3.14448		528.432		6.98074e+06		539.797		
00:00:05:799		6.8411e+06		105.914		44.1224		92369.5		0.325893		305.855			00:00:05:799		1.48253e+07		-0.523948		3.14448		528.432		6.98074e+06		539.797		
00:00:05:700		6.84035e+06		105.601		43.6283		77917.9		0.311015		305.957			00:00:05:700		1.48348e+07		-0.509801		3.14383		528.415		6.98058e+06		540.235		
00:00:05:500		6.83977e+06		105.286		43.6283		77917.9		0.311015		306.161			00:00:05:500		1.48538e+07		-0.481706		3.13981		528.397		6.98011e+06		540.458		
00:00:05:400		6.83942e+06		105.286		43.1656		65148.6		0.296085		306.263			00:00:05:400		1.48632e+07		-0.467761		3.14903		528.397		6.97979e+06		540.295		
00:00:05:299		6.83904e+06		105.286		43.1656		65148.6		0.296085		306.366			00:00:05:299		1.48727e+07		-0.453884		3.15838		528.402		6.97943e+06		540.482		
00:00:05:200		6.83861e+06		104.997		42.7323		54053.3		0.281103		306.467			00:00:05:200		1.48821e+07		-0.440082		3.15689		528.413		6.97902e+06		540.231		
00:00:05:099		6.83817e+06		104.997		42.7323		54053.3		0.281103		306.567			00:00:05:099		1.48915e+07		-0.426348		3.14528		528.432		6.97857e+06		540.384		
00:00:05:000		6.83769e+06		104.701		42.7323		54053.3		0.281103		306.668			00:00:05:000		1.49009e+07		-0.412685		3.14055		528.454		6.97808e+06		540.066		
00:00:04:900		6.83718e+06		104.701		42.3282		44537.6		0.26607		306.768			00:00:04:900		1.49103e+07		-0.399088		3.15548		528.48		6.97755e+06		539.959		
00:00:04:799		6.83665e+06		104.701		42.3282		44537.6		0.26607		306.868			00:00:04:799		1.49197e+07		-0.385569		3.17556		528.513		6.97698e+06		539.83		
00:00:04:799		6.83665e+06		104.701		42.3282		44537.6		0.26607		306.868			00:00:04:799		1.49197e+07		-0.385569		3.17556		528.513		6.97698e+06		539.83		
00:00:04:700		6.83583e+06		104.401		41.9574		36600.8		0.250986		307.017			00:00:04:700		1.49338e+07		-0.365432		3.16515		528.568		6.97608e+06		539.566		
00:00:04:549		6.83526e+06		104.401		41.9574		36600.8		0.250986		307.116			00:00:04:549		1.49432e+07		-0.352106		3.13907		528.613		6.97544e+06		539.377		
00:00:04:349		6.8341e+06		104.097		41.6236		29892.6		0.235851		307.312			00:00:04:349		1.49621e+07		-0.32573		3.1777		528.71		6.97411e+06		539.294		
00:00:04:250		6.8335e+06		103.786		41.6236		29892.6		0.235851		307.411			00:00:04:250		1.49716e+07		-0.31266		3.21107		528.764		6.97341e+06		538.692		
00:00:04:250		6.8335e+06		103.786		41.6236		29892.6		0.235851		307.411			00:00:04:250		1.49716e+07		-0.31266		3.21107		528.764		6.97341e+06		538.692		
00:00:04:150		6.83291e+06		103.786		41.3266		23901.2		0.220666		307.508			00:00:04:150		1.49811e+07		-0.299639		3.18717		528.827		6.97271e+06		538.418		
00:00:04:049		6.83233e+06		103.786		41.3266		23901.2		0.220666		307.606			00:00:04:049		1.49908e+07		-0.286686		3.12928		528.889		6.97199e+06		538.122		
00:00:03:950		6.83176e+06		103.504		41.048		18469.5		0.20543		307.703			00:00:03:950		1.50006e+07		-0.273801		3.10831		528.956		6.97128e+06		538.184		
00:00:03:850		6.83119e+06		103.504		41.048		18469.5		0.20543		307.797			00:00:03:850		1.50106e+07		-0.260994		3.18426		529.029		6.97056e+06		537.481		
00:00:03:750		6.83064e+06		103.214		41.048		18469.5		0.20543		307.891			00:00:03:750		1.50208e+07		-0.248237		3.26228		529.103		6.96985e+06		537.126		
00:00:03:649		6.83012e+06		103.214		40.7605		13593		0.190145		307.984			00:00:03:649		1.50313e+07		-0.235515		3.23557		529.179		6.96915e+06		537.085		
00:00:03:549		6.82961e+06		103.214		40.7605		13593		0.190145		308.076			00:00:03:549		1.5042e+07		-0.222805		3.11088		529.26		6.96846e+06		536.377		
00:00:03:350		6.82871e+06		102.917		40.4462		9499.59		0.174812		308.258			00:00:03:350		1.50639e+07		-0.19709		3.17068		529.424		6.96714e+06		535.545		
00:00:03:250		6.82833e+06		102.611		40.4462		9499.59		0.174812		308.346			00:00:03:250		1.50734e+07		-0.183846		3.36071		529.509		6.96653e+06		535.372		
00:00:03:250		6.82833e+06		102.611		40.4462		9499.59		0.174812		308.346			00:00:03:250		1.50734e+07		-0.183846		3.36071		529.509		6.96653e+06		535.372		
00:00:03:149		6.82798e+06		102.611		40.1015		6225.42		0.159432		308.433			00:00:03:149		1.50814e+07		-0.170543		3.55272		529.591		6.96595e+06		534.921		
00:00:03:049		6.82769e+06		102.611		40.1015		6225.42		0.159432		308.519			00:00:03:049		1.50892e+07		-0.157252		3.74618		529.672		6.96542e+06		534.201		
00:00:02:950		6.82746e+06		102.293		39.7211		3653.3		0.144006		308.605			00:00:02:950		1.50969e+07		-0.14397		3.94072		529.755		6.96493e+06		533.732		
00:00:02:850		6.82728e+06		102.293		39.7211		3653.3		0.144006		308.692			00:00:02:850		1.51046e+07		-0.130695		4.13581		529.833		6.9645e+06		533.445		
00:00:02:750		6.82716e+06		102.01		39.7211		3653.3		0.144006		308.779			00:00:02:750		1.51123e+07		-0.117422		4.32909		529.901		6.96413e+06		532.961		
00:00:02:649		6.82711e+06		102.01		39.2752		1830.77		0.128534		308.864			00:00:02:649		1.51199e+07		-0.104147		4.50123		529.965		6.96381e+06		532.35		
00:00:02:549		6.82711e+06		102.01		39.2752		1830.77		0.128534		308.948			00:00:02:549		1.51276e+07		-0.0908799		4.5005		530.026		6.96356e+06		531.987		
00:00:02:450		6.82717e+06		101.72		38.7972		715.018		0.113015		309.029			00:00:02:450		1.51354e+07		-0.0776272		4.2957		530.079		6.96338e+06		531.463		
00:00:02:350		6.82729e+06		101.72		38.7972		715.018		0.113015		309.103			00:00:02:350		1.51435e+07		-0.0643687		4.09248		530.125		6.96325e+06		531.079		
00:00:02:200		6.82756e+06		101.425		38.3348		186.933		0.0974386		309.189			00:00:02:200		1.51563e+07		-0.0444436		3.7903		530.177		6.96319e+06		530.455		
00:00:02:100		6.82781e+06		101.425		38.3348		186.933		0.0974386		309.226			00:00:02:100		1.51654e+07		-0.0311403		3.58965		530.201		6.96321e+06		530.046		
00:00:02:049		6.82794e+06		101.425		38.3348		186.933		0.0974386		309.238			00:00:02:049		1.51702e+07		-0.024477		3.49117		530.21		6.96325e+06		529.919		
00:00:01:949		6.82823e+06		101.131		37.9169		24.9963		0.0817853		309.245			00:00:01:949		1.51803e+07		-0.0111098		3.30085		530.223		6.96334e+06		529.579		
00:00:01:850		6.82855e+06		101.131		37.9169		24.9963		0.0817853		309.228			00:00:01:850		1.51913e+07		0.00232935		3.14391		530.232		6.96348e+06		529.16		
00:00:01:750		6.8289e+06		100.843		37.9169		24.9963		0.0817853		309.188			00:00:01:750		1.52031e+07		0.0158863		3.15479		530.232		6.96364e+06		528.913		
00:00:01:600		6.82943e+06		100.843		37.5511		0		0.0660478		309.084			00:00:01:600		1.5223e+07		0.036552		3.22116		530.228		6.96393e+06		528.392		
00:00:01:500		6.82976e+06		100.595		37.5511		0		0.0660478		308.995			00:00:01:500		1.52377e+07		0.0505152		3.2146		530.221		6.96414e+06		528.166		
00:00:01:399		6.83009e+06		100.595		37.1388		0		0.0501008		308.912			00:00:01:399		1.52536e+07		0.0645189		3.18756		530.214		6.96434e+06		527.933		
00:00:01:300		6.83037e+06		100.595		37.1388		0		0.0501008		308.871			00:00:01:300		1.52707e+07		0.0783896		3.27527		530.216		6.96451e+06		527.677		
00:00:01:199		6.83061e+06		100.313		36.7204		0		0.033714		308.91			00:00:01:199		1.52885e+07		0.0920405		3.41051		530.206		6.96463e+06		527.494		
00:00:01:100		6.83079e+06		100.313		36.7204		0		0.033714		308.981			00:00:01:100		1.53068e+07		0.105691		3.50859		530.201		6.96471e+06		527.228		
00:00:01:000		6.83094e+06		99.9815		36.7204		0		0.033714		309.071			00:00:01:000		1.53266e+07		0.119617		3.5789		530.201		6.96475e+06		527.03		
00:00:00:900		6.83105e+06		99.9815		36.4315		0		0.0169043		309.174			00:00:00:900		1.53507e+07		0.134504		3.61796		530.203		6.96477e+06		526.871		
00:00:00:800		6.83113e+06		99.9815		36.4315		0		0.0169043		309.272			00:00:00:800		1.53816e+07		0.149047		3.63375		530.203		6.9648e+06		526.803		
00:00:00:750		6.83115e+06		99.6878		36.4315		0		0.0169043		309.317			00:00:00:750		1.53994e+07		0.15537		3.642		530.204		6.96481e+06		526.814		
00:00:00:599		6.83117e+06		99.6878		36.3831		0		0		309.498			00:00:00:599		1.54534e+07		0.170232		3.63534		530.208		6.96485e+06		526.821		
00:00:00:500		6.83117e+06		100.069		36.3831		0		0		309.711			00:00:00:500		1.54766e+07		0.172839		3.39421		530.21		6.96485e+06		526.826		
00:00:00:400		6.83117e+06		100.069		36.3834		0		0		309.846			00:00:00:400		1.54786e+07		0.17284		2.83568		530.214		6.96485e+06		526.824		
00:00:00:299		6.83116e+06		100.069		36.3834		0		0		309.846			00:00:00:299		1.54786e+07		0.17284		2.83568		530.217		6.96485e+06		526.825		
00:00:00:200		6.83116e+06		100.069		36.3837		0		0		309.846			00:00:00:200		1.54785e+07		0.17284		2.83572		530.219		6.96484e+06		526.827		
00:00:00:100		6.83116e+06		100.069		36.3837		0		0		309.846			00:00:00:100		1.54785e+07		0.17284		2.83572		530.221		6.96484e+06		526.821		
00:00:00:000		6.83115e+06		100.069		36.3837		0		0		309.846			00:00:00:000		1.54785e+07		0.17284		2.83571		530.225		6.96483e+06		526.826		
00:00:00:000		6.83115e+06		100.069		36.3837		0		0		309.846			00:00:00:000		1.54785e+07		0.17284		2.83571		530.225		6.96483e+06		526.826		
00:00:00:000		6.83115e+06		100.069		36.3837		0		0		309.846			00:00:00:000		1.54785e+07		0.17284		2.83571		530.225		6.96483e+06		526.826		
00:00:00:000		6.83115e+06		100.069		36.3837		0		0		309.846			00:00:00:000		1.54785e+07		0.17284		2.83571		530.225		6.96483e+06		526.826		
00:00:00:000		6.83115e+06		100.069		36.3837		0		0		309.846			00:00:00:000		1.54785e+07		0.17284		2.83571		530.225		6.96483e+06		526.826		
00:00:00:000		6.83115e+06		100.069		36.3837		0		0		309.846			00:00:00:000		1.54785e+07		0.17284		2.83571		530.225		6.96483e+06		526.826		
