	time 		rcpppzr	rcp054rcp007mnzoyout	rcv501std0102fvol	fwfrcp001gv	rcppmssga	msfsg(1)			time 		gpv001pnt10113ppntm	evf507ety101mpzoyout	chtcon(1)	chavg(1)	chlhsumpa	rcptavgn	
00:01:05:150		7.32519e+06		-5.84899		0		0		7.00107e+06		-23.537			00:01:05:150		7.00106e+06		165.094		106.16		4.44583e+06		2.09835		289.127		
00:01:05:049		7.32971e+06		-5.84867		0		0		7.00039e+06		-32.1792			00:01:05:049		7.00114e+06		165.094		106.16		4.44583e+06		2.09835		289.125		
00:01:04:900		7.33678e+06		-5.84827		0		0		7.00009e+06		-14.766			00:01:04:900		7.00058e+06		164.918		106.108		4.439e+06		2.09351		289.124		
00:01:04:849		7.33921e+06		-5.84817		0		0		7.00017e+06		-5.70335			00:01:04:849		7.00046e+06		164.918		106.108		4.439e+06		2.09351		289.123		
00:01:04:750		7.34418e+06		-5.84799		0		0		7.0005e+06		16.6953			00:01:04:750		7.00052e+06		164.741		106.108		4.439e+06		2.09351		289.122		
00:01:04:650		7.3493e+06		-5.84786		0		0		7.00083e+06		30.0494			00:01:04:650		7.00028e+06		164.741		106.056		4.43218e+06		2.08867		289.121		
00:01:04:549		7.35457e+06		-5.84779		0		0		7.00089e+06		27.2932			00:01:04:549		6.99991e+06		164.741		106.056		4.43218e+06		2.08867		289.12		
00:01:04:400		7.36275e+06		-5.84779		0		0		7.00027e+06		6.56018			00:01:04:400		6.9998e+06		164.565		106.004		4.42531e+06		2.08383		289.119		
00:01:04:299		7.36839e+06		-5.84785		0		0		6.99947e+06		-19.5865			00:01:04:299		6.99941e+06		164.565		106.004		4.42531e+06		2.08383		289.117		
00:01:04:200		7.37419e+06		-5.84797		0		0		6.99871e+06		-32.4256			00:01:04:200		6.99927e+06		164.389		105.951		4.41845e+06		2.07899		289.116		
00:01:04:150		7.37715e+06		-5.84803		0		0		6.99843e+06		-32.5267			00:01:04:150		6.99927e+06		164.389		105.951		4.41845e+06		2.07899		289.116		
00:01:04:000		7.38625e+06		-5.84826		0		0		6.99826e+06		-11.3464			00:01:04:000		6.99867e+06		164.213		105.951		4.41845e+06		2.07899		289.114		
00:01:03:950		7.38936e+06		-5.84835		0		0		6.99839e+06		1.12587			00:01:03:950		6.99861e+06		164.213		105.898		4.41159e+06		2.07416		289.114		
00:01:03:850		7.39569e+06		-5.84853		0		0		6.99875e+06		19.6227			00:01:03:850		6.99864e+06		164.213		105.898		4.41159e+06		2.07416		289.113		
00:01:03:750		7.40216e+06		-5.84872		0		0		6.99903e+06		32.3548			00:01:03:750		6.99832e+06		164.036		105.898		4.41159e+06		2.07416		289.111		
00:01:03:649		7.40878e+06		-5.84893		0		0		6.99898e+06		25.2063			00:01:03:649		6.99802e+06		164.036		105.845		4.40472e+06		2.06932		289.11		
00:01:03:549		7.41554e+06		-5.84915		0		0		6.99854e+06		12.0583			00:01:03:549		6.99797e+06		164.036		105.845		4.40472e+06		2.06932		289.109		
00:01:03:399		7.42594e+06		-5.8495		0		0		6.99738e+06		-22.4167			00:01:03:399		6.99735e+06		163.859		105.791		4.39781e+06		2.06448		289.107		
00:01:03:299		7.43306e+06		-5.84975		0		0		6.99671e+06		-31.1932			00:01:03:299		6.99736e+06		163.859		105.791		4.39781e+06		2.06448		289.106		
00:01:03:200		7.44031e+06		-5.85001		0		0		6.99641e+06		-18.7574			00:01:03:200		6.99706e+06		163.683		105.737		4.39101e+06		2.05964		289.105		
00:01:03:100		7.44771e+06		-5.85028		0		0		6.99648e+06		-1.15981			00:01:03:100		6.99674e+06		163.683		105.737		4.39101e+06		2.05964		289.104		
00:01:03:000		7.45524e+06		-5.85056		0		0		6.99681e+06		20.1428			00:01:03:000		6.99673e+06		163.507		105.737		4.39101e+06		2.05964		289.103		
00:01:02:899		7.4629e+06		-5.85084		0		0		6.99709e+06		30.9238			00:01:02:899		6.99638e+06		163.507		105.683		4.38419e+06		2.05481		289.101		
00:01:02:899		7.4629e+06		-5.85084		0		0		6.99709e+06		30.9238			00:01:02:899		6.99638e+06		163.507		105.683		4.38419e+06		2.05481		289.101		
00:01:02:799		7.47069e+06		-5.85113		0		0		6.99707e+06		24.7102			00:01:02:799		6.99616e+06		163.507		105.683		4.38419e+06		2.05481		289.1		
00:01:02:700		7.4786e+06		-5.85143		0		0		6.99666e+06		11.5187			00:01:02:700		6.99607e+06		163.33		105.628		4.37725e+06		2.04997		289.099		
00:01:02:600		7.48664e+06		-5.85172		0		0		6.9959e+06		-18.565			00:01:02:600		6.99567e+06		163.33		105.628		4.37725e+06		2.04997		289.097		
00:01:02:500		7.49481e+06		-5.852		0		0		6.99511e+06		-31.5631			00:01:02:500		6.99558e+06		163.154		105.628		4.37725e+06		2.04997		289.096		
00:01:02:299		7.51154e+06		-5.85254		0		0		6.99457e+06		-9.71828			00:01:02:299		6.99497e+06		163.154		105.574		4.37031e+06		2.04513		289.093		
00:01:02:200		7.52011e+06		-5.85279		0		0		6.99486e+06		15.4505			00:01:02:200		6.99494e+06		162.979		105.519		4.36344e+06		2.0403		289.092		
00:01:02:200		7.52011e+06		-5.85279		0		0		6.99486e+06		15.4505			00:01:02:200		6.99494e+06		162.979		105.519		4.36344e+06		2.0403		289.092		
00:01:02:100		7.52878e+06		-5.85301		0		0		6.99518e+06		28.926			00:01:02:100		6.99466e+06		162.979		105.519		4.36344e+06		2.0403		289.091		
00:01:01:899		7.54653e+06		-5.85337		0		0		6.99497e+06		16.7039			00:01:01:899		6.9943e+06		162.804		105.464		4.35665e+06		2.03546		289.088		
00:01:01:899		7.54653e+06		-5.85337		0		0		6.99497e+06		16.7039			00:01:01:899		6.9943e+06		162.804		105.464		4.35665e+06		2.03546		289.088		
00:01:01:799		7.5556e+06		-5.8535		0		0		6.99428e+06		0			00:01:01:799		6.99392e+06		162.804		105.464		4.35665e+06		2.03546		289.086		
00:01:01:700		7.56479e+06		-5.85359		0		0		6.99345e+06		-29.7062			00:01:01:700		6.99366e+06		162.628		105.408		4.3498e+06		2.03062		289.085		
00:01:01:600		7.57409e+06		-5.85364		0		0		6.99283e+06		-31.155			00:01:01:600		6.99357e+06		162.628		105.408		4.3498e+06		2.03062		289.084		
00:01:01:500		7.58353e+06		-5.85365		0		0		6.99264e+06		-14.5321			00:01:01:500		6.99315e+06		162.453		105.408		4.3498e+06		2.03062		289.082		
00:01:01:399		7.59308e+06		-5.85362		0		0		6.99284e+06		10.3886			00:01:01:399		6.993e+06		162.453		105.353		4.34289e+06		2.02578		289.081		
00:01:01:149		7.61759e+06		-5.85346		0		0		6.9933e+06		26.1555			00:01:01:149		6.99236e+06		162.279		105.297		4.33602e+06		2.02094		289.077		
00:01:01:149		7.61759e+06		-5.85346		0		0		6.9933e+06		26.1555			00:01:01:149		6.99236e+06		162.279		105.297		4.33602e+06		2.02094		289.077		
00:01:00:950		7.63783e+06		-5.85329		0		0		6.99214e+06		-18.8109			00:01:00:950		6.99186e+06		162.105		105.241		4.32922e+06		2.01609		289.075		
00:01:00:850		7.64816e+06		-5.8532		0		0		6.99133e+06		-30.9897			00:01:00:850		6.9917e+06		162.105		105.241		4.32922e+06		2.01609		289.073		
00:01:00:850		7.64816e+06		-5.8532		0		0		6.99133e+06		-30.9897			00:01:00:850		6.9917e+06		162.105		105.241		4.32922e+06		2.01609		289.073		
00:01:00:799		7.65337e+06		-5.85316		0		0		6.99102e+06		-31.8608			00:01:00:799		6.99166e+06		162.105		105.241		4.32922e+06		2.01609		289.073		
00:01:00:700		7.66389e+06		-5.85307		0		0		6.9907e+06		-21.0314			00:01:00:700		6.99129e+06		161.932		105.186		4.32243e+06		2.01125		289.071		
00:01:00:600		7.67456e+06		-5.85299		0		0		6.99079e+06		0			00:01:00:600		6.99099e+06		161.932		105.186		4.32243e+06		2.01125		289.07		
00:01:00:500		7.68538e+06		-5.8529		0		0		6.99109e+06		22.0555			00:01:00:500		6.99092e+06		161.758		105.186		4.32243e+06		2.01125		289.068		
00:01:00:399		7.69637e+06		-5.85279		0		0		6.9913e+06		32.0995			00:01:00:399		6.99051e+06		161.758		105.13		4.31568e+06		2.00641		289.067		
00:01:00:299		7.70754e+06		-5.85267		0		0		6.99119e+06		22.6547			00:01:00:299		6.99036e+06		161.758		105.13		4.31568e+06		2.00641		289.066		
00:01:00:100		7.73609e+06		-5.85236		0		0		6.98948e+06		-28.8826			00:01:00:100		6.98966e+06		161.585		105.074		4.30888e+06		2.00156		289.063		
00:01:00:100		7.73609e+06		-5.85236		0		0		6.98948e+06		-28.8826			00:01:00:100		6.98966e+06		161.585		105.074		4.30888e+06		2.00156		289.063		
00:00:59:899		7.75369e+06		-5.85219		0		0		6.98876e+06		-23.6887			00:00:59:899		6.98937e+06		161.412		105.017		4.30208e+06		1.99671		289.061		
00:00:59:899		7.75369e+06		-5.85219		0		0		6.98876e+06		-23.6887			00:00:59:899		6.98937e+06		161.412		105.017		4.30208e+06		1.99671		289.061		
00:00:59:799		7.7656e+06		-5.85208		0		0		6.98879e+06		0			00:00:59:799		6.98898e+06		161.412		105.017		4.30208e+06		1.99671		289.059		
00:00:59:700		7.77768e+06		-5.85199		0		0		6.98907e+06		20.5508			00:00:59:700		6.98895e+06		161.241		104.961		4.29529e+06		1.99187		289.058		
00:00:59:600		7.7899e+06		-5.85191		0		0		6.98929e+06		30.9202			00:00:59:600		6.98858e+06		161.241		104.961		4.29529e+06		1.99187		289.056		
00:00:59:500		7.80228e+06		-5.85184		0		0		6.98921e+06		23.8815			00:00:59:500		6.98834e+06		161.069		104.961		4.29529e+06		1.99187		289.055		
00:00:59:399		7.81482e+06		-5.85179		0		0		6.98874e+06		9.65205			00:00:59:399		6.9882e+06		161.069		104.905		4.28847e+06		1.98702		289.053		
00:00:59:299		7.8275e+06		-5.85176		0		0		6.98796e+06		-21.0546			00:00:59:299		6.98777e+06		161.069		104.905		4.28847e+06		1.98702		289.051		
00:00:59:200		7.84032e+06		-5.85175		0		0		6.98718e+06		-32.3351			00:00:59:200		6.98770e+06		160.898		104.848		4.2817e+06		1.98216		289.05		
00:00:59:000		7.86635e+06		-5.85178		0		0		6.98675e+06		-3.63149			00:00:59:000		6.98704e+06		160.727		104.848		4.2817e+06		1.98216		289.047		
00:00:58:899		7.87957e+06		-5.85181		0		0		6.98705e+06		19.6355			00:00:58:899		6.987e+06		160.727		104.791		4.27493e+06		1.97731		289.045		
00:00:58:899		7.87957e+06		-5.85181		0		0		6.98705e+06		19.6355			00:00:58:899		6.987e+06		160.727		104.791		4.27493e+06		1.97731		289.045		
00:00:58:799		7.89294e+06		-5.85185		0		0		6.98731e+06		31.3917			00:00:58:799		6.98664e+06		160.727		104.791		4.27493e+06		1.97731		289.043		
00:00:58:750		7.90643e+06		-5.8519		0		0		6.9873e+06		26.7887			00:00:58:750		6.98634e+06		160.556		104.734		4.26815e+06		1.97246		289.042		
00:00:58:600		7.92007e+06		-5.85195		0		0		6.98687e+06		13.5155			00:00:58:600		6.98623e+06		160.556		104.734		4.26815e+06		1.97246		289.041		
00:00:58:500		7.93383e+06		-5.85199		0		0		6.98608e+06		-19.5587			00:00:58:500		6.9858e+06		160.385		104.734		4.26815e+06		1.97246		289.04		
00:00:58:399		7.94772e+06		-5.85203		0		0		6.98525e+06		-31.9316			00:00:58:399		6.98565e+06		160.385		104.677		4.26135e+06		1.9676		289.039		
00:00:58:299		7.96174e+06		-5.85204		0		0		6.98472e+06		-28.9654			00:00:58:299		6.9854e+06		160.385		104.677		4.26135e+06		1.9676		289.039		
00:00:58:200		7.97589e+06		-5.85204		0		0		6.98466e+06		-7.91591			00:00:58:200		6.98499e+06		160.215		104.62		4.25459e+06		1.96275		289.038		
00:00:58:100		7.99017e+06		-5.85201		0		0		6.98492e+06		17.9119			00:00:58:100		6.98493e+06		160.215		104.62		4.25459e+06		1.96275		289.037		
00:00:58:000		8.00457e+06		-5.85193		0		0		6.9852e+06		30.8538			00:00:58:000		6.98459e+06		160.046		104.62		4.24778e+06		1.96275		289.036		
00:00:57:899		8.01911e+06		-5.85182		0		0		6.98522e+06		28.5089			00:00:57:899		6.98423e+06		160.046		104.563		4.24778e+06		1.95789		289.035		
00:00:57:750		8.04121e+06		-5.85155		0		0		6.98451e+06		4.46106			00:00:57:750		6.984e+06		159.876		104.563		4.24778e+06		1.95789		289.033		
00:00:57:649		8.0561e+06		-5.8513		0		0		6.98364e+06		-26.1271			00:00:57:649		6.98358e+06		159.876		104.505		4.24098e+06		1.95303		289.032		
00:00:57:549		8.07111e+06		-5.85098		0		0		6.98288e+06		-33.3121			00:00:57:549		6.98353e+06		159.876		104.505		4.24098e+06		1.95303		289.031		
00:00:57:500		8.07867e+06		-5.8508		0		0		6.98264e+06		-30.9548			00:00:57:500		6.98338e+06		159.707		104.505		4.24098e+06		1.95303		289.03		
00:00:57:399		8.09388e+06		-5.85038		0		0		6.98251e+06		-11.0951			00:00:57:399		6.98292e+06		159.707		104.447		4.23412e+06		1.94817		289.029		
00:00:57:250		8.11693e+06		-5.84959		0		0		6.9829e+06		23.2018			00:00:57:250		6.98271e+06		159.538		104.447		4.23412e+06		1.94817		289.028		
00:00:57:250		8.11693e+06		-5.84959		0		0		6.9829e+06		23.2018			00:00:57:250		6.98271e+06		159.538		104.447		4.23412e+06		1.94817		289.028		
00:00:57:149		8.13246e+06		-5.84896		0		0		6.9831e+06		33.3968			00:00:57:149		6.98227e+06		159.538		104.389		4.22721e+06		1.94331		289.027		
00:00:56:950		8.1639e+06		-5.84743		0		0		6.98243e+06		8.22282			00:00:56:950		6.98187e+06		159.369		104.331		4.22027e+06		1.93845		289.024		
00:00:56:950		8.1639e+06		-5.84743		0		0		6.98243e+06		8.22282			00:00:56:950		6.98187e+06		159.369		104.331		4.22027e+06		1.93845		289.024		
00:00:56:750		8.19586e+06		-5.84552		0		0		6.9808e+06		-32.5912			00:00:56:750		6.98136e+06		159.201		104.331		4.22027e+06		1.93845		289.022		
00:00:56:750		8.19586e+06		-5.84552		0		0		6.9808e+06		-32.5912			00:00:56:750		6.98136e+06		159.201		104.331		4.22027e+06		1.93845		289.022		
00:00:56:649		8.21203e+06		-5.84444		0		0		6.98039e+06		-23.7987			00:00:56:649		6.98100e+06		159.201		104.273		4.21338e+06		1.93359		289.021		
00:00:56:549		8.22831e+06		-5.84329		0		0		6.98043e+06		0			00:00:56:549		6.98063e+06		159.201		104.273		4.21338e+06		1.93359		289.02		
00:00:56:450		8.2447e+06		-5.84208		0		0		6.9807e+06		21.6797			00:00:56:450		6.98056e+06		159.033		104.214		4.2065e+06		1.92872		289.019		
00:00:56:350		8.26122e+06		-5.84083		0		0		6.9809e+06		32.877			00:00:56:350		6.98014e+06		159.033		104.214		4.2065e+06		1.92872		289.018		
00:00:56:149		8.29466e+06		-5.83831		0		0		6.98029e+06		9.33159			00:00:56:149		6.97976e+06		158.864		104.156		4.19953e+06		1.92386		289.015		
00:00:56:149		8.29466e+06		-5.83831		0		0		6.98029e+06		9.33159			00:00:56:149		6.97976e+06		158.864		104.156		4.19953e+06		1.92386		289.015		
00:00:55:950		8.32861e+06		-5.83596		0		0		6.97868e+06		-32.8302			00:00:55:950		6.97921e+06		158.696		104.096		4.19257e+06		1.919		289.012		
00:00:55:950		8.32861e+06		-5.83596		0		0		6.97868e+06		-32.8302			00:00:55:950		6.97921e+06		158.696		104.096		4.19257e+06		1.919		289.012		
00:00:55:850		8.34577e+06		-5.83494		0		0		6.97826e+06		-20.5665			00:00:55:850		6.97884e+06		158.696		104.096		4.19257e+06		1.919		289.011		
00:00:55:750		8.36306e+06		-5.83404		0		0		6.97826e+06		-0.374993			00:00:55:750		6.97847e+06		158.528		104.096		4.19257e+06		1.919		289.009		
00:00:55:649		8.38051e+06		-5.8333		0		0		6.97852e+06		21.0366			00:00:55:649		6.9784e+06		158.528		104.037		4.18556e+06		1.91413		289.007		
00:00:55:500		8.4069e+06		-5.8325		0		0		6.97871e+06		28.8697			00:00:55:500		6.97781e+06		158.36		104.037		4.18556e+06		1.91413		289.005		
00:00:55:399		8.42459e+06		-5.83218		0		0		6.97842e+06		18.3363			00:00:55:399		6.97774e+06		158.36		103.978		4.17849e+06		1.90926		289.003		
00:00:55:299		8.44232e+06		-5.83202		0		0		6.97776e+06		0			00:00:55:299		6.97737e+06		158.36		103.978		4.17849e+06		1.90926		289.002		
00:00:55:200		8.4601e+06		-5.83201		0		0		6.97692e+06		-29.6236			00:00:55:200		6.97704e+06		158.192		103.918		4.17146e+06		1.9044		289		
00:00:55:000		8.49575e+06		-5.83231		0		0		6.97609e+06		-11.1359			00:00:55:000		6.97642e+06		158.025		103.918		4.17146e+06		1.9044		288.997		
00:00:54:899		8.51361e+06		-5.83261		0		0		6.97623e+06		12.6285			00:00:54:899		6.9763e+06		158.025		103.858		4.16446e+06		1.89953		288.995		
00:00:54:899		8.51361e+06		-5.83261		0		0		6.97623e+06		12.6285			00:00:54:899		6.9763e+06		158.025		103.858		4.16446e+06		1.89953		288.995		
00:00:54:850		8.52254e+06		-5.8328		0		0		6.97634e+06		20.124			00:00:54:850		6.97622e+06		158.025		103.858		4.16446e+06		1.89953		288.994		
00:00:54:750		8.54043e+06		-5.83335		0		0		6.97648e+06		29.8984			00:00:54:750		6.97582e+06		157.857		103.858		4.16446e+06		1.89953		288.992		
00:00:54:649		8.55832e+06		-5.83411		0		0		6.97632e+06		21.2017			00:00:54:649		6.97563e+06		157.857		103.797		4.15736e+06		1.89467		288.99		
00:00:54:549		8.57619e+06		-5.83505		0		0		6.97582e+06		7.27864			00:00:54:549		6.97536e+06		157.857		103.797		4.15736e+06		1.89467		288.989		
00:00:54:450		8.59404e+06		-5.83616		0		0		6.97505e+06		-23.0568			00:00:54:450		6.97491e+06		157.689		103.737		4.15026e+06		1.8898		288.987		
00:00:54:350		8.61185e+06		-5.83733		0		0		6.97432e+06		-31.511			00:00:54:350		6.97483e+06		157.689		103.737		4.15026e+06		1.8898		288.985		
00:00:54:250		8.62962e+06		-5.83857		0		0		6.97399e+06		-19.4931			00:00:54:250		6.97447e+06		157.521		103.737		4.15026e+06		1.8898		288.984		
00:00:54:049		8.66497e+06		-5.8412		0		0		6.97425e+06		21.9068			00:00:54:049		6.97404e+06		157.521		103.676		4.14319e+06		1.88493		288.98		
00:00:53:899		8.69134e+06		-5.84294		0		0		6.97429e+06		25.7366			00:00:53:899		6.97344e+06		157.353		103.614		4.13609e+06		1.88006		288.978		
00:00:53:899		8.69134e+06		-5.84294		0		0		6.97429e+06		25.7366			00:00:53:899		6.97344e+06		157.353		103.614		4.13609e+06		1.88006		288.978		
00:00:53:799		8.70886e+06		-5.84376		0		0		6.97388e+06		13.3447			00:00:53:799		6.97331e+06		157.353		103.614		4.13609e+06		1.88006		288.977		
00:00:53:700		8.72636e+06		-5.84418		0		0		6.97315e+06		0			00:00:53:700		6.97286e+06		157.186		103.552		4.12897e+06		1.8752		288.975		
00:00:53:600		8.74391e+06		-5.84442		0		0		6.97232e+06		-31.5057			00:00:53:600		6.97261e+06		157.186		103.552		4.12897e+06		1.8752		288.974		
00:00:53:500		8.76145e+06		-5.84463		0		0		6.9718e+06		-28.5871			00:00:53:500		6.97243e+06		157.018		103.552		4.12897e+06		1.8752		288.972		
00:00:53:399		8.77896e+06		-5.84483		0		0		6.97173e+06		-3.59522			00:00:53:399		6.97198e+06		157.018		103.49		4.12176e+06		1.87033		288.971		
00:00:53:299		8.79643e+06		-5.84503		0		0		6.97194e+06		18.2572			00:00:53:299		6.97189e+06		157.018		103.49		4.12176e+06		1.87033		288.97		
00:00:53:200		8.81386e+06		-5.84523		0		0		6.97212e+06		29.5191			00:00:53:200		6.97156e+06		156.85		103.428		4.11456e+06		1.86546		288.968		
00:00:53:100		8.83123e+06		-5.84544		0		0		6.97204e+06		25.8867			00:00:53:100		6.97115e+06		156.85		103.428		4.11456e+06		1.86546		288.967		
00:00:53:000		8.84852e+06		-5.84566		0		0		6.97157e+06		11.5162			00:00:53:000		6.971e+06		156.682		103.428		4.11456e+06		1.86546		288.966		
00:00:52:899		8.87432e+06		-5.84605		0		0		6.97034e+06		-28.479			00:00:52:899		6.97036e+06		156.682		103.365		4.10737e+06		1.8606		288.964		
00:00:52:750		8.89145e+06		-5.84635		0		0		6.96965e+06		-32.5481			00:00:52:750		6.97029e+06		156.515		103.365		4.10737e+06		1.8606		288.963		
00:00:52:649		8.90852e+06		-5.84669		0		0		6.96941e+06		-15.2741			00:00:52:649		6.96988e+06		156.515		103.301		4.10017e+06		1.85573		288.961		
00:00:52:549		8.92553e+06		-5.84707		0		0		6.96957e+06		13.4666			00:00:52:549		6.96965e+06		156.515		103.301		4.10017e+06		1.85573		288.96		
00:00:52:450		8.94247e+06		-5.8475		0		0		6.96981e+06		27.5109			00:00:52:450		6.96941e+06		156.347		103.237		4.09294e+06		1.85086		288.959		
00:00:52:350		8.95934e+06		-5.84798		0		0		6.96987e+06		32.2513			00:00:52:350		6.96895e+06		156.347		103.237		4.09294e+06		1.85086		288.958		
00:00:52:299		8.96775e+06		-5.84823		0		0		6.96976e+06		25.3619			00:00:52:299		6.96884e+06		156.347		103.237		4.09294e+06		1.85086		288.958		
00:00:52:200		8.98449e+06		-5.84876		0		0		6.96922e+06		8.79925			00:00:52:200		6.96867e+06		156.179		103.173		4.08568e+06		1.84599		288.956		
00:00:52:100		9.00111e+06		-5.84928		0		0		6.96835e+06		-25.408			00:00:52:100		6.9682e+06		156.179		103.173		4.08568e+06		1.84599		288.955		
00:00:52:000		9.01756e+06		-5.84979		0		0		6.9675e+06		-35.5019			00:00:52:000		6.96809e+06		156.011		103.173		4.08568e+06		1.84599		288.954		
00:00:51:899		9.03386e+06		-5.8503		0		0		6.96705e+06		-28.2043			00:00:51:899		6.96778e+06		156.011		103.108		4.07841e+06		1.84112		288.953		
00:00:51:799		9.05007e+06		-5.85079		0		0		6.9671e+06		4.99042			00:00:51:799		6.96735e+06		156.011		103.108		4.07841e+06		1.84112		288.952		
00:00:51:700		9.06618e+06		-5.85127		0		0		6.9674e+06		25.0096			00:00:51:700		6.9672e+06		155.843		103.043		4.07111e+06		1.83625		288.951		
00:00:51:600		9.08222e+06		-5.85171		0		0		6.96761e+06		35.4684			00:00:51:600		6.96673e+06		155.843		103.043		4.07111e+06		1.83625		288.95		
00:00:51:500		9.09823e+06		-5.85212		0		0		6.96747e+06		27.1245			00:00:51:500		6.96646e+06		155.675		103.043		4.07111e+06		1.83625		288.949		
00:00:51:399		9.11421e+06		-5.85252		0		0		6.96686e+06		7.79968			00:00:51:399		6.96625e+06		155.675		102.977		4.06372e+06		1.83138		288.948		
00:00:51:299		9.13013e+06		-5.85289		0		0		6.9659e+06		-28.3524			00:00:51:299		6.9658e+06		155.675		102.977		4.06372e+06		1.83138		288.947		
00:00:51:149		9.15385e+06		-5.8534		0		0		6.96476e+06		-34.1218			00:00:51:149		6.96553e+06		155.507		102.911		4.05634e+06		1.82651		288.946		
00:00:51:049		9.16955e+06		-5.85371		0		0		6.96458e+06		-12.9139			00:00:51:049		6.96506e+06		155.507		102.911		4.05634e+06		1.82651		288.945		
00:00:50:950		9.18518e+06		-5.85399		0		0		6.96481e+06		17.7101			00:00:50:950		6.96486e+06		155.34		102.844		4.04897e+06		1.82164		288.944		
00:00:50:850		9.20072e+06		-5.85424		0		0		6.96509e+06		32.926			00:00:50:850		6.96448e+06		155.34		102.844		4.04897e+06		1.82164		288.943		
00:00:50:750		9.21618e+06		-5.85445		0		0		6.96511e+06		31.3521			00:00:50:750		6.96407e+06		155.172		102.844		4.04897e+06		1.82164		288.942		
00:00:50:750		9.21618e+06		-5.85445		0		0		6.96511e+06		31.3521			00:00:50:750		6.96407e+06		155.172		102.844		4.04897e+06		1.82164		288.942		
00:00:50:649		9.23156e+06		-5.85464		0		0		6.96471e+06		18.4331			00:00:50:649		6.96395e+06		155.172		102.777		4.04158e+06		1.81677		288.942		
00:00:50:549		9.24685e+06		-5.85478		0		0		6.96389e+06		0			00:00:50:549		6.96352e+06		155.172		102.777		4.04158e+06		1.81677		288.941		
00:00:50:350		9.27713e+06		-5.85498		0		0		6.96231e+06		-31.3785			00:00:50:350		6.96297e+06		155.004		102.709		4.03417e+06		1.8119		288.94		
00:00:50:350		9.27713e+06		-5.85498		0		0		6.96231e+06		-31.3785			00:00:50:350		6.96297e+06		155.004		102.709		4.03417e+06		1.8119		288.94		
00:00:50:250		9.29214e+06		-5.85503		0		0		6.96215e+06		-8.83483			00:00:50:250		6.96247e+06		154.836		102.709		4.03417e+06		1.8119		288.939		
00:00:50:149		9.30707e+06		-5.85505		0		0		6.96233e+06		18.3325			00:00:50:149		6.96232e+06		154.836		102.641		4.02681e+06		1.80703		288.939		
00:00:49:950		9.33668e+06		-5.85501		0		0		6.96244e+06		26.1509			00:00:49:950		6.96164e+06		154.668		102.572		4.0194e+06		1.80216		288.938		
00:00:49:850		9.35137e+06		-5.85497		0		0		6.96199e+06		13.6033			00:00:49:850		6.96139e+06		154.668		102.572		4.0194e+06		1.80216		288.937		
00:00:49:850		9.35137e+06		-5.85497		0		0		6.96199e+06		13.6033			00:00:49:850		6.96139e+06		154.668		102.572		4.0194e+06		1.80216		288.937		
00:00:49:700		9.37325e+06		-5.8549		0		0		6.96073e+06		-31.1512			00:00:49:700		6.9608e+06		154.499		102.503		4.01185e+06		1.79729		288.937		
00:00:49:600		9.38774e+06		-5.85487		0		0		6.96002e+06		-30.9532			00:00:49:600		6.96054e+06		154.499		102.503		4.01185e+06		1.79729		288.937		
00:00:49:500		9.40216e+06		-5.85487		0		0		6.95974e+06		-10.4259			00:00:49:500		6.96003e+06		154.331		102.503		4.01185e+06		1.79729		288.936		
00:00:49:399		9.41648e+06		-5.8549		0		0		6.9598e+06		13.2642			00:00:49:399		6.95984e+06		154.331		102.432		4.00423e+06		1.79242		288.936		
00:00:49:299		9.43072e+06		-5.855		0		0		6.95993e+06		27.8099			00:00:49:299		6.9595e+06		154.331		102.432		4.00423e+06		1.79242		288.936		
00:00:49:250		9.43781e+06		-5.85507		0		0		6.95993e+06		27.853			00:00:49:250		6.95927e+06		154.163		102.432		4.00423e+06		1.79242		288.936		
00:00:49:149		9.45191e+06		-5.85527		0		0		6.95972e+06		20.7341			00:00:49:149		6.95908e+06		154.163		102.362		3.99666e+06		1.78755		288.937		
00:00:48:950		9.47996e+06		-5.85583		0		0		6.95835e+06		-29.7439			00:00:48:950		6.95829e+06		153.995		102.291		3.98912e+06		1.78267		288.937		
00:00:48:950		9.47996e+06		-5.85583		0		0		6.95835e+06		-29.7439			00:00:48:950		6.95829e+06		153.995		102.291		3.98912e+06		1.78267		288.937		
00:00:48:750		9.50777e+06		-5.85674		0		0		6.95734e+06		-9.05457			00:00:48:750		6.95752e+06		153.827		102.291		3.98912e+06		1.78267		288.939		
00:00:48:750		9.50777e+06		-5.85674		0		0		6.95734e+06		-9.05457			00:00:48:750		6.95752e+06		153.827		102.291		3.98912e+06		1.78267		288.939		
00:00:48:649		9.52155e+06		-5.85735		0		0		6.95733e+06		11.2194			00:00:48:649		6.95734e+06		153.827		102.219		3.98147e+06		1.7778		288.939		
00:00:48:549		9.53524e+06		-5.8581		0		0		6.95736e+06		23.3977			00:00:48:549		6.95703e+06		153.827		102.219		3.98147e+06		1.7778		288.94		
00:00:48:450		9.54884e+06		-5.85896		0		0		6.95722e+06		20.0831			00:00:48:450		6.95669e+06		153.658		102.146		3.97376e+06		1.77293		288.941		
00:00:48:299		9.56904e+06		-5.86046		0		0		6.95653e+06		0			00:00:48:299		6.95623e+06		153.658		102.146		3.97376e+06		1.77293		288.942		
00:00:48:200		9.58239e+06		-5.86152		0		0		6.95586e+06		-28.5892			00:00:48:200		6.95586e+06		153.49		102.073		3.9661e+06		1.76805		288.943		
00:00:48:100		9.59576e+06		-5.86259		0		0		6.95536e+06		-34.1657			00:00:48:100		6.9557e+06		153.49		102.073		3.9661e+06		1.76805		288.944		
00:00:47:899		9.62254e+06		-5.86447		0		0		6.95501e+06		7.48626			00:00:47:899		6.955e+06		153.322		101.999		3.95846e+06		1.76318		288.947		
00:00:47:899		9.62254e+06		-5.86447		0		0		6.95501e+06		7.48626			00:00:47:899		6.955e+06		153.322		101.999		3.95846e+06		1.76318		288.947		
00:00:47:799		9.63594e+06		-5.8652		0		0		6.95495e+06		17.429			00:00:47:799		6.95473e+06		153.322		101.999		3.95846e+06		1.76318		288.948		
00:00:47:700		9.64937e+06		-5.86575		0		0		6.95477e+06		18.1913			00:00:47:700		6.95437e+06		153.153		101.924		3.95088e+06		1.75831		288.949		
00:00:47:600		9.66282e+06		-5.8661		0		0		6.95439e+06		7.66141			00:00:47:600		6.95408e+06		153.153		101.924		3.95088e+06		1.75831		288.95		
00:00:47:500		9.6763e+06		-5.86621		0		0		6.95387e+06		0			00:00:47:500		6.9537e+06		152.985		101.924		3.95088e+06		1.75831		288.951		
00:00:47:399		9.68985e+06		-5.86605		0		0		6.95328e+06		-31.0405			00:00:47:399		6.95347e+06		152.985		101.849		3.94332e+06		1.75343		288.952		
00:00:47:299		9.70341e+06		-5.86559		0		0		6.9529e+06		0			00:00:47:299		6.95314e+06		152.985		101.849		3.94332e+06		1.75343		288.954		
00:00:47:200		9.71692e+06		-5.86477		0		0		6.95272e+06		3.52603			00:00:47:200		6.95275e+06		152.815		101.772		3.93567e+06		1.74856		288.955		
00:00:47:000		9.74384e+06		-5.86191		0		0		6.9525e+06		16.4903			00:00:47:000		6.95215e+06		152.646		101.772		3.93567e+06		1.74856		288.958		
00:00:46:899		9.75727e+06		-5.85981		0		0		6.95219e+06		10.2224			00:00:46:899		6.95184e+06		152.646		101.696		3.92794e+06		1.74368		288.959		
00:00:46:899		9.75727e+06		-5.85981		0		0		6.95219e+06		10.2224			00:00:46:899		6.95184e+06		152.646		101.696		3.92794e+06		1.74368		288.959		
00:00:46:799		9.77066e+06		-5.85723		0		0		6.95172e+06		0			00:00:46:799		6.95154e+06		152.646		101.696		3.92794e+06		1.74368		288.961		
00:00:46:700		9.78403e+06		-5.85417		0		0		6.95121e+06		0			00:00:46:700		6.95129e+06		152.477		101.618		3.9202e+06		1.73881		288.962		
00:00:46:600		9.79736e+06		-5.85065		0		0		6.95081e+06		0			00:00:46:600		6.95105e+06		152.477		101.618		3.9202e+06		1.73881		288.964		
00:00:46:500		9.81067e+06		-5.84675		0		0		6.95062e+06		0			00:00:46:500		6.95067e+06		152.308		101.618		3.9202e+06		1.73881		288.965		
00:00:46:350		9.83058e+06		-5.84036		0		0		6.95054e+06		18.9674			00:00:46:350		6.9503e+06		152.308		101.539		3.91243e+06		1.73393		288.968		
00:00:46:299		9.83721e+06		-5.83814		0		0		6.95048e+06		20.0444			00:00:46:299		6.95012e+06		152.308		101.539		3.91243e+06		1.73393		288.968		
00:00:46:200		9.85046e+06		-5.83368		0		0		6.95024e+06		15.9933			00:00:46:200		6.94985e+06		152.139		101.46		3.90463e+06		1.72905		288.97		
00:00:46:000		9.877e+06		-5.82514		0		0		6.94928e+06		-24.0258			00:00:46:000		6.94926e+06		151.97		101.46		3.90463e+06		1.72905		288.973		
00:00:45:899		9.89031e+06		-5.82137		0		0		6.94889e+06		0			00:00:45:899		6.94902e+06		151.97		101.38		3.89689e+06		1.72418		288.975		
00:00:45:899		9.89031e+06		-5.82137		0		0		6.94889e+06		0			00:00:45:899		6.94902e+06		151.97		101.38		3.89689e+06		1.72418		288.975		
00:00:45:799		9.90358e+06		-5.81812		0		0		6.94863e+06		0			00:00:45:799		6.94874e+06		151.97		101.38		3.89689e+06		1.72418		288.977		
00:00:45:700		9.91684e+06		-5.81496		0		0		6.94849e+06		7.62126			00:00:45:700		6.9485e+06		151.801		101.299		3.88902e+06		1.7193		288.979		
00:00:45:600		9.93006e+06		-5.81168		0		0		6.94844e+06		17.5861			00:00:45:600		6.94825e+06		151.801		101.299		3.88902e+06		1.7193		288.981		
00:00:45:500		9.94327e+06		-5.80828		0		0		6.94832e+06		18.5554			00:00:45:500		6.94795e+06		151.632		101.299		3.88902e+06		1.7193		288.983		
00:00:45:399		9.95645e+06		-5.80476		0		0		6.94803e+06		14.7788			00:00:45:399		6.94763e+06		151.632		101.217		3.88111e+06		1.71442		288.985		
00:00:45:299		9.96961e+06		-5.80113		0		0		6.94754e+06		0			00:00:45:299		6.94729e+06		151.632		101.217		3.88111e+06		1.71442		288.987		
00:00:45:200		9.98274e+06		-5.79739		0		0		6.94698e+06		0			00:00:45:200		6.94702e+06		151.463		101.134		3.87314e+06		1.70954		288.989		
00:00:45:049		1.00024e+07		-5.79155		0		0		6.94644e+06		0			00:00:45:049		6.94654e+06		151.463		101.134		3.87314e+06		1.70954		288.992		
00:00:44:950		1.00155e+07		-5.78753		0		0		6.94643e+06		14.9328			00:00:44:950		6.94636e+06		151.294		101.051		3.86526e+06		1.70466		288.995		
00:00:44:850		1.00286e+07		-5.78339		0		0		6.94643e+06		22.5924			00:00:44:850		6.94607e+06		151.294		101.051		3.86526e+06		1.70466		288.997		
00:00:44:750		1.00416e+07		-5.77915		0		0		6.94628e+06		19.1126			00:00:44:750		6.94581e+06		151.125		101.051		3.86526e+06		1.70466		288.999		
00:00:44:649		1.00546e+07		-5.77481		0		0		6.94594e+06		10.5796			00:00:44:649		6.94559e+06		151.125		100.966		3.85737e+06		1.69978		289.002		
00:00:44:549		1.00676e+07		-5.77037		0		0		6.94545e+06		0			00:00:44:549		6.94527e+06		151.125		100.966		3.85737e+06		1.69978		289.004		
00:00:44:450		1.00806e+07		-5.76583		0		0		6.94498e+06		0			00:00:44:450		6.94505e+06		150.956		100.881		3.84941e+06		1.69489		289.007		
00:00:44:450		1.00806e+07		-5.76583		0		0		6.94498e+06		0			00:00:44:450		6.94505e+06		150.956		100.881		3.84941e+06		1.69489		289.007		
00:00:44:350		1.00936e+07		-5.7612		0		0		6.94462e+06		0			00:00:44:350		6.94476e+06		150.956		100.881		3.84941e+06		1.69489		289.009		
00:00:44:250		1.01066e+07		-5.75647		0		0		6.94442e+06		0			00:00:44:250		6.94448e+06		150.787		100.881		3.84941e+06		1.69489		289.012		
00:00:44:149		1.01196e+07		-5.75165		0		0		6.94437e+06		14.3479			00:00:44:149		6.94427e+06		150.787		100.794		3.84142e+06		1.69001		289.015		
00:00:43:950		1.01454e+07		-5.74173		0		0		6.94408e+06		14.7059			00:00:43:950		6.94369e+06		150.618		100.707		3.83341e+06		1.68512		289.02		
00:00:43:950		1.01454e+07		-5.74173		0		0		6.94408e+06		14.7059			00:00:43:950		6.94369e+06		150.618		100.707		3.83341e+06		1.68512		289.02		
00:00:43:850		1.01582e+07		-5.73664		0		0		6.94371e+06		5.0284			00:00:43:850		6.94347e+06		150.618		100.707		3.83341e+06		1.68512		289.023		
00:00:43:750		1.01711e+07		-5.73145		0		0		6.94327e+06		0			00:00:43:750		6.94316e+06		150.449		100.707		3.83341e+06		1.68512		289.026		
00:00:43:649		1.01839e+07		-5.72617		0		0		6.94287e+06		0			00:00:43:649		6.94295e+06		150.449		100.618		3.82538e+06		1.68024		289.029		
00:00:43:549		1.01967e+07		-5.72079		0		0		6.94253e+06		0			00:00:43:549		6.94269e+06		150.449		100.618		3.82538e+06		1.68024		289.032		
00:00:43:350		1.02222e+07		-5.70977		0		0		6.94218e+06		14.0082			00:00:43:350		6.94212e+06		150.28		100.528		3.81732e+06		1.67535		289.038		
00:00:43:200		1.02412e+07		-5.70127		0		0		6.94202e+06		18.9255			00:00:43:200		6.94167e+06		150.111		100.438		3.80923e+06		1.67046		289.043		
00:00:43:200		1.02412e+07		-5.70127		0		0		6.94202e+06		18.9255			00:00:43:200		6.94167e+06		150.111		100.438		3.80923e+06		1.67046		289.043		
00:00:43:100		1.02539e+07		-5.69548		0		0		6.94176e+06		13.3812			00:00:43:100		6.94144e+06		150.111		100.438		3.80923e+06		1.67046		289.046		
00:00:42:950		1.0273e+07		-5.6866		0		0		6.94113e+06		0.294178			00:00:42:950		6.94094e+06		149.942		100.346		3.80113e+06		1.66557		289.051		
00:00:42:850		1.02857e+07		-5.68055		0		0		6.9407e+06		0			00:00:42:850		6.94066e+06		149.942		100.346		3.80113e+06		1.66557		289.055		
00:00:42:850		1.02857e+07		-5.68055		0		0		6.9407e+06		0			00:00:42:850		6.94066e+06		149.942		100.346		3.80113e+06		1.66557		289.055		
00:00:42:750		1.02984e+07		-5.6744		0		0		6.94033e+06		0			00:00:42:750		6.94039e+06		149.774		100.346		3.80113e+06		1.66557		289.058		
00:00:42:649		1.03111e+07		-5.66816		0		0		6.94006e+06		0			00:00:42:649		6.94008e+06		149.774		100.253		3.79299e+06		1.66068		289.062		
00:00:42:450		1.03363e+07		-5.65538		0		0		6.93978e+06		17.6628			00:00:42:450		6.93951e+06		149.605		100.159		3.78491e+06		1.65578		289.069		
00:00:42:450		1.03363e+07		-5.65538		0		0		6.93978e+06		17.6628			00:00:42:450		6.93951e+06		149.605		100.159		3.78491e+06		1.65578		289.069		
00:00:42:350		1.0349e+07		-5.64884		0		0		6.93955e+06		14.6914			00:00:42:350		6.93919e+06		149.605		100.159		3.78491e+06		1.65578		289.073		
00:00:42:250		1.03615e+07		-5.64221		0		0		6.93918e+06		7.71194			00:00:42:250		6.93893e+06		149.436		100.159		3.78491e+06		1.65578		289.077		
00:00:42:149		1.03741e+07		-5.63548		0		0		6.93873e+06		0			00:00:42:149		6.93858e+06		149.436		100.063		3.77678e+06		1.65089		289.081		
00:00:41:950		1.03992e+07		-5.62172		0		0		6.93793e+06		0			00:00:41:950		6.93799e+06		149.267		99.9672		3.76864e+06		1.64599		289.089		
00:00:41:950		1.03992e+07		-5.62172		0		0		6.93793e+06		0			00:00:41:950		6.93799e+06		149.267		99.9672		3.76864e+06		1.64599		289.089		
00:00:41:799		1.0418e+07		-5.61112		0		0		6.93757e+06		6.6035			00:00:41:799		6.93754e+06		149.267		99.9672		3.76864e+06		1.64599		289.095		
00:00:41:700		1.04305e+07		-5.60393		0		0		6.93743e+06		15.1754			00:00:41:700		6.93725e+06		149.098		99.8702		3.76046e+06		1.64109		289.1		
00:00:41:600		1.04431e+07		-5.59663		0		0		6.93723e+06		18.4348			00:00:41:600		6.93687e+06		149.098		99.8702		3.76046e+06		1.64109		289.104		
00:00:41:500		1.04556e+07		-5.58923		0		0		6.93688e+06		9.89125			00:00:41:500		6.93655e+06		148.929		99.8702		3.76046e+06		1.64109		289.108		
00:00:41:399		1.04681e+07		-5.58174		0		0		6.93641e+06		0.261891			00:00:41:399		6.93623e+06		148.929		99.7723		3.7522e+06		1.63619		289.113		
00:00:41:299		1.04807e+07		-5.57414		0		0		6.93594e+06		0			00:00:41:299		6.93584e+06		148.929		99.7723		3.7522e+06		1.63619		289.118		
00:00:41:200		1.04933e+07		-5.56645		0		0		6.93551e+06		0			00:00:41:200		6.93553e+06		148.761		99.6736		3.744e+06		1.63128		289.123		
00:00:41:100		1.05059e+07		-5.55864		0		0		6.93516e+06		0			00:00:41:100		6.93521e+06		148.761		99.6736		3.744e+06		1.63128		289.128		
00:00:41:000		1.05186e+07		-5.55073		0		0		6.93492e+06		7.99544			00:00:41:000		6.93488e+06		148.592		99.6736		3.744e+06		1.63128		289.133		
00:00:40:899		1.05312e+07		-5.54271		0		0		6.93475e+06		15.4688			00:00:40:899		6.93453e+06		148.592		99.574		3.73574e+06		1.62638		289.138		
00:00:40:799		1.05438e+07		-5.53457		0		0		6.93451e+06		17.73			00:00:40:799		6.93416e+06		148.592		99.574		3.73574e+06		1.62638		289.143		
00:00:40:700		1.05564e+07		-5.52631		0		0		6.93413e+06		9.90771			00:00:40:700		6.93381e+06		148.423		99.4735		3.7274e+06		1.62147		289.148		
00:00:40:600		1.05691e+07		-5.51793		0		0		6.93364e+06		0			00:00:40:600		6.93345e+06		148.423		99.4735		3.7274e+06		1.62147		289.154		
00:00:40:500		1.05817e+07		-5.50942		0		0		6.93315e+06		0			00:00:40:500		6.93305e+06		148.255		99.4735		3.7274e+06		1.62147		289.16		
00:00:40:399		1.05943e+07		-5.50079		0		0		6.93269e+06		0			00:00:40:399		6.93272e+06		148.255		99.3722		3.71897e+06		1.61656		289.165		
00:00:40:299		1.06069e+07		-5.49205		0		0		6.9323e+06		0			00:00:40:299		6.93236e+06		148.255		99.3722		3.71897e+06		1.61656		289.171		
00:00:40:149		1.06258e+07		-5.4787		0		0		6.93193e+06		11.3895			00:00:40:149		6.93183e+06		148.086		99.2701		3.71061e+06		1.61165		289.18		
00:00:39:950		1.0651e+07		-5.46046		0		0		6.9314e+06		15.2203			00:00:39:950		6.931e+06		147.918		99.1672		3.70225e+06		1.60673		289.192		
00:00:39:850		1.06636e+07		-5.45116		0		0		6.93092e+06		4.60926			00:00:39:850		6.93066e+06		147.918		99.1672		3.70225e+06		1.60673		289.198		
00:00:39:850		1.06636e+07		-5.45116		0		0		6.93092e+06		4.60926			00:00:39:850		6.93066e+06		147.918		99.1672		3.70225e+06		1.60673		289.198		
00:00:39:799		1.06698e+07		-5.44647		0		0		6.93065e+06		0			00:00:39:799		6.93046e+06		147.918		99.1672		3.70225e+06		1.60673		289.201		
00:00:39:700		1.06824e+07		-5.43699		0		0		6.93013e+06		0			00:00:39:700		6.93005e+06		147.749		99.0634		3.6939e+06		1.60182		289.208		
00:00:39:549		1.07011e+07		-5.42259		0		0		6.92942e+06		0			00:00:39:549		6.92952e+06		147.749		99.0634		3.6939e+06		1.60182		289.218		
00:00:39:450		1.07135e+07		-5.41287		0		0		6.92905e+06		0			00:00:39:450		6.9291e+06		147.581		98.9588		3.68556e+06		1.5969		289.225		
00:00:39:350		1.0726e+07		-5.40309		0		0		6.92881e+06		11.1967			00:00:39:350		6.92872e+06		147.581		98.9588		3.68556e+06		1.5969		289.232		
00:00:39:250		1.07384e+07		-5.39324		0		0		6.92859e+06		17.8628			00:00:39:250		6.92828e+06		147.412		98.9588		3.68556e+06		1.5969		289.239		
00:00:39:149		1.07509e+07		-5.38335		0		0		6.92827e+06		16.1025			00:00:39:149		6.92788e+06		147.412		98.8534		3.67713e+06		1.59198		289.246		
00:00:39:049		1.07633e+07		-5.37342		0		0		6.92782e+06		9.33819			00:00:39:049		6.9275e+06		147.412		98.8534		3.67713e+06		1.59198		289.254		
00:00:38:950		1.07757e+07		-5.36345		0		0		6.92727e+06		0			00:00:38:950		6.92706e+06		147.242		98.7472		3.66862e+06		1.58706		289.262		
00:00:38:950		1.07757e+07		-5.36345		0		0		6.92727e+06		0			00:00:38:950		6.92706e+06		147.242		98.7472		3.66862e+06		1.58706		289.262		
00:00:38:850		1.07881e+07		-5.35346		0		0		6.92672e+06		0			00:00:38:850		6.92663e+06		147.242		98.7472		3.66862e+06		1.58706		289.27		
00:00:38:750		1.08005e+07		-5.34344		0		0		6.92622e+06		0			00:00:38:750		6.92625e+06		147.074		98.7472		3.66862e+06		1.58706		289.278		
00:00:38:649		1.08129e+07		-5.33338		0		0		6.9258e+06		0			00:00:38:649		6.92580e+06		147.074		98.6401		3.66009e+06		1.58213		289.286		
00:00:38:549		1.08253e+07		-5.32328		0		0		6.92549e+06		8.81344			00:00:38:549		6.92542e+06		147.074		98.6401		3.66009e+06		1.58213		289.295		
00:00:38:450		1.08376e+07		-5.31313		0		0		6.92525e+06		17.042			00:00:38:450		6.92498e+06		146.905		98.5322		3.6516e+06		1.5772		289.303		
00:00:38:250		1.08622e+07		-5.29261		0		0		6.92445e+06		10.8005			00:00:38:250		6.92409e+06		146.736		98.5322		3.6516e+06		1.5772		289.321		
00:00:38:250		1.08622e+07		-5.29261		0		0		6.92445e+06		10.8005			00:00:38:250		6.92409e+06		146.736		98.5322		3.6516e+06		1.5772		289.321		
00:00:38:149		1.08744e+07		-5.28223		0		0		6.92386e+06		1.27266			00:00:38:149		6.92362e+06		146.736		98.4234		3.64307e+06		1.57227		289.33		
00:00:37:950		1.08989e+07		-5.26124		0		0		6.92271e+06		0			00:00:37:950		6.92272e+06		146.567		98.3138		3.63446e+06		1.56734		289.349		
00:00:37:950		1.08989e+07		-5.26124		0		0		6.92271e+06		0			00:00:37:950		6.92272e+06		146.567		98.3138		3.63446e+06		1.56734		289.349		
00:00:37:850		1.09112e+07		-5.25064		0		0		6.92222e+06		0			00:00:37:850		6.92225e+06		146.567		98.3138		3.63446e+06		1.56734		289.359		
00:00:37:649		1.09358e+07		-5.2292		0		0		6.92155e+06		15.176			00:00:37:649		6.92133e+06		146.398		98.2033		3.6259e+06		1.5624		289.379		
00:00:37:649		1.09358e+07		-5.2292		0		0		6.92155e+06		15.176			00:00:37:649		6.92133e+06		146.398		98.2033		3.6259e+06		1.5624		289.379		
00:00:37:500		1.09542e+07		-5.21296		0		0		6.921e+06		18.1827			00:00:37:500		6.92055e+06		146.229		98.2033		3.6259e+06		1.5624		289.395		
00:00:37:450		1.09604e+07		-5.20751		0		0		6.92074e+06		14.0627			00:00:37:450		6.9203e+06		146.229		98.0919		3.6173e+06		1.55746		289.4		
00:00:37:350		1.09727e+07		-5.19657		0		0		6.92012e+06		3.44881			00:00:37:350		6.91983e+06		146.229		98.0919		3.6173e+06		1.55746		289.411		
00:00:37:149		1.09972e+07		-5.17456		0		0		6.91883e+06		0			00:00:37:149		6.91882e+06		146.059		97.9797		3.60862e+06		1.55252		289.434		
00:00:37:149		1.09972e+07		-5.17456		0		0		6.91883e+06		0			00:00:37:149		6.91882e+06		146.059		97.9797		3.60862e+06		1.55252		289.434		
00:00:36:899		1.1028e+07		-5.14687		0		0		6.91754e+06		3.63095			00:00:36:899		6.91749e+06		145.889		97.8666		3.59992e+06		1.54757		289.463		
00:00:36:899		1.1028e+07		-5.14687		0		0		6.91754e+06		3.63095			00:00:36:899		6.91749e+06		145.889		97.8666		3.59992e+06		1.54757		289.463		
00:00:36:799		1.10403e+07		-5.13576		0		0		6.91719e+06		15.6785			00:00:36:799		6.91696e+06		145.889		97.8666		3.59992e+06		1.54757		289.475		
00:00:36:700		1.10526e+07		-5.12464		0		0		6.91681e+06		22.0797			00:00:36:700		6.91637e+06		145.72		97.7526		3.59119e+06		1.54263		289.487		
00:00:36:600		1.1065e+07		-5.11352		0		0		6.91627e+06		13.1295			00:00:36:600		6.91585e+06		145.72		97.7526		3.59119e+06		1.54263		289.499		
00:00:36:500		1.10773e+07		-5.10239		0		0		6.91559e+06		3.72918			00:00:36:500		6.91529e+06		145.55		97.7526		3.59119e+06		1.54263		289.512		
00:00:36:399		1.10897e+07		-5.09126		0		0		6.91488e+06		0			00:00:36:399		6.9147e+06		145.55		97.6378		3.58244e+06		1.53768		289.525		
00:00:36:299		1.11021e+07		-5.0801		0		0		6.9142e+06		0			00:00:36:299		6.91415e+06		145.55		97.6378		3.58244e+06		1.53768		289.538		
00:00:36:200		1.11145e+07		-5.0689		0		0		6.91357e+06		0			00:00:36:200		6.91359e+06		145.38		97.522		3.57366e+06		1.53272		289.551		
00:00:36:100		1.1127e+07		-5.05766		0		0		6.91304e+06		0			00:00:36:100		6.913e+06		145.38		97.522		3.57366e+06		1.53272		289.565		
00:00:35:899		1.11519e+07		-5.03504		0		0		6.91221e+06		18.6274			00:00:35:899		6.91182e+06		145.211		97.4054		3.56486e+06		1.52777		289.592		
00:00:35:899		1.11519e+07		-5.03504		0		0		6.91221e+06		18.6274			00:00:35:899		6.91182e+06		145.211		97.4054		3.56486e+06		1.52777		289.592		
00:00:35:850		1.11581e+07		-5.02935		0		0		6.91196e+06		22.0567			00:00:35:850		6.9115e+06		145.211		97.4054		3.56486e+06		1.52777		289.599		
00:00:35:750		1.11706e+07		-5.01794		0		0		6.91135e+06		12.4894			00:00:35:750		6.91092e+06		145.04		97.4054		3.56486e+06		1.52777		289.613		
00:00:35:649		1.1183e+07		-5.00647		0		0		6.91061e+06		2.88834			00:00:35:649		6.9103e+06		145.04		97.2878		3.55595e+06		1.52281		289.628		
00:00:35:549		1.11955e+07		-4.99495		0		0		6.90984e+06		0			00:00:35:549		6.90965e+06		145.04		97.2878		3.55595e+06		1.52281		289.642		
00:00:35:399		1.12142e+07		-4.97758		0		0		6.90875e+06		0			00:00:35:399		6.90875e+06		144.87		97.1693		3.54704e+06		1.51784		289.665		
00:00:35:299		1.12267e+07		-4.96593		0		0		6.9081e+06		0			00:00:35:299		6.90808e+06		144.87		97.1693		3.54704e+06		1.51784		289.68		
00:00:35:200		1.12391e+07		-4.95424		0		0		6.90758e+06		8.04069			00:00:35:200		6.90746e+06		144.7		97.0498		3.53808e+06		1.51287		289.695		
00:00:35:100		1.12516e+07		-4.94249		0		0		6.90713e+06		17.2116			00:00:35:100		6.9068e+06		144.7		97.0498		3.53808e+06		1.51287		289.711		
00:00:34:899		1.12766e+07		-4.91885		0		0		6.90593e+06		13.2171			00:00:34:899		6.90547e+06		144.529		96.9294		3.52904e+06		1.5079		289.743		
00:00:34:899		1.12766e+07		-4.91885		0		0		6.90593e+06		13.2171			00:00:34:899		6.90547e+06		144.529		96.9294		3.52904e+06		1.5079		289.743		
00:00:34:799		1.12891e+07		-4.90696		0		0		6.90513e+06		4.19635			00:00:34:799		6.90478e+06		144.529		96.9294		3.52904e+06		1.5079		289.76		
00:00:34:700		1.13016e+07		-4.89504		0		0		6.90429e+06		0			00:00:34:700		6.90407e+06		144.359		96.8079		3.5199e+06		1.50293		289.777		
00:00:34:600		1.13141e+07		-4.88307		0		0		6.90348e+06		0			00:00:34:600		6.90341e+06		144.359		96.8079		3.5199e+06		1.50293		289.794		
00:00:34:500		1.13267e+07		-4.87105		0		0		6.90273e+06		0			00:00:34:500		6.90269e+06		144.188		96.8079		3.5199e+06		1.50293		289.811		
00:00:34:399		1.13392e+07		-4.85898		0		0		6.90207e+06		2.20022			00:00:34:399		6.90197e+06		144.188		96.6854		3.51076e+06		1.49795		289.828		
00:00:34:299		1.13518e+07		-4.84685		0		0		6.90153e+06		13.5306			00:00:34:299		6.90127e+06		144.188		96.6854		3.51076e+06		1.49795		289.845		
00:00:34:200		1.13643e+07		-4.83468		0		0		6.90097e+06		18.3771			00:00:34:200		6.90052e+06		144.017		96.5618		3.50165e+06		1.49296		289.863		
00:00:34:100		1.13769e+07		-4.82247		0		0		6.90029e+06		15.3485			00:00:34:100		6.89981e+06		144.017		96.5618		3.50165e+06		1.49296		289.88		
00:00:34:000		1.13895e+07		-4.81023		0		0		6.89949e+06		8.95636			00:00:34:000		6.89908e+06		143.845		96.5618		3.50165e+06		1.49296		289.898		
00:00:33:899		1.1402e+07		-4.79795		0		0		6.8986e+06		0			00:00:33:899		6.89829e+06		143.845		96.437		3.49251e+06		1.48797		289.916		
00:00:33:799		1.14146e+07		-4.78563		0		0		6.89771e+06		0			00:00:33:799		6.89755e+06		143.845		96.437		3.49251e+06		1.48797		289.933		
00:00:33:700		1.14271e+07		-4.77328		0		0		6.89687e+06		0			00:00:33:700		6.89679e+06		143.674		96.3111		3.48327e+06		1.48298		289.951		
00:00:33:600		1.14397e+07		-4.76088		0		0		6.89611e+06		0			00:00:33:600		6.896e+06		143.674		96.3111		3.48327e+06		1.48298		289.969		
00:00:33:500		1.14523e+07		-4.74844		0		0		6.89546e+06		10.019			00:00:33:500		6.89525e+06		143.501		96.3111		3.48327e+06		1.48298		289.987		
00:00:33:399		1.14711e+07		-4.7297		0		0		6.89452e+06		18.1277			00:00:33:399		6.89446e+06		143.501		96.1838		3.47394e+06		1.47798		290.014		
00:00:33:250		1.14836e+07		-4.71713		0		0		6.89376e+06		14.1671			00:00:33:250		6.89327e+06		143.329		96.1838		3.47394e+06		1.47798		290.032		
00:00:33:149		1.14962e+07		-4.70452		0		0		6.89287e+06		6.98265			00:00:33:149		6.89246e+06		143.329		96.0551		3.46451e+06		1.47298		290.05		
00:00:32:950		1.15213e+07		-4.6791		0		0		6.89097e+06		0			00:00:32:950		6.89081e+06		143.156		95.925		3.45508e+06		1.46797		290.085		
00:00:32:850		1.15339e+07		-4.6663		0		0		6.8901e+06		0			00:00:32:850		6.89001e+06		143.156		95.925		3.45508e+06		1.46797		290.103		
00:00:32:850		1.15339e+07		-4.6663		0		0		6.8901e+06		0			00:00:32:850		6.89001e+06		143.156		95.925		3.45508e+06		1.46797		290.103		
00:00:32:750		1.15465e+07		-4.65345		0		0		6.88934e+06		1.14997			00:00:32:750		6.8892e+06		142.984		95.925		3.45508e+06		1.46797		290.12		
00:00:32:750		1.15465e+07		-4.65345		0		0		6.88934e+06		1.14997			00:00:32:750		6.8892e+06		142.984		95.925		3.45508e+06		1.46797		290.12		
00:00:32:649		1.15591e+07		-4.64054		0		0		6.88869e+06		11.5187			00:00:32:649		6.88844e+06		142.984		95.7933		3.4456e+06		1.46296		290.138		
00:00:32:549		1.15716e+07		-4.62756		0		0		6.88805e+06		17.1793			00:00:32:549		6.88762e+06		142.984		95.7933		3.4456e+06		1.46296		290.155		
00:00:32:450		1.15841e+07		-4.61454		0		0		6.88731e+06		15.6758			00:00:32:450		6.8868e+06		142.81		95.6598		3.43612e+06		1.45795		290.173		
00:00:32:350		1.15966e+07		-4.60147		0		0		6.88643e+06		8.38002			00:00:32:350		6.886e+06		142.81		95.6598		3.43612e+06		1.45795		290.19		
00:00:32:200		1.16153e+07		-4.58179		0		0		6.88497e+06		0			00:00:32:200		6.88469e+06		142.637		95.5246		3.42658e+06		1.45293		290.217		
00:00:32:000		1.16403e+07		-4.55542		0		0		6.88311e+06		0			00:00:32:000		6.883e+06		142.462		95.5246		3.42658e+06		1.45293		290.252		
00:00:32:000		1.16403e+07		-4.55542		0		0		6.88311e+06		0			00:00:32:000		6.883e+06		142.462		95.5246		3.42658e+06		1.45293		290.252		
00:00:31:899		1.16527e+07		-4.54219		0		0		6.88229e+06		10.5993			00:00:31:899		6.88211e+06		142.462		95.3874		3.41696e+06		1.4479		290.271		
00:00:31:750		1.16714e+07		-4.52233		0		0		6.88116e+06		13.1872			00:00:31:750		6.88082e+06		142.288		95.3874		3.41696e+06		1.4479		290.299		
00:00:31:649		1.16839e+07		-4.50907		0		0		6.88039e+06		15.3302			00:00:31:649		6.87992e+06		142.288		95.2481		3.40724e+06		1.44287		290.318		
00:00:31:550		1.16964e+07		-4.49583		0		0		6.8795e+06		11.0563			00:00:31:550		6.87904e+06		142.288		95.2481		3.40724e+06		1.44287		290.337		
00:00:31:449		1.17088e+07		-4.48261		0		0		6.87851e+06		4.80311			00:00:31:449		6.87813e+06		142.113		95.1067		3.39743e+06		1.43784		290.356		
00:00:31:350		1.17213e+07		-4.46942		0		0		6.87748e+06		0			00:00:31:350		6.87718e+06		142.113		95.1067		3.39743e+06		1.43784		290.376		
00:00:31:250		1.17338e+07		-4.45627		0		0		6.87648e+06		0			00:00:31:250		6.87626e+06		141.938		95.1067		3.39743e+06		1.43784		290.396		
00:00:31:149		1.17463e+07		-4.44314		0		0		6.87553e+06		0			00:00:31:149		6.87535e+06		141.938		94.963		3.38759e+06		1.4328		290.417		
00:00:31:149		1.17463e+07		-4.44314		0		0		6.87553e+06		0			00:00:31:149		6.87535e+06		141.938		94.963		3.38759e+06		1.4328		290.417		
00:00:31:050		1.17588e+07		-4.43004		0		0		6.87468e+06		6.81962			00:00:31:050		6.87443e+06		141.938		94.963		3.38759e+06		1.4328		290.438		
00:00:30:949		1.17714e+07		-4.41693		0		0		6.87387e+06		13.4321			00:00:30:949		6.8735e+06		141.762		94.8168		3.37773e+06		1.42775		290.459		
00:00:30:850		1.17839e+07		-4.4038		0		0		6.87302e+06		15.6489			00:00:30:850		6.87252e+06		141.762		94.8168		3.37773e+06		1.42775		290.481		
00:00:30:750		1.17965e+07		-4.39063		0		0		6.87204e+06		10.7006			00:00:30:750		6.87154e+06		141.586		94.8168		3.37773e+06		1.42775		290.503		
00:00:30:649		1.1809e+07		-4.37738		0		0		6.87095e+06		2.85214			00:00:30:649		6.87055e+06		141.586		94.6679		3.36775e+06		1.4227		290.526		
00:00:30:550		1.18215e+07		-4.36404		0		0		6.86983e+06		0			00:00:30:550		6.86952e+06		141.586		94.6679		3.36775e+06		1.4227		290.549		
00:00:30:399		1.18403e+07		-4.34379		0		0		6.8682e+06		0			00:00:30:399		6.86801e+06		141.41		94.5164		3.35777e+06		1.41764		290.584		
00:00:30:300		1.18528e+07		-4.33011		0		0		6.86719e+06		0			00:00:30:300		6.86691e+06		141.41		94.5164		3.35777e+06		1.41764		290.608		
00:00:30:199		1.18653e+07		-4.31627		0		0		6.86628e+06		8.89122			00:00:30:199		6.86598e+06		141.233		94.3621		3.34766e+06		1.41258		290.632		
00:00:30:100		1.18778e+07		-4.30227		0		0		6.86539e+06		14.7364			00:00:30:100		6.86495e+06		141.233		94.3621		3.34766e+06		1.41258		290.657		
00:00:30:000		1.18903e+07		-4.28814		0		0		6.86443e+06		15.1024			00:00:30:000		6.86389e+06		141.056		94.3621		3.34766e+06		1.41258		290.682		
00:00:29:899		1.19028e+07		-4.27391		0		0		6.86333e+06		7.4958			00:00:29:899		6.86274e+06		141.056		94.2049		3.33748e+06		1.40751		290.707		
00:00:29:850		1.1909e+07		-4.26678		0		0		6.86273e+06		2.20511			00:00:29:850		6.8623e+06		141.056		94.2049		3.33748e+06		1.40751		290.72		
00:00:29:750		1.19215e+07		-4.25254		0		0		6.86153e+06		0			00:00:29:750		6.86122e+06		140.878		94.2049		3.33748e+06		1.40751		290.746		
00:00:29:649		1.1934e+07		-4.23839		0		0		6.86034e+06		0			00:00:29:649		6.86014e+06		140.878		94.0431		3.32734e+06		1.40243		290.772		
00:00:29:550		1.19466e+07		-4.22442		0		0		6.85921e+06		0			00:00:29:550		6.85904e+06		140.878		94.0431		3.32734e+06		1.40243		290.799		
00:00:29:449		1.19591e+07		-4.21071		0		0		6.85816e+06		2.97536			00:00:29:449		6.85794e+06		140.7		93.8769		3.317e+06		1.39735		290.826		
00:00:29:350		1.19717e+07		-4.1973		0		0		6.8572e+06		13.0009			00:00:29:350		6.85682e+06		140.7		93.8769		3.317e+06		1.39735		290.853		
00:00:29:250		1.19844e+07		-4.18418		0.0690378		0		6.85622e+06		17.1275			00:00:29:250		6.85567e+06		140.521		93.8769		3.317e+06		1.39735		290.88		
00:00:29:149		1.19971e+07		-4.1713		0.207377		0		6.85511e+06		14.0193			00:00:29:149		6.8545e+06		140.521		93.7064		3.3066e+06		1.39226		290.908		
00:00:29:050		1.20097e+07		-4.15843		0.345618		0		6.85386e+06		2.96237			00:00:29:050		6.85337e+06		140.521		93.7064		3.3066e+06		1.39226		290.936		
00:00:28:899		1.20288e+07		-4.1391		0.552516		0		6.85191e+06		0			00:00:28:899		6.85164e+06		140.342		93.5321		3.29622e+06		1.38716		290.979		
00:00:28:800		1.20415e+07		-4.1262		0.690029		0		6.85065e+06		0			00:00:28:800		6.85048e+06		140.342		93.5321		3.29622e+06		1.38716		291.008		
00:00:28:699		1.20543e+07		-4.11328		0.827082		0		6.84943e+06		0			00:00:28:699		6.84928e+06		140.162		93.3535		3.28574e+06		1.38206		291.038		
00:00:28:649		1.20606e+07		-4.10681		0.895344		0		6.84886e+06		0			00:00:28:649		6.84868e+06		140.162		93.3535		3.28574e+06		1.38206		291.053		
00:00:28:550		1.20733e+07		-4.09387		1.03137		0		6.84781e+06		19.3461			00:00:28:550		6.84745e+06		140.162		93.3535		3.28574e+06		1.38206		291.083		
00:00:28:399		1.20924e+07		-4.0744		1.23374		0		6.84616e+06		17.3858			00:00:28:399		6.84555e+06		139.982		93.1706		3.27508e+06		1.37695		291.129		
00:00:28:300		1.2105e+07		-4.06137		1.36726		0		6.84491e+06		12.4169			00:00:28:300		6.84427e+06		139.982		93.1706		3.27508e+06		1.37695		291.16		
00:00:28:199		1.21175e+07		-4.04827		1.49953		0		6.84352e+06		1.06462			00:00:28:199		6.84302e+06		139.801		92.9831		3.26433e+06		1.37184		291.192		
00:00:28:100		1.213e+07		-4.03503		1.63027		0		6.84209e+06		0			00:00:28:100		6.8417e+06		139.801		92.9831		3.26433e+06		1.37184		291.223		
00:00:28:000		1.21424e+07		-4.02166		1.75927		0		6.84069e+06		0			00:00:28:000		6.84048e+06		139.62		92.9831		3.26433e+06		1.37184		291.255		
00:00:27:899		1.21549e+07		-4.00814		1.88615		0		6.83933e+06		0			00:00:27:899		6.83917e+06		139.62		92.7907		3.25365e+06		1.36671		291.288		
00:00:27:800		1.21673e+07		-3.9945		2.01059		0		6.83806e+06		0			00:00:27:800		6.83784e+06		139.62		92.7907		3.25365e+06		1.36671		291.321		
00:00:27:699		1.21797e+07		-3.98075		2.13228		0		6.83691e+06		13.3162			00:00:27:699		6.83651e+06		139.438		92.5933		3.24283e+06		1.36158		291.354		
00:00:27:600		1.21922e+07		-3.9669		2.25114		0		6.83577e+06		19.5267			00:00:27:600		6.83496e+06		139.438		92.5933		3.24283e+06		1.36158		291.388		
00:00:27:500		1.22046e+07		-3.95296		2.36744		0		6.83448e+06		17.9307			00:00:27:500		6.83374e+06		139.255		92.5933		3.24283e+06		1.36158		291.422		
00:00:27:399		1.2217e+07		-3.93894		2.48186		0		6.83304e+06		8.66195			00:00:27:399		6.8324e+06		139.255		92.3904		3.23194e+06		1.35644		291.456		
00:00:27:300		1.22294e+07		-3.92486		2.59452		0		6.8315e+06		0			00:00:27:300		6.83103e+06		139.255		92.3904		3.23194e+06		1.35644		291.49		
00:00:27:199		1.22418e+07		-3.91071		2.70899		0		6.82998e+06		0			00:00:27:199		6.82964e+06		139.072		92.182		3.22091e+06		1.35129		291.525		
00:00:27:000		1.22665e+07		-3.88227		2.94175		0		6.82723e+06		7.92885			00:00:27:000		6.82687e+06		138.888		92.182		3.22091e+06		1.35129		291.595		
00:00:26:899		1.22791e+07		-3.868		3.04685		0		6.82601e+06		17.4137			00:00:26:899		6.82545e+06		138.888		91.9676		3.20964e+06		1.34614		291.631		
00:00:26:899		1.22791e+07		-3.868		3.04685		0		6.82601e+06		17.4137			00:00:26:899		6.82545e+06		138.888		91.9676		3.20964e+06		1.34614		291.631		
00:00:26:750		1.22978e+07		-3.84654		3.20411		0		6.82409e+06		19.9875			00:00:26:750		6.82331e+06		138.704		91.9676		3.20964e+06		1.34614		291.685		
00:00:26:649		1.23102e+07		-3.83219		3.2985		0		6.82264e+06		15.1525			00:00:26:649		6.82189e+06		138.704		91.747		3.19828e+06		1.34097		291.721		
00:00:26:550		1.23227e+07		-3.81782		3.38944		0		6.82107e+06		7.45402			00:00:26:550		6.82046e+06		138.704		91.747		3.19828e+06		1.34097		291.757		
00:00:26:449		1.23351e+07		-3.80342		3.47692		0		6.81948e+06		2.20265			00:00:26:449		6.819e+06		138.519		91.5198		3.18681e+06		1.33579		291.793		
00:00:26:350		1.23476e+07		-3.78899		3.56095		0		6.81797e+06		4.11094			00:00:26:350		6.81754e+06		138.519		91.5198		3.18681e+06		1.33579		291.829		
00:00:26:350		1.23476e+07		-3.78899		3.56095		0		6.81797e+06		4.11094			00:00:26:350		6.81754e+06		138.519		91.5198		3.18681e+06		1.33579		291.829		
00:00:26:149		1.23725e+07		-3.76003		3.71876		0		6.81524e+06		18.6329			00:00:26:149		6.81462e+06		138.334		91.2857		3.17515e+06		1.33061		291.901		
00:00:26:149		1.23725e+07		-3.76003		3.71876		0		6.81524e+06		18.6329			00:00:26:149		6.81462e+06		138.334		91.2857		3.17515e+06		1.33061		291.901		
00:00:25:949		1.23973e+07		-3.73094		3.86326		0		6.81251e+06		23.8995			00:00:25:949		6.8116e+06		138.148		91.0442		3.16332e+06		1.32542		291.974		
00:00:25:850		1.24097e+07		-3.71635		3.93066		0		6.81097e+06		19.2509			00:00:25:850		6.81009e+06		138.148		91.0442		3.16332e+06		1.32542		292.011		
00:00:25:850		1.24097e+07		-3.71635		3.93066		0		6.81097e+06		19.2509			00:00:25:850		6.81009e+06		138.148		91.0442		3.16332e+06		1.32542		292.011		
00:00:25:750		1.24222e+07		-3.70173		3.99497		0		6.80932e+06		9.35521			00:00:25:750		6.80865e+06		137.96		91.0442		3.16332e+06		1.32542		292.047		
00:00:25:600		1.24408e+07		-3.67976		4.08583		0		6.80704e+06		12.808			00:00:25:600		6.80652e+06		137.96		90.7951		3.15131e+06		1.32023		292.101		
00:00:25:500		1.24532e+07		-3.66509		4.14281		0		6.80566e+06		15.5215			00:00:25:500		6.80501e+06		137.772		90.7951		3.15131e+06		1.32023		292.137		
00:00:25:399		1.24657e+07		-3.65039		4.19688		0		6.80415e+06		17.3154			00:00:25:399		6.80343e+06		137.772		90.5377		3.13912e+06		1.31503		292.173		
00:00:25:300		1.24782e+07		-3.63566		4.2483		0		6.80257e+06		18.5379			00:00:25:300		6.8018e+06		137.772		90.5377		3.13912e+06		1.31503		292.209		
00:00:25:149		1.24969e+07		-3.61349		4.32071		0		6.80014e+06		20.3396			00:00:25:149		6.79932e+06		137.583		90.2718		3.12667e+06		1.30983		292.262		
00:00:25:050		1.25094e+07		-3.59869		4.36595		0		6.79851e+06		21.4387			00:00:25:050		6.79757e+06		137.583		90.2718		3.12667e+06		1.30983		292.297		
00:00:24:949		1.25219e+07		-3.58387		4.40876		0		6.79686e+06		22.2552			00:00:24:949		6.79597e+06		137.391		89.9967		3.11397e+06		1.30461		292.332		
00:00:24:850		1.25344e+07		-3.56903		4.44924		0		6.79518e+06		22.7078			00:00:24:850		6.79426e+06		137.391		89.9967		3.11397e+06		1.30461		292.367		
00:00:24:750		1.2547e+07		-3.55417		4.48754		0		6.79346e+06		22.224			00:00:24:750		6.79244e+06		137.199		89.9967		3.11397e+06		1.30461		292.401		
00:00:24:750		1.2547e+07		-3.55417		4.48754		0		6.79346e+06		22.224			00:00:24:750		6.79244e+06		137.199		89.9967		3.11397e+06		1.30461		292.401		
00:00:24:649		1.25595e+07		-3.53928		4.52394		0		6.7917e+06		22.0782			00:00:24:649		6.79077e+06		137.199		89.712		3.10093e+06		1.29939		292.435		
00:00:24:550		1.2572e+07		-3.52438		4.5586		0		6.78994e+06		22.5444			00:00:24:550		6.789e+06		137.199		89.712		3.10093e+06		1.29939		292.469		
00:00:24:449		1.25846e+07		-3.50945		4.59121		0		6.78816e+06		23.6664			00:00:24:449		6.78719e+06		137.003		89.4172		3.08749e+06		1.29416		292.502		
00:00:24:350		1.25971e+07		-3.49451		4.62162		0		6.78637e+06		25.2793			00:00:24:350		6.78534e+06		137.003		89.4172		3.08749e+06		1.29416		292.535		
00:00:24:250		1.26096e+07		-3.47956		4.65002		0		6.78454e+06		25.4904			00:00:24:250		6.7833e+06		136.806		89.4172		3.08749e+06		1.29416		292.568		
00:00:24:149		1.26221e+07		-3.4646		4.67732		0		6.78266e+06		26.0384			00:00:24:149		6.78157e+06		136.806		89.1116		3.07355e+06		1.28893		292.6		
00:00:23:949		1.2647e+07		-3.43464		4.72871		0		6.7788e+06		27.4984			00:00:23:949		6.77765e+06		136.606		88.7947		3.05897e+06		1.28368		292.664		
00:00:23:949		1.2647e+07		-3.43464		4.72871		0		6.7788e+06		27.4984			00:00:23:949		6.77765e+06		136.606		88.7947		3.05897e+06		1.28368		292.664		
00:00:23:800		1.26657e+07		-3.41212		4.761		0		6.77584e+06		28.6279			00:00:23:800		6.77463e+06		136.606		88.7947		3.05897e+06		1.28368		292.711		
00:00:23:699		1.26781e+07		-3.39709		4.78043		0		6.77383e+06		29.1998			00:00:23:699		6.77258e+06		136.403		88.4659		3.04394e+06		1.27842		292.742		
00:00:23:600		1.26905e+07		-3.38205		4.80041		0		6.77178e+06		29.6672			00:00:23:600		6.7705e+06		136.403		88.4659		3.04394e+06		1.27842		292.773		
00:00:23:500		1.27029e+07		-3.367		4.82115		0		6.7697e+06		30.0333			00:00:23:500		6.76839e+06		136.196		88.4659		3.04394e+06		1.27842		292.803		
00:00:23:399		1.27153e+07		-3.35193		4.83946		0		6.76759e+06		30.4114			00:00:23:399		6.76626e+06		136.196		88.1244		3.02831e+06		1.27316		292.834		
00:00:23:300		1.27277e+07		-3.33685		4.85296		0		6.76545e+06		31.0978			00:00:23:300		6.7641e+06		136.196		88.1244		3.02831e+06		1.27316		292.865		
00:00:23:199		1.27401e+07		-3.32174		4.86404		0		6.76329e+06		31.9427			00:00:23:199		6.7619e+06		135.984		87.7694		3.01189e+06		1.26788		292.896		
00:00:23:100		1.27525e+07		-3.30661		4.87794		0		6.76112e+06		33.0173			00:00:23:100		6.75969e+06		135.984		87.7694		3.01189e+06		1.26788		292.927		
00:00:23:000		1.2765e+07		-3.29146		4.8962		0		6.75892e+06		34.1612			00:00:23:000		6.75744e+06		135.767		87.7694		3.01189e+06		1.26788		292.959		
00:00:22:899		1.27774e+07		-3.27629		4.91275		0		6.7567e+06		35.3742			00:00:22:899		6.75515e+06		135.767		87.4001		2.99469e+06		1.26259		292.991		
00:00:22:800		1.27899e+07		-3.2611		4.92058		0		6.75445e+06		36.5534			00:00:22:800		6.75284e+06		135.767		87.4001		2.99469e+06		1.26259		293.023		
00:00:22:699		1.28023e+07		-3.24588		4.92152		0		6.75215e+06		37.5733			00:00:22:699		6.75047e+06		135.544		87.0157		2.9766e+06		1.25729		293.055		
00:00:22:600		1.28148e+07		-3.23064		4.92714		0		6.74979e+06		37.6758			00:00:22:600		6.74807e+06		135.544		87.0157		2.9766e+06		1.25729		293.089		
00:00:22:500		1.28272e+07		-3.21537		4.94495		0		6.74737e+06		37.5228			00:00:22:500		6.74563e+06		135.314		87.0157		2.9766e+06		1.25729		293.123		
00:00:22:449		1.28335e+07		-3.20772		4.95608		0		6.74613e+06		37.3574			00:00:22:449		6.74439e+06		135.314		86.6152		2.95746e+06		1.25198		293.14		
00:00:22:199		1.28645e+07		-3.16943		4.9589		0		6.73969e+06		36.2894			00:00:22:199		6.73794e+06		135.075		86.1978		2.93731e+06		1.24665		293.23		
00:00:22:199		1.28645e+07		-3.16943		4.9589		0		6.73969e+06		36.2894			00:00:22:199		6.73794e+06		135.075		86.1978		2.93731e+06		1.24665		293.23		
00:00:22:000		1.28894e+07		-3.13873		4.96428		0		6.73431e+06		36.801			00:00:22:000		6.73252e+06		134.828		86.1978		2.93731e+06		1.24665		293.307		
00:00:21:899		1.29018e+07		-3.12336		4.9932		0		6.73156e+06		37.7161			00:00:21:899		6.72972e+06		134.828		85.7629		2.9161e+06		1.24132		293.346		
00:00:21:899		1.29018e+07		-3.12336		4.9932		0		6.73156e+06		37.7161			00:00:21:899		6.72972e+06		134.828		85.7629		2.9161e+06		1.24132		293.346		
00:00:21:800		1.29142e+07		-3.10796		5.00131		0		6.72877e+06		38.896			00:00:21:800		6.72686e+06		134.828		85.7629		2.9161e+06		1.24132		293.387		
00:00:21:699		1.29267e+07		-3.09253		4.96014		0		6.72592e+06		40.0696			00:00:21:699		6.72394e+06		134.57		85.3104		2.89349e+06		1.23597		293.43		
00:00:21:600		1.29392e+07		-3.07709		4.89449		0		6.723e+06		41.0247			00:00:21:600		6.72094e+06		134.57		85.3104		2.89349e+06		1.23597		293.473		
00:00:21:500		1.29517e+07		-3.06162		4.82637		0		6.72001e+06		41.3383			00:00:21:500		6.71788e+06		134.3		85.3104		2.89349e+06		1.23597		293.517		
00:00:21:399		1.29641e+07		-3.04614		4.75882		0		6.71691e+06		40.6636			00:00:21:399		6.71477e+06		134.3		84.8396		2.86946e+06		1.23061		293.563		
00:00:21:300		1.29766e+07		-3.03063		4.69297		0		6.7137e+06		38.9197			00:00:21:300		6.71158e+06		134.3		84.8396		2.86946e+06		1.23061		293.61		
00:00:21:199		1.29891e+07		-3.01509		4.626		0		6.71036e+06		36.2587			00:00:21:199		6.70832e+06		134.018		84.3497		2.84411e+06		1.22524		293.657		
00:00:21:100		1.30015e+07		-2.99953		4.55415		0		6.70693e+06		33.4719			00:00:21:100		6.70498e+06		134.018		84.3497		2.84411e+06		1.22524		293.706		
00:00:21:000		1.3014e+07		-2.98395		4.47787		0		6.70344e+06		31.963			00:00:21:000		6.70159e+06		133.722		84.3497		2.84411e+06		1.22524		293.756		
00:00:20:899		1.30265e+07		-2.96835		4.4025		0		6.69999e+06		32.6479			00:00:20:899		6.69816e+06		133.722		83.8401		2.81736e+06		1.21985		293.807		
00:00:20:800		1.3039e+07		-2.95273		4.33237		0		6.69658e+06		34.5089			00:00:20:800		6.69469e+06		133.722		83.8401		2.81736e+06		1.21985		293.859		
00:00:20:649		1.30578e+07		-2.92928		4.22918		0		6.69142e+06		37.3648			00:00:20:649		6.68936e+06		133.412		83.3104		2.78919e+06		1.21444		293.939		
00:00:20:550		1.30702e+07		-2.91365		4.15145		0		6.68788e+06		37.8571			00:00:20:550		6.68574e+06		133.412		83.3104		2.78919e+06		1.21444		293.994		
00:00:20:449		1.30827e+07		-2.898		4.06746		0		6.68423e+06		38.0053			00:00:20:449		6.68205e+06		133.087		82.7606		2.75965e+06		1.20902		294.049		
00:00:20:350		1.30951e+07		-2.88233		3.98781		8.90746		6.68048e+06		38.0072			00:00:20:350		6.67825e+06		133.087		82.7606		2.75965e+06		1.20902		294.105		
00:00:20:250		1.31076e+07		-2.86664		3.91896		22.8111		6.67662e+06		38.2886			00:00:20:250		6.67436e+06		132.745		82.7606		2.75965e+06		1.20902		294.162		
00:00:20:149		1.312e+07		-2.85093		3.85391		33.7614		6.67267e+06		39.2355			00:00:20:149		6.67036e+06		132.745		82.1912		2.72872e+06		1.20358		294.219		
00:00:19:949		1.31449e+07		-2.81946		3.68759		55.0143		6.66453e+06		40.8442			00:00:19:949		6.66212e+06		132.387		81.6045		2.69636e+06		1.19812		294.334		
00:00:19:850		1.31574e+07		-2.80369		3.59815		64.79		6.66021e+06		39.9779			00:00:19:850		6.65768e+06		132.387		81.6045		2.69636e+06		1.19812		294.392		
00:00:19:850		1.31574e+07		-2.80369		3.59815		64.79		6.66021e+06		39.9779			00:00:19:850		6.65768e+06		132.387		81.6045		2.69636e+06		1.19812		294.392		
00:00:19:850		1.31574e+07		-2.80369		3.59815		64.79		6.66021e+06		39.9779			00:00:19:850		6.65768e+06		132.387		81.6045		2.69636e+06		1.19812		294.392		
00:00:19:750		1.31698e+07		-2.7879		3.52675		74.1986		6.65574e+06		38.3447			00:00:19:750		6.65322e+06		132.012		81.6045		2.69636e+06		1.19812		294.451		
00:00:19:649		1.31822e+07		-2.77208		3.47161		83.3928		6.65112e+06		36.34			00:00:19:649		6.64864e+06		132.012		81.0023		2.66274e+06		1.19264		294.511		
00:00:19:550		1.31946e+07		-2.75624		3.40612		92.2196		6.64636e+06		34.5851			00:00:19:550		6.64394e+06		132.012		81.0023		2.66274e+06		1.19264		294.57		
00:00:19:449		1.3207e+07		-2.74038		3.31258		100.8		6.64151e+06		33.996			00:00:19:449		6.63911e+06		131.62		80.3867		2.62782e+06		1.18714		294.631		
00:00:19:350		1.32194e+07		-2.72451		3.20786		109.407		6.6366e+06		35.2848			00:00:19:350		6.63417e+06		131.62		80.3867		2.62782e+06		1.18714		294.691		
00:00:19:250		1.32317e+07		-2.70862		3.1261		118.188		6.63166e+06		38.6521			00:00:19:250		6.6291e+06		131.212		80.3867		2.62782e+06		1.18714		294.752		
00:00:19:149		1.32441e+07		-2.69272		3.08482		127.071		6.6267e+06		43.6948			00:00:19:149		6.62391e+06		131.212		79.7607		2.59166e+06		1.18162		294.813		
00:00:19:000		1.32689e+07		-2.6609		2.95329		147.8		6.61662e+06		52.9887			00:00:19:000		6.61296e+06		130.789		79.1277		2.55445e+06		1.17608		294.933		
00:00:18:850		1.32813e+07		-2.64498		2.82407		163.262		6.6114e+06		55.2665			00:00:18:850		6.60773e+06		130.789		79.1277		2.55445e+06		1.17608		294.993		
00:00:18:750		1.32937e+07		-2.62905		2.71684		187.352		6.60596e+06		54.532			00:00:18:750		6.60217e+06		130.352		79.1277		2.55445e+06		1.17608		295.052		
00:00:18:649		1.33061e+07		-2.6131		2.694		226.994		6.60018e+06		47.8183			00:00:18:649		6.59654e+06		130.352		78.4916		2.51619e+06		1.17051		295.11		
00:00:18:550		1.33185e+07		-2.59713		2.69799		279.055		6.59406e+06		33.1429			00:00:18:550		6.59102e+06		130.352		78.4916		2.51619e+06		1.17051		295.166		
00:00:18:550		1.33185e+07		-2.59713		2.69799		279.055		6.59406e+06		33.1429			00:00:18:550		6.59102e+06		130.352		78.4916		2.51619e+06		1.17051		295.166		
00:00:18:449		1.33309e+07		-2.58115		2.70099		330.194		6.58796e+06		10.2782			00:00:18:449		6.58602e+06		129.903		77.8558		2.47691e+06		1.16491		295.221		
00:00:18:350		1.33433e+07		-2.56515		2.70392		375.71		6.58241e+06		0			00:00:18:350		6.5812e+06		129.903		77.8558		2.47691e+06		1.16491		295.275		
00:00:18:149		1.3368e+07		-2.53306		2.71127		453.317		6.57671e+06		98.0905			00:00:18:149		6.57563e+06		129.443		77.2225		2.43657e+06		1.1593		295.379		
00:00:18:149		1.3368e+07		-2.53306		2.71127		453.317		6.57671e+06		98.0905			00:00:18:149		6.57563e+06		129.443		77.2225		2.43657e+06		1.1593		295.379		
00:00:17:949		1.33926e+07		-2.50089		2.71822		505.707		6.58078e+06		343.496			00:00:17:949		6.52762e+06		128.974		76.5932		2.39515e+06		1.15366		295.479		
00:00:17:949		1.33926e+07		-2.50089		2.71822		505.707		6.58078e+06		343.496			00:00:17:949		6.52762e+06		128.974		76.5932		2.39515e+06		1.15366		295.479		
00:00:17:850		1.3405e+07		-2.48477		2.72084		524.97		6.58475e+06		412.07			00:00:17:850		6.50868e+06		128.974		76.5932		2.39515e+06		1.15366		295.529		
00:00:17:750		1.34173e+07		-2.46863		2.72406		540.401		6.58951e+06		455.612			00:00:17:750		6.49213e+06		128.496		76.5932		2.39515e+06		1.15366		295.577		
00:00:17:649		1.34295e+07		-2.45248		2.7279		552.506		6.59453e+06		473.956			00:00:17:649		6.48257e+06		128.496		75.9713		2.35283e+06		1.14801		295.626		
00:00:17:550		1.34417e+07		-2.43633		2.7321		561.533		6.59953e+06		473.929			00:00:17:550		6.48767e+06		128.496		75.9713		2.35283e+06		1.14801		295.675		
00:00:17:449		1.34539e+07		-2.42016		2.736		567.097		6.60449e+06		474.053			00:00:17:449		6.49269e+06		128.01		75.3603		2.30969e+06		1.14236		295.723		
00:00:17:300		1.34721e+07		-2.39588		2.74608		568.87		6.61188e+06		474.792			00:00:17:300		6.49995e+06		128.01		75.3603		2.30969e+06		1.14236		295.795		
00:00:17:199		1.34842e+07		-2.37966		2.75034		568.933		6.61679e+06		475.351			00:00:17:199		6.50468e+06		127.518		74.7627		2.26575e+06		1.1367		295.842		
00:00:17:100		1.34963e+07		-2.36342		2.75487		568.983		6.62169e+06		475.915			00:00:17:100		6.5094e+06		127.518		74.7627		2.26575e+06		1.1367		295.888		
00:00:16:899		1.35206e+07		-2.33084		2.76458		569.05		6.63146e+06		477.038			00:00:16:899		6.51883e+06		127.02		74.1793		2.22123e+06		1.13104		295.982		
00:00:16:899		1.35206e+07		-2.33084		2.76458		569.05		6.63146e+06		477.038			00:00:16:899		6.51883e+06		127.02		74.1793		2.22123e+06		1.13104		295.982		
00:00:16:800		1.35327e+07		-2.31451		2.76879		569.064		6.63633e+06		477.622			00:00:16:800		6.52352e+06		127.02		74.1793		2.22123e+06		1.13104		296.033		
00:00:16:699		1.35449e+07		-2.29816		2.68732		569.064		6.6412e+06		478.22			00:00:16:699		6.52821e+06		126.518		73.6067		2.17623e+06		1.1155		296.082		
00:00:16:600		1.3557e+07		-2.28179		2.68218		569.052		6.64607e+06		478.814			00:00:16:600		6.53287e+06		126.518		73.6067		2.17623e+06		1.1155		296.122		
00:00:16:500		1.35692e+07		-2.2654		2.78646		569.024		6.65091e+06		479.407			00:00:16:500		6.53752e+06		126.01		73.6067		2.17623e+06		1.1155		296.187		
00:00:16:399		1.35814e+07		-2.24898		2.7902		568.988		6.65574e+06		479.986			00:00:16:399		6.54214e+06		126.01		73.0289		2.13072e+06		1.09991		296.247		
00:00:16:300		1.35935e+07		-2.23255		2.79385		568.935		6.66054e+06		480.574			00:00:16:300		6.54675e+06		126.01		73.0289		2.13072e+06		1.09991		296.308		
00:00:16:250		1.35996e+07		-2.22433		2.79571		568.902		6.66293e+06		480.865			00:00:16:250		6.54905e+06		125.503		73.0289		2.13072e+06		1.09991		296.338		
00:00:16:149		1.36117e+07		-2.20789		2.79918		568.83		6.66771e+06		481.461			00:00:16:149		6.55362e+06		125.503		72.4456		2.08469e+06		1.0843		296.399		
00:00:15:900		1.36419e+07		-2.16678		2.8076		568.588		6.67956e+06		483.048			00:00:15:900		6.56494e+06		124.997		71.8567		2.038e+06		1.06864		296.551		
00:00:15:900		1.36419e+07		-2.16678		2.8076		568.588		6.67956e+06		483.048			00:00:15:900		6.56494e+06		124.997		71.8567		2.038e+06		1.06864		296.551		
00:00:15:800		1.3654e+07		-2.15032		2.8111		568.467		6.68428e+06		483.748			00:00:15:800		6.56942e+06		124.997		71.8567		2.038e+06		1.06864		296.612		
00:00:15:699		1.36661e+07		-2.13386		2.81485		568.336		6.68898e+06		484.496			00:00:15:699		6.57385e+06		124.491		71.2623		1.9907e+06		1.05295		296.673		
00:00:15:599		1.36782e+07		-2.11742		2.81863		568.194		6.69367e+06		485.269			00:00:15:599		6.57825e+06		124.491		71.2623		1.9907e+06		1.05295		296.735		
00:00:15:500		1.36902e+07		-2.10102		2.82228		568.041		6.69834e+06		486.09			00:00:15:500		6.58262e+06		123.986		71.2623		1.9907e+06		1.05295		296.797		
00:00:15:400		1.37022e+07		-2.08465		2.82598		567.879		6.703e+06		486.933			00:00:15:400		6.58696e+06		123.986		70.6629		1.94282e+06		1.03722		296.86		
00:00:15:300		1.37142e+07		-2.06833		2.82976		567.707		6.70764e+06		487.786			00:00:15:300		6.59126e+06		123.986		70.6629		1.94282e+06		1.03722		296.923		
00:00:15:199		1.37262e+07		-2.05209		2.83356		567.528		6.71225e+06		488.627			00:00:15:199		6.59552e+06		123.481		70.0592		1.89431e+06		1.02145		296.987		
00:00:15:000		1.37501e+07		-2.01983		2.84123		567.155		6.72133e+06		490.151			00:00:15:000		6.60393e+06		122.977		70.0592		1.89431e+06		1.02145		297.117		
00:00:14:900		1.37621e+07		-2.00383		2.84498		566.956		6.72577e+06		490.847			00:00:14:900		6.60809e+06		122.977		69.4514		1.84518e+06		1.00563		297.184		
00:00:14:900		1.37621e+07		-2.00383		2.84498		566.956		6.72577e+06		490.847			00:00:14:900		6.60809e+06		122.977		69.4514		1.84518e+06		1.00563		297.184		
00:00:14:800		1.3774e+07		-1.98794		2.84876		566.749		6.73016e+06		491.507			00:00:14:800		6.61222e+06		122.977		69.4514		1.84518e+06		1.00563		297.252		
00:00:14:699		1.3786e+07		-1.97216		2.85242		566.532		6.73451e+06		492.112			00:00:14:699		6.61632e+06		122.472		68.8394		1.7954e+06		0.98978		297.319		
00:00:14:599		1.3798e+07		-1.95649		2.85616		566.304		6.7388e+06		492.695			00:00:14:599		6.62039e+06		122.472		68.8394		1.7954e+06		0.98978		297.387		
00:00:14:500		1.381e+07		-1.94094		2.85973		566.065		6.74306e+06		493.25			00:00:14:500		6.62444e+06		121.968		68.8394		1.7954e+06		0.98978		297.456		
00:00:14:400		1.38221e+07		-1.9255		2.86341		565.813		6.74728e+06		493.769			00:00:14:400		6.62846e+06		121.968		68.2231		1.74492e+06		0.973883		297.524		
00:00:14:250		1.38401e+07		-1.90258		2.86891		565.404		6.75355e+06		494.483			00:00:14:250		6.63447e+06		121.463		68.2231		1.74492e+06		0.973883		297.628		
00:00:14:150		1.38521e+07		-1.88746		2.87254		565.107		6.75768e+06		494.943			00:00:14:150		6.63846e+06		121.463		67.6026		1.69378e+06		0.957943		297.698		
00:00:14:050		1.38641e+07		-1.87248		2.87609		564.798		6.76181e+06		495.408			00:00:14:050		6.64244e+06		121.463		67.6026		1.69378e+06		0.957943		297.768		
00:00:13:949		1.38761e+07		-1.85765		2.87978		564.471		6.76593e+06		495.884			00:00:13:949		6.64641e+06		120.959		66.978		1.64192e+06		0.941961		297.839		
00:00:13:849		1.38882e+07		-1.84296		2.88332		564.124		6.77004e+06		496.363			00:00:13:849		6.65036e+06		120.959		66.978		1.64192e+06		0.941961		297.91		
00:00:13:849		1.38882e+07		-1.84296		2.88332		564.124		6.77004e+06		496.363			00:00:13:849		6.65036e+06		120.959		66.978		1.64192e+06		0.941961		297.91		
00:00:13:750		1.39003e+07		-1.82842		2.88677		563.762		6.77413e+06		496.852			00:00:13:750		6.65429e+06		120.454		66.978		1.64192e+06		0.941961		297.982		
00:00:13:650		1.39124e+07		-1.81399		2.88993		563.383		6.77821e+06		497.359			00:00:13:650		6.6582e+06		120.454		66.3501		1.58925e+06		0.925937		298.053		
00:00:13:550		1.39245e+07		-1.79966		2.89281		562.991		6.78227e+06		497.886			00:00:13:550		6.66209e+06		120.454		66.3501		1.58925e+06		0.925937		298.124		
00:00:13:449		1.39367e+07		-1.7854		2.8958		562.586		6.78632e+06		498.46			00:00:13:449		6.66594e+06		119.95		65.719		1.53576e+06		0.90987		298.193		
00:00:13:349		1.3949e+07		-1.77119		2.89889		562.171		6.79036e+06		499.08			00:00:13:349		6.66974e+06		119.95		65.719		1.53576e+06		0.90987		298.261		
00:00:13:250		1.39613e+07		-1.75701		2.90298		561.745		6.79437e+06		499.723			00:00:13:250		6.6735e+06		119.444		65.719		1.53576e+06		0.90987		298.328		
00:00:12:949		1.39992e+07		-1.7144		2.91525		560.432		6.8061e+06		501.43			00:00:12:949		6.68447e+06		118.938		64.4493		1.42629e+06		0.877608		298.534		
00:00:12:949		1.39992e+07		-1.7144		2.91525		560.432		6.8061e+06		501.43			00:00:12:949		6.68447e+06		118.938		64.4493		1.42629e+06		0.877608		298.534		
00:00:12:800		1.40188e+07		-1.69294		2.92113		559.763		6.81172e+06		502.096			00:00:12:800		6.6898e+06		118.938		64.4493		1.42629e+06		0.877608		298.643		
00:00:12:800		1.40188e+07		-1.69294		2.92113		559.763		6.81172e+06		502.096			00:00:12:800		6.6898e+06		118.938		64.4493		1.42629e+06		0.877608		298.643		
00:00:12:699		1.40321e+07		-1.67853		2.92511		559.306		6.81539e+06		502.478			00:00:12:699		6.69331e+06		118.43		63.811		1.37023e+06		0.86141		298.717		
00:00:12:550		1.40528e+07		-1.65675		2.93081		558.613		6.82079e+06		503.002			00:00:12:550		6.69851e+06		118.43		63.811		1.37023e+06		0.86141		298.831		
00:00:12:449		1.40671e+07		-1.64214		2.93449		558.148		6.82433e+06		503.313			00:00:12:449		6.70195e+06		117.922		63.1707		1.31317e+06		0.845166		298.908		
00:00:12:449		1.40671e+07		-1.64214		2.93449		558.148		6.82433e+06		503.313			00:00:12:449		6.70195e+06		117.922		63.1707		1.31317e+06		0.845166		298.908		
00:00:12:349		1.40817e+07		-1.62748		2.9382		557.671		6.82783e+06		503.586			00:00:12:349		6.70536e+06		117.922		63.1707		1.31317e+06		0.845166		298.986		
00:00:12:250		1.40963e+07		-1.61276		2.94186		557.188		6.83129e+06		503.828			00:00:12:250		6.70874e+06		117.412		63.1707		1.31317e+06		0.845166		299.065		
00:00:12:150		1.41108e+07		-1.59796		2.94522		556.692		6.83471e+06		504.065			00:00:12:150		6.7121e+06		117.412		62.5285		1.25512e+06		0.828876		299.144		
00:00:11:949		1.41394e+07		-1.56802		2.95232		555.665		6.84149e+06		504.534			00:00:11:949		6.71878e+06		116.901		61.8845		1.19599e+06		0.812539		299.303		
00:00:11:849		1.41533e+07		-1.55282		2.95565		555.128		6.84486e+06		504.79			00:00:11:849		6.7221e+06		116.901		61.8845		1.19599e+06		0.812539		299.384		
00:00:11:849		1.41533e+07		-1.55282		2.95565		555.128		6.84486e+06		504.79			00:00:11:849		6.7221e+06		116.901		61.8845		1.19599e+06		0.812539		299.384		
00:00:11:750		1.41666e+07		-1.5374		2.95919		554.576		6.84822e+06		505.061			00:00:11:750		6.7254e+06		116.388		61.8845		1.19599e+06		0.812539		299.465		
00:00:11:650		1.41788e+07		-1.52173		2.96262		554.009		6.85158e+06		505.341			00:00:11:650		6.72868e+06		116.388		61.2381		1.13565e+06		0.796155		299.547		
00:00:11:550		1.41902e+07		-1.50596		2.96588		553.422		6.85492e+06		505.646			00:00:11:550		6.73195e+06		116.388		61.2381		1.13565e+06		0.796155		299.629		
00:00:11:449		1.42012e+07		-1.49013		2.96889		552.824		6.85826e+06		505.985			00:00:11:449		6.73519e+06		115.872		60.5898		1.07415e+06		0.779725		299.711		
00:00:11:199		1.42285e+07		-1.4505		2.97597		551.283		6.86654e+06		507.004			00:00:11:199		6.74313e+06		115.353		59.9396		1.01148e+06		0.763252		299.91		
00:00:11:199		1.42285e+07		-1.4505		2.97597		551.283		6.86654e+06		507.004			00:00:11:199		6.74313e+06		115.353		59.9396		1.01148e+06		0.763252		299.91		
00:00:11:099		1.42393e+07		-1.43465		2.97874		550.658		6.86982e+06		507.478			00:00:11:099		6.74622e+06		115.353		59.9396		1.01148e+06		0.763252		299.985		
00:00:10:900		1.4261e+07		-1.40287		2.9865		549.412		6.87623e+06		508.438			00:00:10:900		6.7522e+06		114.831		59.2878		947495		0.746737		300.128		
00:00:10:900		1.4261e+07		-1.40287		2.9865		549.412		6.87623e+06		508.438			00:00:10:900		6.7522e+06		114.831		59.2878		947495		0.746737		300.128		
00:00:10:800		1.42719e+07		-1.38699		2.99107		548.789		6.87933e+06		508.88			00:00:10:800		6.75508e+06		114.831		59.2878		947495		0.746737		300.202		
00:00:10:699		1.42825e+07		-1.3711		2.99549		548.171		6.88235e+06		509.324			00:00:10:699		6.75791e+06		114.304		58.6348		882164		0.730178		300.278		
00:00:10:599		1.42933e+07		-1.35517		2.99965		547.553		6.88531e+06		509.762			00:00:10:599		6.76068e+06		114.304		58.6348		882164		0.730178		300.355		
00:00:10:500		1.43038e+07		-1.33923		3.0037		546.938		6.88821e+06		510.197			00:00:10:500		6.76339e+06		113.773		58.6348		882164		0.730178		300.434		
00:00:10:400		1.43144e+07		-1.32327		3.00781		546.326		6.89107e+06		510.638			00:00:10:400		6.76607e+06		113.773		57.9815		815693		0.713573		300.515		
00:00:10:300		1.43251e+07		-1.30741		3.01197		545.713		6.89389e+06		511.104			00:00:10:300		6.7687e+06		113.773		57.9815		815693		0.713573		300.597		
00:00:10:199		1.43361e+07		-1.29154		3.01601		545.105		6.89668e+06		511.583			00:00:10:199		6.77129e+06		113.237		57.329		748986		0.69692		300.68		
00:00:10:099		1.43469e+07		-1.27564		3.01963		544.498		6.89944e+06		512.079			00:00:10:099		6.77385e+06		113.237		57.329		748986		0.69692		300.764		
00:00:10:000		1.43577e+07		-1.25972		3.0231		543.892		6.90217e+06		512.602			00:00:10:000		6.77637e+06		112.692		57.329		748986		0.69692		300.849		
00:00:09:900		1.43685e+07		-1.24376		3.02681		543.285		6.90489e+06		513.151			00:00:09:900		6.77886e+06		112.692		56.6779		685310		0.68022		300.934		
00:00:09:800		1.43791e+07		-1.22778		3.03061		542.681		6.90758e+06		513.728			00:00:09:800		6.78132e+06		112.692		56.6779		685310		0.68022		301.021		
00:00:09:699		1.4395e+07		-1.20376		3.03617		541.776		6.9116e+06		514.669			00:00:09:699		6.78496e+06		112.136		56.0286		636948		0.663472		301.151		
00:00:09:550		1.44054e+07		-1.1877		3.03912		541.182		6.91428e+06		515.344			00:00:09:550		6.78735e+06		112.136		56.0286		636948		0.663472		301.239		
00:00:09:500		1.44105e+07		-1.17966		3.04057		540.888		6.91561e+06		515.704			00:00:09:500		6.78853e+06		111.558		56.0286		636948		0.663472		301.283		
00:00:09:349		1.44257e+07		-1.15548		3.04453		540.023		6.91958e+06		516.82			00:00:09:349		6.79202e+06		111.558		55.3807		600758		0.646672		301.414		
00:00:09:250		1.44355e+07		-1.1393		3.04731		539.47		6.92221e+06		517.581			00:00:09:250		6.7943e+06		110.918		55.3807		600758		0.646672		301.5		
00:00:09:150		1.44449e+07		-1.12309		3.05046		538.944		6.9248e+06		518.308			00:00:09:150		6.79652e+06		110.918		54.732		563934		0.629823		301.584		
00:00:09:050		1.44542e+07		-1.10692		3.05414		538.444		6.92731e+06		518.94			00:00:09:050		6.79868e+06		110.918		54.732		563934		0.629823		301.665		
00:00:08:949		1.44637e+07		-1.09083		3.05805		537.978		6.92971e+06		519.424			00:00:08:949		6.80077e+06		110.68		54.0814		527293		0.612925		301.746		
00:00:08:849		1.44737e+07		-1.07482		3.06201		537.541		6.93197e+06		519.746			00:00:08:849		6.80279e+06		110.68		54.0814		527293		0.612925		301.828		
00:00:08:849		1.44737e+07		-1.07482		3.06201		537.541		6.93197e+06		519.746			00:00:08:849		6.80279e+06		110.68		54.0814		527293		0.612925		301.828		
00:00:08:750		1.44842e+07		-1.05883		3.06589		537.129		6.93409e+06		519.904			00:00:08:750		6.80474e+06		110.434		54.0814		527293		0.612925		301.911		
00:00:08:650		1.44946e+07		-1.04266		3.06969		536.736		6.93605e+06		519.824			00:00:08:650		6.80664e+06		110.434		53.4265		490805		0.595976		301.995		
00:00:08:550		1.45041e+07		-1.02649		3.07283		536.351		6.93784e+06		519.409			00:00:08:550		6.80851e+06		110.434		53.4265		490805		0.595976		302.079		
00:00:08:449		1.45134e+07		-1.01019		3.07547		535.965		6.93946e+06		518.82			00:00:08:449		6.81041e+06		110.179		52.7675		454513		0.578983		302.161		
00:00:08:349		1.45222e+07		-0.993827		3.0778		535.581		6.94107e+06		518.745			00:00:08:349		6.81238e+06		110.179		52.7675		454513		0.578983		302.241		
00:00:08:250		1.45302e+07		-0.977317		3.07977		535.209		6.94295e+06		518.736			00:00:08:250		6.8143e+06		109.916		52.7675		454513		0.578983		302.316		
00:00:08:099		1.45413e+07		-0.952792		3.08675		534.658		6.94572e+06		518.836			00:00:08:099		6.81706e+06		109.916		52.106		418628		0.561944		302.423		
00:00:07:950		1.4553e+07		-0.928638		3.09373		534.118		6.94845e+06		519.164			00:00:07:950		6.81971e+06		109.643		51.4438		383272		0.544858		302.536		
00:00:07:849		1.45614e+07		-0.912774		3.09806		533.753		6.95027e+06		519.532			00:00:07:849		6.82142e+06		109.643		51.4438		383272		0.544858		302.615		
00:00:07:750		1.45704e+07		-0.897124		3.10226		533.385		6.95211e+06		520.062			00:00:07:750		6.82308e+06		109.361		51.4438		383272		0.544858		302.697		
00:00:07:650		1.45802e+07		-0.881662		3.10663		533.01		6.95399e+06		520.752			00:00:07:650		6.82471e+06		109.361		50.7821		348437		0.527721		302.781		
00:00:07:549		1.45906e+07		-0.866304		3.111		532.631		6.95591e+06		521.586			00:00:07:549		6.82628e+06		109.361		50.7821		348437		0.527721		302.866		
00:00:07:549		1.45906e+07		-0.866304		3.111		532.631		6.95591e+06		521.586			00:00:07:549		6.82628e+06		109.361		50.7821		348437		0.527721		302.866		
00:00:07:450		1.46012e+07		-0.850973		3.11488		532.246		6.95785e+06		522.564			00:00:07:450		6.82781e+06		109.07		50.1224		314335		0.510532		302.953		
00:00:07:349		1.46116e+07		-0.835667		3.11797		531.869		6.95981e+06		523.679			00:00:07:349		6.82927e+06		109.07		50.1224		314335		0.510532		303.04		
00:00:07:150		1.46324e+07		-0.805108		3.1227		531.16		6.96377e+06		526.268			00:00:07:150		6.83203e+06		108.769		49.468		281238		0.493288		303.216		
00:00:07:150		1.46324e+07		-0.805108		3.1227		531.16		6.96377e+06		526.268			00:00:07:150		6.83203e+06		108.769		49.468		281238		0.493288		303.216		
00:00:07:049		1.46427e+07		-0.789852		3.12593		530.857		6.96573e+06		527.692			00:00:07:049		6.83329e+06		108.769		49.468		281238		0.493288		303.303		
00:00:06:849		1.46634e+07		-0.759388		3.13417		530.42		6.96946e+06		530.405			00:00:06:849		6.83551e+06		108.458		48.8213		249335		0.475988		303.473		
00:00:06:849		1.46634e+07		-0.759388		3.13417		530.42		6.96946e+06		530.405			00:00:06:849		6.83551e+06		108.458		48.8213		249335		0.475988		303.473		
00:00:06:650		1.46839e+07		-0.729		3.14215		530.309		6.97262e+06		532.763			00:00:06:650		6.8373e+06		108.139		48.1839		218831		0.45863		303.649		
00:00:06:549		1.46941e+07		-0.713842		3.14702		530.368		6.97398e+06		533.932			00:00:06:549		6.83799e+06		108.139		48.1839		218831		0.45863		303.743		
00:00:06:549		1.46941e+07		-0.713842		3.14702		530.368		6.97398e+06		533.932			00:00:06:549		6.83799e+06		108.139		48.1839		218831		0.45863		303.743		
00:00:06:450		1.47043e+07		-0.698709		3.15164		530.475		6.97522e+06		535.146			00:00:06:450		6.83854e+06		107.812		47.5583		190049		0.44121		303.84		
00:00:06:349		1.47145e+07		-0.683612		3.1549		530.565		6.97633e+06		536.405			00:00:06:349		6.83894e+06		107.812		47.5583		190049		0.44121		303.939		
00:00:06:200		1.47297e+07		-0.661047		3.15786		530.521		6.97776e+06		538.094			00:00:06:200		6.83935e+06		107.478		46.9471		163331		0.423726		304.092		
00:00:06:099		1.47398e+07		-0.646052		3.16105		530.33		6.97853e+06		538.431			00:00:06:099		6.83977e+06		107.478		46.9471		163331		0.423726		304.197		
00:00:06:000		1.47499e+07		-0.6311		3.16577		530.066		6.97917e+06		536.77			00:00:06:000		6.84098e+06		107.138		46.9471		163331		0.423726		304.304		
00:00:05:799		1.47699e+07		-0.601331		3.17152		529.51		6.98023e+06		518.055			00:00:05:799		6.85029e+06		107.138		46.353		138893		0.406175		304.524		
00:00:05:799		1.47699e+07		-0.601331		3.17152		529.51		6.98023e+06		518.055			00:00:05:799		6.85029e+06		107.138		46.353		138893		0.406175		304.524		
00:00:05:700		1.47799e+07		-0.586527		3.17141		529.262		6.98063e+06		515.573			00:00:05:700		6.85374e+06		106.793		45.7789		116998		0.388554		304.637		
00:00:05:599		1.47899e+07		-0.571779		3.17326		529.05		6.98088e+06		519.086			00:00:05:599		6.85215e+06		106.793		45.7789		116998		0.388554		304.751		
00:00:05:500		1.47998e+07		-0.557087		3.17937		528.873		6.98104e+06		522.387			00:00:05:500		6.85058e+06		106.444		45.7789		116998		0.388554		304.865		
00:00:05:400		1.48097e+07		-0.542454		3.18511		528.732		6.98113e+06		525.543			00:00:05:400		6.84902e+06		106.444		45.2273		98026.6		0.370864		304.98		
00:00:05:299		1.48195e+07		-0.527876		3.18509		528.633		6.98117e+06		528.601			00:00:05:299		6.84746e+06		106.444		45.2273		98026.6		0.370864		305.096		
00:00:05:200		1.48294e+07		-0.513367		3.18081		528.561		6.98117e+06		531.585			00:00:05:200		6.8459e+06		106.092		44.7014		81756.4		0.353102		305.213		
00:00:05:099		1.48392e+07		-0.498926		3.18016		528.509		6.98113e+06		534.441			00:00:05:099		6.84434e+06		106.092		44.7014		81756.4		0.353102		305.331		
00:00:04:950		1.48538e+07		-0.477405		3.19429		528.452		6.98098e+06		538.241			00:00:04:950		6.8421e+06		105.738		44.2027		67606.8		0.335269		305.507		
00:00:04:799		1.48684e+07		-0.456052		3.20007		528.419		6.98069e+06		539.743			00:00:04:799		6.84061e+06		105.738		44.2027		67606.8		0.335269		305.685		
00:00:04:799		1.48684e+07		-0.456052		3.20007		528.419		6.98069e+06		539.743			00:00:04:799		6.84061e+06		105.738		44.2027		67606.8		0.335269		305.685		
00:00:04:700		1.48781e+07		-0.441921		3.18868		528.408		6.98041e+06		539.815			00:00:04:700		6.84022e+06		105.409		43.7346		55481.3		0.317363		305.806		
00:00:04:599		1.48878e+07		-0.427867		3.18243		528.402		6.98005e+06		539.841			00:00:04:599		6.83979e+06		105.409		43.7346		55481.3		0.317363		305.927		
00:00:04:500		1.48975e+07		-0.413894		3.19557		528.409		6.97963e+06		539.84			00:00:04:500		6.83931e+06		105.074		43.7346		55481.3		0.317363		306.05		
00:00:04:400		1.49072e+07		-0.399995		3.21605		528.419		6.97915e+06		539.797			00:00:04:400		6.83879e+06		105.074		43.2972		45275.3		0.299382		306.173		
00:00:04:299		1.49169e+07		-0.386186		3.2195		528.439		6.97861e+06		539.709			00:00:04:299		6.83824e+06		105.074		43.2972		45275.3		0.299382		306.297		
00:00:04:200		1.49266e+07		-0.372464		3.1948		528.467		6.97802e+06		539.604			00:00:04:200		6.83765e+06		104.733		42.8953		36853.5		0.281325		306.42		
00:00:04:099		1.49362e+07		-0.358831		3.17454		528.496		6.97739e+06		539.463			00:00:04:099		6.83705e+06		104.733		42.8953		36853.5		0.281325		306.543		
00:00:04:000		1.49459e+07		-0.345299		3.19076		528.537		6.97673e+06		539.303			00:00:04:000		6.83642e+06		104.39		42.8953		36853.5		0.281325		306.666		
00:00:03:899		1.49556e+07		-0.331867		3.2322		528.583		6.97603e+06		539.113			00:00:03:899		6.83578e+06		104.39		42.5311		29718.5		0.263194		306.788		
00:00:03:799		1.49654e+07		-0.318524		3.24878		528.629		6.9753e+06		538.898			00:00:03:799		6.83512e+06		104.39		42.5311		29718.5		0.263194		306.908		
00:00:03:700		1.49752e+07		-0.305254		3.19979		528.681		6.97455e+06		538.669			00:00:03:700		6.83446e+06		104.042		42.1976		23336.5		0.244989		307.028		
00:00:03:600		1.49851e+07		-0.292055		3.14751		528.742		6.97379e+06		538.412			00:00:03:600		6.8338e+06		104.042		42.1976		23336.5		0.244989		307.146		
00:00:03:500		1.49952e+07		-0.278931		3.16488		528.806		6.97301e+06		538.134			00:00:03:500		6.83314e+06		103.72		42.1976		23336.5		0.244989		307.264		
00:00:03:399		1.50054e+07		-0.265896		3.25327		528.873		6.97223e+06		537.84			00:00:03:399		6.83249e+06		103.72		41.8581		17605.6		0.226712		307.381		
00:00:03:250		1.50212e+07		-0.246466		3.28087		528.981		6.97106e+06		537.355			00:00:03:250		6.83154e+06		103.388		41.8581		17605.6		0.226712		307.555		
00:00:03:200		1.50265e+07		-0.240012		3.21755		529.02		6.97067e+06		537.188			00:00:03:200		6.83123e+06		103.388		41.4749		12674.5		0.208364		307.612		
00:00:03:100		1.50375e+07		-0.227123		3.0974		529.101		6.96991e+06		536.827			00:00:03:100		6.83064e+06		103.388		41.4749		12674.5		0.208364		307.726		
00:00:02:950		1.50544e+07		-0.207705		3.18327		529.225		6.96879e+06		536.259			00:00:02:950		6.82981e+06		103.046		41.0535		8547.33		0.189948		307.893		
00:00:02:850		1.50654e+07		-0.194484		3.37265		529.311		6.96808e+06		535.867			00:00:02:850		6.82931e+06		103.046		41.0535		8547.33		0.189948		308.002		
00:00:02:750		1.50744e+07		-0.181025		3.56386		529.4		6.96741e+06		535.455			00:00:02:750		6.82885e+06		102.69		41.0535		8547.33		0.189948		308.109		
00:00:02:649		1.50824e+07		-0.167568		3.75655		529.488		6.96676e+06		535.026			00:00:02:649		6.82845e+06		102.69		40.5904		5165.66		0.171466		308.215		
00:00:02:549		1.50903e+07		-0.154132		3.95022		529.577		6.96617e+06		534.584			00:00:02:549		6.8281e+06		102.69		40.5904		5165.66		0.171466		308.318		
00:00:02:549		1.50903e+07		-0.154132		3.95022		529.577		6.96617e+06		534.584			00:00:02:549		6.8281e+06		102.69		40.5904		5165.66		0.171466		308.318		
00:00:02:450		1.50981e+07		-0.140713		4.14427		529.661		6.96563e+06		534.14			00:00:02:450		6.82781e+06		102.374		40.057		2686.94		0.152921		308.418		
00:00:02:350		1.51059e+07		-0.127309		4.33831		529.744		6.96514e+06		533.695			00:00:02:350		6.82758e+06		102.374		40.057		2686.94		0.152921		308.517		
00:00:02:149		1.51213e+07		-0.100528		4.69639		529.903		6.96435e+06		532.779			00:00:02:149		6.82733e+06		102.048		39.4762		1118.08		0.134316		308.713		
00:00:02:049		1.5129e+07		-0.0871582		4.67765		529.969		6.96405e+06		532.35			00:00:02:049		6.8273e+06		102.048		39.4762		1118.08		0.134316		308.809		
00:00:01:949		1.51369e+07		-0.0737991		4.47183		530.033		6.96382e+06		531.899			00:00:01:949		6.82734e+06		101.715		38.8954		330.252		0.115652		308.903		
00:00:01:850		1.51449e+07		-0.0604281		4.26662		530.09		6.96365e+06		531.452			00:00:01:850		6.82744e+06		101.715		38.8954		330.252		0.115652		308.992		
00:00:01:850		1.51449e+07		-0.0604281		4.26662		530.09		6.96365e+06		531.452			00:00:01:850		6.82744e+06		101.715		38.8954		330.252		0.115652		308.992		
00:00:01:750		1.51533e+07		-0.0470376		4.06169		530.138		6.96354e+06		531.024			00:00:01:750		6.82759e+06		101.382		38.8954		330.252		0.115652		309.073		
00:00:01:550		1.51716e+07		-0.0201912		3.66066		530.212		6.96351e+06		530.186			00:00:01:550		6.82805e+06		101.382		38.3616		53.1776		0.0969225		309.173		
00:00:01:550		1.51716e+07		-0.0201912		3.66066		530.212		6.96351e+06		530.186			00:00:01:550		6.82805e+06		101.382		38.3616		53.1776		0.0969225		309.173		
00:00:01:449		1.51818e+07		-0.00669289		3.46649		530.234		6.96356e+06		529.773			00:00:01:449		6.82835e+06		101.055		37.8903		0		0.0781074		309.188		
00:00:01:350		1.51928e+07		0.0068922		3.28227		530.249		6.96365e+06		529.358			00:00:01:350		6.82867e+06		101.055		37.8903		0		0.0781074		309.173		
00:00:01:250		1.52048e+07		0.0206089		3.23841		530.256		6.96377e+06		528.956			00:00:01:250		6.82902e+06		100.77		37.8903		0		0.0781074		309.13		
00:00:01:149		1.52179e+07		0.0345087		3.23674		530.256		6.96391e+06		528.562			00:00:01:149		6.82938e+06		100.77		37.3799		0		0.0591889		309.061		
00:00:01:050		1.52322e+07		0.0486069		3.14996		530.252		6.96407e+06		528.227			00:00:01:050		6.82974e+06		100.77		37.3799		0		0.0591889		308.971		
00:00:00:849		1.52649e+07		0.0774121		3.30024		530.236		6.96443e+06		527.639			00:00:00:849		6.83039e+06		100.449		36.841		0		0.0400899		308.788		
00:00:00:849		1.52649e+07		0.0774121		3.30024		530.236		6.96443e+06		527.639			00:00:00:849		6.83039e+06		100.449		36.841		0		0.0400899		308.788		
00:00:00:750		1.52837e+07		0.0919695		3.62481		530.232		6.96457e+06		527.36			00:00:00:750		6.83064e+06		100.094		36.841		0		0.0400899		308.749		
00:00:00:650		1.53037e+07		0.106754		3.70446		530.221		6.96466e+06		527.105			00:00:00:650		6.83084e+06		100.094		36.4149		0		0.0203616		308.824		
00:00:00:550		1.5326e+07		0.122157		3.74388		530.216		6.96471e+06		526.927			00:00:00:550		6.83098e+06		100.094		36.4149		0		0.0203616		308.947		
00:00:00:450		1.53543e+07		0.138526		3.74615		530.216		6.96475e+06		526.835			00:00:00:450		6.83108e+06		99.6144		36.3834		0		0		309.08		
00:00:00:349		1.53911e+07		0.153483		3.75125		530.216		6.96479e+06		526.804			00:00:00:349		6.83114e+06		99.6144		36.3834		0		0		309.206		
00:00:00:250		1.54305e+07		0.165172		3.80051		530.217		6.96482e+06		526.813			00:00:00:250		6.83116e+06		100.069		36.3834		0		0		309.337		
00:00:00:149		1.54663e+07		0.172262		3.49324		530.221		6.96484e+06		526.823			00:00:00:149		6.83116e+06		100.069		36.3837		0		0		309.548		
00:00:00:050		1.54785e+07		0.17284		2.83567		530.223		6.96484e+06		526.826			00:00:00:050		6.83115e+06		100.069		36.3837		0		0		309.846		
00:00:00:000		1.54785e+07		0.17284		2.83571		530.225		6.96483e+06		526.826			00:00:00:000		6.83115e+06		100.069		36.3837		0		0		309.846		
00:00:00:000		1.54785e+07		0.17284		2.83571		530.225		6.96483e+06		526.826			00:00:00:000		6.83115e+06		100.069		36.3837		0		0		309.846		
00:00:00:000		1.54785e+07		0.17284		2.83571		530.225		6.96483e+06		526.826			00:00:00:000		6.83115e+06		100.069		36.3837		0		0		309.846		
00:00:00:000		1.54785e+07		0.17284		2.83571		530.225		6.96483e+06		526.826			00:00:00:000		6.83115e+06		100.069		36.3837		0		0		309.846		
00:00:00:000		1.54785e+07		0.17284		2.83571		530.225		6.96483e+06		526.826			00:00:00:000		6.83115e+06		100.069		36.3837		0		0		309.846		
00:00:00:000		1.54785e+07		0.17284		2.83571		530.225		6.96483e+06		526.826			00:00:00:000		6.83115e+06		100.069		36.3837		0		0		309.846		
00:00:00:000		1.54785e+07		0.17284		2.83571		530.225		6.96483e+06		526.826			00:00:00:000		6.83115e+06		100.069		36.3837		0		0		309.846		
