	time 		rcpppzr	rcp054rcp007mnzoyout	rcv501std0102fvol	fwfrcp001gv	rcppmssga	msfsg(1)			time 		gpv001pnt10113ppntm	evf507ety101mpzoyout	chtcon(1)	chavg(1)	chlhsumpa	rcptavgn	
00:01:02:500		7.55817e+06		-5.8535		0		0		7.00329e+06		19.3125			00:01:02:500		7.00311e+06		163.542		105.704		4.54656e+06		2.08579		289.155		
00:01:02:399		7.56731e+06		-5.85359		0		0		7.00339e+06		28.1033			00:01:02:399		7.00276e+06		163.542		105.647		4.5392e+06		2.08078		289.153		
00:01:02:299		7.57656e+06		-5.85364		0		0		7.00317e+06		18.6191			00:01:02:299		7.00262e+06		163.542		105.647		4.5392e+06		2.08078		289.152		
00:01:02:200		7.58596e+06		-5.85364		0		0		7.0026e+06		1.27982			00:01:02:200		7.00242e+06		163.357		105.589		4.53178e+06		2.07577		289.15		
00:01:02:049		7.60027e+06		-5.85359		0		0		7.00161e+06		-27.2637			00:01:02:049		7.00207e+06		163.357		105.589		4.53178e+06		2.07577		289.147		
00:01:01:950		7.61004e+06		-5.85353		0		0		7.00129e+06		-22.8659			00:01:01:950		7.00187e+06		163.172		105.53		4.52436e+06		2.07075		289.146		
00:01:01:850		7.6199e+06		-5.85345		0		0		7.00136e+06		0			00:01:01:850		7.00151e+06		163.172		105.53		4.52436e+06		2.07075		289.144		
00:01:01:649		7.64007e+06		-5.85328		0		0		7.00171e+06		27.7135			00:01:01:649		7.00112e+06		162.988		105.472		4.51694e+06		2.06574		289.14		
00:01:01:649		7.64007e+06		-5.85328		0		0		7.00171e+06		27.7135			00:01:01:649		7.00112e+06		162.988		105.472		4.51694e+06		2.06574		289.14		
00:01:01:600		7.64519e+06		-5.85323		0		0		7.00166e+06		24.84			00:01:01:600		7.00096e+06		162.988		105.472		4.51694e+06		2.06574		289.139		
00:01:01:500		7.65555e+06		-5.85315		0		0		7.00128e+06		13.0229			00:01:01:500		7.0009e+06		162.805		105.472		4.51694e+06		2.06574		289.138		
00:01:01:399		7.66604e+06		-5.85306		0		0		7.00062e+06		-12.2666			00:01:01:399		7.00057e+06		162.805		105.414		4.50956e+06		2.06073		289.136		
00:01:01:299		7.67667e+06		-5.85298		0		0		6.99997e+06		-26.8614			00:01:01:299		7.00036e+06		162.805		105.414		4.50956e+06		2.06073		289.134		
00:01:01:200		7.68746e+06		-5.85288		0		0		6.99962e+06		-23.4683			00:01:01:200		7.00019e+06		162.622		105.355		4.50225e+06		2.05572		289.132		
00:01:01:100		7.69842e+06		-5.85277		0		0		6.99965e+06		-3.59444			00:01:01:100		6.99982e+06		162.622		105.355		4.50225e+06		2.05572		289.13		
00:01:01:000		7.70955e+06		-5.85265		0		0		6.99987e+06		17.5163			00:01:01:000		6.99976e+06		162.439		105.355		4.50225e+06		2.05572		289.128		
00:01:00:899		7.72084e+06		-5.85253		0		0		7e+06		27.5784			00:01:00:899		6.99943e+06		162.439		105.296		4.49495e+06		2.0507		289.126		
00:01:00:700		7.74386e+06		-5.85229		0		0		6.99926e+06		3.88636			00:01:00:700		6.99904e+06		162.256		105.237		4.48762e+06		2.04568		289.123		
00:01:00:700		7.74386e+06		-5.85229		0		0		6.99926e+06		3.88636			00:01:00:700		6.99904e+06		162.256		105.237		4.48762e+06		2.04568		289.123		
00:01:00:600		7.75558e+06		-5.85217		0		0		6.99855e+06		-21.2391			00:01:00:600		6.99866e+06		162.256		105.237		4.48762e+06		2.04568		289.121		
00:01:00:450		7.77347e+06		-5.85202		0		0		6.99786e+06		-24.2973			00:01:00:450		6.99845e+06		162.074		105.179		4.48033e+06		2.04067		289.118		
00:01:00:350		7.78559e+06		-5.85194		0		0		6.99788e+06		-4.35472			00:01:00:350		6.99807e+06		162.074		105.179		4.48033e+06		2.04067		289.116		
00:01:00:250		7.79787e+06		-5.85186		0		0		6.9981e+06		17.4878			00:01:00:250		6.99799e+06		161.893		105.179		4.48033e+06		2.04067		289.114		
00:01:00:149		7.8103e+06		-5.85181		0		0		6.99823e+06		27.8882			00:01:00:149		6.99766e+06		161.893		105.12		4.47304e+06		2.03565		289.113		
00:01:00:049		7.82288e+06		-5.85177		0		0		6.99803e+06		20.2016			00:01:00:049		6.99742e+06		161.893		105.12		4.47304e+06		2.03565		289.111		
00:01:00:000		7.82923e+06		-5.85176		0		0		6.9978e+06		13.9662			00:01:00:000		6.99739e+06		161.712		105.12		4.47304e+06		2.03565		289.11		
00:00:59:899		7.84201e+06		-5.85174		0		0		6.99712e+06		-11.3913			00:00:59:899		6.99706e+06		161.712		105.061		4.46572e+06		2.03063		289.108		
00:00:59:799		7.85492e+06		-5.85175		0		0		6.99645e+06		-27.3222			00:00:59:799		6.99682e+06		161.712		105.061		4.46572e+06		2.03063		289.106		
00:00:59:700		7.86798e+06		-5.85178		0		0		6.99607e+06		-24.6146			00:00:59:700		6.99666e+06		161.531		105.001		4.45845e+06		2.02561		289.104		
00:00:59:600		7.88118e+06		-5.85181		0		0		6.99608e+06		-4.5564			00:00:59:600		6.99627e+06		161.531		105.001		4.45845e+06		2.02561		289.102		
00:00:59:500		7.89451e+06		-5.85185		0		0		6.9963e+06		17.5893			00:00:59:500		6.99619e+06		161.351		105.001		4.45845e+06		2.02561		289.1		
00:00:59:399		7.90798e+06		-5.8519		0		0		6.99642e+06		28.1864			00:00:59:399		6.99585e+06		161.351		104.942		4.45118e+06		2.02058		289.098		
00:00:59:299		7.92159e+06		-5.85195		0		0		6.99623e+06		20.6275			00:00:59:299		6.99561e+06		161.351		104.942		4.45118e+06		2.02058		289.097		
00:00:59:200		7.93533e+06		-5.85199		0		0		6.99568e+06		4.57555			00:00:59:200		6.99545e+06		161.171		104.882		4.44389e+06		2.01556		289.096		
00:00:59:049		7.95617e+06		-5.85203		0		0		6.99463e+06		-27.6002			00:00:59:049		6.995e+06		161.171		104.882		4.44389e+06		2.01556		289.094		
00:00:58:950		7.97023e+06		-5.85204		0		0		6.99424e+06		-24.9392			00:00:58:950		6.99483e+06		160.992		104.823		4.43656e+06		2.01053		289.093		
00:00:58:750		7.99873e+06		-5.85197		0		0		6.99446e+06		17.6657			00:00:58:750		6.99435e+06		160.813		104.823		4.43656e+06		2.01053		289.089		
00:00:58:649		8.01317e+06		-5.85187		0		0		6.99459e+06		28.5488			00:00:58:649		6.99402e+06		160.813		104.763		4.42921e+06		2.00551		289.087		
00:00:58:649		8.01317e+06		-5.85187		0		0		6.99459e+06		28.5488			00:00:58:649		6.99402e+06		160.813		104.763		4.42921e+06		2.00551		289.087		
00:00:58:549		8.02777e+06		-5.85172		0		0		6.9944e+06		20.9662			00:00:58:549		6.99377e+06		160.813		104.763		4.42921e+06		2.00551		289.085		
00:00:58:450		8.04251e+06		-5.85152		0		0		6.99385e+06		4.86942			00:00:58:450		6.9936e+06		160.634		104.703		4.42183e+06		2.00048		289.083		
00:00:58:450		8.04251e+06		-5.85152		0		0		6.99385e+06		4.86942			00:00:58:450		6.9936e+06		160.634		104.703		4.42183e+06		2.00048		289.083		
00:00:58:350		8.05738e+06		-5.85127		0		0		6.99311e+06		-21.5157			00:00:58:350		6.99321e+06		160.634		104.703		4.42183e+06		2.00048		289.081		
00:00:58:250		8.07238e+06		-5.85095		0		0		6.99253e+06		-28.7452			00:00:58:250		6.99312e+06		160.456		104.703		4.42183e+06		2.00048		289.079		
00:00:58:149		8.0875e+06		-5.85056		0		0		6.99233e+06		-16.2409			00:00:58:149		6.99278e+06		160.456		104.643		4.41449e+06		1.99545		289.078		
00:00:58:049		8.10275e+06		-5.85009		0		0		6.99248e+06		9.33109			00:00:58:049		6.99252e+06		160.456		104.643		4.41449e+06		1.99545		289.076		
00:00:57:950		8.11813e+06		-5.84954		0		0		6.99269e+06		24.3223			00:00:57:950		6.99236e+06		160.278		104.583		4.40711e+06		1.99042		289.075		
00:00:57:799		8.14144e+06		-5.84855		0		0		6.99254e+06		21.3827			00:00:57:799		6.9919e+06		160.278		104.583		4.40711e+06		1.99042		289.072		
00:00:57:700		8.15714e+06		-5.84778		0		0		6.99198e+06		5.12265			00:00:57:700		6.99174e+06		160.1		104.522		4.39967e+06		1.98539		289.071		
00:00:57:600		8.17297e+06		-5.84691		0		0		6.99123e+06		-21.705			00:00:57:600		6.99133e+06		160.1		104.522		4.39967e+06		1.98539		289.069		
00:00:57:500		8.18893e+06		-5.84595		0		0		6.99064e+06		-29.1201			00:00:57:500		6.99124e+06		159.923		104.522		4.39967e+06		1.98539		289.068		
00:00:57:399		8.20502e+06		-5.8449		0		0		6.99044e+06		-16.6162			00:00:57:399		6.9909e+06		159.923		104.461		4.39227e+06		1.98036		289.066		
00:00:57:250		8.22937e+06		-5.84319		0		0		6.99071e+06		17.8021			00:00:57:250		6.99061e+06		159.746		104.461		4.39227e+06		1.98036		289.064		
00:00:57:149		8.24574e+06		-5.84197		0		0		6.99084e+06		29.1822			00:00:57:149		6.99026e+06		159.746		104.4		4.38488e+06		1.97532		289.062		
00:00:57:049		8.26224e+06		-5.84072		0		0		6.99066e+06		21.7481			00:00:57:049		6.99e+06		159.746		104.4		4.38488e+06		1.97532		289.06		
00:00:57:049		8.26224e+06		-5.84072		0		0		6.99066e+06		21.7481			00:00:57:049		6.99e+06		159.746		104.4		4.38488e+06		1.97532		289.06		
00:00:56:950		8.27888e+06		-5.83946		0		0		6.99009e+06		5.45057			00:00:56:950		6.98984e+06		159.569		104.339		4.37747e+06		1.97029		289.059		
00:00:56:750		8.31254e+06		-5.837		0		0		6.98874e+06		-29.4521			00:00:56:750		6.98934e+06		159.391		104.339		4.37747e+06		1.97029		289.055		
00:00:56:750		8.31254e+06		-5.837		0		0		6.98874e+06		-29.4521			00:00:56:750		6.98934e+06		159.391		104.339		4.37747e+06		1.97029		289.055		
00:00:56:649		8.32956e+06		-5.83587		0		0		6.98853e+06		-16.9819			00:00:56:649		6.98899e+06		159.391		104.277		4.36996e+06		1.96526		289.054		
00:00:56:549		8.3467e+06		-5.83486		0		0		6.98867e+06		9.03342			00:00:56:549		6.98872e+06		159.391		104.277		4.36996e+06		1.96526		289.052		
00:00:56:450		8.36397e+06		-5.83397		0		0		6.98889e+06		24.5837			00:00:56:450		6.98856e+06		159.214		104.216		4.36246e+06		1.96022		289.05		
00:00:56:250		8.39896e+06		-5.83268		0		0		6.9885e+06		15.5068			00:00:56:250		6.98806e+06		159.038		104.216		4.36246e+06		1.96022		289.046		
00:00:56:149		8.41659e+06		-5.83229		0		0		6.9878e+06		-10.7604			00:00:56:149		6.98771e+06		159.038		104.153		4.3549e+06		1.95519		289.044		
00:00:56:149		8.41659e+06		-5.83229		0		0		6.9878e+06		-10.7604			00:00:56:149		6.98771e+06		159.038		104.153		4.3549e+06		1.95519		289.044		
00:00:56:049		8.43428e+06		-5.83206		0		0		6.98707e+06		-28.6556			00:00:56:049		6.98743e+06		159.038		104.153		4.3549e+06		1.95519		289.042		
00:00:55:950		8.46089e+06		-5.83201		0		0		6.98659e+06		-17.3662			00:00:55:950		6.98727e+06		158.861		104.091		4.34735e+06		1.95015		289.039		
00:00:55:750		8.48757e+06		-5.83221		0		0		6.98686e+06		17.9264			00:00:55:750		6.98676e+06		158.685		104.091		4.34735e+06		1.95015		289.036		
00:00:55:750		8.48757e+06		-5.83221		0		0		6.98686e+06		17.9264			00:00:55:750		6.98676e+06		158.685		104.091		4.34735e+06		1.95015		289.036		
00:00:55:649		8.5054e+06		-5.83247		0		0		6.987e+06		29.7136			00:00:55:649		6.98642e+06		158.685		104.028		4.33975e+06		1.94512		289.034		
00:00:55:549		8.52324e+06		-5.83284		0		0		6.98681e+06		22.3221			00:00:55:549		6.98614e+06		158.685		104.028		4.33975e+06		1.94512		289.032		
00:00:55:399		8.55003e+06		-5.83376		0		0		6.98586e+06		-10.9856			00:00:55:399		6.98577e+06		158.508		103.965		4.33214e+06		1.94008		289.029		
00:00:55:299		8.56789e+06		-5.83463		0		0		6.98512e+06		-29.0427			00:00:55:299		6.98549e+06		158.508		103.965		4.33214e+06		1.94008		289.027		
00:00:55:200		8.58572e+06		-5.83567		0		0		6.9847e+06		-26.8577			00:00:55:200		6.98534e+06		158.332		103.902		4.32449e+06		1.93504		289.025		
00:00:55:100		8.60352e+06		-5.83683		0		0		6.98469e+06		-5.73822			00:00:55:100		6.98492e+06		158.332		103.902		4.32449e+06		1.93504		289.022		
00:00:55:049		8.61241e+06		-5.83742		0		0		6.98479e+06		9.15511			00:00:55:049		6.98484e+06		158.332		103.902		4.32449e+06		1.93504		289.021		
00:00:54:950		8.63015e+06		-5.83866		0		0		6.98501e+06		25.0457			00:00:54:950		6.98468e+06		158.155		103.838		4.31677e+06		1.93001		289.019		
00:00:54:750		8.66544e+06		-5.8413		0		0		6.98463e+06		15.7986			00:00:54:750		6.98417e+06		157.979		103.838		4.31677e+06		1.93001		289.015		
00:00:54:750		8.66544e+06		-5.8413		0		0		6.98463e+06		15.7986			00:00:54:750		6.98417e+06		157.979		103.838		4.31677e+06		1.93001		289.015		
00:00:54:549		8.70052e+06		-5.84345		0		0		6.98316e+06		-29.4567			00:00:54:549		6.98354e+06		157.979		103.774		4.30909e+06		1.92497		289.012		
00:00:54:549		8.70052e+06		-5.84345		0		0		6.98316e+06		-29.4567			00:00:54:549		6.98354e+06		157.979		103.774		4.30909e+06		1.92497		289.012		
00:00:54:450		8.718e+06		-5.84405		0		0		6.98273e+06		-27.1267			00:00:54:450		6.98338e+06		157.803		103.71		4.30143e+06		1.91993		289.01		
00:00:54:299		8.74427e+06		-5.84443		0		0		6.98283e+06		9.4251			00:00:54:299		6.98287e+06		157.803		103.71		4.30143e+06		1.91993		289.007		
00:00:54:200		8.76178e+06		-5.84464		0		0		6.98305e+06		25.5054			00:00:54:200		6.98271e+06		157.627		103.645		4.29374e+06		1.9149		289.006		
00:00:54:100		8.77926e+06		-5.84484		0		0		6.98304e+06		28.9455			00:00:54:100		6.98229e+06		157.627		103.645		4.29374e+06		1.9149		289.004		
00:00:54:000		8.79671e+06		-5.84504		0		0		6.98265e+06		15.7182			00:00:54:000		6.9822e+06		157.45		103.645		4.29374e+06		1.9149		289.002		
00:00:53:899		8.81412e+06		-5.84524		0		0		6.98191e+06		-12.0946			00:00:53:899		6.98184e+06		157.45		103.58		4.28603e+06		1.90986		289		
00:00:53:700		8.84873e+06		-5.84568		0		0		6.98074e+06		-27.0074			00:00:53:700		6.98139e+06		157.274		103.514		4.2783e+06		1.90482		288.997		
00:00:53:700		8.84873e+06		-5.84568		0		0		6.98074e+06		-27.0074			00:00:53:700		6.98139e+06		157.274		103.514		4.2783e+06		1.90482		288.997		
00:00:53:600		8.86592e+06		-5.84593		0		0		6.98074e+06		-5.41207			00:00:53:600		6.98096e+06		157.274		103.514		4.2783e+06		1.90482		288.996		
00:00:53:500		8.88306e+06		-5.84622		0		0		6.98098e+06		18.8866			00:00:53:500		6.98087e+06		157.097		103.514		4.2783e+06		1.90482		288.994		
00:00:53:399		8.90013e+06		-5.84654		0		0		6.98112e+06		30.7097			00:00:53:399		6.98051e+06		157.097		103.448		4.27054e+06		1.89979		288.993		
00:00:53:299		8.91715e+06		-5.8469		0		0		6.98093e+06		22.6882			00:00:53:299		6.98026e+06		157.097		103.448		4.27054e+06		1.89979		288.991		
00:00:53:200		8.93409e+06		-5.84731		0		0		6.98034e+06		5.17731			00:00:53:200		6.98008e+06		156.921		103.381		4.26275e+06		1.89475		288.989		
00:00:53:100		8.95098e+06		-5.84777		0		0		6.97954e+06		-23.9098			00:00:53:100		6.97966e+06		156.921		103.381		4.26275e+06		1.89475		288.988		
00:00:53:000		8.96779e+06		-5.84827		0		0		6.97893e+06		-30.6193			00:00:53:000		6.97956e+06		156.744		103.381		4.26275e+06		1.89475		288.987		
00:00:52:799		9.00111e+06		-5.84931		0		0		6.97888e+06		10.3868			00:00:52:799		6.97891e+06		156.744		103.314		4.25487e+06		1.88971		288.984		
00:00:52:700		9.01753e+06		-5.84983		0		0		6.97908e+06		26.2219			00:00:52:700		6.97872e+06		156.567		103.247		4.24692e+06		1.88467		288.983		
00:00:52:700		9.01753e+06		-5.84983		0		0		6.97908e+06		26.2219			00:00:52:700		6.97872e+06		156.567		103.247		4.24692e+06		1.88467		288.983		
00:00:52:600		9.03382e+06		-5.85033		0		0		6.97904e+06		27.5311			00:00:52:600		6.9783e+06		156.567		103.247		4.24692e+06		1.88467		288.981		
00:00:52:500		9.05e+06		-5.85083		0		0		6.97862e+06		14.664			00:00:52:500		6.9782e+06		156.391		103.247		4.24692e+06		1.88467		288.98		
00:00:52:350		9.07411e+06		-5.85152		0		0		6.97747e+06		-25.369			00:00:52:350		6.97763e+06		156.391		103.179		4.23901e+06		1.87964		288.978		
00:00:52:250		9.09011e+06		-5.85195		0		0		6.97689e+06		-30.4629			00:00:52:250		6.97752e+06		156.391		103.179		4.23901e+06		1.87964		288.978		
00:00:52:149		9.10609e+06		-5.85235		0		0		6.97672e+06		-14.8983			00:00:52:149		6.97712e+06		156.215		103.11		4.23112e+06		1.8746		288.976		
00:00:52:049		9.12203e+06		-5.85273		0		0		6.97687e+06		11.5048			00:00:52:049		6.97689e+06		156.215		103.11		4.23112e+06		1.8746		288.975		
00:00:52:049		9.12203e+06		-5.85273		0		0		6.97687e+06		11.5048			00:00:52:049		6.97689e+06		156.215		103.11		4.23112e+06		1.8746		288.975		
00:00:51:950		9.13788e+06		-5.85309		0		0		6.97704e+06		26.4496			00:00:51:950		6.97667e+06		156.039		103.041		4.22314e+06		1.86956		288.974		
00:00:51:850		9.15365e+06		-5.85343		0		0		6.97697e+06		25.9846			00:00:51:850		6.97627e+06		156.039		103.041		4.22314e+06		1.86956		288.973		
00:00:51:649		9.18495e+06		-5.85401		0		0		6.97575e+06		-16.1428			00:00:51:649		6.97574e+06		155.862		102.971		4.21515e+06		1.86452		288.971		
00:00:51:649		9.18495e+06		-5.85401		0		0		6.97575e+06		-16.1428			00:00:51:649		6.97574e+06		155.862		102.971		4.21515e+06		1.86452		288.971		
00:00:51:549		9.20048e+06		-5.85426		0		0		6.97504e+06		-30.6719			00:00:51:549		6.97553e+06		155.862		102.971		4.21515e+06		1.86452		288.97		
00:00:51:399		9.22361e+06		-5.85456		0		0		6.97469e+06		-11.3583			00:00:51:399		6.97502e+06		155.686		102.901		4.20719e+06		1.85949		288.968		
00:00:51:299		9.23892e+06		-5.85472		0		0		6.97485e+06		13.6673			00:00:51:299		6.97484e+06		155.686		102.901		4.20719e+06		1.85949		288.968		
00:00:51:200		9.25415e+06		-5.85485		0		0		6.975e+06		27.4256			00:00:51:200		6.97458e+06		155.51		102.83		4.1992e+06		1.85445		288.967		
00:00:51:049		9.2768e+06		-5.85498		0		0		6.97468e+06		18.91			00:00:51:049		6.97416e+06		155.51		102.83		4.1992e+06		1.85445		288.966		
00:00:50:950		9.2918e+06		-5.85503		0		0		6.97401e+06		0			00:00:50:950		6.97385e+06		155.333		102.758		4.19118e+06		1.84941		288.965		
00:00:50:950		9.2918e+06		-5.85503		0		0		6.97401e+06		0			00:00:50:950		6.97385e+06		155.333		102.758		4.19118e+06		1.84941		288.965		
00:00:50:750		9.32154e+06		-5.85503		0		0		6.97269e+06		-30.2656			00:00:50:750		6.97336e+06		155.157		102.758		4.19118e+06		1.84941		288.964		
00:00:50:649		9.33629e+06		-5.855		0		0		6.97261e+06		-8.85935			00:00:50:649		6.97293e+06		155.157		102.686		4.18314e+06		1.84437		288.963		
00:00:50:649		9.33629e+06		-5.855		0		0		6.97261e+06		-8.85935			00:00:50:649		6.97293e+06		155.157		102.686		4.18314e+06		1.84437		288.963		
00:00:50:549		9.35097e+06		-5.85496		0		0		6.9728e+06		16.2312			00:00:50:549		6.97276e+06		155.157		102.686		4.18314e+06		1.84437		288.963		
00:00:50:450		9.36556e+06		-5.85491		0		0		6.97296e+06		29.514			00:00:50:450		6.97246e+06		154.98		102.614		4.17499e+06		1.83933		288.962		
00:00:50:350		9.38008e+06		-5.85488		0		0		6.97281e+06		26.4166			00:00:50:350		6.97206e+06		154.98		102.614		4.17499e+06		1.83933		288.962		
00:00:50:250		9.39451e+06		-5.85486		0		0		6.97224e+06		8.80577			00:00:50:250		6.9719e+06		154.803		102.614		4.17499e+06		1.83933		288.962		
00:00:50:149		9.40887e+06		-5.85488		0		0		6.97141e+06		-23.1871			00:00:50:149		6.97144e+06		154.803		102.54		4.16678e+06		1.83429		288.961		
00:00:49:950		9.43732e+06		-5.85508		0		0		6.97041e+06		-23.0994			00:00:49:950		6.97101e+06		154.627		102.466		4.15861e+06		1.82925		288.961		
00:00:49:950		9.43732e+06		-5.85508		0		0		6.97041e+06		-23.0994			00:00:49:950		6.97101e+06		154.627		102.466		4.15861e+06		1.82925		288.961		
00:00:49:850		9.45141e+06		-5.85528		0		0		6.97054e+06		7.91052			00:00:49:850		6.97062e+06		154.627		102.466		4.15861e+06		1.82925		288.961		
00:00:49:700		9.47244e+06		-5.85569		0		0		6.97083e+06		31.476			00:00:49:700		6.97025e+06		154.451		102.392		4.15047e+06		1.82421		288.961		
00:00:49:600		9.48641e+06		-5.85605		0		0		6.97066e+06		27.1602			00:00:49:600		6.96985e+06		154.451		102.392		4.15047e+06		1.82421		288.961		
00:00:49:549		9.49336e+06		-5.85626		0		0		6.97041e+06		19.5906			00:00:49:549		6.96982e+06		154.451		102.392		4.15047e+06		1.82421		288.961		
00:00:49:450		9.50722e+06		-5.85677		0		0		6.96962e+06		-9.58231			00:00:49:450		6.96948e+06		154.274		102.317		4.14222e+06		1.81917		288.961		
00:00:49:350		9.52098e+06		-5.8574		0		0		6.96877e+06		-31.5287			00:00:49:350		6.96912e+06		154.274		102.317		4.14222e+06		1.81917		288.961		
00:00:49:250		9.53467e+06		-5.85815		0		0		6.96822e+06		-32.247			00:00:49:250		6.96898e+06		154.098		102.317		4.14222e+06		1.81917		288.962		
00:00:49:149		9.54825e+06		-5.85903		0		0		6.96816e+06		-9.95664			00:00:49:149		6.96853e+06		154.098		102.241		4.1339e+06		1.81413		288.962		
00:00:49:000		9.56843e+06		-5.86054		0		0		6.96852e+06		27.1513			00:00:49:000		6.96819e+06		153.921		102.241		4.1339e+06		1.81413		288.962		
00:00:48:899		9.58177e+06		-5.8616		0		0		6.96857e+06		34.5655			00:00:48:899		6.9677e+06		153.921		102.164		4.12562e+06		1.80909		288.963		
00:00:48:799		9.59513e+06		-5.86266		0		0		6.96818e+06		20.8531			00:00:48:799		6.96754e+06		153.921		102.164		4.12562e+06		1.80909		288.963		
00:00:48:700		9.60852e+06		-5.86366		0		0		6.96736e+06		-9.51529			00:00:48:700		6.96721e+06		153.745		102.087		4.11737e+06		1.80404		288.963		
00:00:48:600		9.62191e+06		-5.86453		0		0		6.96648e+06		-32.2708			00:00:48:600		6.96685e+06		153.745		102.087		4.11737e+06		1.80404		288.964		
00:00:48:500		9.63531e+06		-5.86525		0		0		6.96591e+06		-32.6402			00:00:48:500		6.96668e+06		153.568		102.087		4.11737e+06		1.80404		288.964		
00:00:48:399		9.64873e+06		-5.86579		0		0		6.96584e+06		-10.7571			00:00:48:399		6.96622e+06		153.568		102.008		4.10909e+06		1.799		288.965		
00:00:48:299		9.66218e+06		-5.86612		0		0		6.96607e+06		18.9289			00:00:48:299		6.966e+06		153.568		102.008		4.10909e+06		1.799		288.965		
00:00:48:200		9.67566e+06		-5.86622		0		0		6.96625e+06		33.4558			00:00:48:200		6.96561e+06		153.391		101.929		4.10071e+06		1.79396		288.965		
00:00:48:100		9.68921e+06		-5.86604		0		0		6.96608e+06		27.5206			00:00:48:100		6.96526e+06		153.391		101.929		4.10071e+06		1.79396		288.966		
00:00:48:000		9.70276e+06		-5.86555		0		0		6.96546e+06		9.38616			00:00:48:000		6.96509e+06		153.214		101.929		4.10071e+06		1.79396		288.966		
00:00:47:899		9.71627e+06		-5.8647		0		0		6.96457e+06		-26.3076			00:00:47:899		6.96465e+06		153.214		101.849		4.09233e+06		1.78891		288.966		
00:00:47:799		9.72974e+06		-5.86346		0		0		6.96386e+06		-33.3923			00:00:47:799		6.96451e+06		153.214		101.849		4.09233e+06		1.78891		288.967		
00:00:47:700		9.74318e+06		-5.86178		0		0		6.96359e+06		-21.9743			00:00:47:700		6.96414e+06		153.038		101.769		4.08398e+06		1.78387		288.967		
00:00:47:600		9.7566e+06		-5.85965		0		0		6.96372e+06		8.51926			00:00:47:600		6.96374e+06		153.038		101.769		4.08398e+06		1.78387		288.968		
00:00:47:500		9.76999e+06		-5.85703		0		0		6.96393e+06		27.2312			00:00:47:500		6.96359e+06		152.861		101.769		4.08398e+06		1.78387		288.968		
00:00:47:399		9.78336e+06		-5.85394		0		0		6.96391e+06		32.6974			00:00:47:399		6.96309e+06		152.861		101.687		4.0756e+06		1.77882		288.969		
00:00:47:299		9.79668e+06		-5.8504		0		0		6.96347e+06		18.8236			00:00:47:299		6.96294e+06		152.861		101.687		4.0756e+06		1.77882		288.969		
00:00:47:200		9.80998e+06		-5.84647		0		0		6.96264e+06		-10.7339			00:00:47:200		6.96252e+06		152.684		101.605		4.0672e+06		1.77378		288.97		
00:00:47:100		9.82326e+06		-5.84224		0		0		6.96176e+06		-32.8755			00:00:47:100		6.96214e+06		152.684		101.605		4.0672e+06		1.77378		288.97		
00:00:47:000		9.83651e+06		-5.83783		0		0		6.96123e+06		-30.7714			00:00:47:000		6.96194e+06		152.507		101.605		4.0672e+06		1.77378		288.971		
00:00:46:899		9.84976e+06		-5.83337		0		0		6.96116e+06		-6.70708			00:00:46:899		6.96142e+06		152.507		101.521		4.05877e+06		1.76873		288.972		
00:00:46:799		9.86301e+06		-5.82899		0		0		6.96136e+06		19.1417			00:00:46:799		6.96127e+06		152.507		101.521		4.05877e+06		1.76873		288.972		
00:00:46:700		9.8763e+06		-5.82485		0		0		6.96148e+06		33.1529			00:00:46:700		6.96086e+06		152.33		101.437		4.05031e+06		1.76369		288.973		
00:00:46:549		9.89625e+06		-5.81944		0		0		6.96096e+06		18.5186			00:00:46:549		6.96044e+06		152.33		101.437		4.05031e+06		1.76369		288.974		
00:00:46:450		9.9095e+06		-5.81632		0		0		6.96012e+06		-11.2663			00:00:46:450		6.96001e+06		152.153		101.352		4.04183e+06		1.75864		288.975		
00:00:46:350		9.92274e+06		-5.81308		0		0		6.95924e+06		-33.0927			00:00:46:350		6.95961e+06		152.153		101.352		4.04183e+06		1.75864		288.976		
00:00:46:350		9.92274e+06		-5.81308		0		0		6.95924e+06		-33.0927			00:00:46:350		6.95961e+06		152.153		101.352		4.04183e+06		1.75864		288.976		
00:00:46:200		9.94255e+06		-5.80802		0		0		6.95862e+06		-20.0527			00:00:46:200		6.95914e+06		151.976		101.266		4.03339e+06		1.75359		288.977		
00:00:46:100		9.95573e+06		-5.80449		0		0		6.95873e+06		10.3232			00:00:46:100		6.95876e+06		151.976		101.266		4.03339e+06		1.75359		288.979		
00:00:46:000		9.96889e+06		-5.80085		0		0		6.95892e+06		27.9847			00:00:46:000		6.95855e+06		151.799		101.266		4.03339e+06		1.75359		288.98		
00:00:45:850		9.98859e+06		-5.79517		0		0		6.95867e+06		25.1747			00:00:45:850		6.95792e+06		151.799		101.179		4.0249e+06		1.74854		288.983		
00:00:45:750		1.00017e+07		-5.79125		0		0		6.95796e+06		5.42941			00:00:45:750		6.95768e+06		151.621		101.179		4.0249e+06		1.74854		288.984		
00:00:45:649		1.00148e+07		-5.78721		0		0		6.95703e+06		-28.0691			00:00:45:649		6.95716e+06		151.621		101.09		4.01626e+06		1.74349		288.986		
00:00:45:549		1.00148e+07		-5.78721		0		0		6.95703e+06		-28.0691			00:00:45:549		6.95716e+06		151.621		101.09		4.01626e+06		1.74349		288.986		
00:00:45:549		1.00278e+07		-5.78307		0		0		6.95629e+06		-34.8284			00:00:45:549		6.95699e+06		151.621		101.09		4.01626e+06		1.74349		288.988		
00:00:45:350		1.00539e+07		-5.77447		0		0		6.95615e+06		11.8597			00:00:45:350		6.95616e+06		151.444		101.001		4.0077e+06		1.73844		288.991		
00:00:45:250		1.00669e+07		-5.77001		0		0		6.9563e+06		28.8215			00:00:45:250		6.95590e+06		151.268		101.001		4.0077e+06		1.73844		288.993		
00:00:45:250		1.00669e+07		-5.77001		0		0		6.9563e+06		28.8215			00:00:45:250		6.95590e+06		151.268		101.001		4.0077e+06		1.73844		288.993		
00:00:45:049		1.00929e+07		-5.76083		0		0		6.95567e+06		16.1509			00:00:45:049		6.9552e+06		151.268		100.911		3.99912e+06		1.73339		288.998		
00:00:45:049		1.00929e+07		-5.76083		0		0		6.95567e+06		16.1509			00:00:45:049		6.9552e+06		151.268		100.911		3.99912e+06		1.73339		288.998		
00:00:44:950		1.01059e+07		-5.75609		0		0		6.95476e+06		-17.0569			00:00:44:950		6.95472e+06		151.091		100.82		3.99048e+06		1.72834		289		
00:00:44:850		1.01188e+07		-5.75126		0		0		6.95389e+06		-34.494			00:00:44:850		6.95441e+06		151.091		100.82		3.99048e+06		1.72834		289.002		
00:00:44:649		1.01446e+07		-5.74132		0		0		6.95341e+06		3.25211			00:00:44:649		6.95358e+06		150.914		100.728		3.9818e+06		1.72329		289.006		
00:00:44:549		1.01575e+07		-5.73621		0		0		6.95358e+06		23.6199			00:00:44:549		6.95337e+06		150.914		100.728		3.9818e+06		1.72329		289.009		
00:00:44:549		1.01575e+07		-5.73621		0		0		6.95358e+06		23.6199			00:00:44:549		6.95337e+06		150.914		100.728		3.9818e+06		1.72329		289.009		
00:00:44:450		1.01703e+07		-5.73102		0		0		6.95359e+06		33.2924			00:00:44:450		6.95287e+06		150.737		100.636		3.9731e+06		1.71823		289.011		
00:00:44:350		1.01832e+07		-5.72573		0		0		6.95321e+06		22.3888			00:00:44:350		6.95259e+06		150.737		100.636		3.9731e+06		1.71823		289.014		
00:00:44:250		1.0196e+07		-5.72034		0		0		6.95241e+06		0			00:00:44:250		6.95221e+06		150.561		100.636		3.9731e+06		1.71823		289.016		
00:00:44:149		1.02087e+07		-5.71487		0		0		6.95146e+06		-32.7335			00:00:44:149		6.95176e+06		150.561		100.542		3.96444e+06		1.71318		289.019		
00:00:44:049		1.02215e+07		-5.7093		0		0		6.9508e+06		-33.3829			00:00:44:049		6.95151e+06		150.561		100.542		3.96444e+06		1.71318		289.022		
00:00:43:950		1.02342e+07		-5.70364		0		0		6.95062e+06		-11.7162			00:00:43:950		6.95098e+06		150.384		100.448		3.95573e+06		1.70812		289.024		
00:00:43:750		1.02596e+07		-5.69204		0		0		6.95084e+06		32.9272			00:00:43:750		6.95028e+06		150.207		100.448		3.95573e+06		1.70812		289.03		
00:00:43:600		1.02786e+07		-5.68307		0		0		6.95032e+06		20.4309			00:00:43:600		6.94975e+06		150.207		100.353		3.94694e+06		1.70306		289.035		
00:00:43:600		1.02786e+07		-5.68307		0		0		6.95032e+06		20.4309			00:00:43:600		6.94975e+06		150.207		100.353		3.94694e+06		1.70306		289.035		
00:00:43:549		1.0285e+07		-5.68003		0		0		6.94992e+06		9.43729			00:00:43:549		6.94957e+06		150.207		100.353		3.94694e+06		1.70306		289.036		
00:00:43:450		1.02977e+07		-5.67387		0		0		6.94896e+06		-23.7088			00:00:43:450		6.94901e+06		150.031		100.257		3.93812e+06		1.698		289.039		
00:00:43:350		1.03104e+07		-5.66761		0		0		6.94815e+06		-35.2227			00:00:43:350		6.94877e+06		150.031		100.257		3.93812e+06		1.698		289.042		
00:00:43:200		1.03293e+07		-5.65805		0		0		6.94776e+06		-7.54541			00:00:43:200		6.94801e+06		149.855		100.16		3.92928e+06		1.69294		289.047		
00:00:43:100		1.0342e+07		-5.65155		0		0		6.94789e+06		20.2837			00:00:43:100		6.94778e+06		149.855		100.16		3.92928e+06		1.69294		289.051		
00:00:43:000		1.03546e+07		-5.64495		0		0		6.94793e+06		33.881			00:00:43:000		6.9473e+06		149.679		100.16		3.92928e+06		1.69294		289.054		
00:00:42:899		1.03672e+07		-5.63826		0		0		6.94761e+06		25.5436			00:00:42:899		6.9469e+06		149.679		100.062		3.92048e+06		1.68787		289.058		
00:00:42:799		1.03797e+07		-5.63147		0		0		6.94686e+06		5.59631			00:00:42:799		6.94657e+06		149.679		100.062		3.92048e+06		1.68787		289.061		
00:00:42:700		1.03922e+07		-5.62458		0		0		6.94587e+06		-29.0046			00:00:42:700		6.946e+06		149.503		99.9636		3.91171e+06		1.68281		289.065		
00:00:42:600		1.04048e+07		-5.61758		0		0		6.94509e+06		-35.2568			00:00:42:600		6.94576e+06		149.503		99.9636		3.91171e+06		1.68281		289.069		
00:00:42:500		1.04173e+07		-5.61048		0		0		6.94479e+06		-17.3323			00:00:42:500		6.94524e+06		149.326		99.9636		3.91171e+06		1.68281		289.073		
00:00:42:399		1.04299e+07		-5.60327		0		0		6.94486e+06		14.0247			00:00:42:399		6.94486e+06		149.326		99.864		3.90291e+06		1.67774		289.077		
00:00:42:299		1.04424e+07		-5.59596		0		0		6.94494e+06		30.0458			00:00:42:299		6.9445e+06		149.326		99.864		3.90291e+06		1.67774		289.081		
00:00:42:200		1.04549e+07		-5.58855		0		0		6.94474e+06		30.1528			00:00:42:200		6.94396e+06		149.15		99.7636		3.894e+06		1.67267		289.085		
00:00:42:100		1.04674e+07		-5.58104		0		0		6.94411e+06		15.1017			00:00:42:100		6.94367e+06		149.15		99.7636		3.894e+06		1.67267		289.089		
00:00:42:000		1.048e+07		-5.57343		0		0		6.94313e+06		-20.1965			00:00:42:000		6.94312e+06		148.974		99.7636		3.894e+06		1.67267		289.094		
00:00:41:899		1.04927e+07		-5.56572		0		0		6.94222e+06		-36.0081			00:00:41:899		6.94277e+06		148.974		99.6622		3.88509e+06		1.6676		289.098		
00:00:41:799		1.05053e+07		-5.5579		0		0		6.94175e+06		-27.0553			00:00:41:799		6.94237e+06		148.974		99.6622		3.88509e+06		1.6676		289.103		
00:00:41:700		1.05179e+07		-5.54998		0		0		6.94175e+06		9.86594			00:00:41:700		6.94184e+06		148.798		99.56		3.8762e+06		1.66253		289.107		
00:00:41:600		1.05306e+07		-5.54194		0		0		6.94186e+06		27.3802			00:00:41:600		6.94154e+06		148.798		99.56		3.8762e+06		1.66253		289.112		
00:00:41:500		1.05432e+07		-5.53379		0		0		6.94176e+06		34.2004			00:00:41:500		6.94095e+06		148.622		99.56		3.8762e+06		1.66253		289.117		
00:00:41:399		1.05558e+07		-5.52552		0		0		6.94123e+06		20.8353			00:00:41:399		6.94062e+06		148.622		99.4569		3.86728e+06		1.65745		289.122		
00:00:41:299		1.05684e+07		-5.51711		0		0		6.94028e+06		-11.0718			00:00:41:299		6.94014e+06		148.622		99.4569		3.86728e+06		1.65745		289.127		
00:00:41:200		1.05811e+07		-5.50859		0		0		6.93927e+06		-35.5716			00:00:41:200		6.93968e+06		148.446		99.353		3.85834e+06		1.65237		289.132		
00:00:41:100		1.05937e+07		-5.49994		0		0		6.93864e+06		-32.5626			00:00:41:100		6.93933e+06		148.446		99.353		3.85834e+06		1.65237		289.138		
00:00:41:000		1.06063e+07		-5.49118		0		0		6.9385e+06		0			00:00:41:000		6.93873e+06		148.27		99.353		3.85834e+06		1.65237		289.143		
00:00:40:899		1.06189e+07		-5.4823		0		0		6.93858e+06		23.0472			00:00:40:899		6.93838e+06		148.27		99.2483		3.84937e+06		1.64729		289.149		
00:00:40:799		1.06315e+07		-5.47329		0		0		6.93854e+06		35.03			00:00:40:799		6.93783e+06		148.27		99.2483		3.84937e+06		1.64729		289.155		
00:00:40:700		1.06441e+07		-5.46415		0		0		6.9381e+06		25.4174			00:00:40:700		6.93743e+06		148.094		99.1428		3.84045e+06		1.64221		289.16		
00:00:40:600		1.06567e+07		-5.4549		0		0		6.9372e+06		0.54138			00:00:40:600		6.93696e+06		148.094		99.1428		3.84045e+06		1.64221		289.166		
00:00:40:500		1.06693e+07		-5.44552		0		0		6.93613e+06		-33.7589			00:00:40:500		6.93642e+06		147.918		99.1428		3.84045e+06		1.64221		289.172		
00:00:40:399		1.06818e+07		-5.43603		0		0		6.93537e+06		-34.8938			00:00:40:399		6.93604e+06		147.918		99.0365		3.83147e+06		1.63713		289.178		
00:00:40:299		1.06943e+07		-5.42643		0		0		6.93512e+06		-10.0238			00:00:40:299		6.93543e+06		147.918		99.0365		3.83147e+06		1.63713		289.185		
00:00:40:200		1.07068e+07		-5.41675		0		0		6.93517e+06		21.9025			00:00:40:200		6.93506e+06		147.742		98.9295		3.82233e+06		1.63204		289.191		
00:00:40:100		1.07192e+07		-5.40698		0		0		6.93513e+06		35.3914			00:00:40:100		6.93445e+06		147.742		98.9295		3.82233e+06		1.63204		289.198		
00:00:39:950		1.07379e+07		-5.39222		0		0		6.93435e+06		19.7086			00:00:39:950		6.9338e+06		147.566		98.8215		3.81319e+06		1.62695		289.209		
00:00:39:850		1.07504e+07		-5.38232		0		0		6.9333e+06		-17.5832			00:00:39:850		6.93321e+06		147.566		98.8215		3.81319e+06		1.62695		289.216		
00:00:39:750		1.07628e+07		-5.37238		0		0		6.93227e+06		-35.6439			00:00:39:750		6.93278e+06		147.39		98.8215		3.81319e+06		1.62695		289.223		
00:00:39:649		1.07752e+07		-5.3624		0		0		6.93168e+06		-28.7168			00:00:39:649		6.93219e+06		147.39		98.7128		3.804e+06		1.62186		289.23		
00:00:39:649		1.07752e+07		-5.3624		0		0		6.93168e+06		-28.7168			00:00:39:649		6.93219e+06		147.39		98.7128		3.804e+06		1.62186		289.23		
00:00:39:549		1.07877e+07		-5.3524		0		0		6.93157e+06		9.13374			00:00:39:549		6.93166e+06		147.39		98.7128		3.804e+06		1.62186		289.238		
00:00:39:350		1.08124e+07		-5.33231		0		0		6.93133e+06		31.4078			00:00:39:350		6.93055e+06		147.214		98.6033		3.79488e+06		1.61676		289.253		
00:00:39:350		1.08124e+07		-5.33231		0		0		6.93133e+06		31.4078			00:00:39:350		6.93055e+06		147.214		98.6033		3.79488e+06		1.61676		289.253		
00:00:39:250		1.08248e+07		-5.3222		0		0		6.93067e+06		19.1095			00:00:39:250		6.93015e+06		147.039		98.6033		3.79488e+06		1.61676		289.262		
00:00:39:149		1.08372e+07		-5.31203		0		0		6.92961e+06		-16.3431			00:00:39:149		6.92949e+06		147.039		98.493		3.78576e+06		1.61166		289.27		
00:00:39:049		1.08495e+07		-5.3018		0		0		6.92856e+06		-35.517			00:00:39:049		6.92905e+06		147.039		98.493		3.78576e+06		1.61166		289.278		
00:00:38:950		1.08617e+07		-5.29149		0		0		6.92794e+06		-27.3542			00:00:38:950		6.92845e+06		146.863		98.3819		3.77648e+06		1.60656		289.286		
00:00:38:750		1.08862e+07		-5.27062		0		0		6.92771e+06		28.5801			00:00:38:750		6.92738e+06		146.687		98.3819		3.77648e+06		1.60656		289.304		
00:00:38:700		1.08924e+07		-5.26536		0		0		6.92762e+06		33.2448			00:00:38:700		6.92699e+06		146.687		98.2699		3.76719e+06		1.60146		289.309		
00:00:38:549		1.09108e+07		-5.24945		0		0		6.92673e+06		18.7258			00:00:38:549		6.92625e+06		146.687		98.2699		3.76719e+06		1.60146		289.322		
00:00:38:549		1.09108e+07		-5.24945		0		0		6.92673e+06		18.7258			00:00:38:549		6.92625e+06		146.687		98.2699		3.76719e+06		1.60146		289.322		
00:00:38:450		1.09231e+07		-5.23876		0		0		6.92565e+06		-15.7946			00:00:38:450		6.92556e+06		146.511		98.1571		3.75793e+06		1.59636		289.332		
00:00:38:350		1.09354e+07		-5.22799		0		0		6.92458e+06		-34.9626			00:00:38:350		6.92504e+06		146.511		98.1571		3.75793e+06		1.59636		289.341		
00:00:38:149		1.09477e+07		-5.21716		0		0		6.92393e+06		-26.4534			00:00:38:149		6.92443e+06		146.335		98.1571		3.75793e+06		1.59636		289.351		
00:00:38:149		1.096e+07		-5.20627		0		0		6.92373e+06		9.2474			00:00:38:149		6.9238e+06		146.335		98.0435		3.74865e+06		1.59125		289.361		
00:00:38:049		1.09723e+07		-5.19533		0		0		6.92364e+06		28.1271			00:00:38:049		6.92328e+06		146.335		98.0435		3.74865e+06		1.59125		289.372		
00:00:37:950		1.09846e+07		-5.18433		0		0		6.92332e+06		32.0065			00:00:37:950		6.92256e+06		146.159		97.929		3.73943e+06		1.58614		289.382		
00:00:37:850		1.09969e+07		-5.1733		0		0		6.92259e+06		19.5315			00:00:37:850		6.92208e+06		146.159		97.929		3.73943e+06		1.58614		289.393		
00:00:37:649		1.10215e+07		-5.15113		0		0		6.92033e+06		-35.2913			00:00:37:649		6.92078e+06		145.983		97.8137		3.73007e+06		1.58102		289.416		
00:00:37:649		1.10215e+07		-5.15113		0		0		6.92033e+06		-35.2913			00:00:37:649		6.92078e+06		145.983		97.8137		3.73007e+06		1.58102		289.416		
00:00:37:549		1.10338e+07		-5.14002		0		0		6.9196e+06		-28.3996			00:00:37:549		6.92014e+06		145.983		97.8137		3.73007e+06		1.58102		289.428		
00:00:37:450		1.10523e+07		-5.12334		0		0		6.91934e+06		6.9863			00:00:37:450		6.91944e+06		145.806		97.6975		3.72073e+06		1.57591		289.446		
00:00:37:299		1.10646e+07		-5.11222		0		0		6.91909e+06		33.0426			00:00:37:299		6.91851e+06		145.806		97.6975		3.72073e+06		1.57591		289.458		
00:00:37:200		1.1077e+07		-5.10109		0		0		6.91858e+06		28.4397			00:00:37:200		6.91783e+06		145.631		97.5806		3.71139e+06		1.57079		289.47		
00:00:37:100		1.10894e+07		-5.08994		0		0		6.91763e+06		10.6969			00:00:37:100		6.91723e+06		145.631		97.5806		3.71139e+06		1.57079		289.483		
00:00:37:049		1.10956e+07		-5.08436		0		0		6.91701e+06		-10.723			00:00:37:049		6.91683e+06		145.631		97.5806		3.71139e+06		1.57079		289.489		
00:00:36:950		1.1108e+07		-5.07318		0		0		6.91579e+06		-34.2165			00:00:36:950		6.91616e+06		145.454		97.4627		3.70197e+06		1.56566		289.503		
00:00:36:750		1.11329e+07		-5.05068		0		0		6.91455e+06		1.58701			00:00:36:750		6.9147e+06		145.277		97.4627		3.70197e+06		1.56566		289.529		
00:00:36:600		1.11516e+07		-5.03368		0		0		6.91422e+06		31.3787			00:00:36:600		6.91373e+06		145.277		97.344		3.69253e+06		1.56054		289.55		
00:00:36:600		1.11516e+07		-5.03368		0		0		6.91422e+06		31.3787			00:00:36:600		6.91373e+06		145.277		97.344		3.69253e+06		1.56054		289.55		
00:00:36:500		1.11641e+07		-5.02227		0		0		6.91371e+06		29.4533			00:00:36:500		6.91296e+06		145.101		97.344		3.69253e+06		1.56054		289.564		
00:00:36:399		1.11766e+07		-5.01082		0		0		6.91278e+06		15.1343			00:00:36:399		6.91234e+06		145.101		97.2244		3.68305e+06		1.5554		289.578		
00:00:36:299		1.1189e+07		-4.99932		0		0		6.91151e+06		-22.3383			00:00:36:299		6.91152e+06		145.101		97.2244		3.68305e+06		1.5554		289.592		
00:00:36:200		1.12015e+07		-4.98776		0		0		6.91033e+06		-37.0476			00:00:36:200		6.9109e+06		144.924		97.104		3.67355e+06		1.55027		289.607		
00:00:36:100		1.1214e+07		-4.97616		0		0		6.90961e+06		-23.2734			00:00:36:100		6.9101e+06		144.924		97.104		3.67355e+06		1.55027		289.621		
00:00:36:000		1.12264e+07		-4.9645		0		0		6.9093e+06		11.5235			00:00:36:000		6.90934e+06		144.747		97.104		3.67355e+06		1.55027		289.636		
00:00:35:899		1.12389e+07		-4.95279		0		0		6.90904e+06		29.4373			00:00:35:899		6.90863e+06		144.747		96.9827		3.66402e+06		1.54513		289.651		
00:00:35:799		1.12514e+07		-4.94103		0		0		6.90854e+06		33.3641			00:00:35:799		6.90773e+06		144.747		96.9827		3.66402e+06		1.54513		289.667		
00:00:35:700		1.12639e+07		-4.92922		0		0		6.90764e+06		20.1815			00:00:35:700		6.90709e+06		144.57		96.8604		3.65437e+06		1.53999		289.682		
00:00:35:600		1.12764e+07		-4.91737		0		0		6.90633e+06		-15.0519			00:00:35:600		6.90622e+06		144.57		96.8604		3.65437e+06		1.53999		289.698		
00:00:35:500		1.12889e+07		-4.90547		0		0		6.90503e+06		-35.4057			00:00:35:500		6.90547e+06		144.392		96.8604		3.65437e+06		1.53999		289.715		
00:00:35:399		1.13014e+07		-4.89354		0		0		6.90411e+06		-29.8822			00:00:35:399		6.90468e+06		144.392		96.7372		3.64465e+06		1.53484		289.732		
00:00:35:299		1.1314e+07		-4.88156		0		0		6.90366e+06		5.02855			00:00:35:299		6.90377e+06		144.392		96.7372		3.64465e+06		1.53484		289.748		
00:00:35:200		1.13265e+07		-4.86953		0		0		6.90335e+06		26.0414			00:00:35:200		6.90307e+06		144.215		96.6131		3.63481e+06		1.52969		289.765		
00:00:35:100		1.13391e+07		-4.85746		0		0		6.90288e+06		35.2049			00:00:35:100		6.90213e+06		144.215		96.6131		3.63481e+06		1.52969		289.782		
00:00:35:000		1.13516e+07		-4.84532		0		0		6.90203e+06		24.1579			00:00:35:000		6.9014e+06		144.038		96.6131		3.63481e+06		1.52969		289.8		
00:00:34:899		1.13642e+07		-4.83314		0		0		6.90078e+06		0			00:00:34:899		6.90055e+06		144.038		96.488		3.62497e+06		1.52453		289.817		
00:00:34:799		1.13768e+07		-4.82093		0		0		6.89938e+06		-33.4864			00:00:34:799		6.89968e+06		144.038		96.488		3.62497e+06		1.52453		289.835		
00:00:34:700		1.13893e+07		-4.80868		0		0		6.89831e+06		-33.425			00:00:34:700		6.89891e+06		143.861		96.3619		3.61508e+06		1.51937		289.853		
00:00:34:549		1.14082e+07		-4.79023		0		0		6.89754e+06		12.4664			00:00:34:549		6.89757e+06		143.861		96.3619		3.61508e+06		1.51937		289.88		
00:00:34:500		1.14145e+07		-4.78407		0		0		6.89736e+06		22.3841			00:00:34:500		6.89719e+06		143.683		96.3619		3.61508e+06		1.51937		289.889		
00:00:34:399		1.14271e+07		-4.7717		0		0		6.89689e+06		35.59			00:00:34:399		6.89623e+06		143.683		96.2346		3.6051e+06		1.5142		289.907		
00:00:34:299		1.14396e+07		-4.7593		0		0		6.89607e+06		27.394			00:00:34:299		6.89535e+06		143.683		96.2346		3.6051e+06		1.5142		289.926		
00:00:34:200		1.14522e+07		-4.74685		0		0		6.89483e+06		7.23636			00:00:34:200		6.89449e+06		143.505		96.1063		3.59509e+06		1.50903		289.944		
00:00:34:100		1.14647e+07		-4.73435		0		0		6.89336e+06		-28.9845			00:00:34:100		6.89347e+06		143.505		96.1063		3.59509e+06		1.50903		289.963		
00:00:34:000		1.14773e+07		-4.7218		0		0		6.89212e+06		-35.4182			00:00:34:000		6.8927e+06		143.327		96.1063		3.59509e+06		1.50903		289.981		
00:00:33:899		1.14899e+07		-4.7092		0		0		6.89135e+06		-13.5216			00:00:33:899		6.89169e+06		143.327		95.9767		3.58497e+06		1.50385		290		
00:00:33:750		1.15087e+07		-4.69018		0		0		6.8907e+06		26.2501			00:00:33:750		6.89041e+06		143.148		95.9767		3.58497e+06		1.50385		290.028		
00:00:33:649		1.15212e+07		-4.67743		0		0		6.89012e+06		35.1115			00:00:33:649		6.88938e+06		143.148		95.8458		3.57476e+06		1.49867		290.047		
00:00:33:549		1.15338e+07		-4.66461		0		0		6.88919e+06		25.0016			00:00:33:549		6.88855e+06		143.148		95.8458		3.57476e+06		1.49867		290.066		
00:00:33:450		1.15465e+07		-4.65174		0		0		6.88787e+06		0			00:00:33:450		6.88764e+06		142.969		95.7136		3.56444e+06		1.49348		290.085		
00:00:33:450		1.15465e+07		-4.65174		0		0		6.88787e+06		0			00:00:33:450		6.88764e+06		142.969		95.7136		3.56444e+06		1.49348		290.085		
00:00:33:250		1.15716e+07		-4.62582		0		0		6.88527e+06		-33.4987			00:00:33:250		6.88587e+06		142.79		95.7136		3.56444e+06		1.49348		290.122		
00:00:33:250		1.15716e+07		-4.62582		0		0		6.88527e+06		-33.4987			00:00:33:250		6.88587e+06		142.79		95.7136		3.56444e+06		1.49348		290.122		
00:00:33:149		1.15841e+07		-4.61278		0		0		6.88461e+06		0			00:00:33:149		6.88483e+06		142.79		95.5798		3.55403e+06		1.48829		290.14		
00:00:33:049		1.15966e+07		-4.5997		0		0		6.88418e+06		21.8461			00:00:33:049		6.88403e+06		142.79		95.5798		3.55403e+06		1.48829		290.159		
00:00:32:950		1.16091e+07		-4.58658		0		0		6.88364e+06		34.8916			00:00:32:950		6.88301e+06		142.611		95.4446		3.54368e+06		1.48309		290.178		
00:00:32:850		1.16216e+07		-4.57342		0		0		6.88277e+06		26.5913			00:00:32:850		6.88211e+06		142.611		95.4446		3.54368e+06		1.48309		290.196		
00:00:32:649		1.16465e+07		-4.547		0		0		6.88e+06		-29.2933			00:00:32:649		6.88012e+06		142.431		95.3077		3.53327e+06		1.47789		290.233		
00:00:32:649		1.16465e+07		-4.547		0		0		6.88e+06		-29.2933			00:00:32:649		6.88012e+06		142.431		95.3077		3.53327e+06		1.47789		290.233		
00:00:32:549		1.1659e+07		-4.53375		0		0		6.87876e+06		-33.0835			00:00:32:549		6.8793e+06		142.431		95.3077		3.53327e+06		1.47789		290.252		
00:00:32:350		1.1684e+07		-4.50725		0		0		6.8774e+06		15.6401			00:00:32:350		6.87735e+06		142.251		95.1691		3.52277e+06		1.47268		290.289		
00:00:32:350		1.1684e+07		-4.50725		0		0		6.8774e+06		15.6401			00:00:32:350		6.87735e+06		142.251		95.1691		3.52277e+06		1.47268		290.289		
00:00:32:250		1.16965e+07		-4.49401		0		0		6.8768e+06		29.4844			00:00:32:250		6.87637e+06		142.07		95.1691		3.52277e+06		1.47268		290.309		
00:00:32:149		1.17089e+07		-4.48079		0		0		6.87594e+06		24.3845			00:00:32:149		6.87540e+06		142.07		95.0286		3.51224e+06		1.46747		290.329		
00:00:32:049		1.17214e+07		-4.46761		0		0		6.87474e+06		9.31783			00:00:32:049		6.87443e+06		142.07		95.0286		3.51224e+06		1.46747		290.349		
00:00:31:949		1.17339e+07		-4.45445		0		0		6.87329e+06		-23.6447			00:00:31:949		6.87332e+06		141.889		94.8862		3.50168e+06		1.46226		290.369		
00:00:31:850		1.17465e+07		-4.44133		0		0		6.87198e+06		-32.2553			00:00:31:850		6.87244e+06		141.889		94.8862		3.50168e+06		1.46226		290.389		
00:00:31:649		1.17715e+07		-4.41511		0		0		6.87043e+06		14.7044			00:00:31:649		6.87038e+06		141.707		94.7416		3.4911e+06		1.45703		290.432		
00:00:31:649		1.17715e+07		-4.41511		0		0		6.87043e+06		14.7044			00:00:31:649		6.87038e+06		141.707		94.7416		3.4911e+06		1.45703		290.432		
00:00:31:500		1.17904e+07		-4.39538		0		0		6.86929e+06		26.9553			00:00:31:500		6.8688e+06		141.525		94.7416		3.4911e+06		1.45703		290.464		
00:00:31:399		1.18029e+07		-4.38215		0		0		6.86817e+06		15.6615			00:00:31:399		6.86782e+06		141.525		94.5947		3.48039e+06		1.4518		290.487		
00:00:31:300		1.18154e+07		-4.36883		0		0		6.86679e+06		0			00:00:31:300		6.86669e+06		141.525		94.5947		3.48039e+06		1.4518		290.51		
00:00:31:199		1.1828e+07		-4.35539		0		0		6.86534e+06		-29.8883			00:00:31:199		6.8656e+06		141.342		94.4453		3.46951e+06		1.44657		290.533		
00:00:31:100		1.18405e+07		-4.34182		0		0		6.86425e+06		-23.6902			00:00:31:100		6.86461e+06		141.342		94.4453		3.46951e+06		1.44657		290.557		
00:00:31:000		1.1853e+07		-4.32809		0		0		6.86352e+06		13.3081			00:00:31:000		6.86351e+06		141.159		94.4453		3.46951e+06		1.44657		290.581		
00:00:30:899		1.18655e+07		-4.31421		0		0		6.8628e+06		25.2967			00:00:30:899		6.86245e+06		141.159		94.2931		3.45862e+06		1.44133		290.605		
00:00:30:699		1.18906e+07		-4.28601		0		0		6.86059e+06		8.88588			00:00:30:699		6.86028e+06		140.976		94.1363		3.44768e+06		1.43608		290.655		
00:00:30:600		1.19031e+07		-4.27176		0		0		6.85908e+06		-21.3478			00:00:30:600		6.8591e+06		140.976		94.1363		3.44768e+06		1.43608		290.68		
00:00:30:600		1.19031e+07		-4.27176		0		0		6.85908e+06		-21.3478			00:00:30:600		6.8591e+06		140.976		94.1363		3.44768e+06		1.43608		290.68		
00:00:30:500		1.19156e+07		-4.2575		0		0		6.85772e+06		-27.0364			00:00:30:500		6.85801e+06		140.792		94.1363		3.44768e+06		1.43608		290.706		
00:00:30:399		1.19281e+07		-4.24331		0		0		6.85675e+06		0			00:00:30:399		6.85694e+06		140.792		93.9747		3.43656e+06		1.43083		290.733		
00:00:30:300		1.19406e+07		-4.22929		0		0		6.85597e+06		18.0624			00:00:30:300		6.85582e+06		140.792		93.9747		3.43656e+06		1.43083		290.759		
00:00:30:199		1.19532e+07		-4.2155		0		0		6.85511e+06		23.9178			00:00:30:199		6.85473e+06		140.607		93.8082		3.42534e+06		1.42557		290.786		
00:00:30:100		1.19658e+07		-4.20201		0		0		6.85403e+06		18.4717			00:00:30:100		6.85367e+06		140.607		93.8082		3.42534e+06		1.42557		290.812		
00:00:30:000		1.19784e+07		-4.18882		0.0690392		0		6.85272e+06		1.22225			00:00:30:000		6.85257e+06		140.423		93.8082		3.42534e+06		1.42557		290.84		
00:00:29:899		1.19911e+07		-4.17589		0.207382		0		6.85132e+06		-20.4063			00:00:29:899		6.85138e+06		140.423		93.6369		3.4141e+06		1.42031		290.867		
00:00:29:800		1.20038e+07		-4.16302		0.34561		0		6.85015e+06		0			00:00:29:800		6.85024e+06		140.423		93.6369		3.4141e+06		1.42031		290.895		
00:00:29:699		1.20165e+07		-4.15013		0.483619		0		6.84913e+06		9.51981			00:00:29:699		6.84914e+06		140.237		93.4612		3.40273e+06		1.41504		290.923		
00:00:29:600		1.20292e+07		-4.13724		0.62133		0		6.8481e+06		16.26			00:00:29:600		6.84791e+06		140.237		93.4612		3.40273e+06		1.41504		290.952		
00:00:29:500		1.2042e+07		-4.12432		0.758603		0		6.84694e+06		11.7323			00:00:29:500		6.84675e+06		140.051		93.4612		3.40273e+06		1.41504		290.981		
00:00:29:399		1.20547e+07		-4.11139		0.895273		0		6.84568e+06		2.66447			00:00:29:399		6.84559e+06		140.051		93.2812		3.39127e+06		1.40976		291.01		
00:00:29:300		1.20674e+07		-4.09844		1.03127		0		6.84439e+06		0			00:00:29:300		6.84438e+06		140.051		93.2812		3.39127e+06		1.40976		291.04		
00:00:29:199		1.20802e+07		-4.08547		1.16647		0		6.84313e+06		0			00:00:29:199		6.84317e+06		139.865		93.097		3.37986e+06		1.40447		291.07		
00:00:29:100		1.20929e+07		-4.07247		1.30062		0		6.84193e+06		0			00:00:29:100		6.84198e+06		139.865		93.097		3.37986e+06		1.40447		291.101		
00:00:29:000		1.21055e+07		-4.05942		1.43357		0		6.84081e+06		8.46044			00:00:29:000		6.84078e+06		139.678		93.097		3.37986e+06		1.40447		291.132		
00:00:28:899		1.2118e+07		-4.04629		1.5651		0		6.83969e+06		15.2014			00:00:28:899		6.83952e+06		139.678		92.9083		3.36832e+06		1.39918		291.163		
00:00:28:800		1.21367e+07		-4.02632		1.75925		0		6.83777e+06		8.71989			00:00:28:800		6.83761e+06		139.49		92.9083		3.36832e+06		1.39918		291.21		
00:00:28:649		1.21492e+07		-4.01284		1.88614		0		6.83636e+06		0			00:00:28:649		6.83631e+06		139.49		92.7148		3.35662e+06		1.39388		291.242		
00:00:28:550		1.21616e+07		-3.99922		2.01054		0		6.83495e+06		0			00:00:28:550		6.83498e+06		139.49		92.7148		3.35662e+06		1.39388		291.274		
00:00:28:550		1.21616e+07		-3.99922		2.01054		0		6.83495e+06		0			00:00:28:550		6.83498e+06		139.49		92.7148		3.35662e+06		1.39388		291.274		
00:00:28:399		1.21803e+07		-3.97858		2.19201		0		6.83289e+06		0			00:00:28:399		6.83297e+06		139.302		92.5164		3.34488e+06		1.38858		291.323		
00:00:28:300		1.21927e+07		-3.9647		2.30952		0		6.83159e+06		2.54623			00:00:28:300		6.83163e+06		139.302		92.5164		3.34488e+06		1.38858		291.356		
00:00:28:149		1.22114e+07		-3.94372		2.4818		0		6.82972e+06		15.1603			00:00:28:149		6.82955e+06		139.113		92.3128		3.33302e+06		1.38326		291.406		
00:00:28:050		1.22238e+07		-3.92965		2.59446		0		6.82836e+06		14.195			00:00:28:050		6.82814e+06		139.113		92.3128		3.33302e+06		1.38326		291.44		
00:00:27:949		1.22362e+07		-3.91551		2.70892		0		6.82686e+06		3.91793			00:00:27:949		6.82673e+06		138.923		92.1037		3.32098e+06		1.37794		291.473		
00:00:27:949		1.22362e+07		-3.91551		2.70892		0		6.82686e+06		3.91793			00:00:27:949		6.82673e+06		138.923		92.1037		3.32098e+06		1.37794		291.473		
00:00:27:850		1.22486e+07		-3.90132		2.8256		0		6.82532e+06		0			00:00:27:850		6.82531e+06		138.923		92.1037		3.32098e+06		1.37794		291.507		
00:00:27:699		1.22672e+07		-3.87994		2.99643		0		6.82307e+06		0			00:00:27:699		6.82314e+06		138.733		91.8887		3.30884e+06		1.3726		291.558		
00:00:27:550		1.2286e+07		-3.8585		3.1555		0		6.821e+06		9.03193			00:00:27:550		6.82096e+06		138.733		91.8887		3.30884e+06		1.3726		291.61		
00:00:27:550		1.2286e+07		-3.8585		3.1555		0		6.821e+06		9.03193			00:00:27:550		6.82096e+06		138.733		91.8887		3.30884e+06		1.3726		291.61		
00:00:27:449		1.22984e+07		-3.84417		3.25163		0		6.81966e+06		16.0291			00:00:27:449		6.81947e+06		138.543		91.6677		3.29658e+06		1.36726		291.644		
00:00:27:350		1.23109e+07		-3.82981		3.34429		0		6.81823e+06		16.2899			00:00:27:350		6.81797e+06		138.543		91.6677		3.29658e+06		1.36726		291.679		
00:00:27:250		1.23234e+07		-3.81543		3.43349		0		6.81668e+06		10.4053			00:00:27:250		6.81648e+06		138.352		91.6677		3.29658e+06		1.36726		291.714		
00:00:27:149		1.23358e+07		-3.80101		3.51923		0		6.81505e+06		1.26426			00:00:27:149		6.81497e+06		138.352		91.4403		3.28422e+06		1.36191		291.748		
00:00:27:050		1.23483e+07		-3.78657		3.60153		0		6.81345e+06		0			00:00:27:050		6.81343e+06		138.352		91.4403		3.28422e+06		1.36191		291.783		
00:00:26:949		1.23608e+07		-3.77209		3.68042		0		6.81195e+06		5.99713			00:00:26:949		6.81192e+06		138.16		91.2061		3.27164e+06		1.35654		291.818		
00:00:26:850		1.23732e+07		-3.75758		3.75596		0		6.81051e+06		13.2485			00:00:26:850		6.81038e+06		138.16		91.2061		3.27164e+06		1.35654		291.852		
00:00:26:649		1.23981e+07		-3.72846		3.89717		0		6.80754e+06		18.1317			00:00:26:649		6.80723e+06		137.967		90.9648		3.2589e+06		1.35117		291.922		
00:00:26:649		1.23981e+07		-3.72846		3.89717		0		6.80754e+06		18.1317			00:00:26:649		6.80723e+06		137.967		90.9648		3.2589e+06		1.35117		291.922		
00:00:26:550		1.24105e+07		-3.71385		3.96301		0		6.8059e+06		12.3041			00:00:26:550		6.80565e+06		137.967		90.9648		3.2589e+06		1.35117		291.957		
00:00:26:350		1.24354e+07		-3.68456		4.0856		0		6.80278e+06		10.2201			00:00:26:350		6.80268e+06		137.774		90.7159		3.24604e+06		1.34579		292.027		
00:00:26:350		1.24354e+07		-3.68456		4.0856		0		6.80278e+06		10.2201			00:00:26:350		6.80268e+06		137.774		90.7159		3.24604e+06		1.34579		292.027		
00:00:26:250		1.24478e+07		-3.66989		4.14255		0		6.8013e+06		13.8589			00:00:26:250		6.80112e+06		137.579		90.7159		3.24604e+06		1.34579		292.061		
00:00:26:149		1.24603e+07		-3.65519		4.19667		0		6.79971e+06		15.6327			00:00:26:149		6.79947e+06		137.579		90.4591		3.2329e+06		1.34041		292.096		
00:00:26:050		1.24728e+07		-3.64046		4.24809		0		6.79803e+06		15.4869			00:00:26:050		6.79778e+06		137.579		90.4591		3.2329e+06		1.34041		292.13		
00:00:25:949		1.24853e+07		-3.62569		4.29697		0		6.7963e+06		15.0972			00:00:25:949		6.79606e+06		137.384		90.1938		3.2195e+06		1.33502		292.165		
00:00:25:850		1.24977e+07		-3.61089		4.34339		0		6.79458e+06		15.5171			00:00:25:850		6.79434e+06		137.384		90.1938		3.2195e+06		1.33502		292.199		
00:00:25:600		1.25291e+07		-3.57381		4.44898		0		6.79022e+06		18.1231			00:00:25:600		6.78992e+06		137.187		89.9198		3.20592e+06		1.32962		292.283		
00:00:25:600		1.25291e+07		-3.57381		4.44898		0		6.79022e+06		18.1231			00:00:25:600		6.78992e+06		137.187		89.9198		3.20592e+06		1.32962		292.283		
00:00:25:500		1.25416e+07		-3.55895		4.48732		0		6.78844e+06		19.0734			00:00:25:500		6.7881e+06		136.989		89.9198		3.20592e+06		1.32962		292.317		
00:00:25:399		1.25542e+07		-3.54406		4.52377		0		6.78662e+06		19.8012			00:00:25:399		6.78627e+06		136.989		89.6363		3.19206e+06		1.32422		292.35		
00:00:25:350		1.25667e+07		-3.52915		4.5584		0		6.78478e+06		20.1853			00:00:25:350		6.7844e+06		136.989		89.6363		3.19206e+06		1.32422		292.383		
00:00:25:199		1.25793e+07		-3.51422		4.59096		0		6.7829e+06		20.434			00:00:25:199		6.78251e+06		136.789		89.3432		3.17776e+06		1.31881		292.416		
00:00:25:100		1.25918e+07		-3.49926		4.62135		0		6.78098e+06		20.6793			00:00:25:100		6.78059e+06		136.789		89.3432		3.17776e+06		1.31881		292.448		
00:00:25:000		1.26043e+07		-3.48429		4.64988		0		6.77903e+06		20.9117			00:00:25:000		6.77863e+06		136.586		89.3432		3.17776e+06		1.31881		292.48		
00:00:24:899		1.26169e+07		-3.4693		4.67729		0		6.77705e+06		21.2946			00:00:24:899		6.77664e+06		136.586		89.0397		3.16304e+06		1.31338		292.512		
00:00:24:800		1.26294e+07		-3.45431		4.70372		0		6.77504e+06		21.8613			00:00:24:800		6.77461e+06		136.586		89.0397		3.16304e+06		1.31338		292.544		
00:00:24:600		1.26543e+07		-3.4243		4.75036		0		6.77094e+06		23.3427			00:00:24:600		6.77048e+06		136.382		88.7253		3.14798e+06		1.30795		292.607		
00:00:24:600		1.26543e+07		-3.4243		4.75036		0		6.77094e+06		23.3427			00:00:24:600		6.77048e+06		136.382		88.7253		3.14798e+06		1.30795		292.607		
00:00:24:500		1.26667e+07		-3.40926		4.77053		0		6.76885e+06		24.103			00:00:24:500		6.76836e+06		136.175		88.7253		3.14798e+06		1.30795		292.638		
00:00:24:399		1.26792e+07		-3.39422		4.79053		0		6.76673e+06		24.7539			00:00:24:399		6.76621e+06		136.175		88.3994		3.13231e+06		1.30251		292.669		
00:00:24:300		1.26916e+07		-3.37917		4.81099		0		6.76457e+06		25.4016			00:00:24:300		6.76403e+06		136.175		88.3994		3.13231e+06		1.30251		292.699		
00:00:24:199		1.2704e+07		-3.3641		4.83028		0		6.76238e+06		25.9995			00:00:24:199		6.76182e+06		135.964		88.0612		3.11607e+06		1.29705		292.73		
00:00:24:100		1.27164e+07		-3.34902		4.84578		0		6.76016e+06		26.3985			00:00:24:100		6.75958e+06		135.964		88.0612		3.11607e+06		1.29705		292.762		
00:00:24:000		1.27288e+07		-3.33392		4.8579		0		6.75791e+06		26.8009			00:00:24:000		6.75731e+06		135.75		88.0612		3.11607e+06		1.29705		292.793		
00:00:23:899		1.27412e+07		-3.31879		4.87094		0		6.75563e+06		27.5363			00:00:23:899		6.75501e+06		135.75		87.7102		3.09931e+06		1.29159		292.825		
00:00:23:800		1.27537e+07		-3.30364		4.88768		0		6.75333e+06		28.3272			00:00:23:800		6.75268e+06		135.75		87.7102		3.09931e+06		1.29159		292.856		
00:00:23:699		1.27662e+07		-3.28848		4.90489		0		6.751e+06		29.2279			00:00:23:699		6.75033e+06		135.531		87.3454		3.08179e+06		1.28612		292.889		
00:00:23:600		1.27786e+07		-3.27329		4.91589		0		6.74866e+06		30.2829			00:00:23:600		6.74794e+06		135.531		87.3454		3.08179e+06		1.28612		292.921		
00:00:23:500		1.27911e+07		-3.25808		4.91955		0		6.74628e+06		31.3799			00:00:23:500		6.74553e+06		135.307		87.3454		3.08179e+06		1.28612		292.955		
00:00:23:399		1.28036e+07		-3.24285		4.92386		0		6.74388e+06		32.4762			00:00:23:399		6.74308e+06		135.307		86.9662		3.06353e+06		1.28063		292.989		
00:00:23:300		1.2816e+07		-3.22759		4.93748		0		6.74144e+06		33.4586			00:00:23:300		6.74059e+06		135.307		86.9662		3.06353e+06		1.28063		293.024		
00:00:23:199		1.28285e+07		-3.2123		4.95702		0		6.73894e+06		34.2982			00:00:23:199		6.73805e+06		135.078		86.5719		3.04432e+06		1.27513		293.06		
00:00:23:100		1.2841e+07		-3.19699		4.96803		0		6.73639e+06		34.8155			00:00:23:100		6.73547e+06		135.078		86.5719		3.04432e+06		1.27513		293.097		
00:00:23:000		1.28534e+07		-3.18166		4.9625		0		6.73376e+06		34.4401			00:00:23:000		6.73283e+06		134.841		86.5719		3.04432e+06		1.27513		293.134		
00:00:22:899		1.28659e+07		-3.16631		4.95238		0		6.73106e+06		33.8576			00:00:22:899		6.73015e+06		134.841		86.1618		3.02404e+06		1.26962		293.173		
00:00:22:800		1.28783e+07		-3.15095		4.95881		0		6.7283e+06		33.5123			00:00:22:800		6.72741e+06		134.841		86.1618		3.02404e+06		1.26962		293.213		
00:00:22:699		1.28907e+07		-3.13557		4.98344		0		6.7255e+06		33.5252			00:00:22:699		6.72461e+06		134.598		85.7359		3.00275e+06		1.2641		293.254		
00:00:22:550		1.29094e+07		-3.11247		4.99271		0		6.72121e+06		34.4117			00:00:22:550		6.72029e+06		134.598		85.7359		3.00275e+06		1.2641		293.318		
00:00:22:449		1.29218e+07		-3.09704		4.95153		0		6.7183e+06		35.4431			00:00:22:449		6.71733e+06		134.347		85.2934		2.98044e+06		1.25857		293.362		
00:00:22:350		1.29344e+07		-3.08159		4.89255		0		6.71533e+06		36.5398			00:00:22:350		6.71431e+06		134.347		85.2934		2.98044e+06		1.25857		293.407		
00:00:22:350		1.29344e+07		-3.08159		4.89255		0		6.71533e+06		36.5398			00:00:22:350		6.71431e+06		134.347		85.2934		2.98044e+06		1.25857		293.407		
00:00:22:250		1.29469e+07		-3.06611		4.83394		0		6.71228e+06		37.3789			00:00:22:250		6.71122e+06		134.086		85.2934		2.98044e+06		1.25857		293.454		
00:00:22:149		1.29593e+07		-3.05062		4.77236		0		6.70915e+06		37.6083			00:00:22:149		6.70805e+06		134.086		84.8336		2.95703e+06		1.25302		293.502		
00:00:22:050		1.29718e+07		-3.0351		4.69184		0		6.70591e+06		36.7639			00:00:22:050		6.70483e+06		134.086		84.8336		2.95703e+06		1.25302		293.551		
00:00:21:949		1.29843e+07		-3.01956		4.62115		0		6.70256e+06		34.8469			00:00:21:949		6.70153e+06		133.815		84.3556		2.93224e+06		1.24746		293.601		
00:00:21:850		1.29968e+07		-3.00398		4.56604		0		6.69909e+06		32.1507			00:00:21:850		6.69815e+06		133.815		84.3556		2.93224e+06		1.24746		293.653		
00:00:21:649		1.30218e+07		-2.97277		4.41557		0		6.69198e+06		28.8614			00:00:21:649		6.69121e+06		133.532		83.8589		2.9061e+06		1.24189		293.757		
00:00:21:649		1.30218e+07		-2.97277		4.41557		0		6.69198e+06		28.8614			00:00:21:649		6.69121e+06		133.532		83.8589		2.9061e+06		1.24189		293.757		
00:00:21:550		1.30344e+07		-2.95715		4.33281		0		6.68846e+06		29.9952			00:00:21:550		6.68768e+06		133.532		83.8589		2.9061e+06		1.24189		293.812		
00:00:21:350		1.30594e+07		-2.92584		4.20318		0		6.68137e+06		32.5293			00:00:21:350		6.68047e+06		133.237		83.3431		2.87865e+06		1.2363		293.923		
00:00:21:350		1.30594e+07		-2.92584		4.20318		0		6.68137e+06		32.5293			00:00:21:350		6.68047e+06		133.237		83.3431		2.87865e+06		1.2363		293.923		
00:00:21:250		1.30718e+07		-2.91018		4.09825		0		6.67771e+06		32.6011			00:00:21:250		6.67679e+06		132.93		83.3431		2.87865e+06		1.2363		293.979		
00:00:21:149		1.30843e+07		-2.89451		4.02876		0		6.67397e+06		32.9206			00:00:21:149		6.67303e+06		132.93		82.808		2.84987e+06		1.23069		294.037		
00:00:21:050		1.30968e+07		-2.87882		3.94707		15.7891		6.67012e+06		33.7869			00:00:21:050		6.66916e+06		132.93		82.808		2.84987e+06		1.23069		294.095		
00:00:20:949		1.31093e+07		-2.86311		3.90969		27.6315		6.66619e+06		34.7563			00:00:20:949		6.66518e+06		132.608		82.2541		2.81974e+06		1.22507		294.153		
00:00:20:850		1.31217e+07		-2.84738		3.84792		39.0253		6.66218e+06		36.4276			00:00:20:850		6.6611e+06		132.608		82.2541		2.81974e+06		1.22507		294.212		
00:00:20:649		1.31467e+07		-2.81585		3.62593		59.2625		6.65387e+06		38.9597			00:00:20:649		6.65263e+06		132.272		81.6834		2.78816e+06		1.21943		294.33		
00:00:20:649		1.31467e+07		-2.81585		3.62593		59.2625		6.65387e+06		38.9597			00:00:20:649		6.65263e+06		132.272		81.6834		2.78816e+06		1.21943		294.33		
00:00:20:550		1.31591e+07		-2.80006		3.55498		68.8053		6.64948e+06		38.5962			00:00:20:550		6.64823e+06		132.272		81.6834		2.78816e+06		1.21943		294.39		
00:00:20:449		1.31715e+07		-2.78424		3.49885		78.0889		6.64491e+06		36.661			00:00:20:449		6.6437e+06		131.921		81.0968		2.75529e+06		1.21377		294.449		
00:00:20:250		1.31964e+07		-2.75253		3.32418		95.8508		6.63517e+06		28.8054			00:00:20:250		6.63424e+06		131.556		81.0968		2.75529e+06		1.21377		294.57		
00:00:20:250		1.31964e+07		-2.75253		3.32418		95.8508		6.63517e+06		28.8054			00:00:20:250		6.63424e+06		131.556		81.0968		2.75529e+06		1.21377		294.57		
00:00:20:149		1.32088e+07		-2.73665		3.26658		104.388		6.63008e+06		25.1078			00:00:20:149		6.62931e+06		131.556		80.4963		2.7212e+06		1.20809		294.63		
00:00:20:050		1.32212e+07		-2.72075		3.17718		113.059		6.62493e+06		23.8605			00:00:20:050		6.62425e+06		131.556		80.4963		2.7212e+06		1.20809		294.691		
00:00:19:949		1.32336e+07		-2.70483		3.15536		121.851		6.61979e+06		26.5206			00:00:19:949		6.61908e+06		131.175		79.8841		2.68583e+06		1.20238		294.751		
00:00:19:850		1.3246e+07		-2.6889		3.07234		130.835		6.61471e+06		33.1601			00:00:19:850		6.61381e+06		131.175		79.8841		2.68583e+06		1.20238		294.812		
00:00:19:649		1.32708e+07		-2.65703		2.86901		153.87		6.60469e+06		51.131			00:00:19:649		6.60294e+06		130.778		79.2632		2.6492e+06		1.19666		294.932		
00:00:19:649		1.32708e+07		-2.65703		2.86901		153.87		6.60469e+06		51.131			00:00:19:649		6.60294e+06		130.778		79.2632		2.6492e+06		1.19666		294.932		
00:00:19:449		1.32957e+07		-2.62512		2.70136		204.517		6.59428e+06		62.2435			00:00:19:449		6.59164e+06		130.368		78.6373		2.6115e+06		1.19091		295.049		
00:00:19:449		1.32957e+07		-2.62512		2.70136		204.517		6.59428e+06		62.2435			00:00:19:449		6.59164e+06		130.368		78.6373		2.6115e+06		1.19091		295.049		
00:00:19:350		1.33082e+07		-2.60914		2.69554		252.976		6.58847e+06		57.4262			00:00:19:350		6.58588e+06		130.368		78.6373		2.6115e+06		1.19091		295.106		
00:00:19:250		1.33206e+07		-2.59314		2.69911		306.223		6.58215e+06		41.0161			00:00:19:250		6.58026e+06		129.944		78.6373		2.6115e+06		1.19091		295.162		
00:00:19:149		1.3333e+07		-2.57713		2.70194		355.699		6.57561e+06		5.75793			00:00:19:149		6.57487e+06		129.944		78.0107		2.57272e+06		1.18513		295.216		
00:00:19:000		1.33516e+07		-2.55307		2.70693		418.301		6.56715e+06		-52.8959			00:00:19:000		6.56781e+06		129.508		78.0107		2.57272e+06		1.18513		295.295		
00:00:18:899		1.3364e+07		-2.53699		2.71095		452.295		6.56457e+06		17.2187			00:00:18:899		6.56536e+06		129.508		77.3874		2.53276e+06		1.17934		295.345		
00:00:18:699		1.33887e+07		-2.50476		2.71802		504.369		6.56783e+06		311.906			00:00:18:699		6.52202e+06		129.062		76.7705		2.49163e+06		1.17352		295.441		
00:00:18:600		1.34011e+07		-2.48861		2.72078		523.62		6.5717e+06		375.331			00:00:18:600		6.50695e+06		129.062		76.7705		2.49163e+06		1.17352		295.488		
00:00:18:600		1.34011e+07		-2.48861		2.72078		523.62		6.5717e+06		375.331			00:00:18:600		6.50695e+06		129.062		76.7705		2.49163e+06		1.17352		295.488		
00:00:18:500		1.34134e+07		-2.47244		2.72437		539.056		6.57642e+06		430.811			00:00:18:500		6.48677e+06		128.607		76.7705		2.49163e+06		1.17352		295.534		
00:00:18:399		1.34257e+07		-2.45625		2.7285		551.177		6.58154e+06		471.35			00:00:18:399		6.47394e+06		128.607		76.1601		2.44937e+06		1.16768		295.58		
00:00:18:300		1.34379e+07		-2.44006		2.73275		560.216		6.58666e+06		471.408			00:00:18:300		6.47326e+06		128.607		76.1601		2.44937e+06		1.16768		295.625		
00:00:18:199		1.34501e+07		-2.42386		2.73699		565.794		6.59176e+06		471.578			00:00:18:199		6.47839e+06		128.144		75.5601		2.40604e+06		1.16183		295.671		
00:00:18:100		1.34623e+07		-2.40764		2.74217		567.496		6.59683e+06		471.989			00:00:18:100		6.48340e+06		128.144		75.5601		2.40604e+06		1.16183		295.717		
00:00:18:000		1.34745e+07		-2.39141		2.74926		567.645		6.60187e+06		472.704			00:00:18:000		6.48826e+06		127.672		75.5601		2.40604e+06		1.16183		295.764		
00:00:17:899		1.34866e+07		-2.37515		2.75296		567.728		6.6069e+06		473.396			00:00:17:899		6.49306e+06		127.672		74.9727		2.36175e+06		1.15597		295.81		
00:00:17:699		1.35109e+07		-2.34254		2.76029		567.874		6.61689e+06		474.72			00:00:17:699		6.5026e+06		127.194		74.3985		2.31665e+06		1.15011		295.905		
00:00:17:600		1.35231e+07		-2.3262		2.76345		567.931		6.62185e+06		475.343			00:00:17:600		6.50736e+06		127.194		74.3985		2.31665e+06		1.15011		295.952		
00:00:17:600		1.35231e+07		-2.3262		2.76345		567.931		6.62185e+06		475.343			00:00:17:600		6.50736e+06		127.194		74.3985		2.31665e+06		1.15011		295.952		
00:00:17:500		1.35353e+07		-2.30983		2.76696		567.979		6.62679e+06		475.948			00:00:17:500		6.5121e+06		126.708		74.3985		2.31665e+06		1.15011		295.999		
00:00:17:399		1.35475e+07		-2.29345		2.77131		568.017		6.63171e+06		476.534			00:00:17:399		6.51684e+06		126.708		73.8347		2.27081e+06		1.14424		296.045		
00:00:17:300		1.35597e+07		-2.27703		2.77684		568.041		6.63662e+06		477.12			00:00:17:300		6.52157e+06		126.708		73.8347		2.27081e+06		1.14424		296.09		
00:00:17:199		1.35719e+07		-2.26059		2.78126		568.053		6.64151e+06		477.704			00:00:17:199		6.52629e+06		126.217		73.2649		2.2243e+06		1.13836		296.137		
00:00:17:100		1.3584e+07		-2.24413		2.78609		568.056		6.6464e+06		478.3			00:00:17:100		6.53099e+06		126.217		73.2649		2.2243e+06		1.13836		296.186		
00:00:17:000		1.35962e+07		-2.22765		2.81983		568.044		6.65129e+06		478.912			00:00:17:000		6.53569e+06		125.722		73.2649		2.2243e+06		1.13836		296.237		
00:00:16:899		1.36084e+07		-2.21115		2.90648		568.018		6.65617e+06		479.538			00:00:16:899		6.54036e+06		125.722		72.6892		2.17721e+06		1.12222		296.294		
00:00:16:699		1.36327e+07		-2.17816		2.80812		567.931		6.66586e+06		480.774			00:00:16:699		6.54965e+06		125.222		72.1079		2.12954e+06		1.10605		296.395		
00:00:16:600		1.36448e+07		-2.16165		2.81192		567.869		6.67067e+06		481.371			00:00:16:600		6.55427e+06		125.222		72.1079		2.12954e+06		1.10605		296.456		
00:00:16:600		1.36448e+07		-2.16165		2.81192		567.869		6.67067e+06		481.371			00:00:16:600		6.55427e+06		125.222		72.1079		2.12954e+06		1.10605		296.456		
00:00:16:500		1.3657e+07		-2.14513		2.81568		567.791		6.67546e+06		481.967			00:00:16:500		6.55887e+06		124.722		72.1079		2.12954e+06		1.10605		296.518		
00:00:16:399		1.36691e+07		-2.12862		2.81936		567.7		6.68023e+06		482.565			00:00:16:399		6.56344e+06		124.722		71.5211		2.08135e+06		1.08984		296.58		
00:00:16:300		1.36812e+07		-2.11212		2.82291		567.595		6.68498e+06		483.168			00:00:16:300		6.568e+06		124.722		71.5211		2.08135e+06		1.08984		296.642		
00:00:16:199		1.36933e+07		-2.09567		2.8262		567.475		6.68971e+06		483.785			00:00:16:199		6.57253e+06		124.222		70.9295		2.03256e+06		1.07358		296.705		
00:00:16:100		1.37053e+07		-2.07925		2.82946		567.343		6.69442e+06		484.418			00:00:16:100		6.57703e+06		124.222		70.9295		2.03256e+06		1.07358		296.766		
00:00:15:949		1.37234e+07		-2.05473		2.8349		567.117		6.70146e+06		485.449			00:00:15:949		6.58372e+06		123.723		70.3333		1.98309e+06		1.05729		296.857		
00:00:15:849		1.37354e+07		-2.03848		2.83868		566.952		6.70614e+06		486.197			00:00:15:849		6.58814e+06		123.723		70.3333		1.98309e+06		1.05729		296.919		
00:00:15:750		1.37474e+07		-2.02231		2.84238		566.775		6.7108e+06		486.986			00:00:15:750		6.59252e+06		123.224		70.3333		1.98309e+06		1.05729		296.982		
00:00:15:650		1.37594e+07		-2.00623		2.84603		566.59		6.71545e+06		487.81			00:00:15:650		6.59686e+06		123.224		69.7331		1.93287e+06		1.04095		297.046		
00:00:15:650		1.37594e+07		-2.00623		2.84603		566.59		6.71545e+06		487.81			00:00:15:650		6.59686e+06		123.224		69.7331		1.93287e+06		1.04095		297.046		
00:00:15:500		1.37774e+07		-1.9823		2.85169		566.296		6.72238e+06		489.085			00:00:15:500		6.6033e+06		122.725		69.7331		1.93287e+06		1.04095		297.142		
00:00:15:400		1.37895e+07		-1.96649		2.85563		566.089		6.72695e+06		489.925			00:00:15:400		6.60755e+06		122.725		69.1289		1.88196e+06		1.02458		297.206		
00:00:15:250		1.38076e+07		-1.94298		2.86155		565.768		6.73369e+06		491.071			00:00:15:250		6.61384e+06		122.227		69.1289		1.88196e+06		1.02458		297.306		
00:00:15:150		1.38196e+07		-1.92745		2.86535		565.544		6.73811e+06		491.772			00:00:15:150		6.61799e+06		122.227		68.5206		1.83044e+06		1.00815		297.372		
00:00:15:050		1.38317e+07		-1.91204		2.86908		565.309		6.74247e+06		492.432			00:00:15:050		6.6221e+06		122.227		68.5206		1.83044e+06		1.00815		297.372		
00:00:15:050		1.38317e+07		-1.91204		2.86908		565.309		6.74247e+06		492.432			00:00:15:050		6.6221e+06		122.227		68.5206		1.83044e+06		1.00815		297.44		
00:00:14:949		1.38437e+07		-1.89676		2.87285		565.062		6.74678e+06		493.048			00:00:14:949		6.62619e+06		121.728		67.908		1.77834e+06		0.991686		297.507		
00:00:14:750		1.38679e+07		-1.8666		2.88031		564.537		6.75527e+06		494.172			00:00:14:750		6.63428e+06		121.23		67.908		1.77834e+06		0.991686		297.644		
00:00:14:650		1.388e+07		-1.85174		2.88399		564.253		6.75945e+06		494.683			00:00:14:650		6.6383e+06		121.23		67.2914		1.7254e+06		0.975174		297.714		
00:00:14:650		1.388e+07		-1.85174		2.88399		564.253		6.75945e+06		494.683			00:00:14:650		6.6383e+06		121.23		67.2914		1.7254e+06		0.975174		297.714		
00:00:14:550		1.38922e+07		-1.83702		2.88754		563.954		6.76361e+06		495.179			00:00:14:550		6.6423e+06		121.23		67.2914		1.7254e+06		0.975174		297.784		
00:00:14:449		1.39044e+07		-1.82245		2.89126		563.637		6.76776e+06		495.672			00:00:14:449		6.64628e+06		120.731		66.6714		1.6716e+06		0.958616		297.854		
00:00:14:349		1.39165e+07		-1.808		2.895		563.308		6.77188e+06		496.15			00:00:14:349		6.65025e+06		120.731		66.6714		1.6716e+06		0.958616		297.926		
00:00:14:250		1.39287e+07		-1.79363		2.89873		562.964		6.77597e+06		496.616			00:00:14:250		6.65419e+06		120.233		66.6714		1.6716e+06		0.958616		297.998		
00:00:14:150		1.3941e+07		-1.77934		2.90215		562.596		6.78004e+06		497.074			00:00:14:150		6.65812e+06		120.233		66.0482		1.617e+06		0.942012		298.071		
00:00:14:050		1.39533e+07		-1.76509		2.90568		562.214		6.78409e+06		497.524			00:00:14:050		6.66204e+06		120.233		66.0482		1.617e+06		0.942012		298.143		
00:00:13:949		1.39658e+07		-1.75086		2.90896		561.813		6.78813e+06		497.993			00:00:13:949		6.66593e+06		119.734		65.4221		1.56162e+06		0.925363		298.216		
00:00:13:849		1.39783e+07		-1.73663		2.91183		561.4		6.79216e+06		498.48			00:00:13:849		6.66981e+06		119.734		65.4221		1.56162e+06		0.925363		298.288		
00:00:13:650		1.40039e+07		-1.70809		2.91769		560.531		6.80018e+06		499.605			00:00:13:650		6.67745e+06		119.234		64.7938		1.50543e+06		0.908669		298.427		
00:00:13:650		1.40039e+07		-1.70809		2.91769		560.531		6.80018e+06		499.605			00:00:13:650		6.67745e+06		119.234		64.7938		1.50543e+06		0.908669		298.427		
00:00:13:550		1.4017e+07		-1.69373		2.92182		560.082		6.80416e+06		500.239			00:00:13:550		6.6812e+06		119.234		64.7938		1.50543e+06		0.908669		298.495		
00:00:13:449		1.40304e+07		-1.67929		2.92597		559.629		6.80811e+06		500.893			00:00:13:449		6.68490e+06		118.733		64.1632		1.44828e+06		0.891929		298.563		
00:00:13:349		1.40441e+07		-1.66475		2.93		559.172		6.81199e+06		501.483			00:00:13:349		6.68855e+06		118.733		64.1632		1.44828e+06		0.891929		298.633		
00:00:13:250		1.40582e+07		-1.65013		2.93418		558.713		6.81579e+06		502.009			00:00:13:250		6.69214e+06		118.231		64.1632		1.39015e+06		0.891929		298.705		
00:00:13:099		1.40801e+07		-1.62809		2.94035		558.014		6.82133e+06		502.675			00:00:13:099		6.69745e+06		118.231		63.5304		1.39015e+06		0.875143		298.815		
00:00:13:000		1.40947e+07		-1.61332		2.94433		557.543		6.82495e+06		503.058			00:00:13:000		6.70093e+06		117.728		63.5304		1.39015e+06		0.875143		298.891		
00:00:12:900		1.41093e+07		-1.59847		2.94792		557.065		6.82851e+06		503.413			00:00:12:900		6.70439e+06		117.728		62.8951		1.33111e+06		0.858309		298.968		
00:00:12:750		1.4131e+07		-1.576		2.95363		556.339		6.83376e+06		503.868			00:00:12:750		6.70951e+06		117.224		62.8951		1.33111e+06		0.858309		299.086		
00:00:12:650		1.41452e+07		-1.56085		2.95741		555.846		6.83721e+06		504.145			00:00:12:650		6.71289e+06		117.224		62.2566		1.27097e+06		0.841425		299.165		
00:00:12:650		1.41452e+07		-1.56085		2.95741		555.846		6.83721e+06		504.145			00:00:12:650		6.71289e+06		117.224		62.2566		1.27097e+06		0.841425		299.165		
00:00:12:500		1.41656e+07		-1.53777		2.9627		555.084		6.84232e+06		504.529			00:00:12:500		6.71791e+06		116.718		62.2566		1.27097e+06		0.841425		299.285		
00:00:12:449		1.4172e+07		-1.52996		2.96459		554.824		6.84402e+06		504.649			00:00:12:449		6.71958e+06		116.718		61.615		1.20965e+06		0.824493		299.326		
00:00:12:300		1.41898e+07		-1.50628		2.96982		554.023		6.84907e+06		505.047			00:00:12:300		6.72455e+06		116.718		61.615		1.20965e+06		0.824493		299.448		
00:00:12:199		1.42011e+07		-1.4904		2.97322		553.47		6.85243e+06		505.326			00:00:12:199		6.72785e+06		116.21		60.971		1.14725e+06		0.80751		299.531		
00:00:12:099		1.42122e+07		-1.47445		2.9766		552.902		6.85578e+06		505.611			00:00:12:099		6.73113e+06		116.21		60.971		1.14725e+06		0.80751		299.614		
00:00:12:000		1.42229e+07		-1.45851		2.97991		552.319		6.85911e+06		505.911			00:00:12:000		6.73438e+06		115.699		60.971		1.14725e+06		0.80751		299.697		
00:00:11:900		1.42339e+07		-1.44259		2.98338		551.72		6.86243e+06		506.231			00:00:11:900		6.73762e+06		115.699		60.3251		1.08371e+06		0.790478		299.781		
00:00:11:800		1.42447e+07		-1.42663		2.98636		551.111		6.86574e+06		506.577			00:00:11:800		6.74083e+06		115.699		60.3251		1.08371e+06		0.790478		299.864		
00:00:11:599		1.42663e+07		-1.39471		2.99182		549.861		6.87231e+06		507.377			00:00:11:599		6.74715e+06		115.185		59.6773		1.01881e+06		0.773397		300.027		
00:00:11:599		1.42663e+07		-1.39471		2.99182		549.861		6.87231e+06		507.377			00:00:11:599		6.74715e+06		115.185		59.6773		1.01881e+06		0.773397		300.027		
00:00:11:500		1.42772e+07		-1.37877		2.99475		549.231		6.87557e+06		507.845			00:00:11:500		6.75026e+06		114.667		59.6773		1.01881e+06		0.773397		300.105		
00:00:11:400		1.42879e+07		-1.36282		2.99774		548.6		6.8788e+06		508.338			00:00:11:400		6.7533e+06		114.667		59.0278		952523		0.756272		300.179		
00:00:11:300		1.42986e+07		-1.34682		3.00163		547.972		6.88195e+06		508.81			00:00:11:300		6.75627e+06		114.667		59.0278		952523		0.756272		300.252		
00:00:11:199		1.43091e+07		-1.3308		3.00638		547.347		6.88502e+06		509.259			00:00:11:199		6.75916e+06		114.145		58.3775		884814		0.739102		300.325		
00:00:11:099		1.43197e+07		-1.31477		3.01088		546.724		6.88802e+06		509.686			00:00:11:099		6.76199e+06		114.145		58.3775		884814		0.739102		300.4		
00:00:11:000		1.43304e+07		-1.29884		3.01529		546.106		6.89095e+06		510.13			00:00:11:000		6.76476e+06		113.619		58.3775		884814		0.739102		300.478		
00:00:10:900		1.43414e+07		-1.28289		3.01946		545.486		6.89383e+06		510.563			00:00:10:900		6.76747e+06		113.619		57.727		815848		0.721883		300.558		
00:00:10:699		1.43631e+07		-1.2509		3.02766		544.263		6.89944e+06		511.478			00:00:10:699		6.77275e+06		113.087		57.0772		746726		0.704615		300.722		
00:00:10:599		1.43738e+07		-1.23486		3.03151		543.657		6.9022e+06		511.956			00:00:10:599		6.77532e+06		113.087		57.0772		746726		0.704615		300.806		
00:00:10:599		1.43738e+07		-1.23486		3.03151		543.657		6.9022e+06		511.956			00:00:10:599		6.77532e+06		113.087		57.0772		746726		0.704615		300.806		
00:00:10:449		1.43899e+07		-1.21075		3.03736		542.748		6.90627e+06		512.722			00:00:10:449		6.7791e+06		112.547		56.4287		680825		0.687296		300.934		
00:00:10:349		1.44004e+07		-1.19464		3.04104		542.149		6.90896e+06		513.263			00:00:10:349		6.78157e+06		112.547		56.4287		680825		0.687296		301.021		
00:00:10:250		1.44108e+07		-1.1785		3.04473		541.548		6.91162e+06		513.838			00:00:10:250		6.78401e+06		111.995		56.4287		680825		0.687296		301.108		
00:00:10:150		1.44211e+07		-1.16232		3.04853		540.955		6.91427e+06		514.456			00:00:10:150		6.78641e+06		111.995		55.7816		630863		0.669926		301.197		
00:00:10:050		1.44311e+07		-1.1461		3.05173		540.368		6.91691e+06		515.112			00:00:10:050		6.78879e+06		111.995		55.7816		630863		0.669926		301.286		
00:00:10:050		1.44311e+07		-1.1461		3.05173		540.368		6.91691e+06		515.112			00:00:10:050		6.78879e+06		111.995		55.7816		630863		0.669926		301.286		
00:00:09:949		1.44408e+07		-1.12984		3.05464		539.79		6.91954e+06		515.823			00:00:09:949		6.79113e+06		111.42		55.1357		593638		0.652502		301.376		
00:00:09:849		1.44502e+07		-1.1136		3.0573		539.23		6.92216e+06		516.574			00:00:09:849		6.79342e+06		111.42		55.1357		593638		0.652502		301.465		
00:00:09:699		1.44647e+07		-1.08938		3.06119		538.433		6.92605e+06		517.783			00:00:09:699		6.79679e+06		110.784		54.4885		555845		0.635023		301.595		
00:00:09:599		1.4475e+07		-1.0733		3.06428		537.94		6.92858e+06		518.594			00:00:09:599		6.79895e+06		110.784		54.4885		555845		0.635023		301.679		
00:00:09:500		1.44854e+07		-1.05713		3.06803		537.479		6.93103e+06		519.315			00:00:09:500		6.80104e+06		110.545		54.4885		555845		0.635023		301.762		
00:00:09:349		1.45e+07		-1.03276		3.07422		536.84		6.9344e+06		520.012			00:00:09:349		6.80404e+06		110.545		53.8378		518181		0.617492		301.886		
00:00:09:250		1.45093e+07		-1.0164		3.07824		536.442		6.93641e+06		520.178			00:00:09:250		6.80595e+06		110.297		53.8378		518181		0.617492		301.97		
00:00:09:150		1.45184e+07		-1.00001		3.0819		536.049		6.93824e+06		519.961			00:00:09:150		6.80783e+06		110.297		53.1818		480742		0.599908		302.056		
00:00:09:050		1.4527e+07		-0.983516		3.08507		535.659		6.93988e+06		519.429			00:00:09:050		6.80973e+06		110.297		53.1818		480742		0.599908		302.142		
00:00:09:050		1.4527e+07		-0.983516		3.08507		535.659		6.93988e+06		519.429			00:00:09:050		6.80973e+06		110.297		53.1818		480742		0.599908		302.142		
00:00:08:949		1.45344e+07		-0.967018		3.08796		535.273		6.94164e+06		519.271			00:00:08:949		6.81173e+06		110.04		52.5219		443688		0.582274		302.227		
00:00:08:849		1.45418e+07		-0.950668		3.09043		534.897		6.94356e+06		519.189			00:00:08:849		6.81372e+06		110.04		52.5219		443688		0.582274		302.309		
00:00:08:650		1.45577e+07		-0.918481		3.09562		534.169		6.94727e+06		519.136			00:00:08:650		6.81755e+06		109.773		51.8601		407040		0.564592		302.461		
00:00:08:650		1.45577e+07		-0.918481		3.09562		534.169		6.94727e+06		519.136			00:00:08:650		6.81755e+06		109.773		51.8601		407040		0.564592		302.461		
00:00:08:550		1.45665e+07		-0.90269		3.10024		533.811		6.94909e+06		519.239			00:00:08:550		6.81937e+06		109.773		51.8601		407040		0.564592		302.535		
00:00:08:449		1.4576e+07		-0.887099		3.10488		533.451		6.95091e+06		519.459			00:00:08:449		6.82114e+06		109.497		51.1976		370895		0.54686		302.612		
00:00:08:349		1.45863e+07		-0.871656		3.10973		533.083		6.95274e+06		519.825			00:00:08:349		6.82285e+06		109.497		51.1976		370895		0.54686		302.692		
00:00:08:250		1.45969e+07		-0.856249		3.11439		532.717		6.95459e+06		520.351			00:00:08:250		6.8245e+06		109.21		51.1976		370895		0.54686		302.775		
00:00:08:150		1.46074e+07		-0.840868		3.11849		532.342		6.95648e+06		521.043			00:00:08:150		6.82611e+06		109.21		50.5357		335376		0.529074		302.86		
00:00:08:050		1.46179e+07		-0.825505		3.12223		531.975		6.95838e+06		521.888			00:00:08:050		6.82766e+06		109.21		50.5357		335376		0.529074		302.947		
00:00:07:849		1.46387e+07		-0.79484		3.1293		531.274		6.96226e+06		524.009			00:00:07:849		6.83058e+06		108.914		49.8766		300632		0.511232		303.125		
00:00:07:849		1.46387e+07		-0.79484		3.1293		531.274		6.96226e+06		524.009			00:00:07:849		6.83058e+06		108.914		49.8766		300632		0.511232		303.125		
00:00:07:599		1.46646e+07		-0.756626		3.13549		530.635		6.96711e+06		527.478			00:00:07:599		6.83382e+06		108.607		49.2235		266836		0.49333		303.349		
00:00:07:599		1.46646e+07		-0.756626		3.13549		530.635		6.96711e+06		527.478			00:00:07:599		6.83382e+06		108.607		49.2235		266836		0.49333		303.349		
00:00:07:549		1.46698e+07		-0.748998		3.13678		530.559		6.96807e+06		528.249			00:00:07:549		6.8344e+06		108.607		49.2235		266836		0.49333		303.394		
00:00:07:450		1.46801e+07		-0.733756		3.14048		530.477		6.96992e+06		529.842			00:00:07:450		6.83546e+06		108.29		48.5786		234317		0.475369		303.482		
00:00:07:349		1.46903e+07		-0.718533		3.14618		530.48		6.97164e+06		531.387			00:00:07:349		6.83638e+06		108.29		48.5786		234317		0.475369		303.569		
00:00:07:250		1.47006e+07		-0.703333		3.15165		530.559		6.97318e+06		532.897			00:00:07:250		6.83714e+06		107.963		48.5786		234317		0.475369		303.66		
00:00:07:150		1.47108e+07		-0.688159		3.15571		530.661		6.97455e+06		534.419			00:00:07:150		6.83773e+06		107.963		47.9441		203568		0.457346		303.755		
00:00:07:049		1.4721e+07		-0.67303		3.15792		530.725		6.97576e+06		535.921			00:00:07:049		6.83814e+06		107.963		47.9441		203568		0.457346		303.853		
00:00:06:950		1.47312e+07		-0.657937		3.16061		530.677		6.9768e+06		537.238			00:00:06:950		6.83846e+06		107.626		47.323		174957		0.439255		303.955		
00:00:06:849		1.47413e+07		-0.642883		3.16517		530.493		6.97764e+06		537.745			00:00:06:849		6.83891e+06		107.626		47.323		174957		0.439255		304.059		
00:00:06:650		1.47615e+07		-0.612905		3.17386		529.952		6.97867e+06		528.692			00:00:06:650		6.84357e+06		107.281		46.7185		148764		0.421093		304.276		
00:00:06:650		1.47615e+07		-0.612905		3.17386		529.952		6.97867e+06		528.692			00:00:06:650		6.84357e+06		107.281		46.7185		148764		0.421093		304.276		
00:00:06:549		1.47716e+07		-0.597985		3.17353		529.682		6.97904e+06		516.428			00:00:06:549		6.84967e+06		107.281		46.7185		148764		0.421093		304.388		
00:00:06:450		1.47816e+07		-0.583124		3.17399		529.415		6.97954e+06		514.186			00:00:06:450		6.85328e+06		106.929		46.1342		125304		0.402859		304.501		
00:00:06:299		1.47966e+07		-0.560937		3.18225		529.085		6.98023e+06		519.748			00:00:06:299		6.8511e+06		106.929		46.1342		125304		0.402859		304.677		
00:00:06:200		1.48065e+07		-0.546219		3.18837		528.915		6.98051e+06		523.134			00:00:06:200		6.84964e+06		106.573		45.5722		104986		0.384551		304.794		
00:00:06:099		1.48165e+07		-0.531558		3.18942		528.79		6.9807e+06		526.363			00:00:06:099		6.84816e+06		106.573		45.5722		104986		0.384551		304.912		
00:00:06:000		1.48263e+07		-0.516962		3.1849		528.697		6.98083e+06		529.469			00:00:06:000		6.84668e+06		106.215		45.5722		104986		0.384551		305.032		
00:00:05:900		1.48362e+07		-0.502437		3.18327		528.635		6.98089e+06		532.491			00:00:05:900		6.84518e+06		106.215		45.0357		87476.6		0.366166		305.154		
00:00:05:799		1.4846e+07		-0.487985		3.19099		528.587		6.9809e+06		535.338			00:00:05:799		6.84369e+06		106.215		45.0357		87476.6		0.366166		305.275		
00:00:05:700		1.48558e+07		-0.473609		3.20178		528.548		6.98084e+06		537.826			00:00:05:700		6.84227e+06		105.853		44.5262		72225.1		0.347705		305.397		
00:00:05:599		1.48656e+07		-0.459311		3.20409		528.52		6.98071e+06		539.34			00:00:05:599		6.84117e+06		105.853		44.5262		72225.1		0.347705		305.52		
00:00:05:500		1.48754e+07		-0.445095		3.19248		528.5		6.98049e+06		539.489			00:00:05:500		6.84068e+06		105.517		44.5262		72225.1		0.347705		305.643		
00:00:05:400		1.48851e+07		-0.43096		3.18523		528.494		6.98019e+06		539.581			00:00:05:400		6.8403e+06		105.517		44.0455		59173.9		0.329166		305.766		
00:00:05:299		1.48949e+07		-0.416905		3.19473		528.494		6.97982e+06		539.634			00:00:05:299		6.83987e+06		105.517		44.0455		59173.9		0.329166		305.892		
00:00:05:200		1.49046e+07		-0.402926		3.21659		528.498		6.97938e+06		539.647			00:00:05:200		6.83939e+06		105.174		43.5962		48187.1		0.310548		306.018		
00:00:05:099		1.49144e+07		-0.389037		3.22572		528.515		6.97888e+06		539.617			00:00:05:099		6.83888e+06		105.174		43.5962		48187.1		0.310548		306.145		
00:00:05:000		1.49241e+07		-0.375237		3.20244		528.533		6.97832e+06		539.545			00:00:05:000		6.83832e+06		104.827		43.5962		48187.1		0.310548		306.273		
00:00:04:900		1.49339e+07		-0.361526		3.17838		528.561		6.97771e+06		539.452			00:00:04:900		6.83774e+06		104.827		43.1816		39168.4		0.291849		306.4		
00:00:04:700		1.49534e+07		-0.334412		3.23071		528.631		6.97638e+06		539.158			00:00:04:700		6.83649e+06		104.475		42.8039		31568.6		0.27307		306.654		
00:00:04:599		1.49632e+07		-0.320999		3.2554		528.67		6.97566e+06		538.972			00:00:04:599		6.83584e+06		104.475		42.8039		31568.6		0.27307		306.78		
00:00:04:599		1.49632e+07		-0.320999		3.2554		528.67		6.97566e+06		538.972			00:00:04:599		6.83584e+06		104.475		42.8039		31568.6		0.27307		306.78		
00:00:04:500		1.4973e+07		-0.307668		3.21342		528.718		6.97491e+06		538.761			00:00:04:500		6.83518e+06		104.12		42.8039		31568.6		0.27307		306.905		
00:00:04:349		1.49881e+07		-0.287804		3.13895		528.801		6.97376e+06		538.403			00:00:04:349		6.83417e+06		104.12		42.4564		24793		0.254211		307.09		
00:00:04:250		1.49982e+07		-0.274659		3.19683		528.858		6.97298e+06		538.137			00:00:04:250		6.83350e+06		103.791		42.4564		24793		0.254211		307.212		
00:00:04:150		1.50086e+07		-0.261608		3.28269		528.919		6.9722e+06		537.857			00:00:04:150		6.83284e+06		103.791		42.1		18712.8		0.235275		307.333		
00:00:04:049		1.50192e+07		-0.248616		3.30563		528.985		6.97141e+06		537.553			00:00:04:049		6.83219e+06		103.791		42.1		18712.8		0.235275		307.453		
00:00:03:950		1.503e+07		-0.235669		3.17736		529.055		6.97063e+06		537.229			00:00:03:950		6.83156e+06		103.451		41.6972		13485.7		0.216264		307.572		
00:00:03:950		1.503e+07		-0.235669		3.17736		529.055		6.97063e+06		537.229			00:00:03:950		6.83156e+06		103.451		41.6972		13485.7		0.216264		307.572		
00:00:03:850		1.50411e+07		-0.222739		3.06664		529.129		6.96986e+06		536.885			00:00:03:850		6.83095e+06		103.451		41.6972		13485.7		0.216264		307.69		
00:00:03:649		1.50637e+07		-0.196532		3.33934		529.286		6.96839e+06		536.154			00:00:03:649		6.82983e+06		103.101		41.2541		9120.01		0.19718		307.919		
00:00:03:549		1.50731e+07		-0.183045		3.53024		529.367		6.9677e+06		535.758			00:00:03:549		6.82932e+06		103.101		41.2541		9120.01		0.19718		308.03		
00:00:03:549		1.50731e+07		-0.183045		3.53024		529.367		6.9677e+06		535.758			00:00:03:549		6.82932e+06		103.101		41.2541		9120.01		0.19718		308.03		
00:00:03:450		1.50811e+07		-0.169544		3.72236		529.448		6.96704e+06		535.349			00:00:03:450		6.82887e+06		102.736		40.7676		5535.27		0.178026		308.14		
00:00:03:350		1.50891e+07		-0.156068		3.91573		529.531		6.96643e+06		534.926			00:00:03:350		6.82847e+06		102.736		40.7676		5535.27		0.178026		308.247		
00:00:03:250		1.50969e+07		-0.142611		4.10956		529.61		6.96587e+06		534.49			00:00:03:250		6.82813e+06		102.413		40.7676		5535.27		0.178026		308.352		
00:00:03:149		1.51047e+07		-0.129171		4.30346		529.687		6.96536e+06		534.054			00:00:03:149		6.82784e+06		102.413		40.21		2895.61		0.158805		308.454		
00:00:02:950		1.51202e+07		-0.102324		4.6771		529.842		6.96453e+06		533.136			00:00:02:950		6.82748e+06		102.08		39.6019		1220.2		0.139521		308.654		
00:00:02:950		1.51202e+07		-0.102324		4.6771		529.842		6.96453e+06		533.136			00:00:02:950		6.82748e+06		102.08		39.6019		1220.2		0.139521		308.654		
00:00:02:850		1.51279e+07		-0.0889201		4.75184		529.91		6.96422e+06		532.677			00:00:02:850		6.82741e+06		102.08		39.6019		1220.2		0.139521		308.754		
00:00:02:649		1.51437e+07		-0.0621352		4.33832		530.031		6.96378e+06		531.78			00:00:02:649		6.82744e+06		101.74		38.9908		369.082		0.120175		308.947		
00:00:02:649		1.51437e+07		-0.0621352		4.33832		530.031		6.96378e+06		531.78			00:00:02:649		6.82744e+06		101.74		38.9908		369.082		0.120175		308.947		
00:00:02:549		1.51521e+07		-0.0487165		4.13478		530.083		6.96365e+06		531.348			00:00:02:549		6.82755e+06		101.74		38.9908		369.082		0.120175		309.033		
00:00:02:450		1.51608e+07		-0.0352831		3.93116		530.129		6.96359e+06		530.918			00:00:02:450		6.82772e+06		101.4		38.4261		61.3352		0.10076		309.101		
00:00:02:350		1.51702e+07		-0.0218205		3.73101		530.164		6.96358e+06		530.499			00:00:02:350		6.82794e+06		101.4		38.4261		61.3352		0.10076		309.147		
00:00:02:250		1.51802e+07		-0.00830173		3.53505		530.192		6.96362e+06		530.073			00:00:02:250		6.8282e+06		101.065		38.4261		61.3352		0.10076		309.168		
00:00:02:149		1.51911e+07		0.00529957		3.3488		530.21		6.96369e+06		529.657			00:00:02:149		6.8285e+06		101.065		37.9284		0		0.0812538		309.161		
00:00:02:049		1.5203e+07		0.0190272		3.26477		530.223		6.9638e+06		529.23			00:00:02:049		6.82883e+06		101.065		37.9284		0		0.0812538		309.122		
00:00:01:949		1.52159e+07		0.0329313		3.16864		530.225		6.96393e+06		528.823			00:00:01:949		6.82918e+06		100.774		37.4064		0		0.0616384		309.058		
00:00:01:750		1.52453e+07		0.061368		3.13475		530.221		6.96425e+06		528.079			00:00:01:750		6.8299e+06		100.448		37.4064		0		0.0616384		308.872		
00:00:01:649		1.52623e+07		0.0759296		3.36313		530.212		6.96443e+06		527.783			00:00:01:649		6.83024e+06		100.448		36.8525		0		0.0417931		308.783		
00:00:01:649		1.52623e+07		0.0759296		3.36313		530.212		6.96443e+06		527.783			00:00:01:649		6.83024e+06		100.448		36.8525		0		0.0417931		308.783		
00:00:01:550		1.5281e+07		0.0906425		3.72754		530.21		6.96457e+06		527.51			00:00:01:550		6.83052e+06		100.448		36.8525		0		0.0417931		308.729		
00:00:01:399		1.5312e+07		0.113266		3.86778		530.193		6.96471e+06		527.115			00:00:01:399		6.83085e+06		100.09		36.408		0		0.0212553		308.842		
00:00:01:300		1.53369e+07		0.129451		3.88475		530.192		6.96476e+06		526.926			00:00:01:300		6.83101e+06		100.09		36.408		0		0.0212553		308.979		
00:00:01:250		1.53522e+07		0.137804		3.87778		530.192		6.96478e+06		526.849			00:00:01:250		6.83106e+06		99.5821		36.408		0		0.0212553		309.049		
00:00:01:149		1.53894e+07		0.15306		3.85175		530.193		6.96481e+06		526.784			00:00:01:149		6.83114e+06		99.5821		36.3825		0		0		309.182		
00:00:01:050		1.54295e+07		0.164955		3.83536		530.195		6.96485e+06		526.803			00:00:01:050		6.83118e+06		99.5821		36.3825		0		0		309.319		
00:00:00:949		1.5466e+07		0.172241		3.51743		530.197		6.96487e+06		526.823			00:00:00:949		6.83119e+06		100.069		36.3828		0		0		309.538		
00:00:00:800		1.54786e+07		0.172839		2.83574		530.203		6.96486e+06		526.821			00:00:00:800		6.83118e+06		100.069		36.3828		0		0		309.846		
00:00:00:650		1.54786e+07		0.172839		2.83569		530.206		6.96486e+06		526.814			00:00:00:650		6.83117e+06		100.069		36.3831		0		0		309.846		
00:00:00:650		1.54786e+07		0.172839		2.83569		530.206		6.96486e+06		526.814			00:00:00:650		6.83117e+06		100.069		36.3831		0		0		309.846		
00:00:00:550		1.54786e+07		0.17284		2.83569		530.208		6.96485e+06		526.826			00:00:00:550		6.83117e+06		100.069		36.3831		0		0		309.846		
00:00:00:400		1.54786e+07		0.17284		2.83568		530.214		6.96485e+06		526.831			00:00:00:400		6.83117e+06		100.069		36.3834		0		0		309.846		
00:00:00:349		1.54786e+07		0.17284		2.83568		530.216		6.96485e+06		526.844			00:00:00:349		6.83116e+06		100.069		36.3834		0		0		309.846		
00:00:00:200		1.54785e+07		0.17284		2.83572		530.219		6.96484e+06		526.829			00:00:00:200		6.83116e+06		100.069		36.3837		0		0		309.846		
00:00:00:149		1.54785e+07		0.17284		2.83572		530.221		6.96484e+06		526.815			00:00:00:149		6.83116e+06		100.069		36.3837		0		0		309.846		
00:00:00:000		1.54785e+07		0.17284		2.83571		530.225		6.96483e+06		526.826			00:00:00:000		6.83115e+06		100.069		36.3837		0		0		309.846		
00:00:00:000		1.54785e+07		0.17284		2.83571		530.225		6.96483e+06		526.826			00:00:00:000		6.83115e+06		100.069		36.3837		0		0		309.846		
00:00:00:000		1.54785e+07		0.17284		2.83571		530.225		6.96483e+06		526.826			00:00:00:000		6.83115e+06		100.069		36.3837		0		0		309.846		
00:00:00:000		1.54785e+07		0.17284		2.83571		530.225		6.96483e+06		526.826			00:00:00:000		6.83115e+06		100.069		36.3837		0		0		309.846		
00:00:00:000		1.54785e+07		0.17284		2.83571		530.225		6.96483e+06		526.826			00:00:00:000		6.83115e+06		100.069		36.3837		0		0		309.846		
00:00:00:000		1.54785e+07		0.17284		2.83571		530.225		6.96483e+06		526.826			00:00:00:000		6.83115e+06		100.069		36.3837		0		0		309.846		
