	time 		gpv001pnt10113ppntm	evf507ety101mpzoyout	chtcon(1)	chavg(1)	chlhsumpa	rcptavgn			time 		rcpppzr	rcp054rcp007mnzoyout	rcv501std0102fvol	fwfrcp001gv	rcppmssga	msfsg(1)	
00:01:01:600		7.24438e+06		157.899		103.788		4.46334e+06		1.82384		291.046			00:01:01:600		7.6857e+06		-5.85347		0		0		7.24475e+06		12.3846		
00:01:01:549		7.24428e+06		157.899		103.788		4.46334e+06		1.82384		291.045			00:01:01:549		7.68962e+06		-5.85361		0		0		7.24449e+06		4.18917		
00:01:01:399		7.24392e+06		157.694		103.712		4.45393e+06		1.81854		291.043			00:01:01:399		7.70158e+06		-5.85399		0		0		7.24359e+06		-23.6214		
00:01:01:299		7.24382e+06		157.694		103.712		4.45393e+06		1.81854		291.042			00:01:01:299		7.70973e+06		-5.85418		0		0		7.24325e+06		-22.8497		
00:01:01:200		7.24349e+06		157.489		103.635		4.44455e+06		1.81324		291.04			00:01:01:200		7.71802e+06		-5.85433		0		0		7.24325e+06		-6.99193		
00:01:01:149		7.24342e+06		157.489		103.635		4.44455e+06		1.81324		291.039			00:01:01:149		7.72221e+06		-5.85439		0		0		7.24334e+06		4.92483		
00:01:01:049		7.24334e+06		157.489		103.635		4.44455e+06		1.81324		291.038			00:01:01:049		7.73069e+06		-5.85446		0		0		7.24357e+06		19.3076		
00:01:00:950		7.24301e+06		157.286		103.557		4.43524e+06		1.80793		291.037			00:01:00:950		7.73931e+06		-5.85449		0		0		7.24363e+06		24.441		
00:01:00:799		7.24285e+06		157.286		103.557		4.43524e+06		1.80793		291.035			00:01:00:799		7.75248e+06		-5.85447		0		0		7.24314e+06		7.66213		
00:01:00:700		7.24253e+06		157.083		103.48		4.42594e+06		1.80262		291.034			00:01:00:700		7.76142e+06		-5.85441		0		0		7.24251e+06		-15.6543		
00:01:00:600		7.24244e+06		157.083		103.48		4.42594e+06		1.80262		291.032			00:01:00:600		7.77051e+06		-5.85432		0		0		7.24196e+06		-25.0961		
00:01:00:500		7.24223e+06		156.88		103.48		4.42594e+06		1.80262		291.03			00:01:00:500		7.77973e+06		-5.8542		0		0		7.24171e+06		-19.81		
00:01:00:399		7.24190e+06		156.88		103.402		4.4166e+06		1.79731		291.029			00:01:00:399		7.78909e+06		-5.85405		0		0		7.24179e+06		0.577075		
00:01:00:299		7.24186e+06		156.88		103.402		4.4166e+06		1.79731		291.028			00:01:00:299		7.79858e+06		-5.85387		0		0		7.24201e+06		17.3336		
00:01:00:200		7.24154e+06		156.679		103.324		4.40729e+06		1.792		291.027			00:01:00:200		7.80822e+06		-5.85367		0		0		7.24212e+06		25.4727		
00:01:00:100		7.2414e+06		156.679		103.324		4.40729e+06		1.792		291.025			00:01:00:100		7.818e+06		-5.85344		0		0		7.24192e+06		17.2206		
00:01:00:000		7.24122e+06		156.478		103.324		4.40729e+06		1.792		291.024			00:01:00:000		7.82793e+06		-5.85319		0		0		7.2414e+06		2.06223		
00:00:59:950		7.24104e+06		156.478		103.245		4.39798e+06		1.78669		291.023			00:00:59:950		7.83294e+06		-5.85306		0		0		7.24107e+06		-13.7473		
00:00:59:850		7.24087e+06		156.478		103.245		4.39798e+06		1.78669		291.022			00:00:59:850		7.84307e+06		-5.85279		0		0		7.24047e+06		-24.9977		
00:00:59:750		7.2407e+06		156.278		103.245		4.39798e+06		1.78669		291.021			00:00:59:750		7.85334e+06		-5.85251		0		0		7.24014e+06		-22.098		
00:00:59:649		7.24034e+06		156.278		103.166		4.38864e+06		1.78138		291.02			00:00:59:649		7.86375e+06		-5.85222		0		0		7.24017e+06		-4.28282		
00:00:59:549		7.24028e+06		156.278		103.166		4.38864e+06		1.78138		291.019			00:00:59:549		7.87432e+06		-5.85192		0		0		7.24038e+06		15.8958		
00:00:59:450		7.23998e+06		156.079		103.087		4.37933e+06		1.77606		291.018			00:00:59:450		7.88504e+06		-5.8516		0		0		7.24051e+06		25.5536		
00:00:59:350		7.23976e+06		156.079		103.087		4.37933e+06		1.77606		291.017			00:00:59:350		7.89592e+06		-5.85128		0		0		7.24036e+06		19.092		
00:00:59:299		7.23974e+06		156.079		103.087		4.37933e+06		1.77606		291.015			00:00:59:299		7.90695e+06		-5.85096		0		0		7.23987e+06		5.35512		
00:00:59:149		7.23927e+06		155.881		103.007		4.37002e+06		1.77074		291.014			00:00:59:149		7.91813e+06		-5.85063		0		0		7.23919e+06		-18.4873		
00:00:59:049		7.23919e+06		155.881		103.007		4.37002e+06		1.77074		291.013			00:00:59:049		7.92946e+06		-5.8503		0		0		7.23864e+06		-26.13		
00:00:58:950		7.2389e+06		155.684		102.927		4.36075e+06		1.76542		291.012			00:00:58:950		7.94095e+06		-5.84998		0		0		7.23842e+06		-17.4265		
00:00:58:850		7.23862e+06		155.684		102.927		4.36075e+06		1.76542		291.011			00:00:58:850		7.95259e+06		-5.84967		0		0		7.23853e+06		4.36738		
00:00:58:750		7.23851e+06		155.487		102.927		4.36075e+06		1.76542		291.01			00:00:58:750		7.96438e+06		-5.84937		0		0		7.23874e+06		19.7492		
00:00:58:649		7.23816e+06		155.487		102.846		4.35149e+06		1.76009		291.008			00:00:58:649		7.97633e+06		-5.84907		0		0		7.23879e+06		25.2242		
00:00:58:549		7.23806e+06		155.487		102.846		4.35149e+06		1.76009		291.007			00:00:58:549		7.98842e+06		-5.8488		0		0		7.23854e+06		16.1344		
00:00:58:450		7.23782e+06		155.291		102.765		4.34226e+06		1.75477		291.006			00:00:58:450		8.00066e+06		-5.84854		0		0		7.23797e+06		0		
00:00:58:350		7.2375e+06		155.291		102.765		4.34226e+06		1.75477		291.005			00:00:58:350		8.01305e+06		-5.84829		0		0		7.23729e+06		-23.1912		
00:00:58:250		7.23741e+06		155.095		102.765		4.34226e+06		1.75477		291.004			00:00:58:250		8.02561e+06		-5.84805		0		0		7.23682e+06		-25.5112		
00:00:58:149		7.23705e+06		155.095		102.683		4.33304e+06		1.74944		291.002			00:00:58:149		8.03832e+06		-5.84782		0		0		7.23671e+06		-10.7461		
00:00:58:049		7.23689e+06		155.095		102.683		4.33304e+06		1.74944		291.001			00:00:58:049		8.05118e+06		-5.8476		0		0		7.23687e+06		10.6325		
00:00:57:950		7.23668e+06		154.9		102.601		4.32379e+06		1.74411		290.999			00:00:57:950		8.06418e+06		-5.84739		0		0		7.23705e+06		23.0464		
00:00:57:850		7.23631e+06		154.9		102.601		4.32379e+06		1.74411		290.998			00:00:57:850		8.07731e+06		-5.84717		0		0		7.23701e+06		22.938		
00:00:57:750		7.23626e+06		154.705		102.601		4.32379e+06		1.74411		290.996			00:00:57:750		8.09057e+06		-5.84695		0		0		7.23663e+06		12.36		
00:00:57:649		7.23593e+06		154.705		102.518		4.31449e+06		1.73878		290.995			00:00:57:649		8.10397e+06		-5.84672		0		0		7.23598e+06		-11.7314		
00:00:57:500		7.23568e+06		154.511		102.518		4.31449e+06		1.73878		290.992			00:00:57:500		8.1243e+06		-5.84635		0		0		7.2351e+06		-26.2604		
00:00:57:500		7.23568e+06		154.511		102.518		4.31449e+06		1.73878		290.992			00:00:57:500		8.1243e+06		-5.84635		0		0		7.2351e+06		-26.2604		
00:00:57:299		7.2351e+06		154.511		102.435		4.30524e+06		1.73344		290.989			00:00:57:299		8.15183e+06		-5.84579		0		0		7.23506e+06		8.07634		
00:00:57:299		7.2351e+06		154.511		102.435		4.30524e+06		1.73344		290.989			00:00:57:299		8.15183e+06		-5.84579		0		0		7.23506e+06		8.07634		
00:00:57:149		7.23476e+06		154.318		102.352		4.296e+06		1.72811		290.987			00:00:57:149		8.17279e+06		-5.84528		0		0		7.23529e+06		26.1098		
00:00:57:049		7.23450e+06		154.318		102.352		4.296e+06		1.72811		290.985			00:00:57:049		8.1869e+06		-5.8449		0		0		7.23512e+06		19.8576		
00:00:56:950		7.23436e+06		154.125		102.268		4.28664e+06		1.72277		290.983			00:00:56:950		8.20112e+06		-5.84447		0		0		7.23462e+06		6.07361		
00:00:56:850		7.23398e+06		154.125		102.268		4.28664e+06		1.72277		290.981			00:00:56:850		8.21544e+06		-5.844		0		0		7.23392e+06		-18.2413		
00:00:56:750		7.23388e+06		153.932		102.268		4.28664e+06		1.72277		290.979			00:00:56:750		8.22985e+06		-5.84349		0		0		7.23334e+06		-26.7929		
00:00:56:649		7.23359e+06		153.932		102.183		4.27728e+06		1.71743		290.978			00:00:56:649		8.24434e+06		-5.84294		0		0		7.2331e+06		-18.0326		
00:00:56:549		7.23329e+06		153.932		102.183		4.27728e+06		1.71743		290.976			00:00:56:549		8.25893e+06		-5.84235		0		0		7.2332e+06		4.33367		
00:00:56:450		7.23319e+06		153.74		102.098		4.26793e+06		1.71209		290.974			00:00:56:450		8.27361e+06		-5.84173		0		0		7.23341e+06		19.9605		
00:00:56:350		7.23282e+06		153.74		102.098		4.26793e+06		1.71209		290.972			00:00:56:350		8.28839e+06		-5.84107		0		0		7.23346e+06		26.3828		
00:00:56:250		7.23269e+06		153.548		102.098		4.26793e+06		1.71209		290.97			00:00:56:250		8.30325e+06		-5.8404		0		0		7.23319e+06		16.9207		
00:00:56:149		7.23245e+06		153.548		102.013		4.25854e+06		1.70675		290.968			00:00:56:149		8.31821e+06		-5.83972		0		0		7.2326e+06		0		
00:00:56:049		7.23208e+06		153.548		102.013		4.25854e+06		1.70675		290.966			00:00:56:049		8.33326e+06		-5.83906		0		0		7.2319e+06		-23.3511		
00:00:55:899		7.23186e+06		153.356		101.927		4.24912e+06		1.70141		290.963			00:00:55:899		8.35601e+06		-5.83814		0		0		7.23129e+06		-22.2485		
00:00:55:899		7.23186e+06		153.356		101.927		4.24912e+06		1.70141		290.963			00:00:55:899		8.35601e+06		-5.83814		0		0		7.23129e+06		-22.2485		
00:00:55:799		7.23148e+06		153.356		101.927		4.24912e+06		1.70141		290.961			00:00:55:799		8.3713e+06		-5.83761		0		0		7.23135e+06		0		
00:00:55:700		7.23142e+06		153.165		101.84		4.23968e+06		1.69606		290.959			00:00:55:700		8.38673e+06		-5.83716		0		0		7.23157e+06		17.883		
00:00:55:600		7.23108e+06		153.165		101.84		4.23968e+06		1.69606		290.956			00:00:55:600		8.40226e+06		-5.83682		0		0		7.23168e+06		27.3441		
00:00:55:399		7.2307e+06		152.973		101.752		4.23021e+06		1.69072		290.952			00:00:55:399		8.43352e+06		-5.83651		0		0		7.23092e+06		3.95571		
00:00:55:299		7.23031e+06		152.973		101.752		4.23021e+06		1.69072		290.95			00:00:55:299		8.44922e+06		-5.83654		0		0		7.2302e+06		-20.7911		
00:00:55:299		7.23031e+06		152.973		101.752		4.23021e+06		1.69072		290.95			00:00:55:299		8.44922e+06		-5.83654		0		0		7.2302e+06		-20.7911		
00:00:55:200		7.23024e+06		152.782		101.664		4.22078e+06		1.68537		290.947			00:00:55:200		8.46498e+06		-5.83668		0		0		7.22963e+06		-27.8536		
00:00:55:100		7.22992e+06		152.782		101.664		4.22078e+06		1.68537		290.945			00:00:55:100		8.4808e+06		-5.83689		0		0		7.22943e+06		-17.1387		
00:00:55:000		7.22964e+06		152.591		101.664		4.22078e+06		1.68537		290.943			00:00:55:000		8.49668e+06		-5.83715		0		0		7.22957e+06		6.90104		
00:00:54:899		7.22951e+06		152.591		101.576		4.21128e+06		1.68002		290.941			00:00:54:899		8.51259e+06		-5.83744		0		0		7.2298e+06		22.2126		
00:00:54:799		7.22913e+06		152.591		101.576		4.21128e+06		1.68002		290.938			00:00:54:799		8.52854e+06		-5.83776		0		0		7.22984e+06		27.0391		
00:00:54:700		7.22904e+06		152.4		101.486		4.20171e+06		1.67468		290.936			00:00:54:700		8.54452e+06		-5.83809		0		0		7.22953e+06		16.4774		
00:00:54:600		7.22876e+06		152.4		101.486		4.20171e+06		1.67468		290.934			00:00:54:600		8.56054e+06		-5.83845		0		0		7.2289e+06		-5.56835		
00:00:54:399		7.22837e+06		152.209		101.397		4.1921e+06		1.66933		290.929			00:00:54:399		8.59266e+06		-5.83922		0		0		7.22774e+06		-26.3044		
00:00:54:299		7.22799e+06		152.209		101.397		4.1921e+06		1.66933		290.927			00:00:54:299		8.60876e+06		-5.83962		0		0		7.22767e+06		-10.4112		
00:00:54:299		7.22799e+06		152.209		101.397		4.1921e+06		1.66933		290.927			00:00:54:299		8.60876e+06		-5.83962		0		0		7.22767e+06		-10.4112		
00:00:54:200		7.22787e+06		152.019		101.306		4.18254e+06		1.66398		290.924			00:00:54:200		8.62487e+06		-5.84004		0		0		7.22787e+06		12.2799		
00:00:54:100		7.22765e+06		152.019		101.306		4.18254e+06		1.66398		290.922			00:00:54:100		8.64098e+06		-5.84047		0		0		7.22807e+06		25.1926		
00:00:54:000		7.2273e+06		151.828		101.306		4.18254e+06		1.66398		290.919			00:00:54:000		8.65709e+06		-5.84091		0		0		7.22801e+06		23.7555		
00:00:53:899		7.22724e+06		151.828		101.215		4.17291e+06		1.65864		290.917			00:00:53:899		8.67321e+06		-5.84135		0		0		7.22761e+06		11.9434		
00:00:53:799		7.2269e+06		151.828		101.215		4.17291e+06		1.65864		290.914			00:00:53:799		8.68934e+06		-5.84179		0		0		7.22692e+06		-14.8149		
00:00:53:700		7.22672e+06		151.637		101.123		4.16328e+06		1.65329		290.912			00:00:53:700		8.70547e+06		-5.84224		0		0		7.22627e+06		-27.5533		
00:00:53:600		7.22653e+06		151.637		101.123		4.16328e+06		1.65329		290.909			00:00:53:600		8.72162e+06		-5.84268		0		0		7.22593e+06		-23.6591		
00:00:53:399		7.22610e+06		151.447		101.031		4.15359e+06		1.64794		290.904			00:00:53:399		8.75405e+06		-5.84353		0		0		7.22622e+06		17.6345		
00:00:53:299		7.22578e+06		151.447		101.031		4.15359e+06		1.64794		290.901			00:00:53:299		8.77028e+06		-5.84393		0		0		7.22637e+06		28.0377		
00:00:53:299		7.22578e+06		151.447		101.031		4.15359e+06		1.64794		290.901			00:00:53:299		8.77028e+06		-5.84393		0		0		7.22637e+06		28.0377		
00:00:53:200		7.22556e+06		151.256		100.937		4.14389e+06		1.64259		290.899			00:00:53:200		8.78649e+06		-5.84429		0		0		7.22619e+06		20.3142		
00:00:53:100		7.22542e+06		151.256		100.937		4.14389e+06		1.64259		290.896			00:00:53:100		8.80269e+06		-5.84461		0		0		7.22566e+06		4.8		
00:00:53:000		7.22504e+06		151.065		100.937		4.14389e+06		1.64259		290.894			00:00:53:000		8.81886e+06		-5.84489		0		0		7.22494e+06		-20.5632		
00:00:52:899		7.22498e+06		151.065		100.843		4.13421e+06		1.63724		290.891			00:00:52:899		8.83499e+06		-5.84515		0		0		7.22437e+06		-28.771		
00:00:52:750		7.22449e+06		150.875		100.843		4.13421e+06		1.63724		290.888			00:00:52:750		8.85909e+06		-5.84547		0		0		7.22421e+06		-7.90719		
00:00:52:649		7.22442e+06		150.875		100.749		4.12442e+06		1.6319		290.885			00:00:52:649		8.87511e+06		-5.84564		0		0		7.22446e+06		15.0887		
00:00:52:549		7.22414e+06		150.875		100.749		4.12442e+06		1.6319		290.883			00:00:52:549		8.89108e+06		-5.8458		0		0		7.22465e+06		27.4069		
00:00:52:450		7.22385e+06		150.684		100.654		4.11454e+06		1.62655		290.881			00:00:52:450		8.90701e+06		-5.84594		0		0		7.22456e+06		23.1095		
00:00:52:350		7.22377e+06		150.684		100.654		4.11454e+06		1.62655		290.878			00:00:52:350		8.92289e+06		-5.84607		0		0		7.22409e+06		8.64179		
00:00:52:250		7.2234e+06		150.494		100.654		4.11454e+06		1.62655		290.876			00:00:52:250		8.93872e+06		-5.84619		0		0		7.22338e+06		-17.3056		
00:00:52:149		7.2233e+06		150.494		100.557		4.10471e+06		1.6212		290.873			00:00:52:149		8.9545e+06		-5.84632		0		0		7.22277e+06		-28.6444		
00:00:52:049		7.22308e+06		150.494		100.557		4.10471e+06		1.6212		290.87			00:00:52:049		8.97022e+06		-5.84647		0		0		7.22249e+06		-22.3066		
00:00:51:950		7.22272e+06		150.304		100.461		4.09489e+06		1.61585		290.868			00:00:51:950		8.98588e+06		-5.84664		0		0		7.2226e+06		0.608969		
00:00:51:850		7.22268e+06		150.304		100.461		4.09489e+06		1.61585		290.865			00:00:51:850		9.00143e+06		-5.84683		0		0		7.22285e+06		19.5912		
00:00:51:750		7.22233e+06		150.114		100.461		4.09489e+06		1.61585		290.863			00:00:51:750		9.01684e+06		-5.84707		0		0		7.22298e+06		29.1219		
00:00:51:649		7.22216e+06		150.114		100.363		4.08504e+06		1.6105		290.86			00:00:51:649		9.03214e+06		-5.84735		0		0		7.22276e+06		19.7393		
00:00:51:549		7.22198e+06		150.114		100.363		4.08504e+06		1.6105		290.858			00:00:51:549		9.04737e+06		-5.84768		0		0		7.22219e+06		2.53481		
00:00:51:450		7.2216e+06		149.923		100.265		4.07508e+06		1.60515		290.856			00:00:51:450		9.06251e+06		-5.84807		0		0		7.22145e+06		-22.4467		
00:00:51:350		7.22156e+06		149.923		100.265		4.07508e+06		1.60515		290.854			00:00:51:350		9.0776e+06		-5.8485		0		0		7.22092e+06		-28.7986		
00:00:51:250		7.22122e+06		149.733		100.265		4.07508e+06		1.60515		290.852			00:00:51:250		9.09266e+06		-5.84896		0		0		7.22078e+06		-15.1968		
00:00:51:149		7.221e+06		149.733		100.165		4.06511e+06		1.5998		290.85			00:00:51:149		9.10771e+06		-5.84942		0		0		7.22097e+06		9.89537		
00:00:51:049		7.22086e+06		149.733		100.165		4.06511e+06		1.5998		290.848			00:00:51:049		9.12272e+06		-5.84987		0		0		7.22122e+06		24.7571		
00:00:50:950		7.22047e+06		149.544		100.065		4.05516e+06		1.59445		290.846			00:00:50:950		9.13766e+06		-5.85031		0		0		7.22125e+06		28.1606		
00:00:50:850		7.22042e+06		149.544		100.065		4.05516e+06		1.59445		290.844			00:00:50:850		9.15254e+06		-5.85073		0		0		7.22089e+06		15.7645		
00:00:50:750		7.22012e+06		149.354		100.065		4.05516e+06		1.59445		290.842			00:00:50:750		9.16734e+06		-5.85114		0		0		7.22021e+06		-9.52138		
00:00:50:649		7.21986e+06		149.354		99.9646		4.04509e+06		1.5891		290.84			00:00:50:649		9.18208e+06		-5.85153		0		0		7.2195e+06		-28.3658		
00:00:50:649		7.21986e+06		149.354		99.9646		4.04509e+06		1.5891		290.84			00:00:50:649		9.18208e+06		-5.85153		0		0		7.2195e+06		-28.3658		
00:00:50:500		7.21957e+06		149.164		99.9646		4.04509e+06		1.5891		290.838			00:00:50:500		9.20405e+06		-5.85207		0		0		7.21903e+06		-19.3036		
00:00:50:350		7.21929e+06		149.164		99.863		4.03502e+06		1.58375		290.835			00:00:50:350		9.22586e+06		-5.85255		0		0		7.21932e+06		15.2457		
00:00:50:250		7.21902e+06		148.975		99.863		4.03502e+06		1.58375		290.833			00:00:50:250		9.24031e+06		-5.85283		0		0		7.21953e+06		28.2608		
00:00:50:149		7.21872e+06		148.975		99.7606		4.02496e+06		1.5784		290.831			00:00:50:149		9.25468e+06		-5.85309		0		0		7.21945e+06		24.2808		
00:00:50:049		7.21866e+06		148.975		99.7606		4.02496e+06		1.5784		290.83			00:00:50:049		9.26896e+06		-5.85332		0		0		7.219e+06		9.58457		
00:00:49:950		7.21828e+06		148.785		99.6573		4.01487e+06		1.57304		290.828			00:00:49:950		9.28315e+06		-5.85352		0		0		7.21828e+06		-17.8346		
00:00:49:850		7.21819e+06		148.785		99.6573		4.01487e+06		1.57304		290.826			00:00:49:850		9.29727e+06		-5.8537		0		0		7.21764e+06		-29.59		
00:00:49:750		7.21796e+06		148.595		99.6573		4.01487e+06		1.57304		290.824			00:00:49:750		9.31133e+06		-5.85384		0		0		7.21736e+06		-22.7975		
00:00:49:600		7.21762e+06		148.595		99.5532		4.00474e+06		1.56769		290.822			00:00:49:600		9.33227e+06		-5.854		0		0		7.21761e+06		12.7808		
00:00:49:500		7.21742e+06		148.406		99.5532		4.00474e+06		1.56769		290.82			00:00:49:500		9.34615e+06		-5.85408		0		0		7.21785e+06		26.9135		
00:00:49:500		7.21742e+06		148.406		99.5532		4.00474e+06		1.56769		290.82			00:00:49:500		9.34615e+06		-5.85408		0		0		7.21785e+06		26.9135		
00:00:49:299		7.21702e+06		148.406		99.4483		3.99459e+06		1.56233		290.817			00:00:49:299		9.3737e+06		-5.85417		0		0		7.21741e+06		13.052		
00:00:49:299		7.21702e+06		148.406		99.4483		3.99459e+06		1.56233		290.817			00:00:49:299		9.3737e+06		-5.85417		0		0		7.21741e+06		13.052		
00:00:49:200		7.21667e+06		148.216		99.3426		3.98431e+06		1.55698		290.815			00:00:49:200		9.38737e+06		-5.8542		0		0		7.2167e+06		-15.3123		
00:00:49:000		7.21633e+06		148.027		99.3426		3.98431e+06		1.55698		290.812			00:00:49:000		9.41448e+06		-5.85428		0		0		7.21569e+06		-25.079		
00:00:48:899		7.21594e+06		148.027		99.2362		3.97403e+06		1.55162		290.811			00:00:48:899		9.42792e+06		-5.85436		0		0		7.21576e+06		-3.75165		
00:00:48:899		7.21594e+06		148.027		99.2362		3.97403e+06		1.55162		290.811			00:00:48:899		9.42792e+06		-5.85436		0		0		7.21576e+06		-3.75165		
00:00:48:700		7.21557e+06		147.838		99.1291		3.96376e+06		1.54626		290.808			00:00:48:700		9.4546e+06		-5.85461		0		0		7.21621e+06		30.225		
00:00:48:700		7.21557e+06		147.838		99.1291		3.96376e+06		1.54626		290.808			00:00:48:700		9.4546e+06		-5.85461		0		0		7.21621e+06		30.225		
00:00:48:600		7.21536e+06		147.838		99.1291		3.96376e+06		1.54626		290.806			00:00:48:600		9.46785e+06		-5.85476		0		0		7.21602e+06		21.4803		
00:00:48:500		7.21522e+06		147.648		99.1291		3.96376e+06		1.54626		290.805			00:00:48:500		9.48106e+06		-5.85495		0		0		7.21546e+06		4.07686		
00:00:48:299		7.21479e+06		147.648		99.0214		3.95338e+06		1.54091		290.802			00:00:48:299		9.50734e+06		-5.85551		0		0		7.21413e+06		-30.2031		
00:00:48:299		7.21479e+06		147.648		99.0214		3.95338e+06		1.54091		290.802			00:00:48:299		9.50734e+06		-5.85551		0		0		7.21413e+06		-30.2031		
00:00:48:200		7.21446e+06		147.459		98.9131		3.943e+06		1.53555		290.801			00:00:48:200		9.52039e+06		-5.85592		0		0		7.21397e+06		-17.2389		
00:00:48:100		7.21422e+06		147.459		98.9131		3.943e+06		1.53555		290.8			00:00:48:100		9.53338e+06		-5.85644		0		0		7.21416e+06		8.46141		
00:00:48:000		7.2141e+06		147.27		98.9131		3.943e+06		1.53555		290.798			00:00:48:000		9.54632e+06		-5.85707		0		0		7.21443e+06		24.7982		
00:00:47:899		7.21371e+06		147.27		98.804		3.93263e+06		1.53019		290.797			00:00:47:899		9.55918e+06		-5.85783		0		0		7.21447e+06		29.1059		
00:00:47:799		7.21365e+06		147.27		98.804		3.93263e+06		1.53019		290.795			00:00:47:799		9.57195e+06		-5.85872		0		0		7.21413e+06		16.3495		
00:00:47:700		7.21333e+06		147.08		98.6943		3.92215e+06		1.52483		290.794			00:00:47:700		9.58471e+06		-5.85969		0		0		7.21343e+06		-9.30258		
00:00:47:600		7.21304e+06		147.08		98.6943		3.92215e+06		1.52483		290.793			00:00:47:600		9.5975e+06		-5.86072		0		0		7.2127e+06		-28.222		
00:00:47:500		7.21294e+06		146.89		98.6943		3.92215e+06		1.52483		290.791			00:00:47:500		9.61033e+06		-5.86175		0		0		7.21228e+06		-27.3039		
00:00:47:299		7.21247e+06		146.89		98.5839		3.91157e+06		1.51947		290.789			00:00:47:299		9.63611e+06		-5.86361		0		0		7.21253e+06		16.9895		
00:00:47:200		7.21217e+06		146.701		98.4729		3.90104e+06		1.51411		290.788			00:00:47:200		9.649e+06		-5.86432		0		0		7.21273e+06		29.7891		
00:00:47:200		7.21217e+06		146.701		98.4729		3.90104e+06		1.51411		290.788			00:00:47:200		9.649e+06		-5.86432		0		0		7.21273e+06		29.7891		
00:00:47:100		7.21185e+06		146.701		98.4729		3.90104e+06		1.51411		290.787			00:00:47:100		9.66194e+06		-5.86485		0		0		7.21261e+06		24.7852		
00:00:47:000		7.21176e+06		146.511		98.4729		3.90104e+06		1.51411		290.786			00:00:47:000		9.67494e+06		-5.86516		0		0		7.21209e+06		8.3967		
00:00:46:899		7.21136e+06		146.511		98.3612		3.89045e+06		1.50874		290.784			00:00:46:899		9.688e+06		-5.86523		0		0		7.21132e+06		-19.3368		
00:00:46:750		7.21118e+06		146.321		98.3612		3.89045e+06		1.50874		290.783			00:00:46:750		9.70753e+06		-5.86481		0		0		7.21051e+06		-28.5113		
00:00:46:649		7.2108e+06		146.321		98.2488		3.87987e+06		1.50338		290.781			00:00:46:649		9.7205e+06		-5.86412		0		0		7.21048e+06		-8.84649		
00:00:46:549		7.2107e+06		146.321		98.2488		3.87987e+06		1.50338		290.78			00:00:46:549		9.73345e+06		-5.86305		0		0		7.21073e+06		15.6491		
00:00:46:350		7.21009e+06		146.132		98.1358		3.86931e+06		1.49802		290.778			00:00:46:350		9.75926e+06		-5.85966		0		0		7.21088e+06		26.0888		
00:00:46:250		7.21004e+06		145.941		98.1358		3.86931e+06		1.49802		290.777			00:00:46:250		9.77212e+06		-5.8573		0		0		7.2104e+06		10.2789		
00:00:46:250		7.21004e+06		145.941		98.1358		3.86931e+06		1.49802		290.777			00:00:46:250		9.77212e+06		-5.8573		0		0		7.2104e+06		10.2789		
00:00:46:149		7.20965e+06		145.941		98.0222		3.85863e+06		1.49265		290.775			00:00:46:149		9.78494e+06		-5.85449		0		0		7.20964e+06		-19.0104		
00:00:46:049		7.20954e+06		145.941		98.0222		3.85863e+06		1.49265		290.774			00:00:46:049		9.79772e+06		-5.85124		0		0		7.20897e+06		-31.046		
00:00:45:950		7.20931e+06		145.75		97.9079		3.84786e+06		1.48729		290.773			00:00:45:950		9.81047e+06		-5.84762		0		0		7.20869e+06		-23.4834		
00:00:45:850		7.20894e+06		145.75		97.9079		3.84786e+06		1.48729		290.772			00:00:45:850		9.82319e+06		-5.8437		0		0		7.20882e+06		3.28292		
00:00:45:750		7.20889e+06		145.56		97.9079		3.84786e+06		1.48729		290.771			00:00:45:750		9.8359e+06		-5.83959		0		0		7.20911e+06		22.718		
00:00:45:649		7.2085e+06		145.56		97.793		3.83697e+06		1.48193		290.77			00:00:45:649		9.8486e+06		-5.8354		0		0		7.20924e+06		32.3435		
00:00:45:549		7.20836e+06		145.56		97.793		3.83697e+06		1.48193		290.769			00:00:45:549		9.8613e+06		-5.83125		0		0		7.20899e+06		21.0722		
00:00:45:350		7.20775e+06		145.369		97.6774		3.82598e+06		1.47656		290.767			00:00:45:350		9.88679e+06		-5.82368		0		0		7.20756e+06		-26.6843		
00:00:45:250		7.20773e+06		145.178		97.6774		3.82598e+06		1.47656		290.766			00:00:45:250		9.89953e+06		-5.82055		0		0		7.20702e+06		-30.9669		
00:00:45:250		7.20773e+06		145.178		97.6774		3.82598e+06		1.47656		290.766			00:00:45:250		9.89953e+06		-5.82055		0		0		7.20702e+06		-30.9669		
00:00:45:149		7.20735e+06		145.178		97.5612		3.81497e+06		1.4712		290.765			00:00:45:149		9.91223e+06		-5.81759		0		0		7.20693e+06		-13.409		
00:00:45:049		7.20719e+06		145.178		97.5612		3.81497e+06		1.4712		290.764			00:00:45:049		9.92492e+06		-5.81452		0		0		7.20718e+06		13.3523		
00:00:44:950		7.20699e+06		144.987		97.4444		3.80392e+06		1.46584		290.763			00:00:44:950		9.93759e+06		-5.81133		0		0		7.20745e+06		28.7339		
00:00:44:850		7.20659e+06		144.987		97.4444		3.80392e+06		1.46584		290.763			00:00:44:850		9.95024e+06		-5.80803		0		0		7.20744e+06		29.4463		
00:00:44:750		7.20658e+06		144.796		97.4444		3.80392e+06		1.46584		290.762			00:00:44:750		9.96287e+06		-5.80461		0		0		7.20702e+06		14.9443		
00:00:44:649		7.20622e+06		144.796		97.327		3.79283e+06		1.46047		290.761			00:00:44:649		9.97549e+06		-5.80108		0		0		7.20626e+06		-15.4522		
00:00:44:549		7.20602e+06		144.796		97.327		3.79283e+06		1.46047		290.76			00:00:44:549		9.98809e+06		-5.79744		0		0		7.20552e+06		-31.9164		
00:00:44:450		7.20586e+06		144.604		97.209		3.78179e+06		1.45511		290.76			00:00:44:450		1.00007e+07		-5.79369		0		0		7.20514e+06		-27.8915		
00:00:44:350		7.20545e+06		144.604		97.209		3.78179e+06		1.45511		290.759			00:00:44:350		1.00132e+07		-5.78984		0		0		7.20522e+06		-4.85355		
00:00:44:250		7.20541e+06		144.412		97.209		3.78179e+06		1.45511		290.759			00:00:44:250		1.00258e+07		-5.78588		0		0		7.20554e+06		20.8663		
00:00:44:100		7.20486e+06		144.412		97.0903		3.77061e+06		1.44975		290.758			00:00:44:100		1.00446e+07		-5.77974		0		0		7.20574e+06		31.9113		
00:00:44:100		7.20486e+06		144.412		97.0903		3.77061e+06		1.44975		290.758			00:00:44:100		1.00446e+07		-5.77974		0		0		7.20574e+06		31.9113		
00:00:43:950		7.20472e+06		144.219		96.9711		3.75928e+06		1.44439		290.758			00:00:43:950		1.00633e+07		-5.77337		0		0		7.20504e+06		7.16626		
00:00:43:850		7.20431e+06		144.219		96.9711		3.75928e+06		1.44439		290.757			00:00:43:850		1.00758e+07		-5.76901		0		0		7.20422e+06		-22.8592		
00:00:43:700		7.20416e+06		144.027		96.8512		3.7479e+06		1.43903		290.757			00:00:43:700		1.00946e+07		-5.76229		0		0		7.20339e+06		-30.7794		
00:00:43:700		7.20416e+06		144.027		96.8512		3.7479e+06		1.43903		290.757			00:00:43:700		1.00946e+07		-5.76229		0		0		7.20339e+06		-30.7794		
00:00:43:600		7.20374e+06		144.027		96.8512		3.7479e+06		1.43903		290.757			00:00:43:600		1.0107e+07		-5.75769		0		0		7.20338e+06		-11.426		
00:00:43:500		7.20368e+06		143.834		96.8512		3.7479e+06		1.43903		290.757			00:00:43:500		1.01195e+07		-5.75301		0		0		7.20368e+06		15.9235		
00:00:43:299		7.20308e+06		143.834		96.7308		3.73641e+06		1.43367		290.757			00:00:43:299		1.01443e+07		-5.74337		0		0		7.20392e+06		28.3688		
00:00:43:299		7.20308e+06		143.834		96.7308		3.73641e+06		1.43367		290.757			00:00:43:299		1.01443e+07		-5.74337		0		0		7.20392e+06		28.3688		
00:00:43:100		7.20267e+06		143.641		96.6098		3.72482e+06		1.42831		290.757			00:00:43:100		1.01691e+07		-5.73337		0		0		7.20268e+06		-18.0192		
00:00:43:000		7.20251e+06		143.448		96.6098		3.72482e+06		1.42831		290.757			00:00:43:000		1.01814e+07		-5.72824		0		0		7.20196e+06		-32.83		
00:00:43:000		7.20251e+06		143.448		96.6098		3.72482e+06		1.42831		290.757			00:00:43:000		1.01814e+07		-5.72824		0		0		7.20196e+06		-32.83		
00:00:42:899		7.20234e+06		143.448		96.4882		3.71327e+06		1.42295		290.758			00:00:42:899		1.01937e+07		-5.72302		0		0		7.20162e+06		-27.3507		
00:00:42:799		7.20193e+06		143.448		96.4882		3.71327e+06		1.42295		290.758			00:00:42:799		1.0206e+07		-5.7177		0		0		7.20173e+06		-4.18279		
00:00:42:649		7.20178e+06		143.255		96.3661		3.70167e+06		1.41759		290.759			00:00:42:649		1.02245e+07		-5.70957		0		0		7.20221e+06		28.9143		
00:00:42:549		7.20137e+06		143.255		96.3661		3.70167e+06		1.41759		290.759			00:00:42:549		1.02367e+07		-5.70403		0		0		7.20226e+06		31.9453		
00:00:42:450		7.20136e+06		143.062		96.2436		3.69005e+06		1.41223		290.76			00:00:42:450		1.02489e+07		-5.69841		0		0		7.20187e+06		17.3824		
00:00:42:350		7.20103e+06		143.062		96.2436		3.69005e+06		1.41223		290.76			00:00:42:350		1.02612e+07		-5.69268		0		0		7.20112e+06		-11.7597		
00:00:42:200		7.20079e+06		142.869		96.1205		3.67837e+06		1.40688		290.761			00:00:42:200		1.02795e+07		-5.68391		0		0		7.20007e+06		-33.8909		
00:00:42:200		7.20079e+06		142.869		96.1205		3.67837e+06		1.40688		290.761			00:00:42:200		1.02795e+07		-5.68391		0		0		7.20007e+06		-33.8909		
00:00:42:100		7.20048e+06		142.869		96.1205		3.67837e+06		1.40688		290.761			00:00:42:100		1.02918e+07		-5.67794		0		0		7.19987e+06		-21.6404		
00:00:42:000		7.2002e+06		142.675		96.1205		3.67837e+06		1.40688		290.762			00:00:42:000		1.0304e+07		-5.67186		0		0		7.20008e+06		5.9871		
00:00:41:899		7.20013e+06		142.675		95.9972		3.66658e+06		1.40152		290.762			00:00:41:899		1.03163e+07		-5.6657		0		0		7.20042e+06		25.963		
00:00:41:700		7.19966e+06		142.481		95.8735		3.65476e+06		1.39616		290.764			00:00:41:700		1.03406e+07		-5.65309		0		0		7.20028e+06		21.1076		
00:00:41:600		7.19942e+06		142.481		95.8735		3.65476e+06		1.39616		290.764			00:00:41:600		1.03528e+07		-5.64664		0		0		7.1996e+06		0		
00:00:41:600		7.19942e+06		142.481		95.8735		3.65476e+06		1.39616		290.764			00:00:41:600		1.03528e+07		-5.64664		0		0		7.1996e+06		0		
00:00:41:500		7.19904e+06		142.288		95.8735		3.65476e+06		1.39616		290.765			00:00:41:500		1.0365e+07		-5.6401		0		0		7.19879e+06		-29.0253		
00:00:41:299		7.19866e+06		142.288		95.7495		3.6429e+06		1.3908		290.767			00:00:41:299		1.03892e+07		-5.62673		0		0		7.19819e+06		-15.0596		
00:00:41:299		7.19866e+06		142.288		95.7495		3.6429e+06		1.3908		290.767			00:00:41:299		1.03892e+07		-5.62673		0		0		7.19819e+06		-15.0596		
00:00:41:200		7.1985e+06		142.094		95.6255		3.63108e+06		1.38544		290.768			00:00:41:200		1.04013e+07		-5.61989		0		0		7.19848e+06		13.7453		
00:00:41:000		7.19792e+06		141.901		95.6255		3.63108e+06		1.38544		290.769			00:00:41:000		1.04255e+07		-5.60592		0		0		7.19884e+06		32.5188		
00:00:41:000		7.19792e+06		141.901		95.6255		3.63108e+06		1.38544		290.769			00:00:41:000		1.04255e+07		-5.60592		0		0		7.19884e+06		32.5188		
00:00:40:899		7.19792e+06		141.901		95.5015		3.6192e+06		1.38009		290.77			00:00:40:899		1.04376e+07		-5.59878		0		0		7.19842e+06		16.7136		
00:00:40:799		7.19756e+06		141.901		95.5015		3.6192e+06		1.38009		290.771			00:00:40:799		1.04497e+07		-5.59153		0		0		7.19762e+06		-14.8153		
00:00:40:700		7.19733e+06		141.707		95.3777		3.60713e+06		1.37473		290.772			00:00:40:700		1.04618e+07		-5.58419		0		0		7.19683e+06		-33.8856		
00:00:40:600		7.19722e+06		141.707		95.3777		3.60713e+06		1.37473		290.773			00:00:40:600		1.04739e+07		-5.57676		0		0		7.1964e+06		-31.483		
00:00:40:350		7.19665e+06		141.514		95.2539		3.59513e+06		1.36936		290.775			00:00:40:350		1.05044e+07		-5.55773		0		0		7.197e+06		28.3517		
00:00:40:250		7.19622e+06		141.322		95.2539		3.59513e+06		1.36936		290.776			00:00:40:250		1.05167e+07		-5.54994		0		0		7.19713e+06		34.9253		
00:00:40:250		7.19622e+06		141.322		95.2539		3.59513e+06		1.36936		290.776			00:00:40:250		1.05167e+07		-5.54994		0		0		7.19713e+06		34.9253		
00:00:40:149		7.19618e+06		141.322		95.1304		3.58312e+06		1.364		290.777			00:00:40:149		1.05289e+07		-5.54204		0		0		7.19681e+06		21.3625		
00:00:40:049		7.1959e+06		141.322		95.1304		3.58312e+06		1.364		290.778			00:00:40:049		1.05411e+07		-5.53403		0		0		7.19607e+06		-6.76719		
00:00:39:950		7.19556e+06		141.128		95.0072		3.5711e+06		1.35864		290.779			00:00:39:950		1.05533e+07		-5.5259		0		0		7.19524e+06		-31.0693		
00:00:39:850		7.19554e+06		141.128		95.0072		3.5711e+06		1.35864		290.78			00:00:39:850		1.05655e+07		-5.51765		0		0		7.19472e+06		-33.4353		
00:00:39:750		7.19512e+06		140.936		95.0072		3.5711e+06		1.35864		290.781			00:00:39:750		1.05777e+07		-5.50927		0		0		7.19469e+06		-14.2729		
00:00:39:649		7.19501e+06		140.936		94.8843		3.55901e+06		1.35327		290.782			00:00:39:649		1.059e+07		-5.50077		0		0		7.195e+06		14.4961		
00:00:39:549		7.19483e+06		140.936		94.8843		3.55901e+06		1.35327		290.783			00:00:39:549		1.06022e+07		-5.49216		0		0		7.19532e+06		31.461		
00:00:39:399		7.19446e+06		140.742		94.7619		3.54682e+06		1.34791		290.784			00:00:39:399		1.06205e+07		-5.47902		0		0		7.19514e+06		22.9733		
00:00:39:250		7.19402e+06		140.55		94.7619		3.54682e+06		1.34791		290.785			00:00:39:250		1.06388e+07		-5.4656		0		0		7.19404e+06		-18.4895		
00:00:39:250		7.19402e+06		140.55		94.7619		3.54682e+06		1.34791		290.785			00:00:39:250		1.06388e+07		-5.4656		0		0		7.19404e+06		-18.4895		
00:00:39:149		7.19385e+06		140.55		94.6399		3.53458e+06		1.34254		290.785			00:00:39:149		1.0651e+07		-5.4565		0		0		7.19327e+06		-35.1541		
00:00:39:049		7.1937e+06		140.55		94.6399		3.53458e+06		1.34254		290.786			00:00:39:049		1.06632e+07		-5.44728		0		0		7.1929e+06		-30.1371		
00:00:38:950		7.19326e+06		140.358		94.5185		3.5224e+06		1.33716		290.787			00:00:38:950		1.06754e+07		-5.43795		0		0		7.19301e+06		-6.11303		
00:00:38:850		7.19326e+06		140.358		94.5185		3.5224e+06		1.33716		290.787			00:00:38:850		1.06875e+07		-5.4285		0		0		7.19337e+06		21.6497		
00:00:38:750		7.1929e+06		140.166		94.5185		3.5224e+06		1.33716		290.788			00:00:38:750		1.06996e+07		-5.41897		0		0		7.19362e+06		35.3804		
00:00:38:649		7.19266e+06		140.166		94.3978		3.51014e+06		1.33179		290.789			00:00:38:649		1.07117e+07		-5.40936		0		0		7.19345e+06		25.8226		
00:00:38:549		7.19254e+06		140.166		94.3978		3.51014e+06		1.33179		290.79			00:00:38:549		1.07238e+07		-5.39967		0		0		7.19282e+06		5.53537		
00:00:38:450		7.19209e+06		139.974		94.2778		3.49787e+06		1.32641		290.79			00:00:38:450		1.07359e+07		-5.38993		0		0		7.19195e+06		-25.9877		
00:00:38:350		7.19207e+06		139.974		94.2778		3.49787e+06		1.32641		290.791			00:00:38:350		1.0748e+07		-5.38014		0		0		7.19127e+06		-36.7124		
00:00:38:250		7.19174e+06		139.783		94.2778		3.49787e+06		1.32641		290.792			00:00:38:250		1.076e+07		-5.37032		0		0		7.19105e+06		-23.9687		
00:00:38:149		7.19142e+06		139.783		94.1586		3.48563e+06		1.32103		290.793			00:00:38:149		1.07721e+07		-5.36046		0		0		7.19128e+06		5.92145		
00:00:38:049		7.19135e+06		139.783		94.1586		3.48563e+06		1.32103		290.793			00:00:38:049		1.07842e+07		-5.35057		0		0		7.19165e+06		27.2855		
00:00:37:950		7.19091e+06		139.591		94.0387		3.47326e+06		1.31565		290.794			00:00:37:950		1.07962e+07		-5.34066		0		0		7.19178e+06		35.6864		
00:00:37:850		7.19082e+06		139.591		94.0387		3.47326e+06		1.31565		290.795			00:00:37:850		1.08082e+07		-5.33071		0		0		7.19146e+06		21.6446		
00:00:37:750		7.19054e+06		139.4		94.0387		3.47326e+06		1.31565		290.796			00:00:37:750		1.08203e+07		-5.32072		0		0		7.19071e+06		-7.0095		
00:00:37:649		7.19015e+06		139.4		93.9181		3.46087e+06		1.31027		290.797			00:00:37:649		1.08323e+07		-5.31067		0		0		7.18986e+06		-31.4067		
00:00:37:500		7.18998e+06		139.209		93.9181		3.46087e+06		1.31027		290.798			00:00:37:500		1.08502e+07		-5.29546		0		0		7.1892e+06		-28.4384		
00:00:37:500		7.18998e+06		139.209		93.9181		3.46087e+06		1.31027		290.798			00:00:37:500		1.08502e+07		-5.29546		0		0		7.1892e+06		-28.4384		
00:00:37:299		7.18952e+06		139.209		93.7966		3.44851e+06		1.30488		290.8			00:00:37:299		1.0874e+07		-5.27491		0		0		7.18973e+06		24.6593		
00:00:37:299		7.18952e+06		139.209		93.7966		3.44851e+06		1.30488		290.8			00:00:37:299		1.0874e+07		-5.27491		0		0		7.18973e+06		24.6593		
00:00:37:149		7.18892e+06		139.017		93.6742		3.4361e+06		1.29949		290.801			00:00:37:149		1.08919e+07		-5.2593		0		0		7.18985e+06		32.6331		
00:00:37:049		7.18889e+06		139.017		93.6742		3.4361e+06		1.29949		290.802			00:00:37:049		1.09039e+07		-5.24879		0		0		7.18935e+06		15.1108		
00:00:36:950		7.18847e+06		138.826		93.551		3.42356e+06		1.2941		290.803			00:00:36:950		1.09158e+07		-5.23822		0		0		7.18848e+06		-19.3364		
00:00:36:799		7.18826e+06		138.826		93.551		3.42356e+06		1.2941		290.804			00:00:36:799		1.09338e+07		-5.22222		0		0		7.18739e+06		-37.3781		
00:00:36:700		7.18826e+06		138.826		93.551		3.42356e+06		1.2941		290.804			00:00:36:700		1.09338e+07		-5.22222		0		0		7.18739e+06		-37.3781		
00:00:36:700		7.18786e+06		138.635		93.4268		3.41092e+06		1.2887		290.805			00:00:36:700		1.09457e+07		-5.21148		0.069007		0		7.18724e+06		-20.9806		
00:00:36:600		7.18759e+06		138.635		93.4268		3.41092e+06		1.2887		290.806			00:00:36:600		1.09577e+07		-5.20067		0.207318		0		7.18753e+06		11.6786		
00:00:36:500		7.18745e+06		138.445		93.4268		3.41092e+06		1.2887		290.807			00:00:36:500		1.09697e+07		-5.18982		0.345578		0		7.18788e+06		31.2039		
00:00:36:299		7.18693e+06		138.445		93.3015		3.39832e+06		1.2833		290.809			00:00:36:299		1.09936e+07		-5.16799		0.621555		0		7.18751e+06		19.3588		
00:00:36:299		7.18693e+06		138.445		93.3015		3.39832e+06		1.2833		290.809			00:00:36:299		1.09936e+07		-5.16799		0.621555		0		7.18751e+06		19.3588		
00:00:36:200		7.18655e+06		138.255		93.1752		3.38567e+06		1.2779		290.811			00:00:36:200		1.10056e+07		-5.15702		0.759096		0		7.18665e+06		-13.9689		
00:00:36:100		7.18626e+06		138.255		93.1752		3.38567e+06		1.2779		290.812			00:00:36:100		1.10176e+07		-5.14604		0.896122		0		7.18576e+06		-36.2936		
00:00:35:899		7.18565e+06		138.064		93.0478		3.3728e+06		1.2725		290.815			00:00:35:899		1.10416e+07		-5.12403		1.16841		0		7.18523e+06		-12.8845		
00:00:35:799		7.18556e+06		138.064		93.0478		3.3728e+06		1.2725		290.816			00:00:35:799		1.10537e+07		-5.11301		1.30338		0		7.18557e+06		18.2209		
00:00:35:799		7.18556e+06		138.064		93.0478		3.3728e+06		1.2725		290.816			00:00:35:799		1.10537e+07		-5.11301		1.30338		0		7.18557e+06		18.2209		
00:00:35:700		7.18523e+06		137.874		92.9192		3.35992e+06		1.26709		290.818			00:00:35:700		1.10657e+07		-5.102		1.43725		0		7.18586e+06		35.5571		
00:00:35:600		7.18488e+06		137.874		92.9192		3.35992e+06		1.26709		290.82			00:00:35:600		1.10778e+07		-5.09097		1.57003		0		7.18579e+06		30.3606		
00:00:35:500		7.18481e+06		137.684		92.9192		3.35992e+06		1.26709		290.821			00:00:35:500		1.10898e+07		-5.07992		1.7017		0		7.18523e+06		11.9619		
00:00:35:299		7.18424e+06		137.684		92.7892		3.34707e+06		1.26168		290.825			00:00:35:299		1.11141e+07		-5.05771		1.95948		0		7.18352e+06		-37.5755		
00:00:35:299		7.18424e+06		137.684		92.7892		3.34707e+06		1.26168		290.825			00:00:35:299		1.11141e+07		-5.05771		1.95948		0		7.18352e+06		-37.5755		
00:00:35:200		7.18395e+06		137.494		92.6579		3.33408e+06		1.25627		290.826			00:00:35:200		1.11262e+07		-5.04652		2.08544		0		7.18317e+06		-29.1399		
00:00:35:100		7.1835e+06		137.494		92.6579		3.33408e+06		1.25627		290.828			00:00:35:100		1.11384e+07		-5.03528		2.20888		0		7.18331e+06		0		
00:00:35:000		7.18344e+06		137.304		92.6579		3.33408e+06		1.25627		290.83			00:00:35:000		1.11506e+07		-5.024		2.32977		0		7.18364e+06		24.9529		
00:00:34:899		7.183e+06		137.304		92.525		3.32098e+06		1.25085		290.831			00:00:34:899		1.11628e+07		-5.01265		2.44813		0		7.1838e+06		36.5297		
00:00:34:799		7.18284e+06		137.304		92.525		3.32098e+06		1.25085		290.833			00:00:34:799		1.1175e+07		-5.00126		2.56637		0		7.18353e+06		24.2725		
00:00:34:700		7.18258e+06		137.114		92.3905		3.30784e+06		1.24543		290.835			00:00:34:700		1.11871e+07		-4.98981		2.68193		0		7.1828e+06		0.226552		
00:00:34:600		7.18212e+06		137.114		92.3905		3.30784e+06		1.24543		290.836			00:00:34:600		1.11993e+07		-4.97831		2.80032		0		7.18187e+06		-31.7247		
00:00:34:500		7.18205e+06		136.925		92.2542		3.29475e+06		1.24001		290.838			00:00:34:500		1.12115e+07		-4.96676		2.92195		0		7.18122e+06		-36.9213		
00:00:34:299		7.18134e+06		136.925		92.2542		3.29475e+06		1.24001		290.841			00:00:34:299		1.1236e+07		-4.94348		3.15398		0		7.1813e+06		12.7441		
00:00:34:299		7.18134e+06		136.925		92.2542		3.29475e+06		1.24001		290.841			00:00:34:299		1.1236e+07		-4.94348		3.15398		0		7.1813e+06		12.7441		
00:00:34:149		7.18089e+06		136.735		92.116		3.2815e+06		1.23459		290.842			00:00:34:149		1.12543e+07		-4.92589		3.32041		0		7.18164e+06		36.3382		
00:00:34:049		7.18069e+06		136.735		92.116		3.2815e+06		1.23459		290.843			00:00:34:049		1.12666e+07		-4.91409		3.42119		0		7.1814e+06		24.9673		
00:00:33:950		7.18045e+06		136.545		91.9758		3.26807e+06		1.22916		290.844			00:00:33:950		1.12789e+07		-4.90225		3.51873		0		7.18069e+06		2.39473		
00:00:33:850		7.17998e+06		136.545		91.9758		3.26807e+06		1.22916		290.845			00:00:33:850		1.12912e+07		-4.89036		3.6136		0		7.17978e+06		-30.1276		
00:00:33:750		7.17991e+06		136.356		91.9758		3.26807e+06		1.22916		290.846			00:00:33:750		1.13035e+07		-4.87844		3.70501		0		7.1791e+06		-37.061		
00:00:33:649		7.17947e+06		136.356		91.8334		3.25469e+06		1.22373		290.846			00:00:33:649		1.13158e+07		-4.86648		3.79323		0		7.17892e+06		-19.9476		
00:00:33:549		7.1792e+06		136.356		91.8334		3.25469e+06		1.22373		290.847			00:00:33:549		1.13282e+07		-4.85449		3.8784		0		7.17915e+06		11.6446		
00:00:33:350		7.17856e+06		136.167		91.6888		3.24124e+06		1.2183		290.847			00:00:33:350		1.13528e+07		-4.83037		4.0396		0		7.17942e+06		32.3534		
00:00:33:250		7.17848e+06		135.977		91.6888		3.24124e+06		1.2183		290.847			00:00:33:250		1.13652e+07		-4.81825		4.11534		0		7.17894e+06		16.4605		
00:00:33:250		7.17848e+06		135.977		91.6888		3.24124e+06		1.2183		290.847			00:00:33:250		1.13652e+07		-4.81825		4.11534		0		7.17894e+06		16.4605		
00:00:33:149		7.17804e+06		135.977		91.5417		3.22777e+06		1.21286		290.847			00:00:33:149		1.13775e+07		-4.8061		4.18812		0		7.17808e+06		-17.2737		
00:00:33:049		7.17779e+06		135.977		91.5417		3.22777e+06		1.21286		290.847			00:00:33:049		1.13898e+07		-4.79391		4.25799		0		7.17724e+06		-36.8112		
00:00:32:950		7.17759e+06		135.788		91.392		3.21424e+06		1.20743		290.847			00:00:32:950		1.14021e+07		-4.78168		4.3252		0		7.17681e+06		-31.6405		
00:00:32:850		7.1771e+06		135.788		91.392		3.21424e+06		1.20743		290.846			00:00:32:850		1.14144e+07		-4.76941		4.38971		0		7.17686e+06		-6.07358		
00:00:32:750		7.17704e+06		135.598		91.392		3.21424e+06		1.20743		290.846			00:00:32:750		1.14268e+07		-4.7571		4.45087		0		7.17716e+06		22.2		
00:00:32:649		7.17663e+06		135.598		91.2394		3.20059e+06		1.20199		290.845			00:00:32:649		1.14391e+07		-4.74474		4.5101		0		7.17733e+06		36.1098		
00:00:32:549		7.17639e+06		135.598		91.2394		3.20059e+06		1.20199		290.845			00:00:32:549		1.14514e+07		-4.73232		4.56673		0		7.17709e+06		24.7534		
00:00:32:350		7.17569e+06		135.408		91.0838		3.18689e+06		1.19655		290.844			00:00:32:350		1.1476e+07		-4.70733		4.67195		0		7.17548e+06		-29.9363		
00:00:32:250		7.17563e+06		135.218		91.0838		3.18689e+06		1.19655		290.844			00:00:32:250		1.14883e+07		-4.69474		4.72117		0		7.17481e+06		-37.5935		
00:00:32:250		7.17563e+06		135.218		91.0838		3.18689e+06		1.19655		290.844			00:00:32:250		1.14883e+07		-4.69474		4.72117		0		7.17481e+06		-37.5935		
00:00:32:149		7.1752e+06		135.218		90.9249		3.17297e+06		1.19111		290.844			00:00:32:149		1.15006e+07		-4.68209		4.76786		0		7.17465e+06		-19.9339		
00:00:32:049		7.17493e+06		135.218		90.9249		3.17297e+06		1.19111		290.844			00:00:32:049		1.1513e+07		-4.66937		4.81272		0		7.17488e+06		12.2151		
00:00:31:949		7.17476e+06		135.028		90.7628		3.15904e+06		1.18566		290.844			00:00:31:949		1.15253e+07		-4.65659		4.85558		0		7.17517e+06		31.3239		
00:00:31:850		7.17429e+06		135.028		90.7628		3.15904e+06		1.18566		290.844			00:00:31:850		1.15377e+07		-4.64375		4.89692		0		7.17517e+06		33.4901		
00:00:31:699		7.17403e+06		134.839		90.5975		3.14503e+06		1.18021		290.844			00:00:31:699		1.15561e+07		-4.62439		4.95411		0		7.17425e+06		0.659073		
00:00:31:699		7.17403e+06		134.839		90.5975		3.14503e+06		1.18021		290.844			00:00:31:699		1.15561e+07		-4.62439		4.95411		0		7.17425e+06		0.659073		
00:00:31:600		7.17356e+06		134.839		90.5975		3.14503e+06		1.18021		290.845			00:00:31:600		1.15684e+07		-4.61142		4.99036		0		7.17333e+06		-30.8892		
00:00:31:449		7.17334e+06		134.648		90.4288		3.13091e+06		1.17477		290.845			00:00:31:449		1.15868e+07		-4.59189		5.0417		0		7.1725e+06		-33.3089		
00:00:31:350		7.17286e+06		134.648		90.4288		3.13091e+06		1.17477		290.846			00:00:31:350		1.15991e+07		-4.57882		5.07418		0		7.17259e+06		-5.66027		
00:00:31:250		7.17279e+06		134.458		90.4288		3.13091e+06		1.17477		290.846			00:00:31:250		1.16114e+07		-4.56572		5.10481		0		7.17293e+06		23.6511		
00:00:31:149		7.17238e+06		134.458		90.2562		3.11674e+06		1.16932		290.847			00:00:31:149		1.16237e+07		-4.5526		5.13392		0		7.17312e+06		37.7276		
00:00:31:000		7.17207e+06		134.268		90.2562		3.11674e+06		1.16932		290.848			00:00:31:000		1.16421e+07		-4.53289		5.17452		0		7.17255e+06		16.3213		
00:00:31:000		7.17207e+06		134.268		90.2562		3.11674e+06		1.16932		290.848			00:00:31:000		1.16421e+07		-4.53289		5.17452		0		7.17255e+06		16.3213		
00:00:30:899		7.17162e+06		134.268		90.0796		3.10253e+06		1.16386		290.849			00:00:30:899		1.16544e+07		-4.51974		5.20033		0		7.17163e+06		-19.909		
00:00:30:800		7.17138e+06		134.268		90.0796		3.10253e+06		1.16386		290.85			00:00:30:800		1.16667e+07		-4.50662		5.22498		0		7.17076e+06		-39.2127		
00:00:30:699		7.17121e+06		134.077		89.8986		3.08827e+06		1.15841		290.85			00:00:30:699		1.1679e+07		-4.49351		5.2491		0		7.17032e+06		-34.9015		
00:00:30:600		7.17071e+06		134.077		89.8986		3.08827e+06		1.15841		290.851			00:00:30:600		1.16913e+07		-4.48043		5.27069		0		7.17041e+06		-6.9938		
00:00:30:399		7.17022e+06		133.886		89.7129		3.07388e+06		1.15296		290.853			00:00:30:399		1.1716e+07		-4.45437		5.31185		0		7.17098e+06		38.6819		
00:00:30:300		7.16992e+06		133.886		89.7129		3.07388e+06		1.15296		290.855			00:00:30:300		1.17284e+07		-4.44136		5.33174		0		7.17075e+06		27.6496		
00:00:30:300		7.16992e+06		133.886		89.7129		3.07388e+06		1.15296		290.855			00:00:30:300		1.17284e+07		-4.44136		5.33174		0		7.17075e+06		27.6496		
00:00:30:199		7.16973e+06		133.695		89.5222		3.05945e+06		1.1475		290.856			00:00:30:199		1.17408e+07		-4.42835		5.34946		0		7.16999e+06		2.57953		
00:00:30:100		7.16923e+06		133.695		89.5222		3.05945e+06		1.1475		290.857			00:00:30:100		1.17532e+07		-4.41531		5.36598		0		7.169e+06		-31.9815		
00:00:30:000		7.16918e+06		133.504		89.5222		3.05945e+06		1.1475		290.859			00:00:30:000		1.17656e+07		-4.40221		5.38246		0		7.16826e+06		-41.0999		
00:00:29:899		7.16876e+06		133.504		89.3261		3.04498e+06		1.14204		290.86			00:00:29:899		1.1778e+07		-4.38904		5.39868		0		7.16805e+06		-25.3942		
00:00:29:699		7.16825e+06		133.312		89.1242		3.03027e+06		1.13659		290.864			00:00:29:699		1.18027e+07		-4.36233		5.42575		0		7.16865e+06		32.3668		
00:00:29:699		7.16825e+06		133.312		89.1242		3.03027e+06		1.13659		290.864			00:00:29:699		1.18027e+07		-4.36233		5.42575		0		7.16865e+06		32.3668		
00:00:29:600		7.16775e+06		133.312		89.1242		3.03027e+06		1.13659		290.866			00:00:29:600		1.18151e+07		-4.34876		5.44017		0		7.16872e+06		37.8705		
00:00:29:500		7.16766e+06		133.12		89.1242		3.03027e+06		1.13659		290.869			00:00:29:500		1.18275e+07		-4.33503		5.45274		0		7.16825e+06		20.5817		
00:00:29:250		7.16691e+06		132.929		88.9163		3.01545e+06		1.13113		290.875			00:00:29:250		1.18585e+07		-4.30004		5.48011		0		7.16602e+06		-41.3091		
00:00:29:250		7.16691e+06		132.929		88.9163		3.01545e+06		1.13113		290.875			00:00:29:250		1.18585e+07		-4.30004		5.48011		0		7.16602e+06		-41.3091		
00:00:29:149		7.16648e+06		132.929		88.702		3.00056e+06		1.12567		290.878			00:00:29:149		1.18709e+07		-4.28586		5.49068		0		7.16574e+06		-27.2453		
00:00:29:100		7.1662e+06		132.929		88.702		3.00056e+06		1.12567		290.88			00:00:29:100		1.18771e+07		-4.27876		5.4958		0		7.1658e+06		-10.8849		
00:00:29:000		7.16608e+06		132.736		88.702		3.00056e+06		1.12567		290.883			00:00:29:000		1.18895e+07		-4.26461		5.50439		0		7.1661e+06		19.3908		
00:00:28:899		7.1657e+06		132.736		88.4811		2.98555e+06		1.1202		290.887			00:00:28:899		1.19019e+07		-4.25058		5.51331		0		7.16634e+06		37.5732		
00:00:28:800		7.16534e+06		132.736		88.4811		2.98555e+06		1.1202		290.891			00:00:28:800		1.19143e+07		-4.23677		5.52212		0		7.16619e+06		29.4283		
00:00:28:699		7.16516e+06		132.544		88.2533		2.97049e+06		1.11474		290.895			00:00:28:699		1.19268e+07		-4.22324		5.53059		0		7.16551e+06		8.55285		
00:00:28:600		7.1645e+06		132.544		88.2533		2.97049e+06		1.11474		290.902			00:00:28:600		1.19456e+07		-4.20352		5.54108		0		7.16409e+06		-37.1595		
00:00:28:449		7.16434e+06		132.351		88.0185		2.95538e+06		1.10927		290.907			00:00:28:449		1.19581e+07		-4.1907		5.54648		0		7.16354e+06		-34.9737		
00:00:28:250		7.16379e+06		132.351		88.0185		2.95538e+06		1.10927		290.912			00:00:28:250		1.19706e+07		-4.17789		5.55275		0		7.16348e+06		-9.73929		
00:00:28:250		7.16366e+06		132.158		88.0185		2.95538e+06		1.10927		290.917			00:00:28:250		1.19832e+07		-4.16507		5.55904		0		7.1637e+06		18.4278		
00:00:28:149		7.16327e+06		132.158		87.7766		2.94022e+06		1.1038		290.923			00:00:28:149		1.19957e+07		-4.15222		5.56555		0		7.16383e+06		34.7706		
00:00:28:050		7.16293e+06		132.158		87.7766		2.94022e+06		1.1038		290.929			00:00:28:050		1.20083e+07		-4.13935		5.56977		0		7.16359e+06		25.257		
00:00:27:949		7.16264e+06		131.965		87.5279		2.92501e+06		1.09833		290.935			00:00:27:949		1.2021e+07		-4.12647		5.57306		0		7.16288e+06		3.32521		
00:00:27:850		7.16211e+06		131.965		87.5279		2.92501e+06		1.09833		290.941			00:00:27:850		1.20337e+07		-4.11357		5.57821		0		7.16195e+06		-29.8061		
00:00:27:750		7.16197e+06		131.771		87.5279		2.92501e+06		1.09833		290.948			00:00:27:750		1.20463e+07		-4.10065		5.58035		0		7.16126e+06		-36.876		
00:00:27:649		7.16149e+06		131.771		87.2727		2.90975e+06		1.09286		290.955			00:00:27:649		1.2059e+07		-4.0877		5.58578		0		7.16106e+06		-16.9942		
00:00:27:600		7.16126e+06		131.771		87.2727		2.90975e+06		1.09286		290.958			00:00:27:600		1.20653e+07		-4.08121		5.58742		0		7.16111e+06		1.36333		
00:00:27:449		7.1609e+06		131.577		87.0113		2.89435e+06		1.08739		290.969			00:00:27:449		1.20843e+07		-4.06162		5.59144		0		7.16129e+06		29.7098		
00:00:27:250		7.16011e+06		131.382		87.0113		2.89435e+06		1.08739		290.984			00:00:27:250		1.21095e+07		-4.03497		5.59531		0		7.16042e+06		6.60583		
00:00:27:250		7.16011e+06		131.382		87.0113		2.89435e+06		1.08739		290.984			00:00:27:250		1.21095e+07		-4.03497		5.59531		0		7.16042e+06		6.60583		
00:00:27:149		7.15958e+06		131.382		86.7444		2.87881e+06		1.08191		290.992			00:00:27:149		1.2122e+07		-4.02144		5.59777		0		7.15949e+06		-26.0164		
00:00:27:050		7.15937e+06		131.382		86.7444		2.87881e+06		1.08191		291.001			00:00:27:050		1.21345e+07		-4.00779		5.59974		0		7.15875e+06		-36.353		
00:00:26:949		7.15897e+06		131.187		86.473		2.86317e+06		1.07643		291.009			00:00:26:949		1.2147e+07		-3.99403		5.59858		0		7.15848e+06		-20.1656		
00:00:26:850		7.15859e+06		131.187		86.473		2.86317e+06		1.07643		291.018			00:00:26:850		1.21594e+07		-3.98017		5.59855		0		7.15857e+06		15.2111		
00:00:26:750		7.15822e+06		130.992		86.473		2.86317e+06		1.07643		291.027			00:00:26:750		1.21718e+07		-3.96623		5.60073		0		7.15862e+06		28.9821		
00:00:26:649		7.1577e+06		130.992		86.197		2.84744e+06		1.07095		291.036			00:00:26:649		1.21842e+07		-3.9522		5.60141		0		7.15836e+06		26.6159		
00:00:26:550		7.1574e+06		130.992		86.197		2.84744e+06		1.07095		291.046			00:00:26:550		1.21966e+07		-3.9381		5.6029		0		7.15765e+06		3.36443		
00:00:26:350		7.15658e+06		130.797		85.9161		2.83161e+06		1.06546		291.066			00:00:26:350		1.22213e+07		-3.90973		5.59905		0		7.15604e+06		-33.3669		
00:00:26:250		7.15613e+06		130.601		85.9161		2.83161e+06		1.06546		291.076			00:00:26:250		1.22336e+07		-3.89547		5.59772		0		7.15582e+06		-10.6149		
00:00:26:250		7.15613e+06		130.601		85.9161		2.83161e+06		1.06546		291.076			00:00:26:250		1.22336e+07		-3.89547		5.59772		0		7.15582e+06		-10.6149		
00:00:26:149		7.15576e+06		130.601		85.63		2.81569e+06		1.05997		291.086			00:00:26:149		1.22462e+07		-3.88118		5.59788		0		7.15584e+06		19.1797		
00:00:26:050		7.15526e+06		130.601		85.63		2.81569e+06		1.05997		291.097			00:00:26:050		1.22586e+07		-3.86687		5.59752		0		7.15572e+06		28.1045		
00:00:25:949		7.15484e+06		130.404		85.3386		2.79971e+06		1.05448		291.108			00:00:25:949		1.22711e+07		-3.85252		5.5959		0		7.15523e+06		16.2424		
00:00:25:850		7.15443e+06		130.404		85.3386		2.79971e+06		1.05448		291.119			00:00:25:850		1.22835e+07		-3.83815		5.59325		0		7.15446e+06		-16.4895		
00:00:25:750		7.15402e+06		130.208		85.3386		2.79971e+06		1.05448		291.131			00:00:25:750		1.2296e+07		-3.82375		5.59114		0		7.15373e+06		-26.9547		
00:00:25:649		7.15357e+06		130.208		85.0417		2.78363e+06		1.04899		291.142			00:00:25:649		1.23085e+07		-3.80932		5.59039		7.1844		7.1533e+06		-17.5422		
00:00:25:550		7.15313e+06		130.208		85.0417		2.78363e+06		1.04899		291.154			00:00:25:550		1.2321e+07		-3.79485		5.59		11.4176		7.15313e+06		11.3985		
00:00:25:350		7.15222e+06		130.011		84.7392		2.76741e+06		1.04349		291.178			00:00:25:350		1.2346e+07		-3.76583		5.58417		23.4287		7.15238e+06		7.08193		
00:00:25:250		7.15176e+06		129.813		84.7392		2.76741e+06		1.04349		291.191			00:00:25:250		1.23585e+07		-3.75127		5.58014		29.4179		7.15175e+06		-12.2466		
00:00:25:250		7.15176e+06		129.813		84.7392		2.76741e+06		1.04349		291.191			00:00:25:250		1.23585e+07		-3.75127		5.58014		29.4179		7.15175e+06		-12.2466		
00:00:25:149		7.15128e+06		129.813		84.4309		2.75114e+06		1.03798		291.204			00:00:25:149		1.2371e+07		-3.73668		5.57844		35.0684		7.1512e+06		-12.036		
00:00:25:000		7.15057e+06		129.616		84.4309		2.75114e+06		1.03798		291.223			00:00:25:000		1.23897e+07		-3.71472		5.57942		43.2343		7.15056e+06		3.35545		
00:00:25:000		7.15057e+06		129.616		84.4309		2.75114e+06		1.03798		291.223			00:00:25:000		1.23897e+07		-3.71472		5.57942		43.2343		7.15056e+06		3.35545		
00:00:24:899		7.15008e+06		129.616		84.1167		2.73475e+06		1.03248		291.236			00:00:24:899		1.24022e+07		-3.70003		5.57978		46.1447		7.15012e+06		4.80161		
00:00:24:699		7.14911e+06		129.417		83.7965		2.71818e+06		1.02696		291.263			00:00:24:699		1.24272e+07		-3.67057		5.58794		46.8463		7.14911e+06		0		
00:00:24:600		7.14863e+06		129.417		83.7965		2.71818e+06		1.02696		291.277			00:00:24:600		1.24396e+07		-3.65579		5.58329		46.9623		7.14862e+06		0		
00:00:24:600		7.14863e+06		129.417		83.7965		2.71818e+06		1.02696		291.277			00:00:24:600		1.24396e+07		-3.65579		5.58329		46.9623		7.14862e+06		0		
00:00:24:500		7.14815e+06		129.219		83.7965		2.71818e+06		1.02696		291.291			00:00:24:500		1.24522e+07		-3.64097		5.57944		47.078		7.14814e+06		0.716849		
00:00:24:300		7.14719e+06		129.219		83.4704		2.70151e+06		1.02144		291.32			00:00:24:300		1.24773e+07		-3.61125		5.56257		47.4236		7.14721e+06		3.55627		
00:00:24:300		7.14719e+06		129.219		83.4704		2.70151e+06		1.02144		291.32			00:00:24:300		1.24773e+07		-3.61125		5.56257		47.4236		7.14721e+06		3.55627		
00:00:24:100		7.14624e+06		129.02		83.1383		2.68478e+06		1.01592		291.349			00:00:24:100		1.25024e+07		-3.58142		5.54728		47.6718		7.14625e+06		2.16547		
00:00:24:100		7.14624e+06		129.02		83.1383		2.68478e+06		1.01592		291.349			00:00:24:100		1.25024e+07		-3.58142		5.54728		47.6718		7.14625e+06		2.16547		
00:00:24:000		7.14576e+06		128.821		83.1383		2.68478e+06		1.01592		291.364			00:00:24:000		1.2515e+07		-3.56648		5.54503		47.8618		7.14577e+06		2.6684		
00:00:23:899		7.14529e+06		128.821		82.8004		2.66794e+06		1.01039		291.379			00:00:23:899		1.25277e+07		-3.55151		5.54049		48.0134		7.14531e+06		4.089		
00:00:23:800		7.14483e+06		128.821		82.8004		2.66794e+06		1.01039		291.394			00:00:23:800		1.25403e+07		-3.53652		5.53011		48.1645		7.14486e+06		4.27637		
00:00:23:699		7.14436e+06		128.622		82.4567		2.65101e+06		1.00486		291.41			00:00:23:699		1.2553e+07		-3.52151		5.51739		48.2776		7.14439e+06		4.58279		
00:00:23:600		7.1439e+06		128.622		82.4567		2.65101e+06		1.00486		291.425			00:00:23:600		1.25656e+07		-3.50646		5.50942		48.4655		7.14393e+06		4.42251		
00:00:23:500		7.14345e+06		128.422		82.4567		2.65101e+06		1.00486		291.441			00:00:23:500		1.25783e+07		-3.49139		5.50822		48.634		7.14348e+06		4.58266		
00:00:23:399		7.14299e+06		128.422		82.1072		2.63387e+06		0.999312		291.457			00:00:23:399		1.25909e+07		-3.47629		5.50729		48.7833		7.14302e+06		4.90499		
00:00:23:300		7.14255e+06		128.422		82.1072		2.63387e+06		0.999312		291.473			00:00:23:300		1.26036e+07		-3.46117		5.49858		48.9323		7.14258e+06		5.44857		
00:00:23:199		7.14211e+06		128.222		81.752		2.61649e+06		0.993761		291.49			00:00:23:199		1.26162e+07		-3.44601		5.48277		49.1178		7.14215e+06		6.13675		
00:00:23:100		7.14168e+06		128.222		81.752		2.61649e+06		0.993761		291.506			00:00:23:100		1.26289e+07		-3.43081		5.46999		49.3028		7.14173e+06		6.66234		
00:00:23:000		7.14126e+06		128.022		81.752		2.61649e+06		0.993761		291.523			00:00:23:000		1.26415e+07		-3.41559		5.46806		49.4134		7.14132e+06		7.04378		
00:00:22:899		7.14086e+06		128.022		81.391		2.59893e+06		0.988204		291.539			00:00:22:899		1.26541e+07		-3.40035		5.47189		49.5973		7.14092e+06		7.58815		
00:00:22:800		7.14047e+06		128.022		81.391		2.59893e+06		0.988204		291.556			00:00:22:800		1.26668e+07		-3.38508		5.46785		49.7806		7.14054e+06		8.43556		
00:00:22:699		7.1401e+06		127.822		81.0244		2.58111e+06		0.982643		291.573			00:00:22:699		1.26794e+07		-3.3698		5.45032		49.9632		7.14017e+06		9.20151		
00:00:22:600		7.13973e+06		127.822		81.0244		2.58111e+06		0.982643		291.591			00:00:22:600		1.2692e+07		-3.35451		5.4306		50.1453		7.13982e+06		10.0768		
00:00:22:500		7.13938e+06		127.622		81.0244		2.58111e+06		0.982643		291.609			00:00:22:500		1.27046e+07		-3.3392		5.42423		50.3448		7.13947e+06		10.9552		
00:00:22:399		7.13904e+06		127.622		80.6525		2.56316e+06		0.977079		291.627			00:00:22:399		1.27172e+07		-3.32386		5.43229		50.5255		7.13915e+06		11.7366		
00:00:22:300		7.13871e+06		127.622		80.6525		2.56316e+06		0.977079		291.646			00:00:22:300		1.27299e+07		-3.3085		5.43677		50.7237		7.13883e+06		12.3127		
00:00:22:199		7.13825e+06		127.421		80.2755		2.54505e+06		0.971512		291.665			00:00:22:199		1.27425e+07		-3.29312		5.40752		51.0106		7.13852e+06		13.1202		
00:00:22:050		7.13795e+06		127.421		80.2755		2.54505e+06		0.971512		291.693			00:00:22:050		1.27615e+07		-3.27001		5.38186		51.207		7.13809e+06		13.7667		
00:00:21:949		7.13767e+06		127.22		79.8938		2.52668e+06		0.96594		291.713			00:00:21:949		1.27742e+07		-3.25459		5.37846		51.4027		7.13781e+06		14.4662		
00:00:21:850		7.13739e+06		127.22		79.8938		2.52668e+06		0.96594		291.734			00:00:21:850		1.2787e+07		-3.23917		5.3957		51.5977		7.13755e+06		15.2662		
00:00:21:750		7.13713e+06		127.019		79.8938		2.52668e+06		0.96594		291.754			00:00:21:750		1.27996e+07		-3.22373		5.40405		51.792		7.13731e+06		16.0268		
00:00:21:649		7.13689e+06		127.019		79.5075		2.50807e+06		0.960364		291.774			00:00:21:649		1.28123e+07		-3.20827		5.38128		52.0033		7.13707e+06		16.7508		
00:00:21:550		7.13665e+06		127.019		79.5075		2.50807e+06		0.960364		291.796			00:00:21:550		1.28249e+07		-3.19277		5.34193		52.2137		7.13685e+06		17.4206		
00:00:21:449		7.13642e+06		126.818		79.1171		2.48926e+06		0.954783		291.817			00:00:21:449		1.28376e+07		-3.17724		5.32414		52.4408		7.13663e+06		18.0575		
00:00:21:300		7.136e+06		126.616		79.1171		2.48926e+06		0.954783		291.861			00:00:21:300		1.28629e+07		-3.14611		5.37363		52.8576		7.13623e+06		19.1109		
00:00:21:300		7.136e+06		126.616		79.1171		2.48926e+06		0.954783		291.861			00:00:21:300		1.28629e+07		-3.14611		5.37363		52.8576		7.13623e+06		19.1109		
00:00:21:149		7.13580e+06		126.616		78.723		2.47025e+06		0.949199		291.883			00:00:21:149		1.28756e+07		-3.13051		5.36308		53.0649		7.13605e+06		19.8171		
00:00:21:050		7.13562e+06		126.616		78.723		2.47025e+06		0.949199		291.906			00:00:21:050		1.28882e+07		-3.1149		5.30992		53.3058		7.13588e+06		20.6022		
00:00:20:949		7.13545e+06		126.413		78.3256		2.45103e+06		0.943609		291.929			00:00:20:949		1.29009e+07		-3.09927		5.2681		53.5456		7.13572e+06		21.3736		
00:00:20:850		7.13528e+06		126.413		78.3256		2.45103e+06		0.943609		291.952			00:00:20:850		1.29136e+07		-3.0836		5.2824		53.7845		7.13557e+06		22.1034		
00:00:20:750		7.13513e+06		126.21		78.3256		2.45103e+06		0.943609		291.977			00:00:20:750		1.29263e+07		-3.0679		5.33295		54.0393		7.13544e+06		22.7714		
00:00:20:649		7.13499e+06		126.21		77.9255		2.43149e+06		0.938015		292.001			00:00:20:649		1.29391e+07		-3.05218		5.35006		54.3605		7.13531e+06		23.3325		
00:00:20:550		7.13487e+06		126.21		77.9255		2.43149e+06		0.938015		292.026			00:00:20:550		1.29518e+07		-3.03644		5.28011		54.7637		7.13519e+06		23.8239		
00:00:20:449		7.13476e+06		126.005		77.5234		2.41161e+06		0.932417		292.051			00:00:20:449		1.29646e+07		-3.02066		5.18597		55.38		7.13509e+06		24.3592		
00:00:20:350		7.13466e+06		126.005		77.5234		2.41161e+06		0.932417		292.076			00:00:20:350		1.29773e+07		-3.00486		5.08215		56.4473		7.13501e+06		25.3505		
00:00:20:250		7.13457e+06		125.801		77.5234		2.41161e+06		0.932417		292.102			00:00:20:250		1.29901e+07		-2.98903		4.97219		58.1802		7.13495e+06		26.3334		
00:00:20:149		7.13451e+06		125.801		77.12		2.39148e+06		0.926813		292.129			00:00:20:149		1.30028e+07		-2.97315		4.86708		60.0353		7.13491e+06		27.3401		
00:00:20:050		7.13446e+06		125.801		77.12		2.39148e+06		0.926813		292.156			00:00:20:050		1.30156e+07		-2.95726		4.77391		61.8679		7.13489e+06		28.3431		
00:00:19:949		7.13443e+06		125.595		76.7161		2.37103e+06		0.921205		292.184			00:00:19:949		1.30284e+07		-2.94134		4.68589		63.6945		7.13488e+06		29.3685		
00:00:19:850		7.13441e+06		125.595		76.7161		2.37103e+06		0.921205		292.211			00:00:19:850		1.30412e+07		-2.9254		4.58814		65.5296		7.1349e+06		30.3737		
00:00:19:750		7.13441e+06		125.388		76.7161		2.37103e+06		0.921205		292.24			00:00:19:750		1.3054e+07		-2.90944		4.47619		67.3175		7.13493e+06		31.347		
00:00:19:649		7.13443e+06		125.388		76.3125		2.35022e+06		0.915592		292.269			00:00:19:649		1.30668e+07		-2.89347		4.36407		69.1019		7.13497e+06		32.3466		
00:00:19:550		7.13446e+06		125.388		76.3125		2.35022e+06		0.915592		292.299			00:00:19:550		1.30796e+07		-2.87748		4.26879		70.8701		7.13504e+06		33.3626		
00:00:19:449		7.13452e+06		125.18		75.9102		2.32899e+06		0.909974		292.329			00:00:19:449		1.30924e+07		-2.86147		4.18915		72.6231		7.13512e+06		34.3667		
00:00:19:350		7.13458e+06		125.18		75.9102		2.32899e+06		0.909974		292.36			00:00:19:350		1.31052e+07		-2.84543		4.10289		74.3494		7.13522e+06		35.3797		
00:00:19:250		7.13466e+06		124.971		75.9102		2.32899e+06		0.909974		292.391			00:00:19:250		1.31179e+07		-2.82937		3.99352		76.0753		7.13533e+06		36.3699		
00:00:19:149		7.13476e+06		124.971		75.5099		2.30731e+06		0.904351		292.422			00:00:19:149		1.31307e+07		-2.81328		3.87208		77.7888		7.13547e+06		37.3673		
00:00:19:050		7.13488e+06		124.971		75.5099		2.30731e+06		0.904351		292.455			00:00:19:050		1.31435e+07		-2.79716		3.76885		79.4907		7.13561e+06		38.3334		
00:00:18:949		7.13501e+06		124.76		75.1124		2.28515e+06		0.898724		292.487			00:00:18:949		1.31563e+07		-2.78101		3.69696		81.1586		7.13578e+06		39.3074		
00:00:18:850		7.13515e+06		124.76		75.1124		2.28515e+06		0.898724		292.521			00:00:18:850		1.31691e+07		-2.76483		3.62804		82.8397		7.13596e+06		40.2727		
00:00:18:750		7.13531e+06		124.548		75.1124		2.28515e+06		0.898724		292.555			00:00:18:750		1.31819e+07		-2.74861		3.52918		84.4999		7.13616e+06		41.2656		
00:00:18:649		7.13549e+06		124.548		74.718		2.26253e+06		0.893092		292.589			00:00:18:649		1.31947e+07		-2.73236		3.39609		86.1404		7.13637e+06		42.2644		
00:00:18:550		7.13568e+06		124.548		74.718		2.26253e+06		0.893092		292.625			00:00:18:550		1.32075e+07		-2.71609		3.27661		87.7945		7.1366e+06		43.3069		
00:00:18:399		7.13599e+06		124.333		74.3274		2.23939e+06		0.887454		292.679			00:00:18:399		1.32266e+07		-2.69163		3.18843		90.2368		7.13697e+06		44.8606		
00:00:18:300		7.13621e+06		124.333		74.3274		2.23939e+06		0.887454		292.716			00:00:18:300		1.32394e+07		-2.6753		3.13561		91.8509		7.13724e+06		45.8716		
00:00:18:250		7.13633e+06		124.117		74.3274		2.23939e+06		0.887454		292.735			00:00:18:250		1.32458e+07		-2.66712		3.09131		92.6682		7.13738e+06		46.3641		
00:00:18:100		7.1367e+06		124.117		73.9411		2.21567e+06		0.881812		292.792			00:00:18:100		1.3265e+07		-2.64259		2.86707		95.0796		7.13781e+06		47.774		
00:00:18:100		7.1367e+06		124.117		73.9411		2.21567e+06		0.881812		292.792			00:00:18:100		1.3265e+07		-2.64259		2.86707		95.0796		7.13781e+06		47.774		
00:00:18:000		7.13696e+06		123.898		73.9411		2.21567e+06		0.881812		292.831			00:00:18:000		1.32779e+07		-2.62622		2.74149		96.6942		7.13811e+06		48.6453		
00:00:17:899		7.13723e+06		123.898		73.56		2.19127e+06		0.876165		292.871			00:00:17:899		1.32907e+07		-2.60984		2.72216		98.2928		7.13843e+06		49.4945		
00:00:17:800		7.13752e+06		123.898		73.56		2.19127e+06		0.876165		292.912			00:00:17:800		1.33036e+07		-2.59342		2.72638		99.8953		7.13875e+06		50.3284		
00:00:17:699		7.13782e+06		123.675		73.1838		2.16614e+06		0.870514		292.953			00:00:17:699		1.33165e+07		-2.57698		2.73066		101.511		7.13909e+06		51.1796		
00:00:17:600		7.13813e+06		123.675		73.1838		2.16614e+06		0.870514		292.995			00:00:17:600		1.33293e+07		-2.56051		2.7349		103.102		7.13944e+06		52.0663		
00:00:17:399		7.13878e+06		123.45		72.8093		2.14032e+06		0.864857		293.081			00:00:17:399		1.33551e+07		-2.52745		2.74355		106.313		7.14019e+06		54.1261		
00:00:17:300		7.13878e+06		123.45		72.8093		2.14032e+06		0.864857		293.081			00:00:17:300		1.33551e+07		-2.52745		2.74355		106.313		7.14019e+06		54.1261		
00:00:17:199		7.13949e+06		123.221		72.4257		2.11371e+06		0.859196		293.17			00:00:17:199		1.33807e+07		-2.49426		2.75222		109.546		7.14102e+06		56.5198		
00:00:17:199		7.13949e+06		123.221		72.4257		2.11371e+06		0.859196		293.17			00:00:17:199		1.33807e+07		-2.49426		2.75222		109.546		7.14102e+06		56.5198		
00:00:17:100		7.13987e+06		123.221		72.4257		2.11371e+06		0.859196		293.215			00:00:17:100		1.33935e+07		-2.47761		2.75661		111.162		7.14147e+06		57.8034		
00:00:17:000		7.14026e+06		122.988		72.4257		2.11371e+06		0.859196		293.261			00:00:17:000		1.34064e+07		-2.46093		2.76107		112.782		7.14193e+06		59.1111		
00:00:16:899		7.14066e+06		122.988		72.0326		2.08619e+06		0.853529		293.308			00:00:16:899		1.34191e+07		-2.44423		2.76548		114.429		7.14241e+06		60.3713		
00:00:16:800		7.14108e+06		122.988		72.0326		2.08619e+06		0.853529		293.355			00:00:16:800		1.34319e+07		-2.42751		2.76992		116.094		7.1429e+06		61.497		
00:00:16:699		7.14153e+06		122.749		71.6295		2.05771e+06		0.847857		293.402			00:00:16:699		1.34446e+07		-2.41078		2.77432		117.761		7.1434e+06		62.4379		
00:00:16:600		7.14199e+06		122.749		71.6295		2.05771e+06		0.847857		293.451			00:00:16:600		1.34573e+07		-2.39402		2.77884		119.421		7.14391e+06		63.1814		
00:00:16:500		7.14249e+06		122.506		71.6295		2.05771e+06		0.847857		293.499			00:00:16:500		1.347e+07		-2.37724		2.7834		121.091		7.14443e+06		63.7634		
00:00:16:300		7.14354e+06		122.506		71.2159		2.02811e+06		0.84218		293.598			00:00:16:300		1.34953e+07		-2.34358		2.79254		124.556		7.14556e+06		65.8064		
00:00:16:300		7.14354e+06		122.506		71.2159		2.02811e+06		0.84218		293.598			00:00:16:300		1.34953e+07		-2.34358		2.79254		124.556		7.14556e+06		65.8064		
00:00:16:199		7.14405e+06		122.256		70.7913		1.99743e+06		0.836496		293.648			00:00:16:199		1.3508e+07		-2.3267		2.79708		126.281		7.14619e+06		67.8021		
00:00:16:100		7.14459e+06		122.256		70.7913		1.99743e+06		0.836496		293.698			00:00:16:100		1.35207e+07		-2.30977		2.80164		128.005		7.14687e+06		69.8397		
00:00:16:000		7.14518e+06		122		70.7913		1.99743e+06		0.836496		293.749			00:00:16:000		1.35334e+07		-2.29281		2.80626		129.766		7.14759e+06		71.9672		
00:00:15:900		7.1458e+06		122		70.3551		1.96566e+06		0.830806		293.8			00:00:15:900		1.35461e+07		-2.27583		2.81093		131.591		7.14835e+06		74.1232		
00:00:15:800		7.14646e+06		122		70.3551		1.96566e+06		0.830806		293.851			00:00:15:800		1.35589e+07		-2.25881		2.81563		133.442		7.14916e+06		76.3151		
00:00:15:650		7.14752e+06		121.736		69.9069		1.93257e+06		0.825109		293.928			00:00:15:650		1.3578e+07		-2.23322		2.82262		136.176		7.15047e+06		79.6638		
00:00:15:599		7.1479e+06		121.736		69.9069		1.93257e+06		0.825109		293.954			00:00:15:599		1.35843e+07		-2.22467		2.82499		137.092		7.15093e+06		80.7817		
00:00:15:500		7.14867e+06		121.465		69.9069		1.93257e+06		0.825109		294.005			00:00:15:500		1.35971e+07		-2.20756		2.82979		138.989		7.15187e+06		82.9906		
00:00:15:400		7.14949e+06		121.465		69.4464		1.89811e+06		0.819403		294.057			00:00:15:400		1.36098e+07		-2.19042		2.83453		141.01		7.15286e+06		85.1547		
00:00:15:250		7.1508e+06		121.184		69.4464		1.89811e+06		0.819403		294.134			00:00:15:250		1.36288e+07		-2.16469		2.8419		144.076		7.1544e+06		87.9675		
00:00:15:150		7.15172e+06		121.184		68.9731		1.8622e+06		0.813689		294.186			00:00:15:150		1.36415e+07		-2.1475		2.84667		146.054		7.15548e+06		89.8191		
00:00:15:050		7.15268e+06		121.184		68.9731		1.8622e+06		0.813689		294.237			00:00:15:050		1.36542e+07		-2.13028		2.85109		148.13		7.15659e+06		91.7145		
00:00:14:949		7.15367e+06		120.894		68.4868		1.82466e+06		0.807965		294.288			00:00:14:949		1.3667e+07		-2.11304		2.85608		150.413		7.15775e+06		93.639		
00:00:14:849		7.15469e+06		120.894		68.4868		1.82466e+06		0.807965		294.339			00:00:14:849		1.36797e+07		-2.09578		2.86109		152.908		7.15894e+06		95.5971		
00:00:14:750		7.15574e+06		120.593		68.4868		1.82466e+06		0.807965		294.389			00:00:14:750		1.36924e+07		-2.07851		2.86592		155.432		7.16017e+06		97.5226		
00:00:14:650		7.15683e+06		120.593		67.9874		1.7855e+06		0.80223		294.438			00:00:14:650		1.37051e+07		-2.06126		2.87044		158.007		7.16143e+06		99.4462		
00:00:14:550		7.15794e+06		120.593		67.9874		1.7855e+06		0.80223		294.488			00:00:14:550		1.37178e+07		-2.04405		2.8756		161.091		7.16272e+06		101.326		
00:00:14:449		7.15908e+06		120.283		67.4749		1.74472e+06		0.796483		294.537			00:00:14:449		1.37304e+07		-2.02689		2.88052		165.434		7.16405e+06		103.097		
00:00:14:349		7.16025e+06		120.283		67.4749		1.74472e+06		0.796483		294.585			00:00:14:349		1.37431e+07		-2.00977		2.88538		172.148		7.16539e+06		104.831		
00:00:14:250		7.16144e+06		119.96		67.4749		1.74472e+06		0.796483		294.633			00:00:14:250		1.37557e+07		-1.99274		2.89042		183.575		7.16675e+06		106.427		
00:00:14:199		7.16204e+06		119.96		66.9501		1.70221e+06		0.790723		294.657			00:00:14:199		1.3762e+07		-1.98425		2.8929		192.568		7.16743e+06		107.205		
00:00:14:099		7.16323e+06		119.96		66.9501		1.70221e+06		0.790723		294.705			00:00:14:099		1.37747e+07		-1.96736		2.89788		221.952		7.16878e+06		108.623		
00:00:13:949		7.16497e+06		119.625		66.4142		1.65788e+06		0.784949		294.775			00:00:13:949		1.37937e+07		-1.94222		2.90519		286.865		7.17075e+06		110.467		
00:00:13:849		7.16611e+06		119.625		66.4142		1.65788e+06		0.784949		294.821			00:00:13:849		1.38064e+07		-1.92559		2.91013		329.523		7.17201e+06		111.602		
00:00:13:750		7.16723e+06		119.277		66.4142		1.65788e+06		0.784949		294.866			00:00:13:750		1.38192e+07		-1.90907		2.91532		367.461		7.17325e+06		112.71		
00:00:13:650		7.16833e+06		119.277		65.8676		1.61171e+06		0.77916		294.91			00:00:13:650		1.38319e+07		-1.89267		2.92041		399.742		7.17448e+06		113.843		
00:00:13:550		7.16943e+06		119.277		65.8676		1.61171e+06		0.77916		294.954			00:00:13:550		1.38446e+07		-1.87639		2.92537		426.454		7.17571e+06		115.024		
00:00:13:449		7.17053e+06		118.917		65.3109		1.56383e+06		0.773355		294.998			00:00:13:449		1.38574e+07		-1.86025		2.93052		448.112		7.17694e+06		116.324		
00:00:13:349		7.17162e+06		118.917		65.3109		1.56383e+06		0.773355		295.04			00:00:13:349		1.38702e+07		-1.84426		2.93561		465.166		7.17818e+06		117.614		
00:00:13:250		7.17273e+06		118.544		65.3109		1.56383e+06		0.773355		295.082			00:00:13:250		1.3883e+07		-1.82842		2.94083		477.404		7.17943e+06		118.919		
00:00:13:150		7.17387e+06		118.544		64.7451		1.51431e+06		0.767534		295.123			00:00:13:150		1.38959e+07		-1.81274		2.94596		483.448		7.18069e+06		119.879		
00:00:13:050		7.17504e+06		118.544		64.7451		1.51431e+06		0.767534		295.163			00:00:13:050		1.39088e+07		-1.79722		2.95093		484.551		7.18195e+06		120.795		
00:00:12:949		7.17621e+06		118.158		64.1709		1.46313e+06		0.761695		295.203			00:00:12:949		1.39217e+07		-1.78182		2.95602		485.076		7.18322e+06		121.682		
00:00:12:849		7.17739e+06		118.158		64.1709		1.46313e+06		0.761695		295.243			00:00:12:849		1.39347e+07		-1.76653		2.96107		485.588		7.18451e+06		122.626		
00:00:12:750		7.17858e+06		117.759		64.1709		1.46313e+06		0.761695		295.282			00:00:12:750		1.39478e+07		-1.75132		2.96628		486.094		7.18581e+06		123.686		
00:00:12:650		7.17977e+06		117.759		63.5886		1.41025e+06		0.755837		295.32			00:00:12:650		1.3961e+07		-1.73617		2.97132		486.591		7.18712e+06		124.789		
00:00:12:550		7.18095e+06		117.759		63.5886		1.41025e+06		0.755837		295.359			00:00:12:550		1.39743e+07		-1.72105		2.97632		487.082		7.18844e+06		125.879		
00:00:12:449		7.18214e+06		117.35		62.9981		1.35549e+06		0.74996		295.397			00:00:12:449		1.39878e+07		-1.70592		2.98143		487.562		7.18975e+06		126.99		
00:00:12:349		7.18332e+06		117.35		62.9981		1.35549e+06		0.74996		295.435			00:00:12:349		1.40014e+07		-1.69075		2.98648		488.031		7.19107e+06		128.128		
00:00:12:199		7.18509e+06		116.931		62.3986		1.29888e+06		0.744063		295.493			00:00:12:199		1.40224e+07		-1.66789		2.99427		488.718		7.19305e+06		129.892		
00:00:12:199		7.18509e+06		116.931		62.3986		1.29888e+06		0.744063		295.493			00:00:12:199		1.40224e+07		-1.66789		2.99427		488.718		7.19305e+06		129.892		
00:00:12:050		7.18686e+06		116.931		62.3986		1.29888e+06		0.744063		295.551			00:00:12:050		1.4044e+07		-1.6448		3.00178		489.368		7.19504e+06		131.794		
00:00:11:900		7.18859e+06		116.501		61.7908		1.24038e+06		0.738142		295.61			00:00:11:900		1.40665e+07		-1.62145		3.00928		489.989		7.19705e+06		134.175		
00:00:11:900		7.18859e+06		116.501		61.7908		1.24038e+06		0.738142		295.61			00:00:11:900		1.40665e+07		-1.62145		3.00928		489.989		7.19705e+06		134.175		
00:00:11:800		7.18975e+06		116.501		61.7908		1.24038e+06		0.738142		295.651			00:00:11:800		1.40822e+07		-1.60571		3.01446		490.381		7.19842e+06		135.87		
00:00:11:699		7.1909e+06		116.06		61.1757		1.17983e+06		0.732197		295.692			00:00:11:699		1.40982e+07		-1.58988		3.01974		490.754		7.1998e+06		137.761		
00:00:11:599		7.19206e+06		116.06		61.1757		1.17983e+06		0.732197		295.734			00:00:11:599		1.41141e+07		-1.57395		3.02491		491.112		7.20121e+06		139.727		
00:00:11:500		7.1932e+06		115.607		61.1757		1.17983e+06		0.732197		295.777			00:00:11:500		1.413e+07		-1.5579		3.02965		491.451		7.20262e+06		141.746		
00:00:11:400		7.19434e+06		115.607		60.5536		1.11731e+06		0.726224		295.821			00:00:11:400		1.41457e+07		-1.54172		3.03443		491.774		7.20404e+06		143.797		
00:00:11:199		7.1966e+06		115.143		59.9251		1.05279e+06		0.720222		295.912			00:00:11:199		1.41759e+07		-1.50874		3.0447		492.357		7.2069e+06		148.232		
00:00:11:099		7.19771e+06		115.143		59.9251		1.05279e+06		0.720222		295.96			00:00:11:099		1.41897e+07		-1.49187		3.05008		492.622		7.20833e+06		150.567		
00:00:11:099		7.19771e+06		115.143		59.9251		1.05279e+06		0.720222		295.96			00:00:11:099		1.41897e+07		-1.49187		3.05008		492.622		7.20833e+06		150.567		
00:00:11:000		7.19881e+06		114.667		59.9251		1.05279e+06		0.720222		296.011			00:00:11:000		1.42026e+07		-1.47488		3.05495		492.871		7.20978e+06		152.982		
00:00:10:900		7.19989e+06		114.667		59.291		986231		0.714187		296.064			00:00:10:900		1.42154e+07		-1.45784		3.05963		493.105		7.21122e+06		155.467		
00:00:10:800		7.20096e+06		114.667		59.291		986231		0.714187		296.12			00:00:10:800		1.42282e+07		-1.44078		3.06456		493.322		7.21266e+06		158.008		
00:00:10:699		7.20201e+06		114.178		58.6522		917629		0.708124		296.177			00:00:10:699		1.42409e+07		-1.42369		3.06988		493.522		7.2141e+06		160.561		
00:00:10:599		7.20304e+06		114.178		58.6522		917629		0.708124		296.234			00:00:10:599		1.42535e+07		-1.40657		3.07505		493.709		7.21552e+06		163.054		
00:00:10:500		7.20404e+06		113.678		58.6522		917629		0.708124		296.293			00:00:10:500		1.42661e+07		-1.38941		3.07987		493.883		7.21691e+06		165.492		
00:00:10:300		7.20604e+06		113.678		58.0098		847198		0.702053		296.416			00:00:10:300		1.42911e+07		-1.35492		3.08987		494.175		7.2196e+06		169.702		
00:00:10:199		7.20701e+06		113.166		57.3651		776062		0.695972		296.48			00:00:10:199		1.43033e+07		-1.33757		3.09585		494.292		7.22089e+06		171.714		
00:00:10:199		7.20701e+06		113.166		57.3651		776062		0.695972		296.48			00:00:10:199		1.43033e+07		-1.33757		3.09585		494.292		7.22089e+06		171.714		
00:00:10:099		7.20794e+06		113.166		57.3651		776062		0.695972		296.547			00:00:10:099		1.43153e+07		-1.3201		3.10161		494.39		7.22215e+06		173.709		
00:00:10:000		7.20883e+06		112.639		57.3651		776062		0.695972		296.616			00:00:10:000		1.43269e+07		-1.30254		3.10671		494.467		7.22338e+06		175.745		
00:00:09:900		7.20968e+06		112.639		56.7198		708112		0.68965		296.686			00:00:09:900		1.43381e+07		-1.28495		3.11291		494.522		7.22458e+06		177.86		
00:00:09:800		7.21047e+06		112.639		56.7198		708112		0.68965		296.753			00:00:09:800		1.43495e+07		-1.26732		3.1545		494.552		7.22574e+06		180.083		
00:00:09:699		7.2112e+06		112.097		56.075		656651		0.672895		296.813			00:00:09:699		1.43606e+07		-1.24965		3.25121		494.562		7.22688e+06		182.44		
00:00:09:599		7.21186e+06		112.097		56.075		656651		0.672895		296.903			00:00:09:599		1.43715e+07		-1.23192		3.13664		494.554		7.22796e+06		184.875		
00:00:09:449		7.21272e+06		111.523		55.4314		618281		0.656075		297.033			00:00:09:449		1.43882e+07		-1.20544		3.14401		494.51		7.2295e+06		188.669		
00:00:09:349		7.2132e+06		111.523		55.4314		618281		0.656075		297.121			00:00:09:349		1.43996e+07		-1.1877		3.1492		494.467		7.23044e+06		191.199		
00:00:09:250		7.21361e+06		110.888		55.4314		618281		0.656075		297.211			00:00:09:250		1.44107e+07		-1.16999		3.15413		494.418		7.23132e+06		193.696		
00:00:09:150		7.21393e+06		110.888		54.7865		579243		0.639188		297.303			00:00:09:150		1.44218e+07		-1.15222		3.15895		494.372		7.2321e+06		196.094		
00:00:09:050		7.21418e+06		110.888		54.7865		579243		0.639188		297.398			00:00:09:050		1.44327e+07		-1.13442		3.16365		494.331		7.23279e+06		198.383		
00:00:08:949		7.21434e+06		110.651		54.139		540327		0.622231		297.495			00:00:08:949		1.44437e+07		-1.11658		3.16822		494.309		7.23338e+06		200.531		
00:00:08:900		7.21439e+06		110.651		54.139		540327		0.622231		297.544			00:00:08:900		1.44488e+07		-1.10774		3.17057		494.307		7.23364e+06		201.543		
00:00:08:750		7.21441e+06		110.406		54.139		540327		0.622231		297.692			00:00:08:750		1.44655e+07		-1.08088		3.1776		494.347		7.23425e+06		204.472		
00:00:08:650		7.21432e+06		110.406		53.4856		501679		0.605201		297.79			00:00:08:650		1.44763e+07		-1.06292		3.18214		494.42		7.23453e+06		206.315		
00:00:08:550		7.21415e+06		110.406		53.4856		501679		0.605201		297.889			00:00:08:550		1.44864e+07		-1.04484		3.18646		494.528		7.23471e+06		207.97		
00:00:08:449		7.21389e+06		110.152		52.8279		463354		0.588096		297.988			00:00:08:449		1.44958e+07		-1.02662		3.19112		494.668		7.23476e+06		209.425		
00:00:08:349		7.21355e+06		110.152		52.8279		463354		0.588096		298.088			00:00:08:349		1.45049e+07		-1.00839		3.19605		494.838		7.23468e+06		210.507		
00:00:08:250		7.21316e+06		109.888		52.8279		463354		0.588096		298.19			00:00:08:250		1.45132e+07		-0.990051		3.20093		495.023		7.23445e+06		211.039		
00:00:08:150		7.21272e+06		109.888		52.1674		425477		0.570913		298.295			00:00:08:150		1.4521e+07		-0.971828		3.20546		495.216		7.23407e+06		211.1		
00:00:08:050		7.21219e+06		109.888		52.1674		425477		0.570913		298.403			00:00:08:050		1.45289e+07		-0.953763		3.20977		495.405		7.23356e+06		211.183		
00:00:07:950		7.21147e+06		109.615		51.5058		388092		0.553646		298.512			00:00:07:950		1.4537e+07		-0.935899		3.21425		495.578		7.23293e+06		211.783		
00:00:07:849		7.21055e+06		109.615		51.5058		388092		0.553646		298.623			00:00:07:849		1.45456e+07		-0.918261		3.21865		495.723		7.23223e+06		212.964		
00:00:07:750		7.20947e+06		109.332		51.5058		388092		0.553646		298.736			00:00:07:750		1.45548e+07		-0.900875		3.22334		495.836		7.23147e+06		214.731		
00:00:07:650		7.20825e+06		109.332		50.844		351376		0.536293		298.85			00:00:07:650		1.45648e+07		-0.883745		3.22745		495.926		7.23068e+06		217.094		
00:00:07:549		7.20691e+06		109.332		50.844		351376		0.536293		298.966			00:00:07:549		1.45758e+07		-0.866829		3.23074		495.999		7.22992e+06		220.283		
00:00:07:450		7.20545e+06		109.039		50.1838		315479		0.51885		299.082			00:00:07:450		1.45876e+07		-0.849993		3.23578		496.058		7.22927e+06		224.649		
00:00:07:349		7.20384e+06		109.039		50.1838		315479		0.51885		299.2			00:00:07:349		1.45993e+07		-0.833188		3.23963		496.121		7.22873e+06		229.741		
00:00:07:250		7.20203e+06		108.736		50.1838		315479		0.51885		299.319			00:00:07:250		1.46109e+07		-0.816411		3.24527		496.207		7.22803e+06		234.426		
00:00:07:150		7.2e+06		108.736		49.5282		280529		0.501316		299.441			00:00:07:150		1.46224e+07		-0.799659		3.2493		496.321		7.22702e+06		238.66		
00:00:07:049		7.1978e+06		108.736		49.5282		280529		0.501316		299.567			00:00:07:049		1.4634e+07		-0.782933		3.25215		496.476		7.22577e+06		242.672		
00:00:06:950		7.19544e+06		108.423		48.8798		246825		0.483683		299.696			00:00:06:950		1.46454e+07		-0.766242		3.25504		496.674		7.22434e+06		246.594		
00:00:06:849		7.19295e+06		108.423		48.8798		246825		0.483683		299.829			00:00:06:849		1.46569e+07		-0.749584		3.25937		496.928		7.22276e+06		250.35		
00:00:06:750		7.19034e+06		108.099		48.8798		246825		0.483683		299.964			00:00:06:750		1.46683e+07		-0.732962		3.2642		497.239		7.22102e+06		253.774		
00:00:06:650		7.18763e+06		108.099		48.2405		214713		0.465949		300.101			00:00:06:650		1.46797e+07		-0.716376		3.26755		497.614		7.21908e+06		256.75		
00:00:06:549		7.18482e+06		108.099		48.2405		214713		0.465949		300.24			00:00:06:549		1.4691e+07		-0.699822		3.26924		498.049		7.21694e+06		259.101		
00:00:06:450		7.18195e+06		107.765		47.6134		184649		0.448109		300.38			00:00:06:450		1.47023e+07		-0.683315		3.27164		498.54		7.21455e+06		260.651		
00:00:06:349		7.17899e+06		107.765		47.6134		184649		0.448109		300.524			00:00:06:349		1.47135e+07		-0.666866		3.2764		499.083		7.21187e+06		261.364		
00:00:06:250		7.17599e+06		107.422		47.6134		184649		0.448109		300.673			00:00:06:250		1.47247e+07		-0.650468		3.28364		499.667		7.20891e+06		261.085		
00:00:06:150		7.17287e+06		107.422		47.0014		157103		0.430158		300.827			00:00:06:150		1.47359e+07		-0.634124		3.28825		500.601		7.20572e+06		260.631		
00:00:06:000		7.1679e+06		107.071		47.0014		157103		0.430158		301.065			00:00:06:000		1.47526e+07		-0.609718		3.28831		501.247		7.20063e+06		260.003		
00:00:06:000		7.1679e+06		107.071		47.0014		157103		0.430158		301.065			00:00:06:000		1.47526e+07		-0.609718		3.28831		501.247		7.20063e+06		260.003		
00:00:05:900		7.16441e+06		107.071		46.4083		132318		0.412092		301.231			00:00:05:900		1.47637e+07		-0.59353		3.28906		501.91		7.1971e+06		259.921		
00:00:05:799		7.1608e+06		107.071		46.4083		132318		0.412092		301.401			00:00:05:799		1.47747e+07		-0.577419		3.29519		502.587		7.19355e+06		260.342		
00:00:05:700		7.15705e+06		106.713		45.8369		110764		0.393903		301.575			00:00:05:700		1.47857e+07		-0.561383		3.30357		503.276		7.19003e+06		261.451		
00:00:05:500		7.14908e+06		106.353		45.8369		110764		0.393903		301.937			00:00:05:500		1.48075e+07		-0.529539		3.30014		504.725		7.18286e+06		264.679		
00:00:05:500		7.14908e+06		106.353		45.8369		110764		0.393903		301.937			00:00:05:500		1.48075e+07		-0.529539		3.30014		504.725		7.18286e+06		264.679		
00:00:05:400		7.14481e+06		106.353		45.2896		92237.6		0.375587		302.123			00:00:05:400		1.48184e+07		-0.51374		3.29526		505.485		7.17908e+06		266.465		
00:00:05:200		7.13565e+06		105.989		44.7689		76083.8		0.35714		302.504			00:00:05:200		1.484e+07		-0.482402		3.3153		507.078		7.17082e+06		269.457		
00:00:05:200		7.13565e+06		105.989		44.7689		76083.8		0.35714		302.504			00:00:05:200		1.484e+07		-0.482402		3.3153		507.078		7.17082e+06		269.457		
00:00:05:099		7.13076e+06		105.989		44.7689		76083.8		0.35714		302.701			00:00:05:099		1.48508e+07		-0.466881		3.32303		507.903		7.16629e+06		270.591		
00:00:05:000		7.12566e+06		105.649		44.7689		76083.8		0.35714		302.904			00:00:05:000		1.48616e+07		-0.45147		3.31412		508.75		7.1615e+06		271.51		
00:00:04:900		7.12038e+06		105.649		44.2754		62288.6		0.338554		303.113			00:00:04:900		1.48723e+07		-0.436171		3.30052		509.628		7.15647e+06		272.23		
00:00:04:799		7.11491e+06		105.649		44.2754		62288.6		0.338554		303.327			00:00:04:799		1.4883e+07		-0.42098		3.30254		510.541		7.15121e+06		272.827		
00:00:04:700		7.10926e+06		105.303		43.8125		50699.9		0.319824		303.548			00:00:04:700		1.48938e+07		-0.405894		3.32615		511.509		7.14574e+06		273.269		
00:00:04:599		7.10345e+06		105.303		43.8125		50699.9		0.319824		303.772			00:00:04:599		1.49046e+07		-0.390931		3.34111		512.558		7.14006e+06		273.574		
00:00:04:500		7.09746e+06		104.95		43.8125		50699.9		0.319824		303.999			00:00:04:500		1.49154e+07		-0.376095		3.32573		513.708		7.13418e+06		273.702		
00:00:04:299		7.08499e+06		104.95		43.3835		41165		0.300947		304.47			00:00:04:299		1.4937e+07		-0.346828		3.28329		516.44		7.12178e+06		273.521		
00:00:04:200		7.07851e+06		104.594		42.9915		33143.8		0.28192		304.706			00:00:04:200		1.49478e+07		-0.332413		3.32168		518.068		7.1153e+06		273.316		
00:00:04:200		7.07851e+06		104.594		42.9915		33143.8		0.28192		304.706			00:00:04:200		1.49478e+07		-0.332413		3.32168		518.068		7.1153e+06		273.316		
00:00:04:099		7.07186e+06		104.594		42.9915		33143.8		0.28192		304.944			00:00:04:099		1.49587e+07		-0.318135		3.35604		519.877		7.10864e+06		273.121		
00:00:04:000		7.06506e+06		104.233		42.9915		33143.8		0.28192		305.184			00:00:04:000		1.49698e+07		-0.303971		3.34044		521.862		7.10183e+06		272.897		
00:00:03:899		7.05814e+06		104.233		42.6312		26012.8		0.262743		305.425			00:00:03:899		1.49809e+07		-0.289929		3.272		523.987		7.09487e+06		272.578		
00:00:03:799		7.05118e+06		104.233		42.6312		26012.8		0.262743		305.664			00:00:03:799		1.49922e+07		-0.276017		3.23515		526.203		7.08778e+06		271.849		
00:00:03:700		7.04443e+06		103.898		42.2657		19635.8		0.243414		305.905			00:00:03:700		1.50037e+07		-0.26225		3.30157		528.435		7.08053e+06		269.094		
00:00:03:600		7.0385e+06		103.898		42.2657		19635.8		0.243414		306.148			00:00:03:600		1.50155e+07		-0.248594		3.38172		530.62		7.07286e+06		259.644		
00:00:03:500		7.03249e+06		103.551		42.2657		19635.8		0.243414		306.386			00:00:03:500		1.50275e+07		-0.23503		3.38177		532.648		7.06453e+06		249.383		
00:00:03:299		7.01873e+06		103.551		41.8517		14171.5		0.223934		306.855			00:00:03:299		1.50523e+07		-0.207962		3.14107		535.659		7.04613e+06		228.294		
00:00:03:200		7.01094e+06		103.194		41.396		9602.59		0.204311		307.083			00:00:03:200		1.5064e+07		-0.19415		3.23995		536.363		7.03621e+06		218.234		
00:00:03:200		7.01094e+06		103.194		41.396		9602.59		0.204311		307.083			00:00:03:200		1.5064e+07		-0.19415		3.23995		536.363		7.03621e+06		218.234		
00:00:03:100		7.00264e+06		103.194		41.396		9602.59		0.204311		307.305			00:00:03:100		1.50735e+07		-0.180161		3.42208		536.385		7.02594e+06		208.561		
00:00:03:000		6.99398e+06		102.822		41.396		9602.59		0.204311		307.521			00:00:03:000		1.5082e+07		-0.166239		3.60519		535.686		7.01545e+06		199.325		
00:00:02:850		6.98084e+06		102.822		40.8964		5847.43		0.18456		307.822			00:00:02:850		1.50943e+07		-0.145504		3.8802		533.544		6.99971e+06		185.815		
00:00:02:750		6.97245e+06		102.491		40.8964		5847.43		0.18456		308.008			00:00:02:750		1.51024e+07		-0.131768		4.06388		531.964		6.98965e+06		177.136		
00:00:02:649		6.96458e+06		102.491		40.3262		3076.01		0.164697		308.182			00:00:02:649		1.51105e+07		-0.118091		4.24818		530.747		6.98049e+06		171.493		
00:00:02:549		6.95634e+06		102.491		40.3262		3076.01		0.164697		308.346			00:00:02:549		1.51184e+07		-0.104466		4.43253		529.998		6.97294e+06		182.29		
00:00:02:450		6.94194e+06		102.151		39.7033		1304.07		0.144737		308.501			00:00:02:450		1.51263e+07		-0.0908928		4.60615		529.676		6.96778e+06		252.392		
00:00:02:350		6.90747e+06		102.151		39.7033		1304.07		0.144737		308.65			00:00:02:350		1.51342e+07		-0.0773749		4.67419		529.713		6.96502e+06		403.723		
00:00:02:250		6.87297e+06		101.804		39.7033		1304.07		0.144737		308.791			00:00:02:250		1.51423e+07		-0.0638781		4.45923		529.888		6.96363e+06		444.824		
00:00:02:200		6.86233e+06		101.804		39.0743		396.8		0.124693		308.856			00:00:02:200		1.51464e+07		-0.057128		4.35181		529.969		6.96332e+06		473.251		
00:00:02:100		6.83855e+06		101.804		39.0743		396.8		0.124693		308.974			00:00:02:100		1.5155e+07		-0.0436344		4.13986		530.081		6.96322e+06		517.614		
00:00:02:000		6.82339e+06		101.455		39.0743		396.8		0.124693		309.066			00:00:02:000		1.5164e+07		-0.0301418		3.93411		530.144		6.96342e+06		548.683		
00:00:01:899		6.82138e+06		101.455		38.4916		66.2288		0.104559		309.124			00:00:01:899		1.51736e+07		-0.016623		3.72737		530.182		6.96358e+06		540.894		
00:00:01:699		6.82782e+06		101.113		37.9769		0		0.0843204		309.135			00:00:01:699		1.51952e+07		0.0106177		3.33963		530.225		6.96375e+06		529.568		
00:00:01:699		6.82782e+06		101.113		37.9769		0		0.0843204		309.135			00:00:01:699		1.51952e+07		0.0106177		3.33963		530.225		6.96375e+06		529.568		
00:00:01:550		6.82912e+06		101.113		37.9769		0		0.0843204		309.056			00:00:01:550		1.52139e+07		0.0314045		3.22524		530.236		6.96392e+06		528.906		
00:00:01:449		6.82948e+06		100.814		37.4432		0		0.0639629		308.972			00:00:01:449		1.52278e+07		0.0455098		3.11403		530.238		6.96405e+06		528.495		
00:00:01:350		6.82984e+06		100.814		37.4432		0		0.0639629		308.873			00:00:01:350		1.5243e+07		0.0598516		3.0687		530.232		6.96421e+06		528.129		
00:00:01:250		6.83018e+06		100.481		37.4432		0		0.0639629		308.78			00:00:01:250		1.52598e+07		0.0744629		3.23018		530.225		6.96438e+06		527.812		
00:00:01:149		6.83048e+06		100.481		36.8716		0		0.0431844		308.715			00:00:01:149		1.52784e+07		0.0893083		3.49296		530.225		6.96454e+06		527.52		
00:00:01:050		6.83072e+06		100.481		36.8716		0		0.0431844		308.738			00:00:01:050		1.52987e+07		0.104469		3.84951		530.212		6.96465e+06		527.246		
00:00:00:949		6.8309e+06		100.117		36.4071		0		0.0216704		308.87			00:00:00:949		1.53214e+07		0.120236		3.91515		530.204		6.96471e+06		527.014		
00:00:00:849		6.83104e+06		100.117		36.4071		0		0.0216704		309.017			00:00:00:849		1.535e+07		0.137064		3.93193		530.203		6.96476e+06		526.852		
00:00:00:750		6.83113e+06		99.5803		36.4071		0		0.0216704		309.157			00:00:00:750		1.53875e+07		0.152618		3.90516		530.204		6.9648e+06		526.79		
00:00:00:650		6.83116e+06		99.5803		36.3831		0		0		309.3			00:00:00:650		1.54284e+07		0.164736		3.84806		530.206		6.96483e+06		526.802		
00:00:00:550		6.83118e+06		99.5803		36.3831		0		0		309.527			00:00:00:550		1.54655e+07		0.17222		3.71894		530.208		6.96485e+06		526.821		
00:00:00:450		6.83116e+06		100.069		36.3834		0		0		309.846			00:00:00:450		1.54786e+07		0.17284		2.83569		530.212		6.96485e+06		526.815		
00:00:00:349		6.83116e+06		100.069		36.3834		0		0		309.846			00:00:00:349		1.54786e+07		0.17284		2.83573		530.216		6.96485e+06		526.826		
00:00:00:250		6.83116e+06		100.069		36.3834		0		0		309.846			00:00:00:250		1.54786e+07		0.17284		2.83572		530.217		6.96484e+06		526.827		
00:00:00:149		6.83116e+06		100.069		36.3837		0		0		309.846			00:00:00:149		1.54785e+07		0.17284		2.83572		530.221		6.96484e+06		526.829		
00:00:00:050		6.83115e+06		100.069		36.3837		0		0		309.846			00:00:00:050		1.54785e+07		0.17284		2.83567		530.223		6.96484e+06		526.826		
00:00:00:000		6.83115e+06		100.069		36.3837		0		0		309.846			00:00:00:000		1.54785e+07		0.17284		2.83571		530.225		6.96483e+06		526.826		
00:00:00:000		6.83115e+06		100.069		36.3837		0		0		309.846			00:00:00:000		1.54785e+07		0.17284		2.83571		530.225		6.96483e+06		526.826		
00:00:00:000		6.83115e+06		100.069		36.3837		0		0		309.846			00:00:00:000		1.54785e+07		0.17284		2.83571		530.225		6.96483e+06		526.826		
00:00:00:000		6.83115e+06		100.069		36.3837		0		0		309.846			00:00:00:000		1.54785e+07		0.17284		2.83571		530.225		6.96483e+06		526.826		
00:00:00:000		6.83115e+06		100.069		36.3837		0		0		309.846			00:00:00:000		1.54785e+07		0.17284		2.83571		530.225		6.96483e+06		526.826		
00:00:00:000		6.83115e+06		100.069		36.3837		0		0		309.846			00:00:00:000		1.54785e+07		0.17284		2.83571		530.225		6.96483e+06		526.826		
