	time 		rcpppzr	rcp054rcp007mnzoyout	rcv501std0102fvol	fwfrcp001gv	rcppmssga	msfsg(1)			time 		gpv001pnt10113ppntm	evf507ety101mpzoyout	chtcon(1)	chavg(1)	chlhsumpa	rcptavgn	
00:01:02:450		7.58198e+06		-5.84924		0		0		7.22985e+06		23.3541			00:01:02:450		7.22938e+06		162.53		105.159		4.95079e+06		1.95727		290.947		
00:01:02:450		7.58198e+06		-5.84924		0		0		7.22985e+06		23.3541			00:01:02:450		7.22938e+06		162.53		105.159		4.95079e+06		1.95727		290.947		
00:01:02:350		7.58821e+06		-5.84951		0		0		7.22973e+06		16.9489			00:01:02:350		7.22921e+06		162.53		105.159		4.95079e+06		1.95727		290.946		
00:01:02:149		7.60106e+06		-5.85009		0		0		7.22873e+06		-17.2653			00:01:02:149		7.22882e+06		162.296		105.081		4.94015e+06		1.95162		290.943		
00:01:02:049		7.6077e+06		-5.85041		0		0		7.22829e+06		-23.8026			00:01:02:049		7.2288e+06		162.296		105.081		4.94015e+06		1.95162		290.941		
00:01:01:950		7.61447e+06		-5.85074		0		0		7.22816e+06		-13.9445			00:01:01:950		7.22856e+06		162.061		105.002		4.92946e+06		1.94597		290.939		
00:01:01:850		7.62137e+06		-5.85109		0		0		7.22831e+06		6.33439			00:01:01:850		7.22837e+06		162.061		105.002		4.92946e+06		1.94597		290.938		
00:01:01:750		7.6284e+06		-5.85144		0		0		7.22853e+06		19.2592			00:01:01:750		7.22828e+06		161.828		105.002		4.92946e+06		1.94597		290.936		
00:01:01:750		7.6284e+06		-5.85144		0		0		7.22853e+06		19.2592			00:01:01:750		7.22828e+06		161.828		105.002		4.92946e+06		1.94597		290.936		
00:01:01:649		7.63557e+06		-5.85179		0		0		7.22858e+06		23.2917			00:01:01:649		7.22798e+06		161.828		104.923		4.91878e+06		1.94032		290.935		
00:01:01:500		7.64656e+06		-5.85232		0		0		7.22809e+06		5.8075			00:01:01:500		7.22785e+06		161.596		104.923		4.91878e+06		1.94032		290.932		
00:01:01:399		7.65404e+06		-5.85267		0		0		7.2275e+06		-16.0402			00:01:01:399		7.22755e+06		161.596		104.843		4.90809e+06		1.93466		290.931		
00:01:01:250		7.6655e+06		-5.85316		0		0		7.22687e+06		-22.5966			00:01:01:250		7.22742e+06		161.364		104.843		4.90809e+06		1.93466		290.929		
00:01:01:149		7.67329e+06		-5.85346		0		0		7.22685e+06		-7.69082			00:01:01:149		7.22711e+06		161.364		104.764		4.8975e+06		1.92901		290.927		
00:01:01:149		7.67329e+06		-5.85346		0		0		7.22685e+06		-7.69082			00:01:01:149		7.22711e+06		161.364		104.764		4.8975e+06		1.92901		290.927		
00:01:00:950		7.68926e+06		-5.85397		0		0		7.22724e+06		22.9315			00:01:00:950		7.22684e+06		161.133		104.684		4.88701e+06		1.92336		290.925		
00:01:00:950		7.68926e+06		-5.85397		0		0		7.22724e+06		22.9315			00:01:00:950		7.22684e+06		161.133		104.684		4.88701e+06		1.92336		290.925		
00:01:00:799		7.70161e+06		-5.85424		0		0		7.22704e+06		15.435			00:01:00:799		7.22659e+06		161.133		104.684		4.88701e+06		1.92336		290.922		
00:01:00:700		7.71002e+06		-5.85435		0		0		7.22654e+06		0			00:01:00:700		7.2264e+06		160.902		104.603		4.87643e+06		1.91771		290.921		
00:01:00:600		7.71856e+06		-5.85442		0		0		7.22593e+06		-21.4061			00:01:00:600		7.22612e+06		160.902		104.603		4.87643e+06		1.91771		290.919		
00:01:00:500		7.72724e+06		-5.85444		0		0		7.22551e+06		-24.1244			00:01:00:500		7.22607e+06		160.672		104.603		4.87643e+06		1.91771		290.918		
00:01:00:399		7.73605e+06		-5.85444		0		0		7.22544e+06		-10.5589			00:01:00:399		7.22577e+06		160.672		104.523		4.8659e+06		1.91205		290.917		
00:01:00:299		7.745e+06		-5.8544		0		0		7.22562e+06		10.1633			00:01:00:299		7.22563e+06		160.672		104.523		4.8659e+06		1.91205		290.915		
00:01:00:000		7.77267e+06		-5.8541		0		0		7.22546e+06		11.4869			00:01:00:000		7.22511e+06		160.216		104.442		4.8554e+06		1.90639		290.912		
00:01:00:000		7.77267e+06		-5.8541		0		0		7.22546e+06		11.4869			00:01:00:000		7.22511e+06		160.216		104.442		4.8554e+06		1.90639		290.912		
00:00:59:950		7.7774e+06		-5.85403		0		0		7.22518e+06		2.49872			00:00:59:950		7.22499e+06		160.216		104.361		4.84494e+06		1.90074		290.911		
00:00:59:950		7.7774e+06		-5.85403		0		0		7.22518e+06		2.49872			00:00:59:950		7.22499e+06		160.216		104.361		4.84494e+06		1.90074		290.911		
00:00:59:850		7.78697e+06		-5.85386		0		0		7.22454e+06		-19.6241			00:00:59:850		7.22466e+06		160.216		104.361		4.84494e+06		1.90074		290.91		
00:00:59:750		7.79668e+06		-5.85367		0		0		7.22407e+06		-24.9307			00:00:59:750		7.22462e+06		159.99		104.361		4.84494e+06		1.90074		290.908		
00:00:59:649		7.80654e+06		-5.85346		0		0		7.22393e+06		-13.5488			00:00:59:649		7.22432e+06		159.99		104.279		4.83448e+06		1.89508		290.907		
00:00:59:549		7.81654e+06		-5.85323		0		0		7.22409e+06		8.10852			00:00:59:549		7.22412e+06		159.99		104.279		4.83448e+06		1.89508		290.906		
00:00:59:450		7.82668e+06		-5.85299		0		0		7.22429e+06		21.1187			00:00:59:450		7.22399e+06		159.764		104.198		4.82404e+06		1.88942		290.904		
00:00:59:350		7.83697e+06		-5.85273		0		0		7.22431e+06		24.0411			00:00:59:350		7.22365e+06		159.764		104.198		4.82404e+06		1.88942		290.903		
00:00:59:250		7.8474e+06		-5.85247		0		0		7.224e+06		13.6239			00:00:59:250		7.22359e+06		159.539		104.198		4.82404e+06		1.88942		290.902		
00:00:59:049		7.8687e+06		-5.8519		0		0		7.22277e+06		-24.1306			00:00:59:049		7.22308e+06		159.539		104.116		4.81359e+06		1.88375		290.899		
00:00:58:950		7.87959e+06		-5.8516		0		0		7.22239e+06		-23.4362			00:00:58:950		7.22297e+06		159.315		104.033		4.8031e+06		1.87809		290.897		
00:00:58:950		7.87959e+06		-5.8516		0		0		7.22239e+06		-23.4362			00:00:58:950		7.22297e+06		159.315		104.033		4.8031e+06		1.87809		290.897		
00:00:58:850		7.89062e+06		-5.8513		0		0		7.22236e+06		-7.48356			00:00:58:850		7.22261e+06		159.315		104.033		4.8031e+06		1.87809		290.896		
00:00:58:750		7.90181e+06		-5.85099		0		0		7.22256e+06		13.0716			00:00:58:750		7.22253e+06		159.093		104.033		4.8031e+06		1.87809		290.894		
00:00:58:649		7.91316e+06		-5.85069		0		0		7.22272e+06		24.3372			00:00:58:649		7.22228e+06		159.093		103.951		4.79262e+06		1.87242		290.893		
00:00:58:549		7.92466e+06		-5.85038		0		0		7.22264e+06		20.7306			00:00:58:549		7.22201e+06		159.093		103.951		4.79262e+06		1.87242		290.892		
00:00:58:450		7.93632e+06		-5.85009		0		0		7.22223e+06		9.05951			00:00:58:450		7.22192e+06		158.872		103.868		4.78215e+06		1.86675		290.89		
00:00:58:350		7.94812e+06		-5.8498		0		0		7.22158e+06		-15.7967			00:00:58:350		7.22158e+06		158.872		103.868		4.78215e+06		1.86675		290.888		
00:00:58:250		7.96008e+06		-5.84952		0		0		7.22099e+06		-25.6818			00:00:58:250		7.22147e+06		158.651		103.868		4.78215e+06		1.86675		290.887		
00:00:58:049		7.98445e+06		-5.849		0		0		7.22079e+06		0.629912			00:00:58:049		7.2209e+06		158.651		103.784		4.77169e+06		1.86108		290.884		
00:00:57:899		8.00311e+06		-5.84865		0		0		7.22108e+06		23.1065			00:00:57:899		7.2207e+06		158.431		103.7		4.76132e+06		1.85541		290.881		
00:00:57:899		8.00311e+06		-5.84865		0		0		7.22108e+06		23.1065			00:00:57:899		7.2207e+06		158.431		103.7		4.76132e+06		1.85541		290.881		
00:00:57:799		8.01574e+06		-5.84843		0		0		7.22104e+06		22.9146			00:00:57:799		7.22035e+06		158.431		103.7		4.76132e+06		1.85541		290.88		
00:00:57:700		8.02854e+06		-5.84821		0		0		7.22067e+06		12.1246			00:00:57:700		7.2203e+06		158.212		103.616		4.75085e+06		1.84973		290.878		
00:00:57:600		8.0415e+06		-5.84799		0		0		7.22002e+06		-12.3525			00:00:57:600		7.21998e+06		158.212		103.616		4.75085e+06		1.84973		290.877		
00:00:57:500		8.05459e+06		-5.84778		0		0		7.21939e+06		-25.5207			00:00:57:500		7.21979e+06		157.994		103.616		4.75085e+06		1.84973		290.875		
00:00:57:399		8.06782e+06		-5.84756		0		0		7.21904e+06		-22.5984			00:00:57:399		7.21961e+06		157.994		103.531		4.7403e+06		1.84406		290.873		
00:00:57:299		8.08118e+06		-5.84734		0		0		7.21906e+06		-4.46826			00:00:57:299		7.21924e+06		157.994		103.531		4.7403e+06		1.84406		290.872		
00:00:57:200		8.09467e+06		-5.84711		0		0		7.21927e+06		16.0923			00:00:57:200		7.21917e+06		157.777		103.446		4.72978e+06		1.83838		290.87		
00:00:57:000		8.12204e+06		-5.84658		0		0		7.21925e+06		19.9066			00:00:57:000		7.21863e+06		157.56		103.446		4.72978e+06		1.83838		290.865		
00:00:56:899		8.13591e+06		-5.84628		0		0		7.21875e+06		6.14639			00:00:56:899		7.21849e+06		157.56		103.36		4.71925e+06		1.8327		290.863		
00:00:56:899		8.13591e+06		-5.84628		0		0		7.21875e+06		6.14639			00:00:56:899		7.21849e+06		157.56		103.36		4.71925e+06		1.8327		290.863		
00:00:56:799		8.1499e+06		-5.84595		0		0		7.21806e+06		-18.2349			00:00:56:799		7.21812e+06		157.56		103.36		4.71925e+06		1.8327		290.861		
00:00:56:700		8.16401e+06		-5.84558		0		0		7.21749e+06		-26.6314			00:00:56:700		7.21803e+06		157.345		103.274		4.70876e+06		1.82702		290.86		
00:00:56:600		8.17823e+06		-5.84517		0		0		7.21725e+06		-17.6676			00:00:56:600		7.21773e+06		157.345		103.274		4.70876e+06		1.82702		290.858		
00:00:56:500		8.19256e+06		-5.84471		0		0		7.21735e+06		3.94784			00:00:56:500		7.21744e+06		157.129		103.274		4.70876e+06		1.82702		290.856		
00:00:56:399		8.207e+06		-5.84421		0		0		7.21756e+06		19.8703			00:00:56:399		7.21734e+06		157.129		103.187		4.69818e+06		1.82133		290.854		
00:00:56:299		8.22154e+06		-5.84366		0		0		7.21762e+06		26.0601			00:00:56:299		7.21698e+06		157.129		103.187		4.69818e+06		1.82133		290.852		
00:00:56:200		8.23617e+06		-5.84306		0		0		7.21736e+06		16.8118			00:00:56:200		7.21687e+06		156.914		103.1		4.6876e+06		1.81565		290.85		
00:00:56:000		8.26568e+06		-5.84175		0		0		7.21609e+06		-22.9843			00:00:56:000		7.21627e+06		156.7		103.1		4.6876e+06		1.81565		290.846		
00:00:55:899		8.28059e+06		-5.84105		0		0		7.21561e+06		-26.0882			00:00:55:899		7.2162e+06		156.7		103.013		4.67702e+06		1.80996		290.843		
00:00:55:899		8.28059e+06		-5.84105		0		0		7.21561e+06		-26.0882			00:00:55:899		7.2162e+06		156.7		103.013		4.67702e+06		1.80996		290.843		
00:00:55:899		8.28059e+06		-5.84105		0		0		7.21561e+06		-26.0882			00:00:55:899		7.2162e+06		156.7		103.013		4.67702e+06		1.80996		290.843		
00:00:55:799		8.29558e+06		-5.84032		0		0		7.21549e+06		-10.3779			00:00:55:799		7.21584e+06		156.7		103.013		4.67702e+06		1.80996		290.841		
00:00:55:700		8.31068e+06		-5.83959		0		0		7.21566e+06		10.4338			00:00:55:700		7.21567e+06		156.486		102.924		4.66638e+06		1.80427		290.839		
00:00:55:549		8.33349e+06		-5.83853		0		0		7.21586e+06		26.8243			00:00:55:549		7.21528e+06		156.486		102.924		4.66638e+06		1.80427		290.836		
00:00:55:399		8.35651e+06		-5.83759		0		0		7.21542e+06		12.8561			00:00:55:399		7.21504e+06		156.273		102.836		4.65579e+06		1.79858		290.833		
00:00:55:299		8.37199e+06		-5.83706		0		0		7.21476e+06		-11.2299			00:00:55:299		7.21471e+06		156.273		102.836		4.65579e+06		1.79858		290.83		
00:00:55:200		8.38761e+06		-5.83663		0		0		7.2141e+06		-26.1923			00:00:55:200		7.21447e+06		156.059		102.746		4.64512e+06		1.79289		290.828		
00:00:55:100		8.40332e+06		-5.83632		0		0		7.21373e+06		-23.6679			00:00:55:100		7.21432e+06		156.059		102.746		4.64512e+06		1.79289		290.826		
00:00:55:000		8.41911e+06		-5.83614		0		0		7.21373e+06		-5.20646			00:00:55:000		7.21393e+06		155.846		102.746		4.64512e+06		1.79289		290.824		
00:00:54:899		8.43495e+06		-5.83609		0		0		7.21394e+06		15.8365			00:00:54:899		7.21386e+06		155.846		102.656		4.63436e+06		1.7872		290.821		
00:00:54:799		8.45083e+06		-5.83617		0		0		7.21408e+06		26.7328			00:00:54:799		7.21356e+06		155.846		102.656		4.63436e+06		1.7872		290.819		
00:00:54:799		8.45083e+06		-5.83617		0		0		7.21408e+06		26.7328			00:00:54:799		7.21356e+06		155.846		102.656		4.63436e+06		1.7872		290.819		
00:00:54:700		8.46678e+06		-5.83634		0		0		7.21393e+06		20.9004			00:00:54:700		7.21328e+06		155.633		102.565		4.62355e+06		1.78151		290.816		
00:00:54:600		8.48277e+06		-5.83659		0		0		7.21344e+06		6.82246			00:00:54:600		7.21316e+06		155.633		102.565		4.62355e+06		1.78151		290.814		
00:00:54:450		8.50685e+06		-5.83701		0		0		7.2124e+06		-25.1042			00:00:54:450		7.21268e+06		155.421		102.474		4.61278e+06		1.77582		290.81		
00:00:54:350		8.52295e+06		-5.83733		0		0		7.21196e+06		-25.6961			00:00:54:350		7.21258e+06		155.421		102.474		4.61278e+06		1.77582		290.808		
00:00:54:250		8.53908e+06		-5.83768		0		0		7.21191e+06		-8.60781			00:00:54:250		7.2122e+06		155.208		102.474		4.61278e+06		1.77582		290.805		
00:00:54:049		8.57143e+06		-5.83845		0		0		7.21229e+06		25.2253			00:00:54:049		7.21186e+06		155.208		102.382		4.60202e+06		1.77012		290.8		
00:00:53:950		8.58765e+06		-5.83891		0		0		7.21222e+06		23.5387			00:00:53:950		7.2115e+06		154.996		102.289		4.59121e+06		1.76443		290.798		
00:00:53:950		8.58765e+06		-5.83891		0		0		7.21222e+06		23.5387			00:00:53:950		7.2115e+06		154.996		102.289		4.59121e+06		1.76443		290.798		
00:00:53:850		8.60389e+06		-5.83941		0		0		7.21179e+06		11.2091			00:00:53:850		7.21144e+06		154.996		102.289		4.59121e+06		1.76443		290.795		
00:00:53:750		8.62014e+06		-5.83994		0		0		7.21109e+06		-16.2073			00:00:53:750		7.21108e+06		154.783		102.289		4.59121e+06		1.76443		290.793		
00:00:53:649		8.63638e+06		-5.84046		0		0		7.21045e+06		-27.5693			00:00:53:649		7.21092e+06		154.783		102.196		4.58028e+06		1.75874		290.79		
00:00:53:549		8.65262e+06		-5.84096		0		0		7.21013e+06		-23.1637			00:00:53:549		7.21073e+06		154.783		102.196		4.58028e+06		1.75874		290.788		
00:00:53:450		8.66886e+06		-5.84142		0		0		7.2102e+06		0			00:00:53:450		7.21035e+06		154.571		102.102		4.56934e+06		1.75304		290.785		
00:00:53:350		8.68511e+06		-5.84187		0		0		7.21043e+06		18.0801			00:00:53:350		7.2103e+06		154.571		102.102		4.56934e+06		1.75304		290.783		
00:00:53:250		8.70136e+06		-5.84233		0		0		7.21057e+06		27.975			00:00:53:250		7.20997e+06		154.359		102.102		4.56934e+06		1.75304		290.781		
00:00:53:149		8.71762e+06		-5.84278		0		0		7.21037e+06		20.0243			00:00:53:149		7.20975e+06		154.359		102.007		4.5584e+06		1.74735		290.778		
00:00:52:950		8.75026e+06		-5.84364		0		0		7.2091e+06		-21.0899			00:00:52:950		7.20922e+06		154.147		101.912		4.54751e+06		1.74165		290.773		
00:00:52:950		8.75026e+06		-5.84364		0		0		7.2091e+06		-21.0899			00:00:52:950		7.20922e+06		154.147		101.912		4.54751e+06		1.74165		290.773		
00:00:52:850		8.7666e+06		-5.84402		0		0		7.20854e+06		-28.5376			00:00:52:850		7.20916e+06		154.147		101.912		4.54751e+06		1.74165		290.771		
00:00:52:750		8.78292e+06		-5.84436		0		0		7.20835e+06		-17.4518			00:00:52:750		7.20885e+06		153.934		101.912		4.54751e+06		1.74165		290.768		
00:00:52:649		8.79922e+06		-5.84467		0		0		7.20852e+06		7.15716			00:00:52:649		7.20859e+06		153.934		101.816		4.53653e+06		1.73596		290.766		
00:00:52:549		8.8155e+06		-5.84494		0		0		7.20877e+06		22.8386			00:00:52:549		7.20848e+06		153.934		101.816		4.53653e+06		1.73596		290.764		
00:00:52:450		8.83175e+06		-5.84517		0		0		7.20883e+06		27.9746			00:00:52:450		7.2081e+06		153.722		101.719		4.52546e+06		1.73027		290.761		
00:00:52:350		8.84793e+06		-5.84538		0		0		7.20852e+06		16.8532			00:00:52:350		7.20802e+06		153.722		101.719		4.52546e+06		1.73027		290.759		
00:00:52:250		8.86407e+06		-5.84556		0		0		7.20789e+06		-6.30706			00:00:52:250		7.20775e+06		153.51		101.719		4.52546e+06		1.73027		290.757		
00:00:52:149		8.88016e+06		-5.84572		0		0		7.20719e+06		-25.8641			00:00:52:149		7.20747e+06		153.51		101.621		4.51435e+06		1.72457		290.754		
00:00:51:950		8.91221e+06		-5.846		0		0		7.20669e+06		-10.7715			00:00:51:950		7.20703e+06		153.297		101.523		4.5032e+06		1.71888		290.75		
00:00:51:950		8.91221e+06		-5.846		0		0		7.20669e+06		-10.7715			00:00:51:950		7.20703e+06		153.297		101.523		4.5032e+06		1.71888		290.75		
00:00:51:850		8.92816e+06		-5.84613		0		0		7.20692e+06		12.8948			00:00:51:850		7.20692e+06		153.297		101.523		4.5032e+06		1.71888		290.747		
00:00:51:750		8.94406e+06		-5.84627		0		0		7.20715e+06		26.153			00:00:51:750		7.20671e+06		153.086		101.523		4.5032e+06		1.71888		290.745		
00:00:51:600		8.96781e+06		-5.84651		0		0		7.20694e+06		19.0674			00:00:51:600		7.20638e+06		153.086		101.424		4.49192e+06		1.71318		290.742		
00:00:51:500		8.98356e+06		-5.8467		0		0		7.20636e+06		1.13208			00:00:51:500		7.20618e+06		152.874		101.424		4.49192e+06		1.71318		290.74		
00:00:51:399		8.99921e+06		-5.84692		0		0		7.20565e+06		-23.5229			00:00:51:399		7.2058e+06		152.874		101.324		4.48072e+06		1.70749		290.738		
00:00:51:299		9.01471e+06		-5.84718		0		0		7.20514e+06		-28.3896			00:00:51:299		7.20578e+06		152.874		101.324		4.48072e+06		1.70749		290.735		
00:00:51:200		9.0301e+06		-5.84749		0		0		7.20502e+06		-14.091			00:00:51:200		7.20544e+06		152.663		101.224		4.4695e+06		1.70179		290.733		
00:00:51:000		9.06063e+06		-5.84827		0		0		7.20547e+06		24.5393			00:00:51:000		7.20511e+06		152.451		101.224		4.4695e+06		1.70179		290.73		
00:00:50:899		9.0758e+06		-5.84873		0		0		7.20548e+06		26.8203			00:00:50:899		7.20474e+06		152.451		101.122		4.45819e+06		1.6961		290.728		
00:00:50:899		9.0758e+06		-5.84873		0		0		7.20548e+06		26.8203			00:00:50:899		7.20474e+06		152.451		101.122		4.45819e+06		1.6961		290.728		
00:00:50:799		9.09092e+06		-5.84921		0		0		7.20511e+06		14.0074			00:00:50:799		7.2047e+06		152.451		101.122		4.45819e+06		1.6961		290.726		
00:00:50:700		9.10604e+06		-5.84966		0		0		7.20444e+06		-11.9456			00:00:50:700		7.20438e+06		152.239		101.02		4.44692e+06		1.6904		290.724		
00:00:50:600		9.12112e+06		-5.85011		0		0		7.20376e+06		-28.194			00:00:50:600		7.20416e+06		152.239		101.02		4.44692e+06		1.6904		290.722		
00:00:50:500		9.13612e+06		-5.85054		0		0		7.20338e+06		-26.2625			00:00:50:500		7.20404e+06		152.028		101.02		4.44692e+06		1.6904		290.72		
00:00:50:399		9.15107e+06		-5.85096		0		0		7.20341e+06		-7.27454			00:00:50:399		7.20366e+06		152.028		100.918		4.43565e+06		1.6847		290.718		
00:00:50:299		9.16594e+06		-5.85136		0		0		7.20367e+06		15.9868			00:00:50:299		7.20361e+06		152.028		100.918		4.43565e+06		1.6847		290.716		
00:00:50:200		9.18074e+06		-5.85174		0		0		7.20387e+06		28.2062			00:00:50:200		7.20334e+06		151.817		100.814		4.42434e+06		1.67901		290.714		
00:00:50:000		9.21013e+06		-5.85243		0		0		7.20327e+06		7.47928			00:00:50:000		7.20297e+06		151.605		100.814		4.42434e+06		1.67901		290.71		
00:00:49:899		9.22471e+06		-5.85273		0		0		7.20255e+06		-18.5902			00:00:49:899		7.2026e+06		151.605		100.71		4.41298e+06		1.67331		290.708		
00:00:49:899		9.22471e+06		-5.85273		0		0		7.20255e+06		-18.5902			00:00:49:899		7.2026e+06		151.605		100.71		4.41298e+06		1.67331		290.708		
00:00:49:799		9.23922e+06		-5.85301		0		0		7.20195e+06		-29.3572			00:00:49:799		7.20252e+06		151.605		100.71		4.41298e+06		1.67331		290.706		
00:00:49:799		9.23922e+06		-5.85301		0		0		7.20195e+06		-29.3572			00:00:49:799		7.20252e+06		151.605		100.71		4.41298e+06		1.67331		290.706		
00:00:49:600		9.26799e+06		-5.85347		0		0		7.20184e+06		2.13706			00:00:49:600		7.20196e+06		151.394		100.605		4.4015e+06		1.66761		290.703		
00:00:49:500		9.28224e+06		-5.85366		0		0		7.20211e+06		20.4083			00:00:49:500		7.20192e+06		151.183		100.605		4.4015e+06		1.66761		290.701		
00:00:49:399		9.29643e+06		-5.85383		0		0		7.20224e+06		29.2766			00:00:49:399		7.20158e+06		151.183		100.499		4.39e+06		1.66192		290.699		
00:00:49:299		9.31054e+06		-5.85396		0		0		7.202e+06		18.486			00:00:49:299		7.20145e+06		151.183		100.499		4.39e+06		1.66192		290.698		
00:00:49:200		9.32457e+06		-5.85406		0		0		7.20141e+06		0			00:00:49:200		7.20125e+06		150.973		100.392		4.37851e+06		1.65622		290.696		
00:00:49:000		9.35244e+06		-5.85418		0		0		7.20021e+06		-29.1821			00:00:49:000		7.20088e+06		150.762		100.392		4.37851e+06		1.65622		290.693		
00:00:48:899		9.36627e+06		-5.85422		0		0		7.20013e+06		-12.9022			00:00:48:899		7.20054e+06		150.762		100.285		4.36698e+06		1.65052		290.691		
00:00:48:899		9.36627e+06		-5.85422		0		0		7.20013e+06		-12.9022			00:00:48:899		7.20054e+06		150.762		100.285		4.36698e+06		1.65052		290.691		
00:00:48:750		9.38688e+06		-5.85426		0		0		7.20051e+06		19.3864			00:00:48:750		7.20036e+06		150.551		100.285		4.36698e+06		1.65052		290.689		
00:00:48:750		9.38688e+06		-5.85426		0		0		7.20051e+06		19.3864			00:00:48:750		7.20036e+06		150.551		100.285		4.36698e+06		1.65052		290.689		
00:00:48:649		9.40053e+06		-5.85429		0		0		7.20066e+06		29.5678			00:00:48:649		7.20004e+06		150.551		100.176		4.35532e+06		1.64482		290.687		
00:00:48:549		9.41409e+06		-5.85433		0		0		7.20046e+06		20.1402			00:00:48:549		7.19985e+06		150.551		100.176		4.35532e+06		1.64482		290.685		
00:00:48:450		9.42759e+06		-5.85441		0		0		7.19989e+06		1.59743			00:00:48:450		7.19969e+06		150.341		100.067		4.34364e+06		1.63912		290.684		
00:00:48:299		9.4477e+06		-5.8546		0		0		7.19886e+06		-29.3245			00:00:48:299		7.19932e+06		150.341		100.067		4.34364e+06		1.63912		290.682		
00:00:48:200		9.46103e+06		-5.85475		0		0		7.19852e+06		-25.4864			00:00:48:200		7.19917e+06		150.131		99.9568		4.33189e+06		1.63341		290.68		
00:00:48:200		9.46103e+06		-5.85475		0		0		7.19852e+06		-25.4864			00:00:48:200		7.19917e+06		150.131		99.9568		4.33189e+06		1.63341		290.68		
00:00:48:049		9.48093e+06		-5.85504		0		0		7.19874e+06		10.3043			00:00:48:049		7.19877e+06		150.131		99.9568		4.33189e+06		1.63341		290.678		
00:00:47:950		9.49415e+06		-5.8553		0		0		7.199e+06		25.4352			00:00:47:950		7.19863e+06		149.921		99.8458		4.32013e+06		1.62771		290.677		
00:00:47:750		9.5204e+06		-5.85609		0		0		7.19863e+06		13.8591			00:00:47:750		7.19822e+06		149.711		99.8458		4.32013e+06		1.62771		290.675		
00:00:47:750		9.5204e+06		-5.85609		0		0		7.19863e+06		13.8591			00:00:47:750		7.19822e+06		149.711		99.8458		4.32013e+06		1.62771		290.675		
00:00:47:649		9.53344e+06		-5.85664		0		0		7.19793e+06		-14.1194			00:00:47:649		7.19789e+06		149.711		99.7339		4.30837e+06		1.62201		290.673		
00:00:47:549		9.54642e+06		-5.85731		0		0		7.19725e+06		-29.565			00:00:47:549		7.1977e+06		149.711		99.7339		4.30837e+06		1.62201		290.672		
00:00:47:450		9.55932e+06		-5.8581		0		0		7.1969e+06		-26.3671			00:00:47:450		7.19756e+06		149.501		99.6211		4.29657e+06		1.6163		290.671		
00:00:47:350		9.57212e+06		-5.85902		0		0		7.19696e+06		-5.67509			00:00:47:350		7.19718e+06		149.501		99.6211		4.29657e+06		1.6163		290.67		
00:00:47:250		9.58492e+06		-5.86002		0		0		7.19724e+06		18.3028			00:00:47:250		7.19714e+06		149.292		99.6211		4.29657e+06		1.6163		290.669		
00:00:47:149		9.59776e+06		-5.86105		0		0		7.19743e+06		29.9332			00:00:47:149		7.19683e+06		149.292		99.5074		4.28472e+06		1.6106		290.668		
00:00:46:950		9.62355e+06		-5.86304		0		0		7.19672e+06		4.08494			00:00:46:950		7.19648e+06		149.082		99.3928		4.27283e+06		1.60489		290.666		
00:00:46:950		9.62355e+06		-5.86304		0		0		7.19672e+06		4.08494			00:00:46:950		7.19648e+06		149.082		99.3928		4.27283e+06		1.60489		290.666		
00:00:46:850		9.63648e+06		-5.86388		0		0		7.19597e+06		-22.9706			00:00:46:850		7.1961e+06		149.082		99.3928		4.27283e+06		1.60489		290.665		
00:00:46:750		9.64943e+06		-5.86455		0		0		7.1954e+06		-30.8098			00:00:46:750		7.19607e+06		148.872		99.3928		4.27283e+06		1.60489		290.664		
00:00:46:649		9.66241e+06		-5.86502		0		0		7.19523e+06		-18.1747			00:00:46:649		7.19575e+06		148.872		99.2772		4.2609e+06		1.59918		290.663		
00:00:46:549		9.67546e+06		-5.86528		0		0		7.19543e+06		7.89152			00:00:46:549		7.1955e+06		148.872		99.2772		4.2609e+06		1.59918		290.662		
00:00:46:450		9.68856e+06		-5.86528		0		0		7.19571e+06		24.7804			00:00:46:450		7.1954e+06		148.663		99.1608		4.249e+06		1.59347		290.661		
00:00:46:350		9.70163e+06		-5.865		0		0		7.19577e+06		29.1931			00:00:46:350		7.19502e+06		148.663		99.1608		4.249e+06		1.59347		290.66		
00:00:46:200		9.72114e+06		-5.86395		0		0		7.19513e+06		5.86861			00:00:46:200		7.19486e+06		148.453		99.0436		4.23703e+06		1.58776		290.658		
00:00:46:149		9.72763e+06		-5.86342		0		0		7.19475e+06		-10.9677			00:00:46:149		7.19466e+06		148.453		99.0436		4.23703e+06		1.58776		290.657		
00:00:46:049		9.74707e+06		-5.8612		0		0		7.19377e+06		-31.4808			00:00:46:049		7.19443e+06		148.243		99.0436		4.23703e+06		1.58776		290.656		
00:00:45:899		9.76e+06		-5.85918		0		0		7.19356e+06		-20.1845			00:00:45:899		7.19413e+06		148.243		98.9256		4.22496e+06		1.58205		290.655		
00:00:45:799		9.77289e+06		-5.85669		0		0		7.19375e+06		5.54545			00:00:45:799		7.19386e+06		148.243		98.9256		4.22496e+06		1.58205		290.654		
00:00:45:700		9.78573e+06		-5.85376		0		0		7.19405e+06		23.8115			00:00:45:700		7.19378e+06		148.034		98.8069		4.21284e+06		1.57634		290.653		
00:00:45:600		9.79855e+06		-5.8504		0		0		7.19414e+06		30.1954			00:00:45:600		7.1934e+06		148.034		98.8069		4.21284e+06		1.57634		290.652		
00:00:45:500		9.81133e+06		-5.84669		0		0		7.19384e+06		17.7864			00:00:45:500		7.19333e+06		147.824		98.8069		4.21284e+06		1.57634		290.651		
00:00:45:399		9.82409e+06		-5.84269		0		0		7.19318e+06		-7.54546			00:00:45:399		7.19305e+06		147.824		98.6875		4.20068e+06		1.57063		290.65		
00:00:45:299		9.83683e+06		-5.83853		0		0		7.19245e+06		-28.2186			00:00:45:299		7.19275e+06		147.824		98.6875		4.20068e+06		1.57063		290.649		
00:00:45:200		9.84956e+06		-5.83431		0		0		7.19199e+06		-29.6686			00:00:45:200		7.19270e+06		147.614		98.5674		4.18838e+06		1.56492		290.648		
00:00:45:149		9.85593e+06		-5.83223		0		0		7.19192e+06		-22.5104			00:00:45:149		7.19253e+06		147.614		98.5674		4.18838e+06		1.56492		290.648		
00:00:44:899		9.88787e+06		-5.82274		0		0		7.19248e+06		27.8666			00:00:44:899		7.19204e+06		147.404		98.4467		4.17599e+06		1.5592		290.645		
00:00:44:899		9.88787e+06		-5.82274		0		0		7.19248e+06		27.8666			00:00:44:899		7.19204e+06		147.404		98.4467		4.17599e+06		1.5592		290.645		
00:00:44:799		9.90063e+06		-5.8197		0		0		7.19243e+06		25.8285			00:00:44:799		7.19168e+06		147.404		98.4467		4.17599e+06		1.5592		290.645		
00:00:44:700		9.91338e+06		-5.8167		0		0		7.19199e+06		10.9593			00:00:44:700		7.19164e+06		147.195		98.3253		4.16354e+06		1.55349		290.644		
00:00:44:600		9.92611e+06		-5.81358		0		0		7.19126e+06		-18.5308			00:00:44:600		7.19127e+06		147.195		98.3253		4.16354e+06		1.55349		290.643		
00:00:44:500		9.93881e+06		-5.81035		0		0		7.1906e+06		-31.8167			00:00:44:500		7.19115e+06		146.985		98.3253		4.16354e+06		1.55349		290.642		
00:00:44:399		9.95149e+06		-5.807		0		0		7.1903e+06		-25.8341			00:00:44:399		7.19098e+06		146.985		98.2032		4.15114e+06		1.54778		290.641		
00:00:44:299		9.96416e+06		-5.80354		0		0		7.19042e+06		-3.17873			00:00:44:299		7.19059e+06		146.985		98.2032		4.15114e+06		1.54778		290.641		
00:00:44:200		9.9768e+06		-5.79997		0		0		7.19074e+06		20.5049			00:00:44:200		7.1906e+06		146.775		98.0804		4.13867e+06		1.54206		290.64		
00:00:44:000		1.0002e+07		-5.7925		0		0		7.19074e+06		22.1094			00:00:44:000		7.19006e+06		146.565		98.0804		4.13867e+06		1.54206		290.639		
00:00:43:899		1.00146e+07		-5.7886		0		0		7.19015e+06		2.87466			00:00:43:899		7.18992e+06		146.565		97.9571		4.12609e+06		1.53635		290.638		
00:00:43:899		1.00146e+07		-5.7886		0		0		7.19015e+06		2.87466			00:00:43:899		7.18992e+06		146.565		97.9571		4.12609e+06		1.53635		290.638		
00:00:43:799		1.00272e+07		-5.7846		0		0		7.18936e+06		-24.8556			00:00:43:799		7.18952e+06		146.565		97.9571		4.12609e+06		1.53635		290.638		
00:00:43:700		1.00398e+07		-5.78049		0		0		7.18877e+06		-33.3537			00:00:43:700		7.18952e+06		146.354		97.833		4.11346e+06		1.53063		290.637		
00:00:43:600		1.00523e+07		-5.77628		0		0		7.18861e+06		-20.2023			00:00:43:600		7.1892e+06		146.354		97.833		4.11346e+06		1.53063		290.637		
00:00:43:500		1.00649e+07		-5.77197		0		0		7.18885e+06		6.82567			00:00:43:500		7.18896e+06		146.144		97.833		4.11346e+06		1.53063		290.636		
00:00:43:500		1.00649e+07		-5.77197		0		0		7.18885e+06		6.82567			00:00:43:500		7.18896e+06		146.144		97.833		4.11346e+06		1.53063		290.636		
00:00:43:399		1.00774e+07		-5.76756		0		0		7.18919e+06		25.6799			00:00:43:399		7.1889e+06		146.144		97.7084		4.10071e+06		1.52491		290.636		
00:00:43:299		1.00899e+07		-5.76307		0		0		7.18932e+06		32.6186			00:00:43:299		7.18851e+06		146.144		97.7084		4.10071e+06		1.52491		290.636		
00:00:43:200		1.01024e+07		-5.75848		0		0		7.18904e+06		19.689			00:00:43:200		7.18846e+06		145.933		97.5831		4.08786e+06		1.5192		290.635		
00:00:43:000		1.01274e+07		-5.74903		0		0		7.18759e+06		-28.8637			00:00:43:000		7.18787e+06		145.722		97.5831		4.08786e+06		1.5192		290.635		
00:00:42:850		1.01461e+07		-5.74171		0		0		7.18701e+06		-26.6466			00:00:42:850		7.18773e+06		145.722		97.4572		4.07497e+06		1.51348		290.634		
00:00:42:850		1.01461e+07		-5.74171		0		0		7.18701e+06		-26.6466			00:00:42:850		7.18773e+06		145.722		97.4572		4.07497e+06		1.51348		290.634		
00:00:42:750		1.01585e+07		-5.73672		0		0		7.18716e+06		-2.8959			00:00:42:750		7.18731e+06		145.511		97.4572		4.07497e+06		1.51348		290.634		
00:00:42:649		1.01709e+07		-5.73163		0		0		7.18752e+06		22.0241			00:00:42:649		7.18736e+06		145.511		97.3307		4.06202e+06		1.50777		290.634		
00:00:42:549		1.01832e+07		-5.72646		0		0		7.18774e+06		33.8975			00:00:42:549		7.18701e+06		145.511		97.3307		4.06202e+06		1.50777		290.634		
00:00:42:450		1.01956e+07		-5.72119		0		0		7.18757e+06		23.5379			00:00:42:450		7.18684e+06		145.3		97.2036		4.04903e+06		1.50205		290.634		
00:00:42:350		1.02079e+07		-5.71584		0		0		7.18696e+06		3.383			00:00:42:350		7.18672e+06		145.3		97.2036		4.04903e+06		1.50205		290.634		
00:00:42:149		1.02325e+07		-5.70487		0		0		7.18555e+06		-34.4981			00:00:42:149		7.18633e+06		145.088		97.076		4.03591e+06		1.49633		290.634		
00:00:42:149		1.02325e+07		-5.70487		0		0		7.18555e+06		-34.4981			00:00:42:149		7.18633e+06		145.088		97.076		4.03591e+06		1.49633		290.634		
00:00:41:950		1.0257e+07		-5.69352		0		0		7.18564e+06		6.68382			00:00:41:950		7.18575e+06		144.876		96.9478		4.02277e+06		1.49062		290.634		
00:00:41:950		1.0257e+07		-5.69352		0		0		7.18564e+06		6.68382			00:00:41:950		7.18575e+06		144.876		96.9478		4.02277e+06		1.49062		290.634		
00:00:41:850		1.02693e+07		-5.68771		0		0		7.18601e+06		26.7037			00:00:41:850		7.1857e+06		144.876		96.9478		4.02277e+06		1.49062		290.634		
00:00:41:799		1.02754e+07		-5.68476		0		0		7.18613e+06		33.131			00:00:41:799		7.18551e+06		144.876		96.9478		4.02277e+06		1.49062		290.635		
00:00:41:700		1.02877e+07		-5.67879		0		0		7.18607e+06		27.9752			00:00:41:700		7.18522e+06		144.664		96.819		4.00955e+06		1.4849		290.635		
00:00:41:600		1.03061e+07		-5.66965		0		0		7.18518e+06		-6.37774			00:00:41:600		7.18502e+06		144.664		96.819		4.00955e+06		1.4849		290.635		
00:00:41:450		1.03184e+07		-5.66344		0		0		7.1844e+06		-29.7898			00:00:41:450		7.1847e+06		144.452		96.6897		3.99622e+06		1.47919		290.636		
00:00:41:350		1.03306e+07		-5.65714		0		0		7.18389e+06		-33.193			00:00:41:350		7.1847e+06		144.452		96.6897		3.99622e+06		1.47919		290.636		
00:00:41:250		1.03428e+07		-5.65074		0		0		7.18385e+06		-14.5413			00:00:41:250		7.18431e+06		144.239		96.6897		3.99622e+06		1.47919		290.637		
00:00:41:149		1.0355e+07		-5.64425		0		0		7.18416e+06		13.4145			00:00:41:149		7.18418e+06		144.239		96.5599		3.98284e+06		1.47347		290.638		
00:00:41:049		1.03672e+07		-5.63766		0		0		7.1845e+06		30.2044			00:00:41:049		7.18404e+06		144.239		96.5599		3.98284e+06		1.47347		290.638		
00:00:40:950		1.03793e+07		-5.63097		0		0		7.18454e+06		31.3639			00:00:40:950		7.18364e+06		144.027		96.4295		3.96933e+06		1.46776		290.639		
00:00:40:850		1.03914e+07		-5.62419		0		0		7.18412e+06		15.3375			00:00:40:850		7.18366e+06		144.027		96.4295		3.96933e+06		1.46776		290.64		
00:00:40:750		1.04036e+07		-5.6173		0		0		7.18334e+06		-16.3202			00:00:40:750		7.18331e+06		143.814		96.4295		3.96933e+06		1.46776		290.641		
00:00:40:649		1.04157e+07		-5.61032		0		0		7.18259e+06		-33.9712			00:00:40:649		7.18312e+06		143.814		96.2988		3.95579e+06		1.46205		290.641		
00:00:40:549		1.04279e+07		-5.60323		0		0		7.18221e+06		-30.736			00:00:40:549		7.18301e+06		143.814		96.2988		3.95579e+06		1.46205		290.642		
00:00:40:450		1.044e+07		-5.59604		0		0		7.1823e+06		-8.33938			00:00:40:450		7.1826e+06		143.602		96.1675		3.94226e+06		1.45633		290.643		
00:00:40:350		1.04521e+07		-5.58874		0		0		7.18267e+06		19.3699			00:00:40:350		7.1826e+06		143.602		96.1675		3.94226e+06		1.45633		290.644		
00:00:40:250		1.04642e+07		-5.58136		0		0		7.18295e+06		34.062			00:00:40:250		7.1823e+06		143.389		96.1675		3.94226e+06		1.45633		290.645		
00:00:40:000		1.04948e+07		-5.56246		0		0		7.18192e+06		-9.2625			00:00:40:000		7.18179e+06		143.177		96.0359		3.92859e+06		1.45062		290.648		
00:00:39:899		1.05071e+07		-5.55471		0		0		7.18113e+06		-31.4504			00:00:39:899		7.18148e+06		143.177		95.9039		3.91481e+06		1.4449		290.65		
00:00:39:899		1.05071e+07		-5.55471		0		0		7.18113e+06		-31.4504			00:00:39:899		7.18148e+06		143.177		95.9039		3.91481e+06		1.4449		290.65		
00:00:39:799		1.05193e+07		-5.54687		0		0		7.18064e+06		-32.9652			00:00:39:799		7.18146e+06		143.177		95.9039		3.91481e+06		1.4449		290.651		
00:00:39:700		1.05316e+07		-5.53891		0		0		7.18064e+06		-13.8492			00:00:39:700		7.18106e+06		142.965		95.7717		3.90107e+06		1.43919		290.652		
00:00:39:600		1.05438e+07		-5.53084		0		0		7.18097e+06		15.2518			00:00:39:600		7.18098e+06		142.965		95.7717		3.90107e+06		1.43919		290.654		
00:00:39:500		1.05561e+07		-5.52265		0		0		7.1813e+06		31.8345			00:00:39:500		7.18079e+06		142.753		95.7717		3.90107e+06		1.43919		290.655		
00:00:39:399		1.05683e+07		-5.51433		0		0		7.1813e+06		30.4405			00:00:39:399		7.1804e+06		142.753		95.6393		3.88733e+06		1.43347		290.656		
00:00:39:299		1.05806e+07		-5.50589		0		0		7.18084e+06		13.8319			00:00:39:299		7.18042e+06		142.753		95.6393		3.88733e+06		1.43347		290.658		
00:00:39:200		1.05928e+07		-5.49733		0		0		7.18004e+06		-20.3022			00:00:39:200		7.18003e+06		142.541		95.5068		3.87346e+06		1.42775		290.659		
00:00:39:100		1.0605e+07		-5.48866		0		0		7.1793e+06		-34.9575			00:00:39:100		7.1799e+06		142.541		95.5068		3.87346e+06		1.42775		290.66		
00:00:39:000		1.06173e+07		-5.47986		0		0		7.17897e+06		-29.266			00:00:39:000		7.17975e+06		142.329		95.5068		3.87346e+06		1.42775		290.662		
00:00:38:899		1.06295e+07		-5.47094		0		0		7.17911e+06		-4.99342			00:00:38:899		7.17933e+06		142.329		95.3744		3.85955e+06		1.42203		290.663		
00:00:38:799		1.06418e+07		-5.4619		0		0		7.17949e+06		22.3814			00:00:38:799		7.17935e+06		142.329		95.3744		3.85955e+06		1.42203		290.664		
00:00:38:700		1.0654e+07		-5.45274		0		0		7.17973e+06		35.4886			00:00:38:700		7.17899e+06		142.117		95.2423		3.84576e+06		1.41631		290.666		
00:00:38:600		1.06662e+07		-5.44346		0		0		7.17956e+06		25.3586			00:00:38:600		7.17878e+06		142.117		95.2423		3.84576e+06		1.41631		290.667		
00:00:38:500		1.06784e+07		-5.43407		0		0		7.17894e+06		4.38039			00:00:38:500		7.17867e+06		141.906		95.2423		3.84576e+06		1.41631		290.668		
00:00:38:399		1.06906e+07		-5.42457		0		0		7.17809e+06		-26.5999			00:00:38:399		7.17825e+06		141.906		95.1104		3.83197e+06		1.41059		290.67		
00:00:38:299		1.07027e+07		-5.41498		0		0		7.17744e+06		-36.3262			00:00:38:299		7.17825e+06		141.906		95.1104		3.83197e+06		1.41059		290.671		
00:00:38:200		1.07148e+07		-5.40532		0		0		7.17727e+06		-22.5698			00:00:38:200		7.17792e+06		141.695		94.979		3.81804e+06		1.40487		290.672		
00:00:38:100		1.0727e+07		-5.3956		0		0		7.17753e+06		7.45292			00:00:38:100		7.17764e+06		141.695		94.979		3.81804e+06		1.40487		290.674		
00:00:38:000		1.07391e+07		-5.38582		0		0		7.17791e+06		28.1823			00:00:38:000		7.17758e+06		141.484		94.979		3.81804e+06		1.40487		290.675		
00:00:37:899		1.07512e+07		-5.376		0		0		7.17804e+06		35.3143			00:00:37:899		7.17716e+06		141.484		94.848		3.80408e+06		1.39914		290.677		
00:00:37:799		1.07633e+07		-5.36615		0		0		7.17772e+06		20.9716			00:00:37:799		7.17711e+06		141.484		94.848		3.80408e+06		1.39914		290.678		
00:00:37:700		1.07754e+07		-5.35627		0		0		7.17698e+06		-8.56445			00:00:37:700		7.17683e+06		141.273		94.7175		3.79013e+06		1.39341		290.679		
00:00:37:600		1.07875e+07		-5.34636		0		0		7.17616e+06		-32.2648			00:00:37:600		7.17651e+06		141.273		94.7175		3.79013e+06		1.39341		290.681		
00:00:37:500		1.07996e+07		-5.33641		0		0		7.17565e+06		-34.2182			00:00:37:500		7.17649e+06		141.063		94.7175		3.79013e+06		1.39341		290.682		
00:00:37:399		1.08116e+07		-5.32643		0		0		7.17563e+06		-13.4718			00:00:37:399		7.17607e+06		141.063		94.5877		3.77613e+06		1.38768		290.684		
00:00:37:299		1.08237e+07		-5.3164		0		0		7.17597e+06		15.9708			00:00:37:299		7.17597e+06		141.063		94.5877		3.77613e+06		1.38768		290.685		
00:00:37:200		1.08357e+07		-5.30631		0		0		7.17629e+06		32.7792			00:00:37:200		7.17576e+06		140.853		94.4585		3.76207e+06		1.38195		290.687		
00:00:37:100		1.08477e+07		-5.29614		0		0		7.17628e+06		31.5437			00:00:37:100		7.17535e+06		140.853		94.4585		3.76207e+06		1.38195		290.688		
00:00:37:100		1.08477e+07		-5.29614		0		0		7.17628e+06		31.5437			00:00:37:100		7.17535e+06		140.853		94.4585		3.76207e+06		1.38195		290.688		
00:00:36:899		1.08715e+07		-5.27558		0		0		7.17494e+06		-20.8667			00:00:36:899		7.17495e+06		140.644		94.3298		3.74796e+06		1.37621		290.691		
00:00:36:799		1.08835e+07		-5.26517		0		0		7.17417e+06		-36.4647			00:00:36:799		7.1748e+06		140.644		94.3298		3.74796e+06		1.37621		290.693		
00:00:36:700		1.08955e+07		-5.2547		0		0		7.17381e+06		-30.6422			00:00:36:700		7.17463e+06		140.435		94.2006		3.7337e+06		1.37048		290.694		
00:00:36:700		1.08955e+07		-5.2547		0		0		7.17381e+06		-30.6422			00:00:36:700		7.17463e+06		140.435		94.2006		3.7337e+06		1.37048		290.694		
00:00:36:600		1.09075e+07		-5.24415		0		0		7.17396e+06		-4.23779			00:00:36:600		7.17419e+06		140.435		94.2006		3.7337e+06		1.37048		290.696		
00:00:36:500		1.09195e+07		-5.23352		0		0		7.17434e+06		23.9137			00:00:36:500		7.17418e+06		140.226		94.2006		3.7337e+06		1.37048		290.698		
00:00:36:399		1.09314e+07		-5.22283		0		0		7.17458e+06		37.1731			00:00:36:399		7.17379e+06		140.226		94.0704		3.71951e+06		1.36473		290.699		
00:00:36:299		1.09434e+07		-5.21208		0		0		7.17438e+06		26.6049			00:00:36:299		7.17355e+06		140.226		94.0704		3.71951e+06		1.36473		290.701		
00:00:36:149		1.09614e+07		-5.19584		0		0		7.17324e+06		-16.2006			00:00:36:149		7.17318e+06		140.019		93.9393		3.70530e+06		1.35899		290.704		
00:00:36:049		1.09734e+07		-5.18495		0		0		7.17239e+06		-36.7483			00:00:36:049		7.17294e+06		140.019		93.9393		3.70530e+06		1.35899		290.706		
00:00:35:850		1.09975e+07		-5.16306		0		0		7.17198e+06		-10.7235			00:00:35:850		7.17236e+06		139.81		93.8073		3.69108e+06		1.35324		290.709		
00:00:35:850		1.09975e+07		-5.16306		0		0		7.17198e+06		-10.7235			00:00:35:850		7.17236e+06		139.81		93.8073		3.69108e+06		1.35324		290.709		
00:00:35:750		1.10095e+07		-5.15207		0		0		7.17235e+06		19.9326			00:00:35:750		7.17231e+06		139.603		93.8073		3.69108e+06		1.35324		290.711		
00:00:35:649		1.10215e+07		-5.14106		0		0		7.17266e+06		36.5171			00:00:35:649		7.17197e+06		139.603		93.6743		3.67678e+06		1.34749		290.713		
00:00:35:549		1.10336e+07		-5.13005		0		0		7.17257e+06		30.4291			00:00:35:549		7.17165e+06		139.603		93.6743		3.67678e+06		1.34749		290.715		
00:00:35:450		1.10456e+07		-5.11902		0		0		7.172e+06		11.3976			00:00:35:450		7.17158e+06		139.395		93.5403		3.66236e+06		1.34173		290.717		
00:00:35:350		1.10577e+07		-5.10799		0		0		7.1711e+06		-24.1067			00:00:35:350		7.17113e+06		139.395		93.5403		3.66236e+06		1.34173		290.719		
00:00:35:250		1.10697e+07		-5.09696		0.0689978		0		7.17034e+06		-37.2389			00:00:35:250		7.17106e+06		139.188		93.5403		3.66236e+06		1.34173		290.721		
00:00:35:149		1.10818e+07		-5.08592		0.2073		0		7.17002e+06		-27.3928			00:00:35:149		7.17075e+06		139.188		93.4052		3.64798e+06		1.33597		290.723		
00:00:34:950		1.11061e+07		-5.06372		0.48365		0		7.17051e+06		24.6809			00:00:34:950		7.17032e+06		138.982		93.2689		3.63361e+06		1.33021		290.727		
00:00:34:850		1.11183e+07		-5.05255		0.621504		0		7.17068e+06		36.3039			00:00:34:850		7.16989e+06		138.982		93.2689		3.63361e+06		1.33021		290.729		
00:00:34:850		1.11183e+07		-5.05255		0.621504		0		7.17068e+06		36.3039			00:00:34:850		7.16989e+06		138.982		93.2689		3.63361e+06		1.33021		290.729		
00:00:34:750		1.11305e+07		-5.04133		0.758955		0		7.17043e+06		24.0087			00:00:34:750		7.16976e+06		138.775		93.2689		3.63361e+06		1.33021		290.731		
00:00:34:649		1.11427e+07		-5.03006		0.895957		0		7.16973e+06		1.03629			00:00:34:649		7.16951e+06		138.775		93.1314		3.6191e+06		1.32445		290.734		
00:00:34:549		1.11549e+07		-5.01873		1.03237		0		7.16883e+06		-30.3461			00:00:34:549		7.16906e+06		138.775		93.1314		3.6191e+06		1.32445		290.736		
00:00:34:450		1.11671e+07		-5.00735		1.16807		0		7.16821e+06		-35.915			00:00:34:450		7.16901e+06		138.569		92.9926		3.60446e+06		1.31868		290.738		
00:00:34:350		1.11793e+07		-4.99592		1.30292		0		7.16807e+06		-17.673			00:00:34:350		7.16855e+06		138.569		92.9926		3.60446e+06		1.31868		290.741		
00:00:34:250		1.11915e+07		-4.98444		1.43676		0		7.16831e+06		12.549			00:00:34:250		7.16834e+06		138.363		92.9926		3.60446e+06		1.31868		290.744		
00:00:34:149		1.12038e+07		-4.9729		1.56942		0		7.16859e+06		30.6832			00:00:34:149		7.16816e+06		138.363		92.8524		3.58978e+06		1.3129		290.746		
00:00:34:049		1.1216e+07		-4.96131		1.70073		0		7.16857e+06		32.1021			00:00:34:049		7.16771e+06		138.363		92.8524		3.58978e+06		1.3129		290.749		
00:00:33:950		1.12282e+07		-4.94966		1.83045		0		7.16809e+06		15.9416			00:00:33:950		7.16764e+06		138.158		92.7107		3.57503e+06		1.30713		290.751		
00:00:33:850		1.12405e+07		-4.93796		1.95831		0		7.16724e+06		-17.0893			00:00:33:850		7.1672e+06		138.158		92.7107		3.57503e+06		1.30713		290.754		
00:00:33:750		1.12527e+07		-4.92621		2.084		0		7.16641e+06		-36.3533			00:00:33:750		7.16694e+06		137.953		92.7107		3.57503e+06		1.30713		290.757		
00:00:33:649		1.1265e+07		-4.91441		2.20729		0		7.16598e+06		-31.3368			00:00:33:649		7.16676e+06		137.953		92.5674		3.56024e+06		1.30135		290.76		
00:00:33:549		1.12773e+07		-4.90256		2.3281		0		7.16605e+06		-4.90224			00:00:33:549		7.16628e+06		137.953		92.5674		3.56024e+06		1.30135		290.762		
00:00:33:450		1.12896e+07		-4.89067		2.44663		0		7.16635e+06		22.4976			00:00:33:450		7.16622e+06		137.748		92.4222		3.54539e+06		1.29556		290.765		
00:00:33:350		1.1302e+07		-4.87874		2.56294		0		7.16653e+06		36.4143			00:00:33:350		7.16582e+06		137.748		92.4222		3.54539e+06		1.29556		290.767		
00:00:33:250		1.13143e+07		-4.86677		2.67765		0		7.16629e+06		25.9283			00:00:33:250		7.1655e+06		137.543		92.4222		3.54539e+06		1.29556		290.77		
00:00:33:100		1.13329e+07		-4.84875		2.85768		0		7.16509e+06		-17.3778			00:00:33:100		7.16506e+06		137.543		92.2751		3.53039e+06		1.28977		290.774		
00:00:33:000		1.13453e+07		-4.83668		2.97658		0		7.16422e+06		-37.3211			00:00:33:000		7.16477e+06		137.338		92.2751		3.53039e+06		1.28977		290.776		
00:00:32:899		1.13576e+07		-4.82457		3.09301		0		7.16375e+06		-34.514			00:00:32:899		7.16463e+06		137.338		92.1258		3.51536e+06		1.28398		290.779		
00:00:32:799		1.13699e+07		-4.81243		3.20304		0		7.16381e+06		-6.60198			00:00:32:799		7.16413e+06		137.338		92.1258		3.51536e+06		1.28398		290.781		
00:00:32:700		1.13823e+07		-4.80025		3.31387		0		7.16416e+06		23.0105			00:00:32:700		7.16404e+06		137.134		91.9743		3.50036e+06		1.27818		290.784		
00:00:32:600		1.13946e+07		-4.78803		3.41387		0		7.16439e+06		38.1548			00:00:32:600		7.16364e+06		137.134		91.9743		3.50036e+06		1.27818		290.786		
00:00:32:500		1.1407e+07		-4.77577		3.51077		0		7.1642e+06		30.443			00:00:32:500		7.16324e+06		136.93		91.9743		3.50036e+06		1.27818		290.788		
00:00:32:399		1.14193e+07		-4.76347		3.60452		0		7.16347e+06		6.14719			00:00:32:399		7.16313e+06		136.93		91.8203		3.4852e+06		1.27238		290.79		
00:00:32:299		1.14316e+07		-4.75113		3.69509		0		7.16247e+06		-30.267			00:00:32:299		7.16265e+06		136.93		91.8203		3.4852e+06		1.27238		290.792		
00:00:32:200		1.1444e+07		-4.73873		3.78249		0		7.16168e+06		-40.7641			00:00:32:200		7.16258e+06		136.725		91.6636		3.46981e+06		1.26658		290.794		
00:00:32:100		1.14563e+07		-4.72628		3.86671		0		7.1614e+06		-29.2912			00:00:32:100		7.16224e+06		136.725		91.6636		3.46981e+06		1.26658		290.796		
00:00:31:949		1.14748e+07		-4.7075		3.98714		0		7.16185e+06		21.8656			00:00:31:949		7.1618e+06		136.521		91.5042		3.45439e+06		1.26077		290.799		
00:00:31:949		1.14748e+07		-4.7075		3.98714		0		7.16185e+06		21.8656			00:00:31:949		7.1618e+06		136.521		91.5042		3.45439e+06		1.26077		290.799		
00:00:31:850		1.14871e+07		-4.69491		4.06355		0		7.16216e+06		39.5099			00:00:31:850		7.1614e+06		136.521		91.5042		3.45439e+06		1.26077		290.8		
00:00:31:750		1.14995e+07		-4.68224		4.1369		0		7.16207e+06		34.748			00:00:31:750		7.16099e+06		136.318		91.5042		3.45439e+06		1.26077		290.802		
00:00:31:649		1.15118e+07		-4.66951		4.20729		0		7.1614e+06		12.1427			00:00:31:649		7.16092e+06		136.318		91.3417		3.439e+06		1.25496		290.803		
00:00:31:550		1.15242e+07		-4.65672		4.27475		0		7.16038e+06		-29.634			00:00:31:550		7.16045e+06		136.318		91.3417		3.439e+06		1.25496		290.805		
00:00:31:449		1.15366e+07		-4.64388		4.33938		0		7.15951e+06		-40.7214			00:00:31:449		7.16035e+06		136.114		91.1759		3.42345e+06		1.24915		290.806		
00:00:31:300		1.1555e+07		-4.6245		4.43117		0		7.15915e+06		-19.7501			00:00:31:300		7.15972e+06		136.114		91.1759		3.42345e+06		1.24915		290.808		
00:00:31:199		1.15673e+07		-4.61152		4.48904		0		7.15947e+06		17.3843			00:00:31:199		7.15949e+06		135.91		91.0067		3.40787e+06		1.24334		290.809		
00:00:31:100		1.15796e+07		-4.5985		4.54437		0		7.1598e+06		37.7526			00:00:31:100		7.15917e+06		135.91		91.0067		3.40787e+06		1.24334		290.81		
00:00:31:000		1.15919e+07		-4.58544		4.59723		0		7.15978e+06		34.238			00:00:31:000		7.15879e+06		135.706		91.0067		3.40787e+06		1.24334		290.811		
00:00:30:899		1.16042e+07		-4.57235		4.64772		0		7.15923e+06		17.0252			00:00:30:899		7.15871e+06		135.706		90.8338		3.39231e+06		1.23752		290.812		
00:00:30:800		1.16165e+07		-4.55922		4.69591		0		7.15827e+06		-23.6033			00:00:30:800		7.15826e+06		135.706		90.8338		3.39231e+06		1.23752		290.813		
00:00:30:699		1.16288e+07		-4.54608		4.74191		0		7.15738e+06		-39.4156			00:00:30:699		7.15811e+06		135.502		90.6571		3.37659e+06		1.2317		290.815		
00:00:30:600		1.16411e+07		-4.53293		4.7858		0		7.15694e+06		-30.967			00:00:30:600		7.15772e+06		135.502		90.6571		3.37659e+06		1.2317		290.816		
00:00:30:500		1.16534e+07		-4.51978		4.82764		0		7.15699e+06		-7.65236			00:00:30:500		7.15726e+06		135.298		90.6571		3.37659e+06		1.2317		290.818		
00:00:30:399		1.16657e+07		-4.50665		4.86756		0		7.15732e+06		24.9807			00:00:30:399		7.15718e+06		135.298		90.4765		3.36065e+06		1.22587		290.82		
00:00:30:300		1.1678e+07		-4.49353		4.9054		0		7.15751e+06		37.4342			00:00:30:300		7.15671e+06		135.298		90.4765		3.36065e+06		1.22587		290.822		
00:00:30:199		1.16903e+07		-4.48045		4.94174		0		7.15727e+06		26.0681			00:00:30:199		7.1566e+06		135.094		90.2918		3.34467e+06		1.22005		290.823		
00:00:30:100		1.17027e+07		-4.4674		4.97614		0		7.15656e+06		3.72406			00:00:30:100		7.15629e+06		135.094		90.2918		3.34467e+06		1.22005		290.825		
00:00:30:000		1.17151e+07		-4.45438		5.00905		0		7.15562e+06		-33.1558			00:00:30:000		7.15585e+06		134.89		90.2918		3.34467e+06		1.22005		290.827		
00:00:29:899		1.17275e+07		-4.44136		5.04029		0		7.15496e+06		-34.9645			00:00:29:899		7.15567e+06		134.89		90.1026		3.32851e+06		1.21422		290.83		
00:00:29:800		1.17399e+07		-4.42834		5.07002		0		7.15475e+06		-17.6364			00:00:29:800		7.15515e+06		134.89		90.1026		3.32851e+06		1.21422		290.832		
00:00:29:800		1.17399e+07		-4.42834		5.07002		0		7.15475e+06		-17.6364			00:00:29:800		7.15515e+06		134.89		90.1026		3.32851e+06		1.21422		290.832		
00:00:29:649		1.17586e+07		-4.40875		5.11204		0		7.15502e+06		20.9822			00:00:29:649		7.15492e+06		134.685		89.9087		3.31224e+06		1.20838		290.836		
00:00:29:550		1.1771e+07		-4.3956		5.1382		0		7.15511e+06		32.2294			00:00:29:550		7.1545e+06		134.685		89.9087		3.31224e+06		1.20838		290.839		
00:00:29:399		1.17896e+07		-4.37569		5.17521		0		7.15453e+06		13.1504			00:00:29:399		7.1542e+06		134.482		89.7096		3.29589e+06		1.20255		290.843		
00:00:29:399		1.17896e+07		-4.37569		5.17521		0		7.15453e+06		13.1504			00:00:29:399		7.1542e+06		134.482		89.7096		3.29589e+06		1.20255		290.843		
00:00:29:300		1.1802e+07		-4.36225		5.19837		0		7.15372e+06		-17.4217			00:00:29:300		7.15371e+06		134.482		89.7096		3.29589e+06		1.20255		290.847		
00:00:29:199		1.18206e+07		-4.34181		5.23091		0		7.15276e+06		-31.28			00:00:29:199		7.15346e+06		134.277		89.505		3.27951e+06		1.19671		290.852		
00:00:28:949		1.18454e+07		-4.31398		5.27059		0		7.15274e+06		13.5757			00:00:28:949		7.15273e+06		134.073		89.2947		3.26305e+06		1.19087		290.859		
00:00:28:850		1.18578e+07		-4.29987		5.2889		0		7.15281e+06		27.3177			00:00:28:850		7.15246e+06		134.073		89.2947		3.26305e+06		1.19087		290.863		
00:00:28:850		1.18578e+07		-4.29987		5.2889		0		7.15281e+06		27.3177			00:00:28:850		7.15246e+06		134.073		89.2947		3.26305e+06		1.19087		290.863		
00:00:28:750		1.18702e+07		-4.28568		5.30631		0		7.15257e+06		21.9293			00:00:28:750		7.15205e+06		133.868		89.2947		3.26305e+06		1.19087		290.868		
00:00:28:649		1.18826e+07		-4.27149		5.32282		0		7.15193e+06		1.46757			00:00:28:649		7.15176e+06		133.868		89.0782		3.24645e+06		1.18503		290.872		
00:00:28:550		1.1895e+07		-4.25738		5.33842		0		7.15112e+06		-24.3818			00:00:28:550		7.15123e+06		133.868		89.0782		3.24645e+06		1.18503		290.877		
00:00:28:449		1.19075e+07		-4.24346		5.35325		0		7.15053e+06		-33.4969			00:00:28:449		7.15104e+06		133.664		88.8552		3.2298e+06		1.17918		290.882		
00:00:28:350		1.192e+07		-4.22979		5.36721		0		7.15038e+06		-11.3334			00:00:28:350		7.15075e+06		133.664		88.8552		3.2298e+06		1.17918		290.887		
00:00:28:250		1.19325e+07		-4.21643		5.38055		0		7.15051e+06		14.4779			00:00:28:250		7.15048e+06		133.459		88.8552		3.2298e+06		1.17918		290.892		
00:00:28:149		1.1945e+07		-4.20337		5.393		0		7.15058e+06		25.8153			00:00:28:149		7.15025e+06		133.459		88.6254		3.213e+06		1.17334		290.898		
00:00:27:949		1.19701e+07		-4.17773		5.41609		0		7.14972e+06		3.53714			00:00:27:949		7.14949e+06		133.253		88.3885		3.19615e+06		1.16749		290.909		
00:00:27:850		1.19827e+07		-4.16489		5.42654		0		7.14885e+06		-22.5915			00:00:27:850		7.14893e+06		133.253		88.3885		3.19615e+06		1.16749		290.916		
00:00:27:850		1.19827e+07		-4.16489		5.42654		0		7.14885e+06		-22.5915			00:00:27:850		7.14893e+06		133.253		88.3885		3.19615e+06		1.16749		290.916		
00:00:27:649		1.20079e+07		-4.13915		5.4456		0		7.14786e+06		-27.6318			00:00:27:649		7.14849e+06		133.048		88.1444		3.17922e+06		1.16163		290.929		
00:00:27:649		1.20079e+07		-4.13915		5.4456		0		7.14786e+06		-27.6318			00:00:27:649		7.14849e+06		133.048		88.1444		3.17922e+06		1.16163		290.929		
00:00:27:550		1.20206e+07		-4.12626		5.45442		0		7.14805e+06		15.4637			00:00:27:550		7.1481e+06		133.048		88.1444		3.17922e+06		1.16163		290.936		
00:00:27:449		1.20332e+07		-4.11334		5.46272		0		7.14825e+06		29.1902			00:00:27:449		7.14786e+06		132.841		87.8929		3.16205e+06		1.15578		290.943		
00:00:27:350		1.20459e+07		-4.10041		5.47044		0		7.14819e+06		34.4194			00:00:27:350		7.14745e+06		132.841		87.8929		3.16205e+06		1.15578		290.95		
00:00:27:250		1.20586e+07		-4.08744		5.4775		0		7.14762e+06		15.1717			00:00:27:250		7.14703e+06		132.635		87.8929		3.16205e+06		1.15578		290.958		
00:00:27:199		1.20713e+07		-4.07443		5.48408		0		7.14663e+06		-22.7417			00:00:27:199		7.14665e+06		132.635		87.6341		3.14484e+06		1.14992		290.966		
00:00:26:949		1.20966e+07		-4.04807		5.49626		0		7.14522e+06		-35.7623			00:00:26:949		7.14605e+06		132.428		87.3682		3.12755e+06		1.14406		290.983		
00:00:26:850		1.21092e+07		-4.03465		5.50179		0		7.14531e+06		0			00:00:26:850		7.14565e+06		132.428		87.3682		3.12755e+06		1.14406		290.991		
00:00:26:850		1.21092e+07		-4.03465		5.50179		0		7.14531e+06		0			00:00:26:850		7.14565e+06		132.428		87.3682		3.12755e+06		1.14406		290.991		
00:00:26:750		1.21217e+07		-4.02109		5.5066		0		7.14561e+06		30.0551			00:00:26:750		7.14532e+06		132.221		87.3682		3.12755e+06		1.14406		291		
00:00:26:649		1.21343e+07		-4.00743		5.51085		0		7.1457e+06		39.3764			00:00:26:649		7.14483e+06		132.221		87.0954		3.11012e+06		1.13819		291.01		
00:00:26:550		1.21467e+07		-3.99365		5.5149		0		7.14529e+06		30.814			00:00:26:550		7.14439e+06		132.221		87.0954		3.11012e+06		1.13819		291.019		
00:00:26:449		1.21591e+07		-3.97978		5.51895		0		7.1443e+06		-16.5859			00:00:26:449		7.14415e+06		132.014		86.8164		3.09262e+06		1.13233		291.029		
00:00:26:350		1.21716e+07		-3.96581		5.52267		0		7.14327e+06		-37.3089			00:00:26:350		7.14376e+06		132.014		86.8164		3.09262e+06		1.13233		291.039		
00:00:26:250		1.2184e+07		-3.95177		5.52565		0		7.14261e+06		-37.3255			00:00:26:250		7.14342e+06		131.806		86.8164		3.09262e+06		1.13233		291.05		
00:00:26:149		1.21964e+07		-3.93766		5.52783		0		7.14251e+06		-16.822			00:00:26:149		7.143e+06		131.806		86.532		3.07496e+06		1.12646		291.06		
00:00:25:949		1.22211e+07		-3.90925		5.53216		0		7.14279e+06		37.5017			00:00:25:949		7.14204e+06		131.597		86.2428		3.05715e+06		1.12058		291.082		
00:00:25:949		1.22211e+07		-3.90925		5.53216		0		7.14279e+06		37.5017			00:00:25:949		7.14204e+06		131.597		86.2428		3.05715e+06		1.12058		291.082		
00:00:25:850		1.22335e+07		-3.89498		5.5346		0		7.14241e+06		30.0472			00:00:25:850		7.14159e+06		131.597		86.2428		3.05715e+06		1.12058		291.094		
00:00:25:750		1.2246e+07		-3.88068		5.53623		0		7.14149e+06		-16.1009			00:00:25:750		7.14132e+06		131.388		86.2428		3.05715e+06		1.12058		291.106		
00:00:25:649		1.22585e+07		-3.86635		5.53665		0		7.14052e+06		-36.3388			00:00:25:649		7.14093e+06		131.388		85.9483		3.03923e+06		1.11471		291.117		
00:00:25:550		1.2271e+07		-3.85199		5.53647		0		7.1399e+06		-32.7333			00:00:25:550		7.14051e+06		131.388		85.9483		3.03923e+06		1.11471		291.13		
00:00:25:399		1.22897e+07		-3.8304		5.53757		0		7.1398e+06		16.0995			00:00:25:399		7.13986e+06		131.178		85.6482		3.02115e+06		1.10882		291.149		
00:00:25:300		1.23022e+07		-3.81597		5.53881		0		7.13975e+06		28.3018			00:00:25:300		7.13934e+06		131.178		85.6482		3.02115e+06		1.10882		291.162		
00:00:25:199		1.23147e+07		-3.80151		5.53866		0		7.13938e+06		23.2866			00:00:25:199		7.13889e+06		130.968		85.3425		3.00302e+06		1.10294		291.175		
00:00:25:149		1.2321e+07		-3.79427		5.5379		0		7.13906e+06		9.8996			00:00:25:149		7.13872e+06		130.968		85.3425		3.00302e+06		1.10294		291.182		
00:00:25:050		1.23335e+07		-3.77976		5.5353		0		7.13829e+06		-19.7634			00:00:25:050		7.13835e+06		130.968		85.3425		3.00302e+06		1.10294		291.195		
00:00:24:949		1.2346e+07		-3.76522		5.53315		0		7.13767e+06		-23.6947			00:00:24:949		7.13793e+06		130.758		85.0308		2.98481e+06		1.09705		291.209		
00:00:24:850		1.23585e+07		-3.75065		5.53216		0		7.13737e+06		0			00:00:24:850		7.13753e+06		130.758		85.0308		2.98481e+06		1.09705		291.223		
00:00:24:699		1.23773e+07		-3.72873		5.53266		0		7.13708e+06		16.5078			00:00:24:699		7.13692e+06		130.547		84.713		2.96644e+06		1.09116		291.244		
00:00:24:600		1.23898e+07		-3.71407		5.5316		0		7.1367e+06		11.3393			00:00:24:600		7.13653e+06		130.547		84.713		2.96644e+06		1.09116		291.258		
00:00:24:500		1.24023e+07		-3.69937		5.52824		0		7.13619e+06		0			00:00:24:500		7.13616e+06		130.335		84.713		2.96644e+06		1.09116		291.272		
00:00:24:399		1.24148e+07		-3.68464		5.52433		0		7.13569e+06		-10.3709			00:00:24:399		7.13574e+06		130.335		84.3891		2.94796e+06		1.08526		291.287		
00:00:24:300		1.24273e+07		-3.66987		5.52257		0		7.13531e+06		0			00:00:24:300		7.13535e+06		130.335		84.3891		2.94796e+06		1.08526		291.301		
00:00:24:199		1.24398e+07		-3.65509		5.52303		7.61799		7.13497e+06		5.1748			00:00:24:199		7.13496e+06		130.122		84.0587		2.92931e+06		1.07935		291.316		
00:00:24:100		1.24523e+07		-3.64025		5.52271		12.0451		7.13459e+06		6.71261			00:00:24:100		7.13454e+06		130.122		84.0587		2.92931e+06		1.07935		291.33		
00:00:24:050		1.24586e+07		-3.63282		5.52125		15.1818		7.13439e+06		5.72537			00:00:24:050		7.13433e+06		130.122		84.0587		2.92931e+06		1.07935		291.338		
00:00:23:949		1.24712e+07		-3.61794		5.51565		21.6466		7.13394e+06		1.3219			00:00:23:949		7.13391e+06		129.909		83.7219		2.9105e+06		1.07345		291.352		
00:00:23:850		1.24838e+07		-3.60304		5.50978		27.9721		7.13349e+06		0.691513			00:00:23:850		7.13348e+06		129.909		83.7219		2.9105e+06		1.07345		291.367		
00:00:23:699		1.25026e+07		-3.58065		5.50843		36.9626		7.13286e+06		4.24433			00:00:23:699		7.13284e+06		129.696		83.3785		2.89158e+06		1.06753		291.389		
00:00:23:600		1.25153e+07		-3.56569		5.51042		42.7947		7.13244e+06		5.4406			00:00:23:600		7.13241e+06		129.696		83.3785		2.89158e+06		1.06753		291.405		
00:00:23:500		1.25279e+07		-3.55071		5.50931		47.0587		7.13201e+06		5.37668			00:00:23:500		7.13197e+06		129.482		83.3785		2.89158e+06		1.06753		291.42		
00:00:23:399		1.25406e+07		-3.53571		5.50629		48.428		7.13157e+06		4.75882			00:00:23:399		7.13154e+06		129.482		83.0285		2.87253e+06		1.06162		291.435		
00:00:23:300		1.25533e+07		-3.52068		5.51468		48.7087		7.13114e+06		4.54652			00:00:23:300		7.13111e+06		129.482		83.0285		2.87253e+06		1.06162		291.45		
00:00:23:199		1.25659e+07		-3.50563		5.51109		48.8392		7.13072e+06		5.09108			00:00:23:199		7.13069e+06		129.267		82.6719		2.85337e+06		1.05569		291.465		
00:00:23:100		1.25786e+07		-3.49055		5.51111		49.0251		7.13033e+06		6.16214			00:00:23:100		7.13029e+06		129.267		82.6719		2.85337e+06		1.05569		291.481		
00:00:23:000		1.25913e+07		-3.47543		5.50617		49.2104		7.12995e+06		7.29978			00:00:23:000		7.1299e+06		129.052		82.6719		2.85337e+06		1.05569		291.497		
00:00:22:899		1.26039e+07		-3.46029		5.49258		49.395		7.12959e+06		7.92047			00:00:22:899		7.12953e+06		129.052		82.3089		2.83393e+06		1.04976		291.513		
00:00:22:800		1.26166e+07		-3.44512		5.47721		49.5422		7.12923e+06		8.47286			00:00:22:800		7.12916e+06		129.052		82.3089		2.83393e+06		1.04976		291.53		
00:00:22:699		1.26292e+07		-3.42992		5.47045		49.7257		7.12888e+06		9.20525			00:00:22:699		7.12881e+06		128.837		81.9396		2.81428e+06		1.04382		291.546		
00:00:22:600		1.26419e+07		-3.41469		5.47314		49.9085		7.12855e+06		9.96409			00:00:22:600		7.12847e+06		128.837		81.9396		2.81428e+06		1.04382		291.563		
00:00:22:500		1.26545e+07		-3.39943		5.47372		50.1089		7.12824e+06		10.8279			00:00:22:500		7.12815e+06		128.622		81.9396		2.81428e+06		1.04382		291.58		
00:00:22:399		1.26672e+07		-3.38415		5.46156		50.2904		7.12794e+06		11.5536			00:00:22:399		7.12783e+06		128.622		81.5639		2.79452e+06		1.03788		291.598		
00:00:22:399		1.26672e+07		-3.38415		5.46156		50.2904		7.12794e+06		11.5536			00:00:22:399		7.12783e+06		128.622		81.5639		2.79452e+06		1.03788		291.598		
00:00:22:300		1.26798e+07		-3.36886		5.44068		50.4714		7.12765e+06		12.2067			00:00:22:300		7.12753e+06		128.622		81.5639		2.79452e+06		1.03788		291.615		
00:00:22:199		1.26924e+07		-3.35356		5.4275		50.6697		7.12737e+06		12.7924			00:00:22:199		7.12725e+06		128.406		81.182		2.77453e+06		1.03192		291.634		
00:00:21:949		1.2724e+07		-3.31521		5.43913		51.1535		7.12673e+06		14.4388			00:00:21:949		7.12658e+06		128.19		80.7938		2.75433e+06		1.02597		291.681		
00:00:21:850		1.27367e+07		-3.29983		5.42192		51.3494		7.12649e+06		15.2089			00:00:21:850		7.12634e+06		128.19		80.7938		2.75433e+06		1.02597		291.7		
00:00:21:850		1.27367e+07		-3.29983		5.42192		51.3494		7.12649e+06		15.2089			00:00:21:850		7.12634e+06		128.19		80.7938		2.75433e+06		1.02597		291.7		
00:00:21:750		1.27493e+07		-3.28442		5.39407		51.5623		7.12627e+06		15.9531			00:00:21:750		7.1261e+06		127.973		80.7938		2.75433e+06		1.02597		291.719		
00:00:21:699		1.27557e+07		-3.27672		5.38329		51.6685		7.12617e+06		16.315			00:00:21:699		7.12599e+06		127.973		80.3997		2.73386e+06		1.02		291.729		
00:00:21:600		1.27684e+07		-3.26129		5.38249		51.8625		7.12596e+06		16.9754			00:00:21:600		7.12577e+06		127.973		80.3997		2.73386e+06		1.02		291.749		
00:00:21:500		1.27811e+07		-3.24586		5.39999		52.0735		7.12577e+06		17.5894			00:00:21:500		7.12557e+06		127.756		80.3997		2.73386e+06		1.02		291.77		
00:00:21:350		1.28002e+07		-3.22269		5.39688		52.3885		7.1255e+06		18.523			00:00:21:350		7.12528e+06		127.756		79.9999		2.71318e+06		1.01404		291.801		
00:00:21:250		1.28128e+07		-3.20722		5.36025		52.5974		7.12533e+06		19.1742			00:00:21:250		7.1251e+06		127.539		79.9999		2.71318e+06		1.01404		291.822		
00:00:21:149		1.28255e+07		-3.19171		5.32989		52.8057		7.12518e+06		19.9378			00:00:21:149		7.12494e+06		127.539		79.5948		2.69232e+06		1.00807		291.844		
00:00:21:050		1.28382e+07		-3.17617		5.33603		53.0304		7.12503e+06		20.6819			00:00:21:050		7.12478e+06		127.539		79.5948		2.69232e+06		1.00807		291.866		
00:00:20:850		1.28635e+07		-3.14503		5.37604		53.4943		7.12478e+06		22.1203			00:00:20:850		7.1245e+06		127.321		79.1846		2.67108e+06		1.00209		291.91		
00:00:20:850		1.28635e+07		-3.14503		5.37604		53.4943		7.12478e+06		22.1203			00:00:20:850		7.1245e+06		127.321		79.1846		2.67108e+06		1.00209		291.91		
00:00:20:649		1.28888e+07		-3.11381		5.28447		54.0054		7.12458e+06		23.331			00:00:20:649		7.12426e+06		127.102		78.7699		2.64947e+06		0.996113		291.957		
00:00:20:649		1.28888e+07		-3.11381		5.28447		54.0054		7.12458e+06		23.331			00:00:20:649		7.12426e+06		127.102		78.7699		2.64947e+06		0.996113		291.957		
00:00:20:550		1.29015e+07		-3.09816		5.2703		54.3099		7.12449e+06		23.8822			00:00:20:550		7.12417e+06		127.102		78.7699		2.64947e+06		0.996113		291.98		
00:00:20:449		1.29142e+07		-3.08249		5.31579		54.6967		7.12443e+06		24.5844			00:00:20:449		7.12409e+06		126.883		78.351		2.62753e+06		0.990127		292.004		
00:00:20:350		1.2927e+07		-3.06679		5.35146		55.3302		7.12438e+06		25.5488			00:00:20:350		7.12402e+06		126.883		78.351		2.62753e+06		0.990127		292.029		
00:00:20:250		1.29397e+07		-3.05106		5.32171		56.3822		7.12436e+06		26.5512			00:00:20:250		7.12398e+06		126.663		78.351		2.62753e+06		0.990127		292.054		
00:00:20:149		1.29525e+07		-3.03531		5.22852		58.0852		7.12435e+06		27.5757			00:00:20:149		7.12395e+06		126.663		77.9286		2.60526e+06		0.984135		292.079		
00:00:20:050		1.29652e+07		-3.01953		5.12883		59.9276		7.12436e+06		28.5976			00:00:20:050		7.12393e+06		126.663		77.9286		2.60526e+06		0.984135		292.105		
00:00:19:850		1.29907e+07		-2.98788		4.91171		63.5927		7.12445e+06		30.6498			00:00:19:850		7.12396e+06		126.442		77.5033		2.58265e+06		0.978138		292.158		
00:00:19:850		1.29907e+07		-2.98788		4.91171		63.5927		7.12445e+06		30.6498			00:00:19:850		7.12396e+06		126.442		77.5033		2.58265e+06		0.978138		292.158		
00:00:19:750		1.30035e+07		-2.972		4.8135		65.3738		7.12451e+06		31.6955			00:00:19:750		7.124e+06		126.22		77.5033		2.58265e+06		0.978138		292.184		
00:00:19:649		1.30163e+07		-2.9561		4.72526		67.1656		7.1246e+06		32.6665			00:00:19:649		7.12405e+06		126.22		77.076		2.55961e+06		0.972135		292.212		
00:00:19:449		1.30419e+07		-2.92424		4.52613		70.6991		7.12481e+06		34.6416			00:00:19:449		7.12421e+06		125.997		76.6474		2.53618e+06		0.966127		292.268		
00:00:19:449		1.30419e+07		-2.92424		4.52613		70.6991		7.12481e+06		34.6416			00:00:19:449		7.12421e+06		125.997		76.6474		2.53618e+06		0.966127		292.268		
00:00:19:350		1.30547e+07		-2.90827		4.41139		72.4561		7.12495e+06		35.6434			00:00:19:350		7.12431e+06		125.997		76.6474		2.53618e+06		0.966127		292.297		
00:00:19:250		1.30675e+07		-2.89229		4.30813		74.1609		7.1251e+06		36.6205			00:00:19:250		7.12443e+06		125.773		76.6474		2.53618e+06		0.966127		292.326		
00:00:19:149		1.30803e+07		-2.8763		4.22379		75.8786		7.12527e+06		37.6409			00:00:19:149		7.12457e+06		125.773		76.2187		2.5123e+06		0.960112		292.355		
00:00:18:949		1.31059e+07		-2.84425		4.04424		79.2666		7.12566e+06		39.6283			00:00:18:949		7.12489e+06		125.547		75.7909		2.48787e+06		0.954092		292.416		
00:00:18:800		1.31251e+07		-2.82013		3.86431		81.757		7.126e+06		41.1239			00:00:18:800		7.12517e+06		125.547		75.7909		2.48787e+06		0.954092		292.463		
00:00:18:800		1.31251e+07		-2.82013		3.86431		81.757		7.126e+06		41.1239			00:00:18:800		7.12517e+06		125.547		75.7909		2.48787e+06		0.954092		292.463		
00:00:18:699		1.31379e+07		-2.80402		3.76358		83.4266		7.12624e+06		42.1086			00:00:18:699		7.12538e+06		125.319		75.365		2.463e+06		0.948066		292.496		
00:00:18:649		1.31442e+07		-2.79596		3.72576		84.2551		7.12637e+06		42.6048			00:00:18:649		7.12549e+06		125.319		75.365		2.463e+06		0.948066		292.512		
00:00:18:550		1.3157e+07		-2.7798		3.66077		85.8892		7.12664e+06		43.6077			00:00:18:550		7.12572e+06		125.319		75.365		2.463e+06		0.948066		292.545		
00:00:18:449		1.31698e+07		-2.76362		3.5775		87.5155		7.12693e+06		44.5356			00:00:18:449		7.12596e+06		125.09		74.9422		2.43772e+06		0.942035		292.579		
00:00:18:350		1.31826e+07		-2.7474		3.45425		89.1346		7.12723e+06		45.5182			00:00:18:350		7.12622e+06		125.09		74.9422		2.43772e+06		0.942035		292.613		
00:00:18:199		1.32018e+07		-2.72301		3.27004		91.5529		7.12771e+06		47.0101			00:00:18:199		7.12664e+06		124.859		74.5232		2.41182e+06		0.935998		292.667		
00:00:18:100		1.32146e+07		-2.70672		3.20667		93.1654		7.12804e+06		48.0035			00:00:18:100		7.12693e+06		124.859		74.5232		2.41182e+06		0.935998		292.703		
00:00:18:000		1.32274e+07		-2.69041		3.16266		94.7714		7.1284e+06		49.0285			00:00:18:000		7.12724e+06		124.624		74.5232		2.41182e+06		0.935998		292.74		
00:00:17:899		1.32401e+07		-2.67407		3.08376		96.3518		7.12877e+06		49.9615			00:00:17:899		7.12756e+06		124.624		74.1083		2.38526e+06		0.929955		292.777		
00:00:17:800		1.32529e+07		-2.65772		2.93285		97.9462		7.12915e+06		50.9346			00:00:17:800		7.1279e+06		124.624		74.1083		2.38526e+06		0.929955		292.816		
00:00:17:699		1.32658e+07		-2.64136		2.78698		99.5445		7.12954e+06		51.8179			00:00:17:699		7.12824e+06		124.388		73.6986		2.35802e+06		0.923908		292.855		
00:00:17:600		1.32786e+07		-2.62499		2.72169		101.147		7.12994e+06		52.711			00:00:17:600		7.1286e+06		124.388		73.6986		2.35802e+06		0.923908		292.895		
00:00:17:500		1.32915e+07		-2.6086		2.72588		102.725		7.13036e+06		53.58			00:00:17:500		7.12897e+06		124.148		73.6986		2.35802e+06		0.923908		292.935		
00:00:17:399		1.33044e+07		-2.59219		2.73003		104.307		7.13078e+06		54.4393			00:00:17:399		7.12936e+06		124.148		73.2952		2.32999e+06		0.917855		292.977		
00:00:17:300		1.33172e+07		-2.57574		2.7343		105.92		7.13122e+06		55.3049			00:00:17:300		7.12975e+06		124.148		73.2952		2.32999e+06		0.917855		293.019		
00:00:17:199		1.33301e+07		-2.55927		2.73858		107.519		7.13168e+06		56.2113			00:00:17:199		7.13016e+06		123.905		72.8978		2.30117e+06		0.911796		293.062		
00:00:17:100		1.3343e+07		-2.54275		2.74291		109.138		7.13215e+06		57.1667			00:00:17:100		7.13058e+06		123.905		72.8978		2.30117e+06		0.911796		293.106		
00:00:17:000		1.33558e+07		-2.52621		2.74716		110.735		7.13263e+06		58.1816			00:00:17:000		7.13101e+06		123.659		72.8978		2.30117e+06		0.911796		293.15		
00:00:16:899		1.33686e+07		-2.50962		2.75147		112.343		7.13313e+06		59.2912			00:00:16:899		7.13146e+06		123.659		72.5032		2.2715e+06		0.905733		293.195		
00:00:16:800		1.33814e+07		-2.49301		2.75578		113.98		7.13366e+06		60.4434			00:00:16:800		7.13192e+06		123.659		72.5032		2.2715e+06		0.905733		293.241		
00:00:16:699		1.33943e+07		-2.47636		2.76019		115.635		7.1342e+06		61.6659			00:00:16:699		7.13239e+06		123.408		72.0995		2.24091e+06		0.899664		293.288		
00:00:16:600		1.34071e+07		-2.45967		2.76463		117.284		7.13476e+06		62.9142			00:00:16:600		7.13287e+06		123.408		72.0995		2.24091e+06		0.899664		293.335		
00:00:16:500		1.34199e+07		-2.44297		2.76902		118.934		7.13533e+06		64.1038			00:00:16:500		7.13338e+06		123.152		72.0995		2.24091e+06		0.899664		293.383		
00:00:16:399		1.34326e+07		-2.42624		2.77347		120.61		7.13592e+06		65.2631			00:00:16:399		7.13389e+06		123.152		71.6864		2.20935e+06		0.89359		293.432		
00:00:16:300		1.34454e+07		-2.40951		2.77791		122.319		7.13652e+06		66.3016			00:00:16:300		7.13443e+06		123.152		71.6864		2.20935e+06		0.89359		293.481		
00:00:16:199		1.3458e+07		-2.39276		2.78246		124.058		7.13714e+06		67.1417			00:00:16:199		7.13499e+06		122.892		71.2633		2.17675e+06		0.887511		293.531		
00:00:16:100		1.34707e+07		-2.37597		2.78701		125.789		7.13777e+06		67.833			00:00:16:100		7.13558e+06		122.892		71.2633		2.17675e+06		0.887511		293.581		
00:00:16:100		1.34707e+07		-2.37597		2.78701		125.789		7.13777e+06		67.833			00:00:16:100		7.13558e+06		122.892		71.2633		2.17675e+06		0.887511		293.581		
00:00:15:900		1.34961e+07		-2.34231		2.79613		129.273		7.13911e+06		69.7515			00:00:15:900		7.13683e+06		122.625		70.8297		2.1431e+06		0.881427		293.683		
00:00:15:800		1.35087e+07		-2.32541		2.80072		131.112		7.13984e+06		71.7275			00:00:15:800		7.13744e+06		122.625		70.8297		2.1431e+06		0.881427		293.735		
00:00:15:800		1.35087e+07		-2.32541		2.80072		131.112		7.13984e+06		71.7275			00:00:15:800		7.13744e+06		122.625		70.8297		2.1431e+06		0.881427		293.735		
00:00:15:599		1.35342e+07		-2.29152		2.81006		134.788		7.14144e+06		75.9228			00:00:15:599		7.13876e+06		122.353		70.3853		2.10828e+06		0.875336		293.841		
00:00:15:500		1.35469e+07		-2.27453		2.81469		136.61		7.14231e+06		78.0614			00:00:15:500		7.13948e+06		122.073		70.3853		2.10828e+06		0.875336		293.894		
00:00:15:400		1.35596e+07		-2.25751		2.81937		138.513		7.14322e+06		80.2652			00:00:15:400		7.14023e+06		122.073		69.9295		2.07211e+06		0.869239		293.947		
00:00:15:300		1.35724e+07		-2.24045		2.82408		140.541		7.14418e+06		82.5046			00:00:15:300		7.14102e+06		122.073		69.9295		2.07211e+06		0.869239		294.001		
00:00:15:199		1.35851e+07		-2.22336		2.82888		142.608		7.14519e+06		84.7543			00:00:15:199		7.14185e+06		121.787		69.462		2.03469e+06		0.863134		294.055		
00:00:15:099		1.35978e+07		-2.20624		2.83365		144.599		7.14623e+06		86.8568			00:00:15:099		7.14271e+06		121.787		69.462		2.03469e+06		0.863134		294.109		
00:00:15:000		1.36105e+07		-2.1891		2.83845		146.604		7.1473e+06		88.703			00:00:15:000		7.14364e+06		121.493		69.462		2.03469e+06		0.863134		294.164		
00:00:14:900		1.36232e+07		-2.17195		2.84319		148.788		7.14842e+06		90.5258			00:00:14:900		7.1446e+06		121.493		68.9826		1.99588e+06		0.857022		294.218		
00:00:14:900		1.36232e+07		-2.17195		2.84319		148.788		7.14842e+06		90.5258			00:00:14:900		7.1446e+06		121.493		68.9826		1.99588e+06		0.857022		294.218		
00:00:14:800		1.36359e+07		-2.15477		2.84799		151.214		7.14957e+06		92.4036			00:00:14:800		7.14559e+06		121.493		68.9826		1.99588e+06		0.857022		294.273		
00:00:14:550		1.36677e+07		-2.1117		2.86022		157.576		7.15261e+06		97.0836			00:00:14:550		7.14822e+06		121.19		68.4909		1.95558e+06		0.850901		294.409		
00:00:14:550		1.36677e+07		-2.1117		2.86022		157.576		7.15261e+06		97.0836			00:00:14:550		7.14822e+06		121.19		68.4909		1.95558e+06		0.850901		294.409		
00:00:14:449		1.36804e+07		-2.09443		2.8651		160.703		7.1539e+06		99.0369			00:00:14:449		7.14933e+06		120.879		67.9868		1.91379e+06		0.844769		294.463		
00:00:14:349		1.36932e+07		-2.07715		2.86997		165.167		7.15522e+06		100.995			00:00:14:349		7.15047e+06		120.879		67.9868		1.91379e+06		0.844769		294.517		
00:00:14:250		1.37059e+07		-2.0599		2.87485		172.092		7.15658e+06		102.945			00:00:14:250		7.15163e+06		120.558		67.9868		1.91379e+06		0.844769		294.57		
00:00:14:150		1.37186e+07		-2.04269		2.87981		183.989		7.15796e+06		104.891			00:00:14:150		7.15281e+06		120.558		67.4709		1.87046e+06		0.838626		294.623		
00:00:13:949		1.37438e+07		-2.00841		2.88982		244.869		7.16073e+06		108.552			00:00:13:949		7.15518e+06		120.228		66.9438		1.82551e+06		0.83247		294.727		
00:00:13:849		1.37565e+07		-1.99137		2.89472		288.956		7.16208e+06		110.169			00:00:13:849		7.15633e+06		120.228		66.9438		1.82551e+06		0.83247		294.779		
00:00:13:849		1.37565e+07		-1.99137		2.89472		288.956		7.16208e+06		110.169			00:00:13:849		7.15633e+06		120.228		66.9438		1.82551e+06		0.83247		294.779		
00:00:13:750		1.37691e+07		-1.97442		2.89971		331.043		7.16338e+06		111.622			00:00:13:750		7.15746e+06		119.887		66.9438		1.82551e+06		0.83247		294.829		
00:00:13:650		1.37818e+07		-1.95757		2.90473		368.32		7.16464e+06		112.938			00:00:13:650		7.15857e+06		119.887		66.4065		1.77886e+06		0.826299		294.879		
00:00:13:550		1.37945e+07		-1.94084		2.90987		399.973		7.16588e+06		114.144			00:00:13:550		7.15966e+06		119.887		66.4065		1.77886e+06		0.826299		294.928		
00:00:13:449		1.38072e+07		-1.9242		2.91504		426.137		7.16709e+06		115.261			00:00:13:449		7.16074e+06		119.535		65.8594		1.73053e+06		0.820112		294.975		
00:00:13:349		1.382e+07		-1.90768		2.92014		447.339		7.16829e+06		116.272			00:00:13:349		7.16183e+06		119.535		65.8594		1.73053e+06		0.820112		295.022		
00:00:13:250		1.38327e+07		-1.89128		2.92522		464.046		7.16949e+06		117.013			00:00:13:250		7.16295e+06		119.172		65.8594		1.73053e+06		0.820112		295.067		
00:00:13:150		1.38455e+07		-1.875		2.93027		476.065		7.1707e+06		117.704			00:00:13:150		7.16409e+06		119.172		65.3032		1.68061e+06		0.813909		295.112		
00:00:12:949		1.3871e+07		-1.84286		2.94035		483.167		7.17318e+06		119.341			00:00:12:949		7.16641e+06		118.799		64.7385		1.62913e+06		0.807687		295.199		
00:00:12:800		1.38903e+07		-1.81916		2.9479		483.994		7.17511e+06		120.828			00:00:12:800		7.16819e+06		118.799		64.7385		1.62913e+06		0.807687		295.262		
00:00:12:800		1.38903e+07		-1.81916		2.9479		483.994		7.17511e+06		120.828			00:00:12:800		7.16819e+06		118.799		64.7385		1.62913e+06		0.807687		295.262		
00:00:12:699		1.39032e+07		-1.80357		2.95325		484.533		7.17642e+06		121.803			00:00:12:699		7.16938e+06		118.416		64.1662		1.57607e+06		0.801447		295.302		
00:00:12:599		1.39161e+07		-1.78811		2.9587		485.066		7.17774e+06		122.811			00:00:12:599		7.17059e+06		118.416		64.1662		1.57607e+06		0.801447		295.342		
00:00:12:500		1.39291e+07		-1.77276		2.96375		485.588		7.17906e+06		123.785			00:00:12:500		7.17181e+06		118.023		64.1662		1.57607e+06		0.801447		295.381		
00:00:12:400		1.39421e+07		-1.75752		2.96883		486.108		7.1804e+06		124.84			00:00:12:400		7.17303e+06		118.023		63.5865		1.52139e+06		0.795187		295.419		
00:00:12:349		1.39487e+07		-1.74992		2.97135		486.361		7.18108e+06		125.395			00:00:12:349		7.17365e+06		118.023		63.5865		1.52139e+06		0.795187		295.438		
00:00:12:250		1.39619e+07		-1.73476		2.97657		486.865		7.18245e+06		126.562			00:00:12:250		7.17488e+06		117.621		63.5865		1.52139e+06		0.795187		295.476		
00:00:12:150		1.39752e+07		-1.71963		2.98174		487.364		7.18382e+06		127.689			00:00:12:150		7.17612e+06		117.621		62.9992		1.46502e+06		0.788906		295.513		
00:00:11:949		1.40024e+07		-1.68932		2.99186		488.325		7.18658e+06		130.029			00:00:11:949		7.1786e+06		117.211		62.4045		1.40682e+06		0.782604		295.586		
00:00:11:849		1.40163e+07		-1.67409		2.99712		488.792		7.18796e+06		131.262			00:00:11:849		7.17983e+06		117.211		62.4045		1.40682e+06		0.782604		295.623		
00:00:11:849		1.40163e+07		-1.67409		2.99712		488.792		7.18796e+06		131.262			00:00:11:849		7.17983e+06		117.211		62.4045		1.40682e+06		0.782604		295.623		
00:00:11:750		1.40304e+07		-1.65877		3.00241		489.24		7.18935e+06		132.555			00:00:11:750		7.18107e+06		116.792		62.4045		1.40682e+06		0.782604		295.659		
00:00:11:650		1.4045e+07		-1.64334		3.0076		489.674		7.19075e+06		133.902			00:00:11:650		7.1823e+06		116.792		61.8026		1.34683e+06		0.776278		295.696		
00:00:11:550		1.40599e+07		-1.6278		3.01259		490.098		7.19216e+06		135.48			00:00:11:550		7.18353e+06		116.792		61.8026		1.34683e+06		0.776278		295.734		
00:00:11:449		1.40753e+07		-1.61212		3.0175		490.504		7.19359e+06		137.247			00:00:11:449		7.18475e+06		116.363		61.1934		1.28503e+06		0.769926		295.771		
00:00:11:349		1.40912e+07		-1.59632		3.02274		490.891		7.19505e+06		139.165			00:00:11:349		7.18596e+06		116.363		61.1934		1.28503e+06		0.769926		295.81		
00:00:11:199		1.41152e+07		-1.57245		3.03054		491.447		7.19728e+06		142.267			00:00:11:199		7.18779e+06		115.924		60.5772		1.22123e+06		0.763547		295.869		
00:00:11:099		1.41311e+07		-1.55639		3.03542		491.796		7.19879e+06		144.414			00:00:11:099		7.18901e+06		115.924		60.5772		1.22123e+06		0.763547		295.909		
00:00:11:000		1.41468e+07		-1.5402		3.04021		492.125		7.2003e+06		146.635			00:00:11:000		7.19022e+06		115.475		60.5772		1.22123e+06		0.763547		295.95		
00:00:10:900		1.41621e+07		-1.52381		3.04529		492.44		7.20183e+06		148.987			00:00:10:900		7.19143e+06		115.475		59.9548		1.15541e+06		0.757136		295.991		
00:00:10:800		1.41769e+07		-1.50719		3.05066		492.735		7.20337e+06		151.433			00:00:10:800		7.19264e+06		115.475		59.9548		1.15541e+06		0.757136		296.035		
00:00:10:699		1.41907e+07		-1.4903		3.05614		493.014		7.20493e+06		153.958			00:00:10:699		7.19383e+06		115.016		59.3263		1.0875e+06		0.750691		296.08		
00:00:10:599		1.42036e+07		-1.4733		3.06097		493.277		7.2065e+06		156.562			00:00:10:599		7.19502e+06		115.016		59.3263		1.0875e+06		0.750691		296.127		
00:00:10:500		1.42164e+07		-1.45626		3.06544		493.516		7.20807e+06		159.129			00:00:10:500		7.19621e+06		114.546		59.3263		1.0875e+06		0.750691		296.177		
00:00:10:400		1.42291e+07		-1.43919		3.07008		493.741		7.20964e+06		161.518			00:00:10:400		7.19741e+06		114.546		58.6924		1.01738e+06		0.744208		296.229		
00:00:10:300		1.42418e+07		-1.4221		3.0751		493.946		7.2112e+06		163.83			00:00:10:300		7.19861e+06		114.546		58.6924		1.01738e+06		0.744208		296.284		
00:00:10:199		1.42545e+07		-1.40497		3.08072		494.138		7.21275e+06		166.154			00:00:10:199		7.19979e+06		114.065		58.0539		945070		0.737705		296.341		
00:00:10:099		1.42671e+07		-1.38781		3.08561		494.315		7.21428e+06		168.476			00:00:10:099		7.20096e+06		114.065		58.0539		945070		0.737705		296.399		
00:00:10:000		1.42796e+07		-1.3706		3.08984		494.479		7.2158e+06		170.741			00:00:10:000		7.2021e+06		113.573		58.0539		945070		0.737705		296.459		
00:00:09:900		1.4292e+07		-1.35332		3.09405		494.627		7.21728e+06		172.933			00:00:09:900		7.20322e+06		113.573		57.4119		870988		0.731191		296.519		
00:00:09:900		1.4292e+07		-1.35332		3.09405		494.627		7.21728e+06		172.933			00:00:09:900		7.20322e+06		113.573		57.4119		870988		0.731191		296.519		
00:00:09:800		1.43043e+07		-1.33597		3.09923		494.755		7.21873e+06		175.044			00:00:09:800		7.20432e+06		113.573		57.4119		870988		0.731191		296.579		
00:00:09:550		1.43336e+07		-1.29209		3.11381		494.999		7.2222e+06		179.973			00:00:09:550		7.20694e+06		113.068		56.7678		796195		0.724665		296.74		
00:00:09:550		1.43336e+07		-1.29209		3.11381		494.999		7.2222e+06		179.973			00:00:09:550		7.20694e+06		113.068		56.7678		796195		0.724665		296.74		
00:00:09:400		1.43501e+07		-1.26562		3.12013		495.08		7.22416e+06		182.831			00:00:09:400		7.20841e+06		112.549		56.1226		724703		0.718127		296.843		
00:00:09:300		1.43614e+07		-1.24794		3.1446		495.107		7.22542e+06		184.8			00:00:09:300		7.20934e+06		112.549		56.1226		724703		0.718127		296.911		
00:00:09:199		1.43723e+07		-1.23025		3.01726		495.113		7.22665e+06		186.847			00:00:09:199		7.2102e+06		112.013		55.4777		670901		0.700148		296.976		
00:00:09:099		1.43834e+07		-1.21254		3.14586		495.1		7.22783e+06		188.972			00:00:09:099		7.21101e+06		112.013		55.4777		670901		0.700148		297.013		
00:00:09:000		1.43948e+07		-1.19487		3.15127		495.072		7.22896e+06		191.202			00:00:09:000		7.21173e+06		111.445		55.4777		670901		0.700148		297.124		
00:00:08:900		1.44057e+07		-1.17712		3.1558		495.029		7.23003e+06		193.54			00:00:08:900		7.21238e+06		111.445		54.8344		631059		0.682099		297.207		
00:00:08:800		1.44169e+07		-1.15935		3.16082		494.974		7.23104e+06		195.945			00:00:08:800		7.21294e+06		111.445		54.8344		631059		0.682099		297.291		
00:00:08:699		1.44278e+07		-1.14154		3.16539		494.911		7.23199e+06		198.363			00:00:08:699		7.21343e+06		110.815		54.1894		590500		0.663979		297.378		
00:00:08:599		1.44387e+07		-1.12378		3.17041		494.855		7.23285e+06		200.72			00:00:08:599		7.21382e+06		110.815		54.1894		590500		0.663979		297.466		
00:00:08:500		1.445e+07		-1.1059		3.17554		494.808		7.2336e+06		202.945			00:00:08:500		7.21413e+06		110.59		54.1894		590500		0.663979		297.557		
00:00:08:400		1.44608e+07		-1.08801		3.18054		494.779		7.23424e+06		205.058			00:00:08:400		7.21434e+06		110.59		53.5408		550112		0.645785		297.65		
00:00:08:400		1.44608e+07		-1.08801		3.18054		494.779		7.23424e+06		205.058			00:00:08:400		7.21434e+06		110.59		53.5408		550112		0.645785		297.65		
00:00:08:199		1.4482e+07		-1.05199		3.18989		494.798		7.23521e+06		208.933			00:00:08:199		7.21452e+06		110.356		52.8862		509940		0.627512		297.839		
00:00:08:199		1.4482e+07		-1.05199		3.18989		494.798		7.23521e+06		208.933			00:00:08:199		7.21452e+06		110.356		52.8862		509940		0.627512		297.839		
00:00:07:950		1.45055e+07		-1.00645		3.2021		495.009		7.23582e+06		213.267			00:00:07:950		7.21422e+06		110.111		52.2271		469990		0.609156		298.083		
00:00:07:849		1.45138e+07		-0.988092		3.20647		495.151		7.23587e+06		214.751			00:00:07:849		7.21394e+06		110.111		52.2271		469990		0.609156		298.182		
00:00:07:849		1.45138e+07		-0.988092		3.20647		495.151		7.23587e+06		214.751			00:00:07:849		7.21394e+06		110.111		52.2271		469990		0.609156		298.182		
00:00:07:650		1.45295e+07		-0.951787		3.21603		495.47		7.23557e+06		216.735			00:00:07:650		7.21315e+06		109.857		51.5652		430528		0.590715		298.388		
00:00:07:650		1.45295e+07		-0.951787		3.21603		495.47		7.23557e+06		216.735			00:00:07:650		7.21315e+06		109.857		51.5652		430528		0.590715		298.388		
00:00:07:549		1.45377e+07		-0.933919		3.22089		495.633		7.23518e+06		216.92			00:00:07:549		7.21267e+06		109.857		51.5652		430528		0.590715		298.495		
00:00:07:450		1.45463e+07		-0.916281		3.22689		495.775		7.23464e+06		216.846			00:00:07:450		7.21212e+06		109.592		50.9011		391671		0.572184		298.603		
00:00:07:349		1.45556e+07		-0.8989		3.23044		495.896		7.23398e+06		217.178			00:00:07:349		7.21141e+06		109.592		50.9011		391671		0.572184		298.715		
00:00:07:250		1.45657e+07		-0.881773		3.23389		495.989		7.23322e+06		218.174			00:00:07:250		7.21048e+06		109.316		50.9011		391671		0.572184		298.83		
00:00:07:150		1.45769e+07		-0.864856		3.23749		496.06		7.23241e+06		219.787			00:00:07:150		7.20936e+06		109.316		50.2363		353461		0.553556		298.948		
00:00:07:049		1.45886e+07		-0.848005		3.24161		496.115		7.23157e+06		222.11			00:00:07:049		7.20811e+06		109.316		50.2363		353461		0.553556		299.066		
00:00:06:849		1.46119e+07		-0.814395		3.25154		496.215		7.23018e+06		230.086			00:00:06:849		7.2052e+06		109.029		49.5729		316138		0.534827		299.308		
00:00:06:849		1.46119e+07		-0.814395		3.25154		496.215		7.23018e+06		230.086			00:00:06:849		7.2052e+06		109.029		49.5729		316138		0.534827		299.308		
00:00:06:750		1.46235e+07		-0.797626		3.25469		496.297		7.22951e+06		234.579			00:00:06:750		7.20347e+06		108.73		49.5729		316138		0.534827		299.432		
00:00:06:650		1.4635e+07		-0.780884		3.25771		496.413		7.22852e+06		238.6			00:00:06:650		7.20150e+06		108.73		48.9142		279874		0.515996		299.559		
00:00:06:549		1.46465e+07		-0.764175		3.26177		496.57		7.22724e+06		242.36			00:00:06:549		7.19933e+06		108.73		48.9142		279874		0.515996		299.69		
00:00:06:450		1.4658e+07		-0.7475		3.26623		496.778		7.22577e+06		246.128			00:00:06:450		7.19697e+06		108.42		48.2616		245020		0.497059		299.825		
00:00:06:349		1.46751e+07		-0.722558		3.27166		497.188		7.22328e+06		251.667			00:00:06:349		7.19313e+06		108.42		48.2616		245020		0.497059		300.032		
00:00:06:250		1.46808e+07		-0.714263		3.27295		497.355		7.22236e+06		253.421			00:00:06:250		7.19178e+06		108.099		48.2616		245020		0.497059		300.103		
00:00:06:150		1.46921e+07		-0.697696		3.27251		497.739		7.22039e+06		256.658			00:00:06:150		7.18898e+06		108.099		47.6176		211934		0.478012		300.243		
00:00:06:049		1.47034e+07		-0.681177		3.27521		498.186		7.21823e+06		259.371			00:00:06:049		7.18608e+06		108.099		47.6176		211934		0.478012		300.38		
00:00:05:849		1.47258e+07		-0.648293		3.28798		499.251		7.21321e+06		261.899			00:00:05:849		7.1802e+06		107.766		46.9851		181076		0.458855		300.653		
00:00:05:849		1.47258e+07		-0.648293		3.28798		499.251		7.21321e+06		261.899			00:00:05:849		7.1802e+06		107.766		46.9851		181076		0.458855		300.653		
00:00:05:750		1.4737e+07		-0.631926		3.29191		499.86		7.2103e+06		261.778			00:00:05:750		7.17723e+06		107.423		46.9851		181076		0.458855		300.796		
00:00:05:650		1.47481e+07		-0.615614		3.29088		500.499		7.20712e+06		261.321			00:00:05:650		7.17409e+06		107.423		46.3673		152886		0.439579		300.945		
00:00:05:549		1.47592e+07		-0.599364		3.29194		501.165		7.20371e+06		260.766			00:00:05:549		7.17079e+06		107.423		46.3673		152886		0.439579		301.1		
00:00:05:450		1.47703e+07		-0.583187		3.2983		501.848		7.20015e+06		260.302			00:00:05:450		7.16733e+06		107.069		45.7687		127655		0.420179		301.261		
00:00:05:349		1.47813e+07		-0.567082		3.30793		502.547		7.19649e+06		260.132			00:00:05:349		7.16372e+06		107.069		45.7687		127655		0.420179		301.427		
00:00:05:250		1.47923e+07		-0.551054		3.31244		503.249		7.19279e+06		260.506			00:00:05:250		7.15998e+06		106.706		45.7687		127655		0.420179		301.6		
00:00:05:150		1.48033e+07		-0.535101		3.30786		503.963		7.18913e+06		261.573			00:00:05:150		7.15609e+06		106.706		45.192		105901		0.400647		301.778		
00:00:04:950		1.4825e+07		-0.503453		3.3048		505.451		7.18163e+06		264.611			00:00:04:950		7.14782e+06		106.335		44.6411		87367		0.380976		302.148		
00:00:04:799		1.48412e+07		-0.479954		3.32347		506.611		7.17564e+06		267.234			00:00:04:799		7.14112e+06		106.335		44.6411		87367		0.380976		302.438		
00:00:04:799		1.48412e+07		-0.479954		3.32347		506.611		7.17564e+06		267.234			00:00:04:799		7.14112e+06		106.335		44.6411		87367		0.380976		302.438		
00:00:04:700		1.4852e+07		-0.464411		3.32611		507.407		7.17138e+06		268.804			00:00:04:700		7.13639e+06		105.958		44.1178		71419.5		0.361163		302.631		
00:00:04:599		1.48628e+07		-0.448974		3.31296		508.229		7.16684e+06		270.081			00:00:04:599		7.13144e+06		105.958		44.1178		71419.5		0.361163		302.826		
00:00:04:500		1.48735e+07		-0.433646		3.30343		509.08		7.16202e+06		271.1			00:00:04:500		7.12629e+06		105.603		44.1178		71419.5		0.361163		303.031		
00:00:04:400		1.48843e+07		-0.418423		3.31553		509.978		7.15694e+06		271.906			00:00:04:400		7.12094e+06		105.603		43.6228		57939.8		0.341201		303.242		
00:00:04:299		1.48951e+07		-0.403303		3.34071		510.935		7.15162e+06		272.492			00:00:04:299		7.11539e+06		105.603		43.6228		57939.8		0.341201		303.459		
00:00:04:200		1.49059e+07		-0.388307		3.34767		511.982		7.14608e+06		272.926			00:00:04:200		7.10967e+06		105.24		43.1617		46659.3		0.321082		303.681		
00:00:04:099		1.49168e+07		-0.373435		3.31906		513.144		7.14031e+06		273.185			00:00:04:099		7.10377e+06		105.24		43.1617		46659.3		0.321082		303.908		
00:00:04:000		1.49276e+07		-0.358696		3.29117		514.45		7.13431e+06		273.257			00:00:04:000		7.0977e+06		104.872		43.1617		46659.3		0.321082		304.14		
00:00:03:899		1.49384e+07		-0.344104		3.29973		515.925		7.1281e+06		273.14			00:00:03:899		7.09144e+06		104.872		42.7393		37331.7		0.300803		304.377		
00:00:03:799		1.49494e+07		-0.329655		3.34536		517.589		7.12168e+06		272.907			00:00:03:799		7.08502e+06		104.872		42.7393		37331.7		0.300803		304.615		
00:00:03:700		1.49604e+07		-0.315341		3.3692		519.44		7.11505e+06		272.616			00:00:03:700		7.07841e+06		104.498		42.3584		29430.9		0.280361		304.854		
00:00:03:600		1.49715e+07		-0.301137		3.32148		521.456		7.10823e+06		272.236			00:00:03:600		7.07163e+06		104.498		42.3584		29430.9		0.280361		305.096		
00:00:03:500		1.49827e+07		-0.28706		3.25843		523.616		7.10123e+06		271.629			00:00:03:500		7.06471e+06		104.12		42.3584		29430.9		0.280361		305.338		
00:00:03:399		1.49942e+07		-0.273117		3.25074		525.869		7.09402e+06		270.427			00:00:03:399		7.05774e+06		104.12		42.0129		22379.3		0.259755		305.581		
00:00:03:299		1.50058e+07		-0.259311		3.3417		528.145		7.08664e+06		267.377			00:00:03:299		7.05098e+06		104.12		42.0129		22379.3		0.259755		305.823		
00:00:03:200		1.50177e+07		-0.245611		3.40821		530.368		7.07901e+06		258.406			00:00:03:200		7.04506e+06		103.768		41.6647		16106		0.238985		306.067		
00:00:03:200		1.50177e+07		-0.245611		3.40821		530.368		7.07901e+06		258.406			00:00:03:200		7.04506e+06		103.768		41.6647		16106		0.238985		306.067		
00:00:03:100		1.50299e+07		-0.231997		3.33871		532.441		7.07087e+06		248.759			00:00:03:100		7.03906e+06		103.768		41.6647		16106		0.238985		306.31		
00:00:02:850		1.50609e+07		-0.197789		3.2243		536.021		7.04785e+06		222.738			00:00:02:850		7.02166e+06		103.403		41.2693		10886.5		0.218052		306.903		
00:00:02:850		1.50609e+07		-0.197789		3.2243		536.021		7.04785e+06		222.738			00:00:02:850		7.02166e+06		103.403		41.2693		10886.5		0.218052		306.903		
00:00:02:750		1.5071e+07		-0.183731		3.40641		536.456		7.0378e+06		212.765			00:00:02:750		7.01365e+06		103.025		41.2693		10886.5		0.218052		307.133		
00:00:02:649		1.50796e+07		-0.169718		3.58906		536.183		7.02739e+06		203.25			00:00:02:649		7.00514e+06		103.025		40.8317		6778		0.196968		307.358		
00:00:02:549		1.50879e+07		-0.155791		3.77211		535.2		7.01677e+06		194.198			00:00:02:549		6.99628e+06		103.025		40.8317		6778		0.196968		307.575		
00:00:02:450		1.50962e+07		-0.14194		3.95471		533.705		7.00611e+06		185.453			00:00:02:450		6.98727e+06		102.634		40.3463		3662.26		0.175751		307.777		
00:00:02:350		1.51043e+07		-0.128161		4.13831		532.153		6.99568e+06		176.67			00:00:02:350		6.97848e+06		102.634		40.3463		3662.26		0.175751		307.968		
00:00:02:250		1.51123e+07		-0.114444		4.32228		530.942		6.98587e+06		168.961			00:00:02:250		6.97017e+06		102.285		40.3463		3662.26		0.175751		308.146		
00:00:02:049		1.51282e+07		-0.0871773		4.64669		529.831		6.97073e+06		199.823			00:00:02:049		6.9524e+06		102.285		39.7799		1598.3		0.154417		308.471		
00:00:02:049		1.51282e+07		-0.0871773		4.64669		529.831		6.97073e+06		199.823			00:00:02:049		6.9524e+06		102.285		39.7799		1598.3		0.154417		308.471		
00:00:01:850		1.51443e+07		-0.0600848		4.32361		529.969		6.96466e+06		417.351			00:00:01:850		6.88413e+06		101.924		39.1628		490.917		0.132985		308.764		
00:00:01:850		1.51443e+07		-0.0600848		4.32361		529.969		6.96466e+06		417.351			00:00:01:850		6.88413e+06		101.924		39.1628		490.917		0.132985		308.764		
00:00:01:750		1.51527e+07		-0.0465498		4.11036		530.085		6.9637e+06		468.668			00:00:01:750		6.86474e+06		101.556		39.1628		490.917		0.132985		308.893		
00:00:01:550		1.5171e+07		-0.0194654		3.69811		530.188		6.96365e+06		544.829			00:00:01:550		6.82567e+06		101.556		38.5433		77.222		0.111463		309.076		
00:00:01:550		1.5171e+07		-0.0194654		3.69811		530.188		6.96365e+06		544.829			00:00:01:550		6.82567e+06		101.556		38.5433		77.222		0.111463		309.076		
00:00:01:449		1.51811e+07		-0.00586653		3.50059		530.216		6.96376e+06		537.383			00:00:01:449		6.82342e+06		101.183		37.96		0		0.089839		309.114		
00:00:01:350		1.5192e+07		0.00781441		3.32685		530.234		6.96382e+06		531.868			00:00:01:350		6.82678e+06		101.183		37.96		0		0.089839		309.115		
00:00:01:250		1.52039e+07		0.0216274		3.2232		530.247		6.96389e+06		529.359			00:00:01:250		6.82884e+06		100.814		37.96		0		0.089839		309.079		
00:00:01:050		1.52311e+07		0.0498381		3.05627		530.245		6.96411e+06		528.434			00:00:01:050		6.82955e+06		100.814		37.4333		0		0.0681016		308.925		
00:00:01:050		1.52311e+07		0.0498381		3.05627		530.245		6.96411e+06		528.434			00:00:01:050		6.82955e+06		100.814		37.4333		0		0.0681016		308.925		
00:00:00:849		1.52639e+07		0.0791755		3.44901		530.234		6.9644e+06		527.704			00:00:00:849		6.83025e+06		100.474		36.8664		0		0.0462084		308.734		
00:00:00:849		1.52639e+07		0.0791755		3.44901		530.234		6.9644e+06		527.704			00:00:00:849		6.83025e+06		100.474		36.8664		0		0.0462084		308.734		
00:00:00:750		1.52832e+07		0.0944071		3.83508		530.227		6.96455e+06		527.406			00:00:00:750		6.83054e+06		100.109		36.8664		0		0.0462084		308.675		
00:00:00:650		1.53047e+07		0.11015		4.01237		530.217		6.96465e+06		527.134			00:00:00:650		6.83078e+06		100.109		36.3986		0		0.0235523		308.716		
00:00:00:550		1.53301e+07		0.126939		4.02514		530.214		6.96471e+06		526.943			00:00:00:550		6.83096e+06		100.109		36.3986		0		0.0235523		308.869		
00:00:00:450		1.53636e+07		0.144191		3.98828		530.214		6.96476e+06		526.819			00:00:00:450		6.83107e+06		99.5432		36.3834		0		0		309.03		
00:00:00:349		1.54057e+07		0.158562		3.9268		530.216		6.9648e+06		526.803			00:00:00:349		6.83114e+06		99.5432		36.3834		0		0		309.181		
00:00:00:250		1.54472e+07		0.169347		3.79523		530.219		6.96483e+06		526.824			00:00:00:250		6.83116e+06		100.069		36.3834		0		0		309.368		
00:00:00:149		1.54758e+07		0.17284		2.83572		530.221		6.96484e+06		526.815			00:00:00:149		6.83116e+06		100.069		36.3837		0		0		309.66		
00:00:00:050		1.54785e+07		0.17284		2.83567		530.223		6.96484e+06		526.826			00:00:00:050		6.83115e+06		100.069		36.3837		0		0		309.846		
00:00:00:000		1.54785e+07		0.17284		2.83571		530.225		6.96483e+06		526.826			00:00:00:000		6.83115e+06		100.069		36.3837		0		0		309.846		
00:00:00:000		1.54785e+07		0.17284		2.83571		530.225		6.96483e+06		526.826			00:00:00:000		6.83115e+06		100.069		36.3837		0		0		309.846		
00:00:00:000		1.54785e+07		0.17284		2.83571		530.225		6.96483e+06		526.826			00:00:00:000		6.83115e+06		100.069		36.3837		0		0		309.846		
00:00:00:000		1.54785e+07		0.17284		2.83571		530.225		6.96483e+06		526.826			00:00:00:000		6.83115e+06		100.069		36.3837		0		0		309.846		
00:00:00:000		1.54785e+07		0.17284		2.83571		530.225		6.96483e+06		526.826			00:00:00:000		6.83115e+06		100.069		36.3837		0		0		309.846		
00:00:00:000		1.54785e+07		0.17284		2.83571		530.225		6.96483e+06		526.826			00:00:00:000		6.83115e+06		100.069		36.3837		0		0		309.846		
00:00:00:000		1.54785e+07		0.17284		2.83571		530.225		6.96483e+06		526.826			00:00:00:000		6.83115e+06		100.069		36.3837		0		0		309.846		
00:00:00:000		1.54785e+07		0.17284		2.83571		530.225		6.96483e+06		526.826			00:00:00:000		6.83115e+06		100.069		36.3837		0		0		309.846		
00:00:00:000		1.54785e+07		0.17284		2.83571		530.225		6.96483e+06		526.826			00:00:00:000		6.83115e+06		100.069		36.3837		0		0		309.846		
00:00:00:000		1.54785e+07		0.17284		2.83571		530.225		6.96483e+06		526.826			00:00:00:000		6.83115e+06		100.069		36.3837		0		0		309.846		
00:00:00:000		1.54785e+07		0.17284		2.83571		530.225		6.96483e+06		526.826			00:00:00:000		6.83115e+06		100.069		36.3837		0		0		309.846		
00:00:00:000		1.54785e+07		0.17284		2.83571		530.225		6.96483e+06		526.826			00:00:00:000		6.83115e+06		100.069		36.3837		0		0		309.846		
00:00:00:000		1.54785e+07		0.17284		2.83571		530.225		6.96483e+06		526.826			00:00:00:000		6.83115e+06		100.069		36.3837		0		0		309.846		
00:00:00:000		1.54785e+07		0.17284		2.83571		530.225		6.96483e+06		526.826			00:00:00:000		6.83115e+06		100.069		36.3837		0		0		309.846		
00:00:00:000		1.54785e+07		0.17284		2.83571		530.225		6.96483e+06		526.826			00:00:00:000		6.83115e+06		100.069		36.3837		0		0		309.846		
00:00:00:000		1.54785e+07		0.17284		2.83571		530.225		6.96483e+06		526.826			00:00:00:000		6.83115e+06		100.069		36.3837		0		0		309.846		
00:00:00:000		1.54785e+07		0.17284		2.83571		530.225		6.96483e+06		526.826			00:00:00:000		6.83115e+06		100.069		36.3837		0		0		309.846		
