	time 		gpv001pnt10113ppntm	evf507ety101mpzoyout	chtcon(1)	chavg(1)	chlhsumpa	rcptavgn			time 		rcpppzr	rcp054rcp007mnzoyout	rcv501std0102fvol	fwfrcp001gv	rcppmssga	msfsg(1)	
00:01:04:349		7.22014e+06		165.687		106.136		5.29296e+06		2.04891		290.862			00:01:04:349		7.48552e+06		-5.84951		0		0		7.22029e+06		18.0327		
00:01:04:349		7.22014e+06		165.687		106.136		5.29296e+06		2.04891		290.862			00:01:04:349		7.48552e+06		-5.84951		0		0		7.22029e+06		18.0327		
00:01:04:150		7.21985e+06		165.437		106.058		5.28156e+06		2.04307		290.858			00:01:04:150		7.49326e+06		-5.8489		0		0		7.22059e+06		22.3395		
00:01:04:000		7.21969e+06		165.186		106.058		5.28156e+06		2.04307		290.855			00:01:04:000		7.49948e+06		-5.84852		0		0		7.21997e+06		5.63159		
00:01:04:000		7.21969e+06		165.186		106.058		5.28156e+06		2.04307		290.855			00:01:04:000		7.49948e+06		-5.84852		0		0		7.21997e+06		5.63159		
00:01:03:850		7.21943e+06		165.186		105.979		5.27014e+06		2.03725		290.853			00:01:03:850		7.50595e+06		-5.84822		0		0		7.21898e+06		-27.3035		
00:01:03:750		7.21928e+06		164.935		105.979		5.27014e+06		2.03725		290.851			00:01:03:750		7.51045e+06		-5.84808		0		0		7.21859e+06		-24.5069		
00:01:03:649		7.2189e+06		164.935		105.9		5.2587e+06		2.03142		290.85			00:01:03:649		7.51509e+06		-5.84798		0		0		7.21853e+06		-13.8563		
00:01:03:649		7.2189e+06		164.935		105.9		5.2587e+06		2.03142		290.85			00:01:03:649		7.51509e+06		-5.84798		0		0		7.21853e+06		-13.8563		
00:01:03:549		7.21891e+06		164.935		105.9		5.2587e+06		2.03142		290.848			00:01:03:549		7.51989e+06		-5.84793		0		0		7.21877e+06		7.98031		
00:01:03:450		7.21883e+06		164.684		105.821		5.24721e+06		2.02559		290.846			00:01:03:450		7.52485e+06		-5.84792		0		0		7.2191e+06		21.5314		
00:01:03:250		7.21862e+06		164.434		105.821		5.24721e+06		2.02559		290.843			00:01:03:250		7.5352e+06		-5.84804		0		0		7.21915e+06		17.5774		
00:01:03:149		7.21846e+06		164.434		105.741		5.23573e+06		2.01976		290.842			00:01:03:149		7.5406e+06		-5.84816		0		0		7.21872e+06		6.38872		
00:01:03:149		7.21846e+06		164.434		105.741		5.23573e+06		2.01976		290.842			00:01:03:149		7.5406e+06		-5.84816		0		0		7.21872e+06		6.38872		
00:01:02:899		7.21803e+06		164.184		105.661		5.22422e+06		2.01393		290.839			00:01:02:899		7.55471e+06		-5.84858		0		0		7.21726e+06		-26.4349		
00:01:02:899		7.21803e+06		164.184		105.661		5.22422e+06		2.01393		290.839			00:01:02:899		7.55471e+06		-5.84858		0		0		7.21726e+06		-26.4349		
00:01:02:799		7.21761e+06		164.184		105.661		5.22422e+06		2.01393		290.837			00:01:02:799		7.56061e+06		-5.84878		0		0		7.21717e+06		-13.8652		
00:01:02:700		7.21752e+06		163.933		105.581		5.21281e+06		2.00811		290.836			00:01:02:700		7.56664e+06		-5.84901		0		0		7.21739e+06		0		
00:01:02:600		7.21749e+06		163.933		105.581		5.21281e+06		2.00811		290.835			00:01:02:600		7.57281e+06		-5.84926		0		0		7.21778e+06		23.5448		
00:01:02:500		7.21713e+06		163.684		105.581		5.21281e+06		2.00811		290.834			00:01:02:500		7.57913e+06		-5.84953		0		0		7.21802e+06		29.2508		
00:01:02:399		7.21719e+06		163.684		105.5		5.20134e+06		2.00228		290.833			00:01:02:399		7.58557e+06		-5.84982		0		0		7.21792e+06		19.8223		
00:01:02:200		7.21665e+06		163.434		105.419		5.18991e+06		1.99645		290.831			00:01:02:200		7.59888e+06		-5.85045		0		0		7.21677e+06		-15.1662		
00:01:02:100		7.21664e+06		163.434		105.419		5.18991e+06		1.99645		290.83			00:01:02:100		7.60572e+06		-5.85078		0		0		7.21613e+06		-26.6819		
00:01:02:100		7.21664e+06		163.434		105.419		5.18991e+06		1.99645		290.83			00:01:02:100		7.60572e+06		-5.85078		0		0		7.21613e+06		-26.6819		
00:01:02:000		7.21645e+06		163.186		105.419		5.18991e+06		1.99645		290.829			00:01:02:000		7.61269e+06		-5.85112		0		0		7.21578e+06		-23.1567		
00:01:01:899		7.21607e+06		163.186		105.338		5.17843e+06		1.99063		290.828			00:01:01:899		7.6198e+06		-5.85147		0		0		7.21578e+06		-9.06864		
00:01:01:799		7.21609e+06		163.186		105.338		5.17843e+06		1.99063		290.827			00:01:01:799		7.62704e+06		-5.85182		0		0		7.21604e+06		10.5931		
00:01:01:700		7.21598e+06		162.938		105.256		5.16692e+06		1.9848		290.826			00:01:01:700		7.63442e+06		-5.85217		0		0		7.21636e+06		22.603		
00:01:01:600		7.21565e+06		162.938		105.256		5.16692e+06		1.9848		290.825			00:01:01:600		7.64192e+06		-5.85252		0		0		7.21649e+06		26.3349		
00:01:01:500		7.21573e+06		162.692		105.256		5.16692e+06		1.9848		290.823			00:01:01:500		7.64955e+06		-5.85285		0		0		7.21628e+06		17.69		
00:01:01:399		7.21548e+06		162.692		105.173		5.15554e+06		1.97897		290.822			00:01:01:399		7.6573e+06		-5.85317		0		0		7.21574e+06		-5.45896		
00:01:01:200		7.21518e+06		162.446		105.091		5.14418e+06		1.97314		290.82			00:01:01:200		7.67315e+06		-5.85372		0		0		7.21442e+06		-30.5742		
00:01:01:200		7.21518e+06		162.446		105.091		5.14418e+06		1.97314		290.82			00:01:01:200		7.67315e+06		-5.85372		0		0		7.21442e+06		-30.5742		
00:01:01:100		7.21487e+06		162.446		105.091		5.14418e+06		1.97314		290.818			00:01:01:100		7.68127e+06		-5.85395		0		0		7.21417e+06		-20.8761		
00:01:01:000		7.21457e+06		162.201		105.091		5.14418e+06		1.97314		290.817			00:01:01:000		7.68952e+06		-5.85413		0		0		7.2143e+06		-7.03681		
00:01:00:899		7.21465e+06		162.201		105.008		5.13283e+06		1.96731		290.816			00:01:00:899		7.69792e+06		-5.85427		0		0		7.21471e+06		20.1109		
00:01:00:799		7.21434e+06		162.201		105.008		5.13283e+06		1.96731		290.814			00:01:00:799		7.70647e+06		-5.85434		0		0		7.21508e+06		32.353		
00:01:00:700		7.21408e+06		161.957		104.925		5.12153e+06		1.96148		290.813			00:01:00:700		7.71515e+06		-5.85438		0		0		7.21515e+06		28.978		
00:01:00:600		7.21412e+06		161.957		104.925		5.12153e+06		1.96148		290.812			00:01:00:600		7.72397e+06		-5.85438		0		0		7.21482e+06		19.156		
00:01:00:500		7.21378e+06		161.713		104.925		5.12153e+06		1.96148		290.811			00:01:00:500		7.73292e+06		-5.85435		0		0		7.2141e+06		-9.37755		
00:01:00:399		7.21354e+06		161.713		104.842		5.11021e+06		1.95565		290.81			00:01:00:399		7.74201e+06		-5.8543		0		0		7.2133e+06		-26.2537		
00:01:00:200		7.21315e+06		161.471		104.758		5.0989e+06		1.94981		290.808			00:01:00:200		7.76059e+06		-5.8541		0		0		7.21249e+06		-19.1761		
00:01:00:200		7.21315e+06		161.471		104.758		5.0989e+06		1.94981		290.808			00:01:00:200		7.76059e+06		-5.8541		0		0		7.21249e+06		-19.1761		
00:01:00:100		7.21289e+06		161.471		104.758		5.0989e+06		1.94981		290.806			00:01:00:100		7.77009e+06		-5.85396		0		0		7.21267e+06		-3.15684		
00:01:00:000		7.21293e+06		161.231		104.758		5.0989e+06		1.94981		290.805			00:01:00:000		7.77973e+06		-5.8538		0		0		7.21309e+06		19.7524		
00:00:59:950		7.2128e+06		161.231		104.674		5.08765e+06		1.94398		290.805			00:00:59:950		7.7846e+06		-5.85371		0		0		7.21329e+06		29.3373		
00:00:59:850		7.21241e+06		161.231		104.674		5.08765e+06		1.94398		290.804			00:00:59:850		7.79445e+06		-5.85352		0		0		7.21349e+06		31.8639		
00:00:59:750		7.21251e+06		160.991		104.674		5.08765e+06		1.94398		290.802			00:00:59:750		7.80444e+06		-5.85332		0		0		7.21331e+06		22.9671		
00:00:59:649		7.2123e+06		160.991		104.59		5.07646e+06		1.93814		290.801			00:00:59:649		7.81459e+06		-5.8531		0		0		7.2127e+06		8.74502		
00:00:59:549		7.21184e+06		160.991		104.59		5.07646e+06		1.93814		290.8			00:00:59:549		7.82489e+06		-5.85287		0		0		7.21184e+06		-21.9302		
00:00:59:399		7.21181e+06		160.752		104.505		5.06533e+06		1.9323		290.798			00:00:59:399		7.8406e+06		-5.85249		0		0		7.21083e+06		-32.4953		
00:00:59:299		7.21136e+06		160.752		104.505		5.06533e+06		1.9323		290.797			00:00:59:299		7.85125e+06		-5.85223		0		0		7.21066e+06		-18.183		
00:00:59:200		7.21115e+06		160.514		104.42		5.0541e+06		1.92646		290.795			00:00:59:200		7.86205e+06		-5.85196		0		0		7.21091e+06		3.90222		
00:00:59:100		7.21115e+06		160.514		104.42		5.0541e+06		1.92646		290.794			00:00:59:100		7.87301e+06		-5.85168		0		0		7.21135e+06		23.7915		
00:00:59:000		7.21073e+06		160.277		104.42		5.0541e+06		1.92646		290.793			00:00:59:000		7.88412e+06		-5.85139		0		0		7.21168e+06		33.2648		
00:00:58:899		7.21064e+06		160.277		104.335		5.04284e+06		1.92062		290.791			00:00:58:899		7.89538e+06		-5.85111		0		0		7.21168e+06		26.2217		
00:00:58:799		7.21063e+06		160.277		104.335		5.04284e+06		1.92062		290.79			00:00:58:799		7.9068e+06		-5.85082		0		0		7.21126e+06		17.755		
00:00:58:700		7.21021e+06		160.042		104.249		5.03165e+06		1.91477		290.788			00:00:58:700		7.91838e+06		-5.85054		0		0		7.21047e+06		-14.2698		
00:00:58:600		7.21004e+06		160.042		104.249		5.03165e+06		1.91477		290.787			00:00:58:600		7.93011e+06		-5.85027		0		0		7.20964e+06		-30.8789		
00:00:58:500		7.20995e+06		159.808		104.249		5.03165e+06		1.91477		290.785			00:00:58:500		7.94199e+06		-5.85		0		0		7.20906e+06		-31.0258		
00:00:58:399		7.20949e+06		159.808		104.163		5.02044e+06		1.90892		290.784			00:00:58:399		7.95402e+06		-5.84975		0		0		7.20889e+06		-18.8386		
00:00:58:299		7.20935e+06		159.808		104.163		5.02044e+06		1.90892		290.782			00:00:58:299		7.9662e+06		-5.84951		0		0		7.20913e+06		6.23742		
00:00:58:200		7.2093e+06		159.574		104.077		5.00926e+06		1.90308		290.78			00:00:58:200		7.97853e+06		-5.84928		0		0		7.20954e+06		24.2309		
00:00:58:100		7.20886e+06		159.574		104.077		5.00926e+06		1.90308		290.779			00:00:58:100		7.99101e+06		-5.84907		0		0		7.20981e+06		32.6725		
00:00:58:000		7.20876e+06		159.342		104.077		5.00926e+06		1.90308		290.777			00:00:58:000		8.00363e+06		-5.84887		0		0		7.20972e+06		24.2863		
00:00:57:899		7.20867e+06		159.342		103.99		4.99809e+06		1.89722		290.776			00:00:57:899		8.01641e+06		-5.84867		0		0		7.20925e+06		10.6284		
00:00:57:799		7.2083e+06		159.342		103.99		4.99809e+06		1.89722		290.774			00:00:57:799		8.02934e+06		-5.84847		0		0		7.20844e+06		-16.9932		
00:00:57:700		7.20808e+06		159.111		103.903		4.98694e+06		1.89137		290.772			00:00:57:700		8.04243e+06		-5.84828		0		0		7.20762e+06		-31.6216		
00:00:57:600		7.20796e+06		159.111		103.903		4.98694e+06		1.89137		290.771			00:00:57:600		8.05566e+06		-5.84808		0		0		7.20708e+06		-30.1277		
00:00:57:500		7.2075e+06		158.88		103.903		4.98694e+06		1.89137		290.769			00:00:57:500		8.06902e+06		-5.84787		0		0		7.20697e+06		-14.8283		
00:00:57:399		7.20736e+06		158.88		103.816		4.97578e+06		1.88552		290.768			00:00:57:399		8.08252e+06		-5.84766		0		0		7.20724e+06		9.84237		
00:00:57:299		7.20729e+06		158.88		103.816		4.97578e+06		1.88552		290.766			00:00:57:299		8.09615e+06		-5.84742		0		0		7.20762e+06		23.8485		
00:00:57:200		7.20683e+06		158.65		103.728		4.96457e+06		1.87966		290.764			00:00:57:200		8.1099e+06		-5.84716		0		0		7.20784e+06		32.26		
00:00:57:200		7.20683e+06		158.65		103.728		4.96457e+06		1.87966		290.764			00:00:57:200		8.1099e+06		-5.84716		0		0		7.20784e+06		32.26		
00:00:57:100		7.20683e+06		158.65		103.728		4.96457e+06		1.87966		290.763			00:00:57:100		8.12378e+06		-5.84687		0		0		7.20769e+06		24.7244		
00:00:56:899		7.20615e+06		158.421		103.639		4.9533e+06		1.8738		290.759			00:00:56:899		8.1519e+06		-5.84619		0		0		7.20625e+06		-21.5966		
00:00:56:799		7.20613e+06		158.421		103.639		4.9533e+06		1.8738		290.757			00:00:56:799		8.16613e+06		-5.84579		0		0		7.20547e+06		-32.1796		
00:00:56:700		7.20591e+06		158.193		103.55		4.94198e+06		1.86794		290.756			00:00:56:700		8.18048e+06		-5.84534		0		0		7.20503e+06		-28.5591		
00:00:56:600		7.20546e+06		158.193		103.55		4.94198e+06		1.86794		290.754			00:00:56:600		8.19494e+06		-5.84483		0		0		7.20503e+06		-13.0697		
00:00:56:600		7.20546e+06		158.193		103.55		4.94198e+06		1.86794		290.754			00:00:56:600		8.19494e+06		-5.84483		0		0		7.20503e+06		-13.0697		
00:00:56:500		7.20548e+06		157.965		103.55		4.94198e+06		1.86794		290.752			00:00:56:500		8.20951e+06		-5.84428		0		0		7.20538e+06		14.9073		
00:00:56:399		7.20527e+06		157.965		103.461		4.93069e+06		1.86208		290.751			00:00:56:399		8.22417e+06		-5.84367		0		0		7.20578e+06		30.1832		
00:00:56:200		7.20492e+06		157.738		103.37		4.91939e+06		1.85622		290.747			00:00:56:200		8.25376e+06		-5.84231		0		0		7.20574e+06		21.5943		
00:00:56:200		7.20492e+06		157.738		103.37		4.91939e+06		1.85622		290.747			00:00:56:200		8.25376e+06		-5.84231		0		0		7.20574e+06		21.5943		
00:00:56:049		7.20445e+06		157.738		103.37		4.91939e+06		1.85622		290.744			00:00:56:049		8.27621e+06		-5.8412		0		0		7.2047e+06		-12.5468		
00:00:56:000		7.20418e+06		157.512		103.37		4.91939e+06		1.85622		290.743			00:00:56:000		8.28374e+06		-5.84081		0		0		7.20425e+06		-22.8083		
00:00:55:850		7.20404e+06		157.512		103.28		4.90796e+06		1.85035		290.74			00:00:55:850		8.30647e+06		-5.83963		0		0		7.20324e+06		-30.0574		
00:00:55:750		7.20356e+06		157.285		103.28		4.90796e+06		1.85035		290.738			00:00:55:750		8.32175e+06		-5.83886		0		0		7.20303e+06		-17.4337		
00:00:55:600		7.20341e+06		157.285		103.189		4.8966e+06		1.84449		290.734			00:00:55:600		8.34484e+06		-5.83778		0		0		7.20337e+06		13.6878		
00:00:55:600		7.20341e+06		157.285		103.189		4.8966e+06		1.84449		290.734			00:00:55:600		8.34484e+06		-5.83778		0		0		7.20337e+06		13.6878		
00:00:55:500		7.20318e+06		157.06		103.189		4.8966e+06		1.84449		290.732			00:00:55:500		8.36036e+06		-5.83715		0		0		7.20372e+06		29.9185		
00:00:55:399		7.20287e+06		157.06		103.097		4.8852e+06		1.83862		290.729			00:00:55:399		8.37599e+06		-5.83661		0		0		7.20382e+06		27.8811		
00:00:55:200		7.20261e+06		156.834		103.005		4.87378e+06		1.83276		290.724			00:00:55:200		8.40763e+06		-5.8359		0		0		7.20294e+06		3.89598		
00:00:55:200		7.20261e+06		156.834		103.005		4.87378e+06		1.83276		290.724			00:00:55:200		8.40763e+06		-5.8359		0		0		7.20294e+06		3.89598		
00:00:55:000		7.20224e+06		156.609		103.005		4.87378e+06		1.83276		290.719			00:00:55:000		8.43953e+06		-5.83573		0		0		7.20133e+06		-34.9718		
00:00:55:000		7.20224e+06		156.609		103.005		4.87378e+06		1.83276		290.719			00:00:55:000		8.43953e+06		-5.83573		0		0		7.20133e+06		-34.9718		
00:00:54:899		7.20185e+06		156.609		102.912		4.86236e+06		1.82689		290.717			00:00:54:899		8.45556e+06		-5.83583		0		0		7.20101e+06		-24.36		
00:00:54:750		7.20151e+06		156.384		102.912		4.86236e+06		1.82689		290.713			00:00:54:750		8.47971e+06		-5.83614		0		0		7.20136e+06		11.5517		
00:00:54:649		7.2014e+06		156.384		102.818		4.85080e+06		1.82102		290.711			00:00:54:649		8.49586e+06		-5.83641		0		0		7.2018e+06		28.9954		
00:00:54:549		7.20091e+06		156.384		102.818		4.85080e+06		1.82102		290.708			00:00:54:549		8.51205e+06		-5.83671		0		0		7.20205e+06		35.2332		
00:00:54:250		7.20027e+06		155.934		102.723		4.83924e+06		1.81515		290.701			00:00:54:250		8.56083e+06		-5.8378		0		0		7.20039e+06		-20.3129		
00:00:54:250		7.20027e+06		155.934		102.723		4.83924e+06		1.81515		290.701			00:00:54:250		8.56083e+06		-5.8378		0		0		7.20039e+06		-20.3129		
00:00:54:149		7.20026e+06		155.934		102.628		4.82767e+06		1.80928		290.698			00:00:54:149		8.57715e+06		-5.83828		0		0		7.19953e+06		-34.468		
00:00:54:149		7.20026e+06		155.934		102.628		4.82767e+06		1.80928		290.698			00:00:54:149		8.57715e+06		-5.83828		0		0		7.19953e+06		-34.468		
00:00:54:049		7.20001e+06		155.934		102.628		4.82767e+06		1.80928		290.696			00:00:54:049		8.59348e+06		-5.83883		0		0		7.19902e+06		-31.63		
00:00:53:950		7.19952e+06		155.71		102.533		4.81597e+06		1.80341		290.693			00:00:53:950		8.60983e+06		-5.83943		0		0		7.19897e+06		-15.5506		
00:00:53:850		7.19947e+06		155.71		102.533		4.81597e+06		1.80341		290.691			00:00:53:850		8.62618e+06		-5.84005		0		0		7.19932e+06		12.271		
00:00:53:750		7.19930e+06		155.485		102.533		4.81597e+06		1.80341		290.689			00:00:53:750		8.64252e+06		-5.84066		0		0		7.19977e+06		29.6804		
00:00:53:649		7.1989e+06		155.485		102.436		4.80425e+06		1.79754		290.686			00:00:53:649		8.65884e+06		-5.84124		0		0		7.20001e+06		34.1856		
00:00:53:549		7.19898e+06		155.485		102.436		4.80425e+06		1.79754		290.684			00:00:53:549		8.67518e+06		-5.84174		0		0		7.19986e+06		23.7145		
00:00:53:450		7.19878e+06		155.261		102.339		4.79254e+06		1.79167		290.681			00:00:53:450		8.69151e+06		-5.8422		0		0		7.19929e+06		7.26726		
00:00:53:250		7.19832e+06		155.037		102.339		4.79254e+06		1.79167		290.676			00:00:53:250		8.7242e+06		-5.84312		0		0		7.19757e+06		-35.2105		
00:00:53:149		7.19797e+06		155.037		102.241		4.78077e+06		1.7858		290.674			00:00:53:149		8.7406e+06		-5.84354		0		0		7.19709e+06		-29.3343		
00:00:53:149		7.19797e+06		155.037		102.241		4.78077e+06		1.7858		290.674			00:00:53:149		8.7406e+06		-5.84354		0		0		7.19709e+06		-29.3343		
00:00:53:049		7.19747e+06		155.037		102.241		4.78077e+06		1.7858		290.672			00:00:53:049		8.75702e+06		-5.84392		0		0		7.19705e+06		-14.4643		
00:00:52:950		7.19752e+06		154.813		102.142		4.76896e+06		1.77993		290.669			00:00:52:950		8.77342e+06		-5.84427		0		0		7.19738e+06		12.3718		
00:00:52:850		7.19734e+06		154.813		102.142		4.76896e+06		1.77993		290.667			00:00:52:850		8.78981e+06		-5.84458		0		0		7.1978e+06		29.6563		
00:00:52:750		7.19701e+06		154.589		102.142		4.76896e+06		1.77993		290.665			00:00:52:750		8.80618e+06		-5.84486		0		0		7.19799e+06		30.4546		
00:00:52:649		7.19709e+06		154.589		102.042		4.75709e+06		1.77406		290.662			00:00:52:649		8.82251e+06		-5.8451		0		0		7.19782e+06		23.3275		
00:00:52:549		7.19684e+06		154.589		102.042		4.75709e+06		1.77406		290.66			00:00:52:549		8.8388e+06		-5.84531		0		0		7.19724e+06		2.75849		
00:00:52:450		7.1964e+06		154.365		101.942		4.74518e+06		1.76819		290.658			00:00:52:450		8.85503e+06		-5.84549		0		0		7.19639e+06		-25.1813		
00:00:52:350		7.19641e+06		154.365		101.942		4.74518e+06		1.76819		290.656			00:00:52:350		8.87121e+06		-5.84566		0		0		7.19563e+06		-33.5151		
00:00:52:250		7.19600e+06		154.141		101.942		4.74518e+06		1.76819		290.654			00:00:52:250		8.88735e+06		-5.84581		0		0		7.19524e+06		-25.4306		
00:00:52:149		7.19562e+06		154.141		101.841		4.73329e+06		1.76232		290.651			00:00:52:149		8.90344e+06		-5.84594		0		0		7.19527e+06		-12.5891		
00:00:52:000		7.1956e+06		153.917		101.841		4.73329e+06		1.76232		290.648			00:00:52:000		8.92748e+06		-5.84615		0		0		7.19588e+06		26.4162		
00:00:51:899		7.19518e+06		153.917		101.739		4.72132e+06		1.75645		290.646			00:00:51:899		8.94344e+06		-5.8463		0		0		7.19616e+06		33.599		
00:00:51:850		7.19514e+06		153.917		101.739		4.72132e+06		1.75645		290.645			00:00:51:850		8.9514e+06		-5.84638		0		0		7.19616e+06		29.2243		
00:00:51:700		7.19504e+06		153.693		101.636		4.70934e+06		1.75058		290.642			00:00:51:700		8.97519e+06		-5.84666		0		0		7.19559e+06		10.137		
00:00:51:649		7.19485e+06		153.693		101.636		4.70934e+06		1.75058		290.641			00:00:51:649		8.98308e+06		-5.84676		0		0		7.19521e+06		5.63966		
00:00:51:500		7.19451e+06		153.47		101.636		4.70934e+06		1.75058		290.638			00:00:51:500		9.0066e+06		-5.84714		0		0		7.19398e+06		-33.1841		
00:00:51:399		7.1943e+06		153.47		101.533		4.69736e+06		1.7447		290.636			00:00:51:399		9.0221e+06		-5.84746		0		0		7.19351e+06		-28.4599		
00:00:51:299		7.19384e+06		153.47		101.533		4.69736e+06		1.7447		290.635			00:00:51:299		9.0375e+06		-5.84782		0		0		7.19345e+06		-12.6913		
00:00:51:200		7.19382e+06		153.247		101.428		4.68532e+06		1.73883		290.633			00:00:51:200		9.05282e+06		-5.84823		0		0		7.19374e+06		11.7113		
00:00:51:100		7.19373e+06		153.247		101.428		4.68532e+06		1.73883		290.631			00:00:51:100		9.06806e+06		-5.8487		0		0		7.1941e+06		25.0705		
00:00:51:000		7.19334e+06		153.023		101.428		4.68532e+06		1.73883		290.629			00:00:51:000		9.08326e+06		-5.84918		0		0		7.19427e+06		29.5804		
00:00:50:899		7.19344e+06		153.023		101.323		4.67323e+06		1.73296		290.627			00:00:50:899		9.09842e+06		-5.84964		0		0		7.19407e+06		20.6875		
00:00:50:799		7.19320e+06		153.023		101.323		4.67323e+06		1.73296		290.625			00:00:50:799		9.11358e+06		-5.85009		0		0		7.1935e+06		5.5608		
00:00:50:700		7.19277e+06		152.8		101.218		4.66118e+06		1.72709		290.624			00:00:50:700		9.12867e+06		-5.85053		0		0		7.19264e+06		-24.3635		
00:00:50:600		7.19282e+06		152.8		101.218		4.66118e+06		1.72709		290.622			00:00:50:600		9.14369e+06		-5.85095		0		0		7.19189e+06		-36.8078		
00:00:50:500		7.19243e+06		152.578		101.218		4.66118e+06		1.72709		290.62			00:00:50:500		9.15864e+06		-5.85135		0		0		7.19156e+06		-26.1487		
00:00:50:399		7.19207e+06		152.578		101.111		4.64904e+06		1.72121		290.618			00:00:50:399		9.17352e+06		-5.85174		0		0		7.19169e+06		-7.37379		
00:00:50:299		7.19216e+06		152.578		101.111		4.64904e+06		1.72121		290.617			00:00:50:299		9.18833e+06		-5.8521		0		0		7.19213e+06		19.2824		
00:00:50:200		7.19185e+06		152.354		101.003		4.6369e+06		1.71534		290.615			00:00:50:200		9.20306e+06		-5.85243		0		0		7.19253e+06		33.7831		
00:00:50:100		7.19158e+06		152.354		101.003		4.6369e+06		1.71534		290.613			00:00:50:100		9.21773e+06		-5.85274		0		0		7.19261e+06		29.5452		
00:00:50:000		7.19164e+06		152.132		101.003		4.6369e+06		1.71534		290.611			00:00:50:000		9.23231e+06		-5.85302		0		0		7.19228e+06		16.1436		
00:00:50:000		7.19164e+06		152.132		101.003		4.6369e+06		1.71534		290.611			00:00:50:000		9.23231e+06		-5.85302		0		0		7.19228e+06		16.1436		
00:00:49:799		7.19092e+06		152.132		100.895		4.62468e+06		1.70947		290.608			00:00:49:799		9.26125e+06		-5.85349		0		0		7.19064e+06		-30.1237		
00:00:49:700		7.19097e+06		151.91		100.786		4.61236e+06		1.70359		290.606			00:00:49:700		9.27558e+06		-5.85369		0		0		7.18997e+06		-35.7819		
00:00:49:600		7.19055e+06		151.91		100.786		4.61236e+06		1.70359		290.605			00:00:49:600		9.28984e+06		-5.85385		0		0		7.18976e+06		-23.2944		
00:00:49:500		7.19028e+06		151.688		100.786		4.61236e+06		1.70359		290.603			00:00:49:500		9.30402e+06		-5.85399		0		0		7.19002e+06		-2.47254		
00:00:49:399		7.19035e+06		151.688		100.676		4.60007e+06		1.69771		290.602			00:00:49:399		9.31813e+06		-5.85409		0		0		7.19053e+06		23.2056		
00:00:49:399		7.19035e+06		151.688		100.676		4.60007e+06		1.69771		290.602			00:00:49:399		9.31813e+06		-5.85409		0		0		7.19053e+06		23.2056		
00:00:49:200		7.18973e+06		151.466		100.565		4.5877e+06		1.69184		290.599			00:00:49:200		9.34614e+06		-5.85422		0		0		7.19093e+06		32.0125		
00:00:49:200		7.18973e+06		151.466		100.565		4.5877e+06		1.69184		290.599			00:00:49:200		9.34614e+06		-5.85422		0		0		7.19093e+06		32.0125		
00:00:49:000		7.18928e+06		151.244		100.565		4.5877e+06		1.69184		290.596			00:00:49:000		9.37387e+06		-5.85427		0		0		7.18952e+06		-18.5687		
00:00:48:850		7.1892e+06		151.244		100.454		4.57532e+06		1.68596		290.593			00:00:48:850		9.39447e+06		-5.85431		0		0		7.18826e+06		-37.0138		
00:00:48:850		7.1892e+06		151.244		100.454		4.57532e+06		1.68596		290.593			00:00:48:850		9.39447e+06		-5.85431		0		0		7.18826e+06		-37.0138		
00:00:48:750		7.1889e+06		151.023		100.454		4.57532e+06		1.68596		290.592			00:00:48:750		9.40811e+06		-5.85434		0		0		7.18789e+06		-30.5649		
00:00:48:649		7.18841e+06		151.023		100.341		4.56293e+06		1.68008		290.59			00:00:48:649		9.42167e+06		-5.85441		0		0		7.18802e+06		-8.31066		
00:00:48:549		7.18849e+06		151.023		100.341		4.56293e+06		1.68008		290.589			00:00:48:549		9.43516e+06		-5.85451		0		0		7.1885e+06		21.2043		
00:00:48:450		7.18823e+06		150.801		100.228		4.55041e+06		1.6742		290.588			00:00:48:450		9.44857e+06		-5.85465		0		0		7.18898e+06		34.2435		
00:00:48:350		7.18785e+06		150.801		100.228		4.55041e+06		1.6742		290.586			00:00:48:350		9.46194e+06		-5.85481		0		0		7.18915e+06		37.522		
00:00:48:149		7.18765e+06		150.58		100.114		4.53786e+06		1.66832		290.584			00:00:48:149		9.48852e+06		-5.85526		0		0		7.18802e+06		-7.69865		
00:00:48:149		7.18765e+06		150.58		100.114		4.53786e+06		1.66832		290.584			00:00:48:149		9.48852e+06		-5.85526		0		0		7.18802e+06		-7.69865		
00:00:48:049		7.18722e+06		150.58		100.114		4.53786e+06		1.66832		290.583			00:00:48:049		9.50174e+06		-5.85558		0		0		7.18706e+06		-31.2539		
00:00:47:950		7.1873e+06		150.36		99.9991		4.52524e+06		1.66244		290.581			00:00:47:950		9.51489e+06		-5.856		0		0		7.18632e+06		-37.9183		
00:00:47:850		7.18689e+06		150.36		99.9991		4.52524e+06		1.66244		290.58			00:00:47:850		9.52798e+06		-5.85652		0		0		7.18603e+06		-25.355		
00:00:47:750		7.18653e+06		150.139		99.9991		4.52524e+06		1.66244		290.579			00:00:47:750		9.54101e+06		-5.85717		0		0		7.18622e+06		-7.81952		
00:00:47:649		7.18663e+06		150.139		99.8832		4.51251e+06		1.65655		290.578			00:00:47:649		9.55398e+06		-5.85794		0		0		7.18672e+06		22.4165		
00:00:47:549		7.18631e+06		150.139		99.8832		4.51251e+06		1.65655		290.577			00:00:47:549		9.56683e+06		-5.85883		0		0		7.18717e+06		38.8985		
00:00:47:450		7.18605e+06		149.918		99.7664		4.49981e+06		1.65067		290.576			00:00:47:450		9.57966e+06		-5.85981		0		0		7.18724e+06		33.597		
00:00:47:250		7.18562e+06		149.698		99.7664		4.49981e+06		1.65067		290.574			00:00:47:250		9.60541e+06		-5.86189		0		0		7.18593e+06		-15.9972		
00:00:47:149		7.18539e+06		149.698		99.6488		4.48712e+06		1.64478		290.573			00:00:47:149		9.61834e+06		-5.86287		0		0		7.18499e+06		-32.9907		
00:00:47:149		7.18539e+06		149.698		99.6488		4.48712e+06		1.64478		290.573			00:00:47:149		9.61834e+06		-5.86287		0		0		7.18499e+06		-32.9907		
00:00:47:049		7.18541e+06		149.698		99.6488		4.48712e+06		1.64478		290.572			00:00:47:049		9.63132e+06		-5.86374		0		0		7.18433e+06		-37.3462		
00:00:46:950		7.18491e+06		149.477		99.5302		4.47438e+06		1.6389		290.571			00:00:46:950		9.64426e+06		-5.86445		0		0		7.18416e+06		-21.267		
00:00:46:850		7.18473e+06		149.477		99.5302		4.47438e+06		1.6389		290.57			00:00:46:850		9.65726e+06		-5.86497		0		0		7.18444e+06		1.86846		
00:00:46:750		7.18478e+06		149.257		99.5302		4.47438e+06		1.6389		290.569			00:00:46:750		9.67031e+06		-5.86528		0		0		7.18493e+06		25.4562		
00:00:46:649		7.18435e+06		149.257		99.4107		4.46159e+06		1.63301		290.568			00:00:46:649		9.68344e+06		-5.86535		0		0		7.18529e+06		37.3473		
00:00:46:549		7.18425e+06		149.257		99.4107		4.46159e+06		1.63301		290.567			00:00:46:549		9.69654e+06		-5.86514		0		0		7.18526e+06		27.2409		
00:00:46:450		7.18422e+06		149.036		99.2903		4.44866e+06		1.62712		290.566			00:00:46:450		9.7096e+06		-5.86462		0		0		7.18478e+06		16.3684		
00:00:46:250		7.18356e+06		148.816		99.2903		4.44866e+06		1.62712		290.564			00:00:46:250		9.73562e+06		-5.86246		0		0		7.18302e+06		-35.4313		
00:00:46:149		7.18347e+06		148.816		99.169		4.43562e+06		1.62123		290.563			00:00:46:149		9.7486e+06		-5.86076		0		0		7.18246e+06		-34.7735		
00:00:46:149		7.18347e+06		148.816		99.169		4.43562e+06		1.62123		290.563			00:00:46:149		9.7486e+06		-5.86076		0		0		7.18246e+06		-34.7735		
00:00:46:049		7.18294e+06		148.816		99.169		4.43562e+06		1.62123		290.562			00:00:46:049		9.76154e+06		-5.85862		0		0		7.18239e+06		-16.364		
00:00:45:950		7.18289e+06		148.596		99.0469		4.42262e+06		1.61534		290.562			00:00:45:950		9.77445e+06		-5.85601		0		0		7.18272e+06		0		
00:00:45:799		7.18256e+06		148.596		99.0469		4.42262e+06		1.61534		290.56			00:00:45:799		9.79374e+06		-5.85128		0		0		7.18343e+06		38.4338		
00:00:45:700		7.18225e+06		148.375		98.9238		4.40953e+06		1.60945		290.559			00:00:45:700		9.80656e+06		-5.84763		0		0		7.1835e+06		35.2967		
00:00:45:649		7.18233e+06		148.375		98.9238		4.40953e+06		1.60945		290.559			00:00:45:649		9.81296e+06		-5.84569		0		0		7.18334e+06		28.0028		
00:00:45:549		7.18217e+06		148.375		98.9238		4.40953e+06		1.60945		290.558			00:00:45:549		9.82574e+06		-5.84162		0		0		7.18264e+06		2.63929		
00:00:45:450		7.18162e+06		148.155		98.7999		4.39643e+06		1.60356		290.557			00:00:45:450		9.8385e+06		-5.83742		0		0		7.18166e+06		-27.294		
00:00:45:350		7.18165e+06		148.155		98.7999		4.39643e+06		1.60356		290.557			00:00:45:350		9.85126e+06		-5.8332		0		0		7.18079e+06		-40.7513		
00:00:45:250		7.1815e+06		147.934		98.7999		4.39643e+06		1.60356		290.556			00:00:45:250		9.86403e+06		-5.8291		0		0		7.18036e+06		-34.645		
00:00:45:100		7.18099e+06		147.934		98.6752		4.38315e+06		1.59767		290.555			00:00:45:100		9.88325e+06		-5.82349		0		0		7.18068e+06		4.7152		
00:00:45:049		7.18099e+06		147.713		98.6752		4.38315e+06		1.59767		290.554			00:00:45:049		9.89605e+06		-5.82033		0		0		7.18121e+06		26.1244		
00:00:44:899		7.18057e+06		147.713		98.5499		4.36989e+06		1.59178		290.553			00:00:44:899		9.90882e+06		-5.81734		0		0		7.18161e+06		40.2457		
00:00:44:799		7.18039e+06		147.713		98.5499		4.36989e+06		1.59178		290.553			00:00:44:799		9.92159e+06		-5.81424		0		0		7.18159e+06		30.8799		
00:00:44:700		7.1804e+06		147.493		98.424		4.35651e+06		1.58588		290.552			00:00:44:700		9.93432e+06		-5.81103		0		0		7.18107e+06		17.934		
00:00:44:600		7.17992e+06		147.493		98.424		4.35651e+06		1.58588		290.552			00:00:44:600		9.94703e+06		-5.80771		0		0		7.18015e+06		-21.0015		
00:00:44:500		7.17984e+06		147.271		98.424		4.35651e+06		1.58588		290.551			00:00:44:500		9.95973e+06		-5.80427		0		0		7.17923e+06		-38.7565		
00:00:44:399		7.17978e+06		147.271		98.2974		4.34305e+06		1.57999		290.551			00:00:44:399		9.97241e+06		-5.80071		0		0		7.17865e+06		-37.915		
00:00:44:299		7.1793e+06		147.271		98.2974		4.34305e+06		1.57999		290.55			00:00:44:299		9.98507e+06		-5.79705		0		0		7.1786e+06		-20.8858		
00:00:44:200		7.1792e+06		147.051		98.1703		4.3296e+06		1.5741		290.55			00:00:44:200		9.99771e+06		-5.79327		0		0		7.17904e+06		11.4759		
00:00:44:100		7.17909e+06		147.051		98.1703		4.3296e+06		1.5741		290.549			00:00:44:100		1.00103e+07		-5.78939		0		0		7.17962e+06		34.4912		
00:00:44:000		7.17868e+06		146.829		98.1703		4.3296e+06		1.5741		290.549			00:00:44:000		1.00229e+07		-5.7854		0		0		7.17996e+06		41.7621		
00:00:43:899		7.17865e+06		146.829		98.0425		4.31601e+06		1.5682		290.549			00:00:43:899		1.00355e+07		-5.7813		0		0		7.17981e+06		28.6121		
00:00:43:799		7.17852e+06		146.829		98.0425		4.31601e+06		1.5682		290.549			00:00:43:799		1.00481e+07		-5.77711		0		0		7.17911e+06		7.15531		
00:00:43:700		7.17799e+06		146.607		97.9142		4.3023e+06		1.56231		290.548			00:00:43:700		1.00607e+07		-5.77281		0		0		7.17808e+06		-23.8842		
00:00:43:600		7.17805e+06		146.607		97.9142		4.3023e+06		1.56231		290.548			00:00:43:600		1.00732e+07		-5.76842		0		0		7.17713e+06		-42.548		
00:00:43:500		7.17778e+06		146.385		97.9142		4.3023e+06		1.56231		290.548			00:00:43:500		1.00858e+07		-5.76394		0		0		7.17658e+06		-37.3381		
00:00:43:399		7.17725e+06		146.385		97.7853		4.28854e+06		1.55641		290.548			00:00:43:399		1.00983e+07		-5.75936		0		0		7.17657e+06		-21.1812		
00:00:43:299		7.17721e+06		146.385		97.7853		4.28854e+06		1.55641		290.549			00:00:43:299		1.01108e+07		-5.75469		0		0		7.17706e+06		15.5674		
00:00:43:200		7.17707e+06		146.163		97.6559		4.27473e+06		1.55052		290.549			00:00:43:200		1.01233e+07		-5.74993		0		0		7.17765e+06		37.4048		
00:00:43:100		7.17672e+06		146.163		97.6559		4.27473e+06		1.55052		290.549			00:00:43:100		1.01358e+07		-5.74508		0		0		7.17798e+06		39.3992		
00:00:43:000		7.17686e+06		145.941		97.6559		4.27473e+06		1.55052		290.549			00:00:43:000		1.01483e+07		-5.74014		0		0		7.17784e+06		27.1358		
00:00:43:000		7.17686e+06		145.941		97.6559		4.27473e+06		1.55052		290.549			00:00:43:000		1.01483e+07		-5.74014		0		0		7.17784e+06		27.1358		
00:00:42:899		7.17665e+06		145.941		97.526		4.26078e+06		1.54462		290.549			00:00:42:899		1.01607e+07		-5.73512		0		0		7.17719e+06		13.5066		
00:00:42:700		7.17621e+06		145.718		97.3956		4.2468e+06		1.53873		290.55			00:00:42:700		1.01855e+07		-5.72479		0		0		7.17533e+06		-39.6222		
00:00:42:700		7.17621e+06		145.718		97.3956		4.2468e+06		1.53873		290.55			00:00:42:700		1.01855e+07		-5.72479		0		0		7.17533e+06		-39.6222		
00:00:42:600		7.17578e+06		145.718		97.3956		4.2468e+06		1.53873		290.55			00:00:42:600		1.01979e+07		-5.71949		0		0		7.17487e+06		-30.5424		
00:00:42:500		7.17535e+06		145.496		97.3956		4.2468e+06		1.53873		290.55			00:00:42:500		1.02102e+07		-5.7141		0		0		7.17489e+06		-16.8817		
00:00:42:399		7.17543e+06		145.496		97.2647		4.23276e+06		1.53284		290.551			00:00:42:399		1.02225e+07		-5.70863		0		0		7.17534e+06		13.9022		
00:00:42:149		7.17506e+06		145.273		97.1333		4.21859e+06		1.52694		290.552			00:00:42:149		1.02532e+07		-5.69453		0		0		7.17599e+06		28.2009		
00:00:42:149		7.17506e+06		145.273		97.1333		4.21859e+06		1.52694		290.552			00:00:42:149		1.02532e+07		-5.69453		0		0		7.17599e+06		28.2009		
00:00:42:100		7.17503e+06		145.273		97.1333		4.21859e+06		1.52694		290.552			00:00:42:100		1.02594e+07		-5.69165		0		0		7.17581e+06		25.0517		
00:00:42:000		7.17474e+06		145.05		97.1333		4.21859e+06		1.52694		290.553			00:00:42:000		1.02717e+07		-5.68579		0		0		7.17509e+06		5.14514		
00:00:41:899		7.17432e+06		145.05		97.0015		4.20438e+06		1.52105		290.554			00:00:41:899		1.0284e+07		-5.67983		0		0		7.17413e+06		-32.8488		
00:00:41:799		7.17435e+06		145.05		97.0015		4.20438e+06		1.52105		290.554			00:00:41:799		1.02963e+07		-5.67377		0		0		7.17339e+06		-38.1691		
00:00:41:700		7.17387e+06		144.827		96.8693		4.19011e+06		1.51515		290.555			00:00:41:700		1.03086e+07		-5.66762		0		0		7.1731e+06		-29.5554		
00:00:41:600		7.17363e+06		144.827		96.8693		4.19011e+06		1.51515		290.556			00:00:41:600		1.03208e+07		-5.66137		0		0		7.1733e+06		-9.51356		
00:00:41:450		7.1736e+06		144.604		96.7367		4.17569e+06		1.50926		290.557			00:00:41:450		1.03392e+07		-5.65183		0		0		7.17406e+06		32.9764		
00:00:41:350		7.17316e+06		144.604		96.7367		4.17569e+06		1.50926		290.558			00:00:41:350		1.03514e+07		-5.64534		0		0		7.17432e+06		37.7825		
00:00:41:149		7.17305e+06		144.38		96.6037		4.16124e+06		1.50336		290.56			00:00:41:149		1.03758e+07		-5.63209		0		0		7.17345e+06		0		
00:00:41:149		7.17305e+06		144.38		96.6037		4.16124e+06		1.50336		290.56			00:00:41:149		1.03758e+07		-5.63209		0		0		7.17345e+06		0		
00:00:41:049		7.17259e+06		144.38		96.6037		4.16124e+06		1.50336		290.562			00:00:41:049		1.03879e+07		-5.62531		0		0		7.17247e+06		-27.9357		
00:00:40:950		7.17269e+06		144.157		96.4704		4.1468e+06		1.49747		290.563			00:00:40:950		1.04001e+07		-5.61844		0		0		7.17161e+06		-43.2839		
00:00:40:850		7.1723e+06		144.157		96.4704		4.1468e+06		1.49747		290.564			00:00:40:850		1.04122e+07		-5.61146		0		0		7.17122e+06		-32.8309		
00:00:40:799		7.17199e+06		144.157		96.4704		4.1468e+06		1.49747		290.565			00:00:40:799		1.04183e+07		-5.60793		0		0		7.17124e+06		-23.2824		
00:00:40:649		7.17193e+06		143.934		96.3367		4.1323e+06		1.49158		290.567			00:00:40:649		1.04365e+07		-5.5972		0		0		7.17193e+06		21.0483		
00:00:40:549		7.17166e+06		143.934		96.3367		4.1323e+06		1.49158		290.568			00:00:40:549		1.04487e+07		-5.58992		0		0		7.17249e+06		41.2173		
00:00:40:450		7.17124e+06		143.711		96.2029		4.11784e+06		1.48568		290.569			00:00:40:450		1.04608e+07		-5.58254		0		0		7.17267e+06		41.4672		
00:00:40:399		7.1714e+06		143.711		96.2029		4.11784e+06		1.48568		290.571			00:00:40:399		1.0473e+07		-5.57506		0		0		7.1723e+06		26.2092		
00:00:40:149		7.17062e+06		143.488		96.0688		4.1032e+06		1.47979		290.574			00:00:40:149		1.04976e+07		-5.55981		0		0		7.17032e+06		-36.9606		
00:00:40:149		7.17062e+06		143.488		96.0688		4.1032e+06		1.47979		290.574			00:00:40:149		1.04976e+07		-5.55981		0		0		7.17032e+06		-36.9606		
00:00:40:049		7.17074e+06		143.488		96.0688		4.1032e+06		1.47979		290.575			00:00:40:049		1.05098e+07		-5.55202		0		0		7.16951e+06		-43.611		
00:00:39:950		7.17036e+06		143.264		95.9345		4.08846e+06		1.47389		290.577			00:00:39:950		1.05221e+07		-5.54413		0		0		7.16924e+06		-31.0457		
00:00:39:850		7.16995e+06		143.264		95.9345		4.08846e+06		1.47389		290.579			00:00:39:850		1.05344e+07		-5.53613		0		0		7.16953e+06		-4.17567		
00:00:39:750		7.17006e+06		143.042		95.9345		4.08846e+06		1.47389		290.58			00:00:39:750		1.05466e+07		-5.52801		0		0		7.17013e+06		24.1131		
00:00:39:649		7.1696e+06		143.042		95.8001		4.07373e+06		1.46799		290.582			00:00:39:649		1.05589e+07		-5.51977		0		0		7.17066e+06		43.6999		
00:00:39:549		7.16933e+06		143.042		95.8001		4.07373e+06		1.46799		290.584			00:00:39:549		1.05711e+07		-5.5114		0		0		7.17074e+06		39.6842		
00:00:39:450		7.16942e+06		142.82		95.6656		4.05894e+06		1.46209		290.585			00:00:39:450		1.05834e+07		-5.50291		0		0		7.17024e+06		18.5113		
00:00:39:350		7.16895e+06		142.82		95.6656		4.05894e+06		1.46209		290.587			00:00:39:350		1.05957e+07		-5.4943		0		0		7.16927e+06		-20.0469		
00:00:39:149		7.16873e+06		142.598		95.5312		4.04418e+06		1.45619		290.59			00:00:39:149		1.06202e+07		-5.47673		0		0		7.16758e+06		-41.8582		
00:00:39:149		7.16873e+06		142.598		95.5312		4.04418e+06		1.45619		290.59			00:00:39:149		1.06202e+07		-5.47673		0		0		7.16758e+06		-41.8582		
00:00:39:049		7.16826e+06		142.598		95.5312		4.04418e+06		1.45619		290.592			00:00:39:049		1.06325e+07		-5.46777		0		0		7.16744e+06		-23.6845		
00:00:38:950		7.16807e+06		142.377		95.3969		4.02942e+06		1.45029		290.593			00:00:38:950		1.06447e+07		-5.45867		0		0		7.16781e+06		8.98559		
00:00:38:850		7.16805e+06		142.377		95.3969		4.02942e+06		1.45029		290.595			00:00:38:850		1.0657e+07		-5.44946		0		0		7.16834e+06		32.7995		
00:00:38:750		7.16762e+06		142.155		95.3969		4.02942e+06		1.45029		290.597			00:00:38:750		1.06692e+07		-5.44013		0		0		7.16868e+06		40.3646		
00:00:38:649		7.16767e+06		142.155		95.2629		4.01452e+06		1.44438		290.599			00:00:38:649		1.06814e+07		-5.43069		0		0		7.16859e+06		29.9775		
00:00:38:549		7.16747e+06		142.155		95.2629		4.01452e+06		1.44438		290.6			00:00:38:549		1.06936e+07		-5.42116		0		0		7.16799e+06		15.3042		
00:00:38:450		7.16696e+06		141.934		95.1292		3.99967e+06		1.43848		290.602			00:00:38:450		1.07057e+07		-5.41154		0		0		7.16698e+06		-26.3667		
00:00:38:250		7.1665e+06		141.714		95.1292		3.99967e+06		1.43848		290.605			00:00:38:250		1.073e+07		-5.3921		0		0		7.1655e+06		-33.8786		
00:00:38:149		7.16596e+06		141.714		94.9961		3.98471e+06		1.43257		290.607			00:00:38:149		1.07421e+07		-5.38229		0		0		7.16548e+06		-16.8413		
00:00:38:149		7.16596e+06		141.714		94.9961		3.98471e+06		1.43257		290.607			00:00:38:149		1.07421e+07		-5.38229		0		0		7.16548e+06		-16.8413		
00:00:38:049		7.16601e+06		141.714		94.9961		3.98471e+06		1.43257		290.609			00:00:38:049		1.07542e+07		-5.37246		0		0		7.1659e+06		13.432		
00:00:37:950		7.16590e+06		141.494		94.8636		3.96974e+06		1.42666		290.611			00:00:37:950		1.07664e+07		-5.36259		0		0		7.16643e+06		38.5739		
00:00:37:850		7.16562e+06		141.494		94.8636		3.96974e+06		1.42666		290.613			00:00:37:850		1.07845e+07		-5.34772		0		0		7.16663e+06		32.9213		
00:00:37:700		7.16551e+06		141.275		94.7316		3.95475e+06		1.42074		290.615			00:00:37:700		1.07966e+07		-5.33777		0		0		7.16616e+06		16.3735		
00:00:37:600		7.16499e+06		141.275		94.7316		3.95475e+06		1.42074		290.617			00:00:37:600		1.08087e+07		-5.32779		0		0		7.16527e+06		0		
00:00:37:549		7.16482e+06		141.275		94.7316		3.95475e+06		1.42074		290.618			00:00:37:549		1.08147e+07		-5.32278		0		0		7.16474e+06		-27.8865		
00:00:37:450		7.16483e+06		141.055		94.5988		3.93973e+06		1.41482		290.62			00:00:37:450		1.08268e+07		-5.31272		0		0		7.16383e+06		-42.985		
00:00:37:250		7.16388e+06		140.837		94.5988		3.93973e+06		1.41482		290.623			00:00:37:250		1.08508e+07		-5.2924		0		0		7.16347e+06		-14.2956		
00:00:37:100		7.16392e+06		140.837		94.465		3.92471e+06		1.4089		290.626			00:00:37:100		1.08687e+07		-5.27695		0		0		7.16417e+06		29.5818		
00:00:37:100		7.16392e+06		140.837		94.465		3.92471e+06		1.4089		290.626			00:00:37:100		1.08687e+07		-5.27695		0		0		7.16417e+06		29.5818		
00:00:37:000		7.16343e+06		140.618		94.465		3.92471e+06		1.4089		290.628			00:00:37:000		1.08807e+07		-5.26655		0		0		7.16447e+06		38.5049		
00:00:36:899		7.16354e+06		140.618		94.3302		3.90964e+06		1.40298		290.63			00:00:36:899		1.08927e+07		-5.25608		0		0		7.16435e+06		28.5826		
00:00:36:799		7.16329e+06		140.618		94.3302		3.90964e+06		1.40298		290.632			00:00:36:799		1.09047e+07		-5.24553		0		0		7.16375e+06		13.38		
00:00:36:700		7.16274e+06		140.4		94.1943		3.8945e+06		1.39705		290.634			00:00:36:700		1.09167e+07		-5.23491		0		0		7.16275e+06		-25.2296		
00:00:36:600		7.16265e+06		140.4		94.1943		3.8945e+06		1.39705		290.636			00:00:36:600		1.09287e+07		-5.22422		0		0		7.16183e+06		-41.9433		
00:00:36:500		7.16235e+06		140.183		94.1943		3.8945e+06		1.39705		290.638			00:00:36:500		1.09407e+07		-5.21347		0		0		7.16136e+06		-33.358		
00:00:36:399		7.16178e+06		140.183		94.0574		3.8792e+06		1.39112		290.641			00:00:36:399		1.09527e+07		-5.20266		0		0		7.16141e+06		-10.789		
00:00:36:299		7.16192e+06		140.183		94.0574		3.8792e+06		1.39112		290.643			00:00:36:299		1.09647e+07		-5.19179		0		0		7.16182e+06		16.4287		
00:00:36:200		7.16167e+06		139.966		93.9194		3.86387e+06		1.38519		290.645			00:00:36:200		1.09767e+07		-5.18088		0		0		7.16225e+06		35.5606		
00:00:36:100		7.16117e+06		139.966		93.9194		3.86387e+06		1.38519		290.647			00:00:36:100		1.09887e+07		-5.16993		0		0		7.16235e+06		38.6557		
00:00:36:000		7.16122e+06		139.749		93.9194		3.86387e+06		1.38519		290.649			00:00:36:000		1.10008e+07		-5.15896		0		0		7.16196e+06		19.157		
00:00:35:899		7.16081e+06		139.749		93.7804		3.84855e+06		1.37925		290.651			00:00:35:899		1.10128e+07		-5.14795		0		0		7.16117e+06		-11.0816		
00:00:35:799		7.1604e+06		139.749		93.7804		3.84855e+06		1.37925		290.654			00:00:35:799		1.10248e+07		-5.13694		0.0689956		0		7.16018e+06		-31.9023		
00:00:35:700		7.16043e+06		139.533		93.6402		3.83327e+06		1.37331		290.656			00:00:35:700		1.10369e+07		-5.12591		0.207304		0		7.15938e+06		-42.9109		
00:00:35:600		7.16002e+06		139.533		93.6402		3.83327e+06		1.37331		290.658			00:00:35:600		1.1049e+07		-5.11488		0.34555		0		7.15913e+06		-26.4505		
00:00:35:500		7.15966e+06		139.318		93.6402		3.83327e+06		1.37331		290.661			00:00:35:500		1.1061e+07		-5.10384		0.483663		0		7.15939e+06		4.78561		
00:00:35:399		7.15967e+06		139.318		93.4989		3.818e+06		1.36736		290.663			00:00:35:399		1.10731e+07		-5.0928		0.621516		0		7.15986e+06		25.243		
00:00:35:299		7.15929e+06		139.318		93.4989		3.818e+06		1.36736		290.666			00:00:35:299		1.10852e+07		-5.08174		0.758973		0		7.16021e+06		40.7102		
00:00:35:200		7.15898e+06		139.102		93.3563		3.80259e+06		1.36142		290.668			00:00:35:200		1.10974e+07		-5.07065		0.895984		0		7.16014e+06		34.3594		
00:00:35:100		7.15887e+06		139.102		93.3563		3.80259e+06		1.36142		290.671			00:00:35:100		1.11096e+07		-5.05951		1.03241		0		7.15953e+06		18.6882		
00:00:35:000		7.15836e+06		138.886		93.3563		3.80259e+06		1.36142		290.674			00:00:35:000		1.11217e+07		-5.04831		1.16812		0		7.15847e+06		-25.8345		
00:00:34:899		7.15813e+06		138.886		93.2124		3.78714e+06		1.35546		290.677			00:00:34:899		1.1134e+07		-5.03706		1.30299		0		7.15743e+06		-43.625		
00:00:34:799		7.15797e+06		138.886		93.2124		3.78714e+06		1.35546		290.679			00:00:34:799		1.11462e+07		-5.02576		1.43685		0		7.15682e+06		-39.7874		
00:00:34:700		7.1574e+06		138.672		93.0672		3.7716e+06		1.34951		290.682			00:00:34:700		1.11584e+07		-5.01441		1.56954		0		7.1568e+06		-15.1719		
00:00:34:600		7.15733e+06		138.672		93.0672		3.7716e+06		1.34951		290.685			00:00:34:600		1.11706e+07		-5.00301		1.70089		0		7.15721e+06		19.2647		
00:00:34:500		7.15733e+06		138.672		93.0672		3.7716e+06		1.34951		290.685			00:00:34:500		1.11706e+07		-5.00301		1.70089		0		7.15721e+06		19.2647		
00:00:34:500		7.15701e+06		138.457		93.0672		3.7716e+06		1.34951		290.688			00:00:34:500		1.11828e+07		-4.99155		1.83066		0		7.15764e+06		37.7207		
00:00:34:399		7.15654e+06		138.457		92.9204		3.75593e+06		1.34355		290.691			00:00:34:399		1.11951e+07		-4.98004		1.95857		0		7.15776e+06		37.1335		
00:00:34:200		7.15612e+06		138.243		92.772		3.7403e+06		1.33759		290.698			00:00:34:200		1.12195e+07		-4.95686		2.2077		0		7.15651e+06		0		
00:00:34:200		7.15612e+06		138.243		92.772		3.7403e+06		1.33759		290.698			00:00:34:200		1.12195e+07		-4.95686		2.2077		0		7.15651e+06		0		
00:00:34:000		7.15572e+06		138.029		92.772		3.7403e+06		1.33759		290.704			00:00:34:000		1.12441e+07		-4.93347		2.44722		0		7.15473e+06		-40.3848		
00:00:33:899		7.1552e+06		138.029		92.6219		3.72469e+06		1.33162		290.707			00:00:33:899		1.12563e+07		-4.92169		2.56362		0		7.15459e+06		-16.0077		
00:00:33:799		7.15508e+06		138.029		92.6219		3.72469e+06		1.33162		290.71			00:00:33:799		1.12686e+07		-4.90987		2.67845		0		7.15493e+06		16.6629		
00:00:33:799		7.15508e+06		138.029		92.6219		3.72469e+06		1.33162		290.71			00:00:33:799		1.12686e+07		-4.90987		2.67845		0		7.15493e+06		16.6629		
00:00:33:600		7.15435e+06		137.816		92.47		3.70902e+06		1.32565		290.716			00:00:33:600		1.12933e+07		-4.88609		2.91814		0		7.15552e+06		38.7434		
00:00:33:600		7.15435e+06		137.816		92.47		3.70902e+06		1.32565		290.716			00:00:33:600		1.12933e+07		-4.88609		2.91814		0		7.15552e+06		38.7434		
00:00:33:500		7.15436e+06		137.602		92.47		3.70902e+06		1.32565		290.718			00:00:33:500		1.13056e+07		-4.87414		3.03654		0		7.1552e+06		22.7466		
00:00:33:399		7.15393e+06		137.602		92.3159		3.69318e+06		1.31967		290.722			00:00:33:399		1.1318e+07		-4.86216		3.15017		0		7.15439e+06		0		
00:00:33:149		7.15329e+06		137.389		92.1597		3.67722e+06		1.3137		290.728			00:00:33:149		1.13489e+07		-4.83202		3.41602		0		7.15233e+06		-34.7847		
00:00:33:149		7.15329e+06		137.389		92.1597		3.67722e+06		1.3137		290.728			00:00:33:149		1.13489e+07		-4.83202		3.41602		0		7.15233e+06		-34.7847		
00:00:33:049		7.15279e+06		137.389		92.1597		3.67722e+06		1.3137		290.731			00:00:33:049		1.13613e+07		-4.81989		3.51317		0		7.15239e+06		-6.30315		
00:00:32:950		7.15278e+06		137.176		92.001		3.66119e+06		1.30771		290.733			00:00:32:950		1.13736e+07		-4.80773		3.60716		0		7.15282e+06		25.6014		
00:00:32:899		7.1526e+06		137.176		92.001		3.66119e+06		1.30771		290.734			00:00:32:899		1.13798e+07		-4.80163		3.65298		0		7.15304e+06		35.0431		
00:00:32:799		7.15207e+06		137.176		92.001		3.66119e+06		1.30771		290.737			00:00:32:799		1.13922e+07		-4.78942		3.74222		0		7.15326e+06		40.9837		
00:00:32:700		7.15206e+06		136.963		91.8396		3.64511e+06		1.30173		290.739			00:00:32:700		1.14045e+07		-4.77716		3.82829		0		7.153e+06		26.1626		
00:00:32:600		7.15168e+06		136.963		91.8396		3.64511e+06		1.30173		290.741			00:00:32:600		1.14169e+07		-4.76486		3.91121		0		7.15223e+06		0		
00:00:32:450		7.15129e+06		136.75		91.6753		3.62886e+06		1.29574		290.743			00:00:32:450		1.14354e+07		-4.74632		4.02975		0		7.1507e+06		-41.3221		
00:00:32:350		7.15099e+06		136.75		91.6753		3.62886e+06		1.29574		290.745			00:00:32:350		1.14477e+07		-4.7339		4.10493		0		7.15013e+06		-34.3972		
00:00:32:149		7.15049e+06		136.538		91.5079		3.61258e+06		1.28974		290.748			00:00:32:149		1.14724e+07		-4.70889		4.24631		0		7.15047e+06		21.922		
00:00:32:149		7.15049e+06		136.538		91.5079		3.61258e+06		1.28974		290.748			00:00:32:149		1.14724e+07		-4.70889		4.24631		0		7.15047e+06		21.922		
00:00:32:049		7.1501e+06		136.538		91.5079		3.61258e+06		1.28974		290.75			00:00:32:049		1.14848e+07		-4.69629		4.31264		0		7.1508e+06		37.9325		
00:00:31:949		7.14982e+06		136.326		91.3372		3.59621e+06		1.28375		290.751			00:00:31:949		1.14971e+07		-4.68363		4.37618		0		7.1508e+06		30.968		
00:00:31:750		7.14919e+06		136.114		91.3372		3.59621e+06		1.28375		290.754			00:00:31:750		1.15218e+07		-4.65811		4.49516		0		7.14947e+06		-21.8501		
00:00:31:750		7.14919e+06		136.114		91.3372		3.59621e+06		1.28375		290.754			00:00:31:750		1.15218e+07		-4.65811		4.49516		0		7.14947e+06		-21.8501		
00:00:31:649		7.14905e+06		136.114		91.1627		3.5797e+06		1.27775		290.755			00:00:31:649		1.15342e+07		-4.64527		4.55078		0		7.14852e+06		-40.7072		
00:00:31:550		7.14877e+06		136.114		91.1627		3.5797e+06		1.27775		290.757			00:00:31:550		1.15465e+07		-4.63236		4.60394		0		7.14795e+06		-33.7065		
00:00:31:449		7.14827e+06		135.902		90.9842		3.56314e+06		1.27174		290.758			00:00:31:449		1.15588e+07		-4.6194		4.65471		0		7.14793e+06		-7.82327		
00:00:31:250		7.14787e+06		135.69		90.9842		3.56314e+06		1.27174		290.76			00:00:31:250		1.15835e+07		-4.59336		4.74948		0		7.14855e+06		37.404		
00:00:31:149		7.14755e+06		135.69		90.8015		3.54651e+06		1.26574		290.762			00:00:31:149		1.15958e+07		-4.58028		4.79364		0		7.14852e+06		29.8736		
00:00:31:149		7.14755e+06		135.69		90.8015		3.54651e+06		1.26574		290.762			00:00:31:149		1.15958e+07		-4.58028		4.79364		0		7.14852e+06		29.8736		
00:00:31:050		7.14742e+06		135.69		90.8015		3.54651e+06		1.26574		290.764			00:00:31:050		1.16081e+07		-4.56716		4.83576		0		7.14802e+06		12.925		
00:00:30:949		7.14688e+06		135.478		90.614		3.52982e+06		1.25973		290.766			00:00:30:949		1.16204e+07		-4.55403		4.87592		0		7.14711e+06		-26.1755		
00:00:30:850		7.14675e+06		135.478		90.614		3.52982e+06		1.25973		290.768			00:00:30:850		1.16327e+07		-4.54087		4.91418		0		7.14622e+06		-39.284		
00:00:30:750		7.14648e+06		135.266		90.614		3.52982e+06		1.25973		290.769			00:00:30:750		1.1645e+07		-4.52772		4.95062		0		7.14576e+06		-29.8188		
00:00:30:649		7.14602e+06		135.266		90.4216		3.51308e+06		1.25372		290.771			00:00:30:649		1.16573e+07		-4.51457		4.98535		0		7.14581e+06		2.72239		
00:00:30:550		7.146e+06		135.266		90.4216		3.51308e+06		1.25372		290.773			00:00:30:550		1.16696e+07		-4.50144		5.01842		0		7.14614e+06		25.9494		
00:00:30:449		7.14557e+06		135.054		90.224		3.49616e+06		1.24771		290.775			00:00:30:449		1.16819e+07		-4.48833		5.04993		0		7.14638e+06		37.979		
00:00:30:350		7.14526e+06		135.054		90.224		3.49616e+06		1.24771		290.778			00:00:30:350		1.16943e+07		-4.47526		5.07992		0		7.14622e+06		26.8906		
00:00:30:149		7.14454e+06		134.841		90.0211		3.47911e+06		1.24169		290.783			00:00:30:149		1.17191e+07		-4.4492		5.13564		0		7.1446e+06		-30.277		
00:00:30:149		7.14454e+06		134.841		90.0211		3.47911e+06		1.24169		290.783			00:00:30:149		1.17191e+07		-4.4492		5.13564		0		7.1446e+06		-30.277		
00:00:30:050		7.14451e+06		134.841		90.0211		3.47911e+06		1.24169		290.785			00:00:30:050		1.17315e+07		-4.43618		5.16151		0		7.14378e+06		-40.2012		
00:00:29:949		7.1442e+06		134.629		89.8126		3.46199e+06		1.23567		290.788			00:00:29:949		1.1744e+07		-4.42314		5.18607		0		7.14347e+06		-26.3849		
00:00:29:850		7.14385e+06		134.629		89.8126		3.46199e+06		1.23567		290.791			00:00:29:850		1.17564e+07		-4.41007		5.20937		0		7.14367e+06		12.828		
00:00:29:750		7.1437e+06		134.417		89.8126		3.46199e+06		1.23567		290.794			00:00:29:750		1.17688e+07		-4.39691		5.23166		0		7.14404e+06		31.0274		
00:00:29:649		7.14322e+06		134.417		89.598		3.44471e+06		1.22965		290.797			00:00:29:649		1.17812e+07		-4.38367		5.25274		0		7.14421e+06		39.5		
00:00:29:550		7.14302e+06		134.417		89.598		3.44471e+06		1.22965		290.801			00:00:29:550		1.17936e+07		-4.37031		5.27277		0		7.14392e+06		23.3095		
00:00:29:449		7.1427e+06		134.205		89.3772		3.42738e+06		1.22362		290.804			00:00:29:449		1.18061e+07		-4.3568		5.29181		0		7.14312e+06		0		
00:00:29:250		7.14229e+06		133.993		89.3772		3.42738e+06		1.22362		290.812			00:00:29:250		1.18309e+07		-4.32929		5.32701		0		7.14135e+06		-41.3775		
00:00:29:149		7.14192e+06		133.993		89.1496		3.40997e+06		1.21759		290.816			00:00:29:149		1.18433e+07		-4.31531		5.34328		0		7.14121e+06		-19.4666		
00:00:29:149		7.14192e+06		133.993		89.1496		3.40997e+06		1.21759		290.816			00:00:29:149		1.18433e+07		-4.31531		5.34328		0		7.14121e+06		-19.4666		
00:00:29:050		7.14161e+06		133.993		89.1496		3.40997e+06		1.21759		290.82			00:00:29:050		1.18557e+07		-4.30119		5.3587		0		7.14158e+06		23.4775		
00:00:28:949		7.14128e+06		133.78		88.9152		3.39231e+06		1.21156		290.825			00:00:28:949		1.18681e+07		-4.287		5.3733		0		7.14199e+06		39.8198		
00:00:28:850		7.1408e+06		133.78		88.9152		3.39231e+06		1.21156		290.829			00:00:28:850		1.18805e+07		-4.2728		5.38714		0		7.14209e+06		41.539		
00:00:28:750		7.14073e+06		133.567		88.9152		3.39231e+06		1.21156		290.834			00:00:28:750		1.1893e+07		-4.25868		5.4002		0		7.14161e+06		17.9346		
00:00:28:649		7.14025e+06		133.567		88.6736		3.37472e+06		1.20553		290.842			00:00:28:649		1.19117e+07		-4.23787		5.4185		0		7.14003e+06		-39.1413		
00:00:28:500		7.14012e+06		133.355		88.6736		3.37472e+06		1.20553		290.847			00:00:28:500		1.19242e+07		-4.22433		5.42989		0		7.1392e+06		-42.9478		
00:00:28:399		7.13981e+06		133.355		88.4246		3.35702e+06		1.19949		290.853			00:00:28:399		1.19367e+07		-4.2111		5.44062		0		7.13894e+06		-29.8094		
00:00:28:199		7.13911e+06		133.141		88.1682		3.3391e+06		1.19345		290.865			00:00:28:199		1.19618e+07		-4.18536		5.4601		0		7.13972e+06		39.1644		
00:00:28:100		7.13868e+06		133.141		88.1682		3.3391e+06		1.19345		290.871			00:00:28:100		1.19744e+07		-4.17253		5.46901		0		7.1399e+06		41.69		
00:00:28:100		7.13868e+06		133.141		88.1682		3.3391e+06		1.19345		290.871			00:00:28:100		1.19744e+07		-4.17253		5.46901		0		7.1399e+06		41.69		
00:00:28:000		7.13858e+06		132.927		88.1682		3.3391e+06		1.19345		290.877			00:00:28:000		1.19869e+07		-4.15968		5.47744		0		7.13952e+06		23.7891		
00:00:27:899		7.13827e+06		132.927		87.9043		3.32101e+06		1.18741		290.884			00:00:27:899		1.19996e+07		-4.1468		5.48527		0		7.13864e+06		0		
00:00:27:800		7.13809e+06		132.927		87.9043		3.32101e+06		1.18741		290.891			00:00:27:800		1.20122e+07		-4.13391		5.49258		0		7.13765e+06		-38.8824		
00:00:27:699		7.13784e+06		132.713		87.6331		3.30276e+06		1.18137		290.898			00:00:27:699		1.20249e+07		-4.121		5.49946		0		7.13706e+06		-36.1072		
00:00:27:600		7.13751e+06		132.713		87.6331		3.30276e+06		1.18137		290.905			00:00:27:600		1.20376e+07		-4.10807		5.50589		0		7.13704e+06		-11.7902		
00:00:27:500		7.13732e+06		132.5		87.6331		3.30276e+06		1.18137		290.913			00:00:27:500		1.20503e+07		-4.09512		5.51192		0		7.13745e+06		28.4376		
00:00:27:399		7.13683e+06		132.5		87.3549		3.28445e+06		1.17532		290.921			00:00:27:399		1.2063e+07		-4.08213		5.51747		0		7.13775e+06		41.3075		
00:00:27:199		7.1364e+06		132.285		87.07		3.26607e+06		1.16927		290.937			00:00:27:199		1.20883e+07		-4.0559		5.52707		0		7.137e+06		2.21733		
00:00:27:100		7.13611e+06		132.285		87.07		3.26607e+06		1.16927		290.946			00:00:27:100		1.2101e+07		-4.04256		5.5314		0		7.13603e+06		-33.9891		
00:00:27:100		7.13611e+06		132.285		87.07		3.26607e+06		1.16927		290.946			00:00:27:100		1.2101e+07		-4.04256		5.5314		0		7.13603e+06		-33.9891		
00:00:27:000		7.13591e+06		132.071		87.07		3.26607e+06		1.16927		290.955			00:00:27:000		1.21136e+07		-4.02907		5.53547		0		7.13527e+06		-37.3698		
00:00:26:899		7.13566e+06		132.071		86.7789		3.24752e+06		1.16322		290.964			00:00:26:899		1.21261e+07		-4.01546		5.53914		0		7.13501e+06		-24.9773		
00:00:26:800		7.13549e+06		132.071		86.7789		3.24752e+06		1.16322		290.974			00:00:26:800		1.21386e+07		-4.00173		5.54227		0		7.13529e+06		16.9534		
00:00:26:800		7.13549e+06		132.071		86.7789		3.24752e+06		1.16322		290.974			00:00:26:800		1.21386e+07		-4.00173		5.54227		0		7.13529e+06		16.9534		
00:00:26:699		7.13526e+06		131.855		86.482		3.22881e+06		1.15716		290.983			00:00:26:699		1.21511e+07		-3.98791		5.54491		0		7.13572e+06		35.3435		
00:00:26:500		7.13462e+06		131.64		86.482		3.22881e+06		1.15716		291.004			00:00:26:500		1.2176e+07		-3.95997		5.54971		0		7.13569e+06		30.6398		
00:00:26:399		7.13448e+06		131.64		86.1795		3.21004e+06		1.1511		291.014			00:00:26:399		1.21884e+07		-3.94589		5.55186		0		7.13492e+06		0		
00:00:26:399		7.13448e+06		131.64		86.1795		3.21004e+06		1.1511		291.014			00:00:26:399		1.21884e+07		-3.94589		5.55186		0		7.13492e+06		0		
00:00:26:199		7.13394e+06		131.424		85.8714		3.19114e+06		1.14504		291.036			00:00:26:199		1.22132e+07		-3.91753		5.55441		0		7.13331e+06		-34.1473		
00:00:26:199		7.13394e+06		131.424		85.8714		3.19114e+06		1.14504		291.036			00:00:26:199		1.22132e+07		-3.91753		5.55441		0		7.13331e+06		-34.1473		
00:00:26:100		7.13367e+06		131.424		85.8714		3.19114e+06		1.14504		291.047			00:00:26:100		1.22255e+07		-3.90328		5.55512		0		7.13321e+06		-14.8777		
00:00:26:000		7.13347e+06		131.208		85.8714		3.19114e+06		1.14504		291.059			00:00:26:000		1.2238e+07		-3.88899		5.55594		0		7.13352e+06		24.8817		
00:00:25:800		7.13289e+06		131.208		85.5575		3.17213e+06		1.13897		291.071			00:00:25:800		1.2263e+07		-3.86031		5.55711		0		7.1338e+06		34.122		
00:00:25:800		7.13289e+06		131.208		85.5575		3.17213e+06		1.13897		291.083			00:00:25:800		1.2263e+07		-3.86031		5.55711		0		7.1338e+06		34.122		
00:00:25:699		7.13265e+06		130.991		85.2376		3.15305e+06		1.1329		291.096			00:00:25:699		1.22755e+07		-3.84594		5.55645		0		7.13334e+06		12.8083		
00:00:25:600		7.13221e+06		130.991		85.2376		3.15305e+06		1.1329		291.115			00:00:25:600		1.22942e+07		-3.82432		5.55467		0		7.13207e+06		-32.9767		
00:00:25:449		7.13189e+06		130.773		84.9115		3.13384e+06		1.12683		291.128			00:00:25:449		1.23068e+07		-3.80986		5.5538		0		7.13144e+06		-30.4417		
00:00:25:250		7.13132e+06		130.555		84.9115		3.13384e+06		1.12683		291.156			00:00:25:250		1.23318e+07		-3.78087		5.55077		0		7.13143e+06		21.9802		
00:00:25:149		7.13099e+06		130.555		84.5792		3.11441e+06		1.12075		291.17			00:00:25:149		1.23443e+07		-3.76632		5.54875		0		7.1315e+06		28.7473		
00:00:25:149		7.13099e+06		130.555		84.5792		3.11441e+06		1.12075		291.17			00:00:25:149		1.23443e+07		-3.76632		5.54875		0		7.1315e+06		28.7473		
00:00:25:000		7.13059e+06		130.337		84.5792		3.11441e+06		1.12075		291.191			00:00:25:000		1.23631e+07		-3.74444		5.54751		0		7.13111e+06		14.9948		
00:00:25:000		7.13059e+06		130.337		84.5792		3.11441e+06		1.12075		291.191			00:00:25:000		1.23631e+07		-3.74444		5.54751		0		7.13111e+06		14.9948		
00:00:24:899		7.13035e+06		130.337		84.2403		3.09488e+06		1.11467		291.206			00:00:24:899		1.23757e+07		-3.72981		5.5468		0		7.13052e+06		0		
00:00:24:800		7.13e+06		130.337		84.2403		3.09488e+06		1.11467		291.221			00:00:24:800		1.23882e+07		-3.71515		5.5445		0		7.12984e+06		-28.4748		
00:00:24:699		7.12962e+06		130.118		83.8949		3.07526e+06		1.10858		291.244			00:00:24:699		1.24069e+07		-3.69308		5.53883		11.9216		7.12928e+06		0		
00:00:24:550		7.12918e+06		130.118		83.8949		3.07526e+06		1.10858		291.259			00:00:24:550		1.24194e+07		-3.67832		5.53634		18.0066		7.12922e+06		14.9367		
00:00:24:350		7.12841e+06		129.898		83.543		3.05541e+06		1.10248		291.291			00:00:24:350		1.24445e+07		-3.64873		5.53478		30.4909		7.12886e+06		18.9226		
00:00:24:350		7.12841e+06		129.898		83.543		3.05541e+06		1.10248		291.291			00:00:24:350		1.24445e+07		-3.64873		5.53478		30.4909		7.12886e+06		18.9226		
00:00:24:199		7.12789e+06		129.678		83.1843		3.03534e+06		1.09638		291.315			00:00:24:199		1.24633e+07		-3.62643		5.52895		39.3217		7.12806e+06		0		
00:00:24:199		7.12789e+06		129.678		83.1843		3.03534e+06		1.09638		291.315			00:00:24:199		1.24633e+07		-3.62643		5.52895		39.3217		7.12806e+06		0		
00:00:24:050		7.1273e+06		129.678		83.1843		3.03534e+06		1.09638		291.34			00:00:24:050		1.24822e+07		-3.60407		5.52369		46.3992		7.12729e+06		0		
00:00:23:949		7.12688e+06		129.457		82.8191		3.01516e+06		1.09027		291.356			00:00:23:949		1.24948e+07		-3.58914		5.52786		47.7669		7.12689e+06		0		
00:00:23:899		7.12668e+06		129.457		82.8191		3.01516e+06		1.09027		291.365			00:00:23:899		1.25011e+07		-3.58166		5.53408		47.9756		7.12672e+06		2.30607		
00:00:23:750		7.12606e+06		129.236		82.8191		3.01516e+06		1.09027		291.39			00:00:23:750		1.25201e+07		-3.55921		5.54016		48.1457		7.12627e+06		12.0289		
00:00:23:649		7.12564e+06		129.236		82.4474		2.99495e+06		1.08416		291.406			00:00:23:649		1.25327e+07		-3.54421		5.52965		48.334		7.12589e+06		11.2732		
00:00:23:550		7.12524e+06		129.236		82.4474		2.99495e+06		1.08416		291.423			00:00:23:550		1.25454e+07		-3.52919		5.51709		48.5404		7.12544e+06		3.08452		
00:00:23:449		7.12481e+06		129.014		82.0695		2.9746e+06		1.07804		291.439			00:00:23:449		1.25581e+07		-3.51414		5.50949		48.6714		7.12494e+06		0		
00:00:23:350		7.12441e+06		129.014		82.0695		2.9746e+06		1.07804		291.455			00:00:23:350		1.25708e+07		-3.49906		5.50849		48.802		7.12451e+06		1.114		
00:00:23:149		7.12368e+06		128.791		81.6856		2.95398e+06		1.07191		291.488			00:00:23:149		1.25961e+07		-3.46883		5.49826		49.1549		7.12383e+06		9.02099		
00:00:23:149		7.12368e+06		128.791		81.6856		2.95398e+06		1.07191		291.488			00:00:23:149		1.25961e+07		-3.46883		5.49826		49.1549		7.12383e+06		9.02099		
00:00:23:050		7.12332e+06		128.791		81.6856		2.95398e+06		1.07191		291.504			00:00:23:050		1.26088e+07		-3.45366		5.48238		49.3397		7.12349e+06		8.8638		
00:00:22:949		7.12296e+06		128.568		81.2961		2.93307e+06		1.06578		291.52			00:00:22:949		1.26215e+07		-3.43847		5.47008		49.487		7.12314e+06		8.73087		
00:00:22:850		7.12263e+06		128.568		81.2961		2.93307e+06		1.06578		291.536			00:00:22:850		1.26341e+07		-3.42324		5.46857		49.6707		7.12279e+06		8.43103		
00:00:22:750		7.12229e+06		128.345		81.2961		2.93307e+06		1.06578		291.552			00:00:22:750		1.26468e+07		-3.40799		5.47216		49.872		7.12246e+06		8.92668		
00:00:22:649		7.12198e+06		128.345		80.9013		2.91194e+06		1.05964		291.568			00:00:22:649		1.26595e+07		-3.39271		5.4674		50.0543		7.12215e+06		10.3558		
00:00:22:550		7.12168e+06		128.345		80.9013		2.91194e+06		1.05964		291.584			00:00:22:550		1.26721e+07		-3.37742		5.44941		50.236		7.12186e+06		10.9374		
00:00:22:449		7.1214e+06		128.121		80.5017		2.89063e+06		1.05349		291.601			00:00:22:449		1.26848e+07		-3.36211		5.42992		50.4172		7.12158e+06		11.6726		
00:00:22:350		7.12112e+06		128.121		80.5017		2.89063e+06		1.05349		291.618			00:00:22:350		1.26974e+07		-3.34679		5.42465		50.6157		7.1213e+06		12.1769		
00:00:22:149		7.1206e+06		127.897		80.0976		2.86908e+06		1.04733		291.654			00:00:22:149		1.27227e+07		-3.31608		5.43656		50.9927		7.12079e+06		13.4069		
00:00:22:149		7.1206e+06		127.897		80.0976		2.86908e+06		1.04733		291.654			00:00:22:149		1.27227e+07		-3.31608		5.43656		50.9927		7.12079e+06		13.4069		
00:00:22:050		7.12035e+06		127.897		80.0976		2.86908e+06		1.04733		291.672			00:00:22:050		1.27353e+07		-3.30069		5.42042		51.207		7.12055e+06		13.9902		
00:00:21:949		7.12012e+06		127.672		79.6897		2.84726e+06		1.04117		291.691			00:00:21:949		1.2748e+07		-3.28528		5.3924		51.3672		7.12032e+06		14.6136		
00:00:21:850		7.11979e+06		127.672		79.6897		2.84726e+06		1.04117		291.719			00:00:21:850		1.27671e+07		-3.26213		5.37882		51.7038		7.12001e+06		16.2347		
00:00:21:699		7.11959e+06		127.447		79.2787		2.8251e+06		1.035		291.739			00:00:21:699		1.27798e+07		-3.24667		5.39687		51.8978		7.11983e+06		17.3987		
00:00:21:600		7.11939e+06		127.447		79.2787		2.8251e+06		1.035		291.758			00:00:21:600		1.27926e+07		-3.23121		5.40346		52.091		7.11965e+06		18.1037		
00:00:21:500		7.11921e+06		127.222		79.2787		2.8251e+06		1.035		291.778			00:00:21:500		1.28053e+07		-3.21575		5.37958		52.3011		7.11947e+06		18.5278		
00:00:21:399		7.11904e+06		127.222		78.8655		2.80266e+06		1.02883		291.799			00:00:21:399		1.28179e+07		-3.20024		5.34063		52.5279		7.11931e+06		19.0689		
00:00:21:300		7.11887e+06		127.222		78.8655		2.80266e+06		1.02883		291.82			00:00:21:300		1.28306e+07		-3.18472		5.32452		52.7364		7.11915e+06		19.6362		
00:00:21:100		7.11857e+06		126.996		78.451		2.77998e+06		1.02265		291.863			00:00:21:100		1.2856e+07		-3.15358		5.37357		53.1854		7.11887e+06		21.27		
00:00:21:100		7.11857e+06		126.996		78.451		2.77998e+06		1.02265		291.863			00:00:21:100		1.2856e+07		-3.15358		5.37357		53.1854		7.11887e+06		21.27		
00:00:21:000		7.11844e+06		126.77		78.451		2.77998e+06		1.02265		291.885			00:00:21:000		1.28687e+07		-3.13797		5.36104		53.4087		7.11876e+06		22.2191		
00:00:20:949		7.11838e+06		126.77		78.0364		2.75696e+06		1.01647		291.896			00:00:20:949		1.2875e+07		-3.13017		5.33569		53.5114		7.11871e+06		22.6246		
00:00:20:850		7.11821e+06		126.77		78.0364		2.75696e+06		1.01647		291.93			00:00:20:850		1.2894e+07		-3.10672		5.26708		53.8866		7.11856e+06		23.5865		
00:00:20:699		7.11812e+06		126.543		77.6226		2.73365e+06		1.01029		291.954			00:00:20:699		1.29067e+07		-3.09106		5.28465		54.1748		7.11847e+06		24.0037		
00:00:20:600		7.11804e+06		126.543		77.6226		2.73365e+06		1.01029		291.977			00:00:20:600		1.29194e+07		-3.07536		5.33393		54.5289		7.11839e+06		24.4231		
00:00:20:500		7.11797e+06		126.315		77.6226		2.73365e+06		1.01029		292.002			00:00:20:500		1.29322e+07		-3.05964		5.34744		54.9976		7.11834e+06		25.3289		
00:00:20:399		7.11792e+06		126.315		77.2111		2.71009e+06		1.0041		292.026			00:00:20:399		1.2945e+07		-3.04389		5.27524		55.8092		7.1183e+06		26.3235		
00:00:20:300		7.11789e+06		126.315		77.2111		2.71009e+06		1.0041		292.051			00:00:20:300		1.29577e+07		-3.02812		5.18001		57.1753		7.11829e+06		27.4216		
00:00:20:199		7.11787e+06		126.086		76.803		2.68601e+06		0.997897		292.076			00:00:20:199		1.29705e+07		-3.01232		5.07582		59.0444		7.11829e+06		28.575		
00:00:20:100		7.11787e+06		126.086		76.803		2.68601e+06		0.997897		292.102			00:00:20:100		1.29832e+07		-2.99649		4.9655		60.8747		7.11832e+06		29.7047		
00:00:20:000		7.11789e+06		125.856		76.803		2.68601e+06		0.997897		292.128			00:00:20:000		1.2996e+07		-2.98062		4.86076		62.7137		7.11837e+06		30.853		
00:00:19:899		7.11792e+06		125.856		76.3999		2.66144e+06		0.991693		292.155			00:00:19:899		1.30088e+07		-2.96472		4.76848		64.5321		7.11843e+06		31.9632		
00:00:19:800		7.11797e+06		125.856		76.3999		2.66144e+06		0.991693		292.182			00:00:19:800		1.30216e+07		-2.9488		4.67961		66.3174		7.11851e+06		33.0114		
00:00:19:699		7.11804e+06		125.626		76.0031		2.63656e+06		0.985483		292.209			00:00:19:699		1.30344e+07		-2.93286		4.58154		68.0993		7.1186e+06		33.8909		
00:00:19:600		7.11812e+06		125.626		76.0031		2.63656e+06		0.985483		292.237			00:00:19:600		1.30473e+07		-2.9169		4.46851		69.8649		7.11871e+06		34.7983		
00:00:19:600		7.11812e+06		125.626		76.0031		2.63656e+06		0.985483		292.237			00:00:19:600		1.30473e+07		-2.9169		4.46851		69.8649		7.11871e+06		34.7983		
00:00:19:500		7.11822e+06		125.394		76.0031		2.63656e+06		0.985483		292.266			00:00:19:500		1.30601e+07		-2.90091		4.35685		71.6152		7.11883e+06		35.55		
00:00:19:399		7.11834e+06		125.394		75.6135		2.61127e+06		0.979266		292.294			00:00:19:399		1.30729e+07		-2.88493		4.26269		73.3641		7.11896e+06		36.4121		
00:00:19:199		7.11861e+06		125.16		75.2317		2.5854e+06		0.973044		292.353			00:00:19:199		1.30985e+07		-2.85288		4.09598		76.7846		7.11929e+06		38.5381		
00:00:19:199		7.11861e+06		125.16		75.2317		2.5854e+06		0.973044		292.353			00:00:19:199		1.30985e+07		-2.85288		4.09598		76.7846		7.11929e+06		38.5381		
00:00:19:100		7.11878e+06		125.16		75.2317		2.5854e+06		0.973044		292.384			00:00:19:100		1.31113e+07		-2.83682		3.98475		78.4834		7.11949e+06		39.6976		
00:00:18:949		7.11904e+06		124.924		74.8582		2.55895e+06		0.966815		292.43			00:00:18:949		1.31305e+07		-2.81268		3.80901		80.9967		7.11982e+06		41.3003		
00:00:18:899		7.11915e+06		124.924		74.8582		2.55895e+06		0.966815		292.446			00:00:18:899		1.31369e+07		-2.80461		3.76196		81.8143		7.11994e+06		41.9141		
00:00:18:800		7.11936e+06		124.924		74.8582		2.55895e+06		0.966815		292.478			00:00:18:800		1.31497e+07		-2.78847		3.69164		83.4828		7.12018e+06		42.9248		
00:00:18:699		7.11957e+06		124.687		74.4922		2.53198e+06		0.960581		292.511			00:00:18:699		1.31625e+07		-2.77229		3.62153		85.12		7.12044e+06		43.8414		
00:00:18:550		7.11994e+06		124.687		74.4922		2.53198e+06		0.960581		292.562			00:00:18:550		1.31817e+07		-2.74796		3.45351		87.58		7.12085e+06		45.0937		
00:00:18:449		7.1202e+06		124.448		74.1304		2.50441e+06		0.95434		292.596			00:00:18:449		1.31945e+07		-2.7317		3.32305		89.2085		7.12115e+06		46.058		
00:00:18:350		7.12047e+06		124.448		74.1304		2.50441e+06		0.95434		292.631			00:00:18:350		1.32073e+07		-2.71542		3.22808		90.809		7.12145e+06		46.8431		
00:00:18:149		7.12106e+06		124.206		73.7602		2.47621e+06		0.948095		292.704			00:00:18:149		1.32328e+07		-2.68277		3.12917		94.0419		7.12211e+06		48.6963		
00:00:18:149		7.12106e+06		124.206		73.7602		2.47621e+06		0.948095		292.704			00:00:18:149		1.32328e+07		-2.68277		3.12917		94.0419		7.12211e+06		48.6963		
00:00:18:000		7.12154e+06		123.962		73.7602		2.47621e+06		0.948095		292.76			00:00:18:000		1.3252e+07		-2.65823		2.93199		96.4301		7.12264e+06		50.137		
00:00:18:000		7.12154e+06		123.962		73.7602		2.47621e+06		0.948095		292.76			00:00:18:000		1.3252e+07		-2.65823		2.93199		96.4301		7.12264e+06		50.137		
00:00:17:899		7.12187e+06		123.962		73.3816		2.44735e+06		0.941843		292.799			00:00:17:899		1.32649e+07		-2.64187		2.78541		98.0233		7.12302e+06		51.2916		
00:00:17:800		7.12223e+06		123.962		73.3816		2.44735e+06		0.941843		292.838			00:00:17:800		1.32777e+07		-2.62549		2.71762		99.6109		7.12341e+06		52.3158		
00:00:17:649		7.12277e+06		123.714		72.9944		2.41772e+06		0.935587		292.898			00:00:17:649		1.32971e+07		-2.60089		2.72397		102.013		7.12403e+06		53.7027		
00:00:17:550		7.12314e+06		123.714		72.9944		2.41772e+06		0.935587		292.939			00:00:17:550		1.33099e+07		-2.58445		2.72818		103.596		7.12444e+06		54.5146		
00:00:17:449		7.12353e+06		123.463		72.5983		2.38727e+06		0.929325		292.981			00:00:17:449		1.33228e+07		-2.56798		2.73241		105.202		7.12487e+06		55.3096		
00:00:17:350		7.12392e+06		123.463		72.5983		2.38727e+06		0.929325		293.024			00:00:17:350		1.33357e+07		-2.55148		2.73668		106.802		7.1253e+06		56.0631		
00:00:17:149		7.12474e+06		123.208		72.1935		2.35593e+06		0.923057		293.112			00:00:17:149		1.33614e+07		-2.51836		2.74522		110.021		7.12621e+06		57.8796		
00:00:17:149		7.12474e+06		123.208		72.1935		2.35593e+06		0.923057		293.112			00:00:17:149		1.33614e+07		-2.51836		2.74522		110.021		7.12621e+06		57.8796		
00:00:17:050		7.12518e+06		123.208		72.1935		2.35593e+06		0.923057		293.157			00:00:17:050		1.33742e+07		-2.50175		2.7495		111.639		7.1267e+06		58.9105		
00:00:16:949		7.12563e+06		122.949		71.7794		2.32358e+06		0.916785		293.203			00:00:16:949		1.33871e+07		-2.48511		2.7539		113.261		7.1272e+06		60.1329		
00:00:16:850		7.12611e+06		122.949		71.7794		2.32358e+06		0.916785		293.25			00:00:16:850		1.33999e+07		-2.46844		2.75822		114.909		7.12773e+06		61.1663		
00:00:16:750		7.12658e+06		122.686		71.7794		2.32358e+06		0.916785		293.297			00:00:16:750		1.34127e+07		-2.45173		2.76262		116.568		7.12827e+06		62.5535		
00:00:16:649		7.12706e+06		122.686		71.3557		2.29033e+06		0.910508		293.345			00:00:16:649		1.34255e+07		-2.43501		2.76701		118.22		7.12883e+06		63.8667		
00:00:16:550		7.12757e+06		122.686		71.3557		2.29033e+06		0.910508		293.394			00:00:16:550		1.34383e+07		-2.41827		2.77142		119.882		7.12941e+06		65.0266		
00:00:16:449		7.12807e+06		122.418		70.9219		2.25616e+06		0.904225		293.443			00:00:16:449		1.3451e+07		-2.40152		2.7759		121.577		7.13e+06		66.2015		
00:00:16:350		7.12863e+06		122.418		70.9219		2.25616e+06		0.904225		293.493			00:00:16:350		1.34637e+07		-2.38474		2.78038		123.319		7.13061e+06		67.3875		
00:00:16:149		7.12979e+06		122.145		70.4774		2.22083e+06		0.897938		293.595			00:00:16:149		1.3489e+07		-2.35108		2.78944		126.778		7.13186e+06		68.8347		
00:00:16:149		7.12979e+06		122.145		70.4774		2.22083e+06		0.897938		293.595			00:00:16:149		1.3489e+07		-2.35108		2.78944		126.778		7.13186e+06		68.8347		
00:00:16:050		7.13039e+06		122.145		70.4774		2.22083e+06		0.897938		293.647			00:00:16:050		1.35017e+07		-2.3342		2.79407		128.533		7.13251e+06		69.4539		
00:00:15:949		7.13103e+06		121.866		70.0219		2.18442e+06		0.891645		293.699			00:00:15:949		1.35144e+07		-2.31728		2.79859		130.338		7.13319e+06		70.8629		
00:00:15:849		7.13165e+06		121.866		70.0219		2.18442e+06		0.891645		293.752			00:00:15:849		1.35271e+07		-2.30032		2.8033		132.206		7.13391e+06		72.7314		
00:00:15:750		7.1323e+06		121.581		70.0219		2.18442e+06		0.891645		293.805			00:00:15:750		1.35399e+07		-2.28334		2.80793		134.049		7.13468e+06		74.9291		
00:00:15:599		7.13332e+06		121.581		69.555		2.14687e+06		0.885346		293.886			00:00:15:599		1.3559e+07		-2.2578		2.81495		136.785		7.13592e+06		77.9437		
00:00:15:500		7.13407e+06		121.288		69.555		2.14687e+06		0.885346		293.941			00:00:15:500		1.35717e+07		-2.24073		2.81965		138.72		7.1368e+06		80.1204		
00:00:15:449		7.13444e+06		121.288		69.0765		2.10796e+06		0.87904		293.968			00:00:15:449		1.35781e+07		-2.23218		2.82197		139.722		7.13725e+06		81.2664		
00:00:15:349		7.13565e+06		121.288		69.0765		2.10796e+06		0.87904		294.05			00:00:15:349		1.35972e+07		-2.2065		2.82909		142.809		7.13869e+06		84.4838		
00:00:15:199		7.13651e+06		120.989		68.5862		2.06773e+06		0.872728		294.105			00:00:15:199		1.36099e+07		-2.18934		2.834		144.804		7.13971e+06		86.864		
00:00:15:099		7.13742e+06		120.989		68.5862		2.06773e+06		0.872728		294.16			00:00:15:099		1.36227e+07		-2.17218		2.83884		146.819		7.14076e+06		88.6962		
00:00:15:000		7.13832e+06		120.683		68.5862		2.06773e+06		0.872728		294.215			00:00:15:000		1.36354e+07		-2.15499		2.84368		149.013		7.14184e+06		90.372		
00:00:14:900		7.13932e+06		120.683		68.0842		2.02617e+06		0.866407		294.271			00:00:14:900		1.36481e+07		-2.13776		2.84849		151.448		7.14297e+06		92.4214		
00:00:14:800		7.14032e+06		120.683		68.0842		2.02617e+06		0.866407		294.326			00:00:14:800		1.36608e+07		-2.12051		2.85332		153.976		7.14413e+06		94.3971		
00:00:14:699		7.14134e+06		120.368		67.5706		1.98308e+06		0.860077		294.382			00:00:14:699		1.36736e+07		-2.10324		2.85823		156.495		7.14533e+06		96.2338		
00:00:14:599		7.14246e+06		120.368		67.5706		1.98308e+06		0.860077		294.437			00:00:14:599		1.36863e+07		-2.08595		2.86315		159.282		7.14657e+06		98.0527		
00:00:14:500		7.14355e+06		120.044		67.5706		1.98308e+06		0.860077		294.491			00:00:14:500		1.3699e+07		-2.06866		2.86804		162.974		7.14785e+06		100.114		
00:00:14:400		7.14468e+06		120.044		67.046		1.93838e+06		0.853736		294.546			00:00:14:400		1.37117e+07		-2.05141		2.87298		168.493		7.14916e+06		101.922		
00:00:14:300		7.14582e+06		120.044		67.046		1.93838e+06		0.853736		294.6			00:00:14:300		1.37244e+07		-2.0342		2.87793		177.443		7.15049e+06		103.934		
00:00:14:099		7.14813e+06		119.712		66.5109		1.89213e+06		0.847382		294.706			00:00:14:099		1.37497e+07		-1.99993		2.88795		224.332		7.1532e+06		107.718		
00:00:14:099		7.14813e+06		119.712		66.5109		1.89213e+06		0.847382		294.706			00:00:14:099		1.37497e+07		-1.99993		2.88795		224.332		7.1532e+06		107.718		
00:00:14:000		7.14919e+06		119.371		66.5109		1.89213e+06		0.847382		294.759			00:00:14:000		1.37624e+07		-1.98291		2.89291		267.271		7.15452e+06		109.284		
00:00:13:900		7.15032e+06		119.371		65.9659		1.84434e+06		0.841014		294.81			00:00:13:900		1.3775e+07		-1.96599		2.89788		310.99		7.15579e+06		110.554		
00:00:13:800		7.1514e+06		119.371		65.9659		1.84434e+06		0.841014		294.861			00:00:13:800		1.37878e+07		-1.94918		2.90292		350.96		7.15703e+06		112.002		
00:00:13:699		7.15242e+06		119.02		65.4114		1.795e+06		0.83463		294.911			00:00:13:699		1.38005e+07		-1.93247		2.90795		385.528		7.15823e+06		113.15		
00:00:13:599		7.15349e+06		119.02		65.4114		1.795e+06		0.83463		294.96			00:00:13:599		1.38132e+07		-1.91586		2.91311		414.452		7.15941e+06		114.189		
00:00:13:500		7.15456e+06		118.659		65.4114		1.795e+06		0.83463		295.008			00:00:13:500		1.3826e+07		-1.89937		2.91818		438.125		7.16057e+06		115.041		
00:00:13:400		7.15456e+06		118.659		65.4114		1.795e+06		0.83463		295.008			00:00:13:400		1.3826e+07		-1.89937		2.91818		438.125		7.16057e+06		115.041		
00:00:13:199		7.15784e+06		118.289		64.2761		1.69166e+06		0.821809		295.143			00:00:13:199		1.38643e+07		-1.85067		2.93359		480.791		7.16407e+06		117.386		
00:00:13:199		7.15784e+06		118.289		64.2761		1.69166e+06		0.821809		295.143			00:00:13:199		1.38643e+07		-1.85067		2.93359		480.791		7.16407e+06		117.386		
00:00:13:099		7.15896e+06		118.289		64.2761		1.69166e+06		0.821809		295.186			00:00:13:099		1.38771e+07		-1.83472		2.93885		483.75		7.16527e+06		118.314		
00:00:13:000		7.1601e+06		117.91		64.2761		1.69166e+06		0.821809		295.228			00:00:13:000		1.389e+07		-1.81893		2.94398		484.352		7.16651e+06		119.333		
00:00:12:900		7.16125e+06		117.91		63.6966		1.63779e+06		0.81537		295.269			00:00:12:900		1.39029e+07		-1.80331		2.94918		484.907		7.16776e+06		120.346		
00:00:12:800		7.16238e+06		117.91		63.6966		1.63779e+06		0.81537		295.309			00:00:12:800		1.39158e+07		-1.78783		2.95429		485.458		7.16902e+06		121.371		
00:00:12:699		7.16238e+06		117.91		63.6966		1.63779e+06		0.81537		295.309			00:00:12:699		1.39158e+07		-1.78783		2.95429		485.458		7.16902e+06		121.371		
00:00:12:599		7.16469e+06		117.523		63.1094		1.58244e+06		0.808911		295.386			00:00:12:599		1.39419e+07		-1.75719		2.96428		486.525		7.17156e+06		123.408		
00:00:12:599		7.16469e+06		117.523		63.1094		1.58244e+06		0.808911		295.386			00:00:12:599		1.39419e+07		-1.75719		2.96428		486.525		7.17156e+06		123.408		
00:00:12:500		7.16586e+06		117.128		63.1094		1.58244e+06		0.808911		295.423			00:00:12:500		1.3955e+07		-1.742		2.96956		487.05		7.17285e+06		124.416		
00:00:12:400		7.16707e+06		117.128		62.5144		1.52541e+06		0.80243		295.46			00:00:12:400		1.39683e+07		-1.72684		2.97518		487.566		7.17417e+06		125.582		
00:00:12:099		7.17062e+06		116.725		61.9118		1.46658e+06		0.795928		295.567			00:00:12:099		1.40091e+07		-1.68132		2.99032		489.055		7.17813e+06		129.059		
00:00:12:099		7.17062e+06		116.725		61.9118		1.46658e+06		0.795928		295.567			00:00:12:099		1.40091e+07		-1.68132		2.99032		489.055		7.17813e+06		129.059		
00:00:12:099		7.17062e+06		116.725		61.9118		1.46658e+06		0.795928		295.567			00:00:12:099		1.40091e+07		-1.68132		2.99032		489.055		7.17813e+06		129.059		
00:00:12:000		7.17183e+06		116.315		61.9118		1.46658e+06		0.795928		295.603			00:00:12:000		1.40231e+07		-1.66604		2.99538		489.531		7.17947e+06		130.386		
00:00:11:849		7.17355e+06		116.315		61.3021		1.40604e+06		0.789401		295.656			00:00:11:849		1.40447e+07		-1.64292		3.00325		490.214		7.18149e+06		132.576		
00:00:11:750		7.17475e+06		115.897		61.3021		1.40604e+06		0.789401		295.692			00:00:11:750		1.40597e+07		-1.62737		3.00852		490.653		7.18285e+06		134.169		
00:00:11:650		7.17594e+06		115.897		60.6856		1.34364e+06		0.782849		295.728			00:00:11:650		1.40751e+07		-1.61168		3.0139		491.074		7.18423e+06		135.962		
00:00:11:599		7.1765e+06		115.897		60.6856		1.34364e+06		0.782849		295.747			00:00:11:599		1.4083e+07		-1.60378		3.01602		491.282		7.18493e+06		136.777		
00:00:11:449		7.1783e+06		115.469		60.062		1.27932e+06		0.77627		295.803			00:00:11:449		1.4107e+07		-1.57996		3.02344		491.873		7.18708e+06		139.901		
00:00:11:250		7.18063e+06		115.033		60.062		1.27932e+06		0.77627		295.88			00:00:11:250		1.41388e+07		-1.54782		3.03392		492.606		7.19e+06		144.282		
00:00:11:250		7.18063e+06		115.033		60.062		1.27932e+06		0.77627		295.88			00:00:11:250		1.41388e+07		-1.54782		3.03392		492.606		7.19e+06		144.282		
00:00:11:150		7.18181e+06		115.033		59.4315		1.21312e+06		0.76966		295.919			00:00:11:150		1.41544e+07		-1.53152		3.03895		492.947		7.19148e+06		146.704		
00:00:11:050		7.18298e+06		115.033		59.4315		1.21312e+06		0.76966		295.959			00:00:11:050		1.41695e+07		-1.51501		3.04375		493.271		7.19297e+06		149.055		
00:00:10:949		7.18411e+06		114.587		58.7941		1.14492e+06		0.763015		296			00:00:10:949		1.41839e+07		-1.49824		3.04852		493.577		7.19448e+06		151.614		
00:00:10:849		7.18528e+06		114.587		58.7941		1.14492e+06		0.763015		296.044			00:00:10:849		1.41972e+07		-1.48125		3.05373		493.861		7.19601e+06		154.097		
00:00:10:750		7.18645e+06		114.131		58.7941		1.14492e+06		0.763015		296.09			00:00:10:750		1.421e+07		-1.4642		3.05943		494.13		7.19755e+06		156.811		
00:00:10:650		7.18759e+06		114.131		58.1504		1.07459e+06		0.756333		296.138			00:00:10:650		1.42228e+07		-1.44712		3.06438		494.384		7.1991e+06		159.528		
00:00:10:550		7.18878e+06		114.131		58.1504		1.07459e+06		0.756333		296.189			00:00:10:550		1.42355e+07		-1.43001		3.06868		494.617		7.20066e+06		161.919		
00:00:10:449		7.18996e+06		113.666		57.5011		1.00202e+06		0.749609		296.241			00:00:10:449		1.42483e+07		-1.41287		3.07287		494.836		7.20222e+06		164.347		
00:00:10:349		7.19111e+06		113.666		57.5011		1.00202e+06		0.749609		296.297			00:00:10:349		1.42609e+07		-1.3957		3.07765		495.039		7.20375e+06		166.605		
00:00:10:250		7.19228e+06		113.19		57.5011		1.00202e+06		0.749609		296.354			00:00:10:250		1.42735e+07		-1.37849		3.08312		495.228		7.20527e+06		168.894		
00:00:10:150		7.1934e+06		113.19		56.8471		927313		0.742876		296.412			00:00:10:150		1.4286e+07		-1.36122		3.08879		495.403		7.20678e+06		171.142		
00:00:10:050		7.19453e+06		113.19		56.8471		927313		0.742876		296.471			00:00:10:050		1.42984e+07		-1.34388		3.09293		495.56		7.20826e+06		173.362		
00:00:09:949		7.19559e+06		112.702		56.1896		850830		0.736131		296.53			00:00:09:949		1.43106e+07		-1.32645		3.09668		495.7		7.20971e+06		175.474		
00:00:09:849		7.19664e+06		112.702		56.1896		850830		0.736131		296.591			00:00:09:849		1.43224e+07		-1.3089		3.10154		495.822		7.21112e+06		175.953		
00:00:09:750		7.19771e+06		112.202		56.1896		850830		0.736131		296.653			00:00:09:750		1.43338e+07		-1.29123		3.1076		495.924		7.21251e+06		179.304		
00:00:09:650		7.19871e+06		112.202		55.5298		773574		0.729372		296.719			00:00:09:650		1.43447e+07		-1.27355		3.1145		496.007		7.21385e+06		181.133		
00:00:09:550		7.1997e+06		112.202		55.5298		773574		0.729372		296.786			00:00:09:550		1.43559e+07		-1.25589		3.11888		496.066		7.21515e+06		183.044		
00:00:09:449		7.2006e+06		111.688		54.8684		699882		0.722604		296.852			00:00:09:449		1.4367e+07		-1.23816		3.12667		496.103		7.21642e+06		184.911		
00:00:09:349		7.20148e+06		111.688		54.8684		699882		0.722604		296.916			00:00:09:349		1.43781e+07		-1.22041		3.16777		496.117		7.21765e+06		186.989		
00:00:09:250		7.20229e+06		111.158		54.8684		699882		0.722604		297.023			00:00:09:250		1.43892e+07		-1.20272		3.26551		496.113		7.21883e+06		189.131		
00:00:09:150		7.20332e+06		111.158		54.2069		644719		0.703973		297.091			00:00:09:150		1.44059e+07		-1.17604		3.15136		496.069		7.22051e+06		192.383		
00:00:09:000		7.20393e+06		110.596		54.2069		644719		0.703973		297.171			00:00:09:000		1.44171e+07		-1.15823		3.15644		496.026		7.22156e+06		194.687		
00:00:08:900		7.20444e+06		110.596		53.5459		604211		0.685268		297.254			00:00:08:900		1.4428e+07		-1.14037		3.16114		495.973		7.22254e+06		197.102		
00:00:08:800		7.20489e+06		110.596		53.5459		604211		0.685268		297.338			00:00:08:800		1.44389e+07		-1.12257		3.16615		495.916		7.22346e+06		199.46		
00:00:08:699		7.20525e+06		109.971		52.8813		562991		0.666487		297.426			00:00:08:699		1.44501e+07		-1.10465		3.17101		495.867		7.22429e+06		201.693		
00:00:08:599		7.20551e+06		109.971		52.8813		562991		0.666487		297.517			00:00:08:599		1.4461e+07		-1.08672		3.17637		495.832		7.22501e+06		203.901		
00:00:08:500		7.20566e+06		109.747		52.8813		562991		0.666487		297.611			00:00:08:500		1.44714e+07		-1.06873		3.18192		495.816		7.22562e+06		205.973		
00:00:08:400		7.20573e+06		109.747		52.2111		521939		0.647626		297.706			00:00:08:400		1.44821e+07		-1.05063		3.18594		495.826		7.22612e+06		207.873		
00:00:08:300		7.20573e+06		109.747		52.2111		521939		0.647626		297.802			00:00:08:300		1.44921e+07		-1.03241		3.19079		495.867		7.22651e+06		209.649		
00:00:08:199		7.20562e+06		109.513		51.5353		481240		0.628682		297.9			00:00:08:199		1.45014e+07		-1.01422		3.19579		495.946		7.22679e+06		211.303		
00:00:08:099		7.20543e+06		109.513		51.5353		481240		0.628682		297.998			00:00:08:099		1.45101e+07		-0.99578		3.2006		496.052		7.22695e+06		212.848		
00:00:08:000		7.20515e+06		109.268		51.5353		481240		0.628682		298.099			00:00:08:000		1.45179e+07		-0.977439		3.20509		496.191		7.22701e+06		214.225		
00:00:07:900		7.20478e+06		109.268		50.8554		440927		0.60965		298.199			00:00:07:900		1.45258e+07		-0.959247		3.20915		496.343		7.22694e+06		215.402		
00:00:07:799		7.20435e+06		109.268		50.8554		440927		0.60965		298.302			00:00:07:799		1.45338e+07		-0.941239		3.21364		496.504		7.22674e+06		216.208		
00:00:07:700		7.20385e+06		109.012		50.172		401122		0.590529		298.407			00:00:07:700		1.45422e+07		-0.923451		3.2193		496.665		7.22639e+06		216.456		
00:00:07:599		7.20328e+06		109.012		50.172		401122		0.590529		298.515			00:00:07:599		1.45512e+07		-0.905907		3.22461		496.804		7.22588e+06		216.304		
00:00:07:549		7.20295e+06		109.012		50.172		401122		0.590529		298.569			00:00:07:549		1.4556e+07		-0.897235		3.22691		496.867		7.22557e+06		216.366		
00:00:07:400		7.20162e+06		108.745		49.4865		362096		0.57131		298.739			00:00:07:400		1.45717e+07		-0.871584		3.2326		497.014		7.22446e+06		217.382		
00:00:07:299		7.2005e+06		108.745		49.4865		362096		0.57131		298.856			00:00:07:299		1.45834e+07		-0.854671		3.23614		497.083		7.22362e+06		218.926		
00:00:07:200		7.19923e+06		108.466		48.8016		323931		0.551988		298.976			00:00:07:200		1.45952e+07		-0.83779		3.2409		497.134		7.22275e+06		221.165		
00:00:07:099		7.19782e+06		108.466		48.8016		323931		0.551988		299.097			00:00:07:099		1.46068e+07		-0.820941		3.24562		497.183		7.22193e+06		224.643		
00:00:07:000		7.19627e+06		108.176		48.8016		323931		0.551988		299.22			00:00:07:000		1.46184e+07		-0.804115		3.25012		497.232		7.22126e+06		229.165		
00:00:06:900		7.19452e+06		108.176		48.1195		286756		0.532561		299.344			00:00:06:900		1.463e+07		-0.78731		3.25328		497.31		7.2206e+06		233.518		
00:00:06:799		7.19253e+06		108.176		48.1195		286756		0.532561		299.472			00:00:06:799		1.46415e+07		-0.770537		3.25634		497.428		7.21964e+06		237.418		
00:00:06:700		7.19033e+06		107.873		47.4419		250997		0.513024		299.603			00:00:06:700		1.46531e+07		-0.753796		3.26085		497.588		7.21838e+06		241.028		
00:00:06:599		7.18793e+06		107.873		47.4419		250997		0.513024		299.738			00:00:06:599		1.46645e+07		-0.737091		3.26621		497.796		7.2169e+06		244.805		
00:00:06:500		7.18534e+06		107.559		47.4419		250997		0.513024		299.878			00:00:06:500		1.46759e+07		-0.720423		3.26956		498.06		7.21526e+06		248.601		
00:00:06:400		7.18259e+06		107.559		46.7714		217039		0.493373		300.02			00:00:06:400		1.46873e+07		-0.703792		3.27195		498.385		7.21345e+06		252.124		
00:00:06:200		7.17686e+06		107.233		46.1111		185332		0.473607		300.309			00:00:06:200		1.47099e+07		-0.670668		3.27421		499.22		7.20929e+06		257.874		
00:00:06:099		7.17386e+06		107.233		46.1111		185332		0.473607		300.451			00:00:06:099		1.47212e+07		-0.654181		3.28069		499.722		7.20692e+06		260.099		
00:00:06:099		7.17386e+06		107.233		46.1111		185332		0.473607		300.451			00:00:06:099		1.47212e+07		-0.654181		3.28069		499.722		7.20692e+06		260.099		
00:00:06:000		7.17077e+06		106.895		46.1111		185332		0.473607		300.592			00:00:06:000		1.47324e+07		-0.637743		3.28566		500.285		7.20433e+06		261.351		
00:00:06:000		7.17077e+06		106.895		46.1111		185332		0.473607		300.592			00:00:06:000		1.47324e+07		-0.637743		3.28566		500.285		7.20433e+06		261.351		
00:00:05:900		7.16774e+06		106.895		45.4636		156316		0.453723		300.733			00:00:05:900		1.47436e+07		-0.621356		3.28786		500.893		7.20149e+06		261.084		
00:00:05:799		7.16472e+06		106.895		45.4636		156316		0.453723		300.88			00:00:05:799		1.47547e+07		-0.605026		3.28729		501.537		7.19839e+06		260.25		
00:00:05:700		7.16138e+06		106.546		44.8331		130320		0.433715		301.033			00:00:05:700		1.47658e+07		-0.588761		3.28945		502.203		7.19504e+06		259.678		
00:00:05:549		7.15612e+06		106.546		44.8331		130320		0.433715		301.272			00:00:05:549		1.47824e+07		-0.564497		3.3033		503.245		7.18973e+06		259.467		
00:00:05:450		7.15243e+06		106.187		44.2233		107866		0.413573		301.44			00:00:05:450		1.47934e+07		-0.548414		3.30991		503.953		7.18607e+06		259.634		
00:00:05:349		7.14859e+06		106.187		44.2233		107866		0.413573		301.615			00:00:05:349		1.48044e+07		-0.532405		3.30711		504.669		7.18238e+06		260.609		
00:00:05:049		7.1362e+06		105.819		43.6372		88681.9		0.393292		302.174			00:00:05:049		1.48371e+07		-0.484905		3.31416		506.913		7.17111e+06		264.91		
00:00:05:049		7.1362e+06		105.819		43.6372		88681.9		0.393292		302.174			00:00:05:049		1.48371e+07		-0.484905		3.31416		506.913		7.17111e+06		264.91		
00:00:05:049		7.1362e+06		105.819		43.6372		88681.9		0.393292		302.174			00:00:05:049		1.48371e+07		-0.484905		3.31416		506.913		7.17111e+06		264.91		
00:00:04:950		7.13166e+06		105.443		43.0767		72153		0.372863		302.371			00:00:04:950		1.48479e+07		-0.469263		3.32438		507.697		7.16709e+06		266.593		
00:00:04:750		7.12191e+06		105.086		43.0767		72153		0.372863		302.765			00:00:04:750		1.48695e+07		-0.438292		3.30701		509.346		7.15841e+06		269.435		
00:00:04:750		7.12191e+06		105.086		43.0767		72153		0.372863		302.765			00:00:04:750		1.48695e+07		-0.438292		3.30701		509.346		7.15841e+06		269.435		
00:00:04:650		7.11662e+06		105.086		42.5435		58211.4		0.352282		302.969			00:00:04:650		1.48803e+07		-0.422962		3.30287		510.217		7.15365e+06		270.688		
00:00:04:549		7.11125e+06		105.086		42.5435		58211.4		0.352282		303.181			00:00:04:549		1.48911e+07		-0.407731		3.32194		511.133		7.14863e+06		271.488		
00:00:04:450		7.1057e+06		104.717		42.0451		46597		0.33154		303.4			00:00:04:450		1.4902e+07		-0.392617		3.34467		512.117		7.14336e+06		272.488		
00:00:04:349		7.09995e+06		104.717		42.0451		46597		0.33154		303.624			00:00:04:349		1.49128e+07		-0.377627		3.34189		513.184		7.13785e+06		273.017		
00:00:04:150		7.08796e+06		104.342		41.5879		37031.3		0.310632		304.087			00:00:04:150		1.49346e+07		-0.348044		3.28752		515.69		7.12617e+06		273.074		
00:00:04:150		7.08796e+06		104.342		41.5879		37031.3		0.310632		304.087			00:00:04:150		1.49346e+07		-0.348044		3.28752		515.69		7.12617e+06		273.074		
00:00:04:049		7.08161e+06		104.342		41.5879		37031.3		0.310632		304.326			00:00:04:049		1.49456e+07		-0.333471		3.31176		517.18		7.12e+06		273.001		
00:00:03:950		7.07518e+06		103.962		41.1756		28967.4		0.289554		304.568			00:00:03:950		1.49567e+07		-0.319034		3.35669		518.854		7.11362e+06		272.98		
00:00:03:850		7.06875e+06		103.962		41.1756		28967.4		0.289554		304.809			00:00:03:850		1.49678e+07		-0.30471		3.3632		520.706		7.10709e+06		272.278		
00:00:03:750		7.06194e+06		103.578		41.1756		28967.4		0.289554		305.054			00:00:03:750		1.49792e+07		-0.29051		3.30166		522.714		7.10041e+06		272.399		
00:00:03:649		7.05495e+06		103.578		40.8063		21843.1		0.268305		305.299			00:00:03:649		1.49907e+07		-0.276437		3.24585		524.844		7.09356e+06		272.771		
00:00:03:500		7.0446e+06		103.22		40.8063		21843.1		0.268305		305.668			00:00:03:500		1.50084e+07		-0.255585		3.32143		528.142		7.08303e+06		271.266		
00:00:03:450		7.04126e+06		103.22		40.456		15561		0.246883		305.791			00:00:03:450		1.50144e+07		-0.248686		3.36541		529.23		7.07944e+06		269.731		
00:00:03:350		7.03525e+06		103.22		40.456		15561		0.246883		306.038			00:00:03:350		1.50267e+07		-0.234953		3.40715		531.331		7.07199e+06		260.467		
00:00:03:149		7.0227e+06		102.854		40.0977		10379.1		0.225289		306.528			00:00:03:149		1.50521e+07		-0.20751		3.17453		534.77		7.05524e+06		240.915		
00:00:03:149		7.0227e+06		102.854		40.0977		10379.1		0.225289		306.528			00:00:03:149		1.50521e+07		-0.20751		3.17453		534.77		7.05524e+06		240.915		
00:00:03:049		7.01574e+06		102.854		40.0977		10379.1		0.225289		306.769			00:00:03:049		1.50639e+07		-0.193472		3.19011		535.814		7.04608e+06		230.368		
00:00:02:950		7.00792e+06		102.481		39.7045		6361.7		0.203531		307.005			00:00:02:950		1.50734e+07		-0.179283		3.37226		536.229		7.03644e+06		220.544		
00:00:02:850		6.99977e+06		102.481		39.7045		6361.7		0.203531		307.237			00:00:02:850		1.5082e+07		-0.165177		3.55506		535.94		7.02643e+06		212.663		
00:00:02:750		6.99117e+06		102.097		39.7045		6361.7		0.203531		307.461			00:00:02:750		1.50904e+07		-0.15116		3.73805		534.948		7.01614e+06		203.193		
00:00:02:649		6.98269e+06		102.097		39.273		3372.82		0.181624		307.675			00:00:02:649		1.50987e+07		-0.13722		3.92063		533.453		7.00579e+06		193.39		
00:00:02:549		6.97475e+06		102.097		39.273		3372.82		0.181624		307.875			00:00:02:549		1.51069e+07		-0.123356		4.10334		531.913		6.99562e+06		183.242		
00:00:02:450		6.96658e+06		101.759		38.7753		1431.6		0.159589		308.063			00:00:02:450		1.51149e+07		-0.109557		4.28667		530.736		6.98596e+06		176.194		
00:00:02:299		6.95549e+06		101.759		38.7753		1431.6		0.159589		308.322			00:00:02:299		1.51269e+07		-0.0889764		4.55095		529.814		6.97382e+06		181.911		
00:00:02:200		6.94163e+06		101.416		38.2348		417.261		0.137442		308.485			00:00:02:200		1.51349e+07		-0.075335		4.6183		529.706		6.96842e+06		252.26		
00:00:02:100		6.9075e+06		101.416		38.2348		417.261		0.137442		308.64			00:00:02:100		1.5143e+07		-0.0617208		4.40265		529.846		6.96541e+06		403.346		
00:00:02:000		6.87319e+06		101.071		38.2348		417.261		0.137442		308.786			00:00:02:000		1.51514e+07		-0.0481153		4.18755		530.019		6.96389e+06		444.5		
00:00:01:899		6.8503e+06		101.071		37.7077		59.4577		0.115197		308.914			00:00:01:899		1.51603e+07		-0.0345197		3.9759		530.127		6.96339e+06		500.752		
00:00:01:800		6.83106e+06		101.071		37.7077		59.4577		0.115197		309.013			00:00:01:800		1.51696e+07		-0.020915		3.76982		530.182		6.96347e+06		534.585		
00:00:01:699		6.8197e+06		100.731		37.2488		0		0.0928421		309.07			00:00:01:699		1.51797e+07		-0.0072732		3.56925		530.212		6.96371e+06		544.38		
00:00:01:600		6.82379e+06		100.731		37.2488		0		0.0928421		309.087			00:00:01:600		1.51905e+07		0.00643826		3.37689		530.23		6.96385e+06		536.904		
00:00:01:500		6.82719e+06		100.402		37.2488		0		0.0928421		309.065			00:00:01:500		1.52024e+07		0.020268		3.23018		530.241		6.96394e+06		531.347		
00:00:01:399		6.82928e+06		100.402		36.9001		0		0.0703645		309.007			00:00:01:399		1.52153e+07		0.0342708		3.10866		530.245		6.96402e+06		528.823		
00:00:01:300		6.82964e+06		100.402		36.9001		0		0.0703645		308.923			00:00:01:300		1.52293e+07		0.0484853		3.05911		530.243		6.96412e+06		528.348		
00:00:01:199		6.83001e+06		100.139		36.6263		0		0.0477394		308.824			00:00:01:199		1.52447e+07		0.0629835		3.24412		530.234		6.96425e+06		527.933		
00:00:01:100		6.83034e+06		100.139		36.6263		0		0.0477394		308.73			00:00:01:100		1.52617e+07		0.0778561		3.43981		530.23		6.9644e+06		527.6		
00:00:01:100		6.83034e+06		100.139		36.6263		0		0.0477394		308.73			00:00:01:100		1.52617e+07		0.0778561		3.43981		530.23		6.9644e+06		527.6		
00:00:01:000		6.83062e+06		99.8664		36.6263		0		0.0477394		308.665			00:00:01:000		1.52809e+07		0.0931859		3.79537		530.221		6.96454e+06		527.318		
00:00:00:900		6.83084e+06		99.8664		36.3933		0		0.0243512		308.679			00:00:00:900		1.53024e+07		0.109096		4.06183		530.21		6.96465e+06		527.062		
00:00:00:800		6.831e+06		99.8664		36.3933		0		0.0243512		308.831			00:00:00:800		1.5328e+07		0.126095		4.07359		530.206		6.96471e+06		526.877		
00:00:00:699		6.8311e+06		99.5196		36.3831		0		0		309			00:00:00:699		1.53618e+07		0.143669		4.0317		530.206		6.96476e+06		526.79		
00:00:00:550		6.83117e+06		99.5196		36.3831		0		0		309.244			00:00:00:550		1.54259e+07		0.164183		3.97872		530.21		6.96482e+06		526.811		
00:00:00:450		6.83117e+06		100.069		36.3834		0		0		309.493			00:00:00:450		1.54643e+07		0.172154		3.62647		530.212		6.96485e+06		526.824		
00:00:00:349		6.83116e+06		100.069		36.3834		0		0		309.846			00:00:00:349		1.54786e+07		0.17284		2.83568		530.216		6.96485e+06		526.819		
00:00:00:200		6.83116e+06		100.069		36.3837		0		0		309.846			00:00:00:200		1.54785e+07		0.17284		2.83568		530.221		6.96484e+06		526.817		
00:00:00:100		6.83116e+06		100.069		36.3837		0		0		309.846			00:00:00:100		1.54785e+07		0.17284		2.83572		530.221		6.96484e+06		526.821		
00:00:00:100		6.83116e+06		100.069		36.3837		0		0		309.846			00:00:00:100		1.54785e+07		0.17284		2.83572		530.221		6.96484e+06		526.821		
00:00:00:000		6.83115e+06		100.069		36.3837		0		0		309.846			00:00:00:000		1.54785e+07		0.17284		2.83571		530.225		6.96483e+06		526.826		
00:00:00:000		6.83115e+06		100.069		36.3837		0		0		309.846			00:00:00:000		1.54785e+07		0.17284		2.83571		530.225		6.96483e+06		526.826		
00:00:00:000		6.83115e+06		100.069		36.3837		0		0		309.846			00:00:00:000		1.54785e+07		0.17284		2.83571		530.225		6.96483e+06		526.826		
00:00:00:000		6.83115e+06		100.069		36.3837		0		0		309.846			00:00:00:000		1.54785e+07		0.17284		2.83571		530.225		6.96483e+06		526.826		
00:00:00:000		6.83115e+06		100.069		36.3837		0		0		309.846			00:00:00:000		1.54785e+07		0.17284		2.83571		530.225		6.96483e+06		526.826		
00:00:00:000		6.83115e+06		100.069		36.3837		0		0		309.846			00:00:00:000		1.54785e+07		0.17284		2.83571		530.225		6.96483e+06		526.826		
