	time 		rcpppzr	rcp054rcp007mnzoyout	rcv501std0102fvol	fwfrcp001gv	rcppmssga	msfsg(1)			time 		gpv001pnt10113ppntm	evf507ety101mpzoyout	chtcon(1)	chavg(1)	chlhsumpa	rcptavgn	
00:01:00:600		7.75211e+06		-5.8541		0		0		7.20664e+06		-13.3641			00:01:00:600		7.20663e+06		163.459		105.326		5.31669e+06		2.01028		290.75		
00:01:00:600		7.75211e+06		-5.8541		0		0		7.20664e+06		-13.3641			00:01:00:600		7.20663e+06		163.459		105.326		5.31669e+06		2.01028		290.75		
00:01:00:500		7.76158e+06		-5.85397		0		0		7.20609e+06		-24.3135			00:01:00:500		7.20649e+06		163.201		105.326		5.31669e+06		2.01028		290.748		
00:01:00:399		7.77119e+06		-5.85383		0		0		7.20582e+06		-20.2201			00:01:00:399		7.20633e+06		163.201		105.24		5.30471e+06		2.00426		290.747		
00:01:00:200		7.79083e+06		-5.85348		0		0		7.2061e+06		16.1428			00:01:00:200		7.20597e+06		162.945		105.154		5.29269e+06		1.99824		290.745		
00:01:00:100		7.80087e+06		-5.85329		0		0		7.20622e+06		25.1069			00:01:00:100		7.20569e+06		162.945		105.154		5.29269e+06		1.99824		290.744		
00:01:00:000		7.81106e+06		-5.85308		0		0		7.20606e+06		18.024			00:01:00:000		7.20551e+06		162.691		105.154		5.29269e+06		1.99824		290.743		
00:00:59:950		7.81621e+06		-5.85297		0		0		7.20586e+06		12.6263			00:00:59:950		7.20549e+06		162.691		105.067		5.28068e+06		1.99221		290.742		
00:00:59:950		7.81621e+06		-5.85297		0		0		7.20586e+06		12.6263			00:00:59:950		7.20549e+06		162.691		105.067		5.28068e+06		1.99221		290.742		
00:00:59:850		7.82663e+06		-5.85274		0		0		7.20527e+06		-9.46692			00:00:59:850		7.20520e+06		162.691		105.067		5.28068e+06		1.99221		290.741		
00:00:59:649		7.8479e+06		-5.85224		0		0		7.20433e+06		-22.1519			00:00:59:649		7.20487e+06		162.438		104.98		5.2688e+06		1.98619		290.739		
00:00:59:649		7.8479e+06		-5.85224		0		0		7.20433e+06		-22.1519			00:00:59:649		7.20487e+06		162.438		104.98		5.2688e+06		1.98619		290.739		
00:00:59:450		7.86975e+06		-5.85171		0		0		7.20454e+06		14.6873			00:00:59:450		7.20447e+06		162.186		104.893		5.25693e+06		1.98016		290.736		
00:00:59:450		7.86975e+06		-5.85171		0		0		7.20454e+06		14.6873			00:00:59:450		7.20447e+06		162.186		104.893		5.25693e+06		1.98016		290.736		
00:00:59:299		7.88654e+06		-5.8513		0		0		7.20467e+06		24.7312			00:00:59:299		7.20402e+06		162.186		104.893		5.25693e+06		1.98016		290.735		
00:00:59:200		7.89793e+06		-5.85103		0		0		7.20439e+06		14.7955			00:00:59:200		7.20395e+06		161.934		104.805		5.24508e+06		1.97414		290.733		
00:00:59:100		7.90947e+06		-5.85077		0		0		7.20382e+06		-5.42436			00:00:59:100		7.2037e+06		161.934		104.805		5.24508e+06		1.97414		290.732		
00:00:59:000		7.92117e+06		-5.85051		0		0		7.20319e+06		-22.895			00:00:59:000		7.20343e+06		161.685		104.805		5.24508e+06		1.97414		290.731		
00:00:58:899		7.93302e+06		-5.85026		0		0		7.20278e+06		-23.6298			00:00:58:899		7.20334e+06		161.685		104.718		5.23319e+06		1.96811		290.729		
00:00:58:700		7.95717e+06		-5.84979		0		0		7.20292e+06		12.4956			00:00:58:700		7.2029e+06		161.436		104.629		5.22132e+06		1.96207		290.726		
00:00:58:600		7.96947e+06		-5.84957		0		0		7.2031e+06		23.9807			00:00:58:600		7.20268e+06		161.436		104.629		5.22132e+06		1.96207		290.725		
00:00:58:600		7.96947e+06		-5.84957		0		0		7.2031e+06		23.9807			00:00:58:600		7.20268e+06		161.436		104.629		5.22132e+06		1.96207		290.725		
00:00:58:500		7.98191e+06		-5.84937		0		0		7.20304e+06		22.03			00:00:58:500		7.20237e+06		161.188		104.629		5.22132e+06		1.96207		290.723		
00:00:58:399		7.9945e+06		-5.84918		0		0		7.20265e+06		10.93			00:00:58:399		7.20231e+06		161.188		104.541		5.20942e+06		1.95604		290.722		
00:00:58:299		8.00724e+06		-5.849		0		0		7.20201e+06		-15.0279			00:00:58:299		7.20199e+06		161.188		104.541		5.20942e+06		1.95604		290.72		
00:00:58:200		8.02012e+06		-5.84883		0		0		7.20142e+06		-25.1991			00:00:58:200		7.20183e+06		160.942		104.452		5.19762e+06		1.95		290.719		
00:00:58:100		8.03318e+06		-5.84864		0		0		7.20113e+06		-20.7702			00:00:58:100		7.20165e+06		160.942		104.452		5.19762e+06		1.95		290.717		
00:00:58:000		8.04637e+06		-5.84846		0		0		7.20118e+06		0			00:00:58:000		7.20129e+06		160.697		104.452		5.19762e+06		1.95		290.716		
00:00:57:899		8.05971e+06		-5.84827		0		0		7.20139e+06		17.1039			00:00:57:899		7.20125e+06		160.697		104.362		5.18583e+06		1.94397		290.714		
00:00:57:700		8.08677e+06		-5.84785		0		0		7.20132e+06		18.7447			00:00:57:700		7.20075e+06		160.451		104.273		5.17407e+06		1.93793		290.711		
00:00:57:600		8.1005e+06		-5.84761		0		0		7.20082e+06		4.4282			00:00:57:600		7.2006e+06		160.451		104.273		5.17407e+06		1.93793		290.709		
00:00:57:600		8.1005e+06		-5.84761		0		0		7.20082e+06		4.4282			00:00:57:600		7.2006e+06		160.451		104.273		5.17407e+06		1.93793		290.709		
00:00:57:500		8.11435e+06		-5.84733		0		0		7.20015e+06		-19.0948			00:00:57:500		7.20024e+06		160.207		104.273		5.17407e+06		1.93793		290.707		
00:00:57:350		8.13536e+06		-5.84686		0		0		7.19949e+06		-22.8649			00:00:57:350		7.20005e+06		160.207		104.182		5.16228e+06		1.93189		290.704		
00:00:57:299		8.14243e+06		-5.84668		0		0		7.19946e+06		-14.664			00:00:57:299		7.19987e+06		160.207		104.182		5.16228e+06		1.93189		290.703		
00:00:57:200		8.15664e+06		-5.84629		0		0		7.1996e+06		7.95901			00:00:57:200		7.19964e+06		159.964		104.092		5.15043e+06		1.92584		290.702		
00:00:57:100		8.17098e+06		-5.84585		0		0		7.19981e+06		21.8289			00:00:57:100		7.19951e+06		159.964		104.092		5.15043e+06		1.92584		290.7		
00:00:57:000		8.18543e+06		-5.84536		0		0		7.19984e+06		25.8933			00:00:57:000		7.19914e+06		159.721		104.092		5.15043e+06		1.92584		290.698		
00:00:56:899		8.19998e+06		-5.84481		0		0		7.19953e+06		15.4566			00:00:56:899		7.19907e+06		159.721		104		5.13853e+06		1.9198		290.696		
00:00:56:799		8.21465e+06		-5.84421		0		0		7.19893e+06		-5.89849			00:00:56:799		7.1988e+06		159.721		104		5.13853e+06		1.9198		290.694		
00:00:56:700		8.2294e+06		-5.84355		0		0		7.19826e+06		-24.1025			00:00:56:700		7.19852e+06		159.479		103.909		5.12656e+06		1.91375		290.692		
00:00:56:549		8.2517e+06		-5.84247		0		0		7.19777e+06		-18.2614			00:00:56:549		7.19826e+06		159.479		103.909		5.12656e+06		1.91375		290.689		
00:00:56:450		8.26669e+06		-5.8417		0		0		7.19788e+06		3.94873			00:00:56:450		7.19797e+06		159.238		103.817		5.11455e+06		1.90771		290.687		
00:00:56:350		8.28177e+06		-5.8409		0		0		7.1981e+06		20.0034			00:00:56:350		7.19789e+06		159.238		103.817		5.11455e+06		1.90771		290.685		
00:00:56:250		8.29696e+06		-5.84007		0		0		7.19819e+06		26.9899			00:00:56:250		7.19753e+06		158.998		103.817		5.11455e+06		1.90771		290.683		
00:00:56:149		8.31225e+06		-5.83925		0		0		7.19795e+06		17.8313			00:00:56:149		7.19742e+06		158.998		103.724		5.1025e+06		1.90166		290.68		
00:00:56:049		8.32763e+06		-5.83845		0		0		7.19739e+06		1.52591			00:00:56:049		7.19721e+06		158.998		103.724		5.1025e+06		1.90166		290.678		
00:00:55:950		8.34311e+06		-5.8377		0		0		7.1967e+06		-22.1678			00:00:55:950		7.19684e+06		158.758		103.63		5.09047e+06		1.89561		290.676		
00:00:55:850		8.35869e+06		-5.83703		0		0		7.19621e+06		-26.205			00:00:55:850		7.1968e+06		158.758		103.63		5.09047e+06		1.89561		290.674		
00:00:55:750		8.37438e+06		-5.83646		0		0		7.1961e+06		-11.5103			00:00:55:750		7.19646e+06		158.518		103.63		5.09047e+06		1.89561		290.671		
00:00:55:649		8.39022e+06		-5.836		0		0		7.19627e+06		10.2477			00:00:55:649		7.19628e+06		158.518		103.536		5.07843e+06		1.88956		290.669		
00:00:55:549		8.40615e+06		-5.83568		0		0		7.19646e+06		23.1781			00:00:55:549		7.19611e+06		158.518		103.536		5.07843e+06		1.88956		290.667		
00:00:55:450		8.42215e+06		-5.83549		0		0		7.19644e+06		24.7376			00:00:55:450		7.19574e+06		158.279		103.442		5.06633e+06		1.88351		290.664		
00:00:55:350		8.4382e+06		-5.83545		0		0		7.19608e+06		13.4811			00:00:55:350		7.19568e+06		158.279		103.442		5.06633e+06		1.88351		290.662		
00:00:55:250		8.4543e+06		-5.83553		0		0		7.19543e+06		-10.4795			00:00:55:250		7.19536e+06		158.04		103.442		5.06633e+06		1.88351		290.66		
00:00:55:250		8.4543e+06		-5.83553		0		0		7.19543e+06		-10.4795			00:00:55:250		7.19536e+06		158.04		103.442		5.06633e+06		1.88351		290.66		
00:00:55:149		8.47046e+06		-5.83572		0		0		7.19477e+06		-26.0688			00:00:55:149		7.19513e+06		158.04		103.347		5.05418e+06		1.87746		290.658		
00:00:55:049		8.48666e+06		-5.83595		0		0		7.1944e+06		-23.9676			00:00:55:049		7.19499e+06		158.04		103.347		5.05418e+06		1.87746		290.656		
00:00:54:950		8.5029e+06		-5.83623		0		0		7.1944e+06		-5.75652			00:00:54:950		7.19461e+06		157.801		103.251		5.04197e+06		1.8714		290.654		
00:00:54:799		8.52734e+06		-5.83671		0		0		7.19472e+06		22.0804			00:00:54:799		7.19443e+06		157.801		103.251		5.04197e+06		1.8714		290.65		
00:00:54:649		8.55184e+06		-5.83726		0		0		7.19464e+06		21.1589			00:00:54:649		7.19399e+06		157.562		103.154		5.02979e+06		1.86535		290.647		
00:00:54:649		8.55184e+06		-5.83726		0		0		7.19464e+06		21.1589			00:00:54:649		7.19399e+06		157.562		103.154		5.02979e+06		1.86535		290.647		
00:00:54:500		8.57641e+06		-5.838		0		0		7.19382e+06		-6.44424			00:00:54:500		7.1937e+06		157.324		103.154		5.02979e+06		1.86535		290.643		
00:00:54:450		8.58461e+06		-5.83829		0		0		7.19346e+06		-17.775			00:00:54:450		7.1935e+06		157.324		103.057		5.01752e+06		1.8593		290.642		
00:00:54:200		8.62563e+06		-5.83993		0		0		7.19267e+06		-8.55697			00:00:54:200		7.19296e+06		157.085		102.959		5.00515e+06		1.85324		290.636		
00:00:54:200		8.62563e+06		-5.83993		0		0		7.19267e+06		-8.55697			00:00:54:200		7.19296e+06		157.085		102.959		5.00515e+06		1.85324		290.636		
00:00:54:100		8.64203e+06		-5.84061		0		0		7.19288e+06		13.2071			00:00:54:100		7.19286e+06		157.085		102.959		5.00515e+06		1.85324		290.633		
00:00:54:000		8.6584e+06		-5.84126		0		0		7.19307e+06		25.6148			00:00:54:000		7.19263e+06		156.847		102.959		5.00515e+06		1.85324		290.631		
00:00:53:899		8.67478e+06		-5.84183		0		0		7.193e+06		23.0096			00:00:53:899		7.19231e+06		156.847		102.86		4.9928e+06		1.84719		290.628		
00:00:53:750		8.69936e+06		-5.84253		0		0		7.19226e+06		0			00:00:53:750		7.1921e+06		156.609		102.86		4.9928e+06		1.84719		290.624		
00:00:53:649		8.71575e+06		-5.84299		0		0		7.19157e+06		-23.4271			00:00:53:649		7.19175e+06		156.609		102.761		4.98044e+06		1.84113		290.622		
00:00:53:649		8.71575e+06		-5.84299		0		0		7.19157e+06		-23.4271			00:00:53:649		7.19175e+06		156.609		102.761		4.98044e+06		1.84113		290.622		
00:00:53:549		8.73216e+06		-5.84343		0		0		7.1911e+06		-27.0498			00:00:53:549		7.19171e+06		156.609		102.761		4.98044e+06		1.84113		290.619		
00:00:53:350		8.76508e+06		-5.84417		0		0		7.19121e+06		11.0789			00:00:53:350		7.19122e+06		156.371		102.66		4.96803e+06		1.83508		290.613		
00:00:53:350		8.76508e+06		-5.84417		0		0		7.19121e+06		11.0789			00:00:53:350		7.19122e+06		156.371		102.66		4.96803e+06		1.83508		290.613		
00:00:53:250		8.78152e+06		-5.84449		0		0		7.19142e+06		24.3304			00:00:53:250		7.19105e+06		156.133		102.66		4.96803e+06		1.83508		290.61		
00:00:53:100		8.80614e+06		-5.8449		0		0		7.19126e+06		19.1943			00:00:53:100		7.19069e+06		156.133		102.559		4.95548e+06		1.82903		290.607		
00:00:53:000		8.82252e+06		-5.84513		0		0		7.19073e+06		2.80099			00:00:53:000		7.19052e+06		155.895		102.559		4.95548e+06		1.82903		290.604		
00:00:52:899		8.83885e+06		-5.84533		0		0		7.19003e+06		-21.5298			00:00:52:899		7.19016e+06		155.895		102.458		4.94291e+06		1.82297		290.602		
00:00:52:799		8.85512e+06		-5.84551		0		0		7.18952e+06		-27.7643			00:00:52:799		7.19013e+06		155.895		102.458		4.94291e+06		1.82297		290.6		
00:00:52:600		8.88752e+06		-5.84582		0		0		7.18957e+06		9.14603			00:00:52:600		7.18961e+06		155.658		102.355		4.93025e+06		1.81692		290.595		
00:00:52:600		8.88752e+06		-5.84582		0		0		7.18957e+06		9.14603			00:00:52:600		7.18961e+06		155.658		102.355		4.93025e+06		1.81692		290.595		
00:00:52:500		8.90364e+06		-5.84596		0		0		7.18982e+06		23.6883			00:00:52:500		7.18949e+06		155.42		102.355		4.93025e+06		1.81692		290.593		
00:00:52:399		8.91972e+06		-5.8461		0		0		7.18985e+06		26.6627			00:00:52:399		7.18913e+06		155.42		102.252		4.91756e+06		1.81087		290.59		
00:00:52:299		8.93574e+06		-5.84625		0		0		7.18952e+06		14.6413			00:00:52:299		7.1891e+06		155.42		102.252		4.91756e+06		1.81087		290.588		
00:00:52:200		8.95171e+06		-5.84641		0		0		7.18888e+06		-9.9327			00:00:52:200		7.1888e+06		155.183		102.147		4.90487e+06		1.80481		290.586		
00:00:52:100		8.96762e+06		-5.84661		0		0		7.18822e+06		-26.8486			00:00:52:100		7.18857e+06		155.183		102.147		4.90487e+06		1.80481		290.584		
00:00:52:000		8.98347e+06		-5.84683		0		0		7.18784e+06		-25.6948			00:00:52:000		7.18847e+06		154.946		102.147		4.90487e+06		1.80481		290.582		
00:00:51:899		8.99922e+06		-5.84709		0		0		7.18785e+06		-7.46204			00:00:51:899		7.18811e+06		154.946		102.042		4.89212e+06		1.79876		290.579		
00:00:51:700		9.03029e+06		-5.84776		0		0		7.18831e+06		27.4445			00:00:51:700		7.18781e+06		154.709		101.936		4.87931e+06		1.7927		290.575		
00:00:51:600		9.04569e+06		-5.84817		0		0		7.18822e+06		22.5676			00:00:51:600		7.18754e+06		154.709		101.936		4.87931e+06		1.7927		290.573		
00:00:51:600		9.04569e+06		-5.84817		0		0		7.18822e+06		22.5676			00:00:51:600		7.18754e+06		154.709		101.936		4.87931e+06		1.7927		290.573		
00:00:51:500		9.061e+06		-5.84863		0		0		7.18776e+06		7.82932			00:00:51:500		7.18746e+06		154.472		101.936		4.86653e+06		1.7927		290.571		
00:00:51:350		9.08386e+06		-5.84936		0		0		7.18676e+06		-25.1714			00:00:51:350		7.18701e+06		154.472		101.83		4.86653e+06		1.78665		290.568		
00:00:51:250		9.09906e+06		-5.84981		0		0		7.18633e+06		-26.8312			00:00:51:250		7.18697e+06		154.235		101.83		4.86653e+06		1.78665		290.567		
00:00:51:149		9.11424e+06		-5.85026		0		0		7.1863e+06		-10.3313			00:00:51:149		7.18662e+06		154.235		101.722		4.85365e+06		1.7806		290.565		
00:00:51:049		9.12936e+06		-5.85069		0		0		7.18654e+06		13.0345			00:00:51:049		7.18654e+06		154.235		101.722		4.85365e+06		1.7806		290.563		
00:00:50:950		9.14441e+06		-5.85111		0		0		7.18677e+06		26.0825			00:00:50:950		7.18634e+06		153.999		101.614		4.84075e+06		1.77454		290.561		
00:00:50:850		9.15939e+06		-5.85151		0		0		7.18673e+06		24.2523			00:00:50:850		7.18602e+06		153.999		101.614		4.84075e+06		1.77454		290.56		
00:00:50:750		9.1743e+06		-5.85188		0		0		7.18632e+06		10.5215			00:00:50:750		7.18599e+06		153.763		101.614		4.84075e+06		1.77454		290.558		
00:00:50:649		9.18914e+06		-5.85224		0		0		7.18565e+06		-16.3329			00:00:50:649		7.18565e+06		153.763		101.505		4.82776e+06		1.76849		290.556		
00:00:50:549		9.2039e+06		-5.85257		0		0		7.18504e+06		-28.6389			00:00:50:549		7.18553e+06		153.763		101.505		4.82776e+06		1.76849		290.555		
00:00:50:450		9.21859e+06		-5.85287		0		0		7.18477e+06		-23.2819			00:00:50:450		7.18538e+06		153.527		101.395		4.81475e+06		1.76243		290.553		
00:00:50:350		9.2332e+06		-5.85314		0		0		7.18489e+06		0			00:00:50:350		7.18502e+06		153.527		101.395		4.81475e+06		1.76243		290.551		
00:00:50:250		9.24773e+06		-5.85338		0		0		7.18517e+06		19.2055			00:00:50:250		7.18502e+06		153.291		101.395		4.81475e+06		1.76243		290.55		
00:00:50:149		9.26218e+06		-5.85359		0		0		7.18532e+06		29.1602			00:00:50:149		7.1847e+06		153.291		101.284		4.80181e+06		1.75637		290.548		
00:00:50:049		9.27654e+06		-5.85378		0		0		7.18513e+06		19.4649			00:00:50:049		7.18455e+06		153.291		101.284		4.80181e+06		1.75637		290.547		
00:00:50:000		9.28369e+06		-5.85386		0		0		7.18489e+06		12.4283			00:00:50:000		7.18452e+06		153.056		101.284		4.78878e+06		1.75637		290.546		
00:00:49:850		9.30503e+06		-5.85406		0		0		7.18389e+06		-22.93			00:00:49:850		7.18404e+06		153.056		101.172		4.78878e+06		1.75031		290.544		
00:00:49:750		9.31916e+06		-5.85415		0		0		7.18339e+06		-28.6904			00:00:49:750		7.18403e+06		152.82		101.172		4.78878e+06		1.75031		290.542		
00:00:49:649		9.33322e+06		-5.85422		0		0		7.1833e+06		-14.1584			00:00:49:649		7.18372e+06		152.82		101.06		4.77564e+06		1.74426		290.541		
00:00:49:549		9.34722e+06		-5.85426		0		0		7.18352e+06		10.6812			00:00:49:549		7.18355e+06		152.82		101.06		4.77564e+06		1.74426		290.539		
00:00:49:450		9.36114e+06		-5.85429		0		0		7.18378e+06		25.2085			00:00:49:450		7.18341e+06		152.585		100.946		4.76252e+06		1.7382		290.538		
00:00:49:350		9.37499e+06		-5.85431		0		0		7.18379e+06		26.617			00:00:49:350		7.18306e+06		152.585		100.946		4.76252e+06		1.7382		290.536		
00:00:49:250		9.38877e+06		-5.85433		0		0		7.18342e+06		12.9379			00:00:49:250		7.18304e+06		152.351		100.946		4.76252e+06		1.7382		290.535		
00:00:49:149		9.40246e+06		-5.85435		0		0		7.18276e+06		-14.3416			00:00:49:149		7.18273e+06		152.351		100.832		4.74932e+06		1.73214		290.534		
00:00:49:049		9.41608e+06		-5.85441		0		0		7.18212e+06		-28.685			00:00:49:049		7.18255e+06		152.351		100.832		4.74932e+06		1.73214		290.532		
00:00:48:950		9.42963e+06		-5.85449		0		0		7.1818e+06		-24.8219			00:00:48:950		7.18243e+06		152.116		100.717		4.73609e+06		1.72608		290.531		
00:00:48:850		9.4431e+06		-5.85463		0		0		7.18189e+06		-4.14023			00:00:48:850		7.18207e+06		152.116		100.717		4.73609e+06		1.72608		290.529		
00:00:48:850		9.4431e+06		-5.85463		0		0		7.18189e+06		-4.14023			00:00:48:850		7.18207e+06		152.116		100.717		4.73609e+06		1.72608		290.529		
00:00:48:649		9.46987e+06		-5.85497		0		0		7.18235e+06		29.3982			00:00:48:649		7.18175e+06		151.882		100.601		4.72288e+06		1.72001		290.527		
00:00:48:649		9.46987e+06		-5.85497		0		0		7.18235e+06		29.3982			00:00:48:649		7.18175e+06		151.882		100.601		4.72288e+06		1.72001		290.527		
00:00:48:549		9.48318e+06		-5.8552		0		0		7.18218e+06		20.261			00:00:48:549		7.18157e+06		151.882		100.601		4.72288e+06		1.72001		290.526		
00:00:48:350		9.50965e+06		-5.8559		0		0		7.18093e+06		-22.8565			00:00:48:350		7.18107e+06		151.648		100.484		4.70961e+06		1.71395		290.523		
00:00:48:350		9.50965e+06		-5.8559		0		0		7.18093e+06		-22.8565			00:00:48:350		7.18107e+06		151.648		100.484		4.70961e+06		1.71395		290.523		
00:00:48:100		9.54239e+06		-5.85736		0		0		7.18039e+06		-4.31328			00:00:48:100		7.18058e+06		151.414		100.367		4.69628e+06		1.70789		290.52		
00:00:48:100		9.54239e+06		-5.85736		0		0		7.18039e+06		-4.31328			00:00:48:100		7.18058e+06		151.414		100.367		4.69628e+06		1.70789		290.52		
00:00:48:000		9.55536e+06		-5.85816		0		0		7.18068e+06		18.7675			00:00:48:000		7.18057e+06		151.18		100.367		4.69628e+06		1.70789		290.519		
00:00:47:899		9.56823e+06		-5.85908		0		0		7.18086e+06		29.6832			00:00:47:899		7.18026e+06		151.18		100.248		4.6829e+06		1.70182		290.518		
00:00:47:799		9.58108e+06		-5.86008		0		0		7.1807e+06		20.6588			00:00:47:799		7.18008e+06		151.18		100.248		4.6829e+06		1.70182		290.517		
00:00:47:649		9.60042e+06		-5.86164		0		0		7.17979e+06		-14.3057			00:00:47:649		7.17976e+06		150.946		100.129		4.66936e+06		1.69575		290.516		
00:00:47:649		9.60042e+06		-5.86164		0		0		7.17979e+06		-14.3057			00:00:47:649		7.17976e+06		150.946		100.129		4.66936e+06		1.69575		290.516		
00:00:47:549		9.61337e+06		-5.86265		0		0		7.17913e+06		-29.4534			00:00:47:549		7.17957e+06		150.946		100.129		4.66936e+06		1.69575		290.515		
00:00:47:399		9.63283e+06		-5.86395		0		0		7.1788e+06		-16.0152			00:00:47:399		7.17927e+06		150.713		100.008		4.65581e+06		1.68969		290.513		
00:00:47:299		9.64582e+06		-5.86462		0		0		7.17904e+06		10.3854			00:00:47:299		7.17908e+06		150.713		100.008		4.65581e+06		1.68969		290.512		
00:00:47:200		9.65884e+06		-5.8651		0		0		7.17932e+06		25.8966			00:00:47:200		7.17896e+06		150.48		99.8871		4.64216e+06		1.68362		290.511		
00:00:47:100		9.67193e+06		-5.86536		0		0		7.17937e+06		28.6476			00:00:47:100		7.1786e+06		150.48		99.8871		4.64216e+06		1.68362		290.51		
00:00:47:000		9.68507e+06		-5.86537		0		0		7.17901e+06		14.5264			00:00:47:000		7.17858e+06		150.247		99.8871		4.64216e+06		1.68362		290.509		
00:00:46:899		9.6982e+06		-5.86509		0		0		7.17832e+06		-13.9626			00:00:46:899		7.17827e+06		150.247		99.7651		4.62849e+06		1.67755		290.508		
00:00:46:799		9.71127e+06		-5.86449		0		0		7.17763e+06		-30.3825			00:00:46:799		7.17808e+06		150.247		99.7651		4.62849e+06		1.67755		290.507		
00:00:46:600		9.73732e+06		-5.86216		0		0		7.17735e+06		-6.88354			00:00:46:600		7.17762e+06		150.014		99.6421		4.61472e+06		1.67148		290.505		
00:00:46:600		9.73732e+06		-5.86216		0		0		7.17735e+06		-6.88354			00:00:46:600		7.17762e+06		150.014		99.6421		4.61472e+06		1.67148		290.505		
00:00:46:500		9.75031e+06		-5.86036		0		0		7.17768e+06		18.4451			00:00:46:500		7.17759e+06		149.781		99.6421		4.61472e+06		1.67148		290.504		
00:00:46:399		9.76327e+06		-5.85811		0		0		7.17791e+06		31.1659			00:00:46:399		7.1773e+06		149.781		99.5181		4.60084e+06		1.6654		290.503		
00:00:46:299		9.77619e+06		-5.8554		0		0		7.1778e+06		24.0258			00:00:46:299		7.17707e+06		149.781		99.5181		4.60084e+06		1.6654		290.502		
00:00:46:200		9.78908e+06		-5.85224		0		0		7.17729e+06		6.79437			00:00:46:200		7.17699e+06		149.548		99.3933		4.58691e+06		1.65933		290.501		
00:00:46:100		9.80192e+06		-5.84869		0		0		7.17653e+06		-21.8505			00:00:46:100		7.17662e+06		149.548		99.3933		4.58691e+06		1.65933		290.5		
00:00:46:000		9.81474e+06		-5.84481		0		0		7.17593e+06		-32.159			00:00:46:000		7.17661e+06		149.315		99.3933		4.58691e+06		1.65933		290.5		
00:00:45:899		9.82754e+06		-5.84069		0		0		7.17572e+06		-22.0658			00:00:45:899		7.17635e+06		149.315		99.2676		4.57291e+06		1.65326		290.499		
00:00:45:700		9.85311e+06		-5.83225		0		0		7.17625e+06		23.3944			00:00:45:700		7.17603e+06		149.082		99.1409		4.55886e+06		1.64718		290.497		
00:00:45:600		9.86591e+06		-5.82818		0		0		7.17641e+06		31.0137			00:00:45:600		7.17567e+06		149.082		99.1409		4.55886e+06		1.64718		290.496		
00:00:45:600		9.86591e+06		-5.82818		0		0		7.17641e+06		31.0137			00:00:45:600		7.17567e+06		149.082		99.1409		4.55886e+06		1.64718		290.496		
00:00:45:500		9.87874e+06		-5.82441		0		0		7.17617e+06		19.5065			00:00:45:500		7.17561e+06		148.849		99.1409		4.55886e+06		1.64718		290.496		
00:00:45:399		9.89157e+06		-5.82109		0		0		7.17557e+06		0			00:00:45:399		7.1754e+06		148.849		99.0133		4.54466e+06		1.64111		290.495		
00:00:45:250		9.91077e+06		-5.81659		0		0		7.17454e+06		-31.9333			00:00:45:250		7.1751e+06		148.616		99.0133		4.54466e+06		1.64111		290.494		
00:00:45:149		9.92354e+06		-5.81346		0		0		7.17426e+06		-26.0827			00:00:45:149		7.17495e+06		148.616		98.8848		4.53034e+06		1.63503		290.493		
00:00:45:049		9.93629e+06		-5.81021		0		0		7.1744e+06		-3.53193			00:00:45:049		7.17456e+06		148.616		98.8848		4.53034e+06		1.63503		290.493		
00:00:44:950		9.94903e+06		-5.80685		0		0		7.17474e+06		20.9041			00:00:44:950		7.1746e+06		148.383		98.7554		4.51596e+06		1.62896		290.492		
00:00:44:899		9.95538e+06		-5.80513		0		0		7.17489e+06		27.9283			00:00:44:899		7.17447e+06		148.383		98.7554		4.51596e+06		1.62896		290.492		
00:00:44:700		9.98077e+06		-5.79796		0		0		7.17456e+06		15.2402			00:00:44:700		7.17412e+06		148.15		98.6251		4.50152e+06		1.62288		290.491		
00:00:44:600		9.99344e+06		-5.7942		0		0		7.17385e+06		-13.7683			00:00:44:600		7.1738e+06		148.15		98.6251		4.50152e+06		1.62288		290.491		
00:00:44:600		9.99344e+06		-5.7942		0		0		7.17385e+06		-13.7683			00:00:44:600		7.1738e+06		148.15		98.6251		4.50152e+06		1.62288		290.491		
00:00:44:500		1.00061e+07		-5.79034		0		0		7.17314e+06		-31.6631			00:00:44:500		7.1736e+06		147.917		98.6251		4.50152e+06		1.62288		290.49		
00:00:44:399		1.00187e+07		-5.78637		0		0		7.17275e+06		-29.9089			00:00:44:399		7.17352e+06		147.917		98.494		4.48703e+06		1.6168		290.49		
00:00:44:299		1.00313e+07		-5.7823		0		0		7.17281e+06		-9.19147			00:00:44:299		7.17314e+06		147.917		98.494		4.48703e+06		1.6168		290.49		
00:00:44:200		1.00439e+07		-5.77812		0		0		7.17316e+06		17.3854			00:00:44:200		7.17313e+06		147.684		98.3623		4.47247e+06		1.61073		290.49		
00:00:44:049		1.00628e+07		-5.77167		0		0		7.17348e+06		32.5483			00:00:44:049		7.17267e+06		147.684		98.3623		4.47247e+06		1.61073		290.49		
00:00:43:950		1.00754e+07		-5.76725		0		0		7.17321e+06		19.8352			00:00:43:950		7.17262e+06		147.45		98.2299		4.45786e+06		1.60465		290.49		
00:00:43:850		1.0088e+07		-5.76274		0		0		7.17256e+06		-5.71805			00:00:43:850		7.1724e+06		147.45		98.2299		4.45786e+06		1.60465		290.49		
00:00:43:750		1.01005e+07		-5.75813		0		0		7.17181e+06		-28.2485			00:00:43:750		7.17208e+06		147.216		98.2299		4.45786e+06		1.60465		290.49		
00:00:43:649		1.0113e+07		-5.75343		0		0		7.17132e+06		-32.4936			00:00:43:649		7.1721e+06		147.216		98.097		4.44318e+06		1.59857		290.49		
00:00:43:549		1.01256e+07		-5.74865		0		0		7.17128e+06		-14.2821			00:00:43:549		7.17174e+06		147.216		98.097		4.44318e+06		1.59857		290.49		
00:00:43:450		1.0138e+07		-5.74377		0		0		7.1716e+06		13.0773			00:00:43:450		7.17162e+06		146.981		97.9636		4.42844e+06		1.59249		290.49		
00:00:43:350		1.01505e+07		-5.7388		0		0		7.17194e+06		29.4671			00:00:43:350		7.17149e+06		146.981		97.9636		4.42844e+06		1.59249		290.49		
00:00:43:250		1.01629e+07		-5.73374		0		0		7.172e+06		31.1409			00:00:43:250		7.17111e+06		146.747		97.9636		4.42844e+06		1.59249		290.49		
00:00:43:149		1.01754e+07		-5.7286		0		0		7.17161e+06		15.6466			00:00:43:149		7.17114e+06		146.747		97.8296		4.41365e+06		1.58641		290.49		
00:00:43:049		1.01878e+07		-5.72336		0		0		7.17087e+06		-14.9379			00:00:43:049		7.17082e+06		146.747		97.8296		4.41365e+06		1.58641		290.49		
00:00:43:049		1.01878e+07		-5.72336		0		0		7.17087e+06		-14.9379			00:00:43:049		7.17082e+06		146.747		97.8296		4.41365e+06		1.58641		290.49		
00:00:42:950		1.02002e+07		-5.71803		0		0		7.17013e+06		-32.8597			00:00:42:950		7.17063e+06		146.512		97.6951		4.39879e+06		1.58033		290.491		
00:00:42:850		1.02125e+07		-5.71261		0		0		7.16974e+06		-30.8018			00:00:42:850		7.17056e+06		146.512		97.6951		4.39879e+06		1.58033		290.491		
00:00:42:649		1.02372e+07		-5.70151		0		0		7.1702e+06		18.2302			00:00:42:649		7.17016e+06		146.276		97.5601		4.38378e+06		1.57425		290.492		
00:00:42:500		1.02556e+07		-5.69293		0		0		7.17055e+06		33.5917			00:00:42:500		7.16969e+06		146.041		97.5601		4.38378e+06		1.57425		290.493		
00:00:42:399		1.02679e+07		-5.6871		0		0		7.17028e+06		20.5926			00:00:42:399		7.16966e+06		146.041		97.4247		4.36854e+06		1.56818		290.493		
00:00:42:399		1.02679e+07		-5.6871		0		0		7.17028e+06		20.5926			00:00:42:399		7.16966e+06		146.041		97.4247		4.36854e+06		1.56818		290.493		
00:00:42:299		1.02802e+07		-5.68115		0		0		7.1696e+06		-6.01205			00:00:42:299		7.16943e+06		146.041		97.4247		4.36854e+06		1.56818		290.494		
00:00:42:200		1.02926e+07		-5.67512		0		0		7.16883e+06		-29.4691			00:00:42:200		7.16912e+06		145.806		97.2888		4.35328e+06		1.5621		290.494		
00:00:42:100		1.03049e+07		-5.66898		0		0		7.16834e+06		-32.9625			00:00:42:100		7.16914e+06		145.806		97.2888		4.35328e+06		1.5621		290.495		
00:00:42:000		1.03171e+07		-5.66275		0		0		7.1683e+06		-14.8944			00:00:42:000		7.16876e+06		145.571		97.2888		4.35328e+06		1.5621		290.496		
00:00:41:899		1.03294e+07		-5.65642		0		0		7.16863e+06		13.3699			00:00:41:899		7.16865e+06		145.571		97.1525		4.33801e+06		1.55602		290.497		
00:00:41:799		1.03417e+07		-5.65		0		0		7.16898e+06		30.3714			00:00:41:799		7.16852e+06		145.571		97.1525		4.33801e+06		1.55602		290.498		
00:00:41:600		1.03661e+07		-5.63687		0		0		7.16863e+06		15.6043			00:00:41:600		7.16818e+06		145.335		97.0159		4.3227e+06		1.54994		290.5		
00:00:41:600		1.03661e+07		-5.63687		0		0		7.16863e+06		15.6043			00:00:41:600		7.16818e+06		145.335		97.0159		4.3227e+06		1.54994		290.5		
00:00:41:500		1.03783e+07		-5.63016		0		0		7.16788e+06		-15.7189			00:00:41:500		7.16784e+06		145.1		97.0159		4.3227e+06		1.54994		290.501		
00:00:41:399		1.03904e+07		-5.62335		0		0		7.16714e+06		-33.6391			00:00:41:399		7.16765e+06		145.1		96.8789		4.30723e+06		1.54386		290.502		
00:00:41:350		1.03965e+07		-5.61991		0		0		7.16689e+06		-34.707			00:00:41:350		7.16768e+06		145.1		96.8789		4.30723e+06		1.54386		290.503		
00:00:41:250		1.04087e+07		-5.61295		0		0		7.16676e+06		-20.5457			00:00:41:250		7.16736e+06		144.864		96.8789		4.30723e+06		1.54386		290.504		
00:00:41:149		1.04209e+07		-5.60588		0		0		7.16704e+06		7.9695			00:00:41:149		7.16714e+06		144.864		96.7415		4.29182e+06		1.53778		290.505		
00:00:41:049		1.0433e+07		-5.59872		0		0		7.16742e+06		27.638			00:00:41:049		7.16708e+06		144.864		96.7415		4.29182e+06		1.53778		290.507		
00:00:40:899		1.04513e+07		-5.58778		0		0		7.16747e+06		27.0751			00:00:40:899		7.16665e+06		144.63		96.6039		4.27628e+06		1.5317		290.509		
00:00:40:799		1.04634e+07		-5.58037		0		0		7.16695e+06		9.17762			00:00:40:799		7.1666e+06		144.63		96.6039		4.27628e+06		1.5317		290.51		
00:00:40:600		1.0488e+07		-5.56525		0		0		7.16549e+06		-34.6938			00:00:40:600		7.16615e+06		144.394		96.4661		4.26064e+06		1.52562		290.513		
00:00:40:600		1.0488e+07		-5.56525		0		0		7.16549e+06		-34.6938			00:00:40:600		7.16615e+06		144.394		96.4661		4.26064e+06		1.52562		290.513		
00:00:40:500		1.05003e+07		-5.55753		0		0		7.16524e+06		-25.284			00:00:40:500		7.16593e+06		144.159		96.4661		4.26064e+06		1.52562		290.515		
00:00:40:399		1.05125e+07		-5.54971		0		0		7.16543e+06		0			00:00:40:399		7.16559e+06		144.159		96.3281		4.245e+06		1.51954		290.516		
00:00:40:299		1.05248e+07		-5.54178		0		0		7.16581e+06		23.5646			00:00:40:299		7.16562e+06		144.159		96.3281		4.245e+06		1.51954		290.518		
00:00:40:200		1.05371e+07		-5.53373		0		0		7.16603e+06		35.6685			00:00:40:200		7.16525e+06		143.925		96.1899		4.2293e+06		1.51346		290.52		
00:00:40:100		1.05494e+07		-5.52557		0		0		7.16583e+06		22.9268			00:00:40:100		7.16514e+06		143.925		96.1899		4.2293e+06		1.51346		290.521		
00:00:40:000		1.05617e+07		-5.51729		0		0		7.16519e+06		0.736671			00:00:40:000		7.16498e+06		143.691		96.1899		4.2293e+06		1.51346		290.523		
00:00:39:899		1.05739e+07		-5.50887		0		0		7.16438e+06		-27.531			00:00:39:899		7.16458e+06		143.691		96.0516		4.21352e+06		1.50738		290.525		
00:00:39:700		1.05985e+07		-5.49169		0		0		7.16372e+06		-18.4598			00:00:39:700		7.16426e+06		143.457		95.9133		4.19768e+06		1.50129		290.528		
00:00:39:600		1.06108e+07		-5.48293		0		0		7.16401e+06		11.1754			00:00:39:600		7.16407e+06		143.457		95.9133		4.19768e+06		1.50129		290.53		
00:00:39:600		1.06108e+07		-5.48293		0		0		7.16401e+06		11.1754			00:00:39:600		7.16407e+06		143.457		95.9133		4.19768e+06		1.50129		290.53		
00:00:39:500		1.06231e+07		-5.47404		0		0		7.16438e+06		29.5099			00:00:39:500		7.16398e+06		143.223		95.9133		4.19768e+06		1.50129		290.532		
00:00:39:399		1.06353e+07		-5.46503		0		0		7.16447e+06		33.6579			00:00:39:399		7.16357e+06		143.223		95.775		4.18176e+06		1.49521		290.534		
00:00:39:250		1.06537e+07		-5.45128		0		0		7.16376e+06		6.12295			00:00:39:250		7.16346e+06		142.991		95.775		4.18176e+06		1.49521		290.537		
00:00:39:149		1.0666e+07		-5.44197		0		0		7.16292e+06		-25.0272			00:00:39:149		7.16304e+06		142.991		95.6368		4.16588e+06		1.48912		290.538		
00:00:39:049		1.06782e+07		-5.43254		0		0		7.16227e+06		-35.9522			00:00:39:049		7.16304e+06		142.991		95.6368		4.16588e+06		1.48912		290.54		
00:00:38:950		1.06904e+07		-5.42301		0		0		7.16208e+06		-23.6063			00:00:38:950		7.16275e+06		142.759		95.4987		4.14999e+06		1.48303		290.542		
00:00:38:850		1.07026e+07		-5.4134		0		0		7.16232e+06		5.65656			00:00:38:850		7.16246e+06		142.759		95.4987		4.14999e+06		1.48303		290.544		
00:00:38:649		1.07269e+07		-5.39397		0		0		7.16287e+06		35.6715			00:00:38:649		7.16201e+06		142.527		95.3609		4.13413e+06		1.47693		290.548		
00:00:38:549		1.0739e+07		-5.38417		0		0		7.16259e+06		21.7236			00:00:38:549		7.16194e+06		142.527		95.3609		4.13413e+06		1.47693		290.55		
00:00:38:549		1.0739e+07		-5.38417		0		0		7.16259e+06		21.7236			00:00:38:549		7.16194e+06		142.527		95.3609		4.13413e+06		1.47693		290.55		
00:00:38:450		1.07512e+07		-5.37433		0		0		7.16187e+06		-6.33691			00:00:38:450		7.1617e+06		142.295		95.2235		4.11827e+06		1.47084		290.553		
00:00:38:350		1.07633e+07		-5.36446		0		0		7.16105e+06		-30.5283			00:00:38:350		7.16134e+06		142.295		95.2235		4.11827e+06		1.47084		290.555		
00:00:38:250		1.07754e+07		-5.35456		0		0		7.16052e+06		-34.7944			00:00:38:250		7.16135e+06		142.064		95.2235		4.11827e+06		1.47084		290.557		
00:00:38:149		1.07875e+07		-5.34463		0		0		7.16049e+06		-14.5248			00:00:38:149		7.16096e+06		142.064		95.0865		4.10234e+06		1.46474		290.559		
00:00:38:049		1.07996e+07		-5.33466		0		0		7.16082e+06		15.113			00:00:38:049		7.16083e+06		142.064		95.0865		4.10234e+06		1.46474		290.561		
00:00:37:950		1.08117e+07		-5.32466		0		0		7.16115e+06		32.0433			00:00:37:950		7.16065e+06		141.833		94.95		4.08634e+06		1.45864		290.563		
00:00:37:950		1.08117e+07		-5.32466		0		0		7.16115e+06		32.0433			00:00:37:950		7.16065e+06		141.833		94.95		4.08634e+06		1.45864		290.563		
00:00:37:850		1.08238e+07		-5.31461		0		0		7.16116e+06		32.3686			00:00:37:850		7.16024e+06		141.833		94.95		4.08634e+06		1.45864		290.565		
00:00:37:649		1.08478e+07		-5.2943		0		0		7.15986e+06		-18.8929			00:00:37:649		7.15985e+06		141.603		94.8128		4.07026e+06		1.45253		290.57		
00:00:37:549		1.08597e+07		-5.28403		0		0		7.15908e+06		-36.0861			00:00:37:549		7.15967e+06		141.603		94.8128		4.07026e+06		1.45253		290.572		
00:00:37:549		1.08597e+07		-5.28403		0		0		7.15908e+06		-36.0861			00:00:37:549		7.15967e+06		141.603		94.8128		4.07026e+06		1.45253		290.572		
00:00:37:450		1.08717e+07		-5.27368		0		0		7.15871e+06		-31.3224			00:00:37:450		7.15954e+06		141.374		94.6747		4.05412e+06		1.44643		290.574		
00:00:37:350		1.08838e+07		-5.26325		0		0		7.15884e+06		-5.69643			00:00:37:350		7.1591e+06		141.374		94.6747		4.05412e+06		1.44643		290.576		
00:00:37:250		1.08958e+07		-5.25274		0		0		7.15923e+06		23.1005			00:00:37:250		7.15909e+06		141.145		94.6747		4.05412e+06		1.44643		290.579		
00:00:37:049		1.09198e+07		-5.23151		0		0		7.15933e+06		27.5376			00:00:37:049		7.15848e+06		141.145		94.5354		4.03801e+06		1.44032		290.584		
00:00:36:950		1.09318e+07		-5.2208		0		0		7.15869e+06		6.48263			00:00:36:950		7.15837e+06		140.917		94.3952		4.0219e+06		1.4342		290.586		
00:00:36:850		1.09438e+07		-5.21002		0		0		7.15779e+06		-26.8972			00:00:36:850		7.15793e+06		140.917		94.3952		4.0219e+06		1.4342		290.589		
00:00:36:750		1.09559e+07		-5.19918		0		0		7.15709e+06		-37.73			00:00:36:750		7.15791e+06		140.689		94.3952		4.0219e+06		1.4342		290.591		
00:00:36:649		1.09679e+07		-5.1883		0		0		7.15686e+06		-25.234			00:00:36:649		7.15758e+06		140.689		94.2538		4.00572e+06		1.42808		290.594		
00:00:36:649		1.09679e+07		-5.1883		0		0		7.15686e+06		-25.234			00:00:36:649		7.15758e+06		140.689		94.2538		4.00572e+06		1.42808		290.594		
00:00:36:549		1.09799e+07		-5.17737		0		0		7.1571e+06		5.19482			00:00:36:549		7.15724e+06		140.689		94.2538		4.00572e+06		1.42808		290.596		
00:00:36:450		1.0992e+07		-5.1664		0		0		7.15748e+06		28.2628			00:00:36:450		7.15718e+06		140.462		94.1112		3.98947e+06		1.42196		290.599		
00:00:36:250		1.10161e+07		-5.1444		0		0		7.15735e+06		22.9956			00:00:36:250		7.15668e+06		140.235		94.1112		3.98947e+06		1.42196		290.604		
00:00:36:149		1.10281e+07		-5.13337		0		0		7.15661e+06		0			00:00:36:149		7.15641e+06		140.235		93.9675		3.97326e+06		1.41584		290.607		
00:00:36:149		1.10281e+07		-5.13337		0		0		7.15661e+06		0			00:00:36:149		7.15641e+06		140.235		93.9675		3.97326e+06		1.41584		290.607		
00:00:36:000		1.10462e+07		-5.11682		0.138171		0		7.15539e+06		-36.9018			00:00:36:000		7.15608e+06		140.009		93.9675		3.97326e+06		1.41584		290.611		
00:00:35:899		1.10583e+07		-5.10578		0.276465		0		7.15506e+06		-28.3142			00:00:35:899		7.15582e+06		140.009		93.8225		3.95704e+06		1.40971		290.613		
00:00:35:799		1.10704e+07		-5.09473		0.414654		0		7.15522e+06		0			00:00:35:799		7.1554e+06		140.009		93.8225		3.95704e+06		1.40971		290.616		
00:00:35:600		1.10947e+07		-5.07258		0.690316		0		7.15576e+06		36.5637			00:00:35:600		7.15495e+06		139.783		93.6763		3.94086e+06		1.40358		290.622		
00:00:35:600		1.10947e+07		-5.07258		0.690316		0		7.15576e+06		36.5637			00:00:35:600		7.15495e+06		139.783		93.6763		3.94086e+06		1.40358		290.622		
00:00:35:500		1.11069e+07		-5.06144		0.827546		0		7.15551e+06		24.517			00:00:35:500		7.15481e+06		139.558		93.6763		3.94086e+06		1.40358		290.625		
00:00:35:399		1.11191e+07		-5.05025		0.964281		0		7.15482e+06		1.78344			00:00:35:399		7.15459e+06		139.558		93.5289		3.92458e+06		1.39744		290.628		
00:00:35:299		1.11313e+07		-5.039		1.10037		0		7.15393e+06		-29.731			00:00:35:299		7.15415e+06		139.558		93.5289		3.92458e+06		1.39744		290.631		
00:00:35:200		1.11435e+07		-5.02771		1.23568		0		7.1533e+06		-36.0884			00:00:35:200		7.1541e+06		139.333		93.3801		3.90816e+06		1.3913		290.634		
00:00:35:100		1.11557e+07		-5.01636		1.37006		0		7.15315e+06		-18.3829			00:00:35:100		7.15367e+06		139.333		93.3801		3.90816e+06		1.3913		290.638		
00:00:35:000		1.1168e+07		-5.00496		1.50336		0		7.1534e+06		12.5156			00:00:35:000		7.15344e+06		139.108		93.3801		3.90816e+06		1.3913		290.641		
00:00:34:899		1.11802e+07		-4.9935		1.63541		0		7.1537e+06		31.0646			00:00:34:899		7.15327e+06		139.108		93.2298		3.89167e+06		1.38516		290.644		
00:00:34:799		1.11925e+07		-4.982		1.76602		0		7.1537e+06		32.4099			00:00:34:799		7.15282e+06		139.108		93.2298		3.89167e+06		1.38516		290.648		
00:00:34:700		1.12047e+07		-4.97044		1.89492		0		7.15323e+06		16.7162			00:00:34:700		7.15276e+06		138.884		93.078		3.87523e+06		1.37901		290.651		
00:00:34:600		1.1217e+07		-4.95882		2.02182		0		7.15239e+06		-16.0936			00:00:34:600		7.15234e+06		138.884		93.078		3.87523e+06		1.37901		290.655		
00:00:34:500		1.12292e+07		-4.94716		2.14646		0		7.15156e+06		-35.8392			00:00:34:500		7.15208e+06		138.661		93.078		3.87523e+06		1.37901		290.658		
00:00:34:399		1.12415e+07		-4.93544		2.26866		0		7.15113e+06		-30.8465			00:00:34:399		7.1519e+06		138.661		92.9245		3.85869e+06		1.37286		290.662		
00:00:34:299		1.12538e+07		-4.92367		2.38837		0		7.15119e+06		-5.61513			00:00:34:299		7.15142e+06		138.661		92.9245		3.85869e+06		1.37286		290.665		
00:00:34:200		1.12661e+07		-4.91185		2.50585		0		7.15149e+06		21.9887			00:00:34:200		7.15137e+06		138.437		92.7692		3.84212e+06		1.3667		290.669		
00:00:34:100		1.12784e+07		-4.89999		2.62108		0		7.15167e+06		35.9504			00:00:34:100		7.15097e+06		138.437		92.7692		3.84212e+06		1.3667		290.672		
00:00:34:000		1.12907e+07		-4.88808		2.7388		0		7.15145e+06		25.5443			00:00:34:000		7.1507e+06		138.215		92.7692		3.84212e+06		1.3667		290.675		
00:00:33:899		1.13031e+07		-4.87613		2.85849		0		7.15077e+06		4.08366			00:00:33:899		7.15051e+06		138.215		92.6119		3.82555e+06		1.36054		290.679		
00:00:33:799		1.13155e+07		-4.86415		2.97734		0		7.14986e+06		-28.1399			00:00:33:799		7.15003e+06		138.215		92.6119		3.82555e+06		1.36054		290.682		
00:00:33:700		1.13278e+07		-4.85213		3.09391		0		7.14918e+06		-36.731			00:00:33:700		7.14995e+06		137.992		92.4525		3.80882e+06		1.35437		290.685		
00:00:33:600		1.13402e+07		-4.84006		3.20396		0		7.14899e+06		-19.9791			00:00:33:600		7.14954e+06		137.992		92.4525		3.80882e+06		1.35437		290.688		
00:00:33:500		1.13526e+07		-4.82796		3.31516		0		7.1492e+06		14.4622			00:00:33:500		7.14925e+06		137.77		92.2908		3.79194e+06		1.3482		290.691		
00:00:33:350		1.13711e+07		-4.80973		3.46425		0		7.14953e+06		36.1868			00:00:33:350		7.14882e+06		137.77		92.2908		3.79194e+06		1.3482		290.696		
00:00:33:250		1.13835e+07		-4.79753		3.55974		0		7.14928e+06		25.6576			00:00:33:250		7.14852e+06		137.548		92.2908		3.79194e+06		1.3482		290.699		
00:00:33:149		1.13959e+07		-4.7853		3.65207		0		7.14858e+06		3.06232			00:00:33:149		7.14832e+06		137.548		92.1264		3.775e+06		1.34203		290.701		
00:00:33:049		1.14082e+07		-4.77302		3.74124		0		7.14765e+06		-29.0879			00:00:33:049		7.14784e+06		137.548		92.1264		3.775e+06		1.34203		290.704		
00:00:33:000		1.14144e+07		-4.76687		3.78463		0		7.14726e+06		-36.5331			00:00:33:000		7.14778e+06		137.327		92.1264		3.775e+06		1.34203		290.705		
00:00:32:899		1.14268e+07		-4.75452		3.86904		0		7.14681e+06		-32.4517			00:00:32:899		7.14761e+06		137.327		91.9593		3.75799e+06		1.33585		290.708		
00:00:32:799		1.14391e+07		-4.74213		3.9503		0		7.14687e+06		-4.54341			00:00:32:799		7.14712e+06		137.327		91.9593		3.75799e+06		1.33585		290.71		
00:00:32:649		1.14577e+07		-4.72345		4.06636		0		7.1473e+06		31.895			00:00:32:649		7.14686e+06		137.106		91.7891		3.74081e+06		1.32967		290.713		
00:00:32:600		1.14638e+07		-4.71719		4.10352		0		7.14736e+06		37.3526			00:00:32:600		7.1466e+06		137.106		91.7891		3.74081e+06		1.32967		290.715		
00:00:32:450		1.14824e+07		-4.69832		4.21051		0		7.14679e+06		17.2603			00:00:32:450		7.14628e+06		136.885		91.6155		3.72349e+06		1.32349		290.718		
00:00:32:350		1.14947e+07		-4.68567		4.27817		0		7.14588e+06		-18.4733			00:00:32:350		7.14585e+06		136.885		91.6155		3.72349e+06		1.32349		290.72		
00:00:32:250		1.15071e+07		-4.67294		4.343		0		7.145e+06		-37.9583			00:00:32:250		7.14558e+06		136.664		91.6155		3.72349e+06		1.32349		290.721		
00:00:32:149		1.15194e+07		-4.66016		4.40506		0		7.14454e+06		-33.7433			00:00:32:149		7.14539e+06		136.664		91.4382		3.70609e+06		1.3173		290.723		
00:00:32:049		1.15318e+07		-4.64732		4.46444		0		7.14461e+06		-5.42069			00:00:32:049		7.14489e+06		136.664		91.4382		3.70609e+06		1.3173		290.725		
00:00:31:949		1.15442e+07		-4.63442		4.52122		0		7.14495e+06		24.6551			00:00:31:949		7.14479e+06		136.444		91.2569		3.68885e+06		1.31111		290.726		
00:00:31:850		1.15565e+07		-4.62146		4.57549		0		7.14516e+06		38.7481			00:00:31:850		7.14435e+06		136.444		91.2569		3.68885e+06		1.31111		290.728		
00:00:31:649		1.15811e+07		-4.59542		4.67687		0		7.14417e+06		3.73588			00:00:31:649		7.14388e+06		136.224		91.0713		3.67147e+06		1.30491		290.731		
00:00:31:550		1.15934e+07		-4.58234		4.72414		0		7.14318e+06		-32.447			00:00:31:550		7.14341e+06		136.224		91.0713		3.67147e+06		1.30491		290.733		
00:00:31:550		1.15934e+07		-4.58234		4.72414		0		7.14318e+06		-32.447			00:00:31:550		7.14341e+06		136.224		91.0713		3.67147e+06		1.30491		290.733		
00:00:31:449		1.16057e+07		-4.56922		4.76925		0		7.14245e+06		-39.3424			00:00:31:449		7.14332e+06		136.003		90.8811		3.65388e+06		1.29871		290.735		
00:00:31:350		1.16181e+07		-4.55608		4.81229		0		7.14224e+06		-23.2489			00:00:31:350		7.14288e+06		136.003		90.8811		3.65388e+06		1.29871		290.736		
00:00:31:250		1.16304e+07		-4.54293		4.85335		0		7.14248e+06		11.5293			00:00:31:250		7.14255e+06		135.782		90.8811		3.65388e+06		1.29871		290.738		
00:00:31:149		1.16427e+07		-4.52977		4.89241		0		7.1428e+06		33.4743			00:00:31:149		7.14236e+06		135.782		90.686		3.63611e+06		1.29251		290.741		
00:00:31:050		1.1655e+07		-4.51661		4.92957		0		7.14285e+06		36.0743			00:00:31:050		7.14189e+06		135.782		90.686		3.63611e+06		1.29251		290.743		
00:00:30:949		1.16673e+07		-4.50347		4.96514		0		7.14239e+06		20.5837			00:00:30:949		7.14182e+06		135.562		90.4855		3.6183e+06		1.2863		290.745		
00:00:30:850		1.16797e+07		-4.49036		4.99896		0		7.14149e+06		-15.118			00:00:30:850		7.14139e+06		135.562		90.4855		3.6183e+06		1.2863		290.747		
00:00:30:850		1.16797e+07		-4.49036		4.99896		0		7.14149e+06		-15.118			00:00:30:850		7.14139e+06		135.562		90.4855		3.6183e+06		1.2863		290.747		
00:00:30:699		1.16982e+07		-4.47075		5.04662		0		7.14025e+06		-38.6508			00:00:30:699		7.14106e+06		135.342		90.2793		3.6004e+06		1.28009		290.751		
00:00:30:550		1.17168e+07		-4.4512		5.09098		0		7.14004e+06		-9.90086			00:00:30:550		7.14035e+06		135.342		90.2793		3.6004e+06		1.28009		290.755		
00:00:30:449		1.17293e+07		-4.43818		5.11873		0		7.14032e+06		20.6821			00:00:30:449		7.14026e+06		135.122		90.0669		3.58235e+06		1.27388		290.757		
00:00:30:350		1.17417e+07		-4.42514		5.1451		0		7.14052e+06		36.5388			00:00:30:350		7.13985e+06		135.122		90.0669		3.58235e+06		1.27388		290.76		
00:00:30:250		1.17542e+07		-4.41207		5.17026		0		7.14034e+06		27.2812			00:00:30:250		7.13963e+06		134.902		90.0669		3.58235e+06		1.27388		290.763		
00:00:30:149		1.17666e+07		-4.39892		5.19414		0		7.13969e+06		7.76944			00:00:30:149		7.13937e+06		134.902		89.848		3.56422e+06		1.26767		290.766		
00:00:30:050		1.1779e+07		-4.38569		5.21683		0		7.13877e+06		-29.4974			00:00:30:050		7.13886e+06		134.902		89.848		3.56422e+06		1.26767		290.77		
00:00:29:949		1.17914e+07		-4.37234		5.23842		0		7.13806e+06		-35.9359			00:00:29:949		7.13874e+06		134.682		89.6227		3.54593e+06		1.26145		290.773		
00:00:29:850		1.18039e+07		-4.35884		5.25885		0		7.1378e+06		-19.4093			00:00:29:850		7.13826e+06		134.682		89.6227		3.54593e+06		1.26145		290.777		
00:00:29:649		1.18287e+07		-4.33137		5.29685		0		7.13813e+06		27.8653			00:00:29:649		7.13783e+06		134.461		89.3906		3.52748e+06		1.25523		290.784		
00:00:29:550		1.18411e+07		-4.31739		5.31433		0		7.13808e+06		30.693			00:00:29:550		7.13737e+06		134.461		89.3906		3.52748e+06		1.25523		290.788		
00:00:29:550		1.18411e+07		-4.31739		5.31433		0		7.13808e+06		30.693			00:00:29:550		7.13737e+06		134.461		89.3906		3.52748e+06		1.25523		290.788		
00:00:29:449		1.18536e+07		-4.30329		5.33096		0		7.1376e+06		14.8894			00:00:29:449		7.13721e+06		134.241		89.1515		3.50885e+06		1.249		290.793		
00:00:29:350		1.1866e+07		-4.28909		5.34671		0		7.13676e+06		-15.8706			00:00:29:350		7.13673e+06		134.241		89.1515		3.50885e+06		1.249		290.797		
00:00:29:250		1.18784e+07		-4.27488		5.36167		0		7.13597e+06		-35.0393			00:00:29:250		7.1364e+06		134.02		89.1515		3.50885e+06		1.249		290.802		
00:00:29:250		1.18784e+07		-4.27488		5.36167		0		7.13597e+06		-35.0393			00:00:29:250		7.1364e+06		134.02		89.1515		3.50885e+06		1.249		290.802		
00:00:29:050		1.19033e+07		-4.24678		5.38919		0		7.13563e+06		2.81979			00:00:29:050		7.13576e+06		134.02		88.905		3.49018e+06		1.24277		290.812		
00:00:29:050		1.19033e+07		-4.24678		5.38919		0		7.13563e+06		2.81979			00:00:29:050		7.13576e+06		134.02		88.905		3.49018e+06		1.24277		290.812		
00:00:28:850		1.19283e+07		-4.21963		5.41373		0		7.13585e+06		33.7943			00:00:28:850		7.13523e+06		133.8		88.6513		3.47152e+06		1.23654		290.823		
00:00:28:850		1.19283e+07		-4.21963		5.41373		0		7.13585e+06		33.7943			00:00:28:850		7.13523e+06		133.8		88.6513		3.47152e+06		1.23654		290.823		
00:00:28:649		1.19535e+07		-4.19366		5.43573		0		7.13461e+06		-11.3425			00:00:28:649		7.1345e+06		133.578		88.3901		3.45268e+06		1.23031		290.834		
00:00:28:649		1.19535e+07		-4.19366		5.43573		0		7.13461e+06		-11.3425			00:00:28:649		7.1345e+06		133.578		88.3901		3.45268e+06		1.23031		290.834		
00:00:28:550		1.1966e+07		-4.18084		5.44575		0		7.13374e+06		-31.2396			00:00:28:550		7.13404e+06		133.578		88.3901		3.45268e+06		1.23031		290.84		
00:00:28:300		1.19975e+07		-4.14868		5.46825		0		7.13332e+06		13.0357			00:00:28:300		7.13338e+06		133.357		88.1215		3.43358e+06		1.22407		290.857		
00:00:28:300		1.19975e+07		-4.14868		5.46825		0		7.13332e+06		13.0357			00:00:28:300		7.13338e+06		133.357		88.1215		3.43358e+06		1.22407		290.857		
00:00:28:199		1.20102e+07		-4.13578		5.47635		0		7.13354e+06		29.3314			00:00:28:199		7.13317e+06		133.135		87.8457		3.41433e+06		1.21783		290.864		
00:00:28:100		1.20229e+07		-4.12287		5.48395		0		7.13351e+06		36.9253			00:00:28:100		7.1327e+06		133.135		87.8457		3.41433e+06		1.21783		290.871		
00:00:28:000		1.20356e+07		-4.10994		5.491		0		7.13295e+06		17.9779			00:00:28:000		7.13236e+06		132.913		87.8457		3.41433e+06		1.21783		290.878		
00:00:27:899		1.20483e+07		-4.09699		5.49752		0		7.13196e+06		-21.3604			00:00:27:899		7.13195e+06		132.913		87.563		3.39501e+06		1.21159		290.886		
00:00:27:699		1.20736e+07		-4.07095		5.50929		0		7.13055e+06		-36.7258			00:00:27:699		7.13144e+06		132.691		87.2736		3.37562e+06		1.20535		290.902		
00:00:27:600		1.20863e+07		-4.05779		5.51465		0		7.13066e+06		0.0887792			00:00:27:600		7.13099e+06		132.691		87.2736		3.37562e+06		1.20535		290.911		
00:00:27:600		1.20863e+07		-4.05779		5.51465		0		7.13066e+06		0.0887792			00:00:27:600		7.13099e+06		132.691		87.2736		3.37562e+06		1.20535		290.911		
00:00:27:500		1.2099e+07		-4.04446		5.51955		0		7.13099e+06		30.4705			00:00:27:500		7.13068e+06		132.469		87.2736		3.37562e+06		1.20535		290.919		
00:00:27:350		1.21179e+07		-4.0242		5.52595		0		7.13099e+06		39.7104			00:00:27:350		7.12991e+06		132.469		86.9779		3.35616e+06		1.1991		290.933		
00:00:27:250		1.21304e+07		-4.01054		5.52969		0		7.13026e+06		14.6403			00:00:27:250		7.12966e+06		132.245		86.9779		3.35616e+06		1.1991		290.943		
00:00:27:149		1.21429e+07		-3.99677		5.53325		0		7.12915e+06		-31.346			00:00:27:149		7.12929e+06		132.245		86.6756		3.3365e+06		1.19285		290.952		
00:00:27:050		1.21554e+07		-3.9829		5.53661		0		7.12824e+06		-40.4965			00:00:27:050		7.12901e+06		132.245		86.6756		3.3365e+06		1.19285		290.962		
00:00:27:050		1.21554e+07		-3.9829		5.53661		0		7.12824e+06		-40.4965			00:00:27:050		7.12901e+06		132.245		86.6756		3.3365e+06		1.19285		290.962		
00:00:26:949		1.21678e+07		-3.96893		5.53953		0		7.12783e+06		-33.9122			00:00:26:949		7.12865e+06		132.022		86.3665		3.31669e+06		1.1866		290.973		
00:00:26:850		1.21803e+07		-3.95489		5.54183		0		7.12797e+06		9.69125			00:00:26:850		7.12819e+06		132.022		86.3665		3.31669e+06		1.1866		290.984		
00:00:26:649		1.22051e+07		-3.9266		5.54548		0		7.12817e+06		37.8661			00:00:26:649		7.12725e+06		131.798		86.0511		3.29669e+06		1.18034		291.006		
00:00:26:649		1.22051e+07		-3.9266		5.54548		0		7.12817e+06		37.8661			00:00:26:649		7.12725e+06		131.798		86.0511		3.29669e+06		1.18034		291.006		
00:00:26:500		1.22237e+07		-3.90523		5.54813		0		7.12711e+06		-6.72968			00:00:26:500		7.1268e+06		131.573		86.0511		3.29669e+06		1.18034		291.024		
00:00:26:399		1.22361e+07		-3.89094		5.54933		0		7.12612e+06		-33.2489			00:00:26:399		7.12645e+06		131.573		85.7296		3.27652e+06		1.17408		291.036		
00:00:26:300		1.22486e+07		-3.87661		5.54986		0		7.12543e+06		-33.8653			00:00:26:300		7.12603e+06		131.573		85.7296		3.27652e+06		1.17408		291.048		
00:00:26:199		1.22611e+07		-3.86226		5.54981		0		7.12522e+06		-14.0859			00:00:26:199		7.12559e+06		131.349		85.402		3.25623e+06		1.16782		291.061		
00:00:26:100		1.22736e+07		-3.84788		5.54993		0		7.12529e+06		23.4025			00:00:26:100		7.12517e+06		131.349		85.402		3.25623e+06		1.16782		291.074		
00:00:25:899		1.22987e+07		-3.81904		5.55028		0		7.12473e+06		20.0518			00:00:25:899		7.12427e+06		131.123		85.068		3.23575e+06		1.16156		291.101		
00:00:25:899		1.22987e+07		-3.81904		5.55028		0		7.12473e+06		20.0518			00:00:25:899		7.12427e+06		131.123		85.068		3.23575e+06		1.16156		291.101		
00:00:25:800		1.23112e+07		-3.80457		5.5492		0		7.12395e+06		-16.9795			00:00:25:800		7.12392e+06		131.123		85.068		3.23575e+06		1.16156		291.115		
00:00:25:600		1.23363e+07		-3.77554		5.54479		0		7.1228e+06		-17.344			00:00:25:600		7.12305e+06		130.898		84.7276		3.21515e+06		1.15528		291.144		
00:00:25:600		1.23363e+07		-3.77554		5.54479		0		7.1228e+06		-17.344			00:00:25:600		7.12305e+06		130.898		84.7276		3.21515e+06		1.15528		291.144		
00:00:25:500		1.23488e+07		-3.76097		5.54305		0		7.12266e+06		13.0896			00:00:25:500		7.12266e+06		130.672		84.7276		3.21515e+06		1.15528		291.159		
00:00:25:399		1.23613e+07		-3.74638		5.54312		0		7.12245e+06		19.5513			00:00:25:399		7.12221e+06		130.672		84.3806		3.19441e+06		1.14901		291.174		
00:00:25:300		1.23739e+07		-3.73175		5.54342		0		7.12202e+06		11.1299			00:00:25:300		7.12181e+06		130.672		84.3806		3.19441e+06		1.14901		291.19		
00:00:25:199		1.23864e+07		-3.71708		5.54157		0		7.12143e+06		-10.4872			00:00:25:199		7.12143e+06		130.446		84.0268		3.1736e+06		1.14273		291.205		
00:00:25:100		1.23989e+07		-3.70237		5.53721		0		7.12094e+06		-11.3311			00:00:25:100		7.12101e+06		130.446		84.0268		3.1736e+06		1.14273		291.221		
00:00:25:000		1.24114e+07		-3.68763		5.53323		0		7.12058e+06		0			00:00:25:000		7.12061e+06		130.219		84.0268		3.1736e+06		1.14273		291.238		
00:00:24:899		1.2424e+07		-3.67286		5.53192		8.90746		7.12024e+06		7.06142			00:00:24:899		7.12022e+06		130.219		83.6662		3.1527e+06		1.13644		291.254		
00:00:24:800		1.24365e+07		-3.65806		5.53288		15.0269		7.11986e+06		6.67568			00:00:24:800		7.1198e+06		130.219		83.6662		3.1527e+06		1.13644		291.271		
00:00:24:649		1.24553e+07		-3.63579		5.52979		24.6925		7.11918e+06		0.237787			00:00:24:649		7.11916e+06		129.991		83.2988		3.13161e+06		1.13015		291.297		
00:00:24:550		1.24679e+07		-3.6209		5.52294		30.8883		7.11874e+06		1.12823			00:00:24:550		7.11873e+06		129.991		83.2988		3.13161e+06		1.13015		291.315		
00:00:24:449		1.24805e+07		-3.60599		5.51728		36.7216		7.11832e+06		3.55102			00:00:24:449		7.11831e+06		129.762		82.9246		3.11034e+06		1.12385		291.333		
00:00:24:350		1.24931e+07		-3.59106		5.51751		42.4781		7.11791e+06		5.11064			00:00:24:350		7.11788e+06		129.762		82.9246		3.11034e+06		1.12385		291.35		
00:00:24:250		1.25057e+07		-3.5761		5.52306		46.7688		7.11748e+06		5.10383			00:00:24:250		7.11744e+06		129.534		82.9246		3.11034e+06		1.12385		291.369		
00:00:24:149		1.25184e+07		-3.56112		5.53155		48.1645		7.11704e+06		4.91418			00:00:24:149		7.11701e+06		129.534		82.5437		3.08895e+06		1.11754		291.387		
00:00:24:050		1.2531e+07		-3.54612		5.53332		48.4842		7.11662e+06		4.36001			00:00:24:050		7.11659e+06		129.534		82.5437		3.08895e+06		1.11754		291.406		
00:00:23:949		1.25437e+07		-3.53109		5.52037		48.6153		7.11621e+06		5.10076			00:00:23:949		7.11618e+06		129.304		82.1561		3.06746e+06		1.11122		291.425		
00:00:23:850		1.25564e+07		-3.51604		5.51195		48.7461		7.11582e+06		5.95084			00:00:23:850		7.11578e+06		129.304		82.1561		3.06746e+06		1.11122		291.444		
00:00:23:750		1.25691e+07		-3.50096		5.51088		48.9509		7.11544e+06		7.02842			00:00:23:750		7.11539e+06		129.074		82.1561		3.06746e+06		1.11122		291.463		
00:00:23:550		1.25945e+07		-3.47072		5.50218		49.3212		7.11472e+06		8.13924			00:00:23:550		7.11466e+06		129.074		81.7623		3.04578e+06		1.10489		291.501		
00:00:23:550		1.25945e+07		-3.47072		5.50218		49.3212		7.11472e+06		8.13924			00:00:23:550		7.11466e+06		129.074		81.7623		3.04578e+06		1.10489		291.501		
00:00:23:449		1.26072e+07		-3.45556		5.48636		49.487		7.11438e+06		9.0159			00:00:23:449		7.11431e+06		128.843		81.3625		3.02392e+06		1.09856		291.521		
00:00:23:350		1.26198e+07		-3.44036		5.47294		49.6707		7.11406e+06		9.86231			00:00:23:350		7.11398e+06		128.843		81.3625		3.02392e+06		1.09856		291.54		
00:00:23:250		1.26325e+07		-3.42513		5.47044		49.872		7.11375e+06		10.5947			00:00:23:250		7.11366e+06		128.611		81.3625		3.02392e+06		1.09856		291.559		
00:00:23:199		1.26388e+07		-3.41751		5.47253		49.9815		7.1136e+06		10.9114			00:00:23:199		7.1135e+06		128.611		80.9575		3.00175e+06		1.09222		291.568		
00:00:23:100		1.26515e+07		-3.40224		5.47478		50.1271		7.1133e+06		11.5473			00:00:23:100		7.1132e+06		128.611		80.9575		3.00175e+06		1.09222		291.587		
00:00:23:000		1.26642e+07		-3.38695		5.46452		50.3267		7.11302e+06		12.2291			00:00:23:000		7.11291e+06		128.379		80.9575		3.00175e+06		1.09222		291.605		
00:00:22:899		1.26768e+07		-3.37164		5.44349		50.5436		7.11275e+06		12.8687			00:00:22:899		7.11263e+06		128.379		80.5476		2.9793e+06		1.08586		291.623		
00:00:22:800		1.26895e+07		-3.35633		5.42787		50.7237		7.1125e+06		13.5507			00:00:22:800		7.11237e+06		128.379		80.5476		2.9793e+06		1.08586		291.641		
00:00:22:699		1.27021e+07		-3.34099		5.42929		50.9032		7.11226e+06		14.3421			00:00:22:699		7.11211e+06		128.147		80.1336		2.95665e+06		1.07951		291.658		
00:00:22:600		1.27148e+07		-3.32564		5.43901		51.0821		7.11203e+06		15.1125			00:00:22:600		7.11187e+06		128.147		80.1336		2.95665e+06		1.07951		291.676		
00:00:22:449		1.27338e+07		-3.30256		5.42655		51.4205		7.1117e+06		16.0455			00:00:22:449		7.11153e+06		127.914		79.716		2.93365e+06		1.07314		291.703		
00:00:22:350		1.27464e+07		-3.28714		5.39732		51.5977		7.1115e+06		16.7236			00:00:22:350		7.11132e+06		127.914		79.716		2.93365e+06		1.07314		291.722		
00:00:22:250		1.27592e+07		-3.27171		5.37919		51.8097		7.11131e+06		17.3729			00:00:22:250		7.11112e+06		127.68		79.716		2.93365e+06		1.07314		291.74		
00:00:22:149		1.27719e+07		-3.25626		5.38772		52.0208		7.11113e+06		18.0327			00:00:22:149		7.11092e+06		127.68		79.2957		2.91042e+06		1.06676		291.759		
00:00:22:050		1.27846e+07		-3.2408		5.40531		52.2487		7.11096e+06		18.7963			00:00:22:050		7.11074e+06		127.68		79.2957		2.91042e+06		1.06676		291.778		
00:00:21:949		1.27974e+07		-3.22533		5.4017		52.4408		7.11081e+06		19.5713			00:00:21:949		7.11057e+06		127.446		78.8738		2.88694e+06		1.06038		291.798		
00:00:21:850		1.28101e+07		-3.20985		5.36646		52.6669		7.11066e+06		20.3044			00:00:21:850		7.11042e+06		127.446		78.8738		2.88694e+06		1.06038		291.818		
00:00:21:750		1.28227e+07		-3.19433		5.33167		52.9095		7.11053e+06		20.9613			00:00:21:750		7.11027e+06		127.212		78.8738		2.88694e+06		1.06038		291.838		
00:00:21:649		1.28354e+07		-3.17879		5.33184		53.1338		7.11041e+06		21.5808			00:00:21:649		7.11013e+06		127.212		78.4514		2.86305e+06		1.054		291.86		
00:00:21:550		1.28481e+07		-3.16322		5.36407		53.3572		7.1103e+06		22.2189			00:00:21:550		7.11001e+06		127.212		78.4514		2.86305e+06		1.054		291.881		
00:00:21:449		1.28608e+07		-3.14763		5.37842		53.5969		7.11021e+06		22.8253			00:00:21:449		7.10991e+06		126.976		78.0299		2.83882e+06		1.04762		291.902		
00:00:21:350		1.28735e+07		-3.13201		5.34528		53.8355		7.11013e+06		23.6743			00:00:21:350		7.10982e+06		126.976		78.0299		2.83882e+06		1.04762		291.924		
00:00:21:250		1.28861e+07		-3.11639		5.28919		54.124		7.11008e+06		24.6856			00:00:21:250		7.10974e+06		126.74		78.0299		2.83882e+06		1.04762		291.947		
00:00:21:149		1.28988e+07		-3.10074		5.26602		54.4616		7.11005e+06		25.7223			00:00:21:149		7.10969e+06		126.74		77.6107		2.81427e+06		1.04122		291.97		
00:00:21:149		1.28988e+07		-3.10074		5.26602		54.4616		7.11005e+06		25.7223			00:00:21:149		7.10969e+06		126.74		77.6107		2.81427e+06		1.04122		291.97		
00:00:21:050		1.29115e+07		-3.08506		5.30893		54.9309		7.11003e+06		26.7108			00:00:21:050		7.10965e+06		126.74		77.6107		2.81427e+06		1.04122		291.993		
00:00:20:949		1.29243e+07		-3.06935		5.35031		55.7104		7.11004e+06		27.703			00:00:20:949		7.10963e+06		126.504		77.1952		2.78937e+06		1.03483		292.017		
00:00:20:850		1.29371e+07		-3.05362		5.33571		57.0949		7.11007e+06		28.7224			00:00:20:850		7.10963e+06		126.504		77.1952		2.78937e+06		1.03483		292.042		
00:00:20:649		1.29626e+07		-3.02207		5.14414		60.7837		7.11017e+06		30.771			00:00:20:649		7.10968e+06		126.266		76.7849		2.76393e+06		1.02842		292.092		
00:00:20:500		1.29817e+07		-2.99834		4.98035		63.5199		7.1103e+06		32.3569			00:00:20:500		7.10977e+06		126.027		76.7849		2.76393e+06		1.02842		292.131		
00:00:20:500		1.29817e+07		-2.99834		4.98035		63.5199		7.1103e+06		32.3569			00:00:20:500		7.10977e+06		126.027		76.7849		2.76393e+06		1.02842		292.131		
00:00:20:449		1.29881e+07		-2.99042		4.92661		64.4172		7.11035e+06		32.8555			00:00:20:449		7.1098e+06		126.027		76.3814		2.73803e+06		1.02201		292.144		
00:00:20:300		1.30073e+07		-2.96658		4.78159		67.0964		7.11054e+06		34.4106			00:00:20:300		7.10994e+06		126.027		76.3814		2.73803e+06		1.02201		292.183		
00:00:20:199		1.30201e+07		-2.95066		4.69366		68.8593		7.11068e+06		35.4088			00:00:20:199		7.11005e+06		125.787		75.986		2.71169e+06		1.01559		292.211		
00:00:20:100		1.30329e+07		-2.93473		4.59582		70.6069		7.11084e+06		36.4221			00:00:20:100		7.11017e+06		125.787		75.986		2.71169e+06		1.01559		292.239		
00:00:20:000		1.30458e+07		-2.91876		4.48422		72.3531		7.11101e+06		37.4068			00:00:20:000		7.11032e+06		125.546		75.986		2.71169e+06		1.01559		292.267		
00:00:19:899		1.30586e+07		-2.90278		4.37198		74.0602		7.1112e+06		38.4198			00:00:19:899		7.11047e+06		125.546		75.5993		2.68489e+06		1.00917		292.296		
00:00:19:800		1.30714e+07		-2.88679		4.27557		75.7677		7.11141e+06		39.3721			00:00:19:800		7.11065e+06		125.546		75.5993		2.68489e+06		1.00917		292.325		
00:00:19:600		1.3097e+07		-2.85475		4.10982		79.1484		7.11188e+06		41.3674			00:00:19:600		7.11104e+06		125.303		75.2224		2.65759e+06		1.00274		292.384		
00:00:19:500		1.31098e+07		-2.8387		4.0011		80.7998		7.11214e+06		42.369			00:00:19:500		7.11127e+06		125.058		75.2224		2.65759e+06		1.00274		292.415		
00:00:19:500		1.31098e+07		-2.8387		4.0011		80.7998		7.11214e+06		42.369			00:00:19:500		7.11127e+06		125.058		75.2224		2.65759e+06		1.00274		292.415		
00:00:19:399		1.31226e+07		-2.82261		3.87934		82.4765		7.11242e+06		43.3904			00:00:19:399		7.1115e+06		125.058		74.8545		2.62975e+06		0.9963		292.446		
00:00:19:350		1.3129e+07		-2.81456		3.82349		83.2802		7.11256e+06		43.8807			00:00:19:350		7.11163e+06		125.058		74.8545		2.62975e+06		0.9963		292.462		
00:00:19:199		1.31482e+07		-2.79035		3.70163		85.7468		7.11302e+06		45.3511			00:00:19:199		7.11202e+06		124.81		74.4917		2.60124e+06		0.989856		292.511		
00:00:19:100		1.3161e+07		-2.77418		3.63331		87.365		7.11335e+06		46.3515			00:00:19:100		7.11230e+06		124.81		74.4917		2.60124e+06		0.989856		292.544		
00:00:19:050		1.31674e+07		-2.76608		3.59017		88.1901		7.11351e+06		46.8372			00:00:19:050		7.11245e+06		124.81		74.4917		2.60124e+06		0.989856		292.56		
00:00:18:899		1.31866e+07		-2.74174		3.40388		90.5909		7.11404e+06		48.2475			00:00:18:899		7.11291e+06		124.561		74.1205		2.57208e+06		0.983405		292.612		
00:00:18:800		1.31994e+07		-2.72547		3.28237		92.1991		7.11441e+06		49.2219			00:00:18:800		7.11324e+06		124.561		74.1205		2.57208e+06		0.983405		292.647		
00:00:18:600		1.3225e+07		-2.69285		3.16803		95.3967		7.11519e+06		51.1588			00:00:18:600		7.11393e+06		124.309		73.741		2.54225e+06		0.976948		292.719		
00:00:18:500		1.32378e+07		-2.67651		3.09738		96.9672		7.1156e+06		52.1125			00:00:18:500		7.1143e+06		124.053		73.741		2.54225e+06		0.976948		292.757		
00:00:18:500		1.32378e+07		-2.67651		3.09738		96.9672		7.1156e+06		52.1125			00:00:18:500		7.1143e+06		124.053		73.741		2.54225e+06		0.976948		292.757		
00:00:18:399		1.32506e+07		-2.66015		2.95273		98.5616		7.11603e+06		53.0683			00:00:18:399		7.11467e+06		124.053		73.3528		2.51163e+06		0.970485		292.795		
00:00:18:300		1.32634e+07		-2.64378		2.80297		100.16		7.11647e+06		54.002			00:00:18:300		7.11506e+06		124.053		73.3528		2.51163e+06		0.970485		292.834		
00:00:18:199		1.32762e+07		-2.62741		2.71898		101.734		7.11692e+06		54.8934			00:00:18:199		7.11547e+06		123.795		72.9558		2.48022e+06		0.964016		292.873		
00:00:18:100		1.32891e+07		-2.61102		2.72315		103.313		7.11738e+06		55.7758			00:00:18:100		7.11588e+06		123.795		72.9558		2.48022e+06		0.964016		292.914		
00:00:18:000		1.3302e+07		-2.5946		2.72737		104.904		7.11785e+06		56.6419			00:00:18:000		7.11631e+06		123.533		72.9558		2.48022e+06		0.964016		292.955		
00:00:17:899		1.33149e+07		-2.57815		2.73153		106.509		7.11834e+06		57.4901			00:00:17:899		7.11675e+06		123.533		72.5499		2.44807e+06		0.957541		292.997		
00:00:17:800		1.33277e+07		-2.56167		2.7357		108.125		7.11883e+06		58.3597			00:00:17:800		7.1172e+06		123.533		72.5499		2.44807e+06		0.957541		293.04		
00:00:17:699		1.33406e+07		-2.54516		2.73996		109.719		7.11934e+06		59.2691			00:00:17:699		7.11766e+06		123.267		72.135		2.41505e+06		0.951061		293.084		
00:00:17:600		1.33535e+07		-2.52861		2.74429		111.316		7.11987e+06		60.1765			00:00:17:600		7.11813e+06		123.267		72.135		2.41505e+06		0.951061		293.128		
00:00:17:500		1.33663e+07		-2.51202		2.74854		112.933		7.12041e+06		61.1843			00:00:17:500		7.11862e+06		122.997		72.135		2.41505e+06		0.951061		293.174		
00:00:17:399		1.33791e+07		-2.4954		2.75287		114.578		7.12097e+06		62.2074			00:00:17:399		7.11912e+06		122.997		71.7109		2.38098e+06		0.944575		293.22		
00:00:17:300		1.3392e+07		-2.47875		2.75721		116.233		7.12154e+06		63.3235			00:00:17:300		7.11963e+06		122.997		71.7109		2.38098e+06		0.944575		293.267		
00:00:17:199		1.34048e+07		-2.46206		2.76155		117.882		7.12213e+06		64.4786			00:00:17:199		7.12015e+06		122.722		71.2773		2.34587e+06		0.938084		293.315		
00:00:17:100		1.34176e+07		-2.44535		2.76587		119.533		7.12274e+06		65.6463			00:00:17:100		7.12069e+06		122.722		71.2773		2.34587e+06		0.938084		293.364		
00:00:17:000		1.34304e+07		-2.42862		2.77031		121.232		7.12337e+06		66.8335			00:00:17:000		7.12124e+06		122.442		71.2773		2.34587e+06		0.938084		293.413		
00:00:16:899		1.34431e+07		-2.41188		2.77474		122.963		7.12401e+06		67.9729			00:00:16:899		7.12181e+06		122.442		70.8337		2.30969e+06		0.931588		293.463		
00:00:16:800		1.34558e+07		-2.39512		2.7792		124.702		7.12467e+06		69.0131			00:00:16:800		7.1224e+06		122.442		70.8337		2.30969e+06		0.931588		293.514		
00:00:16:699		1.34685e+07		-2.37833		2.78369		126.424		7.12534e+06		69.8822			00:00:16:699		7.12302e+06		122.157		70.3798		2.27244e+06		0.925087		293.566		
00:00:16:600		1.34812e+07		-2.36151		2.78826		128.162		7.12603e+06		70.6204			00:00:16:600		7.12366e+06		122.157		70.3798		2.27244e+06		0.925087		293.618		
00:00:16:500		1.34939e+07		-2.34466		2.79282		129.972		7.12674e+06		71.3295			00:00:16:500		7.12433e+06		121.866		70.3798		2.27244e+06		0.925087		293.67		
00:00:16:350		1.35129e+07		-2.3193		2.79966		132.761		7.12789e+06		73.7654			00:00:16:350		7.12535e+06		121.866		69.9152		2.23411e+06		0.918581		293.751		
00:00:16:250		1.35256e+07		-2.30235		2.80429		134.596		7.12871e+06		75.8243			00:00:16:250		7.12603e+06		121.569		69.9152		2.23411e+06		0.918581		293.805		
00:00:16:149		1.35384e+07		-2.28537		2.809		136.414		7.12957e+06		77.9289			00:00:16:149		7.12674e+06		121.569		69.4395		2.19455e+06		0.912069		293.86		
00:00:16:100		1.35447e+07		-2.27686		2.8113		137.364		7.13002e+06		78.9896			00:00:16:100		7.12712e+06		121.569		69.4395		2.19455e+06		0.912069		293.887		
00:00:16:000		1.35575e+07		-2.25984		2.81596		139.346		7.13096e+06		81.1948			00:00:16:000		7.12789e+06		121.265		69.4395		2.1537e+06		0.912069		293.943		
00:00:15:849		1.35766e+07		-2.23423		2.82306		142.433		7.13245e+06		84.5842			00:00:15:849		7.12912e+06		121.265		68.9524		2.1537e+06		0.905552		294.026		
00:00:15:750		1.35893e+07		-2.21712		2.8279		144.434		7.1335e+06		86.8161			00:00:15:750		7.12999e+06		120.954		68.9524		2.1537e+06		0.905552		294.082		
00:00:15:650		1.3602e+07		-2.19998		2.8327		146.447		7.13459e+06		88.9863			00:00:15:650		7.1309e+06		120.954		68.454		2.11154e+06		0.899028		294.139		
00:00:15:550		1.36148e+07		-2.18282		2.83749		148.652		7.13571e+06		90.7991			00:00:15:550		7.13186e+06		120.954		68.454		2.11154e+06		0.899028		294.196		
00:00:15:449		1.36275e+07		-2.16565		2.84236		151.1		7.13687e+06		92.6133			00:00:15:449		7.13286e+06		120.636		67.9444		2.068e+06		0.892497		294.253		
00:00:15:349		1.36402e+07		-2.14844		2.84717		153.621		7.13807e+06		94.4368			00:00:15:349		7.1339e+06		120.636		67.9444		2.068e+06		0.892497		294.31		
00:00:15:250		1.36529e+07		-2.13121		2.85205		156.139		7.1393e+06		96.2364			00:00:15:250		7.13498e+06		120.31		67.9444		2.068e+06		0.892497		294.367		
00:00:15:150		1.36657e+07		-2.11395		2.8569		158.951		7.14057e+06		98.1128			00:00:15:150		7.13608e+06		120.31		67.4238		2.02299e+06		0.885958		294.424		
00:00:15:050		1.36784e+07		-2.09667		2.86187		162.72		7.14189e+06		100.016			00:00:15:050		7.13721e+06		120.31		67.4238		2.02299e+06		0.885958		294.481		
00:00:14:949		1.36911e+07		-2.07938		2.86689		168.351		7.14323e+06		101.961			00:00:14:949		7.13837e+06		119.976		66.8925		1.9765e+06		0.879409		294.538		
00:00:14:849		1.37038e+07		-2.0621		2.87187		177.562		7.1446e+06		103.907			00:00:14:849		7.13955e+06		119.976		66.8925		1.9765e+06		0.879409		294.594		
00:00:14:750		1.37166e+07		-2.04487		2.87684		194.434		7.14599e+06		105.86			00:00:14:750		7.14073e+06		119.633		66.8925		1.9765e+06		0.879409		294.651		
00:00:14:650		1.37292e+07		-2.02767		2.88188		225.911		7.14738e+06		107.737			00:00:14:650		7.14191e+06		119.633		66.3513		1.92851e+06		0.872848		294.707		
00:00:14:550		1.37419e+07		-2.01053		2.88688		268.9		7.14874e+06		109.485			00:00:14:550		7.14306e+06		119.633		66.3513		1.92851e+06		0.872848		294.762		
00:00:14:449		1.37545e+07		-1.99345		2.89187		312.254		7.15006e+06		111.112			00:00:14:449		7.14418e+06		119.282		65.801		1.879e+06		0.866273		294.817		
00:00:14:400		1.37608e+07		-1.98495		2.89441		332.615		7.1507e+06		111.887			00:00:14:400		7.14473e+06		119.282		65.801		1.879e+06		0.866273		294.844		
00:00:14:250		1.37799e+07		-1.95959		2.90198		385.793		7.15257e+06		113.922			00:00:14:250		7.14636e+06		118.923		65.801		1.879e+06		0.866273		294.925		
00:00:14:150		1.37926e+07		-1.94281		2.90708		414.267		7.15378e+06		115.132			00:00:14:150		7.14743e+06		118.923		65.2419		1.82806e+06		0.859682		294.977		
00:00:14:050		1.38053e+07		-1.92614		2.91214		437.554		7.15497e+06		116.18			00:00:14:050		7.1485e+06		118.923		65.2419		1.82806e+06		0.859682		295.029		
00:00:13:949		1.38181e+07		-1.90958		2.91719		456.215		7.15615e+06		116.86			00:00:13:949		7.14959e+06		118.555		64.6748		1.77579e+06		0.853074		295.08		
00:00:13:849		1.38308e+07		-1.89313		2.92223		470.488		7.15733e+06		117.531			00:00:13:849		7.1507e+06		118.555		64.6748		1.77579e+06		0.853074		295.13		
00:00:13:750		1.38436e+07		-1.87681		2.92738		479.585		7.15852e+06		118.221			00:00:13:750		7.15183e+06		118.179		64.6748		1.77579e+06		0.853074		295.178		
00:00:13:650		1.38563e+07		-1.86062		2.93263		482.535		7.15974e+06		119.033			00:00:13:650		7.15297e+06		118.179		64.1		1.7221e+06		0.846446		295.225		
00:00:13:550		1.38691e+07		-1.84458		2.93771		483.161		7.16099e+06		119.86			00:00:13:550		7.15414e+06		118.179		64.1		1.7221e+06		0.846446		295.271		
00:00:13:449		1.3882e+07		-1.82869		2.94297		483.728		7.16228e+06		120.842			00:00:13:449		7.15533e+06		117.795		63.5178		1.6669e+06		0.839799		295.315		
00:00:13:349		1.38949e+07		-1.81296		2.94816		484.294		7.16359e+06		121.817			00:00:13:349		7.15653e+06		117.795		63.5178		1.6669e+06		0.839799		295.357		
00:00:13:250		1.39078e+07		-1.7974		2.95341		484.849		7.16491e+06		122.835			00:00:13:250		7.15775e+06		117.404		63.5178		1.6669e+06		0.839799		295.398		
00:00:13:250		1.39078e+07		-1.7974		2.95341		484.849		7.16491e+06		122.835			00:00:13:250		7.15775e+06		117.404		63.5178		1.6669e+06		0.839799		295.398		
00:00:13:050		1.39338e+07		-1.76664		2.96393		485.939		7.16761e+06		124.966			00:00:13:050		7.16021e+06		117.404		62.9279		1.61032e+06		0.83313		295.478		
00:00:12:949		1.39468e+07		-1.7514		2.969		486.471		7.16899e+06		126.161			00:00:12:949		7.16145e+06		117.007		62.3303		1.55219e+06		0.826438		295.516		
00:00:12:949		1.39468e+07		-1.7514		2.969		486.471		7.16899e+06		126.161			00:00:12:949		7.16145e+06		117.007		62.3303		1.55219e+06		0.826438		295.516		
00:00:12:650		1.39868e+07		-1.70592		2.98449		488.271		7.1732e+06		129.863			00:00:12:650		7.16523e+06		116.603		61.7252		1.4924e+06		0.819724		295.625		
00:00:12:650		1.39868e+07		-1.70592		2.98449		488.271		7.1732e+06		129.863			00:00:12:650		7.16523e+06		116.603		61.7252		1.4924e+06		0.819724		295.625		
00:00:12:550		1.40005e+07		-1.69074		2.98962		488.516		7.17462e+06		131.145			00:00:12:550		7.1665e+06		116.603		61.7252		1.4924e+06		0.819724		295.66		
00:00:12:550		1.40005e+07		-1.69074		2.98962		488.516		7.17462e+06		131.145			00:00:12:550		7.1665e+06		116.603		61.7252		1.4924e+06		0.819724		295.66		
00:00:12:400		1.40214e+07		-1.66786		2.9975		489.24		7.17676e+06		133.07			00:00:12:400		7.1684e+06		116.192		61.1124		1.43085e+06		0.812985		295.713		
00:00:12:300		1.40357e+07		-1.6525		3.0025		489.702		7.17821e+06		134.444			00:00:12:300		7.16968e+06		116.192		61.1124		1.43085e+06		0.812985		295.748		
00:00:12:199		1.40503e+07		-1.63702		3.00773		490.154		7.17966e+06		135.963			00:00:12:199		7.17096e+06		115.773		60.4924		1.36741e+06		0.80622		295.783		
00:00:12:150		1.40578e+07		-1.62924		3.01048		490.373		7.1804e+06		136.807			00:00:12:150		7.17159e+06		115.773		60.4924		1.36741e+06		0.80622		295.801		
00:00:12:050		1.40732e+07		-1.61357		3.01572		490.804		7.1819e+06		138.684			00:00:12:050		7.17286e+06		115.773		60.4924		1.36741e+06		0.80622		295.836		
00:00:11:900		1.4097e+07		-1.58984		3.02309		491.427		7.1842e+06		141.796			00:00:11:900		7.17476e+06		115.346		59.8653		1.3022e+06		0.799427		295.89		
00:00:11:800		1.4113e+07		-1.5739		3.0279		491.826		7.18577e+06		143.991			00:00:11:800		7.17604e+06		115.346		59.8653		1.3022e+06		0.799427		295.927		
00:00:11:699		1.41289e+07		-1.55785		3.03298		492.208		7.18735e+06		146.251			00:00:11:699		7.17732e+06		114.91		59.2312		1.23519e+06		0.792604		295.964		
00:00:11:500		1.41601e+07		-1.5253		3.04357		492.927		7.19056e+06		150.96			00:00:11:500		7.17987e+06		114.465		59.2312		1.23519e+06		0.792604		296.038		
00:00:11:500		1.41601e+07		-1.5253		3.04357		492.927		7.19056e+06		150.96			00:00:11:500		7.17987e+06		114.465		59.2312		1.23519e+06		0.792604		296.038		
00:00:11:449		1.41677e+07		-1.51703		3.04597		493.097		7.19137e+06		152.156			00:00:11:449		7.18051e+06		114.465		58.5904		1.1662e+06		0.785747		296.058		
00:00:11:349		1.41822e+07		-1.5003		3.05074		493.419		7.19299e+06		154.391			00:00:11:349		7.1818e+06		114.465		58.5904		1.1662e+06		0.785747		296.097		
00:00:11:250		1.41956e+07		-1.48333		3.0555		493.729		7.19462e+06		156.539			00:00:11:250		7.18312e+06		114.012		58.5904		1.1662e+06		0.785747		296.138		
00:00:11:150		1.42084e+07		-1.46629		3.06075		494.019		7.19626e+06		158.753			00:00:11:150		7.18443e+06		114.012		57.9432		1.09503e+06		0.77885		296.181		
00:00:11:050		1.42212e+07		-1.44922		3.06607		494.42		7.1979e+06		161.048			00:00:11:050		7.18601e+06		114.012		57.9432		1.09503e+06		0.77885		296.226		
00:00:10:900		1.42403e+07		-1.42354		3.07346		494.662		7.20037e+06		164.518			00:00:10:900		7.18766e+06		113.548		57.2903		1.02159e+06		0.771913		296.299		
00:00:10:800		1.4253e+07		-1.40639		3.07756		494.891		7.202e+06		166.813			00:00:10:800		7.18894e+06		113.548		57.2903		1.02159e+06		0.771913		296.35		
00:00:10:650		1.42719e+07		-1.38059		3.08435		495.2		7.20444e+06		170.215			00:00:10:650		7.19083e+06		113.075		56.6326		945962		0.764952		296.43		
00:00:10:500		1.42906e+07		-1.35467		3.09267		495.481		7.20684e+06		173.514			00:00:10:500		7.19269e+06		112.591		56.6326		945962		0.764952		296.515		
00:00:10:500		1.42906e+07		-1.35467		3.09267		495.481		7.20684e+06		173.514			00:00:10:500		7.19269e+06		112.591		56.6326		945962		0.764952		296.515		
00:00:10:400		1.43029e+07		-1.33729		3.09724		495.649		7.20841e+06		175.637			00:00:10:400		7.19391e+06		112.591		55.971		868462		0.75798		296.573		
00:00:10:300		1.43148e+07		-1.31981		3.10114		495.798		7.20996e+06		177.688			00:00:10:300		7.19511e+06		112.591		55.971		868462		0.75798		296.631		
00:00:10:199		1.43264e+07		-1.30222		3.10486		495.936		7.21148e+06		179.667			00:00:10:199		7.19629e+06		112.094		55.3068		790176		0.750994		296.689		
00:00:10:099		1.43377e+07		-1.28461		3.11109		496.054		7.21297e+06		181.588			00:00:10:099		7.19744e+06		112.094		55.3068		790176		0.750994		296.748		
00:00:10:000		1.43491e+07		-1.26695		3.11754		496.154		7.21441e+06		183.429			00:00:10:000		7.19856e+06		111.583		55.3068		790176		0.750994		296.808		
00:00:09:900		1.43602e+07		-1.24927		3.12356		496.233		7.21581e+06		185.26			00:00:09:900		7.19965e+06		111.583		54.6408		715418		0.743993		296.87		
00:00:09:800		1.43712e+07		-1.23158		3.12957		496.286		7.21717e+06		187.077			00:00:09:800		7.20068e+06		111.583		54.6408		715418		0.743993		296.933		
00:00:09:699		1.43823e+07		-1.21383		3.15427		496.323		7.21849e+06		188.938			00:00:09:699		7.20167e+06		111.056		53.9747		659487		0.725249		296.995		
00:00:09:599		1.43936e+07		-1.19606		3.00812		496.335		7.21976e+06		190.934			00:00:09:599		7.20259e+06		111.056		53.9747		659487		0.725249		297.053		
00:00:09:500		1.44046e+07		-1.17828		3.02718		496.331		7.22098e+06		192.999			00:00:09:500		7.20343e+06		110.496		53.9747		659487		0.725249		297.109		
00:00:09:400		1.44158e+07		-1.16048		3.15886		496.307		7.22215e+06		195.156			00:00:09:400		7.20419e+06		110.496		53.3092		618492		0.705943		297.193		
00:00:09:300		1.44268e+07		-1.14264		3.16364		496.264		7.22324e+06		197.423			00:00:09:300		7.20487e+06		110.496		53.3092		618492		0.705943		297.273		
00:00:09:199		1.44377e+07		-1.12484		3.16894		496.209		7.22428e+06		199.776			00:00:09:199		7.20545e+06		109.874		52.6408		576789		0.686558		297.355		
00:00:09:099		1.4449e+07		-1.10693		3.17385		496.15		7.22523e+06		202.151			00:00:09:099		7.20595e+06		109.874		52.6408		576789		0.686558		297.44		
00:00:08:949		1.44652e+07		-1.07997		3.18147		496.069		7.22651e+06		205.685			00:00:08:949		7.20652e+06		109.662		51.9684		535304		0.667093		297.573		
00:00:08:849		1.4476e+07		-1.06195		3.18624		496.026		7.22723e+06		207.918			00:00:08:849		7.20679e+06		109.662		51.9684		535304		0.667093		297.666		
00:00:08:800		1.44811e+07		-1.05289		3.18859		496.009		7.22755e+06		208.985			00:00:08:800		7.20688e+06		109.662		51.9684		535304		0.667093		297.712		
00:00:08:699		1.44911e+07		-1.03464		3.19384		495.993		7.22809e+06		211.005			00:00:08:699		7.20701e+06		109.441		51.2897		494159		0.647542		297.807		
00:00:08:550		1.45047e+07		-1.00722		3.20091		496.024		7.2287e+06		213.783			00:00:08:550		7.20703e+06		109.441		51.2897		494159		0.647542		297.952		
00:00:08:449		1.45131e+07		-0.988805		3.20555		496.083		7.22897e+06		215.488			00:00:08:449		7.20692e+06		109.208		50.6057		453318		0.6279		298.052		
00:00:08:349		1.45209e+07		-0.970514		3.20995		496.176		7.22912e+06		217.067			00:00:08:349		7.20673e+06		109.208		50.6057		453318		0.6279		298.154		
00:00:08:250		1.45288e+07		-0.952382		3.21464		496.295		7.22916e+06		218.505			00:00:08:250		7.20645e+06		108.965		50.6057		453318		0.6279		298.258		
00:00:08:150		1.45369e+07		-0.934452		3.21926		496.431		7.22908e+06		219.737			00:00:08:150		7.20609e+06		108.965		49.9169		412961		0.608166		298.363		
00:00:08:050		1.45455e+07		-0.916748		3.22488		496.576		7.22887e+06		220.572			00:00:08:050		7.20566e+06		108.965		49.9169		412961		0.608166		298.469		
00:00:07:950		1.45548e+07		-0.899298		3.22907		496.72		7.22848e+06		220.8			00:00:07:950		7.20517e+06		108.71		49.2246		373357		0.588336		298.577		
00:00:07:900		1.45597e+07		-0.890671		3.23145		496.788		7.22823e+06		220.735			00:00:07:900		7.2049e+06		108.71		49.2246		373357		0.588336		298.632		
00:00:07:799		1.45704e+07		-0.873598		3.2349		496.908		7.2276e+06		220.632			00:00:07:799		7.20428e+06		108.71		49.2246		373357		0.588336		298.742		
00:00:07:700		1.45819e+07		-0.856672		3.23867		497.002		7.22686e+06		221.12			00:00:07:700		7.20347e+06		108.443		48.5316		334632		0.568404		298.855		
00:00:07:599		1.45937e+07		-0.839782		3.24355		497.075		7.22604e+06		222.3			00:00:07:599		7.20244e+06		108.443		48.5316		334632		0.568404		298.972		
00:00:07:450		1.46112e+07		-0.814505		3.25128		497.153		7.22476e+06		225.662			00:00:07:450		7.20057e+06		108.164		47.8396		296910		0.548362		299.152		
00:00:07:349		1.46228e+07		-0.797681		3.25471		497.204		7.22404e+06		229.43			00:00:07:349		7.19915e+06		108.164		47.8396		296910		0.548362		299.275		
00:00:07:250		1.46344e+07		-0.780884		3.25756		497.261		7.2234e+06		233.775			00:00:07:250		7.19754e+06		107.873		47.8396		296910		0.548362		299.4		
00:00:07:150		1.46459e+07		-0.764118		3.26083		497.347		7.22252e+06		237.728			00:00:07:150		7.1957e+06		107.873		47.1503		260511		0.528209		299.527		
00:00:07:049		1.46574e+07		-0.747386		3.266		497.473		7.22132e+06		241.344			00:00:07:049		7.19362e+06		107.873		47.1503		260511		0.528209		299.658		
00:00:06:950		1.46689e+07		-0.730689		3.27181		497.641		7.21987e+06		244.896			00:00:06:950		7.19133e+06		107.57		46.4664		225878		0.50794		299.793		
00:00:06:849		1.46803e+07		-0.714032		3.27525		497.859		7.21824e+06		248.431			00:00:06:849		7.18885e+06		107.57		46.4664		225878		0.50794		299.933		
00:00:06:750		1.46916e+07		-0.697409		3.27615		498.131		7.21643e+06		251.884			00:00:06:750		7.18619e+06		107.255		46.4664		225878		0.50794		300.078		
00:00:06:650		1.4703e+07		-0.680839		3.27635		498.465		7.21444e+06		255.139			00:00:06:650		7.18338e+06		107.255		45.7908		193437		0.487549		300.226		
00:00:06:549		1.47142e+07		-0.664324		3.28049		498.864		7.21226e+06		258.025			00:00:06:549		7.18044e+06		107.255		45.7908		193437		0.487549		300.372		
00:00:06:450		1.47255e+07		-0.647857		3.28697		499.325		7.20989e+06		260.294			00:00:06:450		7.17744e+06		106.927		45.1261		163611		0.467036		300.518		
00:00:06:450		1.47255e+07		-0.647857		3.28697		499.325		7.20989e+06		260.294			00:00:06:450		7.17744e+06		106.927		45.1261		163611		0.467036		300.518		
00:00:06:349		1.47367e+07		-0.63144		3.2911		499.848		7.2073e+06		261.455			00:00:06:349		7.17446e+06		106.927		45.1261		163611		0.467036		300.664		
00:00:06:250		1.47478e+07		-0.615074		3.29147		500.429		7.20449e+06		261.982			00:00:06:250		7.17142e+06		106.588		45.1261		163611		0.467036		300.81		
00:00:06:150		1.47589e+07		-0.598766		3.28956		501.064		7.20142e+06		261.795			00:00:06:150		7.16829e+06		106.588		44.4764		136836		0.446398		300.959		
00:00:05:950		1.47811e+07		-0.566359		3.30396		502.43		7.19452e+06		260.526			00:00:05:950		7.16161e+06		106.239		43.8456		113648		0.42563		301.265		
00:00:05:849		1.47921e+07		-0.550261		3.31087		503.146		7.19082e+06		260.072			00:00:05:849		7.15801e+06		106.239		43.8456		113648		0.42563		301.426		
00:00:05:750		1.48031e+07		-0.534235		3.31032		503.874		7.18703e+06		260.053			00:00:05:750		7.15426e+06		105.881		43.8456		113648		0.42563		301.593		
00:00:05:750		1.48031e+07		-0.534235		3.31032		503.874		7.18703e+06		260.053			00:00:05:750		7.15426e+06		105.881		43.8456		113648		0.42563		301.593		
00:00:05:549		1.48249e+07		-0.502439		3.30649		505.354		7.17945e+06		261.824			00:00:05:549		7.1463e+06		105.881		43.2383		93701.2		0.404722		301.953		
00:00:05:549		1.48249e+07		-0.502439		3.30649		505.354		7.17945e+06		261.824			00:00:05:549		7.1463e+06		105.881		43.2383		93701.2		0.404722		301.953		
00:00:05:450		1.48358e+07		-0.486679		3.31834		506.112		7.17556e+06		263.218			00:00:05:450		7.14206e+06		105.513		42.6581		76379.1		0.383666		302.141		
00:00:05:349		1.48466e+07		-0.471019		3.32809		506.886		7.17154e+06		264.8			00:00:05:349		7.13763e+06		105.513		42.6581		76379.1		0.383666		302.336		
00:00:05:150		1.48682e+07		-0.440015		3.30914		508.474		7.16299e+06		268.135			00:00:05:150		7.12814e+06		105.163		42.1109		61658.1		0.362455		302.733		
00:00:05:049		1.4879e+07		-0.424666		3.30635		509.308		7.15835e+06		269.507			00:00:05:049		7.12307e+06		105.163		42.1109		61658.1		0.362455		302.931		
00:00:04:950		1.48898e+07		-0.409415		3.32522		510.175		7.15342e+06		270.59			00:00:04:950		7.11779e+06		104.799		41.5969		49297.4		0.341083		303.138		
00:00:04:849		1.49007e+07		-0.394277		3.34786		511.095		7.14822e+06		271.451			00:00:04:849		7.11229e+06		104.799		41.5969		49297.4		0.341083		303.354		
00:00:04:849		1.49007e+07		-0.394277		3.34786		511.095		7.14822e+06		271.451			00:00:04:849		7.11229e+06		104.799		41.5969		49297.4		0.341083		303.354		
00:00:04:650		1.49225e+07		-0.364373		3.31411		513.169		7.13708e+06		272.507			00:00:04:650		7.10073e+06		104.423		41.1233		38936.8		0.31954		303.804		
00:00:04:549		1.49334e+07		-0.349623		3.2929		514.378		7.13115e+06		272.729			00:00:04:549		7.09468e+06		104.423		41.1233		38936.8		0.31954		304.036		
00:00:04:549		1.49334e+07		-0.349623		3.2929		514.378		7.13115e+06		272.729			00:00:04:549		7.09468e+06		104.423		41.1233		38936.8		0.31954		304.036		
00:00:04:450		1.49444e+07		-0.335021		3.31695		515.734		7.12499e+06		272.758			00:00:04:450		7.08844e+06		104.041		40.6961		30328.2		0.297823		304.273		
00:00:04:299		1.4961e+07		-0.31337		3.37217		518.101		7.11536e+06		272.601			00:00:04:299		7.07876e+06		104.041		40.6961		30328.2		0.297823		304.636		
00:00:04:200		1.49722e+07		-0.299076		3.343		519.913		7.10869e+06		272.446			00:00:04:200		7.07208e+06		103.654		40.3189		22998.2		0.275928		304.879		
00:00:04:099		1.49836e+07		-0.284911		3.27601		521.894		7.10185e+06		272.237			00:00:04:099		7.06525e+06		103.654		40.3189		22998.2		0.275928		305.125		
00:00:03:899		1.50071e+07		-0.256985		3.32493		526.238		7.08767e+06		270.998			00:00:03:899		7.05126e+06		103.265		39.9879		16523.9		0.253855		305.618		
00:00:03:899		1.50071e+07		-0.256985		3.32493		526.238		7.08767e+06		270.998			00:00:03:899		7.05126e+06		103.265		39.9879		16523.9		0.253855		305.618		
00:00:03:799		1.50193e+07		-0.243187		3.4023		528.474		7.08033e+06		268.221			00:00:03:799		7.04445e+06		103.265		39.9879		16523.9		0.253855		305.865		
00:00:03:700		1.50317e+07		-0.229469		3.37362		530.655		7.07264e+06		258.963			00:00:03:700		7.03847e+06		102.901		39.6736		10958.8		0.231602		306.113		
00:00:03:500		1.50571e+07		-0.201887		3.15126		534.408		7.05539e+06		238.365			00:00:03:500		7.02581e+06		102.53		39.6736		10958.8		0.231602		306.603		
00:00:03:500		1.50571e+07		-0.201887		3.15126		534.408		7.05539e+06		238.365			00:00:03:500		7.02581e+06		102.53		39.6736		10958.8		0.231602		306.603		
00:00:03:399		1.5068e+07		-0.18773		3.28181		535.692		7.04594e+06		227.942			00:00:03:399		7.01862e+06		102.53		39.3532		6631.33		0.209173		306.844		
00:00:03:299		1.50769e+07		-0.173552		3.46432		536.398		7.03604e+06		217.891			00:00:03:299		7.01084e+06		102.53		39.3532		6631.33		0.209173		307.081		
00:00:03:200		1.50854e+07		-0.159471		3.64704		536.42		7.0258e+06		208.262			00:00:03:200		7.00256e+06		102.15		38.9974		3568.7		0.18658		307.312		
00:00:03:100		1.50938e+07		-0.145474		3.83011		535.723		7.01534e+06		199.092			00:00:03:100		6.99392e+06		102.15		38.9974		3568.7		0.18658		307.536		
00:00:03:000		1.5102e+07		-0.131559		4.01236		534.386		7.00484e+06		190.193			00:00:03:000		6.98514e+06		101.76		38.9974		3568.7		0.18658		307.746		
00:00:02:899		1.51102e+07		-0.117715		4.19523		532.758		6.99458e+06		181.27			00:00:02:899		6.97658e+06		101.76		38.5997		1547.49		0.163844		307.943		
00:00:02:799		1.51182e+07		-0.103935		4.37773		531.333		6.98494e+06		173.528			00:00:02:799		6.9685e+06		101.76		38.5997		1547.49		0.163844		308.127		
00:00:02:600		1.51341e+07		-0.0765653		4.61738		529.818		6.97016e+06		205.604			00:00:02:600		6.95081e+06		101.418		38.1258		467.568		0.140984		308.462		
00:00:02:500		1.51423e+07		-0.0629444		4.40219		529.695		6.96633e+06		311.144			00:00:02:500		6.92776e+06		101.07		38.1258		467.568		0.140984		308.618		
00:00:02:500		1.51423e+07		-0.0629444		4.40219		529.695		6.96633e+06		311.144			00:00:02:500		6.92776e+06		101.07		38.1258		467.568		0.140984		308.618		
00:00:02:399		1.51506e+07		-0.0493326		4.18689		529.829		6.9644e+06		422.042			00:00:02:399		6.88203e+06		101.07		37.6335		70.8573		0.11802		308.766		
00:00:02:299		1.51594e+07		-0.0357323		3.9738		530.002		6.96358e+06		473.073			00:00:02:299		6.86267e+06		101.07		37.6335		70.8573		0.11802		308.898		
00:00:02:200		1.51687e+07		-0.0221248		3.76684		530.111		6.9635e+06		517.407			00:00:02:200		6.83894e+06		100.722		37.1739		0		0.0949516		309		
00:00:02:100		1.51786e+07		-0.0084815		3.5657		530.168		6.96373e+06		548.44			00:00:02:100		6.82383e+06		100.722		37.1739		0		0.0949516		309.062		
00:00:02:000		1.51893e+07		0.00522709		3.37366		530.199		6.96389e+06		540.572			00:00:02:000		6.82185e+06		100.379		37.1739		0		0.0949516		309.082		
00:00:01:899		1.5201e+07		0.0190496		3.22919		530.219		6.96398e+06		533.689			00:00:01:899		6.82565e+06		100.379		36.8037		0		0.0717585		309.063		
00:00:01:800		1.52138e+07		0.0330386		3.10716		530.228		6.96405e+06		529.084			00:00:01:800		6.82836e+06		100.379		36.8037		0		0.0717585		309.009		
00:00:01:649		1.52351e+07		0.0544405		3.15121		530.234		6.96419e+06		528.349			00:00:01:649		6.82968e+06		100.04		36.5713		0		0.0484413		308.879		
00:00:01:550		1.5251e+07		0.0691123		3.3374		530.225		6.96432e+06		527.927			00:00:01:550		6.83004e+06		100.04		36.5713		0		0.0484413		308.777		
00:00:01:500		1.52597e+07		0.0766115		3.43638		530.219		6.96439e+06		527.743			00:00:01:500		6.83021e+06		99.7853		36.5713		0		0.0484413		308.73		
00:00:01:399		1.52787e+07		0.0920157		3.75188		530.217		6.96453e+06		527.427			00:00:01:399		6.83052e+06		99.7853		36.3901		0		0.0247099		308.659		
00:00:01:300		1.53002e+07		0.108076		4.10738		530.204		6.96465e+06		527.15			00:00:01:300		6.83077e+06		99.7853		36.3901		0		0.0247099		308.651		
00:00:01:199		1.53258e+07		0.125273		4.12205		530.195		6.96472e+06		526.937			00:00:01:199		6.83096e+06		99.5028		36.3825		0		0		308.792		
00:00:01:050		1.5381e+07		0.1512		4.03737		530.197		6.9648e+06		526.782			00:00:01:050		6.83113e+06		99.5028		36.3825		0		0		309.053		
00:00:00:949		1.54251e+07		0.164009		4.019		530.197		6.96484e+06		526.8			00:00:00:949		6.83117e+06		100.069		36.3828		0		0		309.225		
00:00:00:849		1.54639e+07		0.17213		3.64802		530.201		6.96486e+06		526.823			00:00:00:849		6.83118e+06		100.069		36.3828		0		0		309.481		
00:00:00:750		1.54786e+07		0.17284		2.83574		530.203		6.96486e+06		526.823			00:00:00:750		6.83118e+06		100.069		36.3828		0		0		309.846		
00:00:00:650		1.54786e+07		0.172839		2.83569		530.206		6.96486e+06		526.824			00:00:00:650		6.83118e+06		100.069		36.3831		0		0		309.846		
00:00:00:550		1.54786e+07		0.17284		2.83569		530.208		6.96486e+06		526.825			00:00:00:550		6.83117e+06		100.069		36.3831		0		0		309.846		
00:00:00:450		1.54786e+07		0.17284		2.83569		530.212		6.96485e+06		526.825			00:00:00:450		6.83117e+06		100.069		36.3834		0		0		309.846		
00:00:00:349		1.54786e+07		0.17284		2.83568		530.216		6.96485e+06		526.825			00:00:00:349		6.83117e+06		100.069		36.3834		0		0		309.846		
00:00:00:250		1.54786e+07		0.17284		2.83572		530.217		6.96484e+06		526.826			00:00:00:250		6.83116e+06		100.069		36.3834		0		0		309.846		
00:00:00:149		1.54785e+07		0.17284		2.83572		530.221		6.96484e+06		526.826			00:00:00:149		6.83116e+06		100.069		36.3837		0		0		309.846		
00:00:00:050		1.54785e+07		0.17284		2.83567		530.223		6.96484e+06		526.826			00:00:00:050		6.83115e+06		100.069		36.3837		0		0		309.846		
00:00:00:000		1.54785e+07		0.17284		2.83571		530.225		6.96483e+06		526.826			00:00:00:000		6.83115e+06		100.069		36.3837		0		0		309.846		
00:00:00:000		1.54785e+07		0.17284		2.83571		530.225		6.96483e+06		526.826			00:00:00:000		6.83115e+06		100.069		36.3837		0		0		309.846		
00:00:00:000		1.54785e+07		0.17284		2.83571		530.225		6.96483e+06		526.826			00:00:00:000		6.83115e+06		100.069		36.3837		0		0		309.846		
00:00:00:000		1.54785e+07		0.17284		2.83571		530.225		6.96483e+06		526.826			00:00:00:000		6.83115e+06		100.069		36.3837		0		0		309.846		
00:00:00:000		1.54785e+07		0.17284		2.83571		530.225		6.96483e+06		526.826			00:00:00:000		6.83115e+06		100.069		36.3837		0		0		309.846		
00:00:00:000		1.54785e+07		0.17284		2.83571		530.225		6.96483e+06		526.826			00:00:00:000		6.83115e+06		100.069		36.3837		0		0		309.846		
