	time 		rcpppzr	rcp054rcp007mnzoyout	rcv501std0102fvol	fwfrcp001gv	rcppmssga	msfsg(1)			time 		gpv001pnt10113ppntm	evf507ety101mpzoyout	chtcon(1)	chavg(1)	chlhsumpa	rcptavgn	
00:01:01:350		1.54503e+07		0.122127		2.93393		529.678		6.96754e+06		526.674			00:01:01:350		6.83395e+06		100.226		37.4618		11.4853		0.00453076		309.852		
00:01:01:149		1.54504e+07		0.122289		2.93341		529.68		6.96753e+06		526.675			00:01:01:149		6.83393e+06		100.225		37.4516		11.2291		0.00451197		309.852		
00:01:01:149		1.54504e+07		0.122289		2.93341		529.68		6.96753e+06		526.675			00:01:01:149		6.83393e+06		100.225		37.4516		11.2291		0.00451197		309.852		
00:01:01:049		1.54504e+07		0.12237		2.93318		529.68		6.96752e+06		526.676			00:01:01:049		6.83393e+06		100.225		37.4516		11.2291		0.00451197		309.852		
00:01:01:049		1.54504e+07		0.12237		2.93318		529.68		6.96752e+06		526.676			00:01:01:049		6.83393e+06		100.225		37.4516		11.2291		0.00451197		309.852		
00:01:00:850		1.54504e+07		0.122531		2.93266		529.68		6.96751e+06		526.676			00:01:00:850		6.83391e+06		100.224		37.4412		11.0588		0.00449318		309.852		
00:01:00:850		1.54504e+07		0.122531		2.93266		529.68		6.96751e+06		526.676			00:01:00:850		6.83391e+06		100.224		37.4412		11.0588		0.00449318		309.852		
00:01:00:750		1.54505e+07		0.122612		2.93243		529.682		6.96751e+06		526.675			00:01:00:750		6.83391e+06		100.223		37.4412		11.0588		0.00449318		309.852		
00:01:00:649		1.54505e+07		0.122693		2.93219		529.682		6.9675e+06		526.678			00:01:00:649		6.8339e+06		100.223		37.4309		10.9749		0.00447439		309.852		
00:01:00:549		1.54505e+07		0.122775		2.93195		529.684		6.96749e+06		526.678			00:01:00:549		6.83389e+06		100.223		37.4309		10.9749		0.00447439		309.852		
00:01:00:450		1.54506e+07		0.122856		2.93167		529.684		6.96749e+06		526.678			00:01:00:450		6.83389e+06		100.222		37.4205		10.8911		0.00445559		309.852		
00:01:00:350		1.54506e+07		0.122937		2.93144		529.684		6.96748e+06		526.678			00:01:00:350		6.83388e+06		100.222		37.4205		10.8911		0.00445559		309.852		
00:01:00:149		1.54507e+07		0.123098		2.93092		529.685		6.96747e+06		526.665			00:01:00:149		6.83387e+06		100.222		37.4101		10.8085		0.0044368		309.852		
00:01:00:049		1.54507e+07		0.123179		2.93068		529.685		6.96746e+06		526.675			00:01:00:049		6.83386e+06		100.222		37.4101		10.8085		0.0044368		309.852		
00:01:00:049		1.54507e+07		0.123179		2.93068		529.685		6.96746e+06		526.675			00:01:00:049		6.83386e+06		100.222		37.4101		10.8085		0.0044368		309.852		
00:01:00:000		1.54507e+07		0.12322		2.93056		529.685		6.96746e+06		526.682			00:01:00:000		6.83386e+06		100.221		37.4101		10.8085		0.0044368		309.852		
00:00:59:899		1.54508e+07		0.123301		2.93033		529.687		6.96745e+06		526.683			00:00:59:899		6.83385e+06		100.221		37.3996		10.6438		0.00441801		309.852		
00:00:59:799		1.54508e+07		0.123382		2.93005		529.685		6.96745e+06		526.684			00:00:59:799		6.83384e+06		100.221		37.3996		10.6438		0.00441801		309.852		
00:00:59:700		1.54508e+07		0.123464		2.9299		529.687		6.96744e+06		526.682			00:00:59:700		6.83384e+06		100.22		37.389		10.4804		0.00439922		309.852		
00:00:59:600		1.54508e+07		0.123545		2.92958		529.687		6.96743e+06		526.684			00:00:59:600		6.83383e+06		100.22		37.389		10.4804		0.00439922		309.852		
00:00:59:500		1.54509e+07		0.123626		2.92934		529.687		6.96743e+06		526.679			00:00:59:500		6.83383e+06		100.219		37.389		10.4804		0.00439922		309.852		
00:00:59:399		1.54509e+07		0.123707		2.92902		529.687		6.96742e+06		526.687			00:00:59:399		6.83382e+06		100.219		37.3784		10.3182		0.00438042		309.852		
00:00:59:200		1.5451e+07		0.12387		2.92854		529.689		6.96741e+06		526.689			00:00:59:200		6.8338e+06		100.218		37.3678		10.2375		0.00436163		309.852		
00:00:59:049		1.5451e+07		0.123992		2.92823		529.689		6.9674e+06		526.683			00:00:59:049		6.83379e+06		100.218		37.3678		10.2375		0.00436163		309.852		
00:00:59:049		1.5451e+07		0.123992		2.92823		529.689		6.9674e+06		526.683			00:00:59:049		6.83379e+06		100.218		37.3678		10.2375		0.00436163		309.852		
00:00:58:950		1.54511e+07		0.124074		2.92799		529.689		6.96739e+06		526.691			00:00:58:950		6.83379e+06		100.217		37.3572		10.1579		0.00434284		309.852		
00:00:58:850		1.54511e+07		0.124155		2.92772		529.691		6.96738e+06		526.686			00:00:58:850		6.83378e+06		100.217		37.3572		10.1579		0.00434284		309.852		
00:00:58:750		1.54511e+07		0.124237		2.92756		529.691		6.96738e+06		526.695			00:00:58:750		6.83377e+06		100.216		37.3572		10.1579		0.00434284		309.851		
00:00:58:649		1.54511e+07		0.124318		2.92724		529.693		6.96737e+06		526.701			00:00:58:649		6.83377e+06		100.216		37.3465		9.99939		0.00432405		309.851		
00:00:58:549		1.54512e+07		0.1244		2.92692		529.693		6.96737e+06		526.687			00:00:58:549		6.83375e+06		100.216		37.3465		9.99939		0.00432405		309.851		
00:00:58:450		1.54512e+07		0.124481		2.92678		529.693		6.96736e+06		526.699			00:00:58:450		6.83375e+06		100.216		37.3359		9.84209		0.00430525		309.851		
00:00:58:350		1.54512e+07		0.124563		2.92655		529.693		6.96735e+06		526.699			00:00:58:350		6.83374e+06		100.216		37.3359		9.84209		0.00430525		309.851		
00:00:58:250		1.54513e+07		0.124644		2.92627		529.693		6.96735e+06		526.702			00:00:58:250		6.83374e+06		100.215		37.3359		9.84209		0.00430525		309.851		
00:00:58:149		1.54513e+07		0.124726		2.92607		529.693		6.96734e+06		526.702			00:00:58:149		6.83373e+06		100.215		37.3253		9.76378		0.00428646		309.851		
00:00:58:049		1.54513e+07		0.124808		2.92579		529.695		6.96733e+06		526.703			00:00:58:049		6.83372e+06		100.215		37.3253		9.76378		0.00428646		309.851		
00:00:57:950		1.54514e+07		0.124889		2.92556		529.695		6.96733e+06		526.705			00:00:57:950		6.83372e+06		100.214		37.3147		9.68665		0.00426767		309.851		
00:00:57:850		1.54514e+07		0.124971		2.92528		529.696		6.96732e+06		526.705			00:00:57:850		6.83371e+06		100.214		37.3147		9.68665		0.00426767		309.851		
00:00:57:750		1.54514e+07		0.125053		2.92512		529.696		6.96732e+06		526.706			00:00:57:750		6.8337e+06		100.213		37.3147		9.68665		0.00426767		309.851		
00:00:57:649		1.54515e+07		0.125135		2.92489		529.696		6.96731e+06		526.707			00:00:57:649		6.8337e+06		100.213		37.3042		9.60955		0.00424887		309.851		
00:00:57:549		1.54515e+07		0.125217		2.92465		529.696		6.9673e+06		526.708			00:00:57:549		6.83369e+06		100.213		37.3042		9.60955		0.00424887		309.851		
00:00:57:450		1.54515e+07		0.125299		2.92441		529.696		6.9673e+06		526.708			00:00:57:450		6.83368e+06		100.212		37.2936		9.53362		0.00423008		309.851		
00:00:57:350		1.54516e+07		0.125381		2.92417		529.696		6.96729e+06		526.712			00:00:57:350		6.83367e+06		100.212		37.2936		9.53362		0.00423008		309.851		
00:00:57:250		1.54516e+07		0.125463		2.92394		529.696		6.96728e+06		526.713			00:00:57:250		6.83367e+06		100.211		37.2936		9.53362		0.00423008		309.851		
00:00:57:149		1.54516e+07		0.125545		2.9237		529.698		6.96728e+06		526.714			00:00:57:149		6.83366e+06		100.211		37.283		9.38235		0.00421129		309.851		
00:00:57:049		1.54517e+07		0.125627		2.92342		529.698		6.96727e+06		526.716			00:00:57:049		6.83365e+06		100.211		37.283		9.38235		0.00421129		309.851		
00:00:56:899		1.54517e+07		0.12575		2.92311		529.698		6.96726e+06		526.718			00:00:56:899		6.83364e+06		100.211		37.2725		9.23227		0.00419249		309.851		
00:00:56:799		1.54517e+07		0.12575		2.92311		529.698		6.96726e+06		526.718			00:00:56:799		6.83364e+06		100.211		37.2725		9.23227		0.00419249		309.851		
00:00:56:799		1.54517e+07		0.125832		2.92287		529.7		6.96726e+06		526.718			00:00:56:799		6.83364e+06		100.211		37.2725		9.23227		0.00419249		309.851		
00:00:56:700		1.54518e+07		0.125915		2.92259		529.7		6.96725e+06		526.72			00:00:56:700		6.83363e+06		100.21		37.2619		9.08339		0.0041737		309.851		
00:00:56:600		1.54518e+07		0.125996		2.92227		529.7		6.96724e+06		526.721			00:00:56:600		6.83362e+06		100.21		37.2619		9.08339		0.0041737		309.851		
00:00:56:399		1.54519e+07		0.126161		2.92192		529.702		6.96723e+06		526.724			00:00:56:399		6.83361e+06		100.209		37.2514		9.00928		0.00415491		309.851		
00:00:56:399		1.54519e+07		0.126161		2.92192		529.702		6.96723e+06		526.724			00:00:56:399		6.83361e+06		100.209		37.2514		9.00928		0.00415491		309.851		
00:00:56:299		1.54519e+07		0.126244		2.92173		529.702		6.96722e+06		526.726			00:00:56:299		6.8336e+06		100.209		37.2514		9.00928		0.00415491		309.851		
00:00:56:100		1.5452e+07		0.126409		2.92121		529.704		6.96721e+06		526.728			00:00:56:100		6.83359e+06		100.208		37.2408		8.93632		0.00413612		309.851		
00:00:56:100		1.5452e+07		0.126409		2.92121		529.704		6.96721e+06		526.728			00:00:56:100		6.83359e+06		100.208		37.2408		8.93632		0.00413612		309.851		
00:00:56:000		1.5452e+07		0.126491		2.92098		529.704		6.9672e+06		526.73			00:00:56:000		6.83358e+06		100.207		37.2408		8.93632		0.00413612		309.851		
00:00:55:899		1.5452e+07		0.126574		2.92074		529.704		6.9672e+06		526.731			00:00:55:899		6.83357e+06		100.207		37.2303		8.8634		0.00411732		309.851		
00:00:55:799		1.54521e+07		0.126656		2.92046		529.704		6.96719e+06		526.733			00:00:55:799		6.83356e+06		100.207		37.2303		8.8634		0.00411732		309.851		
00:00:55:700		1.54521e+07		0.126738		2.92023		529.704		6.96719e+06		526.734			00:00:55:700		6.83356e+06		100.206		37.2197		8.79162		0.00409853		309.851		
00:00:55:600		1.54521e+07		0.126821		2.91999		529.704		6.96718e+06		526.735			00:00:55:600		6.83355e+06		100.206		37.2197		8.79162		0.00409853		309.851		
00:00:55:500		1.54522e+07		0.126904		2.91979		529.704		6.96717e+06		526.739			00:00:55:500		6.83354e+06		100.205		37.2197		8.79162		0.00409853		309.851		
00:00:55:350		1.54522e+07		0.127028		2.91944		529.704		6.96716e+06		526.742			00:00:55:350		6.83353e+06		100.205		37.2092		8.64864		0.00407974		309.851		
00:00:55:200		1.54523e+07		0.127152		2.91917		529.706		6.96716e+06		526.744			00:00:55:200		6.83352e+06		100.205		37.1987		8.57748		0.00406094		309.851		
00:00:55:100		1.54523e+07		0.127234		2.91885		529.706		6.96715e+06		526.746			00:00:55:100		6.83351e+06		100.205		37.1987		8.57748		0.00406094		309.851		
00:00:55:100		1.54523e+07		0.127234		2.91885		529.706		6.96715e+06		526.746			00:00:55:100		6.83351e+06		100.205		37.1987		8.57748		0.00406094		309.851		
00:00:55:000		1.54523e+07		0.127317		2.91857		529.706		6.96714e+06		526.748			00:00:55:000		6.83351e+06		100.204		37.1882		8.50746		0.00404215		309.851		
00:00:54:899		1.54524e+07		0.1274		2.91837		529.708		6.96714e+06		526.75			00:00:54:899		6.8335e+06		100.204		37.1882		8.50746		0.00404215		309.851		
00:00:54:799		1.54524e+07		0.127483		2.91814		529.708		6.96713e+06		526.751			00:00:54:799		6.83349e+06		100.204		37.1882		8.50746		0.00404215		309.851		
00:00:54:700		1.54524e+07		0.127566		2.91798		529.708		6.96712e+06		526.752			00:00:54:700		6.83349e+06		100.203		37.1776		8.43746		0.00402335		309.851		
00:00:54:600		1.54525e+07		0.127649		2.91779		529.708		6.96712e+06		526.754			00:00:54:600		6.83348e+06		100.203		37.1776		8.43746		0.00402335		309.851		
00:00:54:500		1.54525e+07		0.127732		2.91751		529.708		6.96711e+06		526.756			00:00:54:500		6.83347e+06		100.202		37.1776		8.43746		0.00402335		309.851		
00:00:54:399		1.54525e+07		0.127815		2.91736		529.708		6.96711e+06		526.758			00:00:54:399		6.83347e+06		100.202		37.1671		8.3686		0.00400456		309.851		
00:00:54:299		1.54526e+07		0.127898		2.91704		529.708		6.9671e+06		526.76			00:00:54:299		6.83346e+06		100.202		37.1671		8.3686		0.00400456		309.851		
00:00:54:100		1.54526e+07		0.128065		2.91671		529.709		6.96709e+06		526.763			00:00:54:100		6.83344e+06		100.201		37.1566		8.23144		0.00398577		309.85		
00:00:54:100		1.54526e+07		0.128065		2.91671		529.709		6.96709e+06		526.763			00:00:54:100		6.83344e+06		100.201		37.1566		8.23144		0.00398577		309.85		
00:00:54:000		1.54527e+07		0.128148		2.91643		529.709		6.96708e+06		526.766			00:00:54:000		6.83344e+06		100.2		37.1566		8.23144		0.00398577		309.85		
00:00:53:899		1.54527e+07		0.128231		2.91619		529.709		6.96708e+06		526.767			00:00:53:899		6.83343e+06		100.2		37.1461		8.16318		0.00396697		309.85		
00:00:53:799		1.54528e+07		0.128356		2.91601		529.709		6.96707e+06		526.769			00:00:53:799		6.83342e+06		100.2		37.1461		8.16318		0.00396697		309.85		
00:00:53:649		1.54528e+07		0.128439		2.91586		529.709		6.96706e+06		526.768			00:00:53:649		6.83342e+06		100.199		37.1356		8.09604		0.00394818		309.85		
00:00:53:549		1.54528e+07		0.128523		2.91562		529.709		6.96706e+06		526.772			00:00:53:549		6.83341e+06		100.199		37.1356		8.09604		0.00394818		309.85		
00:00:53:450		1.54529e+07		0.128606		2.91534		529.711		6.96705e+06		526.767			00:00:53:450		6.8334e+06		100.199		37.125		8.02893		0.00392939		309.85		
00:00:53:350		1.54529e+07		0.12869		2.91506		529.711		6.96704e+06		526.776			00:00:53:350		6.83339e+06		100.199		37.125		8.02893		0.00392939		309.85		
00:00:53:149		1.5453e+07		0.128857		2.91476		529.711		6.96703e+06		526.778			00:00:53:149		6.83338e+06		100.198		37.1145		7.96293		0.00391059		309.85		
00:00:53:049		1.5453e+07		0.128941		2.91461		529.711		6.96703e+06		526.785			00:00:53:049		6.83338e+06		100.198		37.1145		7.96293		0.00391059		309.85		
00:00:53:049		1.5453e+07		0.128941		2.91461		529.711		6.96703e+06		526.785			00:00:53:049		6.83338e+06		100.198		37.1145		7.96293		0.00391059		309.85		
00:00:52:950		1.5453e+07		0.129024		2.91429		529.711		6.96702e+06		526.77			00:00:52:950		6.83337e+06		100.197		37.104		7.89696		0.0038918		309.85		
00:00:52:850		1.54531e+07		0.129107		2.91413		529.711		6.96701e+06		526.794			00:00:52:850		6.83336e+06		100.197		37.104		7.89696		0.0038918		309.85		
00:00:52:750		1.54531e+07		0.129191		2.9139		529.711		6.96701e+06		526.787			00:00:52:750		6.83336e+06		100.196		37.104		7.89696		0.0038918		309.85		
00:00:52:649		1.54531e+07		0.129275		2.91362		529.713		6.967e+06		526.787			00:00:52:649		6.83335e+06		100.196		37.0934		7.83209		0.003873		309.85		
00:00:52:549		1.54532e+07		0.129359		2.91347		529.713		6.967e+06		526.791			00:00:52:549		6.83334e+06		100.196		37.0934		7.83209		0.003873		309.85		
00:00:52:450		1.54532e+07		0.129443		2.91323		529.711		6.96699e+06		526.79			00:00:52:450		6.83333e+06		100.195		37.0829		7.70293		0.00385421		309.85		
00:00:52:350		1.54532e+07		0.129527		2.91304		529.713		6.96699e+06		526.785			00:00:52:350		6.83333e+06		100.195		37.0829		7.70293		0.00385421		309.85		
00:00:52:250		1.54533e+07		0.129611		2.91284		529.713		6.96698e+06		526.79			00:00:52:250		6.83332e+06		100.194		37.0829		7.70293		0.00385421		309.85		
00:00:52:149		1.54533e+07		0.129694		2.91261		529.713		6.96697e+06		526.799			00:00:52:149		6.83331e+06		100.194		37.0723		7.63866		0.00383542		309.85		
00:00:52:049		1.54533e+07		0.129778		2.91246		529.713		6.96697e+06		526.796			00:00:52:049		6.83331e+06		100.194		37.0723		7.63866		0.00383542		309.85		
00:00:51:950		1.54534e+07		0.129862		2.91226		529.713		6.96696e+06		526.816			00:00:51:950		6.8333e+06		100.193		37.0618		7.57548		0.00381662		309.85		
00:00:51:850		1.54534e+07		0.129946		2.91203		529.713		6.96696e+06		526.794			00:00:51:850		6.83329e+06		100.193		37.0618		7.57548		0.00381662		309.85		
00:00:51:750		1.54534e+07		0.130031		2.91183		529.715		6.96695e+06		526.806			00:00:51:750		6.83329e+06		100.193		37.0618		7.57548		0.00381662		309.85		
00:00:51:649		1.54535e+07		0.130114		2.91164		529.715		6.96695e+06		526.797			00:00:51:649		6.83328e+06		100.193		37.0512		7.44968		0.00379783		309.85		
00:00:51:549		1.54535e+07		0.130198		2.9114		529.715		6.96694e+06		526.817			00:00:51:549		6.83327e+06		100.193		37.0512		7.44968		0.00379783		309.85		
00:00:51:450		1.54535e+07		0.130283		2.91117		529.715		6.96694e+06		526.811			00:00:51:450		6.83327e+06		100.192		37.0406		7.2628		0.00377903		309.85		
00:00:51:350		1.54536e+07		0.130367		2.91106		529.715		6.96693e+06		526.813			00:00:51:350		6.83326e+06		100.192		37.0406		7.2628		0.00377903		309.85		
00:00:51:250		1.54536e+07		0.130451		2.91078		529.715		6.96692e+06		526.814			00:00:51:250		6.83325e+06		100.191		37.0406		7.2628		0.00377903		309.85		
00:00:51:149		1.54537e+07		0.130536		2.91067		529.715		6.96692e+06		526.815			00:00:51:149		6.83325e+06		100.191		37.0301		7.1386		0.00376024		309.85		
00:00:51:000		1.54537e+07		0.130662		2.91032		529.717		6.96691e+06		526.818			00:00:51:000		6.83324e+06		100.19		37.0301		7.1386		0.00376024		309.85		
00:00:50:899		1.54537e+07		0.130746		2.91004		529.717		6.96691e+06		526.818			00:00:50:899		6.83323e+06		100.19		37.0194		7.07765		0.00374144		309.85		
00:00:50:899		1.54537e+07		0.130746		2.91004		529.717		6.96691e+06		526.818			00:00:50:899		6.83323e+06		100.19		37.0194		7.07765		0.00374144		309.85		
00:00:50:799		1.54538e+07		0.13083		2.90993		529.717		6.9669e+06		526.814			00:00:50:799		6.83323e+06		100.19		37.0194		7.07765		0.00374144		309.85		
00:00:50:700		1.54538e+07		0.130915		2.90969		529.717		6.9669e+06		526.824			00:00:50:700		6.83322e+06		100.189		37.0088		7.01672		0.00372265		309.85		
00:00:50:600		1.54538e+07		0.131		2.90941		529.717		6.96689e+06		526.825			00:00:50:600		6.83321e+06		100.189		37.0088		7.01672		0.00372265		309.85		
00:00:50:500		1.54539e+07		0.131084		2.90926		529.719		6.96688e+06		526.827			00:00:50:500		6.83321e+06		100.188		37.0088		7.01672		0.00372265		309.85		
00:00:50:399		1.54539e+07		0.131169		2.90898		529.719		6.96688e+06		526.828			00:00:50:399		6.8332e+06		100.188		36.9982		6.95686		0.00370386		309.85		
00:00:50:200		1.5454e+07		0.131338		2.90868		529.717		6.96687e+06		526.828			00:00:50:200		6.83319e+06		100.188		36.9875		6.8377		0.00368506		309.85		
00:00:50:100		1.5454e+07		0.131423		2.9084		529.719		6.96686e+06		526.821			00:00:50:100		6.83319e+06		100.188		36.9875		6.8377		0.00368506		309.85		
00:00:50:100		1.5454e+07		0.131423		2.9084		529.719		6.96686e+06		526.821			00:00:50:100		6.83319e+06		100.188		36.9875		6.8377		0.00368506		309.85		
00:00:50:000		1.54541e+07		0.131507		2.90825		529.719		6.96686e+06		526.829			00:00:50:000		6.83318e+06		100.187		36.9875		6.8377		0.00368506		309.85		
00:00:49:899		1.54541e+07		0.131592		2.90802		529.719		6.96685e+06		526.837			00:00:49:899		6.83317e+06		100.187		36.9769		6.77842		0.00366627		309.85		
00:00:49:799		1.54541e+07		0.131677		2.90782		529.719		6.96685e+06		526.839			00:00:49:799		6.83316e+06		100.187		36.9769		6.77842		0.00366627		309.85		
00:00:49:700		1.54542e+07		0.131762		2.90763		529.719		6.96684e+06		526.842			00:00:49:700		6.83316e+06		100.186		36.9662		6.77844		0.00364747		309.85		
00:00:49:600		1.54542e+07		0.131846		2.90744		529.719		6.96684e+06		526.844			00:00:49:600		6.83315e+06		100.186		36.9662		6.77844		0.00364747		309.85		
00:00:49:500		1.54542e+07		0.131932		2.9072		529.719		6.96683e+06		526.844			00:00:49:500		6.83314e+06		100.185		36.9662		6.77844		0.00364747		309.85		
00:00:49:399		1.54543e+07		0.132016		2.90709		529.719		6.96683e+06		526.846			00:00:49:399		6.83314e+06		100.185		36.9555		6.72076		0.00362868		309.85		
00:00:49:299		1.54543e+07		0.132102		2.90686		529.719		6.96682e+06		526.848			00:00:49:299		6.83313e+06		100.185		36.9555		6.72076		0.00362868		309.85		
00:00:49:100		1.54544e+07		0.132271		2.90647		529.719		6.96681e+06		526.851			00:00:49:100		6.83312e+06		100.184		36.9447		6.54869		0.00360988		309.85		
00:00:49:100		1.54544e+07		0.132271		2.90647		529.719		6.96681e+06		526.851			00:00:49:100		6.83312e+06		100.184		36.9447		6.54869		0.00360988		309.85		
00:00:49:000		1.54544e+07		0.132357		2.90623		529.719		6.96681e+06		526.853			00:00:49:000		6.83312e+06		100.183		36.9447		6.54869		0.00360988		309.85		
00:00:48:799		1.54545e+07		0.132526		2.90576		529.72		6.9668e+06		526.856			00:00:48:799		6.8331e+06		100.183		36.934		6.43435		0.00359109		309.85		
00:00:48:700		1.54545e+07		0.132612		2.90557		529.72		6.96679e+06		526.857			00:00:48:700		6.8331e+06		100.182		36.9232		6.37829		0.00357229		309.85		
00:00:48:700		1.54545e+07		0.132612		2.90557		529.72		6.96679e+06		526.857			00:00:48:700		6.8331e+06		100.182		36.9232		6.37829		0.00357229		309.85		
00:00:48:549		1.54546e+07		0.13274		2.90534		529.72		6.96678e+06		526.858			00:00:48:549		6.83309e+06		100.182		36.9232		6.37829		0.00357229		309.85		
00:00:48:500		1.54546e+07		0.132782		2.90522		529.72		6.96678e+06		526.859			00:00:48:500		6.83309e+06		100.182		36.9232		6.37829		0.00357229		309.85		
00:00:48:399		1.54546e+07		0.132867		2.90496		529.72		6.96678e+06		526.861			00:00:48:399		6.83308e+06		100.182		36.9123		6.26669		0.0035535		309.85		
00:00:48:299		1.54547e+07		0.132953		2.90485		529.72		6.96677e+06		526.861			00:00:48:299		6.83307e+06		100.182		36.9123		6.26669		0.0035535		309.85		
00:00:48:100		1.54547e+07		0.133124		2.90442		529.719		6.96676e+06		526.86			00:00:48:100		6.83306e+06		100.181		36.9015		6.10105		0.0035347		309.85		
00:00:48:100		1.54547e+07		0.133124		2.90442		529.719		6.96676e+06		526.86			00:00:48:100		6.83306e+06		100.181		36.9015		6.10105		0.0035347		309.85		
00:00:48:000		1.54548e+07		0.133209		2.90427		529.72		6.96676e+06		526.865			00:00:48:000		6.83306e+06		100.18		36.9015		6.10105		0.0035347		309.85		
00:00:47:899		1.54548e+07		0.133295		2.90412		529.72		6.96675e+06		526.866			00:00:47:899		6.83305e+06		100.18		36.8905		5.99098		0.00351591		309.85		
00:00:47:799		1.54548e+07		0.13338		2.90384		529.72		6.96675e+06		526.891			00:00:47:799		6.83305e+06		100.18		36.8905		5.99098		0.00351591		309.85		
00:00:47:700		1.54549e+07		0.133465		2.90369		529.72		6.96674e+06		526.872			00:00:47:700		6.83304e+06		100.179		36.8796		5.88299		0.00349711		309.85		
00:00:47:600		1.54549e+07		0.133551		2.9035		529.72		6.96674e+06		526.874			00:00:47:600		6.83303e+06		100.179		36.8796		5.88299		0.00349711		309.85		
00:00:47:500		1.5455e+07		0.133636		2.90326		529.72		6.96673e+06		526.874			00:00:47:500		6.83303e+06		100.178		36.8796		5.88299		0.00349711		309.85		
00:00:47:399		1.5455e+07		0.133722		2.90311		529.72		6.96673e+06		526.867			00:00:47:399		6.83302e+06		100.178		36.8686		5.77504		0.00347832		309.85		
00:00:47:200		1.54551e+07		0.133893		2.90268		529.72		6.96672e+06		526.879			00:00:47:200		6.83301e+06		100.177		36.8576		5.72206		0.00345952		309.85		
00:00:47:100		1.54551e+07		0.133979		2.90253		529.72		6.96671e+06		526.88			00:00:47:100		6.83301e+06		100.177		36.8576		5.72206		0.00345952		309.85		
00:00:47:100		1.54551e+07		0.133979		2.90253		529.72		6.96671e+06		526.88			00:00:47:100		6.83301e+06		100.177		36.8576		5.72206		0.00345952		309.85		
00:00:47:000		1.54552e+07		0.134108		2.90213		529.72		6.96671e+06		526.889			00:00:47:000		6.833e+06		100.176		36.8465		5.61663		0.00344073		309.85		
00:00:46:850		1.54552e+07		0.134193		2.90198		529.72		6.9667e+06		526.886			00:00:46:850		6.83299e+06		100.176		36.8465		5.61663		0.00344073		309.85		
00:00:46:750		1.54552e+07		0.134279		2.90183		529.72		6.9667e+06		526.888			00:00:46:750		6.83299e+06		100.176		36.8465		5.61663		0.00344073		309.849		
00:00:46:649		1.54553e+07		0.134365		2.90164		529.72		6.96669e+06		526.9			00:00:46:649		6.83298e+06		100.176		36.8354		5.51225		0.00342193		309.849		
00:00:46:549		1.54553e+07		0.134451		2.9014		529.72		6.96669e+06		526.904			00:00:46:549		6.83298e+06		100.176		36.8354		5.51225		0.00342193		309.849		
00:00:46:450		1.54553e+07		0.134537		2.90121		529.72		6.96668e+06		526.891			00:00:46:450		6.83297e+06		100.175		36.8242		5.4089		0.00340313		309.849		
00:00:46:350		1.54554e+07		0.134623		2.90097		529.722		6.96668e+06		526.893			00:00:46:350		6.83297e+06		100.175		36.8242		5.4089		0.00340313		309.849		
00:00:46:250		1.54554e+07		0.134708		2.90083		529.722		6.96667e+06		526.895			00:00:46:250		6.83296e+06		100.174		36.8242		5.4089		0.00340313		309.849		
00:00:46:149		1.54554e+07		0.134795		2.90063		529.72		6.96667e+06		526.895			00:00:46:149		6.83295e+06		100.174		36.8129		5.30658		0.00338434		309.849		
00:00:46:049		1.54555e+07		0.134881		2.90048		529.722		6.96666e+06		526.886			00:00:46:049		6.83295e+06		100.174		36.8129		5.30658		0.00338434		309.849		
00:00:45:950		1.54555e+07		0.134967		2.9002		529.722		6.96666e+06		526.906			00:00:45:950		6.83294e+06		100.173		36.8016		5.2053		0.00336554		309.849		
00:00:45:850		1.54556e+07		0.135053		2.90001		529.722		6.96666e+06		526.895			00:00:45:850		6.83294e+06		100.173		36.8016		5.2053		0.00336554		309.849		
00:00:45:750		1.54556e+07		0.135139		2.89982		529.722		6.96665e+06		526.92			00:00:45:750		6.83294e+06		100.172		36.8016		5.2053		0.00336554		309.849		
00:00:45:649		1.54556e+07		0.135225		2.89962		529.722		6.96665e+06		526.895			00:00:45:649		6.83293e+06		100.172		36.7902		5.10505		0.00334675		309.849		
00:00:45:549		1.54557e+07		0.135311		2.89947		529.722		6.96664e+06		526.902			00:00:45:549		6.83292e+06		100.172		36.7902		5.10505		0.00334675		309.849		
00:00:45:450		1.54557e+07		0.135397		2.89928		529.722		6.96664e+06		526.897			00:00:45:450		6.83292e+06		100.171		36.7787		5.0552		0.00332795		309.849		
00:00:45:299		1.54558e+07		0.135527		2.89897		529.722		6.96663e+06		526.913			00:00:45:299		6.83291e+06		100.171		36.7787		5.0552		0.00332795		309.849		
00:00:45:200		1.54558e+07		0.135613		2.89873		529.722		6.96663e+06		526.911			00:00:45:200		6.8329e+06		100.17		36.7672		5.00635		0.00330916		309.849		
00:00:45:100		1.54558e+07		0.135699		2.89863		529.722		6.96662e+06		526.912			00:00:45:100		6.8329e+06		100.17		36.7672		5.00635		0.00330916		309.849		
00:00:45:000		1.54559e+07		0.135786		2.89839		529.722		6.96662e+06		526.913			00:00:45:000		6.83289e+06		100.17		36.7672		5.00635		0.00330916		309.849		
00:00:45:000		1.54559e+07		0.135786		2.89839		529.722		6.96662e+06		526.913			00:00:45:000		6.83289e+06		100.17		36.7672		5.00635		0.00330916		309.849		
00:00:44:799		1.54559e+07		0.135958		2.89801		529.722		6.96661e+06		526.916			00:00:44:799		6.83288e+06		100.17		36.7556		4.86079		0.00329036		309.849		
00:00:44:799		1.54559e+07		0.135958		2.89801		529.722		6.96661e+06		526.916			00:00:44:799		6.83288e+06		100.17		36.7556		4.86079		0.00329036		309.849		
00:00:44:649		1.5456e+07		0.136088		2.8977		529.722		6.9666e+06		526.917			00:00:44:649		6.83288e+06		100.169		36.7441		4.76413		0.00327156		309.849		
00:00:44:549		1.5456e+07		0.136175		2.89754		529.722		6.9666e+06		526.918			00:00:44:549		6.83287e+06		100.169		36.7441		4.76413		0.00327156		309.849		
00:00:44:450		1.54561e+07		0.136261		2.89739		529.722		6.96659e+06		526.917			00:00:44:450		6.83287e+06		100.168		36.7326		4.71679		0.00325277		309.849		
00:00:44:350		1.54561e+07		0.136348		2.89712		529.722		6.96659e+06		526.913			00:00:44:350		6.83286e+06		100.168		36.7326		4.71679		0.00325277		309.849		
00:00:44:250		1.54562e+07		0.136435		2.89697		529.722		6.96659e+06		526.922			00:00:44:250		6.83286e+06		100.167		36.7326		4.71679		0.00325277		309.849		
00:00:44:149		1.54562e+07		0.136521		2.89673		529.722		6.96658e+06		526.923			00:00:44:149		6.83285e+06		100.167		36.721		4.62263		0.00323397		309.849		
00:00:44:049		1.54562e+07		0.136608		2.89662		529.722		6.96658e+06		526.925			00:00:44:049		6.83285e+06		100.167		36.721		4.62263		0.00323397		309.849		
00:00:43:899		1.54563e+07		0.136737		2.89636		529.722		6.96657e+06		526.927			00:00:43:899		6.83284e+06		100.166		36.7095		4.52946		0.00321518		309.849		
00:00:43:799		1.54563e+07		0.136824		2.89608		529.722		6.96657e+06		526.928			00:00:43:799		6.83283e+06		100.166		36.7095		4.52946		0.00321518		309.849		
00:00:43:700		1.54564e+07		0.136911		2.89597		529.722		6.96656e+06		526.928			00:00:43:700		6.83283e+06		100.165		36.698		4.48315		0.00319638		309.849		
00:00:43:700		1.54564e+07		0.136911		2.89597		529.722		6.96656e+06		526.928			00:00:43:700		6.83283e+06		100.165		36.698		4.48315		0.00319638		309.849		
00:00:43:500		1.54564e+07		0.137084		2.89563		529.722		6.96655e+06		526.932			00:00:43:500		6.83282e+06		100.164		36.698		4.48315		0.00319638		309.849		
00:00:43:500		1.54564e+07		0.137084		2.89563		529.722		6.96655e+06		526.932			00:00:43:500		6.83282e+06		100.164		36.698		4.48315		0.00319638		309.849		
00:00:43:399		1.54565e+07		0.137171		2.89531		529.722		6.96655e+06		526.931			00:00:43:399		6.83282e+06		100.164		36.6865		4.39245		0.00317758		309.849		
00:00:43:299		1.54565e+07		0.137258		2.89516		529.722		6.96655e+06		526.935			00:00:43:299		6.83281e+06		100.164		36.6865		4.39245		0.00317758		309.849		
00:00:43:100		1.54566e+07		0.137432		2.89483		529.722		6.96654e+06		526.936			00:00:43:100		6.8328e+06		100.164		36.6749		4.25693		0.00315879		309.849		
00:00:43:100		1.54566e+07		0.137432		2.89483		529.722		6.96654e+06		526.936			00:00:43:100		6.8328e+06		100.164		36.6749		4.25693		0.00315879		309.849		
00:00:42:899		1.54567e+07		0.137606		2.89444		529.722		6.96653e+06		526.939			00:00:42:899		6.83279e+06		100.163		36.6634		4.21213		0.00313999		309.849		
00:00:42:899		1.54567e+07		0.137606		2.89444		529.722		6.96653e+06		526.939			00:00:42:899		6.83279e+06		100.163		36.6634		4.21213		0.00313999		309.849		
00:00:42:799		1.54567e+07		0.137692		2.89429		529.722		6.96652e+06		526.94			00:00:42:799		6.83279e+06		100.163		36.6634		4.21213		0.00313999		309.849		
00:00:42:700		1.54567e+07		0.13778		2.89423		529.722		6.96652e+06		526.94			00:00:42:700		6.83278e+06		100.162		36.6519		4.16828		0.00312119		309.849		
00:00:42:600		1.54568e+07		0.137866		2.8939		529.722		6.96652e+06		526.941			00:00:42:600		6.83278e+06		100.162		36.6519		4.16828		0.00312119		309.849		
00:00:42:500		1.54568e+07		0.137953		2.89367		529.722		6.96651e+06		526.936			00:00:42:500		6.83277e+06		100.161		36.6519		4.03765		0.00312119		309.849		
00:00:42:350		1.54569e+07		0.138084		2.89353		529.722		6.96651e+06		526.945			00:00:42:350		6.83277e+06		100.161		36.6404		4.03765		0.0031024		309.849		
00:00:42:149		1.5457e+07		0.138258		2.8931		529.722		6.9665e+06		526.948			00:00:42:149		6.83276e+06		100.16		36.6289		3.95092		0.0030836		309.849		
00:00:42:049		1.5457e+07		0.138345		2.89282		529.722		6.96649e+06		526.949			00:00:42:049		6.83275e+06		100.16		36.6289		3.95092		0.0030836		309.849		
00:00:42:049		1.5457e+07		0.138345		2.89282		529.722		6.96649e+06		526.949			00:00:42:049		6.83275e+06		100.16		36.6289		3.95092		0.0030836		309.849		
00:00:41:950		1.5457e+07		0.138433		2.89268		529.722		6.96649e+06		526.952			00:00:41:950		6.83275e+06		100.159		36.6173		3.86609		0.0030648		309.849		
00:00:41:850		1.54571e+07		0.13852		2.89253		529.722		6.96649e+06		526.953			00:00:41:850		6.83274e+06		100.159		36.6173		3.86609		0.0030648		309.849		
00:00:41:750		1.54571e+07		0.138607		2.89233		529.722		6.96648e+06		526.953			00:00:41:750		6.83274e+06		100.158		36.6173		3.86609		0.0030648		309.849		
00:00:41:700		1.54571e+07		0.138651		2.89222		529.722		6.96648e+06		526.954			00:00:41:700		6.83274e+06		100.158		36.6058		3.73935		0.00304601		309.849		
00:00:41:600		1.54572e+07		0.138738		2.89206		529.722		6.96648e+06		526.955			00:00:41:600		6.83273e+06		100.158		36.6058		3.73935		0.00304601		309.849		
00:00:41:500		1.54572e+07		0.138825		2.89187		529.722		6.96647e+06		526.956			00:00:41:500		6.83273e+06		100.158		36.6058		3.73935		0.00304601		309.849		
00:00:41:399		1.54572e+07		0.138912		2.89172		529.722		6.96647e+06		526.958			00:00:41:399		6.83272e+06		100.158		36.5943		3.65598		0.00302721		309.849		
00:00:41:200		1.54573e+07		0.139087		2.89134		529.722		6.96646e+06		526.96			00:00:41:200		6.83271e+06		100.157		36.5828		3.57357		0.00300841		309.849		
00:00:41:100		1.54574e+07		0.139175		2.8911		529.722		6.96646e+06		526.96			00:00:41:100		6.83271e+06		100.157		36.5828		3.57357		0.00300841		309.849		
00:00:41:100		1.54574e+07		0.139175		2.8911		529.722		6.96646e+06		526.96			00:00:41:100		6.83271e+06		100.157		36.5828		3.57357		0.00300841		309.849		
00:00:40:950		1.54574e+07		0.139306		2.89088		529.722		6.96645e+06		526.961			00:00:40:950		6.8327e+06		100.156		36.5712		3.45161		0.00298962		309.849		
00:00:40:850		1.54575e+07		0.139393		2.89069		529.722		6.96645e+06		526.963			00:00:40:850		6.8327e+06		100.156		36.5712		3.45161		0.00298962		309.849		
00:00:40:750		1.54575e+07		0.139481		2.89045		529.722		6.96645e+06		526.963			00:00:40:750		6.8327e+06		100.155		36.5712		3.45161		0.00298962		309.849		
00:00:40:649		1.54575e+07		0.139568		2.89034		529.722		6.96644e+06		526.962			00:00:40:649		6.83269e+06		100.155		36.5596		3.37064		0.00297082		309.849		
00:00:40:549		1.54576e+07		0.139656		2.89011		529.722		6.96644e+06		526.957			00:00:40:549		6.83268e+06		100.155		36.5596		3.37064		0.00297082		309.849		
00:00:40:450		1.54576e+07		0.139743		2.89		529.722		6.96643e+06		526.969			00:00:40:450		6.83268e+06		100.154		36.5481		3.29154		0.00295202		309.849		
00:00:40:350		1.54577e+07		0.139831		2.88977		529.722		6.96643e+06		526.969			00:00:40:350		6.83268e+06		100.154		36.5481		3.29154		0.00295202		309.849		
00:00:40:250		1.54577e+07		0.139918		2.88958		529.722		6.96643e+06		526.97			00:00:40:250		6.83267e+06		100.153		36.5481		3.29154		0.00295202		309.849		
00:00:40:149		1.54577e+07		0.140006		2.88938		529.722		6.96642e+06		526.971			00:00:40:149		6.83267e+06		100.153		36.5365		3.17337		0.00293323		309.849		
00:00:40:049		1.54578e+07		0.140093		2.88919		529.722		6.96642e+06		526.972			00:00:40:049		6.83267e+06		100.153		36.5365		3.17337		0.00293323		309.849		
00:00:39:950		1.54578e+07		0.140181		2.88904		529.722		6.96642e+06		526.973			00:00:39:950		6.83266e+06		100.153		36.5249		3.05706		0.00291443		309.849		
00:00:39:850		1.54579e+07		0.140268		2.88889		529.722		6.96641e+06		526.974			00:00:39:850		6.83266e+06		100.153		36.5249		3.05706		0.00291443		309.849		
00:00:39:750		1.54579e+07		0.140356		2.88861		529.722		6.96641e+06		526.97			00:00:39:750		6.83265e+06		100.152		36.5249		3.05706		0.00291443		309.849		
00:00:39:649		1.54579e+07		0.140444		2.88851		529.722		6.96641e+06		526.963			00:00:39:649		6.83265e+06		100.152		36.5133		2.9417		0.00289563		309.849		
00:00:39:500		1.5458e+07		0.140575		2.88824		529.722		6.9664e+06		526.976			00:00:39:500		6.83264e+06		100.151		36.5133		2.9417		0.00289563		309.849		
00:00:39:500		1.5458e+07		0.140575		2.88824		529.722		6.9664e+06		526.976			00:00:39:500		6.83264e+06		100.151		36.5133		2.9417		0.00289563		309.849		
00:00:39:299		1.5458e+07		0.140663		2.88801		529.722		6.9664e+06		526.976			00:00:39:299		6.83264e+06		100.151		36.5017		2.86587		0.00287684		309.849		
00:00:39:299		1.54581e+07		0.140751		2.8879		529.722		6.96639e+06		526.978			00:00:39:299		6.83264e+06		100.151		36.5017		2.86587		0.00287684		309.849		
00:00:39:149		1.54581e+07		0.140882		2.88763		529.722		6.96639e+06		526.979			00:00:39:149		6.83263e+06		100.15		36.49		2.75375		0.00285804		309.849		
00:00:39:049		1.54582e+07		0.14097		2.8874		529.722		6.96639e+06		526.981			00:00:39:049		6.83263e+06		100.15		36.49		2.75375		0.00285804		309.849		
00:00:38:950		1.54582e+07		0.141058		2.88729		529.722		6.96638e+06		526.982			00:00:38:950		6.83262e+06		100.149		36.4783		2.67932		0.00283924		309.849		
00:00:38:850		1.54583e+07		0.141146		2.88706		529.72		6.96638e+06		526.981			00:00:38:850		6.83262e+06		100.149		36.4783		2.67932		0.00283924		309.849		
00:00:38:750		1.54583e+07		0.141233		2.88686		529.722		6.96638e+06		526.985			00:00:38:750		6.83261e+06		100.148		36.4783		2.67932		0.00283924		309.849		
00:00:38:649		1.54583e+07		0.141322		2.88676		529.722		6.96637e+06		526.986			00:00:38:649		6.83261e+06		100.148		36.4666		2.6067		0.00282044		309.849		
00:00:38:549		1.54584e+07		0.141409		2.88652		529.722		6.96637e+06		526.986			00:00:38:549		6.83261e+06		100.148		36.4666		2.6067		0.00282044		309.849		
00:00:38:450		1.54584e+07		0.141498		2.88633		529.722		6.96637e+06		526.987			00:00:38:450		6.8326e+06		100.147		36.4549		2.49825		0.00280165		309.849		
00:00:38:350		1.54585e+07		0.141585		2.8861		529.722		6.96636e+06		526.987			00:00:38:350		6.8326e+06		100.147		36.4549		2.49825		0.00280165		309.849		
00:00:38:200		1.54585e+07		0.141717		2.88596		529.722		6.96636e+06		526.988			00:00:38:200		6.83259e+06		100.147		36.4431		2.42701		0.00278285		309.849		
00:00:38:100		1.54586e+07		0.141805		2.88572		529.722		6.96635e+06		526.994			00:00:38:100		6.83259e+06		100.147		36.4431		2.42701		0.00278285		309.849		
00:00:38:100		1.54586e+07		0.141805		2.88572		529.722		6.96635e+06		526.994			00:00:38:100		6.83259e+06		100.147		36.4431		2.42701		0.00278285		309.849		
00:00:38:000		1.54586e+07		0.141893		2.88558		529.722		6.96635e+06		526.991			00:00:38:000		6.83259e+06		100.146		36.4431		2.42701		0.00278285		309.849		
00:00:37:899		1.54586e+07		0.141981		2.88538		529.722		6.96635e+06		526.99			00:00:37:899		6.83258e+06		100.146		36.4314		2.35667		0.00276405		309.849		
00:00:37:799		1.54587e+07		0.142069		2.88515		529.722		6.96634e+06		526.993			00:00:37:799		6.83258e+06		100.146		36.4314		2.35667		0.00276405		309.849		
00:00:37:700		1.54587e+07		0.142157		2.885		529.722		6.96634e+06		526.994			00:00:37:700		6.83257e+06		100.145		36.4195		2.32174		0.00274525		309.849		
00:00:37:600		1.54588e+07		0.142244		2.88476		529.722		6.96634e+06		526.995			00:00:37:600		6.83257e+06		100.145		36.4195		2.32174		0.00274525		309.849		
00:00:37:399		1.54588e+07		0.142421		2.88451		529.722		6.96633e+06		526.996			00:00:37:399		6.83256e+06		100.144		36.4077		2.28769		0.00272646		309.849		
00:00:37:399		1.54588e+07		0.142421		2.88451		529.722		6.96633e+06		526.996			00:00:37:399		6.83256e+06		100.144		36.4077		2.28769		0.00272646		309.849		
00:00:37:299		1.54589e+07		0.142509		2.88432		529.722		6.96633e+06		526.997			00:00:37:299		6.83256e+06		100.144		36.4077		2.28769		0.00272646		309.849		
00:00:37:100		1.5459e+07		0.142685		2.88393		529.722		6.96632e+06		526.996			00:00:37:100		6.83255e+06		100.143		36.3958		2.25366		0.00270766		309.849		
00:00:37:100		1.5459e+07		0.142685		2.88393		529.722		6.96632e+06		526.996			00:00:37:100		6.83255e+06		100.143		36.3958		2.25366		0.00270766		309.849		
00:00:37:000		1.5459e+07		0.142773		2.88378		529.722		6.96632e+06		526.998			00:00:37:000		6.83255e+06		100.142		36.3958		2.25366		0.00270766		309.849		
00:00:36:899		1.5459e+07		0.142861		2.88359		529.722		6.96632e+06		526.999			00:00:36:899		6.83255e+06		100.142		36.3838		2.2205		0.00268886		309.849		
00:00:36:799		1.54591e+07		0.14295		2.88344		529.722		6.96631e+06		527.006			00:00:36:799		6.83254e+06		100.142		36.3838		2.2205		0.00268886		309.849		
00:00:36:649		1.54591e+07		0.143082		2.88313		529.722		6.96631e+06		527.001			00:00:36:649		6.83254e+06		100.141		36.3718		2.18735		0.00267006		309.849		
00:00:36:549		1.54592e+07		0.143169		2.88299		529.722		6.9663e+06		527.001			00:00:36:549		6.83253e+06		100.141		36.3718		2.18735		0.00267006		309.849		
00:00:36:450		1.54592e+07		0.143258		2.88284		529.722		6.9663e+06		527.002			00:00:36:450		6.83253e+06		100.141		36.3598		2.15507		0.00265126		309.849		
00:00:36:350		1.54593e+07		0.143346		2.88278		529.722		6.9663e+06		527.008			00:00:36:350		6.83253e+06		100.141		36.3598		2.15507		0.00265126		309.849		
00:00:36:149		1.54593e+07		0.143522		2.8823		529.722		6.96629e+06		527.004			00:00:36:149		6.83252e+06		100.14		36.3477		2.09095		0.00263247		309.849		
00:00:36:049		1.54594e+07		0.14361		2.88211		529.722		6.96629e+06		527.004			00:00:36:049		6.83252e+06		100.14		36.3477		2.09095		0.00263247		309.849		
00:00:36:049		1.54594e+07		0.14361		2.88211		529.722		6.96629e+06		527.004			00:00:36:049		6.83252e+06		100.14		36.3477		2.09095		0.00263247		309.849		
00:00:35:950		1.54594e+07		0.143698		2.88196		529.722		6.96629e+06		527.004			00:00:35:950		6.83251e+06		100.139		36.3356		2.02769		0.00261367		309.849		
00:00:35:850		1.54595e+07		0.143787		2.88177		529.722		6.96628e+06		527.007			00:00:35:850		6.83251e+06		100.139		36.3356		2.02769		0.00261367		309.849		
00:00:35:750		1.54595e+07		0.143875		2.88167		529.722		6.96628e+06		527.007			00:00:35:750		6.83251e+06		100.138		36.3356		2.02769		0.00261367		309.849		
00:00:35:700		1.54595e+07		0.143919		2.88155		529.722		6.96628e+06		527.008			00:00:35:700		6.8325e+06		100.138		36.3234		1.96531		0.00259487		309.849		
00:00:35:600		1.54596e+07		0.144007		2.8814		529.722		6.96628e+06		527.008			00:00:35:600		6.8325e+06		100.138		36.3234		1.96531		0.00259487		309.849		
00:00:35:500		1.54596e+07		0.144095		2.88117		529.722		6.96627e+06		527.007			00:00:35:500		6.8325e+06		100.137		36.3234		1.96531		0.00259487		309.849		
00:00:35:399		1.54597e+07		0.144184		2.88106		529.722		6.96627e+06		527.014			00:00:35:399		6.8325e+06		100.137		36.3111		1.93434		0.00257607		309.849		
00:00:35:200		1.54597e+07		0.14436		2.88068		529.722		6.96626e+06		527.01			00:00:35:200		6.83249e+06		100.136		36.2987		1.90422		0.00255727		309.849		
00:00:35:049		1.54598e+07		0.144492		2.88046		529.722		6.96626e+06		527.003			00:00:35:049		6.83248e+06		100.136		36.2987		1.90422		0.00255727		309.849		
00:00:35:049		1.54598e+07		0.144492		2.88046		529.722		6.96626e+06		527.003			00:00:35:049		6.83248e+06		100.136		36.2987		1.90422		0.00255727		309.849		
00:00:34:950		1.54598e+07		0.14458		2.88022		529.722		6.96626e+06		527.023			00:00:34:950		6.83248e+06		100.135		36.2863		1.8741		0.00253847		309.849		
00:00:34:850		1.54599e+07		0.144669		2.88003		529.722		6.96625e+06		527.013			00:00:34:850		6.83248e+06		100.135		36.2863		1.8741		0.00253847		309.849		
00:00:34:750		1.54599e+07		0.144757		2.87992		529.722		6.96625e+06		527.013			00:00:34:750		6.83247e+06		100.135		36.2863		1.8741		0.00253847		309.849		
00:00:34:649		1.546e+07		0.144845		2.87973		529.722		6.96625e+06		527.013			00:00:34:649		6.83247e+06		100.135		36.2738		1.84483		0.00251968		309.849		
00:00:34:549		1.546e+07		0.144934		2.87958		529.722		6.96624e+06		527.012			00:00:34:549		6.83247e+06		100.135		36.2738		1.84483		0.00251968		309.849		
00:00:34:450		1.54601e+07		0.145022		2.87939		529.722		6.96624e+06		527.019			00:00:34:450		6.83247e+06		100.134		36.2612		1.81557		0.00250088		309.849		
00:00:34:350		1.54601e+07		0.14511		2.8792		529.722		6.96624e+06		527.015			00:00:34:350		6.83246e+06		100.134		36.2612		1.81557		0.00250088		309.849		
00:00:34:149		1.54602e+07		0.145287		2.8789		529.722		6.96623e+06		527.016			00:00:34:149		6.83245e+06		100.133		36.2485		1.81557		0.00248208		309.849		
00:00:34:049		1.54602e+07		0.145375		2.87876		529.722		6.96623e+06		527.016			00:00:34:049		6.83245e+06		100.133		36.2485		1.81557		0.00248208		309.849		
00:00:34:049		1.54602e+07		0.145375		2.87876		529.722		6.96623e+06		527.016			00:00:34:049		6.83245e+06		100.133		36.2485		1.81557		0.00248208		309.849		
00:00:33:950		1.54603e+07		0.145463		2.87856		529.722		6.96623e+06		527.017			00:00:33:950		6.83245e+06		100.132		36.2358		1.81558		0.00246328		309.849		
00:00:33:799		1.54603e+07		0.145596		2.87834		529.722		6.96622e+06		527.017			00:00:33:799		6.83244e+06		100.132		36.2358		1.81558		0.00246328		309.849		
00:00:33:799		1.54603e+07		0.145596		2.87834		529.722		6.96622e+06		527.017			00:00:33:799		6.83244e+06		100.132		36.2358		1.81558		0.00246328		309.849		
00:00:33:600		1.54604e+07		0.145772		2.878		529.722		6.96622e+06		527.018			00:00:33:600		6.83244e+06		100.131		36.2229		1.81559		0.00244448		309.849		
00:00:33:600		1.54604e+07		0.145772		2.878		529.722		6.96622e+06		527.018			00:00:33:600		6.83244e+06		100.131		36.2229		1.81559		0.00244448		309.849		
00:00:33:500		1.54605e+07		0.14586		2.87785		529.724		6.96622e+06		527.019			00:00:33:500		6.83244e+06		100.13		36.2229		1.81559		0.00244448		309.849		
00:00:33:399		1.54605e+07		0.145948		2.87758		529.724		6.96621e+06		527.019			00:00:33:399		6.83243e+06		100.13		36.2101		1.8156		0.00242568		309.849		
00:00:33:299		1.54605e+07		0.146037		2.87747		529.724		6.96621e+06		527.019			00:00:33:299		6.83243e+06		100.13		36.2101		1.8156		0.00242568		309.849		
00:00:33:149		1.54606e+07		0.146169		2.87729		529.722		6.96621e+06		527.018			00:00:33:149		6.83243e+06		100.129		36.1972		1.8156		0.00240688		309.849		
00:00:33:000		1.54607e+07		0.146302		2.87694		529.722		6.9662e+06		527.032			00:00:33:000		6.83242e+06		100.129		36.1972		1.8156		0.00240688		309.849		
00:00:33:000		1.54607e+07		0.146302		2.87694		529.722		6.9662e+06		527.032			00:00:33:000		6.83242e+06		100.129		36.1972		1.8156		0.00240688		309.849		
00:00:32:899		1.54607e+07		0.14639		2.87675		529.724		6.9662e+06		527.01			00:00:32:899		6.83242e+06		100.129		36.1844		1.76286		0.00238809		309.849		
00:00:32:799		1.54608e+07		0.146478		2.87669		529.724		6.9662e+06		527.021			00:00:32:799		6.83241e+06		100.129		36.1844		1.76286		0.00238809		309.849		
00:00:32:700		1.54608e+07		0.146566		2.87645		529.722		6.96619e+06		527.021			00:00:32:700		6.83241e+06		100.128		36.1716		1.68416		0.00236929		309.849		
00:00:32:600		1.54608e+07		0.146655		2.8763		529.724		6.96619e+06		527.02			00:00:32:600		6.83241e+06		100.128		36.1716		1.68416		0.00236929		309.849		
00:00:32:399		1.54609e+07		0.146831		2.87601		529.724		6.96619e+06		527.023			00:00:32:399		6.8324e+06		100.127		36.1588		1.63264		0.00235049		309.849		
00:00:32:299		1.5461e+07		0.146919		2.87586		529.724		6.96618e+06		527.022			00:00:32:299		6.8324e+06		100.127		36.1588		1.63264		0.00235049		309.849		
00:00:32:299		1.5461e+07		0.146919		2.87586		529.724		6.96618e+06		527.022			00:00:32:299		6.8324e+06		100.127		36.1588		1.63264		0.00235049		309.849		
00:00:32:100		1.54611e+07		0.147095		2.87552		529.724		6.96618e+06		527.023			00:00:32:100		6.83239e+06		100.126		36.146		1.58192		0.00233169		309.849		
00:00:32:100		1.54611e+07		0.147095		2.87552		529.724		6.96618e+06		527.023			00:00:32:100		6.83239e+06		100.126		36.146		1.58192		0.00233169		309.849		
00:00:32:000		1.54611e+07		0.147183		2.87542		529.724		6.96617e+06		527.023			00:00:32:000		6.83239e+06		100.125		36.146		1.58192		0.00233169		309.849		
00:00:31:899		1.54611e+07		0.147272		2.87514		529.724		6.96617e+06		527.023			00:00:31:899		6.83239e+06		100.125		36.1332		1.55677		0.00231289		309.849		
00:00:31:800		1.54612e+07		0.14736		2.87508		529.724		6.96617e+06		527.023			00:00:31:800		6.83239e+06		100.125		36.1332		1.55677		0.00231289		309.849		
00:00:31:699		1.54612e+07		0.147448		2.8748		529.724		6.96617e+06		527.022			00:00:31:699		6.83238e+06		100.124		36.1204		1.50804		0.00229409		309.849		
00:00:31:600		1.54613e+07		0.147536		2.87465		529.724		6.96616e+06		527.017			00:00:31:600		6.83238e+06		100.124		36.1204		1.50804		0.00229409		309.849		
00:00:31:500		1.54613e+07		0.147624		2.87442		529.724		6.96616e+06		527.024			00:00:31:500		6.83238e+06		100.123		36.1204		1.50804		0.00229409		309.849		
00:00:31:399		1.54614e+07		0.147712		2.87436		529.724		6.96616e+06		527.024			00:00:31:399		6.83238e+06		100.123		36.1076		1.45933		0.00227529		309.849		
00:00:31:300		1.54614e+07		0.1478		2.87421		529.724		6.96616e+06		527.024			00:00:31:300		6.83237e+06		100.123		36.1076		1.45933		0.00227529		309.849		
00:00:31:100		1.54615e+07		0.147976		2.87387		529.726		6.96615e+06		527.025			00:00:31:100		6.83237e+06		100.123		36.0948		1.41218		0.00225649		309.849		
00:00:31:100		1.54615e+07		0.147976		2.87387		529.726		6.96615e+06		527.025			00:00:31:100		6.83237e+06		100.123		36.0948		1.41218		0.00225649		309.849		
00:00:31:000		1.54615e+07		0.148064		2.87372		529.726		6.96615e+06		527.024			00:00:31:000		6.83236e+06		100.122		36.0948		1.41218		0.00225649		309.849		
00:00:30:899		1.54616e+07		0.148152		2.87349		529.726		6.96615e+06		527.023			00:00:30:899		6.83236e+06		100.122		36.0821		1.36504		0.00223769		309.849		
00:00:30:750		1.54616e+07		0.148284		2.87331		529.726		6.96614e+06		527.017			00:00:30:750		6.83236e+06		100.121		36.0821		1.36504		0.00223769		309.849		
00:00:30:649		1.54617e+07		0.148373		2.87316		529.726		6.96614e+06		527.025			00:00:30:649		6.83236e+06		100.121		36.0693		1.34225		0.00221889		309.849		
00:00:30:600		1.54617e+07		0.148416		2.87304		529.726		6.96614e+06		527.025			00:00:30:600		6.83235e+06		100.121		36.0693		1.34225		0.00221889		309.849		
00:00:30:500		1.54617e+07		0.148504		2.8729		529.728		6.96614e+06		527.025			00:00:30:500		6.83235e+06		100.12		36.0693		1.34225		0.00221889		309.849		
00:00:30:399		1.54618e+07		0.148592		2.87275		529.728		6.96613e+06		527.025			00:00:30:399		6.83235e+06		100.12		36.0565		1.29704		0.00220009		309.849		
00:00:30:250		1.54618e+07		0.148724		2.87253		529.728		6.96613e+06		527.025			00:00:30:250		6.83235e+06		100.119		36.0565		1.29704		0.00220009		309.849		
00:00:30:050		1.54619e+07		0.148768		2.8725		529.728		6.96613e+06		527.025			00:00:30:050		6.83234e+06		100.119		36.0437		1.25261		0.00218129		309.849		
00:00:30:050		1.54619e+07		0.1489		2.87227		529.728		6.96612e+06		527.029			00:00:30:050		6.83234e+06		100.119		36.0437		1.25261		0.00218129		309.849		
00:00:30:000		1.5462e+07		0.148943		2.87207		529.73		6.96612e+06		527.015			00:00:30:000		6.83234e+06		100.118		36.0437		1.25261		0.00218129		309.849		
00:00:29:850		1.5462e+07		0.149075		2.87189		529.728		6.96612e+06		527.024			00:00:29:850		6.83234e+06		100.118		36.0309		1.23059		0.00216249		309.849		
00:00:29:750		1.54621e+07		0.149163		2.87175		529.728		6.96612e+06		527.023			00:00:29:750		6.83233e+06		100.117		36.0309		1.23059		0.00216249		309.849		
00:00:29:649		1.54621e+07		0.149251		2.87155		529.728		6.96611e+06		527.033			00:00:29:649		6.83233e+06		100.117		36.0181		1.18806		0.00214369		309.849		
00:00:29:550		1.54622e+07		0.149339		2.87141		529.73		6.96611e+06		527.025			00:00:29:550		6.83233e+06		100.117		36.0181		1.18806		0.00214369		309.849		
00:00:29:449		1.54622e+07		0.149426		2.87126		529.73		6.96611e+06		527.024			00:00:29:449		6.83233e+06		100.117		36.0053		1.14554		0.00212489		309.849		
00:00:29:350		1.54622e+07		0.149514		2.87116		529.73		6.96611e+06		527.023			00:00:29:350		6.83232e+06		100.117		36.0053		1.14554		0.00212489		309.849		
00:00:29:250		1.54623e+07		0.149601		2.87096		529.73		6.9661e+06		527.023			00:00:29:250		6.83232e+06		100.116		36.0053		1.14554		0.00212489		309.849		
00:00:29:149		1.54623e+07		0.14969		2.87077		529.73		6.9661e+06		527.017			00:00:29:149		6.83232e+06		100.116		35.9925		1.12503		0.00210609		309.849		
00:00:29:050		1.54624e+07		0.149777		2.87067		529.73		6.9661e+06		527.025			00:00:29:050		6.83232e+06		100.116		35.9925		1.12503		0.00210609		309.849		
00:00:28:949		1.54624e+07		0.149865		2.87056		529.73		6.9661e+06		527.025			00:00:28:949		6.83231e+06		100.115		35.9797		1.08438		0.00208729		309.849		
00:00:28:850		1.54625e+07		0.149952		2.87037		529.731		6.96609e+06		527.025			00:00:28:850		6.83231e+06		100.115		35.9797		1.08438		0.00208729		309.849		
00:00:28:750		1.54625e+07		0.15004		2.87023		529.731		6.96609e+06		527.024			00:00:28:750		6.83231e+06		100.114		35.9797		1.08438		0.00208729		309.849		
00:00:28:649		1.54625e+07		0.150127		2.87008		529.731		6.96609e+06		527.023			00:00:28:649		6.83231e+06		100.114		35.9668		1.04447		0.00206849		309.849		
00:00:28:550		1.54626e+07		0.150214		2.86989		529.731		6.96609e+06		527.023			00:00:28:550		6.8323e+06		100.114		35.9668		1.04447		0.00206849		309.849		
00:00:28:449		1.54626e+07		0.150302		2.86974		529.731		6.96608e+06		527.022			00:00:28:449		6.8323e+06		100.113		35.954		1.0247		0.00204969		309.849		
00:00:28:350		1.54627e+07		0.150389		2.86959		529.731		6.96608e+06		527.021			00:00:28:350		6.8323e+06		100.113		35.954		1.0247		0.00204969		309.849		
00:00:28:250		1.54627e+07		0.150477		2.86945		529.733		6.96608e+06		527.016			00:00:28:250		6.8323e+06		100.112		35.954		1.0247		0.00204969		309.849		
00:00:28:149		1.54628e+07		0.150564		2.8693		529.733		6.96608e+06		527.022			00:00:28:149		6.8323e+06		100.112		35.9411		1.00567		0.00203089		309.849		
00:00:28:050		1.54628e+07		0.150651		2.86915		529.733		6.96608e+06		527.022			00:00:28:050		6.83229e+06		100.112		35.9411		1.00567		0.00203089		309.849		
00:00:27:949		1.54629e+07		0.150738		2.869		529.733		6.96607e+06		527.021			00:00:27:949		6.83229e+06		100.111		35.9283		0.986632		0.00201209		309.849		
00:00:27:850		1.54629e+07		0.150826		2.86881		529.733		6.96607e+06		527.021			00:00:27:850		6.83229e+06		100.111		35.9283		0.986632		0.00201209		309.849		
00:00:27:750		1.54629e+07		0.150913		2.86871		529.733		6.96607e+06		527.02			00:00:27:750		6.83229e+06		100.111		35.9283		0.986632		0.00201209		309.849		
00:00:27:649		1.5463e+07		0.151		2.86856		529.735		6.96607e+06		527.02			00:00:27:649		6.83228e+06		100.111		35.9154		0.968318		0.00199329		309.849		
00:00:27:550		1.5463e+07		0.151087		2.86841		529.735		6.96606e+06		527.019			00:00:27:550		6.83228e+06		100.111		35.9154		0.968318		0.00199329		309.849		
00:00:27:449		1.54631e+07		0.151175		2.86827		529.737		6.96606e+06		527.018			00:00:27:449		6.83228e+06		100.11		35.9024		0.914088		0.00197449		309.849		
00:00:27:350		1.54631e+07		0.151261		2.86812		529.737		6.96606e+06		527.017			00:00:27:350		6.83228e+06		100.11		35.9024		0.914088		0.00197449		309.849		
00:00:27:149		1.54632e+07		0.151435		2.86778		529.737		6.96605e+06		527.016			00:00:27:149		6.83227e+06		100.109		35.8895		0.878179		0.00195569		309.849		
00:00:27:050		1.54633e+07		0.151523		2.86763		529.737		6.96605e+06		527.01			00:00:27:050		6.83227e+06		100.109		35.8895		0.878179		0.00195569		309.849		
00:00:27:050		1.54633e+07		0.151523		2.86763		529.737		6.96605e+06		527.01			00:00:27:050		6.83227e+06		100.109		35.8895		0.878179		0.00195569		309.849		
00:00:26:949		1.54633e+07		0.151609		2.86753		529.739		6.96605e+06		527.017			00:00:26:949		6.83227e+06		100.108		35.8765		0.878182		0.00193689		309.849		
00:00:26:850		1.54633e+07		0.151696		2.86743		529.739		6.96605e+06		527.016			00:00:26:850		6.83226e+06		100.108		35.8765		0.878182		0.00193689		309.849		
00:00:26:699		1.54634e+07		0.151826		2.86716		529.739		6.96604e+06		527.015			00:00:26:699		6.83226e+06		100.107		35.8635		0.861284		0.00191809		309.849		
00:00:26:600		1.54635e+07		0.151913		2.86706		529.741		6.96604e+06		527.014			00:00:26:600		6.83226e+06		100.107		35.8635		0.861284		0.00191809		309.849		
00:00:26:600		1.54635e+07		0.151913		2.86706		529.741		6.96604e+06		527.014			00:00:26:600		6.83226e+06		100.107		35.8635		0.861284		0.00191809		309.849		
00:00:26:500		1.54635e+07		0.152		2.86691		529.741		6.96604e+06		527.013			00:00:26:500		6.83226e+06		100.106		35.8635		0.861284		0.00191809		309.849		
00:00:26:350		1.54636e+07		0.15213		2.86665		529.741		6.96603e+06		527.012			00:00:26:350		6.83226e+06		100.106		35.8505		0.811284		0.00189929		309.849		
00:00:26:250		1.54636e+07		0.152217		2.86654		529.741		6.96603e+06		527.011			00:00:26:250		6.83225e+06		100.105		35.8505		0.811284		0.00189929		309.849		
00:00:26:149		1.54637e+07		0.152303		2.86635		529.741		6.96603e+06		527.011			00:00:26:149		6.83225e+06		100.105		35.8374		0.778187		0.00188049		309.849		
00:00:26:050		1.54637e+07		0.15239		2.86625		529.742		6.96602e+06		527.005			00:00:26:050		6.83225e+06		100.105		35.8374		0.778187		0.00188049		309.849		
00:00:25:949		1.54637e+07		0.152476		2.8661		529.742		6.96602e+06		527.012			00:00:25:949		6.83224e+06		100.104		35.8243		0.74646		0.00186169		309.849		
00:00:25:850		1.54638e+07		0.152563		2.86596		529.742		6.96602e+06		527.012			00:00:25:850		6.83224e+06		100.104		35.8243		0.74646		0.00186169		309.849		
00:00:25:750		1.54638e+07		0.152649		2.86585		529.742		6.96602e+06		527.011			00:00:25:750		6.83224e+06		100.104		35.8243		0.74646		0.00186169		309.849		
00:00:25:600		1.54639e+07		0.152779		2.86567		529.744		6.96601e+06		527.009			00:00:25:600		6.83224e+06		100.104		35.8112		0.699215		0.00184289		309.849		
00:00:25:600		1.54639e+07		0.152779		2.86567		529.744		6.96601e+06		527.009			00:00:25:600		6.83224e+06		100.104		35.8112		0.699215		0.00184289		309.849		
00:00:25:500		1.5464e+07		0.152865		2.86544		529.744		6.96601e+06		527.009			00:00:25:500		6.83223e+06		100.103		35.8112		0.699215		0.00184289		309.849		
00:00:25:399		1.5464e+07		0.152951		2.86534		529.744		6.96601e+06		527.008			00:00:25:399		6.83223e+06		100.103		35.798		0.66851		0.00182409		309.849		
00:00:25:300		1.5464e+07		0.153038		2.86523		529.746		6.96601e+06		527.007			00:00:25:300		6.83223e+06		100.103		35.798		0.66851		0.00182409		309.849		
00:00:25:100		1.54641e+07		0.15321		2.86494		529.748		6.966e+06		527.004			00:00:25:100		6.83223e+06		100.102		35.7848		0.638478		0.00180528		309.849		
00:00:25:000		1.54642e+07		0.153296		2.86475		529.748		6.966e+06		527.004			00:00:25:000		6.83222e+06		100.101		35.7848		0.638478		0.00180528		309.849		
00:00:25:000		1.54642e+07		0.153296		2.86475		529.748		6.966e+06		527.004			00:00:25:000		6.83222e+06		100.101		35.7848		0.638478		0.00180528		309.849		
00:00:24:800		1.54643e+07		0.153468		2.86454		529.75		6.96599e+06		527.001			00:00:24:800		6.83222e+06		100.101		35.7715		0.623632		0.00178648		309.849		
00:00:24:800		1.54643e+07		0.153468		2.86454		529.75		6.96599e+06		527.001			00:00:24:800		6.83222e+06		100.101		35.7715		0.623632		0.00178648		309.849		
00:00:24:699		1.54643e+07		0.153554		2.86435		529.75		6.96599e+06		526.998			00:00:24:699		6.83222e+06		100.1		35.7581		0.595261		0.00176768		309.849		
00:00:24:600		1.54644e+07		0.15364		2.86425		529.75		6.96599e+06		526.977			00:00:24:600		6.83222e+06		100.1		35.7581		0.595261		0.00176768		309.849		
00:00:24:500		1.54644e+07		0.153726		2.8641		529.75		6.96598e+06		526.999			00:00:24:500		6.83221e+06		100.099		35.7581		0.595261		0.00176768		309.849		
00:00:24:399		1.54644e+07		0.153811		2.86404		529.754		6.96598e+06		526.992			00:00:24:399		6.83221e+06		100.099		35.7448		0.553036		0.00174888		309.849		
00:00:24:300		1.54645e+07		0.153898		2.86385		529.754		6.96598e+06		526.999			00:00:24:300		6.83221e+06		100.099		35.7448		0.553036		0.00174888		309.849		
00:00:24:100		1.54646e+07		0.154068		2.86355		529.754		6.96597e+06		526.997			00:00:24:100		6.8322e+06		100.098		35.7316		0.539182		0.00173008		309.849		
00:00:24:100		1.54646e+07		0.154068		2.86355		529.754		6.96597e+06		526.997			00:00:24:100		6.8322e+06		100.098		35.7316		0.539182		0.00173008		309.849		
00:00:24:000		1.54646e+07		0.154154		2.86341		529.755		6.96597e+06		526.996			00:00:24:000		6.8322e+06		100.098		35.7316		0.539182		0.00173008		309.849		
00:00:23:899		1.54647e+07		0.15424		2.86335		529.755		6.96597e+06		526.994			00:00:23:899		6.8322e+06		100.098		35.7184		0.525975		0.00171128		309.849		
00:00:23:800		1.54647e+07		0.154325		2.86316		529.755		6.96597e+06		526.994			00:00:23:800		6.8322e+06		100.098		35.7184		0.525975		0.00171128		309.849		
00:00:23:699		1.54648e+07		0.154411		2.8631		529.755		6.96596e+06		526.992			00:00:23:699		6.8322e+06		100.097		35.7054		0.499883		0.00169248		309.849		
00:00:23:550		1.54648e+07		0.154539		2.86288		529.757		6.96596e+06		526.988			00:00:23:550		6.83219e+06		100.097		35.7054		0.499883		0.00169248		309.849		
00:00:23:500		1.54649e+07		0.154582		2.86276		529.759		6.96596e+06		526.986			00:00:23:500		6.83219e+06		100.096		35.7054		0.499883		0.00169248		309.849		
00:00:23:399		1.54649e+07		0.154667		2.86266		529.759		6.96595e+06		526.981			00:00:23:399		6.83219e+06		100.096		35.6925		0.487		0.00167368		309.849		
00:00:23:300		1.54649e+07		0.154753		2.86251		529.759		6.96595e+06		526.991			00:00:23:300		6.83219e+06		100.096		35.6925		0.487		0.00167368		309.849		
00:00:23:199		1.5465e+07		0.154838		2.86241		529.761		6.96595e+06		526.984			00:00:23:199		6.83219e+06		100.095		35.6796		0.474749		0.00165487		309.849		
00:00:23:100		1.5465e+07		0.154923		2.86226		529.761		6.96595e+06		526.979			00:00:23:100		6.83218e+06		100.095		35.6796		0.474749		0.00165487		309.849		
00:00:23:000		1.54651e+07		0.155008		2.86216		529.763		6.96594e+06		526.973			00:00:23:000		6.83218e+06		100.094		35.6796		0.474749		0.00165487		309.849		
00:00:22:899		1.54651e+07		0.155093		2.86201		529.763		6.96594e+06		526.985			00:00:22:899		6.83218e+06		100.094		35.6669		0.462501		0.00163607		309.849		
00:00:22:750		1.54652e+07		0.155221		2.86175		529.765		6.96593e+06		526.982			00:00:22:750		6.83217e+06		100.093		35.6669		0.462501		0.00163607		309.849		
00:00:22:649		1.54652e+07		0.155305		2.86169		529.765		6.96593e+06		526.981			00:00:22:649		6.83217e+06		100.093		35.6543		0.462502		0.00161727		309.849		
00:00:22:550		1.54653e+07		0.155391		2.86163		529.766		6.96593e+06		526.979			00:00:22:550		6.83217e+06		100.093		35.6543		0.462502		0.00161727		309.849		
00:00:22:449		1.54653e+07		0.155476		2.86139		529.766		6.96593e+06		526.973			00:00:22:449		6.83217e+06		100.092		35.6419		0.451185		0.00159847		309.849		
00:00:22:350		1.54654e+07		0.15556		2.86124		529.766		6.96592e+06		526.979			00:00:22:350		6.83216e+06		100.092		35.6419		0.451185		0.00159847		309.849		
00:00:22:250		1.54654e+07		0.155645		2.8611		529.768		6.96592e+06		526.978			00:00:22:250		6.83216e+06		100.091		35.6419		0.451185		0.00159847		309.849		
00:00:22:149		1.54655e+07		0.15573		2.86099		529.77		6.96592e+06		526.976			00:00:22:149		6.83216e+06		100.091		35.6295		0.417823		0.00157967		309.849		
00:00:22:050		1.54655e+07		0.155815		2.86094		529.77		6.96591e+06		526.974			00:00:22:050		6.83215e+06		100.091		35.6295		0.417823		0.00157967		309.849		
00:00:21:949		1.54656e+07		0.1559		2.86074		529.772		6.96591e+06		526.973			00:00:21:949		6.83215e+06		100.091		35.6173		0.395786		0.00156086		309.849		
00:00:21:850		1.54656e+07		0.155984		2.8606		529.772		6.96591e+06		526.97			00:00:21:850		6.83215e+06		100.091		35.6173		0.395786		0.00156086		309.849		
00:00:21:750		1.54657e+07		0.156068		2.86045		529.774		6.9659e+06		526.963			00:00:21:750		6.83215e+06		100.09		35.6173		0.395786		0.00156086		309.849		
00:00:21:649		1.54657e+07		0.156153		2.86035		529.774		6.9659e+06		526.97			00:00:21:649		6.83214e+06		100.09		35.6052		0.374952		0.00154206		309.849		
00:00:21:550		1.54657e+07		0.156238		2.86024		529.776		6.9659e+06		526.969			00:00:21:550		6.83214e+06		100.09		35.6052		0.374952		0.00154206		309.849		
00:00:21:449		1.54658e+07		0.156322		2.8601		529.776		6.96589e+06		526.968			00:00:21:449		6.83214e+06		100.089		35.5933		0.344007		0.00152326		309.849		
00:00:21:350		1.54658e+07		0.156406		2.85995		529.777		6.96589e+06		526.966			00:00:21:350		6.83214e+06		100.089		35.5933		0.344007		0.00152326		309.849		
00:00:21:149		1.54659e+07		0.156575		2.8597		529.779		6.96588e+06		526.963			00:00:21:149		6.83213e+06		100.088		35.5815		0.314247		0.00150446		309.849		
00:00:21:149		1.54659e+07		0.156575		2.8597		529.779		6.96588e+06		526.963			00:00:21:149		6.83213e+06		100.088		35.5815		0.314247		0.00150446		309.849		
00:00:21:050		1.5466e+07		0.156659		2.8596		529.781		6.96588e+06		526.961			00:00:21:050		6.83213e+06		100.088		35.5815		0.314247		0.00150446		309.849		
00:00:20:899		1.5466e+07		0.156785		2.85933		529.783		6.96588e+06		526.961			00:00:20:899		6.83213e+06		100.087		35.5699		0.285076		0.00148566		309.849		
00:00:20:800		1.54661e+07		0.156869		2.85923		529.783		6.96587e+06		526.955			00:00:20:800		6.83212e+06		100.087		35.5699		0.285076		0.00148566		309.849		
00:00:20:699		1.54661e+07		0.156954		2.85913		529.785		6.96587e+06		526.963			00:00:20:699		6.83212e+06		100.086		35.5584		0.275554		0.00146685		309.849		
00:00:20:699		1.54661e+07		0.156954		2.85913		529.785		6.96587e+06		526.963			00:00:20:699		6.83212e+06		100.086		35.5584		0.275554		0.00146685		309.849		
00:00:20:600		1.54662e+07		0.157038		2.85898		529.785		6.96587e+06		526.957			00:00:20:600		6.83212e+06		100.086		35.5584		0.275554		0.00146685		309.849		
00:00:20:399		1.54663e+07		0.157206		2.85869		529.787		6.96586e+06		526.956			00:00:20:399		6.83211e+06		100.085		35.5472		0.275555		0.00144805		309.849		
00:00:20:399		1.54663e+07		0.157206		2.85869		529.787		6.96586e+06		526.956			00:00:20:399		6.83211e+06		100.085		35.5472		0.275555		0.00144805		309.849		
00:00:20:300		1.54663e+07		0.157289		2.85854		529.789		6.96586e+06		526.954			00:00:20:300		6.83211e+06		100.085		35.5472		0.275555		0.00144805		309.849		
00:00:20:149		1.54664e+07		0.157415		2.85841		529.79		6.96585e+06		526.952			00:00:20:149		6.8321e+06		100.084		35.536		0.275556		0.00142925		309.849		
00:00:20:050		1.54664e+07		0.157499		2.85831		529.792		6.96585e+06		526.951			00:00:20:050		6.8321e+06		100.084		35.536		0.275556		0.00142925		309.849		
00:00:19:949		1.54665e+07		0.157583		2.85812		529.792		6.96584e+06		526.95			00:00:19:949		6.8321e+06		100.084		35.5251		0.267175		0.00141044		309.849		
00:00:19:850		1.54665e+07		0.157666		2.85797		529.794		6.96584e+06		526.948			00:00:19:850		6.83209e+06		100.084		35.5251		0.267175		0.00141044		309.849		
00:00:19:699		1.54666e+07		0.157792		2.85779		529.796		6.96583e+06		526.947			00:00:19:699		6.83209e+06		100.083		35.5144		0.250691		0.00139164		309.849		
00:00:19:699		1.54666e+07		0.157792		2.85779		529.796		6.96583e+06		526.947			00:00:19:699		6.83209e+06		100.083		35.5144		0.250691		0.00139164		309.849		
00:00:19:500		1.54667e+07		0.157959		2.85754		529.798		6.96583e+06		526.944			00:00:19:500		6.83208e+06		100.082		35.5144		0.250691		0.00139164		309.849		
00:00:19:500		1.54667e+07		0.157959		2.85754		529.798		6.96583e+06		526.944			00:00:19:500		6.83208e+06		100.082		35.5144		0.250691		0.00139164		309.849		
00:00:19:399		1.54667e+07		0.158042		2.85744		529.8		6.96582e+06		526.943			00:00:19:399		6.83208e+06		100.082		35.5039		0.234762		0.00137284		309.849		
00:00:19:300		1.54668e+07		0.158125		2.85721		529.8		6.96582e+06		526.942			00:00:19:300		6.83208e+06		100.082		35.5039		0.234762		0.00137284		309.849		
00:00:19:100		1.54669e+07		0.158292		2.85705		529.803		6.96581e+06		526.94			00:00:19:100		6.83207e+06		100.081		35.4936		0.226937		0.00135404		309.849		
00:00:19:000		1.54669e+07		0.158376		2.8569		529.805		6.96581e+06		526.938			00:00:19:000		6.83207e+06		100.08		35.4936		0.226937		0.00135404		309.849		
00:00:19:000		1.54669e+07		0.158376		2.8569		529.805		6.96581e+06		526.938			00:00:19:000		6.83207e+06		100.08		35.4936		0.226937		0.00135404		309.849		
00:00:18:899		1.5467e+07		0.158459		2.85675		529.805		6.9658e+06		526.936			00:00:18:899		6.83206e+06		100.08		35.4835		0.212357		0.00133523		309.849		
00:00:18:800		1.5467e+07		0.158542		2.85656		529.807		6.9658e+06		526.936			00:00:18:800		6.83206e+06		100.08		35.4835		0.212357		0.00133523		309.849		
00:00:18:699		1.54671e+07		0.158625		2.8565		529.807		6.9658e+06		526.935			00:00:18:699		6.83206e+06		100.079		35.4736		0.19076		0.00131643		309.849		
00:00:18:600		1.54671e+07		0.158708		2.8564		529.809		6.96579e+06		526.933			00:00:18:600		6.83205e+06		100.079		35.4736		0.19076		0.00131643		309.849		
00:00:18:500		1.54672e+07		0.158792		2.85617		529.811		6.96579e+06		526.933			00:00:18:500		6.83205e+06		100.078		35.4736		0.19076		0.00131643		309.849		
00:00:18:399		1.54672e+07		0.158875		2.85602		529.812		6.96579e+06		526.93			00:00:18:399		6.83205e+06		100.078		35.464		0.183743		0.00129763		309.849		
00:00:18:300		1.54673e+07		0.158957		2.85587		529.812		6.96578e+06		526.931			00:00:18:300		6.83204e+06		100.078		35.464		0.183743		0.00129763		309.849		
00:00:18:199		1.54673e+07		0.15904		2.85577		529.814		6.96578e+06		526.929			00:00:18:199		6.83204e+06		100.077		35.4547		0.170747		0.00127882		309.849		
00:00:18:050		1.54674e+07		0.159164		2.85555		529.816		6.96577e+06		526.933			00:00:18:050		6.83204e+06		100.077		35.4547		0.170747		0.00127882		309.849		
00:00:18:000		1.54674e+07		0.159206		2.85557		529.818		6.96577e+06		526.928			00:00:18:000		6.83203e+06		100.076		35.4547		0.170747		0.00127882		309.849		
00:00:17:899		1.54675e+07		0.159288		2.85533		529.818		6.96577e+06		526.926			00:00:17:899		6.83203e+06		100.076		35.4456		0.151518		0.00126002		309.849		
00:00:17:800		1.54675e+07		0.159371		2.85519		529.82		6.96576e+06		526.925			00:00:17:800		6.83203e+06		100.076		35.4456		0.151518		0.00126002		309.849		
00:00:17:699		1.54675e+07		0.159454		2.85513		529.822		6.96576e+06		526.923			00:00:17:699		6.83202e+06		100.076		35.4368		0.145285		0.00124122		309.849		
00:00:17:600		1.54676e+07		0.159537		2.85494		529.822		6.96575e+06		526.924			00:00:17:600		6.83202e+06		100.076		35.4368		0.145285		0.00124122		309.849		
00:00:17:500		1.54676e+07		0.15962		2.85488		529.823		6.96575e+06		526.922			00:00:17:500		6.83202e+06		100.075		35.4368		0.145285		0.00124122		309.849		
00:00:17:399		1.54677e+07		0.159702		2.8546		529.825		6.96575e+06		526.921			00:00:17:399		6.83201e+06		100.075		35.4284		0.145285		0.00122241		309.849		
00:00:17:300		1.54677e+07		0.159784		2.85445		529.827		6.96574e+06		526.921			00:00:17:300		6.83201e+06		100.075		35.4284		0.145285		0.00122241		309.849		
00:00:17:100		1.54678e+07		0.159949		2.85421		529.829		6.96573e+06		526.904			00:00:17:100		6.832e+06		100.074		35.4202		0.139809		0.00120361		309.849		
00:00:17:100		1.54678e+07		0.159949		2.85421		529.829		6.96573e+06		526.904			00:00:17:100		6.832e+06		100.074		35.4202		0.139809		0.00120361		309.849		
00:00:17:000		1.54679e+07		0.160032		2.85415		529.831		6.96573e+06		526.917			00:00:17:000		6.832e+06		100.073		35.4202		0.139809		0.00120361		309.849		
00:00:16:899		1.54679e+07		0.160114		2.85391		529.833		6.96572e+06		526.916			00:00:16:899		6.832e+06		100.073		35.4125		0.129105		0.00118481		309.849		
00:00:16:800		1.5468e+07		0.160197		2.85381		529.833		6.96572e+06		526.915			00:00:16:800		6.83199e+06		100.073		35.4125		0.129105		0.00118481		309.849		
00:00:16:649		1.54681e+07		0.16032		2.85364		529.836		6.96571e+06		526.921			00:00:16:649		6.83199e+06		100.072		35.4053		0.113898		0.001166		309.849		
00:00:16:550		1.54681e+07		0.160402		2.85345		529.838		6.96571e+06		526.898			00:00:16:550		6.83198e+06		100.072		35.4053		0.113898		0.001166		309.849		
00:00:16:449		1.54682e+07		0.160484		2.85335		529.84		6.96571e+06		526.912			00:00:16:449		6.83198e+06		100.071		35.3987		0.0991768		0.0011472		309.849		
00:00:16:350		1.54682e+07		0.160566		2.8532		529.842		6.9657e+06		526.911			00:00:16:350		6.83197e+06		100.071		35.3987		0.0991768		0.0011472		309.849		
00:00:16:250		1.54682e+07		0.160648		2.85301		529.842		6.9657e+06		526.91			00:00:16:250		6.83197e+06		100.07		35.3987		0.0991768		0.0011472		309.849		
00:00:16:149		1.54683e+07		0.16073		2.85291		529.844		6.96569e+06		526.909			00:00:16:149		6.83197e+06		100.07		35.3927		0.0854153		0.0011284		309.849		
00:00:16:050		1.54683e+07		0.160812		2.85281		529.846		6.96569e+06		526.908			00:00:16:050		6.83196e+06		100.07		35.3927		0.0854153		0.0011284		309.849		
00:00:15:949		1.54684e+07		0.160894		2.85266		529.847		6.96568e+06		526.907			00:00:15:949		6.83196e+06		100.069		35.3874		0.0721277		0.00110959		309.849		
00:00:15:849		1.54684e+07		0.160976		2.85247		529.849		6.96568e+06		526.906			00:00:15:849		6.83195e+06		100.069		35.3874		0.0721277		0.00110959		309.849		
00:00:15:750		1.54685e+07		0.161058		2.85233		529.851		6.96568e+06		526.905			00:00:15:750		6.83195e+06		100.068		35.3874		0.0721277		0.00110959		309.849		
00:00:15:650		1.54685e+07		0.161139		2.85227		529.853		6.96567e+06		526.904			00:00:15:650		6.83195e+06		100.068		35.3827		0.0638202		0.00109079		309.849		
00:00:15:550		1.54686e+07		0.161222		2.85208		529.853		6.96567e+06		526.903			00:00:15:550		6.83194e+06		100.068		35.3827		0.0638202		0.00109079		309.849		
00:00:15:449		1.54686e+07		0.161303		2.85198		529.855		6.96566e+06		526.902			00:00:15:449		6.83194e+06		100.068		35.3787		0.0559744		0.00107198		309.849		
00:00:15:349		1.54687e+07		0.161385		2.85183		529.857		6.96566e+06		526.902			00:00:15:349		6.83193e+06		100.068		35.3787		0.0559744		0.00107198		309.849		
00:00:15:250		1.54687e+07		0.161467		2.85173		529.858		6.96565e+06		526.901			00:00:15:250		6.83193e+06		100.067		35.3787		0.0559744		0.00107198		309.849		
00:00:15:150		1.54688e+07		0.161548		2.85154		529.86		6.96565e+06		526.9			00:00:15:150		6.83193e+06		100.067		35.3754		0.0521663		0.00105318		309.849		
00:00:15:050		1.54688e+07		0.16163		2.8514		529.862		6.96564e+06		526.893			00:00:15:050		6.83192e+06		100.067		35.3754		0.0521663		0.00105318		309.849		
00:00:14:900		1.54689e+07		0.161752		2.85122		529.864		6.96564e+06		526.9			00:00:14:900		6.83191e+06		100.066		35.3729		0.0488074		0.00103438		309.849		
00:00:14:800		1.5469e+07		0.161833		2.85117		529.866		6.96563e+06		526.899			00:00:14:800		6.83191e+06		100.066		35.3729		0.0488074		0.00103438		309.849		
00:00:14:800		1.5469e+07		0.161833		2.85117		529.866		6.96563e+06		526.899			00:00:14:800		6.83191e+06		100.066		35.3729		0.0488074		0.00103438		309.849		
00:00:14:650		1.5469e+07		0.161955		2.85086		529.868		6.96562e+06		526.897			00:00:14:650		6.8319e+06		100.065		35.3711		0.0454486		0.00101557		309.849		
00:00:14:550		1.54691e+07		0.162036		2.85072		529.87		6.96562e+06		526.896			00:00:14:550		6.8319e+06		100.065		35.3711		0.0454486		0.00101557		309.849		
00:00:14:449		1.54691e+07		0.162117		2.85066		529.871		6.96562e+06		526.894			00:00:14:449		6.8319e+06		100.064		35.3703		0.0425264		0.000996768		309.849		
00:00:14:349		1.54692e+07		0.162199		2.85051		529.873		6.96561e+06		526.888			00:00:14:349		6.83189e+06		100.064		35.3703		0.0425264		0.000996768		309.849		
00:00:14:199		1.54693e+07		0.162321		2.8503		529.877		6.9656e+06		526.894			00:00:14:199		6.83188e+06		100.063		35.3703		0.034182		0.000977963		309.848		
00:00:14:199		1.54693e+07		0.162321		2.8503		529.877		6.9656e+06		526.894			00:00:14:199		6.83188e+06		100.063		35.3703		0.034182		0.000977963		309.848		
00:00:14:000		1.54694e+07		0.162483		2.8501		529.881		6.96559e+06		526.892			00:00:14:000		6.83188e+06		100.062		35.3703		0.034182		0.000977963		309.848		
00:00:14:000		1.54694e+07		0.162483		2.8501		529.881		6.96559e+06		526.892			00:00:14:000		6.83188e+06		100.062		35.3703		0.034182		0.000977963		309.848		
00:00:13:900		1.54694e+07		0.162564		2.84991		529.882		6.96559e+06		526.891			00:00:13:900		6.83187e+06		100.062		35.3712		0.0262615		0.000959159		309.848		
00:00:13:699		1.54695e+07		0.162726		2.84962		529.886		6.96558e+06		526.889			00:00:13:699		6.83186e+06		100.061		35.3732		0.0214712		0.000940354		309.848		
00:00:13:699		1.54695e+07		0.162726		2.84962		529.886		6.96558e+06		526.889			00:00:13:699		6.83186e+06		100.061		35.3732		0.0214712		0.000940354		309.848		
00:00:13:599		1.54696e+07		0.162807		2.84956		529.888		6.96558e+06		526.882			00:00:13:599		6.83186e+06		100.061		35.3732		0.0214712		0.000940354		309.848		
00:00:13:500		1.54696e+07		0.162888		2.84942		529.89		6.96557e+06		526.888			00:00:13:500		6.83185e+06		100.06		35.3732		0.0214712		0.000940354		309.848		
00:00:13:400		1.54697e+07		0.162969		2.84936		529.892		6.96557e+06		526.886			00:00:13:400		6.83185e+06		100.06		35.3761		0.0170915		0.000921549		309.848		
00:00:13:300		1.54697e+07		0.16305		2.84913		529.893		6.96556e+06		526.885			00:00:13:300		6.83185e+06		100.06		35.3761		0.0170915		0.000921549		309.848		
00:00:13:099		1.54698e+07		0.163211		2.84888		529.897		6.96555e+06		526.875			00:00:13:099		6.83184e+06		100.059		35.3802		0.0150035		0.000902744		309.848		
00:00:13:000		1.54699e+07		0.163292		2.84878		529.899		6.96555e+06		526.885			00:00:13:000		6.83183e+06		100.059		35.3802		0.0150035		0.000902744		309.848		
00:00:13:000		1.54699e+07		0.163292		2.84878		529.899		6.96555e+06		526.885			00:00:13:000		6.83183e+06		100.059		35.3802		0.0150035		0.000902744		309.848		
00:00:12:800		1.547e+07		0.163454		2.84854		529.903		6.96554e+06		526.882			00:00:12:800		6.83182e+06		100.059		35.3854		0.0133126		0.00088394		309.848		
00:00:12:800		1.547e+07		0.163454		2.84854		529.903		6.96554e+06		526.882			00:00:12:800		6.83182e+06		100.059		35.3854		0.0133126		0.00088394		309.848		
00:00:12:699		1.547e+07		0.163534		2.84835		529.904		6.96553e+06		526.875			00:00:12:699		6.83182e+06		100.058		35.3917		0.0101239		0.000865135		309.848		
00:00:12:599		1.54701e+07		0.163615		2.84825		529.906		6.96553e+06		526.883			00:00:12:599		6.83181e+06		100.058		35.3917		0.0101239		0.000865135		309.848		
00:00:12:500		1.54701e+07		0.163696		2.84815		529.908		6.96552e+06		526.882			00:00:12:500		6.83181e+06		100.057		35.3917		0.0101239		0.000865135		309.848		
00:00:12:400		1.54702e+07		0.163776		2.84801		529.91		6.96552e+06		526.879			00:00:12:400		6.8318e+06		100.057		35.3994		0.00862625		0.00084633		309.848		
00:00:12:300		1.54703e+07		0.163857		2.84791		529.912		6.96551e+06		526.878			00:00:12:300		6.8318e+06		100.057		35.3994		0.00862625		0.00084633		309.848		
00:00:12:199		1.54703e+07		0.163938		2.84776		529.914		6.96551e+06		526.871			00:00:12:199		6.8318e+06		100.056		35.4084		0.00750462		0.000827524		309.848		
00:00:12:099		1.54704e+07		0.164018		2.84762		529.916		6.9655e+06		526.879			00:00:12:099		6.83179e+06		100.056		35.4084		0.00750462		0.000827524		309.848		
00:00:11:949		1.54704e+07		0.164139		2.84749		529.919		6.96549e+06		526.878			00:00:11:949		6.83178e+06		100.055		35.4187		0.00544414		0.000808719		309.848		
00:00:11:900		1.54705e+07		0.164179		2.84738		529.919		6.96549e+06		526.876			00:00:11:900		6.83178e+06		100.055		35.4187		0.00544414		0.000808719		309.848		
00:00:11:750		1.54705e+07		0.1643		2.84716		529.923		6.96548e+06		526.876			00:00:11:750		6.83177e+06		100.054		35.4187		0.00544414		0.000808719		309.848		
00:00:11:650		1.54706e+07		0.164381		2.84706		529.925		6.96548e+06		526.875			00:00:11:650		6.83177e+06		100.054		35.4306		0.00374572		0.000789914		309.848		
00:00:11:550		1.54706e+07		0.164461		2.84692		529.927		6.96547e+06		526.872			00:00:11:550		6.83176e+06		100.054		35.4306		0.00374572		0.000789914		309.848		
00:00:11:449		1.54707e+07		0.164542		2.84682		529.928		6.96547e+06		526.865			00:00:11:449		6.83175e+06		100.053		35.444		0.00240201		0.000771109		309.848		
00:00:11:349		1.54708e+07		0.164622		2.84672		529.932		6.96546e+06		526.875			00:00:11:349		6.83175e+06		100.053		35.444		0.00240201		0.000771109		309.848		
00:00:11:250		1.54708e+07		0.164702		2.84653		529.932		6.96546e+06		526.874			00:00:11:250		6.83175e+06		100.052		35.444		0.00240201		0.000771109		309.848		
00:00:11:150		1.54709e+07		0.164783		2.84639		529.934		6.96545e+06		526.874			00:00:11:150		6.83174e+06		100.052		35.459		0.000991641		0.000752303		309.848		
00:00:11:050		1.54709e+07		0.164864		2.84629		529.936		6.96545e+06		526.874			00:00:11:050		6.83174e+06		100.052		35.459		0.000991641		0.000752303		309.848		
00:00:10:949		1.5471e+07		0.164944		2.84624		529.939		6.96544e+06		526.873			00:00:10:949		6.83173e+06		100.051		35.4759		0.00016538		0.000733498		309.848		
00:00:10:849		1.5471e+07		0.165025		2.84614		529.941		6.96544e+06		526.873			00:00:10:849		6.83173e+06		100.051		35.4759		0.00016538		0.000733498		309.848		
00:00:10:750		1.54711e+07		0.165105		2.84595		529.945		6.96543e+06		526.872			00:00:10:750		6.83172e+06		100.05		35.4759		0.00016538		0.000733498		309.848		
00:00:10:650		1.54711e+07		0.165186		2.84581		529.945		6.96543e+06		526.871			00:00:10:650		6.83172e+06		100.05		35.4948		8.26901e-05		0.000714692		309.848		
00:00:10:550		1.54712e+07		0.165267		2.84571		529.949		6.96542e+06		526.871			00:00:10:550		6.83171e+06		100.05		35.4948		8.26901e-05		0.000714692		309.848		
00:00:10:449		1.54713e+07		0.165348		2.84566		529.951		6.96541e+06		526.87			00:00:10:449		6.83171e+06		100.049		35.5158		0		0.000695886		309.848		
00:00:10:349		1.54713e+07		0.165428		2.84552		529.952		6.96541e+06		526.869			00:00:10:349		6.8317e+06		100.049		35.5158		0		0.000695886		309.848		
00:00:10:250		1.54714e+07		0.165509		2.84538		529.954		6.9654e+06		526.869			00:00:10:250		6.8317e+06		100.049		35.5158		0		0.000695886		309.848		
00:00:10:150		1.54714e+07		0.165589		2.84528		529.958		6.9654e+06		526.87			00:00:10:150		6.83169e+06		100.049		35.5392		0		0.00067708		309.848		
00:00:10:050		1.54715e+07		0.16567		2.84514		529.96		6.96539e+06		526.869			00:00:10:050		6.83169e+06		100.049		35.5392		0		0.00067708		309.848		
00:00:09:949		1.54715e+07		0.165751		2.84504		529.962		6.96539e+06		526.868			00:00:09:949		6.83168e+06		100.048		35.5649		0		0.000658274		309.848		
00:00:09:849		1.54716e+07		0.165831		2.8449		529.963		6.96538e+06		526.867			00:00:09:849		6.83168e+06		100.048		35.5649		0		0.000658274		309.848		
00:00:09:750		1.54716e+07		0.165912		2.8448		529.965		6.96538e+06		526.867			00:00:09:750		6.83167e+06		100.047		35.5649		0		0.000658274		309.848		
00:00:09:650		1.54717e+07		0.165993		2.84466		529.967		6.96537e+06		526.866			00:00:09:650		6.83167e+06		100.047		35.593		0		0.000639468		309.848		
00:00:09:550		1.54718e+07		0.166074		2.84452		529.971		6.96537e+06		526.864			00:00:09:550		6.83166e+06		100.047		35.593		0		0.000639468		309.848		
00:00:09:449		1.54718e+07		0.166155		2.84446		529.973		6.96536e+06		526.87			00:00:09:449		6.83166e+06		100.046		35.6244		0		0.000620662		309.848		
00:00:09:349		1.54719e+07		0.166236		2.84432		529.974		6.96535e+06		526.865			00:00:09:349		6.83165e+06		100.046		35.6244		0		0.000620662		309.848		
00:00:09:250		1.54719e+07		0.166317		2.84418		529.978		6.96535e+06		526.865			00:00:09:250		6.83164e+06		100.046		35.6244		0		0.000620662		309.848		
00:00:09:150		1.5472e+07		0.166399		2.84409		529.98		6.96534e+06		526.864			00:00:09:150		6.83164e+06		100.046		35.6571		0		0.000601856		309.848		
00:00:09:050		1.5472e+07		0.16648		2.84399		529.982		6.96534e+06		526.864			00:00:09:050		6.83163e+06		100.046		35.6571		0		0.000601856		309.848		
00:00:08:900		1.54721e+07		0.166601		2.84378		529.985		6.96533e+06		526.862			00:00:08:900		6.83163e+06		100.047		35.6897		0		0.00058305		309.848		
00:00:08:800		1.54722e+07		0.166682		2.84373		529.989		6.96532e+06		526.864			00:00:08:800		6.83162e+06		100.047		35.6897		0		0.00058305		309.848		
00:00:08:800		1.54722e+07		0.166682		2.84373		529.989		6.96532e+06		526.864			00:00:08:800		6.83162e+06		100.047		35.6897		0		0.00058305		309.848		
00:00:08:699		1.54723e+07		0.166763		2.84355		529.991		6.96532e+06		526.863			00:00:08:699		6.83161e+06		100.048		35.7221		0		0.000564243		309.848		
00:00:08:599		1.54723e+07		0.166844		2.8435		529.993		6.96531e+06		526.863			00:00:08:599		6.83161e+06		100.048		35.7221		0		0.000564243		309.848		
00:00:08:500		1.54724e+07		0.166925		2.84331		529.995		6.96531e+06		526.862			00:00:08:500		6.8316e+06		100.048		35.7221		0		0.000564243		309.848		
00:00:08:400		1.54724e+07		0.167007		2.84322		529.998		6.9653e+06		526.862			00:00:08:400		6.8316e+06		100.048		35.7543		0		0.000545437		309.847		
00:00:08:300		1.54725e+07		0.167089		2.84313		530.002		6.96529e+06		526.862			00:00:08:300		6.83159e+06		100.048		35.7543		0		0.000545437		309.847		
00:00:08:199		1.54726e+07		0.16717		2.84303		530.004		6.96529e+06		526.861			00:00:08:199		6.83159e+06		100.049		35.7863		0		0.00052663		309.847		
00:00:08:000		1.54727e+07		0.167334		2.84275		530.009		6.96528e+06		526.86			00:00:08:000		6.83158e+06		100.05		35.7863		0		0.00052663		309.847		
00:00:08:000		1.54727e+07		0.167334		2.84275		530.009		6.96528e+06		526.86			00:00:08:000		6.83158e+06		100.05		35.7863		0		0.00052663		309.847		
00:00:07:900		1.54727e+07		0.167416		2.8427		530.011		6.96527e+06		526.859			00:00:07:900		6.83157e+06		100.05		35.8179		0		0.000507824		309.847		
00:00:07:799		1.54728e+07		0.167499		2.84256		530.013		6.96527e+06		526.859			00:00:07:799		6.83156e+06		100.05		35.8179		0		0.000507824		309.847		
00:00:07:700		1.54729e+07		0.167581		2.84246		530.017		6.96526e+06		526.857			00:00:07:700		6.83156e+06		100.05		35.8492		0		0.000489017		309.847		
00:00:07:599		1.54729e+07		0.167663		2.84236		530.019		6.96525e+06		526.859			00:00:07:599		6.83155e+06		100.05		35.8492		0		0.000489017		309.847		
00:00:07:500		1.5473e+07		0.167745		2.84227		530.02		6.96525e+06		526.858			00:00:07:500		6.83155e+06		100.051		35.8492		0		0.000489017		309.847		
00:00:07:400		1.54731e+07		0.167827		2.84213		530.024		6.96524e+06		526.858			00:00:07:400		6.83154e+06		100.051		35.8802		0		0.00047021		309.847		
00:00:07:299		1.54731e+07		0.167909		2.84209		530.026		6.96524e+06		526.857			00:00:07:299		6.83154e+06		100.051		35.8802		0		0.00047021		309.847		
00:00:07:200		1.54732e+07		0.16799		2.84195		530.03		6.96523e+06		526.859			00:00:07:200		6.83153e+06		100.052		35.9108		0		0.000451403		309.847		
00:00:07:000		1.54733e+07		0.168153		2.84173		530.033		6.96522e+06		526.858			00:00:07:000		6.83152e+06		100.052		35.9108		0		0.000451403		309.847		
00:00:07:000		1.54733e+07		0.168153		2.84173		530.033		6.96522e+06		526.858			00:00:07:000		6.83152e+06		100.052		35.9108		0		0.000451403		309.847		
00:00:06:900		1.54734e+07		0.168235		2.84169		530.037		6.96521e+06		526.858			00:00:06:900		6.83151e+06		100.052		35.9409		0		0.000432596		309.847		
00:00:06:799		1.54734e+07		0.168316		2.84155		530.039		6.96521e+06		526.858			00:00:06:799		6.8315e+06		100.052		35.9409		0		0.000432596		309.847		
00:00:06:650		1.54735e+07		0.16844		2.84135		530.043		6.9652e+06		526.857			00:00:06:650		6.8315e+06		100.053		35.9706		0		0.000413789		309.847		
00:00:06:599		1.54736e+07		0.168482		2.84133		530.044		6.96519e+06		526.857			00:00:06:599		6.83149e+06		100.053		35.9706		0		0.000413789		309.847		
00:00:06:500		1.54736e+07		0.168565		2.84127		530.048		6.96519e+06		526.857			00:00:06:500		6.83149e+06		100.054		35.9706		0		0.000413789		309.847		
00:00:06:299		1.54738e+07		0.168733		2.84104		530.052		6.96517e+06		526.856			00:00:06:299		6.83147e+06		100.054		35.9998		0		0.000394981		309.847		
00:00:06:299		1.54738e+07		0.168733		2.84104		530.052		6.96517e+06		526.856			00:00:06:299		6.83147e+06		100.054		35.9998		0		0.000394981		309.847		
00:00:06:099		1.54739e+07		0.1689		2.8408		530.057		6.96516e+06		526.854			00:00:06:099		6.83146e+06		100.054		36.0284		0		0.000376174		309.847		
00:00:06:099		1.54739e+07		0.1689		2.8408		530.057		6.96516e+06		526.854			00:00:06:099		6.83146e+06		100.054		36.0284		0		0.000376174		309.847		
00:00:05:950		1.5474e+07		0.169025		2.84064		530.061		6.96515e+06		526.858			00:00:05:950		6.83146e+06		100.055		36.0564		0		0.000357366		309.847		
00:00:05:849		1.54741e+07		0.169107		2.84059		530.065		6.96515e+06		526.852			00:00:05:849		6.83145e+06		100.055		36.0564		0		0.000357366		309.847		
00:00:05:750		1.54742e+07		0.169188		2.84046		530.066		6.96514e+06		526.845			00:00:05:750		6.83144e+06		100.056		36.0564		0		0.000357366		309.847		
00:00:05:650		1.54742e+07		0.16927		2.84043		530.07		6.96513e+06		526.85			00:00:05:650		6.83144e+06		100.056		36.0837		0		0.000338559		309.847		
00:00:05:549		1.54743e+07		0.16935		2.84039		530.072		6.96513e+06		526.851			00:00:05:549		6.83143e+06		100.056		36.0837		0		0.000338559		309.847		
00:00:05:450		1.54744e+07		0.169431		2.84027		530.076		6.96512e+06		526.844			00:00:05:450		6.83142e+06		100.056		36.1103		0		0.000319751		309.847		
00:00:05:349		1.54744e+07		0.169511		2.84015		530.078		6.96511e+06		526.841			00:00:05:349		6.83142e+06		100.056		36.1103		0		0.000319751		309.847		
00:00:05:250		1.54745e+07		0.169592		2.84003		530.081		6.96511e+06		526.854			00:00:05:250		6.83141e+06		100.057		36.1103		0		0.000319751		309.847		
00:00:05:099		1.54746e+07		0.169715		2.83988		530.083		6.9651e+06		526.847			00:00:05:099		6.8314e+06		100.057		36.1361		0		0.000300943		309.847		
00:00:05:099		1.54746e+07		0.169715		2.83988		530.083		6.9651e+06		526.847			00:00:05:099		6.8314e+06		100.057		36.1361		0		0.000300943		309.847		
00:00:05:000		1.54747e+07		0.169799		2.83978		530.087		6.96509e+06		526.848			00:00:05:000		6.8314e+06		100.058		36.1361		0		0.000300943		309.847		
00:00:04:900		1.54747e+07		0.169884		2.83964		530.09		6.96508e+06		526.848			00:00:04:900		6.83139e+06		100.058		36.1611		0		0.000282135		309.847		
00:00:04:750		1.54749e+07		0.170013		2.83946		530.094		6.96508e+06		526.853			00:00:04:750		6.83138e+06		100.058		36.1611		0		0.000282135		309.847		
00:00:04:650		1.54749e+07		0.170099		2.8394		530.098		6.96507e+06		526.837			00:00:04:650		6.83137e+06		100.058		36.1852		0		0.000263327		309.847		
00:00:04:549		1.5475e+07		0.170184		2.83939		530.1		6.96506e+06		526.844			00:00:04:549		6.83136e+06		100.058		36.1852		0		0.000263327		309.847		
00:00:04:450		1.54751e+07		0.170267		2.83929		530.101		6.96506e+06		526.843			00:00:04:450		6.83136e+06		100.059		36.2084		0		0.000244519		309.847		
00:00:04:349		1.54752e+07		0.170349		2.83919		530.105		6.96505e+06		526.841			00:00:04:349		6.83136e+06		100.059		36.2084		0		0.000244519		309.847		
00:00:04:250		1.54753e+07		0.170428		2.83916		530.107		6.96504e+06		526.839			00:00:04:250		6.83135e+06		100.06		36.2084		0		0.000244519		309.847		
00:00:04:150		1.54754e+07		0.170506		2.83913		530.111		6.96504e+06		526.837			00:00:04:150		6.83135e+06		100.06		36.2305		0		0.00022571		309.847		
00:00:04:049		1.54754e+07		0.170581		2.83907		530.112		6.96503e+06		526.836			00:00:04:049		6.83134e+06		100.06		36.2305		0		0.00022571		309.847		
00:00:03:950		1.54755e+07		0.170655		2.83897		530.114		6.96502e+06		526.837			00:00:03:950		6.83133e+06		100.061		36.2514		0		0.000206902		309.847		
00:00:03:850		1.54755e+07		0.170729		2.83888		530.118		6.96502e+06		526.835			00:00:03:850		6.83133e+06		100.061		36.2514		0		0.000206902		309.847		
00:00:03:750		1.54756e+07		0.170804		2.83873		530.122		6.96501e+06		526.835			00:00:03:750		6.83132e+06		100.061		36.2514		0		0.000206902		309.847		
00:00:03:649		1.54756e+07		0.17088		2.83858		530.124		6.96501e+06		526.834			00:00:03:649		6.83132e+06		100.061		36.2713		0		0.000188093		309.848		
00:00:03:549		1.54757e+07		0.170959		2.83846		530.125		6.965e+06		526.833			00:00:03:549		6.83131e+06		100.061		36.2713		0		0.000188093		309.848		
00:00:03:450		1.54758e+07		0.171041		2.83833		530.129		6.96499e+06		526.832			00:00:03:450		6.83131e+06		100.062		36.2898		0		0.000169284		309.848		
00:00:03:350		1.54759e+07		0.171126		2.83817		530.131		6.96499e+06		526.831			00:00:03:350		6.8313e+06		100.062		36.2898		0		0.000169284		309.847		
00:00:03:250		1.5476e+07		0.171214		2.838		530.135		6.96498e+06		526.83			00:00:03:250		6.8313e+06		100.063		36.2898		0		0.000169284		309.847		
00:00:03:149		1.54761e+07		0.171302		2.83787		530.136		6.96498e+06		526.829			00:00:03:149		6.83129e+06		100.063		36.307		0		0.000150476		309.847		
00:00:03:049		1.54762e+07		0.171433		2.83782		530.14		6.96497e+06		526.827			00:00:03:049		6.83128e+06		100.063		36.307		0		0.000150476		309.847		
00:00:02:899		1.54764e+07		0.171516		2.83783		530.144		6.96496e+06		526.826			00:00:02:899		6.83128e+06		100.063		36.3227		0		0.000131667		309.847		
00:00:02:899		1.54764e+07		0.171516		2.83783		530.144		6.96496e+06		526.826			00:00:02:899		6.83128e+06		100.063		36.3227		0		0.000131667		309.847		
00:00:02:700		1.54766e+07		0.171667		2.83782		530.147		6.96495e+06		526.825			00:00:02:700		6.83127e+06		100.064		36.3368		0		0.000112858		309.847		
00:00:02:700		1.54766e+07		0.171667		2.83782		530.147		6.96495e+06		526.825			00:00:02:700		6.83127e+06		100.064		36.3368		0		0.000112858		309.847		
00:00:02:600		1.54767e+07		0.171733		2.83782		530.151		6.96495e+06		526.823			00:00:02:600		6.83126e+06		100.064		36.3368		0		0.000112858		309.847		
00:00:02:500		1.54767e+07		0.171793		2.83776		530.153		6.96494e+06		526.823			00:00:02:500		6.83126e+06		100.065		36.3368		0		0.000112858		309.847		
00:00:02:399		1.54768e+07		0.17185		2.83772		530.157		6.96494e+06		526.822			00:00:02:399		6.83125e+06		100.065		36.3493		0		9.40484e-05		309.847		
00:00:02:299		1.54768e+07		0.171904		2.83756		530.159		6.96493e+06		526.821			00:00:02:299		6.83125e+06		100.065		36.3493		0		9.40484e-05		309.847		
00:00:02:200		1.54768e+07		0.17196		2.83739		530.162		6.96493e+06		526.819			00:00:02:200		6.83124e+06		100.066		36.36		0		7.52387e-05		309.847		
00:00:02:000		1.54769e+07		0.172088		2.83677		530.168		6.96492e+06		526.82			00:00:02:000		6.83123e+06		100.066		36.36		0		7.52387e-05		309.847		
00:00:02:000		1.54769e+07		0.172088		2.83677		530.168		6.96492e+06		526.82			00:00:02:000		6.83123e+06		100.066		36.36		0		7.52387e-05		309.847		
00:00:01:899		1.54769e+07		0.172164		2.83655		530.169		6.96491e+06		526.819			00:00:01:899		6.83123e+06		100.066		36.3687		0		5.64289e-05		309.847		
00:00:01:800		1.5477e+07		0.172248		2.8362		530.173		6.96491e+06		526.818			00:00:01:800		6.83123e+06		100.066		36.3687		0		5.64289e-05		309.847		
00:00:01:699		1.54772e+07		0.172338		2.83603		530.175		6.9649e+06		526.818			00:00:01:699		6.83122e+06		100.067		36.3755		0		3.76193e-05		309.847		
00:00:01:600		1.54774e+07		0.172432		2.83592		530.179		6.9649e+06		526.817			00:00:01:600		6.83122e+06		100.067		36.3755		0		3.76193e-05		309.846		
00:00:01:500		1.54776e+07		0.172525		2.83584		530.181		6.96489e+06		526.818			00:00:01:500		6.83121e+06		100.068		36.3755		0		3.76193e-05		309.846		
00:00:01:399		1.54778e+07		0.172613		2.83582		530.184		6.96489e+06		526.821			00:00:01:399		6.83121e+06		100.068		36.3801		0		1.88098e-05		309.846		
00:00:01:300		1.5478e+07		0.172688		2.83593		530.188		6.96488e+06		526.821			00:00:01:300		6.8312e+06		100.068		36.3801		0		1.88098e-05		309.846		
00:00:01:100		1.54784e+07		0.172793		2.83663		530.193		6.96488e+06		526.822			00:00:01:100		6.8312e+06		100.068		36.3825		0		0		309.845		
00:00:01:000		1.54785e+07		0.172822		2.83678		530.197		6.96487e+06		526.822			00:00:01:000		6.83119e+06		100.069		36.3825		0		0		309.845		
00:00:01:000		1.54785e+07		0.172822		2.83678		530.197		6.96487e+06		526.822			00:00:01:000		6.83119e+06		100.069		36.3825		0		0		309.845		
00:00:00:900		1.54786e+07		0.172836		2.83655		530.199		6.96487e+06		526.823			00:00:00:900		6.83119e+06		100.069		36.3828		0		0		309.846		
00:00:00:800		1.54786e+07		0.172839		2.8357		530.203		6.96486e+06		526.823			00:00:00:800		6.83118e+06		100.069		36.3828		0		0		309.846		
00:00:00:699		1.54786e+07		0.17284		2.8357		530.204		6.96486e+06		526.823			00:00:00:699		6.83118e+06		100.069		36.3831		0		0		309.846		
00:00:00:599		1.54786e+07		0.172839		2.83569		530.208		6.96486e+06		526.825			00:00:00:599		6.83118e+06		100.069		36.3831		0		0		309.846		
00:00:00:500		1.54786e+07		0.172839		2.83569		530.21		6.96485e+06		526.825			00:00:00:500		6.83117e+06		100.069		36.3831		0		0		309.846		
00:00:00:349		1.54786e+07		0.17284		2.83568		530.216		6.96485e+06		526.825			00:00:00:349		6.83117e+06		100.069		36.3834		0		0		309.846		
00:00:00:250		1.54786e+07		0.17284		2.83572		530.217		6.96484e+06		526.826			00:00:00:250		6.83116e+06		100.069		36.3834		0		0		309.846		
00:00:00:149		1.54785e+07		0.17284		2.83572		530.221		6.96484e+06		526.826			00:00:00:149		6.83116e+06		100.069		36.3837		0		0		309.846		
00:00:00:000		1.54785e+07		0.17284		2.83571		530.225		6.96483e+06		526.826			00:00:00:000		6.83115e+06		100.069		36.3837		0		0		309.846		
00:00:00:000		1.54785e+07		0.17284		2.83571		530.225		6.96483e+06		526.826			00:00:00:000		6.83115e+06		100.069		36.3837		0		0		309.846		
00:00:00:000		1.54785e+07		0.17284		2.83571		530.225		6.96483e+06		526.826			00:00:00:000		6.83115e+06		100.069		36.3837		0		0		309.846		
00:00:00:000		1.54785e+07		0.17284		2.83571		530.225		6.96483e+06		526.826			00:00:00:000		6.83115e+06		100.069		36.3837		0		0		309.846		
00:00:00:000		1.54785e+07		0.17284		2.83571		530.225		6.96483e+06		526.826			00:00:00:000		6.83115e+06		100.069		36.3837		0		0		309.846		
00:00:00:000		1.54785e+07		0.17284		2.83571		530.225		6.96483e+06		526.826			00:00:00:000		6.83115e+06		100.069		36.3837		0		0		309.846		
