	time 		rcpppzr	rcp054rcp007mnzoyout	rcv501std0102fvol	fwfrcp001gv	rcppmssga	msfsg(1)			time 		gpv001pnt10113ppntm	evf507ety101mpzoyout	chtcon(1)	chavg(1)	chlhsumpa	rcptavgn	
00:01:02:100		7.57615e+06		-5.84997		0		0		7.20081e+06		21.8122			00:01:02:100		7.20065e+06		168.288		106.744		5.71525e+06		2.13575		290.694		
00:01:02:000		7.58292e+06		-5.85029		0		0		7.20116e+06		32.1575			00:01:02:000		7.20031e+06		168.006		106.744		5.71525e+06		2.13575		290.693		
00:01:02:000		7.58292e+06		-5.85029		0		0		7.20116e+06		32.1575			00:01:02:000		7.20031e+06		168.006		106.744		5.71525e+06		2.13575		290.693		
00:01:01:899		7.58977e+06		-5.85062		0		0		7.2012e+06		26.2039			00:01:01:899		7.20015e+06		168.006		106.659		5.70242e+06		2.12954		290.692		
00:01:01:799		7.59675e+06		-5.85095		0		0		7.20084e+06		14.0502			00:01:01:799		7.20019e+06		168.006		106.659		5.70242e+06		2.12954		290.69		
00:01:01:700		7.60387e+06		-5.85129		0		0		7.20015e+06		-10.767			00:01:01:700		7.19987e+06		167.724		106.573		5.68970e+06		2.12334		290.689		
00:01:01:600		7.61111e+06		-5.85164		0		0		7.19939e+06		-27.0855			00:01:01:600		7.19966e+06		167.724		106.573		5.68970e+06		2.12334		290.688		
00:01:01:500		7.61855e+06		-5.85199		0		0		7.19886e+06		-29.8214			00:01:01:500		7.1997e+06		167.444		106.573		5.68970e+06		2.12334		290.687		
00:01:01:399		7.62606e+06		-5.85233		0		0		7.19872e+06		-16.8349			00:01:01:399		7.19934e+06		167.444		106.486		5.67698e+06		2.11714		290.686		
00:01:01:299		7.6337e+06		-5.85267		0		0		7.19895e+06		3.70185			00:01:01:299		7.19917e+06		167.444		106.486		5.67698e+06		2.11714		290.684		
00:01:01:049		7.65334e+06		-5.85342		0		0		7.1998e+06		31.4755			00:01:01:049		7.19868e+06		167.163		106.4		5.66418e+06		2.11094		290.682		
00:01:00:950		7.66141e+06		-5.85367		0		0		7.19963e+06		20.9556			00:01:00:950		7.19877e+06		166.885		106.314		5.65144e+06		2.10474		290.681		
00:01:00:950		7.66141e+06		-5.85367		0		0		7.19963e+06		20.9556			00:01:00:950		7.19877e+06		166.885		106.314		5.65144e+06		2.10474		290.681		
00:01:00:899		7.66548e+06		-5.85378		0		0		7.1994e+06		14.381			00:01:00:899		7.19874e+06		166.885		106.314		5.65144e+06		2.10474		290.68		
00:01:00:799		7.67373e+06		-5.85398		0		0		7.1987e+06		-10.5936			00:01:00:799		7.19841e+06		166.885		106.314		5.65144e+06		2.10474		290.679		
00:01:00:700		7.68211e+06		-5.85413		0		0		7.19793e+06		-27.3172			00:01:00:700		7.19819e+06		166.608		106.228		5.63872e+06		2.09853		290.678		
00:01:00:600		7.69063e+06		-5.85424		0		0		7.19739e+06		-30.0483			00:01:00:600		7.19822e+06		166.608		106.228		5.63872e+06		2.09853		290.677		
00:01:00:500		7.69929e+06		-5.85429		0		0		7.19724e+06		-16.7918			00:01:00:500		7.19786e+06		166.331		106.228		5.63872e+06		2.09853		290.676		
00:01:00:399		7.70811e+06		-5.8543		0		0		7.19749e+06		0			00:01:00:399		7.19769e+06		166.331		106.141		5.62601e+06		2.09233		290.675		
00:01:00:299		7.71706e+06		-5.85428		0		0		7.19797e+06		24.475			00:01:00:299		7.19773e+06		166.331		106.141		5.62601e+06		2.09233		290.674		
00:01:00:100		7.73537e+06		-5.85416		0		0		7.19835e+06		28.6102			00:01:00:100		7.19714e+06		166.057		106.055		5.61341e+06		2.08612		290.672		
00:01:00:000		7.74473e+06		-5.85406		0		0		7.19792e+06		14.3603			00:01:00:000		7.19721e+06		165.784		106.055		5.61341e+06		2.08612		290.671		
00:01:00:000		7.74473e+06		-5.85406		0		0		7.19792e+06		14.3603			00:01:00:000		7.19721e+06		165.784		106.055		5.61341e+06		2.08612		290.671		
00:00:59:950		7.74946e+06		-5.85401		0		0		7.19756e+06		3.89565			00:00:59:950		7.19707e+06		165.784		105.968		5.60089e+06		2.07992		290.67		
00:00:59:850		7.75901e+06		-5.85388		0		0		7.1967e+06		-22.3786			00:00:59:850		7.19663e+06		165.784		105.968		5.60089e+06		2.07992		290.669		
00:00:59:750		7.7687e+06		-5.85373		0		0		7.19595e+06		-33.3504			00:00:59:750		7.19672e+06		165.511		105.968		5.60089e+06		2.07992		290.668		
00:00:59:600		7.7835e+06		-5.85348		0		0		7.19554e+06		-20.1421			00:00:59:600		7.19632e+06		165.511		105.881		5.58832e+06		2.07371		290.666		
00:00:59:500		7.79356e+06		-5.8533		0		0		7.1958e+06		2.92304			00:00:59:500		7.19608e+06		165.24		105.881		5.58832e+06		2.07371		290.665		
00:00:59:399		7.80377e+06		-5.8531		0		0		7.19628e+06		23.1828			00:00:59:399		7.19611e+06		165.24		105.794		5.57575e+06		2.0675		290.664		
00:00:59:299		7.81413e+06		-5.85289		0		0		7.19666e+06		34.546			00:00:59:299		7.19572e+06		165.24		105.794		5.57575e+06		2.0675		290.663		
00:00:59:200		7.82464e+06		-5.85266		0		0		7.1967e+06		30.2487			00:00:59:200		7.19547e+06		164.971		105.707		5.56314e+06		2.06128		290.662		
00:00:59:100		7.8353e+06		-5.85242		0		0		7.19631e+06		16.6317			00:00:59:100		7.19553e+06		164.971		105.707		5.56314e+06		2.06128		290.661		
00:00:59:000		7.8461e+06		-5.85218		0		0		7.19553e+06		-10.3163			00:00:59:000		7.19519e+06		164.703		105.707		5.56314e+06		2.06128		290.66		
00:00:58:899		7.85704e+06		-5.85193		0		0		7.19466e+06		-29.2864			00:00:58:899		7.19492e+06		164.703		105.619		5.55061e+06		2.05507		290.659		
00:00:58:799		7.86814e+06		-5.85167		0		0		7.194e+06		-33.4012			00:00:58:799		7.19495e+06		164.703		105.619		5.55061e+06		2.05507		290.658		
00:00:58:700		7.86814e+06		-5.85167		0		0		7.194e+06		-33.4012			00:00:58:700		7.19495e+06		164.703		105.619		5.55061e+06		2.05507		290.658		
00:00:58:700		7.87939e+06		-5.85142		0		0		7.19377e+06		-25.9229			00:00:58:700		7.1946e+06		164.438		105.531		5.53816e+06		2.04885		290.656		
00:00:58:600		7.8908e+06		-5.85117		0		0		7.194e+06		0.469274			00:00:58:600		7.19429e+06		164.438		105.531		5.53816e+06		2.04885		290.655		
00:00:58:500		7.90236e+06		-5.85092		0		0		7.19446e+06		22.2568			00:00:58:500		7.19434e+06		164.172		105.531		5.53816e+06		2.04885		290.654		
00:00:58:399		7.91408e+06		-5.85068		0		0		7.19485e+06		34.2987			00:00:58:399		7.19397e+06		164.172		105.443		5.52576e+06		2.04264		290.653		
00:00:58:250		7.93194e+06		-5.85033		0		0		7.19477e+06		24.2763			00:00:58:250		7.19371e+06		163.908		105.443		5.52576e+06		2.04264		290.651		
00:00:58:149		7.94403e+06		-5.85012		0		0		7.19418e+06		8.00892			00:00:58:149		7.19359e+06		163.908		105.355		5.51331e+06		2.03642		290.649		
00:00:58:000		7.96244e+06		-5.84982		0		0		7.19286e+06		-27.5275			00:00:58:000		7.19302e+06		163.645		105.355		5.51331e+06		2.03642		290.647		
00:00:57:899		7.9749e+06		-5.84963		0		0		7.19215e+06		-34.428			00:00:57:899		7.19309e+06		163.645		105.266		5.5008e+06		2.03019		290.646		
00:00:57:799		7.98751e+06		-5.84946		0		0		7.19186e+06		-24.2719			00:00:57:799		7.19274e+06		163.645		105.266		5.5008e+06		2.03019		290.645		
00:00:57:700		8.00025e+06		-5.8493		0		0		7.19202e+06		-5.04711			00:00:57:700		7.19237e+06		163.384		105.177		5.48828e+06		2.02397		290.643		
00:00:57:600		8.01314e+06		-5.84914		0		0		7.19246e+06		19.9575			00:00:57:600		7.19245e+06		163.384		105.177		5.48828e+06		2.02397		290.642		
00:00:57:500		8.0262e+06		-5.84898		0		0		7.19288e+06		33.4769			00:00:57:500		7.19211e+06		163.124		105.177		5.48828e+06		2.02397		290.64		
00:00:57:399		8.03941e+06		-5.84881		0		0		7.193e+06		33.1242			00:00:57:399		7.19172e+06		163.124		105.087		5.47582e+06		2.01774		290.639		
00:00:57:299		8.05275e+06		-5.84864		0		0		7.19269e+06		20.1273			00:00:57:299		7.19181e+06		163.124		105.087		5.47582e+06		2.01774		290.637		
00:00:57:200		8.06623e+06		-5.84845		0		0		7.19197e+06		0			00:00:57:200		7.19152e+06		162.865		104.997		5.46333e+06		2.01152		290.636		
00:00:57:100		8.07984e+06		-5.84824		0		0		7.19104e+06		-25.7341			00:00:57:100		7.19108e+06		162.865		104.997		5.46333e+06		2.01152		290.634		
00:00:57:000		8.09358e+06		-5.84801		0		0		7.19028e+06		-35.0996			00:00:57:000		7.19117e+06		162.606		104.997		5.46333e+06		2.01152		290.633		
00:00:57:000		8.09358e+06		-5.84801		0		0		7.19028e+06		-35.0996			00:00:57:000		7.19117e+06		162.606		104.997		5.46333e+06		2.01152		290.633		
00:00:56:899		8.10745e+06		-5.84775		0		0		7.18991e+06		-27.7072			00:00:56:899		7.19087e+06		162.606		104.906		5.45084e+06		2.00529		290.631		
00:00:56:799		8.12144e+06		-5.84746		0		0		7.19002e+06		-8.28872			00:00:56:799		7.19042e+06		162.606		104.906		5.45084e+06		2.00529		290.63		
00:00:56:649		8.14265e+06		-5.84694		0		0		7.19068e+06		25.5305			00:00:56:649		7.19042e+06		162.349		104.815		5.43841e+06		1.99906		290.627		
00:00:56:549		8.15695e+06		-5.84653		0		0		7.19103e+06		36.9577			00:00:56:549		7.18998e+06		162.349		104.815		5.43841e+06		1.99906		290.625		
00:00:56:450		8.17136e+06		-5.84606		0		0		7.191e+06		29.1687			00:00:56:450		7.18977e+06		162.092		104.723		5.42595e+06		1.99282		290.624		
00:00:56:350		8.18588e+06		-5.84554		0		0		7.19053e+06		15.2182			00:00:56:350		7.18978e+06		162.092		104.723		5.42595e+06		1.99282		290.622		
00:00:56:250		8.20051e+06		-5.84496		0		0		7.18967e+06		-13.5395			00:00:56:250		7.18936e+06		161.836		104.723		5.42595e+06		1.99282		290.62		
00:00:56:049		8.23009e+06		-5.84362		0		0		7.18809e+06		-34.9274			00:00:56:049		7.18912e+06		161.836		104.632		5.41343e+06		1.98659		290.616		
00:00:56:049		8.23009e+06		-5.84362		0		0		7.18809e+06		-34.9274			00:00:56:049		7.18912e+06		161.836		104.632		5.41343e+06		1.98659		290.616		
00:00:55:950		8.245e+06		-5.84288		0		0		7.18788e+06		-21.351			00:00:55:950		7.18869e+06		161.581		104.539		5.40083e+06		1.98035		290.614		
00:00:55:799		8.26757e+06		-5.84166		0		0		7.18835e+06		15.0495			00:00:55:799		7.18847e+06		161.581		104.539		5.40083e+06		1.98035		290.612		
00:00:55:799		8.26757e+06		-5.84166		0		0		7.18835e+06		15.0495			00:00:55:799		7.18847e+06		161.581		104.539		5.40083e+06		1.98035		290.612		
00:00:55:700		8.28274e+06		-5.84081		0		0		7.18882e+06		30.5904			00:00:55:700		7.18828e+06		161.326		104.446		5.38825e+06		1.97411		290.61		
00:00:55:600		8.29801e+06		-5.83994		0		0		7.18906e+06		36.3346			00:00:55:600		7.18779e+06		161.326		104.446		5.38825e+06		1.97411		290.608		
00:00:55:500		8.31338e+06		-5.83908		0		0		7.18887e+06		24.9857			00:00:55:500		7.18778e+06		161.073		104.446		5.38825e+06		1.97411		290.605		
00:00:55:399		8.32885e+06		-5.83824		0		0		7.18824e+06		7.81289			00:00:55:399		7.18764e+06		161.073		104.353		5.37557e+06		1.96788		290.603		
00:00:55:299		8.34441e+06		-5.83746		0		0		7.18732e+06		-20.7443			00:00:55:299		7.18715e+06		161.073		104.353		5.37557e+06		1.96788		290.601		
00:00:55:049		8.38383e+06		-5.83592		0		0		7.18584e+06		-24.4102			00:00:55:049		7.18672e+06		160.819		104.258		5.36286e+06		1.96164		290.596		
00:00:55:049		8.38383e+06		-5.83592		0		0		7.18584e+06		-24.4102			00:00:55:049		7.18672e+06		160.819		104.258		5.36286e+06		1.96164		290.596		
00:00:54:950		8.39981e+06		-5.83552		0		0		7.18602e+06		-4.04105			00:00:54:950		7.18636e+06		160.566		104.164		5.35013e+06		1.9554		290.594		
00:00:54:850		8.41587e+06		-5.83527		0		0		7.18648e+06		21.4865			00:00:54:850		7.18643e+06		160.566		104.164		5.35013e+06		1.9554		290.591		
00:00:54:750		8.43199e+06		-5.83516		0		0		7.1869e+06		35.1616			00:00:54:750		7.18607e+06		160.313		104.164		5.35013e+06		1.9554		290.589		
00:00:54:649		8.44815e+06		-5.83518		0		0		7.187e+06		33.765			00:00:54:649		7.1857e+06		160.313		104.069		5.33741e+06		1.94916		290.586		
00:00:54:549		8.46438e+06		-5.83532		0		0		7.18666e+06		20.002			00:00:54:549		7.18579e+06		160.313		104.069		5.33741e+06		1.94916		290.584		
00:00:54:450		8.48065e+06		-5.83553		0		0		7.1859e+06		0			00:00:54:450		7.18546e+06		160.061		103.973		5.3246e+06		1.94291		290.582		
00:00:54:350		8.49696e+06		-5.83578		0		0		7.18495e+06		-27.8422			00:00:54:350		7.18505e+06		160.061		103.973		5.3246e+06		1.94291		290.579		
00:00:54:149		8.52969e+06		-5.83641		0		0		7.18385e+06		-26.1635			00:00:54:149		7.18477e+06		159.808		103.876		5.31176e+06		1.93667		290.574		
00:00:54:049		8.54611e+06		-5.83678		0		0		7.18399e+06		-9.67228			00:00:54:049		7.18436e+06		159.808		103.876		5.31176e+06		1.93667		290.572		
00:00:54:049		8.54611e+06		-5.83678		0		0		7.18399e+06		-9.67228			00:00:54:049		7.18436e+06		159.808		103.876		5.31176e+06		1.93667		290.572		
00:00:53:950		8.56255e+06		-5.83725		0		0		7.18446e+06		20.498			00:00:53:950		7.18448e+06		159.556		103.779		5.29891e+06		1.93043		290.57		
00:00:53:850		8.57901e+06		-5.83781		0		0		7.18493e+06		34.9646			00:00:53:850		7.18415e+06		159.556		103.779		5.29891e+06		1.93043		290.567		
00:00:53:700		8.60373e+06		-5.83882		0		0		7.18499e+06		28.9092			00:00:53:700		7.18375e+06		159.304		103.681		5.28591e+06		1.92419		290.563		
00:00:53:600		8.62021e+06		-5.83956		0		0		7.18446e+06		13.8204			00:00:53:600		7.18373e+06		159.304		103.681		5.28591e+06		1.92419		290.561		
00:00:53:500		8.63668e+06		-5.84032		0		0		7.18355e+06		-17.6203			00:00:53:500		7.18327e+06		159.052		103.681		5.28591e+06		1.92419		290.558		
00:00:53:399		8.65312e+06		-5.84106		0		0		7.18261e+06		-34.5604			00:00:53:399		7.18308e+06		159.052		103.583		5.27282e+06		1.91794		290.556		
00:00:53:299		8.66956e+06		-5.84173		0		0		7.18197e+06		-36.1415			00:00:53:299		7.18308e+06		159.052		103.583		5.27282e+06		1.91794		290.553		
00:00:53:100		8.70243e+06		-5.84275		0		0		7.18213e+06		4.65916			00:00:53:100		7.18240e+06		158.8		103.484		5.25977e+06		1.9117		290.548		
00:00:53:049		8.71065e+06		-5.84299		0		0		7.18238e+06		17.0732			00:00:53:049		7.18249e+06		158.8		103.484		5.25977e+06		1.9117		290.547		
00:00:53:049		8.71065e+06		-5.84299		0		0		7.18238e+06		17.0732			00:00:53:049		7.18249e+06		158.8		103.484		5.25977e+06		1.9117		290.547		
00:00:52:950		8.7271e+06		-5.84342		0		0		7.18287e+06		32.7117			00:00:52:950		7.18227e+06		158.549		103.384		5.24661e+06		1.90546		290.544		
00:00:52:850		8.7436e+06		-5.84381		0		0		7.18311e+06		37.2269			00:00:52:850		7.18177e+06		158.549		103.384		5.24661e+06		1.90546		290.542		
00:00:52:750		8.76011e+06		-5.84416		0		0		7.18288e+06		24.3865			00:00:52:750		7.18185e+06		158.297		103.384		5.24661e+06		1.90546		290.539		
00:00:52:649		8.7766e+06		-5.84447		0		0		7.1822e+06		5.38783			00:00:52:649		7.18164e+06		158.297		103.283		5.23335e+06		1.89921		290.537		
00:00:52:549		8.79307e+06		-5.84475		0		0		7.18124e+06		-23.6908			00:00:52:549		7.18114e+06		158.297		103.283		5.23335e+06		1.89921		290.534		
00:00:52:450		8.80952e+06		-5.84499		0		0		7.18038e+06		-37.3209			00:00:52:450		7.18116e+06		158.046		103.182		5.22003e+06		1.89297		290.532		
00:00:52:350		8.82593e+06		-5.84521		0		0		7.1799e+06		-33.1682			00:00:52:350		7.181e+06		158.046		103.182		5.22003e+06		1.89297		290.529		
00:00:52:200		8.85044e+06		-5.84548		0		0		7.18011e+06		-0.913202			00:00:52:200		7.18044e+06		157.795		103.079		5.20672e+06		1.88673		290.525		
00:00:52:100		8.86672e+06		-5.84564		0		0		7.18063e+06		24.0249			00:00:52:100		7.18053e+06		157.795		103.079		5.20672e+06		1.88673		290.523		
00:00:52:000		8.88294e+06		-5.84579		0		0		7.18108e+06		37.5679			00:00:52:000		7.18014e+06		157.544		103.079		5.20672e+06		1.88673		290.521		
00:00:51:899		8.89912e+06		-5.84593		0		0		7.18116e+06		34.6251			00:00:51:899		7.17979e+06		157.544		102.976		5.19340e+06		1.88048		290.518		
00:00:51:799		8.91524e+06		-5.84608		0		0		7.18075e+06		19.0671			00:00:51:799		7.17989e+06		157.544		102.976		5.19340e+06		1.88048		290.516		
00:00:51:700		8.93132e+06		-5.84623		0		0		7.17992e+06		-8.85965			00:00:51:700		7.17952e+06		157.292		102.873		5.18002e+06		1.87424		290.514		
00:00:51:600		8.94734e+06		-5.84641		0		0		7.17895e+06		-30.2047			00:00:51:600		7.17913e+06		157.292		102.873		5.18002e+06		1.87424		290.511		
00:00:51:500		8.9633e+06		-5.84661		0		0		7.17819e+06		-38.3287			00:00:51:500		7.17925e+06		157.041		102.873		5.18002e+06		1.87424		290.509		
00:00:51:399		8.9792e+06		-5.84684		0		0		7.17789e+06		-27.3848			00:00:51:399		7.1789e+06		157.041		102.768		5.16658e+06		1.868		290.507		
00:00:51:299		8.99502e+06		-5.84711		0		0		7.1781e+06		-6.27142			00:00:51:299		7.17851e+06		157.041		102.768		5.16658e+06		1.868		290.505		
00:00:51:200		9.01069e+06		-5.84743		0		0		7.17862e+06		21.3821			00:00:51:200		7.17863e+06		156.79		102.663		5.15307e+06		1.86176		290.503		
00:00:51:100		9.02624e+06		-5.8478		0		0		7.17911e+06		36.2716			00:00:51:100		7.17831e+06		156.79		102.663		5.15307e+06		1.86176		290.501		
00:00:51:100		9.02624e+06		-5.8478		0		0		7.17911e+06		36.2716			00:00:51:100		7.17831e+06		156.79		102.663		5.15307e+06		1.86176		290.501		
00:00:51:000		9.04168e+06		-5.84822		0		0		7.17927e+06		36.5631			00:00:51:000		7.17789e+06		156.539		102.663		5.15307e+06		1.86176		290.498		
00:00:50:899		9.05705e+06		-5.84869		0		0		7.17896e+06		21.7299			00:00:50:899		7.17802e+06		156.539		102.556		5.13958e+06		1.85551		290.496		
00:00:50:799		9.07235e+06		-5.84919		0		0		7.17818e+06		0			00:00:50:799		7.17772e+06		156.539		102.556		5.13958e+06		1.85551		290.494		
00:00:50:649		9.09521e+06		-5.84988		0		0		7.17675e+06		-36.8277			00:00:50:649		7.17732e+06		156.288		102.449		5.12599e+06		1.84927		290.491		
00:00:50:549		9.11043e+06		-5.85033		0		0		7.17614e+06		-37.7923			00:00:50:549		7.17734e+06		156.288		102.449		5.12599e+06		1.84927		290.488		
00:00:50:450		9.12559e+06		-5.85076		0		0		7.17604e+06		-20.3515			00:00:50:450		7.17687e+06		156.037		102.341		5.11229e+06		1.84303		290.486		
00:00:50:350		9.14069e+06		-5.85118		0		0		7.17642e+06		6.73862			00:00:50:350		7.17671e+06		156.037		102.341		5.11229e+06		1.84303		290.484		
00:00:50:250		9.15572e+06		-5.85157		0		0		7.17698e+06		27.6843			00:00:50:250		7.17674e+06		155.787		102.341		5.11229e+06		1.84303		290.482		
00:00:50:049		9.18556e+06		-5.8523		0		0		7.17741e+06		32.1552			00:00:50:049		7.17607e+06		155.787		102.233		5.0986e+06		1.83679		290.478		
00:00:50:049		9.18556e+06		-5.8523		0		0		7.17741e+06		32.1552			00:00:50:049		7.17607e+06		155.787		102.233		5.0986e+06		1.83679		290.478		
00:00:49:950		9.20037e+06		-5.85263		0		0		7.17691e+06		15.742			00:00:49:950		7.17614e+06		155.537		102.123		5.08490e+06		1.83054		290.476		
00:00:49:850		9.2151e+06		-5.85293		0		0		7.176e+06		-16.4116			00:00:49:850		7.1757e+06		155.537		102.123		5.08490e+06		1.83054		290.474		
00:00:49:750		9.22976e+06		-5.8532		0		0		7.17504e+06		-35.1366			00:00:49:750		7.17546e+06		155.287		102.123		5.08490e+06		1.83054		290.473		
00:00:49:649		9.24435e+06		-5.85344		0		0		7.17436e+06		-39.2398			00:00:49:649		7.17555e+06		155.287		102.012		5.07106e+06		1.8243		290.471		
00:00:49:549		9.25884e+06		-5.85365		0		0		7.17418e+06		-24.2183			00:00:49:549		7.17513e+06		155.287		102.012		5.07106e+06		1.8243		290.469		
00:00:49:450		9.27325e+06		-5.85383		0		0		7.17451e+06		1.08401			00:00:49:450		7.17485e+06		155.037		101.901		5.05717e+06		1.81806		290.468		
00:00:49:350		9.28758e+06		-5.85399		0		0		7.17509e+06		25.9838			00:00:49:350		7.17496e+06		155.037		101.901		5.05717e+06		1.81806		290.466		
00:00:49:250		9.30183e+06		-5.85411		0		0		7.17557e+06		39.7399			00:00:49:250		7.17455e+06		154.788		101.901		5.05717e+06		1.81806		290.464		
00:00:49:049		9.33012e+06		-5.85426		0		0		7.17521e+06		18.4906			00:00:49:049		7.17435e+06		154.788		101.789		5.04328e+06		1.81181		290.461		
00:00:49:049		9.33012e+06		-5.85426		0		0		7.17521e+06		18.4906			00:00:49:049		7.17435e+06		154.788		101.789		5.04328e+06		1.81181		290.461		
00:00:48:950		9.34415e+06		-5.8543		0		0		7.17433e+06		-12.4908			00:00:48:950		7.17396e+06		154.539		101.676		5.02932e+06		1.80557		290.46		
00:00:48:850		9.35812e+06		-5.85433		0		0		7.17333e+06		-33.362			00:00:48:850		7.17363e+06		154.539		101.676		5.02932e+06		1.80557		290.458		
00:00:48:750		9.37202e+06		-5.85434		0		0		7.17258e+06		-40.5595			00:00:48:750		7.17377e+06		154.29		101.676		5.02932e+06		1.80557		290.457		
00:00:48:649		9.38584e+06		-5.85435		0		0		7.17233e+06		-27.9501			00:00:48:649		7.1734e+06		154.29		101.561		5.01529e+06		1.79932		290.455		
00:00:48:549		9.39958e+06		-5.85438		0		0		7.17261e+06		-5.00407			00:00:48:549		7.17303e+06		154.29		101.561		5.01529e+06		1.79932		290.454		
00:00:48:450		9.41324e+06		-5.85442		0		0		7.17319e+06		23.9982			00:00:48:450		7.17317e+06		154.041		101.447		5.00128e+06		1.79308		290.452		
00:00:48:350		9.42683e+06		-5.85451		0		0		7.17373e+06		39.3436			00:00:48:350		7.17281e+06		154.041		101.447		5.00128e+06		1.79308		290.451		
00:00:48:250		9.44035e+06		-5.85464		0		0		7.17389e+06		38.1698			00:00:48:250		7.17242e+06		153.793		101.447		5.00128e+06		1.79308		290.45		
00:00:48:049		9.46719e+06		-5.85498		0		0		7.17269e+06		-7.57128			00:00:48:049		7.17223e+06		153.793		101.331		4.98726e+06		1.78683		290.447		
00:00:48:049		9.46719e+06		-5.85498		0		0		7.17269e+06		-7.57128			00:00:48:049		7.17223e+06		153.793		101.331		4.98726e+06		1.78683		290.447		
00:00:47:950		9.48054e+06		-5.85521		0		0		7.17168e+06		-31.463			00:00:47:950		7.17184e+06		153.545		101.214		4.97317e+06		1.78058		290.446		
00:00:47:799		9.50048e+06		-5.8557		0		0		7.17065e+06		-38.5248			00:00:47:799		7.17190e+06		153.545		101.214		4.97317e+06		1.78058		290.444		
00:00:47:700		9.51369e+06		-5.85614		0		0		7.1706e+06		-20.2454			00:00:47:700		7.17141e+06		153.297		101.097		4.95901e+06		1.77434		290.443		
00:00:47:649		9.52027e+06		-5.85641		0		0		7.17077e+06		-8.88267			00:00:47:649		7.17126e+06		153.297		101.097		4.95901e+06		1.77434		290.443		
00:00:47:500		9.53992e+06		-5.85737		0		0		7.17164e+06		30.1912			00:00:47:500		7.17133e+06		153.049		101.097		4.95901e+06		1.77434		290.441		
00:00:47:399		9.55293e+06		-5.85817		0		0		7.17207e+06		41.7758			00:00:47:399		7.17086e+06		153.049		100.978		4.94488e+06		1.76809		290.44		
00:00:47:299		9.56583e+06		-5.8591		0		0		7.17205e+06		31.9746			00:00:47:299		7.17072e+06		153.049		100.978		4.94488e+06		1.76809		290.44		
00:00:47:100		9.59162e+06		-5.86114		0		0		7.17055e+06		-20.0692			00:00:47:100		7.17028e+06		152.802		100.859		4.93073e+06		1.76184		290.438		
00:00:47:000		9.60456e+06		-5.86217		0		0		7.16956e+06		-38.5008			00:00:47:000		7.17013e+06		152.554		100.859		4.93073e+06		1.76184		290.437		
00:00:47:000		9.60456e+06		-5.86217		0		0		7.16956e+06		-38.5008			00:00:47:000		7.17013e+06		152.554		100.859		4.93073e+06		1.76184		290.437		
00:00:46:899		9.61755e+06		-5.86314		0		0		7.16891e+06		-40.3504			00:00:46:899		7.17018e+06		152.554		100.739		4.91643e+06		1.75558		290.436		
00:00:46:799		9.63055e+06		-5.86398		0		0		7.1688e+06		-22.2784			00:00:46:799		7.16972e+06		152.554		100.739		4.91643e+06		1.75558		290.435		
00:00:46:700		9.64355e+06		-5.86465		0		0		7.16919e+06		4.99472			00:00:46:700		7.16952e+06		152.307		100.618		4.902e+06		1.74933		290.434		
00:00:46:600		9.6566e+06		-5.86514		0		0		7.1698e+06		28.6736			00:00:46:600		7.1696e+06		152.307		100.618		4.902e+06		1.74933		290.433		
00:00:46:500		9.6697e+06		-5.8654		0		0		7.17028e+06		42.1476			00:00:46:500		7.16915e+06		152.06		100.618		4.902e+06		1.74933		290.432		
00:00:46:500		9.6697e+06		-5.8654		0		0		7.17028e+06		42.1476			00:00:46:500		7.16915e+06		152.06		100.618		4.902e+06		1.74933		290.432		
00:00:46:299		9.69602e+06		-5.86515		0		0		7.16985e+06		17.3524			00:00:46:299		7.16902e+06		152.06		100.495		4.88752e+06		1.74308		290.43		
00:00:46:299		9.69602e+06		-5.86515		0		0		7.16985e+06		17.3524			00:00:46:299		7.16902e+06		152.06		100.495		4.88752e+06		1.74308		290.43		
00:00:46:100		9.72218e+06		-5.8636		0		0		7.16789e+06		-37.4904			00:00:46:100		7.16833e+06		151.814		100.373		4.87308e+06		1.73682		290.428		
00:00:46:000		9.73522e+06		-5.86224		0		0		7.16716e+06		-41.7939			00:00:46:000		7.16844e+06		151.568		100.373		4.87308e+06		1.73682		290.427		
00:00:45:899		9.74824e+06		-5.86045		0		0		7.16698e+06		-26.3176			00:00:45:899		7.16801e+06		151.568		100.249		4.85862e+06		1.73057		290.426		
00:00:45:799		9.76123e+06		-5.85821		0		0		7.16733e+06		-0.721411			00:00:45:799		7.16772e+06		151.568		100.249		4.85862e+06		1.73057		290.425		
00:00:45:700		9.77418e+06		-5.85551		0		0		7.16797e+06		27.2256			00:00:45:700		7.16786e+06		151.322		100.124		4.84411e+06		1.72431		290.424		
00:00:45:600		9.78708e+06		-5.85236		0		0		7.1685e+06		42.1968			00:00:45:600		7.16744e+06		151.322		100.124		4.84411e+06		1.72431		290.423		
00:00:45:500		9.79996e+06		-5.84881		0		0		7.16862e+06		37.5966			00:00:45:500		7.16713e+06		151.076		100.124		4.84411e+06		1.72431		290.422		
00:00:45:399		9.81281e+06		-5.84492		0		0		7.16819e+06		20.3834			00:00:45:399		7.16728e+06		151.076		99.9983		4.82934e+06		1.71805		290.421		
00:00:45:299		9.82563e+06		-5.8408		0		0		7.16729e+06		-11.6655			00:00:45:299		7.16688e+06		151.076		99.9983		4.82934e+06		1.71805		290.42		
00:00:45:200		9.83844e+06		-5.83656		0		0		7.16624e+06		-34.954			00:00:45:200		7.16652e+06		150.829		99.8718		4.81449e+06		1.71179		290.419		
00:00:45:100		9.85125e+06		-5.83233		0		0		7.16544e+06		-43.1025			00:00:45:100		7.16669e+06		150.829		99.8718		4.81449e+06		1.71179		290.418		
00:00:45:100		9.85125e+06		-5.83233		0		0		7.16544e+06		-43.1025			00:00:45:100		7.16669e+06		150.829		99.8718		4.81449e+06		1.71179		290.418		
00:00:45:000		9.86406e+06		-5.82824		0		0		7.16515e+06		-30.3069			00:00:45:000		7.16629e+06		150.584		99.8718		4.81449e+06		1.71179		290.417		
00:00:44:899		9.87692e+06		-5.82444		0		0		7.16542e+06		-8.05128			00:00:44:899		7.16591e+06		150.584		99.7443		4.79963e+06		1.70553		290.417		
00:00:44:799		9.88977e+06		-5.82109		0		0		7.16604e+06		23.2305			00:00:44:799		7.1661e+06		150.584		99.7443		4.79963e+06		1.70553		290.416		
00:00:44:649		9.90901e+06		-5.81658		0		0		7.16679e+06		43.274			00:00:44:649		7.16548e+06		150.339		99.616		4.7847e+06		1.69927		290.415		
00:00:44:549		9.92181e+06		-5.81344		0		0		7.16675e+06		31.6378			00:00:44:549		7.16543e+06		150.339		99.616		4.7847e+06		1.69927		290.414		
00:00:44:450		9.93459e+06		-5.81019		0		0		7.16619e+06		13.861			00:00:44:450		7.16544e+06		150.093		99.4867		4.76971e+06		1.69301		290.413		
00:00:44:399		9.94097e+06		-5.80853		0		0		7.16573e+06		0			00:00:44:399		7.16523e+06		150.093		99.4867		4.76971e+06		1.69301		290.413		
00:00:44:299		9.95372e+06		-5.8051		0		0		7.16469e+06		-31.3476			00:00:44:299		7.16475e+06		150.093		99.4867		4.76971e+06		1.69301		290.412		
00:00:44:049		9.9855e+06		-5.79605		0		0		7.16347e+06		-22.7031			00:00:44:049		7.16437e+06		149.848		99.3565		4.75456e+06		1.68674		290.411		
00:00:44:049		9.9855e+06		-5.79605		0		0		7.16347e+06		-22.7031			00:00:44:049		7.16437e+06		149.848		99.3565		4.75456e+06		1.68674		290.411		
00:00:44:000		9.99184e+06		-5.79416		0		0		7.16363e+06		-12.4468			00:00:44:000		7.16417e+06		149.602		99.3565		4.75456e+06		1.68674		290.411		
00:00:43:850		1.00108e+07		-5.78831		0		0		7.16452e+06		29.125			00:00:43:850		7.16433e+06		149.602		99.2254		4.73928e+06		1.68048		290.411		
00:00:43:750		1.00235e+07		-5.78428		0		0		7.16502e+06		43.1854			00:00:43:750		7.16389e+06		149.357		99.2254		4.73928e+06		1.68048		290.41		
00:00:43:649		1.00361e+07		-5.78015		0		0		7.16507e+06		35.3451			00:00:43:649		7.16365e+06		149.357		99.0934		4.72394e+06		1.67422		290.41		
00:00:43:549		1.00487e+07		-5.77591		0		0		7.16459e+06		17.6395			00:00:43:549		7.16377e+06		149.357		99.0934		4.72394e+06		1.67422		290.41		
00:00:43:450		1.00613e+07		-5.77158		0		0		7.16366e+06		-15.5585			00:00:43:450		7.16332e+06		149.111		98.9604		4.70843e+06		1.66795		290.41		
00:00:43:350		1.00739e+07		-5.76715		0		0		7.16265e+06		-36.4494			00:00:43:350		7.16302e+06		149.111		98.9604		4.70843e+06		1.66795		290.409		
00:00:43:250		1.00865e+07		-5.76263		0		0		7.16192e+06		-42.9293			00:00:43:250		7.16319e+06		148.866		98.9604		4.70843e+06		1.66795		290.409		
00:00:43:049		1.01117e+07		-5.75331		0		0		7.16208e+06		-1.04366			00:00:43:049		7.16248e+06		148.866		98.8266		4.6928e+06		1.66168		290.409		
00:00:43:049		1.01117e+07		-5.75331		0		0		7.16208e+06		-1.04366			00:00:43:049		7.16248e+06		148.866		98.8266		4.6928e+06		1.66168		290.409		
00:00:42:950		1.01242e+07		-5.74852		0		0		7.16272e+06		27.824			00:00:42:950		7.16265e+06		148.62		98.6918		4.6772e+06		1.65542		290.409		
00:00:42:850		1.01367e+07		-5.74363		0		0		7.16331e+06		44.4053			00:00:42:850		7.16228e+06		148.62		98.6918		4.6772e+06		1.65542		290.409		
00:00:42:750		1.01492e+07		-5.73865		0		0		7.16349e+06		41.1157			00:00:42:750		7.16188e+06		148.375		98.6918		4.6772e+06		1.65542		290.409		
00:00:42:649		1.01617e+07		-5.73359		0		0		7.16308e+06		22.8963			00:00:42:649		7.16208e+06		148.375		98.5561		4.66149e+06		1.64915		290.409		
00:00:42:549		1.01741e+07		-5.72843		0		0		7.16216e+06		-9.37811			00:00:42:549		7.1617e+06		148.375		98.5561		4.66149e+06		1.64915		290.409		
00:00:42:450		1.01865e+07		-5.72318		0		0		7.16108e+06		-34.9595			00:00:42:450		7.16129e+06		148.128		98.4196		4.64575e+06		1.64288		290.409		
00:00:42:350		1.01989e+07		-5.71784		0		0		7.16022e+06		-45.468			00:00:42:350		7.16151e+06		148.128		98.4196		4.64575e+06		1.64288		290.409		
00:00:42:250		1.02113e+07		-5.71242		0		0		7.15988e+06		-33.9149			00:00:42:250		7.16115e+06		147.882		98.4196		4.64575e+06		1.64288		290.409		
00:00:42:000		1.02422e+07		-5.69845		0		0		7.16113e+06		32.5854			00:00:42:000		7.16084e+06		147.635		98.2822		4.62991e+06		1.63661		290.41		
00:00:42:000		1.02422e+07		-5.69845		0		0		7.16113e+06		32.5854			00:00:42:000		7.16084e+06		147.635		98.2822		4.62991e+06		1.63661		290.41		
00:00:41:950		1.02483e+07		-5.69559		0		0		7.16144e+06		40.9492			00:00:41:950		7.16064e+06		147.635		98.1442		4.61394e+06		1.63034		290.41		
00:00:41:850		1.02606e+07		-5.68979		0		0		7.16175e+06		44.1899			00:00:41:850		7.1601e+06		147.635		98.1442		4.61394e+06		1.63034		290.411		
00:00:41:700		1.02792e+07		-5.6809		0		0		7.16115e+06		17.6237			00:00:41:700		7.16029e+06		147.388		98.0057		4.5979e+06		1.62407		290.412		
00:00:41:600		1.02915e+07		-5.67486		0		0		7.16013e+06		-19.1017			00:00:41:600		7.15981e+06		147.388		98.0057		4.5979e+06		1.62407		290.412		
00:00:41:500		1.03038e+07		-5.66871		0		0		7.15906e+06		-40.599			00:00:41:500		7.15958e+06		147.141		98.0057		4.5979e+06		1.62407		290.413		
00:00:41:450		1.031e+07		-5.6656		0		0		7.15863e+06		-45.6363			00:00:41:450		7.15971e+06		147.141		97.8666		4.58179e+06		1.6178		290.413		
00:00:41:350		1.03223e+07		-5.65931		0		0		7.15816e+06		-39.4267			00:00:41:350		7.15954e+06		147.141		97.8666		4.58179e+06		1.6178		290.414		
00:00:41:250		1.03345e+07		-5.65292		0		0		7.1583e+06		-16.8791			00:00:41:250		7.15899e+06		146.893		97.8666		4.58179e+06		1.6178		290.415		
00:00:41:049		1.0359e+07		-5.63986		0		0		7.15959e+06		38.4952			00:00:41:049		7.15899e+06		146.893		97.7271		4.56561e+06		1.61153		290.416		
00:00:41:049		1.0359e+07		-5.63986		0		0		7.15959e+06		38.4952			00:00:41:049		7.15899e+06		146.893		97.7271		4.56561e+06		1.61153		290.416		
00:00:40:950		1.03712e+07		-5.63319		0		0		7.16e+06		46.2627			00:00:40:950		7.15844e+06		146.645		97.5871		4.54926e+06		1.60527		290.417		
00:00:40:850		1.03834e+07		-5.62642		0		0		7.15985e+06		31.2645			00:00:40:850		7.1585e+06		146.645		97.5871		4.54926e+06		1.60527		290.418		
00:00:40:750		1.03956e+07		-5.61955		0		0		7.15912e+06		8.70492			00:00:40:750		7.15842e+06		146.397		97.5871		4.54926e+06		1.60527		290.419		
00:00:40:649		1.04078e+07		-5.61257		0		0		7.15803e+06		-26.91			00:00:40:649		7.15788e+06		146.397		97.4467		4.53278e+06		1.599		290.42		
00:00:40:549		1.04261e+07		-5.60192		0		0		7.15665e+06		-46.3017			00:00:40:549		7.158e+06		146.149		97.4467		4.53278e+06		1.599		290.422		
00:00:40:399		1.04383e+07		-5.59469		0		0		7.15637e+06		-32.6781			00:00:40:399		7.15761e+06		146.149		97.3059		4.51631e+06		1.59273		290.423		
00:00:40:299		1.04504e+07		-5.58736		0		0		7.15668e+06		-8.0506			00:00:40:299		7.1572e+06		146.149		97.3059		4.51631e+06		1.59273		290.425		
00:00:40:200		1.04626e+07		-5.57993		0		0		7.15737e+06		26.3043			00:00:40:200		7.15743e+06		145.902		97.1648		4.49974e+06		1.58646		290.426		
00:00:40:100		1.04749e+07		-5.57241		0		0		7.15803e+06		44.7554			00:00:40:100		7.15705e+06		145.902		97.1648		4.49974e+06		1.58646		290.427		
00:00:40:000		1.04872e+07		-5.56478		0		0		7.15829e+06		44.673			00:00:40:000		7.15661e+06		145.654		97.1648		4.49974e+06		1.58646		290.429		
00:00:39:899		1.04995e+07		-5.55705		0		0		7.15797e+06		26.6095			00:00:39:899		7.15682e+06		145.654		97.0233		4.48313e+06		1.58019		290.43		
00:00:39:799		1.05118e+07		-5.54921		0		0		7.15707e+06		0			00:00:39:799		7.15652e+06		145.654		97.0233		4.48313e+06		1.58019		290.431		
00:00:39:700		1.05241e+07		-5.54127		0		0		7.15592e+06		-35.2105			00:00:39:700		7.15604e+06		145.406		96.8816		4.46651e+06		1.57392		290.433		
00:00:39:600		1.05364e+07		-5.53321		0		0		7.15498e+06		-47.7615			00:00:39:600		7.15625e+06		145.406		96.8816		4.46651e+06		1.57392		290.434		
00:00:39:500		1.05487e+07		-5.52503		0		0		7.15457e+06		-39.0294			00:00:39:500		7.15599e+06		145.158		96.8816		4.46651e+06		1.57392		290.435		
00:00:39:500		1.05487e+07		-5.52503		0		0		7.15457e+06		-39.0294			00:00:39:500		7.15599e+06		145.158		96.8816		4.46651e+06		1.57392		290.435		
00:00:39:299		1.05733e+07		-5.5083		0		0		7.15546e+06		21.9878			00:00:39:299		7.15561e+06		145.158		96.7396		4.44984e+06		1.56765		290.438		
00:00:39:299		1.05733e+07		-5.5083		0		0		7.15546e+06		21.9878			00:00:39:299		7.15561e+06		145.158		96.7396		4.44984e+06		1.56765		290.438		
00:00:39:000		1.06164e+07		-5.47786		0		0		7.15597e+06		20.2621			00:00:39:000		7.15501e+06		144.663		96.4551		4.41627e+06		1.5551		290.444		
00:00:39:000		1.06164e+07		-5.47786		0		0		7.15597e+06		20.2621			00:00:39:000		7.15501e+06		144.663		96.4551		4.41627e+06		1.5551		290.444		
00:00:39:000		1.06164e+07		-5.47786		0		0		7.15597e+06		20.2621			00:00:39:000		7.15501e+06		144.663		96.4551		4.41627e+06		1.5551		290.444		
00:00:38:850		1.06287e+07		-5.46889		0		0		7.15492e+06		-18.2143			00:00:38:850		7.15454e+06		144.663		96.4551		4.41627e+06		1.5551		290.446		
00:00:38:750		1.0641e+07		-5.4598		0		0		7.15378e+06		-42.0485			00:00:38:750		7.15428e+06		144.416		96.4551		4.41627e+06		1.5551		290.447		
00:00:38:649		1.06533e+07		-5.45059		0		0		7.15299e+06		-46.938			00:00:38:649		7.15442e+06		144.416		96.3126		4.39927e+06		1.54883		290.449		
00:00:38:549		1.06655e+07		-5.44126		0		0		7.15278e+06		-30.198			00:00:38:549		7.15394e+06		144.416		96.3126		4.39927e+06		1.54883		290.451		
00:00:38:450		1.06778e+07		-5.43182		0		0		7.15317e+06		-2.84332			00:00:38:450		7.15362e+06		144.169		96.1701		4.38232e+06		1.54255		290.452		
00:00:38:350		1.069e+07		-5.42227		0		0		7.15388e+06		29.8536			00:00:38:350		7.15379e+06		144.169		96.1701		4.38232e+06		1.54255		290.454		
00:00:38:250		1.07022e+07		-5.41265		0		0		7.15448e+06		46.7776			00:00:38:250		7.15333e+06		143.924		96.1701		4.38232e+06		1.54255		290.456		
00:00:38:049		1.07265e+07		-5.39319		0		0		7.15418e+06		22.6887			00:00:38:049		7.1532e+06		143.924		96.0276		4.36543e+06		1.53628		290.46		
00:00:38:049		1.07265e+07		-5.39319		0		0		7.15418e+06		22.6887			00:00:38:049		7.1532e+06		143.924		96.0276		4.36543e+06		1.53628		290.46		
00:00:37:950		1.07387e+07		-5.38338		0		0		7.15321e+06		-13.21			00:00:37:950		7.15277e+06		143.678		95.8852		4.34846e+06		1.53		290.462		
00:00:37:850		1.07508e+07		-5.37353		0		0		7.1521e+06		-38.8411			00:00:37:850		7.15242e+06		143.678		95.8852		4.34846e+06		1.53		290.464		
00:00:37:750		1.0763e+07		-5.36364		0		0		7.15129e+06		-45.8774			00:00:37:750		7.15259e+06		143.432		95.8852		4.34846e+06		1.53		290.466		
00:00:37:649		1.07751e+07		-5.35373		0		0		7.15105e+06		-29.2095			00:00:37:649		7.15214e+06		143.432		95.7428		4.33141e+06		1.52372		290.468		
00:00:37:549		1.07873e+07		-5.34378		0		0		7.1514e+06		-1.95211			00:00:37:549		7.15181e+06		143.432		95.7428		4.33141e+06		1.52372		290.47		
00:00:37:450		1.07994e+07		-5.33381		0		0		7.15207e+06		29.0418			00:00:37:450		7.15199e+06		143.188		95.6006		4.31438e+06		1.51744		290.472		
00:00:37:350		1.08115e+07		-5.32379		0		0		7.15264e+06		45.7752			00:00:37:350		7.15156e+06		143.188		95.6006		4.31438e+06		1.51744		290.475		
00:00:37:250		1.08236e+07		-5.31372		0		0		7.15275e+06		41.3009			00:00:37:250		7.15117e+06		142.944		95.6006		4.31438e+06		1.51744		290.477		
00:00:37:149		1.08356e+07		-5.30359		0		0		7.15227e+06		21.0449			00:00:37:149		7.15134e+06		142.944		95.4586		4.29734e+06		1.51115		290.48		
00:00:37:049		1.08477e+07		-5.29338		0		0		7.15128e+06		-14.8716			00:00:37:049		7.15088e+06		142.944		95.4586		4.29734e+06		1.51115		290.482		
00:00:36:950		1.08596e+07		-5.2831		0		0		7.15016e+06		-38.4345			00:00:36:950		7.15049e+06		142.701		95.3168		4.28022e+06		1.50487		290.485		
00:00:36:850		1.08716e+07		-5.27273		0		0		7.14935e+06		-46.5453			00:00:36:850		7.15068e+06		142.701		95.3168		4.28022e+06		1.50487		290.488		
00:00:36:750		1.08836e+07		-5.26228		0		0		7.14914e+06		-29.9285			00:00:36:750		7.15025e+06		142.458		95.3168		4.28022e+06		1.50487		290.49		
00:00:36:649		1.08957e+07		-5.25176		0		0		7.14949e+06		-0.394766			00:00:36:649		7.14988e+06		142.458		95.1754		4.26302e+06		1.49858		290.493		
00:00:36:549		1.09077e+07		-5.24116		0		0		7.15014e+06		29.3134			00:00:36:549		7.15003e+06		142.458		95.1754		4.26302e+06		1.49858		290.496		
00:00:36:450		1.09197e+07		-5.2305		0		0		7.15066e+06		45.1898			00:00:36:450		7.1496e+06		142.217		95.0338		4.24584e+06		1.49228		290.499		
00:00:36:350		1.09318e+07		-5.21977		0		0		7.15073e+06		41.1041			00:00:36:350		7.14917e+06		142.217		95.0338		4.24584e+06		1.49228		290.501		
00:00:36:250		1.09438e+07		-5.20897		0		0		7.1502e+06		19.2543			00:00:36:250		7.1493e+06		141.976		95.0338		4.24584e+06		1.49228		290.504		
00:00:36:149		1.09559e+07		-5.19812		0		0		7.14918e+06		-18.6077			00:00:36:149		7.14884e+06		141.976		94.891		4.22865e+06		1.48599		290.507		
00:00:36:049		1.09679e+07		-5.18722		0		0		7.14808e+06		-41.6838			00:00:36:049		7.14853e+06		141.976		94.891		4.22865e+06		1.48599		290.51		
00:00:35:950		1.09799e+07		-5.17628		0		0		7.1473e+06		-46.2743			00:00:35:950		7.14864e+06		141.736		94.7469		4.21139e+06		1.47969		290.513		
00:00:35:850		1.0992e+07		-5.16531		0		0		7.14711e+06		-28.0647			00:00:35:850		7.14816e+06		141.736		94.7469		4.21139e+06		1.47969		290.516		
00:00:35:700		1.10101e+07		-5.14879		0		0		7.14782e+06		22.3132			00:00:35:700		7.14796e+06		141.496		94.6017		4.19414e+06		1.47338		290.521		
00:00:35:649		1.10161e+07		-5.14328		0		0		7.14817e+06		34.3578			00:00:35:649		7.14792e+06		141.496		94.6017		4.19414e+06		1.47338		290.523		
00:00:35:549		1.10282e+07		-5.13224		0		0		7.1487e+06		49.6177			00:00:35:549		7.14737e+06		141.496		94.6017		4.19414e+06		1.47338		290.526		
00:00:35:450		1.10403e+07		-5.1212		0		0		7.14875e+06		38.8608			00:00:35:450		7.14723e+06		141.258		94.4553		4.17699e+06		1.46707		290.529		
00:00:35:299		1.10585e+07		-5.10463		0		0		7.1477e+06		2.62894			00:00:35:299		7.14706e+06		141.258		94.4553		4.17699e+06		1.46707		290.534		
00:00:35:200		1.10706e+07		-5.09357		0		0		7.14649e+06		-35.3151			00:00:35:200		7.14651e+06		141.02		94.3077		4.15973e+06		1.46076		290.537		
00:00:35:000		1.10949e+07		-5.0714		0		0		7.14497e+06		-39.0587			00:00:35:000		7.14628e+06		140.782		94.3077		4.15973e+06		1.46076		290.544		
00:00:35:000		1.10949e+07		-5.0714		0		0		7.14497e+06		-39.0587			00:00:35:000		7.14628e+06		140.782		94.3077		4.15973e+06		1.46076		290.544		
00:00:34:899		1.11071e+07		-5.06025		0		0		7.1451e+06		-15.1574			00:00:34:899		7.14572e+06		140.782		94.1589		4.14232e+06		1.45444		290.547		
00:00:34:850		1.11132e+07		-5.05465		0		0		7.14536e+06		4.98254			00:00:34:850		7.14572e+06		140.782		94.1589		4.14232e+06		1.45444		290.549		
00:00:34:750		1.11254e+07		-5.04342		0		0		7.14601e+06		33.918			00:00:34:750		7.14577e+06		140.545		94.1589		4.14232e+06		1.45444		290.552		
00:00:34:649		1.11377e+07		-5.03213		0		0		7.14649e+06		47.5961			00:00:34:649		7.1452e+06		140.545		94.0087		4.12494e+06		1.44812		290.556		
00:00:34:549		1.11499e+07		-5.02079		0.0689967		0		7.1465e+06		36.3863			00:00:34:549		7.14512e+06		140.545		94.0087		4.12494e+06		1.44812		290.559		
00:00:34:399		1.11683e+07		-5.00369		0.276448		0		7.14543e+06		0			00:00:34:399		7.14486e+06		140.31		93.8571		4.10755e+06		1.4418		290.564		
00:00:34:299		1.11806e+07		-4.99222		0.414648		0		7.14422e+06		-37.3955			00:00:34:299		7.1443e+06		140.31		93.8571		4.10755e+06		1.4418		290.568		
00:00:34:200		1.11928e+07		-4.9807		0.552615		0		7.14323e+06		-48.2232			00:00:34:200		7.14445e+06		140.074		93.704		4.09008e+06		1.43547		290.571		
00:00:34:100		1.12051e+07		-4.96913		0.690257		0		7.14279e+06		-35.0865			00:00:34:100		7.14398e+06		140.074		93.704		4.09008e+06		1.43547		290.575		
00:00:34:000		1.12174e+07		-4.9575		0.827461		0		7.14298e+06		-9.41088			00:00:34:000		7.14348e+06		139.84		93.704		4.09008e+06		1.43547		290.578		
00:00:33:899		1.12297e+07		-4.94582		0.964154		0		7.14359e+06		26.2682			00:00:33:899		7.14364e+06		139.84		93.5495		4.07263e+06		1.42914		290.582		
00:00:33:799		1.12419e+07		-4.93409		1.10019		0		7.14416e+06		45.953			00:00:33:799		7.1432e+06		139.84		93.5495		4.07263e+06		1.42914		290.586		
00:00:33:700		1.12542e+07		-4.92231		1.23543		0		7.14431e+06		41.7851			00:00:33:700		7.14277e+06		139.606		93.3935		4.05519e+06		1.4228		290.59		
00:00:33:600		1.12666e+07		-4.91048		1.36974		0		7.14385e+06		23.5776			00:00:33:600		7.14287e+06		139.606		93.3935		4.05519e+06		1.4228		290.594		
00:00:33:500		1.12789e+07		-4.8986		1.50294		0		7.14283e+06		-14.12			00:00:33:500		7.14236e+06		139.372		93.3935		4.05519e+06		1.4228		290.598		
00:00:33:399		1.12912e+07		-4.88668		1.63486		0		7.14159e+06		-40.886			00:00:33:399		7.14189e+06		139.372		93.2358		4.03766e+06		1.41645		290.602		
00:00:33:399		1.12912e+07		-4.88668		1.63486		0		7.14159e+06		-40.886			00:00:33:399		7.14189e+06		139.372		93.2358		4.03766e+06		1.41645		290.602		
00:00:33:100		1.13284e+07		-4.8507		2.02066		0		7.14063e+06		-4.20675			00:00:33:100		7.14106e+06		139.139		93.0764		4.02006e+06		1.41011		290.614		
00:00:33:100		1.13284e+07		-4.8507		2.02066		0		7.14063e+06		-4.20675			00:00:33:100		7.14106e+06		139.139		93.0764		4.02006e+06		1.41011		290.614		
00:00:33:000		1.13408e+07		-4.83862		2.14499		0		7.14126e+06		29.4581			00:00:33:000		7.1412e+06		138.907		93.0764		4.02006e+06		1.41011		290.618		
00:00:32:850		1.13594e+07		-4.82043		2.32682		0		7.14192e+06		50.0459			00:00:32:850		7.14036e+06		138.907		92.9152		4.0023e+06		1.40375		290.624		
00:00:32:850		1.13594e+07		-4.82043		2.32682		0		7.14192e+06		50.0459			00:00:32:850		7.14036e+06		138.907		92.9152		4.0023e+06		1.40375		290.624		
00:00:32:799		1.13656e+07		-4.81435		2.38624		0		7.14189e+06		44.4314			00:00:32:799		7.14019e+06		138.907		92.9152		4.0023e+06		1.40375		290.626		
00:00:32:700		1.1378e+07		-4.80216		2.50348		0		7.14134e+06		23.0048			00:00:32:700		7.14031e+06		138.675		92.7519		3.98449e+06		1.39739		290.63		
00:00:32:600		1.13903e+07		-4.78993		2.61852		0		7.14024e+06		-15.1915			00:00:32:600		7.13979e+06		138.675		92.7519		3.98449e+06		1.39739		290.634		
00:00:32:500		1.14027e+07		-4.77767		2.73601		0		7.13901e+06		-41.3052			00:00:32:500		7.13933e+06		138.444		92.7519		3.98449e+06		1.39739		290.638		
00:00:32:350		1.14213e+07		-4.75918		2.91463		0		7.13786e+06		-43.6708			00:00:32:350		7.13923e+06		138.444		92.5864		3.96668e+06		1.39103		290.644		
00:00:32:100		1.14522e+07		-4.72813		3.19949		0		7.13872e+06		32.5532			00:00:32:100		7.13854e+06		138.214		92.4186		3.9488e+06		1.38466		290.654		
00:00:31:949		1.14708e+07		-4.70934		3.35943		0		7.13933e+06		50.8993			00:00:31:949		7.13766e+06		137.983		92.2481		3.93085e+06		1.37829		290.66		
00:00:31:949		1.14708e+07		-4.70934		3.35943		0		7.13933e+06		50.8993			00:00:31:949		7.13766e+06		137.983		92.2481		3.93085e+06		1.37829		290.66		
00:00:31:949		1.14708e+07		-4.70934		3.35943		0		7.13933e+06		50.8993			00:00:31:949		7.13766e+06		137.983		92.2481		3.93085e+06		1.37829		290.66		
00:00:31:750		1.14955e+07		-4.68406		3.55205		0		7.13809e+06		4.51761			00:00:31:750		7.13739e+06		137.753		92.2481		3.93085e+06		1.37829		290.667		
00:00:31:750		1.14955e+07		-4.68406		3.55205		0		7.13809e+06		4.51761			00:00:31:750		7.13739e+06		137.753		92.2481		3.93085e+06		1.37829		290.667		
00:00:31:649		1.15079e+07		-4.67132		3.64358		0		7.1368e+06		-34.591			00:00:31:649		7.13675e+06		137.753		92.0749		3.91272e+06		1.37191		290.671		
00:00:31:550		1.15203e+07		-4.65852		3.73191		0		7.13567e+06		-50.7899			00:00:31:550		7.13676e+06		137.753		92.0749		3.91272e+06		1.37191		290.674		
00:00:31:449		1.15327e+07		-4.64566		3.81704		0		7.13507e+06		-45.0169			00:00:31:449		7.13653e+06		137.523		91.8986		3.89454e+06		1.36553		290.678		
00:00:31:350		1.1545e+07		-4.63274		3.89898		0		7.13518e+06		-15.6487			00:00:31:350		7.1359e+06		137.523		91.8986		3.89454e+06		1.36553		290.681		
00:00:31:250		1.15573e+07		-4.61977		3.97778		0		7.13575e+06		23.7352			00:00:31:250		7.13588e+06		137.294		91.8986		3.89454e+06		1.36553		290.684		
00:00:31:149		1.15697e+07		-4.60676		4.05347		0		7.13639e+06		45.8672			00:00:31:149		7.13556e+06		137.294		91.7189		3.87626e+06		1.35914		290.687		
00:00:31:050		1.1582e+07		-4.5937		4.12611		0		7.13669e+06		50.1023			00:00:31:050		7.13496e+06		137.294		91.7189		3.87626e+06		1.35914		290.69		
00:00:30:949		1.15943e+07		-4.58061		4.19576		0		7.13637e+06		32.5621			00:00:30:949		7.135e+06		137.065		91.5355		3.85782e+06		1.35275		290.693		
00:00:30:850		1.16066e+07		-4.56749		4.2625		0		7.13538e+06		1.76665			00:00:30:850		7.13469e+06		137.065		91.5355		3.85782e+06		1.35275		290.696		
00:00:30:750		1.1619e+07		-4.55434		4.32639		0		7.13404e+06		-38.1753			00:00:30:750		7.13407e+06		136.836		91.5355		3.85782e+06		1.35275		290.698		
00:00:30:649		1.16313e+07		-4.54118		4.38751		0		7.13291e+06		-51.8055			00:00:30:649		7.13416e+06		136.836		91.3482		3.83931e+06		1.34635		290.701		
00:00:30:550		1.16436e+07		-4.52801		4.44597		0		7.13234e+06		-42.5335			00:00:30:550		7.13374e+06		136.836		91.3482		3.83931e+06		1.34635		290.703		
00:00:30:449		1.1656e+07		-4.51486		4.5018		0		7.13245e+06		-15.0351			00:00:30:449		7.1331e+06		136.607		91.1564		3.82073e+06		1.33995		290.706		
00:00:30:350		1.16683e+07		-4.50172		4.55518		0		7.13301e+06		24.7707			00:00:30:350		7.13312e+06		136.607		91.1564		3.82073e+06		1.33995		290.708		
00:00:30:250		1.16806e+07		-4.48861		4.60615		0		7.13361e+06		47.6707			00:00:30:250		7.1327e+06		136.379		91.1564		3.82073e+06		1.33995		290.711		
00:00:30:149		1.1693e+07		-4.47553		4.65482		0		7.13384e+06		47.349			00:00:30:149		7.13214e+06		136.379		90.9601		3.80207e+06		1.33355		290.713		
00:00:30:050		1.17054e+07		-4.46248		4.70113		0		7.13345e+06		29.0978			00:00:30:050		7.13228e+06		136.379		90.9601		3.80207e+06		1.33355		290.716		
00:00:29:949		1.17179e+07		-4.44945		4.74536		0		7.13244e+06		0			00:00:29:949		7.13184e+06		136.15		90.7587		3.78323e+06		1.32714		290.718		
00:00:29:850		1.17303e+07		-4.43642		4.78757		0		7.13117e+06		-40.1991			00:00:29:850		7.1313e+06		136.15		90.7587		3.78323e+06		1.32714		290.721		
00:00:29:750		1.17428e+07		-4.42337		4.82776		0		7.13019e+06		-48.9225			00:00:29:750		7.13138e+06		135.921		90.7587		3.78323e+06		1.32714		290.725		
00:00:29:649		1.17614e+07		-4.40371		4.88446		0		7.1298e+06		-19.7313			00:00:29:649		7.1308e+06		135.921		90.5518		3.76424e+06		1.32073		290.73		
00:00:29:550		1.17676e+07		-4.39712		4.90233		0		7.12996e+06		-4.80562			00:00:29:550		7.13035e+06		135.921		90.5518		3.76424e+06		1.32073		290.731		
00:00:29:449		1.17801e+07		-4.38386		4.93706		0		7.13051e+06		29.0322			00:00:29:449		7.13045e+06		135.692		90.3389		3.74517e+06		1.31431		290.735		
00:00:29:350		1.17925e+07		-4.37048		4.97009		0		7.13098e+06		47.6249			00:00:29:350		7.12993e+06		135.692		90.3389		3.74517e+06		1.31431		290.738		
00:00:29:199		1.18112e+07		-4.35013		5.01664		0		7.13077e+06		31.0501			00:00:29:199		7.12957e+06		135.463		90.1197		3.72592e+06		1.3079		290.744		
00:00:29:100		1.18236e+07		-4.33636		5.0458		0		7.12988e+06		3.20775			00:00:29:100		7.12924e+06		135.463		90.1197		3.72592e+06		1.3079		290.748		
00:00:29:000		1.1836e+07		-4.32243		5.0735		0		7.12862e+06		-33.9372			00:00:29:000		7.12856e+06		135.234		90.1197		3.72592e+06		1.3079		290.752		
00:00:28:899		1.18485e+07		-4.30835		5.09984		0		7.12753e+06		-50.2432			00:00:28:899		7.12855e+06		135.234		89.8938		3.7064e+06		1.30148		290.756		
00:00:28:850		1.18547e+07		-4.30128		5.1125		0		7.12718e+06		-48.8129			00:00:28:850		7.12851e+06		135.234		89.8938		3.7064e+06		1.30148		290.758		
00:00:28:750		1.18671e+07		-4.28707		5.13691		0		7.12698e+06		-24.9433			00:00:28:750		7.12791e+06		135.005		89.8938		3.7064e+06		1.30148		290.763		
00:00:28:649		1.18796e+07		-4.27286		5.16007		0		7.12738e+06		12.5382			00:00:28:649		7.12763e+06		135.005		89.6607		3.68683e+06		1.29505		290.767		
00:00:28:500		1.18982e+07		-4.25175		5.1927		0		7.12817e+06		44.2603			00:00:28:500		7.12734e+06		134.777		89.6607		3.68683e+06		1.29505		290.775		
00:00:28:399		1.19107e+07		-4.23794		5.21306		0		7.1283e+06		48.4003			00:00:28:399		7.12666e+06		134.777		89.4206		3.66715e+06		1.28862		290.78		
00:00:28:300		1.19233e+07		-4.22441		5.23233		0		7.12777e+06		25.7137			00:00:28:300		7.12662e+06		134.777		89.4206		3.66715e+06		1.28862		290.785		
00:00:28:199		1.19358e+07		-4.21119		5.25064		0		7.12665e+06		-13.2025			00:00:28:199		7.12614e+06		134.547		89.1731		3.64732e+06		1.28219		290.791		
00:00:28:100		1.19484e+07		-4.19826		5.26801		0		7.12536e+06		-40.4929			00:00:28:100		7.12557e+06		134.547		89.1731		3.64732e+06		1.28219		290.797		
00:00:28:000		1.1961e+07		-4.18544		5.28445		0		7.12435e+06		-51.7899			00:00:28:000		7.12563e+06		134.317		89.1731		3.64732e+06		1.28219		290.803		
00:00:27:899		1.19735e+07		-4.1726		5.30002		0		7.12396e+06		-37.9726			00:00:27:899		7.12526e+06		134.317		88.9181		3.62729e+06		1.27576		290.809		
00:00:27:800		1.19861e+07		-4.15973		5.3147		0		7.12424e+06		0			00:00:27:800		7.12466e+06		134.317		88.9181		3.62729e+06		1.27576		290.815		
00:00:27:699		1.19988e+07		-4.14684		5.32862		0		7.12484e+06		31.8219			00:00:27:699		7.1247e+06		134.087		88.6554		3.60711e+06		1.26932		290.822		
00:00:27:600		1.20114e+07		-4.13394		5.3418		0		7.12531e+06		50.039			00:00:27:600		7.12416e+06		134.087		88.6554		3.60711e+06		1.26932		290.829		
00:00:27:500		1.20241e+07		-4.12102		5.3543		0		7.12533e+06		46.5979			00:00:27:500		7.12358e+06		133.857		88.6554		3.60711e+06		1.26932		290.836		
00:00:27:399		1.20369e+07		-4.10808		5.36606		0		7.12464e+06		21.6955			00:00:27:399		7.12359e+06		133.857		88.3849		3.58684e+06		1.26288		290.844		
00:00:27:399		1.20369e+07		-4.10808		5.36606		0		7.12464e+06		21.6955			00:00:27:399		7.12359e+06		133.857		88.3849		3.58684e+06		1.26288		290.844		
00:00:27:199		1.20496e+07		-4.09511		5.37706		0		7.12339e+06		-22.3048			00:00:27:199		7.123e+06		133.857		88.3849		3.58684e+06		1.26288		290.852		
00:00:27:199		1.20623e+07		-4.08211		5.38737		0		7.12209e+06		-47.1702			00:00:27:199		7.12262e+06		133.627		88.1068		3.56639e+06		1.25644		290.86		
00:00:27:000		1.20877e+07		-4.05585		5.40647		0		7.12098e+06		-27.8782			00:00:27:000		7.12201e+06		133.396		88.1068		3.56639e+06		1.25644		290.876		
00:00:27:000		1.20877e+07		-4.05585		5.40647		0		7.12098e+06		-27.8782			00:00:27:000		7.12201e+06		133.396		88.1068		3.56639e+06		1.25644		290.876		
00:00:26:899		1.21003e+07		-4.04249		5.41522		0		7.12139e+06		15.6254			00:00:26:899		7.12162e+06		133.396		87.8214		3.54588e+06		1.25		290.885		
00:00:26:800		1.21129e+07		-4.02898		5.42324		0		7.12198e+06		40.584			00:00:26:800		7.12147e+06		133.396		87.8214		3.54588e+06		1.25		290.894		
00:00:26:699		1.21255e+07		-4.01535		5.43059		0		7.1223e+06		51.8734			00:00:26:699		7.12078e+06		133.165		87.5289		3.52527e+06		1.24355		290.904		
00:00:26:600		1.21381e+07		-4.00161		5.43752		0		7.12203e+06		37.2934			00:00:26:600		7.12049e+06		133.165		87.5289		3.52527e+06		1.24355		290.914		
00:00:26:500		1.21567e+07		-3.98081		5.44745		0		7.12041e+06		-22.5781			00:00:26:500		7.11997e+06		132.933		87.2297		3.50438e+06		1.2371		290.929		
00:00:26:350		1.21692e+07		-3.96682		5.45349		0		7.11905e+06		-48.8845			00:00:26:350		7.11963e+06		132.933		87.2297		3.50438e+06		1.2371		290.939		
00:00:26:050		1.22065e+07		-3.92444		5.46773		0		7.11827e+06		18.303			00:00:26:050		7.11848e+06		132.7		86.9241		3.48333e+06		1.23065		290.973		
00:00:26:050		1.22065e+07		-3.92444		5.46773		0		7.11827e+06		18.303			00:00:26:050		7.11848e+06		132.7		86.9241		3.48333e+06		1.23065		290.973		
00:00:25:949		1.22189e+07		-3.91019		5.47222		0		7.11886e+06		43.7894			00:00:25:949		7.11822e+06		132.468		86.6115		3.46219e+06		1.22419		290.985		
00:00:25:949		1.22189e+07		-3.91019		5.47222		0		7.11886e+06		43.7894			00:00:25:949		7.11822e+06		132.468		86.6115		3.46219e+06		1.22419		290.985		
00:00:25:850		1.22313e+07		-3.8959		5.47645		0		7.11915e+06		52.9956			00:00:25:850		7.11748e+06		132.468		86.6115		3.46219e+06		1.22419		290.997		
00:00:25:750		1.22438e+07		-3.88158		5.47982		0		7.11883e+06		36.9297			00:00:25:750		7.11731e+06		132.235		86.6115		3.46219e+06		1.22419		291.009		
00:00:25:649		1.22563e+07		-3.86723		5.48223		0		7.1178e+06		4.81106			00:00:25:649		7.11702e+06		132.235		86.2919		3.44086e+06		1.21773		291.022		
00:00:25:550		1.22688e+07		-3.85285		5.48436		0		7.1164e+06		-41.9222			00:00:25:550		7.11643e+06		132.235		86.2919		3.44086e+06		1.21773		291.035		
00:00:25:449		1.22814e+07		-3.83844		5.48698		0		7.11523e+06		-49.6521			00:00:25:449		7.11624e+06		132.001		85.9654		3.41923e+06		1.21127		291.049		
00:00:25:350		1.22939e+07		-3.82401		5.48991		0		7.11461e+06		-39.9222			00:00:25:350		7.11572e+06		132.001		85.9654		3.41923e+06		1.21127		291.063		
00:00:25:250		1.23064e+07		-3.80954		5.49201		0		7.11462e+06		-9.43254			00:00:25:250		7.11507e+06		131.768		85.9654		3.41923e+06		1.21127		291.077		
00:00:25:100		1.23252e+07		-3.78779		5.49248		0		7.11511e+06		39.488			00:00:25:100		7.1145e+06		131.768		85.6325		3.39754e+06		1.20481		291.099		
00:00:25:000		1.2344e+07		-3.76596		5.49287		0		7.11498e+06		33.4712			00:00:25:000		7.11396e+06		131.534		85.2932		3.37574e+06		1.19834		291.122		
00:00:25:000		1.2344e+07		-3.76596		5.49287		0		7.11498e+06		33.4712			00:00:25:000		7.11396e+06		131.534		85.2932		3.37574e+06		1.19834		291.122		
00:00:24:850		1.23566e+07		-3.75137		5.49457		0		7.11432e+06		15.763			00:00:24:850		7.11358e+06		131.534		85.2932		3.37574e+06		1.19834		291.137		
00:00:24:750		1.23691e+07		-3.73674		5.49604		0		7.11329e+06		-25.8062			00:00:24:750		7.11306e+06		131.299		85.2932		3.37574e+06		1.19834		291.153		
00:00:24:649		1.23817e+07		-3.72208		5.49521		0		7.11238e+06		-33.6641			00:00:24:649		7.11271e+06		131.299		84.9473		3.35382e+06		1.19186		291.169		
00:00:24:449		1.24067e+07		-3.69264		5.48971		0		7.11171e+06		4.66423			00:00:24:449		7.11178e+06		131.064		84.5947		3.33179e+06		1.18538		291.202		
00:00:24:449		1.24067e+07		-3.69264		5.48971		0		7.11171e+06		4.66423			00:00:24:449		7.11178e+06		131.064		84.5947		3.33179e+06		1.18538		291.202		
00:00:24:350		1.24193e+07		-3.67788		5.48875		0		7.11166e+06		18.0342			00:00:24:350		7.11153e+06		131.064		84.5947		3.33179e+06		1.18538		291.219		
00:00:24:250		1.24318e+07		-3.66308		5.48941		0		7.11152e+06		21.0406			00:00:24:250		7.11116e+06		130.828		84.5947		3.33179e+06		1.18538		291.236		
00:00:24:149		1.24443e+07		-3.64825		5.48985		0		7.11118e+06		15.6428			00:00:24:149		7.1108e+06		130.828		84.2351		3.30957e+06		1.17889		291.254		
00:00:24:050		1.24569e+07		-3.63338		5.48767		0		7.11068e+06		-8.52615			00:00:24:050		7.11051e+06		130.828		84.2351		3.30957e+06		1.17889		291.272		
00:00:23:949		1.24695e+07		-3.61848		5.48318		0		7.11024e+06		0			00:00:23:949		7.11021e+06		130.592		83.8684		3.28722e+06		1.1724		291.29		
00:00:23:850		1.24821e+07		-3.60355		5.47963		0		7.10984e+06		0			00:00:23:850		7.10983e+06		130.592		83.8684		3.28722e+06		1.1724		291.309		
00:00:23:750		1.24947e+07		-3.58861		5.4794		0		7.1095e+06		0			00:00:23:750		7.10948e+06		130.356		83.8684		3.28722e+06		1.1724		291.327		
00:00:23:649		1.25074e+07		-3.57364		5.48076		0		7.10927e+06		8.2666			00:00:23:649		7.10918e+06		130.356		83.4947		3.26471e+06		1.16589		291.346		
00:00:23:550		1.252e+07		-3.55865		5.47919		5.35388		7.10907e+06		17.6383			00:00:23:550		7.10884e+06		130.356		83.4947		3.26471e+06		1.16589		291.366		
00:00:23:399		1.25391e+07		-3.53612		5.46921		12.6488		7.10856e+06		5.96613			00:00:23:399		7.10835e+06		130.119		83.1138		3.24195e+06		1.15938		291.395		
00:00:23:300		1.25518e+07		-3.52107		5.46398		19.2693		7.10814e+06		1.44593			00:00:23:300		7.108e+06		130.119		83.1138		3.24195e+06		1.15938		291.415		
00:00:23:250		1.25581e+07		-3.51354		5.46351		22.5526		7.10794e+06		1.54082			00:00:23:250		7.10783e+06		129.881		83.1138		3.24195e+06		1.15938		291.425		
00:00:23:149		1.25708e+07		-3.49845		5.46602		29.1219		7.10759e+06		5.29975			00:00:23:149		7.10747e+06		129.881		82.7257		3.21901e+06		1.15286		291.445		
00:00:23:050		1.25835e+07		-3.48333		5.46719		35.4944		7.10728e+06		7.88695			00:00:23:050		7.10713e+06		129.881		82.7257		3.21901e+06		1.15286		291.465		
00:00:22:949		1.25962e+07		-3.46818		5.46127		41.7525		7.10699e+06		10.6724			00:00:22:949		7.10683e+06		129.643		82.3306		3.19585e+06		1.14633		291.486		
00:00:22:800		1.26152e+07		-3.4454		5.44788		48.6527		7.10656e+06		11.9311			00:00:22:800		7.10635e+06		129.643		82.3306		3.19585e+06		1.14633		291.517		
00:00:22:750		1.26216e+07		-3.43779		5.44746		49.5422		7.10641e+06		10.874			00:00:22:750		7.1062e+06		129.404		82.3306		3.19585e+06		1.14633		291.527		
00:00:22:600		1.26406e+07		-3.41492		5.47284		50.1634		7.10595e+06		11.7743			00:00:22:600		7.10577e+06		129.404		81.9286		3.1725e+06		1.13979		291.559		
00:00:22:500		1.26533e+07		-3.39964		5.47291		50.3448		7.10567e+06		11.6715			00:00:22:500		7.10548e+06		129.164		81.9286		3.1725e+06		1.13979		291.58		
00:00:22:399		1.2666e+07		-3.38434		5.46001		50.5436		7.1054e+06		12.4119			00:00:22:399		7.10519e+06		129.164		81.5199		3.149e+06		1.13323		291.601		
00:00:22:300		1.26786e+07		-3.36903		5.43903		50.7596		7.10515e+06		14.0085			00:00:22:300		7.10494e+06		129.164		81.5199		3.149e+06		1.13323		291.622		
00:00:22:199		1.26913e+07		-3.3537		5.42649		50.9569		7.10491e+06		14.5765			00:00:22:199		7.10469e+06		128.924		81.1051		3.12524e+06		1.12667		291.643		
00:00:22:100		1.27039e+07		-3.33836		5.43089		51.1357		7.10468e+06		15.3208			00:00:22:100		7.10446e+06		128.924		81.1051		3.12524e+06		1.12667		291.663		
00:00:22:000		1.27166e+07		-3.32299		5.43961		51.3316		7.10446e+06		15.8173			00:00:22:000		7.10423e+06		128.683		81.1051		3.12524e+06		1.12667		291.684		
00:00:21:899		1.27293e+07		-3.3076		5.43179		51.5446		7.10425e+06		16.0978			00:00:21:899		7.10402e+06		128.683		80.6846		3.10123e+06		1.1201		291.704		
00:00:21:800		1.27419e+07		-3.29218		5.40667		51.7568		7.10406e+06		17.2059			00:00:21:800		7.1038e+06		128.683		80.6846		3.10123e+06		1.1201		291.724		
00:00:21:699		1.27546e+07		-3.27674		5.3823		51.9681		7.10387e+06		17.9689			00:00:21:699		7.10362e+06		128.441		80.2592		3.07696e+06		1.11351		291.743		
00:00:21:600		1.27674e+07		-3.26129		5.38283		52.1787		7.1037e+06		18.7377			00:00:21:600		7.10344e+06		128.441		80.2592		3.07696e+06		1.11351		291.761		
00:00:21:500		1.27802e+07		-3.24582		5.40039		52.3885		7.10354e+06		19.2637			00:00:21:500		7.10327e+06		128.199		80.2592		3.07696e+06		1.11351		291.78		
00:00:21:399		1.27929e+07		-3.23034		5.40529		52.6148		7.10339e+06		19.8772			00:00:21:399		7.10309e+06		128.199		79.8296		3.05244e+06		1.10692		291.799		
00:00:21:300		1.28056e+07		-3.21486		5.37851		52.8057		7.10325e+06		20.6134			00:00:21:300		7.10294e+06		128.199		79.8296		3.05244e+06		1.10692		291.818		
00:00:21:199		1.28183e+07		-3.19934		5.34035		53.0304		7.10312e+06		20.9407			00:00:21:199		7.10282e+06		127.956		79.3965		3.02753e+06		1.10033		291.837		
00:00:21:100		1.2831e+07		-3.1838		5.32802		53.2542		7.10301e+06		21.9476			00:00:21:100		7.1027e+06		127.956		79.3965		3.02753e+06		1.10033		291.857		
00:00:21:000		1.28437e+07		-3.16824		5.35271		53.5114		7.10291e+06		22.7803			00:00:21:000		7.1026e+06		127.711		79.3965		3.02753e+06		1.10033		291.878		
00:00:21:000		1.28437e+07		-3.16824		5.35271		53.5114		7.10291e+06		22.7803			00:00:21:000		7.1026e+06		127.711		79.3965		3.02753e+06		1.10033		291.878		
00:00:20:899		1.28564e+07		-3.15264		5.37665		53.7334		7.10284e+06		23.7982			00:00:20:899		7.10251e+06		127.711		78.9609		3.00216e+06		1.09373		291.898		
00:00:20:800		1.28691e+07		-3.13703		5.35991		54.0224		7.10279e+06		24.6947			00:00:20:800		7.10244e+06		127.711		78.9609		3.00216e+06		1.09373		291.919		
00:00:20:699		1.28818e+07		-3.1214		5.30464		54.3099		7.10276e+06		25.6955			00:00:20:699		7.10239e+06		127.467		78.5239		2.97643e+06		1.08713		291.941		
00:00:20:600		1.28944e+07		-3.10576		5.26825		54.7135		7.10275e+06		26.6313			00:00:20:600		7.10236e+06		127.467		78.5239		2.97643e+06		1.08713		291.963		
00:00:20:399		1.29199e+07		-3.07438		5.33917		56.3659		7.10278e+06		28.7625			00:00:20:399		7.10237e+06		127.222		78.087		2.95032e+06		1.08052		292.008		
00:00:20:399		1.29199e+07		-3.07438		5.33917		56.3659		7.10278e+06		28.7625			00:00:20:399		7.10237e+06		127.222		78.087		2.95032e+06		1.08052		292.008		
00:00:20:300		1.29327e+07		-3.05864		5.34713		58.0694		7.10283e+06		29.6284			00:00:20:300		7.10239e+06		127.222		78.087		2.95032e+06		1.08052		292.032		
00:00:20:100		1.29582e+07		-3.02711		5.17504		61.7483		7.10298e+06		31.7708			00:00:20:100		7.10249e+06		126.975		77.6516		2.92384e+06		1.0739		292.081		
00:00:19:949		1.29774e+07		-3.00338		5.01423		64.4603		7.10313e+06		33.1061			00:00:19:949		7.10262e+06		126.728		77.2194		2.89699e+06		1.06728		292.119		
00:00:19:949		1.29774e+07		-3.00338		5.01423		64.4603		7.10313e+06		33.1061			00:00:19:949		7.10262e+06		126.728		77.2194		2.89699e+06		1.06728		292.119		
00:00:19:850		1.29902e+07		-2.98752		4.90499		66.2474		7.10326e+06		34.3781			00:00:19:850		7.10271e+06		126.728		77.2194		2.89699e+06		1.06728		292.145		
00:00:19:750		1.30029e+07		-2.97163		4.80887		68.0174		7.10341e+06		35.4582			00:00:19:750		7.10283e+06		126.479		77.2194		2.89699e+06		1.06728		292.171		
00:00:19:649		1.30158e+07		-2.95571		4.72056		69.785		7.10357e+06		36.7096			00:00:19:649		7.10296e+06		126.479		76.7921		2.86957e+06		1.06066		292.198		
00:00:19:449		1.30414e+07		-2.92382		4.51833		73.2495		7.10395e+06		38.8438			00:00:19:449		7.10327e+06		126.229		76.3713		2.84156e+06		1.05402		292.253		
00:00:19:449		1.30414e+07		-2.92382		4.51833		73.2495		7.10395e+06		38.8438			00:00:19:449		7.10327e+06		126.229		76.3713		2.84156e+06		1.05402		292.253		
00:00:19:350		1.30542e+07		-2.90783		4.404		74.9622		7.10416e+06		39.1929			00:00:19:350		7.10346e+06		126.229		76.3713		2.84156e+06		1.05402		292.281		
00:00:19:250		1.30671e+07		-2.89184		4.30209		76.6506		7.10438e+06		40.7658			00:00:19:250		7.10367e+06		125.977		76.3713		2.84156e+06		1.05402		292.31		
00:00:19:050		1.30927e+07		-2.85981		4.13701		80.0191		7.10488e+06		42.1662			00:00:19:050		7.1041e+06		125.977		75.9587		2.813e+06		1.04738		292.369		
00:00:18:949		1.31055e+07		-2.84376		4.0355		81.6882		7.10515e+06		43.419			00:00:18:949		7.10434e+06		125.723		75.5554		2.78387e+06		1.04073		292.399		
00:00:18:949		1.31055e+07		-2.84376		4.0355		81.6882		7.10515e+06		43.419			00:00:18:949		7.10434e+06		125.723		75.5554		2.78387e+06		1.04073		292.399		
00:00:18:850		1.31183e+07		-2.82767		3.91469		83.3253		7.10544e+06		43.8776			00:00:18:850		7.1046e+06		125.723		75.5554		2.78387e+06		1.04073		292.429		
00:00:18:750		1.31311e+07		-2.81156		3.80264		84.9765		7.10575e+06		45.5598			00:00:18:750		7.10485e+06		125.467		75.5554		2.78387e+06		1.04073		292.461		
00:00:18:649		1.31439e+07		-2.79543		3.72052		86.5975		7.10608e+06		46.5021			00:00:18:649		7.10514e+06		125.467		75.1619		2.75412e+06		1.03407		292.493		
00:00:18:550		1.31567e+07		-2.77926		3.65502		88.2221		7.10642e+06		47.0448			00:00:18:550		7.10545e+06		125.467		75.1619		2.75412e+06		1.03407		292.526		
00:00:18:449		1.31695e+07		-2.76306		3.56933		89.8184		7.10677e+06		48.0917			00:00:18:449		7.10578e+06		125.209		74.7778		2.72369e+06		1.0274		292.559		
00:00:18:350		1.31823e+07		-2.74683		3.44355		91.4396		7.10714e+06		49.7071			00:00:18:350		7.10612e+06		125.209		74.7778		2.72369e+06		1.0274		292.593		
00:00:18:250		1.31951e+07		-2.73056		3.31474		93.0337		7.10753e+06		50.3545			00:00:18:250		7.10644e+06		124.948		74.7778		2.72369e+06		1.0274		292.628		
00:00:18:149		1.32079e+07		-2.71427		3.22443		94.632		7.10793e+06		51.367			00:00:18:149		7.10682e+06		124.948		74.3992		2.69263e+06		1.02073		292.663		
00:00:18:050		1.32207e+07		-2.69796		3.18147		96.2145		7.10835e+06		51.9195			00:00:18:050		7.1072e+06		124.948		74.3992		2.69263e+06		1.02073		292.699		
00:00:17:949		1.32335e+07		-2.68162		3.12437		97.7917		7.10877e+06		53.3099			00:00:17:949		7.10758e+06		124.685		74.0124		2.66082e+06		1.01406		292.736		
00:00:17:850		1.32463e+07		-2.66526		2.99996		99.3924		7.10922e+06		54.7634			00:00:17:850		7.10798e+06		124.685		74.0124		2.66082e+06		1.01406		292.774		
00:00:17:750		1.32591e+07		-2.64889		2.84412		100.978		7.10968e+06		55.0101			00:00:17:750		7.10836e+06		124.418		74.0124		2.66082e+06		1.01406		292.812		
00:00:17:649		1.3272e+07		-2.63251		2.72781		102.559		7.11014e+06		55.5272			00:00:17:649		7.10878e+06		124.418		73.6167		2.62813e+06		1.00737		292.852		
00:00:17:550		1.32848e+07		-2.61613		2.72051		104.152		7.11062e+06		57.1964			00:00:17:550		7.10922e+06		124.418		73.6167		2.62813e+06		1.00737		292.892		
00:00:17:449		1.32977e+07		-2.59971		2.72468		105.741		7.11111e+06		57.6041			00:00:17:449		7.10966e+06		124.148		73.2119		2.59469e+06		1.00068		292.933		
00:00:17:350		1.33106e+07		-2.58327		2.7288		107.351		7.1116e+06		58.7256			00:00:17:350		7.11011e+06		124.148		73.2119		2.59469e+06		1.00068		292.974		
00:00:17:199		1.33299e+07		-2.55855		2.73507		109.753		7.11236e+06		59.0393			00:00:17:199		7.11083e+06		123.874		72.798		2.56041e+06		0.993986		293.039		
00:00:17:149		1.33364e+07		-2.55029		2.73721		110.546		7.11262e+06		59.8603			00:00:17:149		7.11107e+06		123.874		72.798		2.56041e+06		0.993986		293.061		
00:00:17:050		1.33492e+07		-2.53375		2.74147		112.165		7.11315e+06		60.4379			00:00:17:050		7.11155e+06		123.874		72.798		2.56041e+06		0.993986		293.105		
00:00:16:949		1.33621e+07		-2.51716		2.74571		113.796		7.1137e+06		61.4525			00:00:16:949		7.11204e+06		123.595		72.3748		2.52506e+06		0.987284		293.15		
00:00:16:850		1.33749e+07		-2.50055		2.74996		115.454		7.11426e+06		63.1824			00:00:16:850		7.11254e+06		123.595		72.3748		2.52506e+06		0.987284		293.197		
00:00:16:750		1.33877e+07		-2.48391		2.75423		117.105		7.11484e+06		63.8904			00:00:16:750		7.11308e+06		123.312		71.942		2.4887e+06		0.980578		293.244		
00:00:16:600		1.3407e+07		-2.45888		2.76084		119.573		7.11575e+06		65.5461			00:00:16:600		7.11389e+06		123.312		71.942		2.4887e+06		0.980578		293.316		
00:00:16:500		1.34198e+07		-2.44216		2.76519		121.272		7.11637e+06		66.6325			00:00:16:500		7.11444e+06		123.025		71.942		2.4887e+06		0.980578		293.365		
00:00:16:399		1.34326e+07		-2.42542		2.76957		123.01		7.11701e+06		67.9205			00:00:16:399		7.11504e+06		123.025		71.4993		2.45129e+06		0.973866		293.414		
00:00:16:300		1.34453e+07		-2.40867		2.77398		124.74		7.11768e+06		69.1734			00:00:16:300		7.11561e+06		123.025		71.4993		2.45129e+06		0.973866		293.465		
00:00:16:250		1.34517e+07		-2.40029		2.77624		125.607		7.11802e+06		69.8357			00:00:16:250		7.11591e+06		122.732		71.4993		2.45129e+06		0.973866		293.491		
00:00:16:149		1.34644e+07		-2.38351		2.78071		127.341		7.11871e+06		71.2963			00:00:16:149		7.11652e+06		122.732		71.0464		2.41273e+06		0.967149		293.542		
00:00:16:000		1.34834e+07		-2.35828		2.78741		130.031		7.11976e+06		71.9371			00:00:16:000		7.11753e+06		122.434		71.0464		2.41273e+06		0.967149		293.621		
00:00:15:900		1.34961e+07		-2.34141		2.79195		131.903		7.12049e+06		72.3585			00:00:15:900		7.11824e+06		122.434		70.5832		2.37304e+06		0.960428		293.675		
00:00:15:800		1.35088e+07		-2.3245		2.79655		133.742		7.12126e+06		74.7637			00:00:15:800		7.11892e+06		122.434		70.5832		2.37304e+06		0.960428		293.729		
00:00:15:699		1.35215e+07		-2.30756		2.8012		135.565		7.12208e+06		75.8782			00:00:15:699		7.11962e+06		122.131		70.1093		2.33218e+06		0.953701		293.784		
00:00:15:599		1.35342e+07		-2.29058		2.80591		137.447		7.12293e+06		78.861			00:00:15:599		7.12032e+06		122.131		70.1093		2.33218e+06		0.953701		293.839		
00:00:15:500		1.3547e+07		-2.27357		2.81051		139.435		7.12383e+06		80.3083			00:00:15:500		7.1211e+06		121.821		70.1093		2.33218e+06		0.953701		293.895		
00:00:15:400		1.35597e+07		-2.25653		2.8152		141.504		7.12477e+06		82.4126			00:00:15:400		7.12192e+06		121.821		69.6251		2.29011e+06		0.94697		293.951		
00:00:15:300		1.35725e+07		-2.23946		2.81991		143.537		7.12575e+06		85.0032			00:00:15:300		7.12274e+06		121.821		69.6251		2.29011e+06		0.94697		294.008		
00:00:15:199		1.35852e+07		-2.22235		2.82471		145.529		7.12678e+06		86.6335			00:00:15:199		7.12363e+06		121.505		69.1304		2.24681e+06		0.940232		294.065		
00:00:15:099		1.35979e+07		-2.20521		2.82948		147.631		7.12786e+06		88.4168			00:00:15:099		7.12454e+06		121.505		69.1304		2.24681e+06		0.940232		294.123		
00:00:15:000		1.36107e+07		-2.18805		2.83431		149.967		7.12898e+06		91.5854			00:00:15:000		7.12547e+06		121.182		69.1304		2.24681e+06		0.940232		294.181		
00:00:14:900		1.36234e+07		-2.17088		2.83915		152.488		7.13014e+06		92.5573			00:00:14:900		7.12647e+06		121.182		68.6252		2.20221e+06		0.933489		294.239		
00:00:14:800		1.36361e+07		-2.15368		2.84396		154.999		7.13134e+06		95.2951			00:00:14:800		7.12748e+06		121.182		68.6252		2.20221e+06		0.933489		294.297		
00:00:14:699		1.36489e+07		-2.13645		2.84884		157.618		7.13258e+06		96.7453			00:00:14:699		7.12861e+06		120.852		68.1097		2.1563e+06		0.926738		294.356		
00:00:14:599		1.36616e+07		-2.11919		2.85385		160.84		7.13385e+06		98.673			00:00:14:599		7.12969e+06		120.852		68.1097		2.1563e+06		0.926738		294.414		
00:00:14:500		1.36743e+07		-2.10191		2.85888		165.457		7.13515e+06		100.326			00:00:14:500		7.13082e+06		120.515		68.1097		2.1563e+06		0.926738		294.472		
00:00:14:400		1.3687e+07		-2.08461		2.86378		172.666		7.13649e+06		101.871			00:00:14:400		7.13202e+06		120.515		67.584		2.10892e+06		0.919978		294.531		
00:00:14:300		1.36998e+07		-2.06732		2.86861		185.182		7.13785e+06		104.743			00:00:14:300		7.13314e+06		120.515		67.584		2.10892e+06		0.919978		294.589		
00:00:14:199		1.37125e+07		-2.05006		2.87356		208.948		7.13921e+06		105.906			00:00:14:199		7.13432e+06		120.17		67.0484		2.06014e+06		0.913208		294.646		
00:00:14:199		1.37125e+07		-2.05006		2.87356		208.948		7.13921e+06		105.906			00:00:14:199		7.13432e+06		120.17		67.0484		2.06014e+06		0.913208		294.646		
00:00:14:000		1.37379e+07		-2.01567		2.88385		292.16		7.14187e+06		108.712			00:00:14:000		7.13663e+06		119.818		67.0484		2.06014e+06		0.913208		294.761		
00:00:14:000		1.37379e+07		-2.01567		2.88385		292.16		7.14187e+06		108.712			00:00:14:000		7.13663e+06		119.818		67.0484		2.06014e+06		0.913208		294.761		
00:00:13:900		1.37505e+07		-1.99856		2.88903		333.807		7.14316e+06		110.492			00:00:13:900		7.13769e+06		119.818		66.5035		2.01004e+06		0.906425		294.817		
00:00:13:800		1.37632e+07		-1.98153		2.89395		370.544		7.14441e+06		112.896			00:00:13:800		7.1387e+06		119.818		66.5035		2.01004e+06		0.906425		294.873		
00:00:13:699		1.37758e+07		-1.96461		2.89895		401.668		7.14562e+06		113.554			00:00:13:699		7.13976e+06		119.458		65.95		1.95868e+06		0.899626		294.929		
00:00:13:599		1.37886e+07		-1.94779		2.90405		427.369		7.1468e+06		115.176			00:00:13:599		7.14084e+06		119.458		65.95		1.95868e+06		0.899626		294.984		
00:00:13:400		1.3814e+07		-1.91446		2.91443		464.602		7.14912e+06		116.559			00:00:13:400		7.14295e+06		119.091		65.3889		1.90608e+06		0.89281		295.09		
00:00:13:400		1.3814e+07		-1.91446		2.91443		464.602		7.14912e+06		116.559			00:00:13:400		7.14295e+06		119.091		65.3889		1.90608e+06		0.89281		295.09		
00:00:13:300		1.38268e+07		-1.89797		2.91945		476.433		7.15027e+06		117.434			00:00:13:300		7.144e+06		119.091		65.3889		1.90608e+06		0.89281		295.142		
00:00:13:199		1.38396e+07		-1.88159		2.92451		482.352		7.15144e+06		117.444			00:00:13:199		7.14517e+06		118.716		64.8202		1.85216e+06		0.885975		295.193		
00:00:12:949		1.38715e+07		-1.84126		2.93739		484.402		7.15451e+06		120.797			00:00:12:949		7.14797e+06		118.336		64.2447		1.7969e+06		0.879118		295.314		
00:00:12:949		1.38715e+07		-1.84126		2.93739		484.402		7.15451e+06		120.797			00:00:12:949		7.14797e+06		118.336		64.2447		1.7969e+06		0.879118		295.314		
00:00:12:849		1.38844e+07		-1.82539		2.94262		484.978		7.1558e+06		121.665			00:00:12:849		7.14913e+06		118.336		64.2447		1.7969e+06		0.879118		295.36		
00:00:12:750		1.38973e+07		-1.80968		2.9478		485.55		7.15709e+06		122.081			00:00:12:750		7.15035e+06		117.949		64.2447		1.7969e+06		0.879118		295.404		
00:00:12:650		1.39102e+07		-1.79413		2.95306		486.11		7.15839e+06		122.846			00:00:12:650		7.15157e+06		117.949		63.6621		1.74029e+06		0.872239		295.447		
00:00:12:599		1.39167e+07		-1.7864		2.95569		486.389		7.15905e+06		122.975			00:00:12:599		7.15221e+06		117.949		63.6621		1.74029e+06		0.872239		295.467		
00:00:12:500		1.39297e+07		-1.77103		2.96099		486.935		7.16038e+06		124.506			00:00:12:500		7.15342e+06		117.557		63.6621		1.74029e+06		0.872239		295.507		
00:00:12:300		1.39559e+07		-1.74056		2.9713		488.007		7.16313e+06		126.705			00:00:12:300		7.15587e+06		117.557		63.0725		1.6823e+06		0.865337		295.584		
00:00:12:300		1.39559e+07		-1.74056		2.9713		488.007		7.16313e+06		126.705			00:00:12:300		7.15587e+06		117.557		63.0725		1.6823e+06		0.865337		295.584		
00:00:12:199		1.39692e+07		-1.72539		2.97656		488.528		7.16453e+06		128.452			00:00:12:199		7.15711e+06		117.159		62.4757		1.62274e+06		0.85841		295.62		
00:00:11:949		1.40031e+07		-1.68747		2.98978		489.784		7.16808e+06		132.29			00:00:11:949		7.16024e+06		116.755		61.8718		1.56147e+06		0.851458		295.708		
00:00:11:949		1.40031e+07		-1.68747		2.98978		489.784		7.16808e+06		132.29			00:00:11:949		7.16024e+06		116.755		61.8718		1.56147e+06		0.851458		295.708		
00:00:11:849		1.4017e+07		-1.67222		2.99466		490.265		7.16952e+06		133.622			00:00:11:849		7.16154e+06		116.755		61.8718		1.56147e+06		0.851458		295.742		
00:00:11:750		1.40312e+07		-1.65688		2.9994		490.734		7.17097e+06		134.949			00:00:11:750		7.16284e+06		116.345		61.8718		1.56147e+06		0.851458		295.776		
00:00:11:650		1.40457e+07		-1.64143		3.00567		491.193		7.17243e+06		137.905			00:00:11:650		7.16417e+06		116.345		61.2609		1.49853e+06		0.84448		295.81		
00:00:11:550		1.40607e+07		-1.62587		3.01017		491.638		7.17392e+06		137.732			00:00:11:550		7.16537e+06		116.345		61.2609		1.49853e+06		0.84448		295.845		
00:00:11:449		1.40761e+07		-1.61017		3.01547		492.074		7.17544e+06		139.749			00:00:11:449		7.16664e+06		115.928		60.6428		1.43392e+06		0.837473		295.879		
00:00:11:349		1.4092e+07		-1.59435		3.02034		492.495		7.17698e+06		142.325			00:00:11:349		7.16793e+06		115.928		60.6428		1.43392e+06		0.837473		295.914		
00:00:11:250		1.41081e+07		-1.57844		3.02515		492.901		7.17856e+06		144.907			00:00:11:250		7.16921e+06		115.504		60.6428		1.43392e+06		0.837473		295.949		
00:00:11:150		1.4124e+07		-1.56242		3.03025		493.295		7.18017e+06		148.533			00:00:11:150		7.17053e+06		115.504		60.0178		1.36755e+06		0.830436		295.984		
00:00:10:949		1.41554e+07		-1.52997		3.04066		494.029		7.18338e+06		150.99			00:00:10:949		7.17312e+06		115.073		59.3861		1.29936e+06		0.823364		296.055		
00:00:10:949		1.41554e+07		-1.52997		3.04066		494.029		7.18338e+06		150.99			00:00:10:949		7.17312e+06		115.073		59.3861		1.29936e+06		0.823364		296.055		
00:00:10:849		1.41705e+07		-1.51345		3.0456		494.37		7.18499e+06		152.736			00:00:10:849		7.17446e+06		115.073		59.3861		1.29936e+06		0.823364		296.092		
00:00:10:750		1.41849e+07		-1.49666		3.0503		494.694		7.18662e+06		155.31			00:00:10:750		7.17576e+06		114.634		59.3861		1.29936e+06		0.823364		296.129		
00:00:10:650		1.41982e+07		-1.47966		3.05528		494.997		7.18826e+06		157.869			00:00:10:650		7.17706e+06		114.634		58.7476		1.22927e+06		0.816255		296.168		
00:00:10:550		1.4211e+07		-1.46261		3.06056		495.281		7.18991e+06		160.095			00:00:10:550		7.17838e+06		114.634		58.7476		1.22927e+06		0.816255		296.209		
00:00:10:449		1.42237e+07		-1.44552		3.06586		495.548		7.19156e+06		162.066			00:00:10:449		7.1797e+06		114.187		58.1028		1.15717e+06		0.809104		296.252		
00:00:10:349		1.42365e+07		-1.42839		3.07037		495.794		7.19322e+06		164.441			00:00:10:349		7.181e+06		114.187		58.1028		1.15717e+06		0.809104		296.297		
00:00:10:250		1.42492e+07		-1.41124		3.07486		496.03		7.19489e+06		167.043			00:00:10:250		7.18229e+06		113.732		58.1028		1.15717e+06		0.809104		296.344		
00:00:10:050		1.42745e+07		-1.37683		3.08452		496.453		7.19819e+06		171.415			00:00:10:050		7.18489e+06		113.732		57.4522		1.08301e+06		0.80191		296.445		
00:00:09:949		1.4287e+07		-1.35955		3.08998		496.645		7.19983e+06		175.049			00:00:09:949		7.18623e+06		113.267		56.7964		1.00668e+06		0.794706		296.498		
00:00:09:949		1.4287e+07		-1.35955		3.08998		496.645		7.19983e+06		175.049			00:00:09:949		7.18623e+06		113.267		56.7964		1.00668e+06		0.794706		296.498		
00:00:09:849		1.42994e+07		-1.34221		3.09412		496.82		7.20144e+06		175.577			00:00:09:849		7.18739e+06		113.267		56.7964		1.00668e+06		0.794706		296.553		
00:00:09:750		1.43116e+07		-1.32476		3.0978		496.979		7.20302e+06		177.595			00:00:09:750		7.18862e+06		112.793		56.7964		1.00668e+06		0.794706		296.61		
00:00:09:650		1.43234e+07		-1.3072		3.10167		497.124		7.20458e+06		179.561			00:00:09:650		7.18983e+06		112.793		56.1364		928170		0.78749		296.666		
00:00:09:550		1.43348e+07		-1.28953		3.10723		497.247		7.20611e+06		181.427			00:00:09:550		7.19102e+06		112.793		56.1364		928170		0.78749		296.721		
00:00:09:449		1.43457e+07		-1.27185		3.11401		497.351		7.2076e+06		182.935			00:00:09:449		7.19218e+06		112.308		55.4732		847732		0.78026		296.776		
00:00:09:349		1.4357e+07		-1.25418		3.11892		497.437		7.20905e+06		185.317			00:00:09:349		7.19332e+06		112.308		55.4732		847732		0.78026		296.832		
00:00:09:250		1.4368e+07		-1.23644		3.12344		497.502		7.21046e+06		186.685			00:00:09:250		7.19438e+06		111.81		55.4732		847732		0.78026		296.889		
00:00:09:050		1.43903e+07		-1.20099		3.13535		497.561		7.21313e+06		190.036			00:00:09:050		7.19645e+06		111.81		54.8079		766844		0.773013		297.009		
00:00:08:949		1.44018e+07		-1.18317		3.03117		497.565		7.2144e+06		192.204			00:00:08:949		7.19733e+06		111.301		54.1418		690140		0.753093		297.066		
00:00:08:949		1.44018e+07		-1.18317		3.03117		497.565		7.2144e+06		192.204			00:00:08:949		7.19733e+06		111.301		54.1418		690140		0.753093		297.066		
00:00:08:849		1.44129e+07		-1.16538		3.18714		497.549		7.21563e+06		194.353			00:00:08:849		7.19818e+06		111.301		54.1418		690140		0.753093		297.128		
00:00:08:750		1.4424e+07		-1.14752		3.16126		497.512		7.21678e+06		196.561			00:00:08:750		7.19887e+06		110.77		53.4765		633208		0.733095		297.202		
00:00:08:650		1.44349e+07		-1.12963		3.1663		497.465		7.21787e+06		198.933			00:00:08:650		7.19949e+06		110.77		53.4765		633208		0.733095		297.282		
00:00:08:550		1.4446e+07		-1.11169		3.17119		497.408		7.21889e+06		201.103			00:00:08:550		7.20007e+06		110.77		53.4765		633208		0.733095		297.363		
00:00:08:449		1.44568e+07		-1.09375		3.17725		497.349		7.21983e+06		203.351			00:00:08:449		7.20057e+06		110.215		52.8109		591862		0.713014		297.447		
00:00:08:349		1.44676e+07		-1.07578		3.18178		497.292		7.22068e+06		205.706			00:00:08:349		7.20091e+06		110.215		52.8109		591862		0.713014		297.534		
00:00:08:250		1.4478e+07		-1.05765		3.18655		497.249		7.22145e+06		207.946			00:00:08:250		7.20118e+06		109.596		52.8109		591862		0.713014		297.625		
00:00:08:150		1.44882e+07		-1.03944		3.19136		497.224		7.22211e+06		210.216			00:00:08:150		7.20134e+06		109.596		52.1415		549896		0.692846		297.717		
00:00:08:050		1.44979e+07		-1.02113		3.19648		497.226		7.22265e+06		212.206			00:00:08:050		7.20142e+06		109.596		52.1415		549896		0.692846		297.811		
00:00:07:900		1.45108e+07		-0.99357		3.20388		497.283		7.22324e+06		215.091			00:00:07:900		7.20136e+06		109.385		51.4664		508139		0.672587		297.956		
00:00:07:849		1.45147e+07		-0.984376		3.20619		497.318		7.22337e+06		215.971			00:00:07:849		7.20129e+06		109.385		51.4664		508139		0.672587		298.006		
00:00:07:700		1.45265e+07		-0.957016		3.21254		497.463		7.22361e+06		218.434			00:00:07:700		7.20095e+06		109.162		50.7854		466743		0.652231		298.16		
00:00:07:650		1.45305e+07		-0.947986		3.21469		497.522		7.22363e+06		219.212			00:00:07:650		7.20079e+06		109.162		50.7854		466743		0.652231		298.212		
00:00:07:549		1.45387e+07		-0.930083		3.21967		497.647		7.2236e+06		220.607			00:00:07:549		7.20041e+06		109.162		50.7854		466743		0.652231		298.318		
00:00:07:450		1.45474e+07		-0.912414		3.2249		497.773		7.22344e+06		221.702			00:00:07:450		7.19995e+06		108.928		50.099		425941		0.631776		298.426		
00:00:07:349		1.45569e+07		-0.895005		3.22996		497.894		7.22314e+06		222.246			00:00:07:349		7.19944e+06		108.928		50.099		425941		0.631776		298.536		
00:00:07:250		1.45673e+07		-0.877848		3.23424		498		7.22267e+06		222.184			00:00:07:250		7.19886e+06		108.682		50.099		425941		0.631776		298.648		
00:00:07:150		1.45846e+07		-0.852413		3.23993		498.117		7.22167e+06		222.385			00:00:07:150		7.19819e+06		108.682		49.4084		385638		0.611218		298.82		
00:00:07:000		1.45964e+07		-0.835505		3.2433		498.17		7.22087e+06		223.332			00:00:07:000		7.1968e+06		108.424		49.4084		385638		0.611218		298.937		
00:00:06:900		1.4608e+07		-0.818632		3.24803		498.209		7.22e+06		225.127			00:00:06:900		7.19563e+06		108.424		48.7157		346085		0.590551		299.054		
00:00:06:799		1.46197e+07		-0.801778		3.25318		498.246		7.21917e+06		228.086			00:00:06:799		7.19428e+06		108.424		48.7157		346085		0.590551		299.174		
00:00:06:700		1.46313e+07		-0.784948		3.25694		498.285		7.21846e+06		232.232			00:00:06:700		7.19278e+06		108.154		48.0231		307627		0.569769		299.297		
00:00:06:599		1.46428e+07		-0.76815		3.25951		498.356		7.21777e+06		235.984			00:00:06:599		7.19113e+06		108.154		48.0231		307627		0.569769		299.422		
00:00:06:500		1.46543e+07		-0.751383		3.26262		498.463		7.21681e+06		239.953			00:00:06:500		7.18913e+06		107.871		48.0231		307627		0.569769		299.551		
00:00:06:400		1.46658e+07		-0.734651		3.26831		498.616		7.21555e+06		243.255			00:00:06:400		7.18697e+06		107.871		47.3324		270473		0.548869		299.683		
00:00:06:299		1.46773e+07		-0.717956		3.27475		498.817		7.21406e+06		247.017			00:00:06:299		7.18457e+06		107.871		47.3324		270473		0.548869		299.82		
00:00:06:200		1.46887e+07		-0.701296		3.27731		499.071		7.21238e+06		250.095			00:00:06:200		7.18202e+06		107.575		46.6456		235026		0.527846		299.962		
00:00:06:099		1.47e+07		-0.684683		3.27853		499.386		7.2105e+06		253.787			00:00:06:099		7.17928e+06		107.575		46.6456		235026		0.527846		300.109		
00:00:06:000		1.47113e+07		-0.668132		3.27881		499.766		7.20844e+06		256.46			00:00:06:000		7.17638e+06		107.267		46.6456		235026		0.527846		300.259		
00:00:05:900		1.47226e+07		-0.651629		3.28334		500.211		7.2062e+06		259.07			00:00:05:900		7.17339e+06		107.267		45.966		201690		0.506694		300.407		
00:00:05:799		1.47338e+07		-0.635178		3.28953		500.72		7.20376e+06		260.976			00:00:05:799		7.17038e+06		107.267		45.966		201690		0.506694		300.556		
00:00:05:700		1.4745e+07		-0.618777		3.29308		501.29		7.20113e+06		262.095			00:00:05:700		7.1673e+06		106.946		45.2958		170918		0.485412		300.706		
00:00:05:599		1.47561e+07		-0.602433		3.29247		501.906		7.19828e+06		262.928			00:00:05:599		7.16416e+06		106.946		45.2958		170918		0.485412		300.856		
00:00:05:500		1.47672e+07		-0.586154		3.29266		502.566		7.19518e+06		263.094			00:00:05:500		7.16096e+06		106.613		45.2958		170918		0.485412		301.01		
00:00:05:500		1.47672e+07		-0.586154		3.29266		502.566		7.19518e+06		263.094			00:00:05:500		7.16096e+06		106.613		45.2958		170918		0.485412		301.01		
00:00:05:400		1.47783e+07		-0.569944		3.29679		503.249		7.19181e+06		261.554			00:00:05:400		7.15762e+06		106.613		44.6387		143235		0.463999		301.168		
00:00:05:299		1.47893e+07		-0.553802		3.30576		503.953		7.18823e+06		261.279			00:00:05:299		7.15416e+06		106.613		44.6387		143235		0.463999		301.326		
00:00:05:099		1.48113e+07		-0.521737		3.30922		505.402		7.1807e+06		260.986			00:00:05:099		7.1467e+06		106.268		43.9988		119128		0.442447		301.653		
00:00:05:000		1.48222e+07		-0.505832		3.3051		506.137		7.17689e+06		261.388			00:00:05:000		7.1428e+06		105.913		43.9988		119128		0.442447		301.829		
00:00:05:000		1.48222e+07		-0.505832		3.3051		506.137		7.17689e+06		261.388			00:00:05:000		7.1428e+06		105.913		43.9988		119128		0.442447		301.829		
00:00:04:900		1.48331e+07		-0.490015		3.30909		506.888		7.17305e+06		262.553			00:00:04:900		7.13859e+06		105.913		43.3807		98304.9		0.420746		302.013		
00:00:04:799		1.4844e+07		-0.474298		3.3221		507.655		7.1691e+06		264.283			00:00:04:799		7.13424e+06		105.913		43.3807		98304.9		0.420746		302.203		
00:00:04:700		1.48548e+07		-0.458685		3.33027		508.43		7.16503e+06		266.985			00:00:04:700		7.12956e+06		105.548		42.7881		80175.4		0.398887		302.401		
00:00:04:500		1.48764e+07		-0.427784		3.3079		510.033		7.15637e+06		269.575			00:00:04:500		7.11983e+06		105.2		42.7881		80175.4		0.398887		302.8		
00:00:04:500		1.48764e+07		-0.427784		3.3079		510.033		7.15637e+06		269.575			00:00:04:500		7.11983e+06		105.2		42.7881		80175.4		0.398887		302.8		
00:00:04:400		1.48872e+07		-0.412478		3.30859		510.895		7.15167e+06		272.326			00:00:04:400		7.1145e+06		105.2		42.2264		64656.6		0.376865		303		
00:00:04:299		1.48981e+07		-0.397278		3.33155		511.823		7.14666e+06		267.721			00:00:04:299		7.10906e+06		105.2		42.2264		64656.6		0.376865		303.209		
00:00:04:200		1.4909e+07		-0.382199		3.35171		512.832		7.14138e+06		272.702			00:00:04:200		7.10376e+06		104.836		41.6966		51601.2		0.35467		303.428		
00:00:04:000		1.49308e+07		-0.352422		3.31091		515.181		7.13007e+06		272.759			00:00:04:000		7.09204e+06		104.458		41.6966		51601.2		0.35467		303.883		
00:00:04:000		1.49308e+07		-0.352422		3.31091		515.181		7.13007e+06		272.759			00:00:04:000		7.09204e+06		104.458		41.6966		51601.2		0.35467		303.883		
00:00:03:850		1.49474e+07		-0.330466		3.30402		517.34		7.12096e+06		272.819			00:00:03:850		7.08253e+06		104.458		41.2058		40707.2		0.332296		304.239		
00:00:03:750		1.49585e+07		-0.315996		3.34969		519.01		7.11462e+06		273.712			00:00:03:750		7.0762e+06		104.069		41.2058		40707.2		0.332296		304.483		
00:00:03:649		1.49698e+07		-0.301635		3.37523		520.852		7.10809e+06		272.955			00:00:03:649		7.06952e+06		104.069		40.761		31669.7		0.309739		304.724		
00:00:03:600		1.49755e+07		-0.294502		3.36367		521.832		7.10476e+06		273.803			00:00:03:600		7.0662e+06		104.069		40.761		31669.7		0.309739		304.847		
00:00:03:500		1.4987e+07		-0.28033		3.29684		523.89		7.09797e+06		274.118			00:00:03:500		7.05926e+06		103.674		40.761		31669.7		0.309739		305.093		
00:00:03:299		1.50169e+07		-0.245471		3.34318		529.282		7.08035e+06		271.157			00:00:03:299		7.0419e+06		103.275		40.3673		23975.2		0.286995		305.714		
00:00:03:299		1.50169e+07		-0.245471		3.34318		529.282		7.08035e+06		271.157			00:00:03:299		7.0419e+06		103.275		40.3673		23975.2		0.286995		305.714		
00:00:03:149		1.50294e+07		-0.23169		3.41144		531.349		7.0729e+06		263.109			00:00:03:149		7.03594e+06		103.275		40.0218		17187.6		0.264065		305.963		
00:00:02:950		1.5055e+07		-0.204037		3.21725		534.728		7.05619e+06		242.907			00:00:02:950		7.02353e+06		102.903		39.6993		11376.9		0.240948		306.459		
00:00:02:950		1.5055e+07		-0.204037		3.21725		534.728		7.05619e+06		242.907			00:00:02:950		7.02353e+06		102.903		39.6993		11376.9		0.240948		306.459		
00:00:02:850		1.50663e+07		-0.189845		3.14736		535.739		7.04701e+06		231.266			00:00:02:850		7.01617e+06		102.903		39.6993		11376.9		0.240948		306.703		
00:00:02:799		1.5071e+07		-0.182707		3.2233		536.021		7.04224e+06		228.265			00:00:02:799		7.01265e+06		102.903		39.6993		11376.9		0.240948		306.824		
00:00:02:700		1.50797e+07		-0.168503		3.40524		536.076		7.03241e+06		217.407			00:00:02:700		7.00452e+06		102.524		39.3727		6875.8		0.217655		307.063		
00:00:02:549		1.50925e+07		-0.147369		3.67884		534.857		7.01711e+06		206.74			00:00:02:549		6.99163e+06		102.524		39.3727		6875.8		0.217655		307.409		
00:00:02:500		1.50966e+07		-0.140366		3.77021		534.153		7.01193e+06		203.084			00:00:02:500		6.98728e+06		102.136		39.3727		6875.8		0.217655		307.521		
00:00:02:399		1.51049e+07		-0.126419		3.95213		532.583		7.00158e+06		190.301			00:00:02:399		6.97853e+06		102.136		39.0104		3694.97		0.194204		307.733		
00:00:02:149		1.5125e+07		-0.0918531		4.4058		529.991		6.97818e+06		178.642			00:00:02:149		6.95973e+06		101.738		38.6068		1600.87		0.170616		308.204		
00:00:02:149		1.5125e+07		-0.0918531		4.4058		529.991		6.97818e+06		178.642			00:00:02:149		6.95973e+06		101.738		38.6068		1600.87		0.170616		308.204		
00:00:01:949		1.51411e+07		-0.0644794		4.42205		529.754		6.96699e+06		311.405			00:00:01:949		6.92755e+06		101.39		38.1281		483.556		0.146913		308.534		
00:00:01:949		1.51411e+07		-0.0644794		4.42205		529.754		6.96699e+06		311.405			00:00:01:949		6.92755e+06		101.39		38.1281		483.556		0.146913		308.534		
00:00:01:850		1.51494e+07		-0.0508199		4.20667		529.936		6.96477e+06		422.116			00:00:01:850		6.88201e+06		101.39		38.1281		483.556		0.146913		308.686		
00:00:01:750		1.51582e+07		-0.0371733		3.99234		530.085		6.96375e+06		473.074			00:00:01:750		6.86273e+06		101.037		38.1281		483.556		0.146913		308.825		
00:00:01:649		1.51674e+07		-0.0235233		3.7835		530.164		6.96355e+06		517.406			00:00:01:649		6.83903e+06		101.037		37.6279		72.9081		0.123104		308.94		
00:00:01:550		1.51772e+07		-0.00984097		3.58108		530.204		6.96374e+06		548.416			00:00:01:550		6.8239e+06		101.037		37.6279		72.9081		0.123104		309.016		
00:00:01:449		1.51879e+07		0.00390244		3.38694		530.23		6.96391e+06		540.54			00:00:01:449		6.82192e+06		100.684		37.1622		0		0.0991723		309.048		
00:00:01:350		1.51994e+07		0.0177526		3.23072		530.243		6.964e+06		533.616			00:00:01:350		6.82572e+06		100.684		37.1622		0		0.0991723		309.04		
00:00:01:250		1.52121e+07		0.0317616		3.1122		530.252		6.96406e+06		528.98			00:00:01:250		6.82844e+06		100.338		37.1622		0		0.0991723		308.994		
00:00:01:149		1.52259e+07		0.0459747		3.0663		530.252		6.96413e+06		528.469			00:00:01:149		6.82957e+06		100.338		36.7895		0		0.0751109		308.918		
00:00:00:949		1.52575e+07		0.0753751		3.43717		530.236		6.96436e+06		527.582			00:00:00:949		6.83029e+06		99.9935		36.5614		0		0.0508247		308.725		
00:00:00:949		1.52575e+07		0.0753751		3.43717		530.236		6.96436e+06		527.582			00:00:00:949		6.83029e+06		99.9935		36.5614		0		0.0508247		308.725		
00:00:00:849		1.52763e+07		0.0908484		3.71573		530.228		6.9645e+06		527.254			00:00:00:849		6.83059e+06		99.9935		36.5614		0		0.0508247		308.649		
00:00:00:750		1.52978e+07		0.107054		4.15629		530.216		6.96461e+06		527.031			00:00:00:750		6.83083e+06		99.745		36.5614		0		0.0508247		308.626		
00:00:00:650		1.53235e+07		0.124448		4.17254		530.21		6.96469e+06		526.86			00:00:00:650		6.831e+06		99.745		36.3913		0		0.0255214		308.752		
00:00:00:550		1.53577e+07		0.1426		4.12112		530.21		6.96475e+06		526.783			00:00:00:550		6.8311e+06		99.745		36.3913		0		0.0255214		308.936		
00:00:00:450		1.5402e+07		0.157859		4.03536		530.212		6.9648e+06		526.778			00:00:00:450		6.83115e+06		99.511		36.3834		0		0		309.111		
00:00:00:349		1.54445e+07		0.169027		3.89992		530.216		6.96483e+06		526.823			00:00:00:349		6.83116e+06		99.511		36.3834		0		0		309.319		
00:00:00:250		1.54755e+07		0.17284		2.83572		530.219		6.96484e+06		526.825			00:00:00:250		6.83116e+06		100.069		36.3837		0		0		309.641		
00:00:00:050		1.54785e+07		0.17284		2.83567		530.223		6.96484e+06		526.826			00:00:00:050		6.83115e+06		100.069		36.3837		0		0		309.846		
00:00:00:000		1.54785e+07		0.17284		2.83571		530.225		6.96483e+06		526.826			00:00:00:000		6.83115e+06		100.069		36.3837		0		0		309.846		
00:00:00:000		1.54785e+07		0.17284		2.83571		530.225		6.96483e+06		526.826			00:00:00:000		6.83115e+06		100.069		36.3837		0		0		309.846		
00:00:00:000		1.54785e+07		0.17284		2.83571		530.225		6.96483e+06		526.826			00:00:00:000		6.83115e+06		100.069		36.3837		0		0		309.846		
00:00:00:000		1.54785e+07		0.17284		2.83571		530.225		6.96483e+06		526.826			00:00:00:000		6.83115e+06		100.069		36.3837		0		0		309.846		
00:00:00:000		1.54785e+07		0.17284		2.83571		530.225		6.96483e+06		526.826			00:00:00:000		6.83115e+06		100.069		36.3837		0		0		309.846		
00:00:00:000		1.54785e+07		0.17284		2.83571		530.225		6.96483e+06		526.826			00:00:00:000		6.83115e+06		100.069		36.3837		0		0		309.846		
