	time 		gpv001pnt10113ppntm	evf507ety101mpzoyout	chtcon(1)	chavg(1)	chlhsumpa	rcptavgn			time 		rcpppzr	rcp054rcp007mnzoyout	rcv501std0102fvol	fwfrcp001gv	rcppmssga	msfsg(1)	
00:01:01:850		7.13895e+06		194.484		113.182		6.83282e+06		2.6238		290.049			00:01:01:850		7.54714e+06		-5.85088		0		0		7.13925e+06		9.09449		
00:01:01:750		7.13875e+06		193.959		113.182		6.83282e+06		2.6238		290.049			00:01:01:750		7.55452e+06		-5.85121		0		0		7.1388e+06		-6.24076		
00:01:01:649		7.1386e+06		193.959		113.062		6.8183e+06		2.61598		290.048			00:01:01:649		7.56204e+06		-5.85154		0		0		7.13836e+06		-17.3575		
00:01:01:549		7.13854e+06		193.959		113.062		6.8183e+06		2.61598		290.048			00:01:01:549		7.56969e+06		-5.85187		0		0		7.13812e+06		-15.8977		
00:01:01:450		7.1383e+06		193.437		112.942		6.80376e+06		2.60816		290.048			00:01:01:450		7.57746e+06		-5.8522		0		0		7.13816e+06		-3.02998		
00:01:01:350		7.1383e+06		193.437		112.942		6.80376e+06		2.60816		290.048			00:01:01:350		7.58537e+06		-5.85252		0		0		7.13837e+06		12.7258		
00:01:01:250		7.13811e+06		192.918		112.942		6.80376e+06		2.60816		290.047			00:01:01:250		7.59341e+06		-5.85281		0		0		7.13855e+06		21.8611		
00:01:01:149		7.13791e+06		192.918		112.821		6.78924e+06		2.60034		290.046			00:01:01:149		7.60155e+06		-5.85309		0		0		7.13853e+06		19.5868		
00:01:01:049		7.13793e+06		192.918		112.821		6.78924e+06		2.60034		290.045			00:01:01:049		7.60987e+06		-5.85335		0		0		7.13823e+06		9.85019		
00:01:01:049		7.13793e+06		192.918		112.821		6.78924e+06		2.60034		290.045			00:01:01:049		7.60987e+06		-5.85335		0		0		7.13823e+06		9.85019		
00:01:00:950		7.1377e+06		192.402		112.701		6.77464e+06		2.59251		290.044			00:01:00:950		7.6183e+06		-5.85357		0		0		7.13773e+06		-10.9641		
00:01:00:750		7.13749e+06		191.889		112.701		6.77464e+06		2.59251		290.043			00:01:00:750		7.6355e+06		-5.85389		0		0		7.13707e+06		-15.974		
00:01:00:649		7.13727e+06		191.889		112.58		6.76e+06		2.58469		290.042			00:01:00:649		7.64428e+06		-5.85399		0		0		7.13717e+06		0.646417		
00:01:00:549		7.13728e+06		191.889		112.58		6.76e+06		2.58469		290.042			00:01:00:549		7.65326e+06		-5.85404		0		0		7.13742e+06		16.1851		
00:01:00:450		7.13704e+06		191.381		112.46		6.74539e+06		2.57686		290.042			00:01:00:450		7.66228e+06		-5.85405		0		0		7.13759e+06		24.8817		
00:01:00:450		7.13704e+06		191.381		112.46		6.74539e+06		2.57686		290.042			00:01:00:450		7.66228e+06		-5.85405		0		0		7.13759e+06		24.8817		
00:01:00:350		7.13692e+06		191.381		112.46		6.74539e+06		2.57686		290.042			00:01:00:350		7.67145e+06		-5.85403		0		0		7.1375e+06		18.645		
00:01:00:149		7.13661e+06		190.876		112.339		6.73083e+06		2.56904		290.042			00:01:00:149		7.69017e+06		-5.85393		0		0		7.13658e+06		-14.9016		
00:01:00:049		7.13658e+06		190.876		112.339		6.73083e+06		2.56904		290.042			00:01:00:049		7.69979e+06		-5.85384		0		0		7.13614e+06		-22.5881		
00:01:00:049		7.13658e+06		190.876		112.339		6.73083e+06		2.56904		290.042			00:01:00:049		7.69979e+06		-5.85384		0		0		7.13614e+06		-22.5881		
00:00:59:950		7.13639e+06		190.375		112.219		6.71626e+06		2.5612		290.041			00:00:59:950		7.70956e+06		-5.85374		0		0		7.13602e+06		-12.9399		
00:00:59:850		7.13624e+06		190.375		112.219		6.71626e+06		2.5612		290.041			00:00:59:850		7.71949e+06		-5.85363		0		0		7.13619e+06		6.63321		
00:00:59:750		7.13619e+06		189.877		112.219		6.71626e+06		2.5612		290.041			00:00:59:750		7.72955e+06		-5.85351		0		0		7.13643e+06		19.7139		
00:00:59:649		7.13591e+06		189.877		112.099		6.70172e+06		2.55337		290.041			00:00:59:649		7.73976e+06		-5.85338		0		0		7.13654e+06		24.9521		
00:00:59:450		7.13575e+06		189.383		111.978		6.68707e+06		2.54554		290.041			00:00:59:450		7.76061e+06		-5.85309		0		0		7.13589e+06		0		
00:00:59:450		7.13575e+06		189.383		111.978		6.68707e+06		2.54554		290.041			00:00:59:450		7.76061e+06		-5.85309		0		0		7.13589e+06		0		
00:00:59:350		7.13549e+06		189.383		111.978		6.68707e+06		2.54554		290.041			00:00:59:350		7.77122e+06		-5.85292		0		0		7.13534e+06		-19.7182		
00:00:59:149		7.13523e+06		188.892		111.858		6.67237e+06		2.5377		290.041			00:00:59:149		7.79301e+06		-5.85255		0		0		7.13497e+06		-7.75402		
00:00:59:149		7.13523e+06		188.892		111.858		6.67237e+06		2.5377		290.041			00:00:59:149		7.79301e+06		-5.85255		0		0		7.13497e+06		-7.75402		
00:00:59:049		7.1352e+06		188.892		111.858		6.67237e+06		2.5377		290.041			00:00:59:049		7.80411e+06		-5.85235		0		0		7.1352e+06		12.0163		
00:00:58:950		7.13503e+06		188.406		111.737		6.65759e+06		2.52986		290.041			00:00:58:950		7.81537e+06		-5.85216		0		0		7.13543e+06		23.5637		
00:00:58:850		7.13476e+06		188.406		111.737		6.65759e+06		2.52986		290.041			00:00:58:850		7.82678e+06		-5.85196		0		0		7.13545e+06		23.8548		
00:00:58:750		7.13479e+06		187.923		111.737		6.65759e+06		2.52986		290.041			00:00:58:750		7.83834e+06		-5.85177		0		0		7.13516e+06		12.7576		
00:00:58:649		7.13456e+06		187.923		111.617		6.64285e+06		2.52201		290.041			00:00:58:649		7.85003e+06		-5.85159		0		0		7.13462e+06		-9.82866		
00:00:58:549		7.13441e+06		187.923		111.617		6.64285e+06		2.52201		290.041			00:00:58:549		7.86187e+06		-5.85141		0		0		7.13409e+06		-23.224		
00:00:58:450		7.13432e+06		187.444		111.496		6.62806e+06		2.51417		290.041			00:00:58:450		7.87386e+06		-5.85125		0		0		7.13384e+06		-19.1715		
00:00:58:350		7.13405e+06		187.444		111.496		6.62806e+06		2.51417		290.04			00:00:58:350		7.886e+06		-5.8511		0		0		7.13393e+06		0		
00:00:58:149		7.1338e+06		186.968		111.376		6.61318e+06		2.50632		290.04			00:00:58:149		7.91074e+06		-5.85084		0		0		7.13436e+06		26.5911		
00:00:58:149		7.1338e+06		186.968		111.376		6.61318e+06		2.50632		290.04			00:00:58:149		7.91074e+06		-5.85084		0		0		7.13436e+06		26.5911		
00:00:58:049		7.13365e+06		186.968		111.376		6.61318e+06		2.50632		290.04			00:00:58:049		7.92333e+06		-5.85073		0		0		7.13426e+06		19.8524		
00:00:57:950		7.1336e+06		186.496		111.255		6.59829e+06		2.49846		290.04			00:00:57:950		7.93606e+06		-5.85063		0		0		7.13385e+06		7.165		
00:00:57:850		7.13331e+06		186.496		111.255		6.59829e+06		2.49846		290.04			00:00:57:850		7.94892e+06		-5.85054		0		0		7.13327e+06		-15.9048		
00:00:57:750		7.13327e+06		186.028		111.255		6.59829e+06		2.49846		290.039			00:00:57:750		7.96193e+06		-5.85046		0		0		7.13281e+06		-23.7725		
00:00:57:649		7.13304e+06		186.028		111.134		6.58341e+06		2.49061		290.039			00:00:57:649		7.97507e+06		-5.85038		0		0		7.13268e+06		-12.3237		
00:00:57:549		7.13289e+06		186.028		111.134		6.58341e+06		2.49061		290.039			00:00:57:549		7.98834e+06		-5.85031		0		0		7.13285e+06		7.89288		
00:00:57:450		7.13281e+06		185.562		111.013		6.5684e+06		2.48275		290.039			00:00:57:450		8.00175e+06		-5.85023		0		0		7.13309e+06		21.1746		
00:00:57:250		7.1325e+06		185.099		111.013		6.5684e+06		2.48275		290.038			00:00:57:250		8.029e+06		-5.85003		0		0		7.13296e+06		16.056		
00:00:57:149		7.13232e+06		185.099		110.892		6.5533e+06		2.47489		290.037			00:00:57:149		8.04285e+06		-5.84989		0		0		7.13246e+06		0		
00:00:57:149		7.13232e+06		185.099		110.892		6.5533e+06		2.47489		290.037			00:00:57:149		8.04285e+06		-5.84989		0		0		7.13246e+06		0		
00:00:57:049		7.13206e+06		185.099		110.892		6.5533e+06		2.47489		290.037			00:00:57:049		8.05683e+06		-5.84973		0		0		7.13187e+06		-21.5946		
00:00:56:899		7.1319e+06		184.64		110.771		6.53813e+06		2.46703		290.036			00:00:56:899		8.07804e+06		-5.84942		0		0		7.13148e+06		-15.3876		
00:00:56:799		7.13169e+06		184.64		110.771		6.53813e+06		2.46703		290.036			00:00:56:799		8.09233e+06		-5.84915		0		0		7.13163e+06		6.05338		
00:00:56:700		7.13164e+06		184.184		110.65		6.52295e+06		2.45917		290.035			00:00:56:700		8.10675e+06		-5.84884		0		0		7.13188e+06		20.5944		
00:00:56:600		7.13134e+06		184.184		110.65		6.52295e+06		2.45917		290.035			00:00:56:600		8.12129e+06		-5.84847		0		0		7.132e+06		27.1295		
00:00:56:549		7.13124e+06		184.184		110.65		6.52295e+06		2.45917		290.034			00:00:56:549		8.1286e+06		-5.84826		0		0		7.13195e+06		23.926		
00:00:56:399		7.13115e+06		183.731		110.528		6.50773e+06		2.4513		290.033			00:00:56:399		8.15073e+06		-5.84753		0		0		7.13133e+06		2.20271		
00:00:56:250		7.13086e+06		183.28		110.528		6.50773e+06		2.4513		290.032			00:00:56:250		8.17312e+06		-5.84664		0		0		7.13049e+06		-24.1741		
00:00:56:100		7.13056e+06		183.28		110.406		6.49238e+06		2.44343		290.031			00:00:56:100		8.19577e+06		-5.84558		0		0		7.1303e+06		-7.82264		
00:00:56:100		7.13056e+06		183.28		110.406		6.49238e+06		2.44343		290.031			00:00:56:100		8.19577e+06		-5.84558		0		0		7.1303e+06		-7.82264		
00:00:56:000		7.1305e+06		182.832		110.406		6.49238e+06		2.44343		290.03			00:00:56:000		8.21101e+06		-5.84478		0		0		7.13052e+06		12.8901		
00:00:55:899		7.13032e+06		182.832		110.284		6.47694e+06		2.43556		290.03			00:00:55:899		8.22635e+06		-5.8439		0		0		7.13075e+06		24.9341		
00:00:55:799		7.13003e+06		182.832		110.284		6.47694e+06		2.43556		290.029			00:00:55:799		8.24177e+06		-5.84297		0		0		7.13076e+06		25.1968		
00:00:55:700		7.13004e+06		182.386		110.161		6.4615e+06		2.42768		290.028			00:00:55:700		8.2573e+06		-5.84197		0		0		7.13044e+06		13.4996		
00:00:55:600		7.1298e+06		182.386		110.161		6.4615e+06		2.42768		290.027			00:00:55:600		8.27294e+06		-5.84094		0		0		7.12986e+06		-10.1035		
00:00:55:500		7.12963e+06		181.943		110.161		6.4615e+06		2.42768		290.026			00:00:55:500		8.28869e+06		-5.83988		0		0		7.1293e+06		-24.2066		
00:00:55:399		7.12951e+06		181.943		110.038		6.44607e+06		2.41981		290.025			00:00:55:399		8.30455e+06		-5.83882		0		0		7.12903e+06		-19.1539		
00:00:55:299		7.12951e+06		181.943		110.038		6.44607e+06		2.41981		290.025			00:00:55:299		8.30455e+06		-5.83882		0		0		7.12903e+06		-19.1539		
00:00:55:200		7.12922e+06		181.5		109.914		6.43061e+06		2.41193		290.022			00:00:55:200		8.3366e+06		-5.83685		0		0		7.12938e+06		18.4775		
00:00:55:100		7.12893e+06		181.5		109.914		6.43061e+06		2.41193		290.021			00:00:55:100		8.35278e+06		-5.83599		0		0		7.12955e+06		28.6025		
00:00:55:100		7.12893e+06		181.5		109.914		6.43061e+06		2.41193		290.021			00:00:55:100		8.35278e+06		-5.83599		0		0		7.12955e+06		28.6025		
00:00:55:000		7.12878e+06		181.06		109.914		6.43061e+06		2.41193		290.02			00:00:55:000		8.36908e+06		-5.83524		0		0		7.12942e+06		20.7796		
00:00:54:799		7.1284e+06		181.06		109.79		6.41501e+06		2.40405		290.017			00:00:54:799		8.4021e+06		-5.83419		0		0		7.12835e+06		-17.4847		
00:00:54:700		7.12836e+06		180.621		109.666		6.3994e+06		2.39617		290.015			00:00:54:700		8.41874e+06		-5.8339		0		0		7.12787e+06		-24.8761		
00:00:54:600		7.12809e+06		180.621		109.666		6.3994e+06		2.39617		290.014			00:00:54:600		8.43544e+06		-5.83378		0		0		7.12775e+06		-11.4328		
00:00:54:500		7.12795e+06		180.185		109.666		6.3994e+06		2.39617		290.012			00:00:54:500		8.45217e+06		-5.8338		0		0		7.12793e+06		9.61943		
00:00:54:399		7.12785e+06		180.185		109.541		6.38376e+06		2.38829		290.011			00:00:54:399		8.46897e+06		-5.83393		0		0		7.12818e+06		23.309		
00:00:54:399		7.12785e+06		180.185		109.541		6.38376e+06		2.38829		290.011			00:00:54:399		8.46897e+06		-5.83393		0		0		7.12818e+06		23.309		
00:00:54:200		7.12752e+06		179.749		109.417		6.36792e+06		2.3804		290.008			00:00:54:200		8.50266e+06		-5.83438		0		0		7.128e+06		16.7358		
00:00:54:200		7.12752e+06		179.749		109.417		6.36792e+06		2.3804		290.008			00:00:54:200		8.50266e+06		-5.83438		0		0		7.128e+06		16.7358		
00:00:54:100		7.12731e+06		179.749		109.417		6.36792e+06		2.3804		290.006			00:00:54:100		8.51955e+06		-5.83469		0		0		7.12745e+06		-3.49438		
00:00:54:000		7.12705e+06		179.314		109.417		6.36792e+06		2.3804		290.005			00:00:54:000		8.53647e+06		-5.83506		0		0		7.12684e+06		-22.8877		
00:00:53:850		7.12683e+06		179.314		109.291		6.35206e+06		2.37252		290.002			00:00:53:850		8.56189e+06		-5.83591		0		0		7.12645e+06		-14.3093		
00:00:53:750		7.12665e+06		178.881		109.291		6.35206e+06		2.37252		290.001			00:00:53:750		8.57884e+06		-5.83666		0		0		7.1266e+06		7.33149		
00:00:53:649		7.12658e+06		178.881		109.166		6.33602e+06		2.36463		289.999			00:00:53:649		8.5958e+06		-5.83755		0		0		7.12684e+06		21.8326		
00:00:53:549		7.12625e+06		178.881		109.166		6.33602e+06		2.36463		289.997			00:00:53:549		8.61274e+06		-5.83854		0		0		7.12694e+06		27.401		
00:00:53:450		7.12621e+06		178.448		109.04		6.31989e+06		2.35674		289.996			00:00:53:450		8.62966e+06		-5.8396		0		0		7.12672e+06		17.6981		
00:00:53:350		7.12604e+06		178.448		109.04		6.31989e+06		2.35674		289.994			00:00:53:350		8.64653e+06		-5.84068		0		0		7.1262e+06		0.338926		
00:00:53:149		7.12571e+06		178.018		108.913		6.3037e+06		2.34885		289.991			00:00:53:149		8.68018e+06		-5.84258		0		0		7.12519e+06		-23.7868		
00:00:53:149		7.12571e+06		178.018		108.913		6.3037e+06		2.34885		289.991			00:00:53:149		8.68018e+06		-5.84258		0		0		7.12519e+06		-23.7868		
00:00:53:049		7.12541e+06		178.018		108.913		6.3037e+06		2.34885		289.99			00:00:53:049		8.69697e+06		-5.84324		0		0		7.12517e+06		-6.76537		
00:00:52:950		7.12537e+06		177.587		108.787		6.2874e+06		2.34096		289.989			00:00:52:950		8.71376e+06		-5.84365		0		0		7.12541e+06		14.4164		
00:00:52:850		7.12516e+06		177.587		108.787		6.2874e+06		2.34096		289.987			00:00:52:850		8.73056e+06		-5.84399		0		0		7.12564e+06		26.6286		
00:00:52:750		7.12488e+06		177.158		108.787		6.2874e+06		2.34096		289.986			00:00:52:750		8.7474e+06		-5.8443		0		0		7.12562e+06		25.3655		
00:00:52:649		7.12489e+06		177.158		108.659		6.27096e+06		2.33307		289.985			00:00:52:649		8.76423e+06		-5.84457		0		0		7.12527e+06		12.8278		
00:00:52:549		7.12460e+06		177.158		108.659		6.27096e+06		2.33307		289.983			00:00:52:549		8.78104e+06		-5.8448		0		0		7.12465e+06		-12.4984		
00:00:52:450		7.12444e+06		176.729		108.532		6.2543e+06		2.32518		289.982			00:00:52:450		8.79782e+06		-5.84501		0		0		7.12407e+06		-25.8292		
00:00:52:350		7.1243e+06		176.729		108.532		6.2543e+06		2.32518		289.981			00:00:52:350		8.81456e+06		-5.8452		0		0		7.12382e+06		-19.2914		
00:00:52:149		7.12401e+06		176.301		108.404		6.23755e+06		2.31729		289.978			00:00:52:149		8.84788e+06		-5.84553		0		0		7.1242e+06		19.8646		
00:00:52:149		7.12401e+06		176.301		108.404		6.23755e+06		2.31729		289.978			00:00:52:149		8.84788e+06		-5.84553		0		0		7.1242e+06		19.8646		
00:00:52:049		7.12371e+06		176.301		108.404		6.23755e+06		2.31729		289.977			00:00:52:049		8.86443e+06		-5.84569		0		0		7.12437e+06		29.5989		
00:00:51:950		7.12357e+06		175.874		108.275		6.22068e+06		2.30939		289.976			00:00:51:950		8.88094e+06		-5.84586		0		0		7.12422e+06		21.2473		
00:00:51:850		7.12349e+06		175.874		108.275		6.22068e+06		2.30939		289.975			00:00:51:850		8.89739e+06		-5.84603		0		0		7.12374e+06		5.76325		
00:00:51:750		7.12316e+06		175.447		108.275		6.22068e+06		2.30939		289.974			00:00:51:750		8.91379e+06		-5.84623		0		0		7.12308e+06		-19.3468		
00:00:51:649		7.12314e+06		175.447		108.146		6.20367e+06		2.3015		289.973			00:00:51:649		8.93013e+06		-5.84645		0		0		7.1226e+06		-26.2363		
00:00:51:549		7.12285e+06		175.447		108.146		6.20367e+06		2.3015		289.972			00:00:51:549		8.94641e+06		-5.84671		0		0		7.1225e+06		-11.647		
00:00:51:450		7.12272e+06		175.02		108.017		6.18644e+06		2.2936		289.971			00:00:51:450		8.96263e+06		-5.84701		0		0		7.1227e+06		10.9368		
00:00:51:350		7.1226e+06		175.02		108.017		6.18644e+06		2.2936		289.97			00:00:51:350		8.97878e+06		-5.84735		0		0		7.12297e+06		25.0373		
00:00:51:149		7.12228e+06		174.594		107.887		6.16912e+06		2.28571		289.968			00:00:51:149		9.01077e+06		-5.84818		0		0		7.12277e+06		16.8988		
00:00:51:149		7.12228e+06		174.594		107.887		6.16912e+06		2.28571		289.968			00:00:51:149		9.01077e+06		-5.84818		0		0		7.12277e+06		16.8988		
00:00:51:049		7.12205e+06		174.594		107.887		6.16912e+06		2.28571		289.967			00:00:51:049		9.02654e+06		-5.84867		0		0		7.12218e+06		-5.69968		
00:00:50:899		7.12182e+06		174.169		107.757		6.15160e+06		2.27781		289.965			00:00:50:899		9.05002e+06		-5.84943		0		0		7.12132e+06		-26.5406		
00:00:50:850		7.12173e+06		174.169		107.757		6.15160e+06		2.27781		289.965			00:00:50:850		9.0578e+06		-5.84967		0		0		7.1212e+06		-23.4435		
00:00:50:700		7.1214e+06		173.743		107.626		6.13385e+06		2.26991		289.964			00:00:50:700		9.08103e+06		-5.85037		0		0		7.12135e+06		8.31285		
00:00:50:600		7.12132e+06		173.743		107.626		6.13385e+06		2.26991		289.963			00:00:50:600		9.09647e+06		-5.85082		0		0		7.12162e+06		23.4151		
00:00:50:500		7.12099e+06		173.317		107.626		6.13385e+06		2.26991		289.962			00:00:50:500		9.11189e+06		-5.85124		0		0		7.12172e+06		28.7156		
00:00:50:399		7.12098e+06		173.317		107.494		6.11594e+06		2.26202		289.962			00:00:50:399		9.12725e+06		-5.85165		0		0		7.12149e+06		18.0574		
00:00:50:299		7.12078e+06		173.317		107.494		6.11594e+06		2.26202		289.961			00:00:50:299		9.14254e+06		-5.85203		0		0		7.12094e+06		0		
00:00:50:149		7.12052e+06		172.893		107.362		6.09801e+06		2.25412		289.96			00:00:50:149		9.16533e+06		-5.85257		0		0		7.12005e+06		-27.038		
00:00:50:149		7.12052e+06		172.893		107.362		6.09801e+06		2.25412		289.96			00:00:50:149		9.16533e+06		-5.85257		0		0		7.12005e+06		-27.038		
00:00:50:049		7.12031e+06		172.893		107.362		6.09801e+06		2.25412		289.96			00:00:50:049		9.18042e+06		-5.8529		0		0		7.11985e+06		-17.3732		
00:00:49:950		7.1201e+06		172.468		107.229		6.07982e+06		2.24622		289.959			00:00:49:950		9.19544e+06		-5.8532		0		0		7.12002e+06		5.93692		
00:00:49:850		7.12005e+06		172.468		107.229		6.07982e+06		2.24622		289.958			00:00:49:850		9.21038e+06		-5.85347		0		0		7.1203e+06		22.3747		
00:00:49:750		7.11972e+06		172.042		107.229		6.07982e+06		2.24622		289.958			00:00:49:750		9.22525e+06		-5.85371		0		0		7.12044e+06		29.8205		
00:00:49:600		7.11964e+06		172.042		107.095		6.06141e+06		2.23832		289.957			00:00:49:600		9.2474e+06		-5.854		0		0		7.12e+06		12.3228		
00:00:49:500		7.11933e+06		171.618		107.095		6.06141e+06		2.23832		289.957			00:00:49:500		9.26205e+06		-5.85416		0		0		7.11936e+06		-15.6335		
00:00:49:399		7.1192e+06		171.618		106.96		6.04286e+06		2.23043		289.957			00:00:49:399		9.27661e+06		-5.85429		0		0		7.11879e+06		-26.9974		
00:00:49:299		7.11906e+06		171.618		106.96		6.04286e+06		2.23043		289.956			00:00:49:299		9.29109e+06		-5.85439		0		0		7.11856e+06		-19.215		
00:00:49:200		7.11881e+06		171.193		106.825		6.02415e+06		2.22253		289.956			00:00:49:200		9.3055e+06		-5.85446		0		0		7.11871e+06		3.90318		
00:00:49:100		7.11879e+06		171.193		106.825		6.02415e+06		2.22253		289.956			00:00:49:100		9.31983e+06		-5.8545		0		0		7.119e+06		21.0667		
00:00:49:000		7.11848e+06		170.769		106.825		6.02415e+06		2.22253		289.956			00:00:49:000		9.33408e+06		-5.85452		0		0		7.11916e+06		30.368		
00:00:48:899		7.11836e+06		170.769		106.689		6.00529e+06		2.21463		289.955			00:00:48:899		9.34827e+06		-5.85452		0		0		7.11899e+06		20.5609		
00:00:48:799		7.11827e+06		170.769		106.689		6.00529e+06		2.21463		289.955			00:00:48:799		9.36238e+06		-5.85451		0		0		7.11847e+06		3.14694		
00:00:48:700		7.11794e+06		170.344		106.552		5.98628e+06		2.20673		289.955			00:00:48:700		9.37641e+06		-5.85451		0		0		7.11782e+06		-21.3374		
00:00:48:600		7.11795e+06		170.344		106.552		5.98628e+06		2.20673		289.955			00:00:48:600		9.39037e+06		-5.85451		0		0		7.11738e+06		-26.7868		
00:00:48:500		7.11766e+06		169.92		106.552		5.98628e+06		2.20673		289.955			00:00:48:500		9.40424e+06		-5.85455		0		0		7.11734e+06		-10.3649		
00:00:48:399		7.11759e+06		169.92		106.414		5.9671e+06		2.19883		289.955			00:00:48:399		9.41804e+06		-5.85462		0		0		7.11759e+06		13.2379		
00:00:48:399		7.11759e+06		169.92		106.414		5.9671e+06		2.19883		289.955			00:00:48:399		9.41804e+06		-5.85462		0		0		7.11759e+06		13.2379		
00:00:48:200		7.1171e+06		169.496		106.275		5.94785e+06		2.19093		289.955			00:00:48:200		9.4454e+06		-5.85492		0		0		7.11791e+06		28.5556		
00:00:48:200		7.1171e+06		169.496		106.275		5.94785e+06		2.19093		289.955			00:00:48:200		9.4454e+06		-5.85492		0		0		7.11791e+06		28.5556		
00:00:48:100		7.11715e+06		169.496		106.275		5.94785e+06		2.19093		289.955			00:00:48:100		9.45898e+06		-5.85512		0		0		7.11758e+06		14.8344		
00:00:48:000		7.11689e+06		169.072		106.275		5.94785e+06		2.19093		289.954			00:00:48:000		9.4725e+06		-5.85538		0		0		7.11695e+06		-11.4982		
00:00:47:850		7.11674e+06		169.072		106.136		5.92846e+06		2.18303		289.954			00:00:47:850		9.49271e+06		-5.85591		0		0		7.11615e+06		-27.8215		
00:00:47:750		7.11647e+06		168.647		106.136		5.92846e+06		2.18303		289.953			00:00:47:750		9.5061e+06		-5.85639		0		0		7.11609e+06		-11.8865		
00:00:47:649		7.11636e+06		168.647		105.995		5.90892e+06		2.17513		289.953			00:00:47:649		9.51942e+06		-5.85698		0		0		7.11635e+06		12.4553		
00:00:47:450		7.11589e+06		168.224		105.854		5.88921e+06		2.16723		289.952			00:00:47:450		9.54584e+06		-5.85853		0		0		7.11671e+06		29.7146		
00:00:47:450		7.11589e+06		168.224		105.854		5.88921e+06		2.16723		289.952			00:00:47:450		9.54584e+06		-5.85853		0		0		7.11671e+06		29.7146		
00:00:47:350		7.1159e+06		168.224		105.854		5.88921e+06		2.16723		289.953			00:00:47:350		9.55891e+06		-5.85949		0		0		7.11639e+06		16.532		
00:00:47:149		7.11544e+06		167.801		105.712		5.86941e+06		2.15934		289.954			00:00:47:149		9.58497e+06		-5.86156		0		0		7.11509e+06		-27.7601		
00:00:47:149		7.11544e+06		167.801		105.712		5.86941e+06		2.15934		289.954			00:00:47:149		9.58497e+06		-5.86156		0		0		7.11509e+06		-27.7601		
00:00:47:049		7.11537e+06		167.801		105.712		5.86941e+06		2.15934		289.955			00:00:47:049		9.59804e+06		-5.8626		0		0		7.11476e+06		-25.2628		
00:00:46:950		7.11504e+06		167.379		105.569		5.84948e+06		2.15144		289.956			00:00:46:950		9.61115e+06		-5.86355		0		0		7.11484e+06		-4.58702		
00:00:46:850		7.11505e+06		167.379		105.569		5.84948e+06		2.15144		289.956			00:00:46:850		9.62425e+06		-5.86435		0		0		7.11516e+06		19.2358		
00:00:46:750		7.11476e+06		166.957		105.569		5.84948e+06		2.15144		289.957			00:00:46:750		9.63738e+06		-5.86499		0		0		7.1154e+06		31.5052		
00:00:46:600		7.1146e+06		166.957		105.425		5.82945e+06		2.14354		289.958			00:00:46:600		9.65714e+06		-5.86558		0		0		7.11514e+06		18.3966		
00:00:46:600		7.1146e+06		166.957		105.425		5.82945e+06		2.14354		289.958			00:00:46:600		9.65714e+06		-5.86558		0		0		7.11514e+06		18.3966		
00:00:46:450		7.11419e+06		166.536		105.28		5.80937e+06		2.13563		289.959			00:00:46:450		9.67703e+06		-5.86563		0		0		7.11415e+06		-19.2625		
00:00:46:350		7.11417e+06		166.536		105.28		5.80937e+06		2.13563		289.959			00:00:46:350		9.69031e+06		-5.8653		0		0		7.11359e+06		-29.3383		
00:00:46:149		7.11372e+06		166.116		105.133		5.78924e+06		2.12773		289.96			00:00:46:149		9.71672e+06		-5.86361		0		0		7.11364e+06		7.545		
00:00:46:149		7.11372e+06		166.116		105.133		5.78924e+06		2.12773		289.96			00:00:46:149		9.71672e+06		-5.86361		0		0		7.11364e+06		7.545		
00:00:46:049		7.11368e+06		166.116		105.133		5.78924e+06		2.12773		289.961			00:00:46:049		9.72988e+06		-5.86217		0		0		7.11398e+06		25.0897		
00:00:45:950		7.11333e+06		165.696		104.986		5.76905e+06		2.11983		289.962			00:00:45:950		9.74302e+06		-5.86029		0		0		7.11413e+06		31.4753		
00:00:45:850		7.11332e+06		165.696		104.986		5.76905e+06		2.11983		289.962			00:00:45:850		9.75613e+06		-5.85795		0		0		7.11391e+06		19.8941		
00:00:45:750		7.11316e+06		165.277		104.986		5.76905e+06		2.11983		289.963			00:00:45:750		9.7692e+06		-5.85514		0		0		7.11333e+06		0		
00:00:45:649		7.11286e+06		165.277		104.838		5.74867e+06		2.11193		289.964			00:00:45:649		9.78224e+06		-5.85189		0		0		7.11263e+06		-26.1151		
00:00:45:549		7.11285e+06		165.277		104.838		5.74867e+06		2.11193		289.964			00:00:45:549		9.79524e+06		-5.84822		0		0		7.11221e+06		-27.4928		
00:00:45:450		7.11252e+06		164.86		104.688		5.72827e+06		2.10402		289.965			00:00:45:450		9.80821e+06		-5.84424		0		0		7.11222e+06		-10.0193		
00:00:45:350		7.11251e+06		164.86		104.688		5.72827e+06		2.10402		289.966			00:00:45:350		9.82116e+06		-5.84003		0		0		7.11252e+06		15.4651		
00:00:45:100		7.11208e+06		164.444		104.538		5.70785e+06		2.09612		289.968			00:00:45:100		9.85349e+06		-5.82934		0		0		7.11274e+06		21.8984		
00:00:45:100		7.11208e+06		164.444		104.538		5.70785e+06		2.09612		289.968			00:00:45:100		9.85349e+06		-5.82934		0		0		7.11274e+06		21.8984		
00:00:45:049		7.11209e+06		164.444		104.538		5.70785e+06		2.09612		289.968			00:00:45:049		9.85996e+06		-5.82731		0		0		7.11251e+06		14.5517		
00:00:44:899		7.11165e+06		164.029		104.386		5.68722e+06		2.08821		289.969			00:00:44:899		9.87942e+06		-5.82177		0		0		7.1115e+06		-23.5971		
00:00:44:799		7.11167e+06		164.029		104.386		5.68722e+06		2.08821		289.97			00:00:44:799		9.89237e+06		-5.81868		0		0		7.11104e+06		-28.6713		
00:00:44:700		7.11136e+06		163.615		104.232		5.66652e+06		2.0803		289.971			00:00:44:700		9.90533e+06		-5.81559		0		0		7.11099e+06		-12.8558		
00:00:44:649		7.11126e+06		163.615		104.232		5.66652e+06		2.0803		289.971			00:00:44:649		9.9118e+06		-5.814		0		0		7.11112e+06		0		
00:00:44:549		7.1113e+06		163.615		104.232		5.66652e+06		2.0803		289.972			00:00:44:549		9.92472e+06		-5.81074		0		0		7.11148e+06		22.1189		
00:00:44:450		7.11099e+06		163.203		104.078		5.64582e+06		2.0724		289.973			00:00:44:450		9.93761e+06		-5.80737		0		0		7.11174e+06		33.5743		
00:00:44:350		7.11089e+06		163.203		104.078		5.64582e+06		2.0724		289.974			00:00:44:350		9.95048e+06		-5.80388		0		0		7.11164e+06		24.4471		
00:00:44:149		7.11052e+06		162.791		103.923		5.62498e+06		2.06449		289.976			00:00:44:149		9.97616e+06		-5.79656		0		0		7.11043e+06		-21.7449		
00:00:44:149		7.11052e+06		162.791		103.923		5.62498e+06		2.06449		289.976			00:00:44:149		9.97616e+06		-5.79656		0		0		7.11043e+06		-21.7449		
00:00:44:000		7.11043e+06		162.381		103.923		5.62498e+06		2.06449		289.978			00:00:44:000		9.99536e+06		-5.79077		0		0		7.10979e+06		-26.1596		
00:00:43:899		7.11009e+06		162.381		103.766		5.60396e+06		2.05657		289.979			00:00:43:899		1.00081e+07		-5.78678		0		0		7.10989e+06		-5.238		
00:00:43:850		7.11012e+06		162.381		103.766		5.60396e+06		2.05657		289.979			00:00:43:850		1.00145e+07		-5.78474		0		0		7.11007e+06		10.5546		
00:00:43:750		7.11007e+06		161.972		103.766		5.60396e+06		2.05657		289.981			00:00:43:750		1.00273e+07		-5.78059		0		0		7.11044e+06		27.815		
00:00:43:600		7.10972e+06		161.972		103.608		5.58277e+06		2.04866		289.982			00:00:43:600		1.00464e+07		-5.77418		0		0		7.11054e+06		27.0906		
00:00:43:500		7.10973e+06		161.565		103.608		5.58277e+06		2.04866		289.984			00:00:43:500		1.00591e+07		-5.76977		0		0		7.1101e+06		11.2328		
00:00:43:399		7.10941e+06		161.565		103.449		5.56156e+06		2.04074		289.985			00:00:43:399		1.00718e+07		-5.76528		0		0		7.1094e+06		-18.4142		
00:00:43:200		7.10917e+06		161.159		103.288		5.54027e+06		2.03282		289.987			00:00:43:200		1.00972e+07		-5.75601		0		0		7.10863e+06		-19.9074		
00:00:43:100		7.10896e+06		161.159		103.288		5.54027e+06		2.03282		289.989			00:00:43:100		1.01099e+07		-5.75123		0		0		7.10885e+06		4.82974		
00:00:43:100		7.10896e+06		161.159		103.288		5.54027e+06		2.03282		289.989			00:00:43:100		1.01099e+07		-5.75123		0		0		7.10885e+06		4.82974		
00:00:43:000		7.10898e+06		160.753		103.288		5.54027e+06		2.03282		289.99			00:00:43:000		1.01225e+07		-5.74636		0		0		7.10923e+06		24.8486		
00:00:42:899		7.10865e+06		160.753		103.127		5.5188e+06		2.0249		289.991			00:00:42:899		1.01352e+07		-5.7414		0		0		7.10944e+06		33.4854		
00:00:42:799		7.10862e+06		160.753		103.127		5.5188e+06		2.0249		289.993			00:00:42:799		1.01477e+07		-5.73636		0		0		7.10928e+06		22.1761		
00:00:42:700		7.10852e+06		160.349		102.964		5.49707e+06		2.01698		289.994			00:00:42:700		1.01603e+07		-5.73122		0		0		7.10874e+06		2.96066		
00:00:42:600		7.10819e+06		160.349		102.964		5.49707e+06		2.01698		289.995			00:00:42:600		1.01729e+07		-5.72599		0		0		7.10805e+06		-24.0219		
00:00:42:600		7.10819e+06		160.349		102.964		5.49707e+06		2.01698		289.995			00:00:42:600		1.01729e+07		-5.72599		0		0		7.10805e+06		-24.0219		
00:00:42:399		7.10792e+06		159.945		102.8		5.47521e+06		2.00905		289.998			00:00:42:399		1.01979e+07		-5.71526		0		0		7.10755e+06		-13.1327		
00:00:42:399		7.10792e+06		159.945		102.8		5.47521e+06		2.00905		289.998			00:00:42:399		1.01979e+07		-5.71526		0		0		7.10755e+06		-13.1327		
00:00:42:200		7.10778e+06		159.543		102.635		5.45314e+06		2.00113		290.002			00:00:42:200		1.02229e+07		-5.70416		0		0		7.10823e+06		29.754		
00:00:42:100		7.10742e+06		159.543		102.635		5.45314e+06		2.00113		290.003			00:00:42:100		1.02353e+07		-5.69847		0		0		7.10834e+06		32.1147		
00:00:42:000		7.10753e+06		159.14		102.635		5.45314e+06		2.00113		290.005			00:00:42:000		1.02477e+07		-5.6927		0		0		7.10803e+06		17.6528		
00:00:42:000		7.10753e+06		159.14		102.635		5.45314e+06		2.00113		290.005			00:00:42:000		1.02477e+07		-5.6927		0		0		7.10803e+06		17.6528		
00:00:41:899		7.10728e+06		159.14		102.468		5.43094e+06		1.9932		290.006			00:00:41:899		1.02601e+07		-5.68682		0		0		7.10738e+06		-10.3201		
00:00:41:799		7.10709e+06		159.14		102.468		5.43094e+06		1.9932		290.008			00:00:41:799		1.02726e+07		-5.68084		0		0		7.10672e+06		-29.824		
00:00:41:700		7.10705e+06		158.739		102.3		5.40862e+06		1.98527		290.009			00:00:41:700		1.0285e+07		-5.67476		0		0		7.1064e+06		-26.596		
00:00:41:500		7.10679e+06		158.338		102.3		5.40862e+06		1.98527		290.012			00:00:41:500		1.03098e+07		-5.6623		0		0		7.1069e+06		20.706		
00:00:41:500		7.10679e+06		158.338		102.3		5.40862e+06		1.98527		290.012			00:00:41:500		1.03098e+07		-5.6623		0		0		7.1069e+06		20.706		
00:00:41:399		7.10652e+06		158.338		102.131		5.38604e+06		1.97733		290.013			00:00:41:399		1.03222e+07		-5.65592		0		0		7.1072e+06		34.0701		
00:00:41:200		7.10632e+06		157.936		101.96		5.36318e+06		1.9694		290.016			00:00:41:200		1.03469e+07		-5.64289		0		0		7.10668e+06		10.0315		
00:00:41:200		7.10632e+06		157.936		101.96		5.36318e+06		1.9694		290.016			00:00:41:200		1.03469e+07		-5.64289		0		0		7.10668e+06		10.0315		
00:00:41:049		7.10589e+06		157.936		101.96		5.36318e+06		1.9694		290.019			00:00:41:049		1.03654e+07		-5.63285		0		0		7.10562e+06		-28.4139		
00:00:41:000		7.10594e+06		157.535		101.96		5.36318e+06		1.9694		290.02			00:00:41:000		1.03716e+07		-5.62946		0		0		7.10536e+06		-31.9328		
00:00:40:899		7.10573e+06		157.535		101.787		5.34013e+06		1.96146		290.022			00:00:40:899		1.03838e+07		-5.6226		0		0		7.10517e+06		-20.5989		
00:00:40:799		7.10551e+06		157.535		101.787		5.34013e+06		1.96146		290.025			00:00:40:799		1.03962e+07		-5.61563		0		0		7.1054e+06		6.06261		
00:00:40:700		7.1055e+06		157.135		101.613		5.31682e+06		1.95352		290.027			00:00:40:700		1.04085e+07		-5.60856		0		0		7.10577e+06		25.8238		
00:00:40:500		7.1051e+06		156.734		101.613		5.31682e+06		1.95352		290.031			00:00:40:500		1.0433e+07		-5.59412		0		0		7.10575e+06		21.8456		
00:00:40:500		7.1051e+06		156.734		101.613		5.31682e+06		1.95352		290.031			00:00:40:500		1.0433e+07		-5.59412		0		0		7.10575e+06		21.8456		
00:00:40:399		7.10497e+06		156.734		101.437		5.2933e+06		1.94558		290.034			00:00:40:399		1.04453e+07		-5.58674		0		0		7.10515e+06		0		
00:00:40:149		7.10453e+06		156.333		101.26		5.2695e+06		1.93763		290.04			00:00:40:149		1.04762e+07		-5.56788		0		0		7.10392e+06		-22.8472		
00:00:40:149		7.10453e+06		156.333		101.26		5.2695e+06		1.93763		290.04			00:00:40:149		1.04762e+07		-5.56788		0		0		7.10392e+06		-22.8472		
00:00:40:049		7.10426e+06		156.333		101.26		5.2695e+06		1.93763		290.042			00:00:40:049		1.04886e+07		-5.56015		0		0		7.10413e+06		3.15854		
00:00:39:950		7.10428e+06		155.931		101.081		5.24548e+06		1.92969		290.045			00:00:39:950		1.0501e+07		-5.55232		0		0		7.10451e+06		24.7005		
00:00:39:850		7.10394e+06		155.931		101.081		5.24548e+06		1.92969		290.048			00:00:39:850		1.05134e+07		-5.54438		0		0		7.10474e+06		35.2378		
00:00:39:750		7.10385e+06		155.53		101.081		5.24548e+06		1.92969		290.05			00:00:39:750		1.05258e+07		-5.53633		0		0		7.10457e+06		23.8367		
00:00:39:549		7.10342e+06		155.53		100.9		5.2212e+06		1.92174		290.056			00:00:39:549		1.05506e+07		-5.51986		0		0		7.10327e+06		-25.3753		
00:00:39:549		7.10342e+06		155.53		100.9		5.2212e+06		1.92174		290.056			00:00:39:549		1.05506e+07		-5.51986		0		0		7.10327e+06		-25.3753		
00:00:39:450		7.10346e+06		155.128		100.717		5.19677e+06		1.91379		290.058			00:00:39:450		1.0563e+07		-5.51144		0		0		7.10277e+06		-31.6321		
00:00:39:350		7.10314e+06		155.128		100.717		5.19677e+06		1.91379		290.061			00:00:39:350		1.05754e+07		-5.50289		0		0		7.10274e+06		-13.716		
00:00:39:149		7.10295e+06		154.726		100.533		5.1722e+06		1.90585		290.067			00:00:39:149		1.06001e+07		-5.48545		0		0		7.10342e+06		31.152		
00:00:39:149		7.10295e+06		154.726		100.533		5.1722e+06		1.90585		290.067			00:00:39:149		1.06001e+07		-5.48545		0		0		7.10342e+06		31.152		
00:00:39:049		7.10258e+06		154.726		100.533		5.1722e+06		1.90585		290.07			00:00:39:049		1.06125e+07		-5.47654		0		0		7.10351e+06		33.394		
00:00:38:950		7.10265e+06		154.323		100.346		5.14737e+06		1.8979		290.073			00:00:38:950		1.06249e+07		-5.46751		0		0		7.10317e+06		18.0025		
00:00:38:850		7.10237e+06		154.323		100.346		5.14737e+06		1.8979		290.076			00:00:38:850		1.06373e+07		-5.45836		0		0		7.10246e+06		-12.0695		
00:00:38:750		7.10218e+06		153.919		100.346		5.14737e+06		1.8979		290.079			00:00:38:750		1.06497e+07		-5.44909		0		0		7.10176e+06		-31.9186		
00:00:38:649		7.10211e+06		153.919		100.159		5.12229e+06		1.88995		290.082			00:00:38:649		1.06621e+07		-5.4397		0		0		7.10142e+06		-28.0579		
00:00:38:549		7.10176e+06		153.919		100.159		5.12229e+06		1.88995		290.085			00:00:38:549		1.06744e+07		-5.4302		0		0		7.10155e+06		-4.75227		
00:00:38:450		7.10181e+06		153.516		99.9696		5.09701e+06		1.882		290.088			00:00:38:450		1.06867e+07		-5.4206		0		0		7.10194e+06		22.0205		
00:00:38:350		7.10151e+06		153.516		99.9696		5.09701e+06		1.882		290.091			00:00:38:350		1.0699e+07		-5.41092		0		0		7.10224e+06		35.9098		
00:00:38:250		7.1013e+06		153.113		99.9696		5.09701e+06		1.882		290.093			00:00:38:250		1.07112e+07		-5.40117		0		0		7.10216e+06		28.3872		
00:00:38:149		7.10128e+06		153.113		99.7792		5.07172e+06		1.87405		290.097			00:00:38:149		1.07235e+07		-5.39136		0		0		7.10164e+06		9.61441		
00:00:38:049		7.1009e+06		153.113		99.7792		5.07172e+06		1.87405		290.1			00:00:38:049		1.07358e+07		-5.3815		0		0		7.10086e+06		-21.5853		
00:00:37:950		7.10087e+06		152.71		99.5875		5.04635e+06		1.8661		290.104			00:00:37:950		1.0748e+07		-5.3716		0		0		7.10023e+06		-33.8534		
00:00:37:850		7.10062e+06		152.71		99.5875		5.04635e+06		1.8661		290.108			00:00:37:850		1.07602e+07		-5.36167		0		0		7.10003e+06		-21.5619		
00:00:37:750		7.10038e+06		152.307		99.5875		5.04635e+06		1.8661		290.112			00:00:37:750		1.07725e+07		-5.35171		0		0		7.10027e+06		6.84262		
00:00:37:649		7.10036e+06		152.307		99.3947		5.02086e+06		1.85815		290.116			00:00:37:649		1.07847e+07		-5.34172		0		0		7.10065e+06		27.3145		
00:00:37:549		7.09997e+06		152.307		99.3947		5.02086e+06		1.85815		290.12			00:00:37:549		1.07969e+07		-5.33169		0		0		7.10083e+06		35.8184		
00:00:37:450		7.09992e+06		151.904		99.2007		4.99514e+06		1.8502		290.124			00:00:37:450		1.08091e+07		-5.32163		0		0		7.10059e+06		22.3961		
00:00:37:350		7.09975e+06		151.904		99.2007		4.99514e+06		1.8502		290.128			00:00:37:350		1.08212e+07		-5.3115		0		0		7.09994e+06		0		
00:00:37:250		7.09939e+06		151.502		99.2007		4.99514e+06		1.8502		290.132			00:00:37:250		1.08334e+07		-5.30131		0		0		7.09916e+06		-28.5759		
00:00:37:149		7.09942e+06		151.502		99.0056		4.96935e+06		1.84224		290.136			00:00:37:149		1.08455e+07		-5.29105		0		0		7.09868e+06		-32.3545		
00:00:37:049		7.09907e+06		151.502		99.0056		4.96935e+06		1.84224		290.141			00:00:37:049		1.08575e+07		-5.28071		0		0		7.09868e+06		-11.864		
00:00:36:899		7.09898e+06		151.102		98.8098		4.94366e+06		1.83429		290.147			00:00:36:899		1.08757e+07		-5.26503		0		0		7.09922e+06		26.0694		
00:00:36:799		7.0986e+06		151.102		98.8098		4.94366e+06		1.83429		290.152			00:00:36:799		1.08878e+07		-5.25449		0		0		7.09945e+06		37.1176		
00:00:36:750		7.09844e+06		150.702		98.8098		4.94366e+06		1.83429		290.154			00:00:36:750		1.08939e+07		-5.24919		0		0		7.0994e+06		33.3103		
00:00:36:649		7.0985e+06		150.702		98.6132		4.91782e+06		1.82634		290.159			00:00:36:649		1.0906e+07		-5.23854		0		0		7.09896e+06		15.7632		
00:00:36:549		7.09816e+06		150.702		98.6132		4.91782e+06		1.82634		290.163			00:00:36:549		1.09181e+07		-5.22782		0		0		7.09818e+06		-17.6143		
00:00:36:399		7.09802e+06		150.303		98.416		4.8919e+06		1.81838		290.17			00:00:36:399		1.09363e+07		-5.21161		0		0		7.09725e+06		-34.2202		
00:00:36:299		7.09766e+06		150.303		98.416		4.8919e+06		1.81838		290.175			00:00:36:299		1.09484e+07		-5.20074		0		0		7.09721e+06		-14.4814		
00:00:36:149		7.09755e+06		149.907		98.2182		4.86607e+06		1.81042		290.182			00:00:36:149		1.09666e+07		-5.18433		0		0		7.09776e+06		25.2505		
00:00:36:149		7.09755e+06		149.907		98.2182		4.86607e+06		1.81042		290.182			00:00:36:149		1.09666e+07		-5.18433		0		0		7.09776e+06		25.2505		
00:00:36:049		7.09718e+06		149.907		98.2182		4.86607e+06		1.81042		290.187			00:00:36:049		1.09787e+07		-5.17334		0		0		7.09801e+06		37.7288		
00:00:35:950		7.09702e+06		149.513		98.0199		4.84033e+06		1.80246		290.192			00:00:35:950		1.09908e+07		-5.16232		0		0		7.09785e+06		27.1147		
00:00:35:850		7.09694e+06		149.513		98.0199		4.84033e+06		1.80246		290.197			00:00:35:850		1.1003e+07		-5.15127		0		0		7.09724e+06		5.74785		
00:00:35:750		7.09655e+06		149.12		98.0199		4.84033e+06		1.80246		290.202			00:00:35:750		1.10152e+07		-5.14021		0		0		7.09641e+06		-26.3869		
00:00:35:649		7.09656e+06		149.12		97.8212		4.81451e+06		1.7945		290.207			00:00:35:649		1.10273e+07		-5.12914		0		0		7.09581e+06		-35.1332		
00:00:35:549		7.09623e+06		149.12		97.8212		4.81451e+06		1.7945		290.212			00:00:35:549		1.10395e+07		-5.11806		0		0		7.09569e+06		-18.7454		
00:00:35:450		7.09606e+06		148.729		97.6222		4.78866e+06		1.78654		290.217			00:00:35:450		1.10517e+07		-5.10697		0		0		7.096e+06		12.5801		
00:00:35:299		7.09575e+06		148.729		97.6222		4.78866e+06		1.78654		290.226			00:00:35:299		1.107e+07		-5.09033		0		0		7.09652e+06		37.7381		
00:00:35:100		7.09548e+06		148.342		97.423		4.763e+06		1.77857		290.236			00:00:35:100		1.10945e+07		-5.06807		0		0		7.09586e+06		10.079		
00:00:35:100		7.09548e+06		148.342		97.423		4.763e+06		1.77857		290.236			00:00:35:100		1.10945e+07		-5.06807		0		0		7.09586e+06		10.079		
00:00:35:000		7.09508e+06		147.957		97.423		4.763e+06		1.77857		290.242			00:00:35:000		1.11067e+07		-5.05686		0		0		7.09503e+06		-23.299		
00:00:34:899		7.09505e+06		147.957		97.2236		4.73742e+06		1.7706		290.248			00:00:34:899		1.1119e+07		-5.0456		0		0		7.09437e+06		-35.1577		
00:00:34:799		7.09476e+06		147.957		97.2236		4.73742e+06		1.7706		290.254			00:00:34:799		1.11313e+07		-5.03429		0		0		7.09417e+06		-21.6676		
00:00:34:700		7.09452e+06		147.575		97.0243		4.71178e+06		1.76263		290.259			00:00:34:700		1.11437e+07		-5.02292		0		0		7.09442e+06		7.91546		
00:00:34:600		7.09448e+06		147.575		97.0243		4.71178e+06		1.76263		290.266			00:00:34:600		1.1156e+07		-5.01151		0		0		7.09479e+06		28.598		
00:00:34:500		7.09407e+06		147.196		97.0243		4.71178e+06		1.76263		290.272			00:00:34:500		1.11683e+07		-5.00004		0		0		7.09496e+06		36.8194		
00:00:34:399		7.09403e+06		147.196		96.8251		4.68618e+06		1.75465		290.278			00:00:34:399		1.11807e+07		-4.98851		0		0		7.09469e+06		22.8841		
00:00:34:200		7.09343e+06		146.821		96.6263		4.6607e+06		1.74667		290.291			00:00:34:200		1.12053e+07		-4.96531		0		0		7.0932e+06		-29.7622		
00:00:34:100		7.09344e+06		146.821		96.6263		4.6607e+06		1.74667		290.298			00:00:34:100		1.12177e+07		-4.95363		0		0		7.09272e+06		-32.2906		
00:00:34:100		7.09344e+06		146.821		96.6263		4.6607e+06		1.74667		290.298			00:00:34:100		1.12177e+07		-4.95363		0		0		7.09272e+06		-32.2906		
00:00:34:000		7.09306e+06		146.449		96.6263		4.6607e+06		1.74667		290.304			00:00:34:000		1.123e+07		-4.9419		0		0		7.09272e+06		-9.93875		
00:00:33:899		7.09302e+06		146.449		96.4278		4.63544e+06		1.73868		290.311			00:00:33:899		1.12424e+07		-4.93012		0		0		7.09305e+06		18.0112		
00:00:33:799		7.0928e+06		146.449		96.4278		4.63544e+06		1.73868		290.318			00:00:33:799		1.12548e+07		-4.9183		0		0		7.09336e+06		34.2102		
00:00:33:799		7.0928e+06		146.449		96.4278		4.63544e+06		1.73868		290.318			00:00:33:799		1.12548e+07		-4.9183		0		0		7.09336e+06		34.2102		
00:00:33:600		7.09244e+06		146.08		96.2295		4.61035e+06		1.73069		290.334			00:00:33:600		1.12796e+07		-4.89451		0		0		7.09286e+06		14.9201		
00:00:33:500		7.09205e+06		145.714		96.2295		4.61035e+06		1.73069		290.342			00:00:33:500		1.1292e+07		-4.88256		0		0		7.09206e+06		-18.1542		
00:00:33:399		7.09188e+06		145.714		96.0313		4.5853e+06		1.72269		290.35			00:00:33:399		1.13044e+07		-4.87057		0		0		7.09136e+06		-34.6331		
00:00:33:200		7.09141e+06		145.352		95.8313		4.56031e+06		1.71469		290.365			00:00:33:200		1.13293e+07		-4.84647		0		0		7.09129e+06		4.77283		
00:00:33:100		7.09142e+06		145.352		95.8313		4.56031e+06		1.71469		290.373			00:00:33:100		1.13418e+07		-4.83435		0		0		7.09167e+06		26.8475		
00:00:33:100		7.09142e+06		145.352		95.8313		4.56031e+06		1.71469		290.373			00:00:33:100		1.13418e+07		-4.83435		0		0		7.09167e+06		26.8475		
00:00:33:000		7.09103e+06		144.994		95.8313		4.56031e+06		1.71469		290.38			00:00:33:000		1.13542e+07		-4.82218		0		0		7.09188e+06		38.5901		
00:00:33:000		7.09103e+06		144.994		95.8313		4.56031e+06		1.71469		290.38			00:00:33:000		1.13542e+07		-4.82218		0		0		7.09188e+06		38.5901		
00:00:32:899		7.09088e+06		144.994		95.6295		4.53546e+06		1.70668		290.388			00:00:32:899		1.13667e+07		-4.80998		0		0		7.09167e+06		26.3672		
00:00:32:799		7.09076e+06		144.994		95.6295		4.53546e+06		1.70668		290.395			00:00:32:799		1.13792e+07		-4.79774		0		0		7.09102e+06		3.70217		
00:00:32:700		7.09036e+06		144.638		95.4257		4.51056e+06		1.69866		290.403			00:00:32:700		1.13916e+07		-4.78547		0.138156		0		7.09019e+06		-27.4811		
00:00:32:500		7.09036e+06		144.638		95.4257		4.51056e+06		1.69866		290.41			00:00:32:500		1.14041e+07		-4.77315		0.276424		0		7.08964e+06		-34.0703		
00:00:32:500		7.08998e+06		144.286		95.4257		4.51056e+06		1.69866		290.418			00:00:32:500		1.14165e+07		-4.76079		0.414598		0		7.08959e+06		-11.7238		
00:00:32:399		7.0899e+06		144.286		95.2196		4.4857e+06		1.69063		290.425			00:00:32:399		1.1429e+07		-4.74837		0.552537		0		7.08991e+06		17.2879		
00:00:32:200		7.08927e+06		143.938		95.0112		4.46089e+06		1.68259		290.439			00:00:32:200		1.14539e+07		-4.72339		0.827336		0		7.09027e+06		36.2745		
00:00:32:049		7.08916e+06		143.938		95.0112		4.46089e+06		1.68259		290.45			00:00:32:049		1.14726e+07		-4.7045		1.03198		0		7.08945e+06		5.53765		
00:00:32:049		7.08916e+06		143.938		95.0112		4.46089e+06		1.68259		290.45			00:00:32:049		1.14726e+07		-4.7045		1.03198		0		7.08945e+06		5.53765		
00:00:31:949		7.08873e+06		143.593		94.8002		4.43617e+06		1.67455		290.457			00:00:31:949		1.1485e+07		-4.69183		1.16752		0		7.08859e+06		-26.956		
00:00:31:850		7.0887e+06		143.593		94.8002		4.43617e+06		1.67455		290.464			00:00:31:850		1.14974e+07		-4.67909		1.30217		0		7.08798e+06		-35.0187		
00:00:31:699		7.08856e+06		143.593		94.8002		4.43617e+06		1.67455		290.468			00:00:31:699		1.15037e+07		-4.67269		1.3691		0		7.08787e+06		-27.7291		
00:00:31:699		7.08817e+06		143.251		94.5863		4.41151e+06		1.66649		290.475			00:00:31:699		1.15161e+07		-4.65985		1.50209		0		7.08802e+06		2.25379		
00:00:31:600		7.08815e+06		143.251		94.5863		4.41151e+06		1.66649		290.483			00:00:31:600		1.15286e+07		-4.64696		1.63375		0		7.08838e+06		26.3606		
00:00:31:500		7.08775e+06		142.911		94.5863		4.41151e+06		1.66649		290.49			00:00:31:500		1.1541e+07		-4.63401		1.76389		0		7.0886e+06		39.7099		
00:00:31:399		7.0875e+06		142.911		94.3695		4.38675e+06		1.65843		290.497			00:00:31:399		1.15534e+07		-4.621		1.89223		0		7.0884e+06		29.476		
00:00:31:149		7.08688e+06		142.574		94.1495		4.36202e+06		1.65035		290.516			00:00:31:149		1.15844e+07		-4.5883		2.20321		0		7.08645e+06		-34.8005		
00:00:31:050		7.08675e+06		142.574		94.1495		4.36202e+06		1.65035		290.524			00:00:31:050		1.15968e+07		-4.57516		2.32318		0		7.08603e+06		-30.2148		
00:00:31:050		7.08675e+06		142.574		94.1495		4.36202e+06		1.65035		290.524			00:00:31:050		1.15968e+07		-4.57516		2.32318		0		7.08603e+06		-30.2148		
00:00:30:949		7.08633e+06		142.239		93.926		4.33716e+06		1.64227		290.531			00:00:30:949		1.16092e+07		-4.56199		2.44088		0		7.08614e+06		0		
00:00:30:750		7.08588e+06		141.906		93.926		4.33716e+06		1.64227		290.546			00:00:30:750		1.1634e+07		-4.5356		2.67032		0		7.08673e+06		40.4494		
00:00:30:750		7.08588e+06		141.906		93.926		4.33716e+06		1.64227		290.546			00:00:30:750		1.1634e+07		-4.5356		2.67032		0		7.08673e+06		40.4494		
00:00:30:649		7.08558e+06		141.906		93.6989		4.31227e+06		1.63417		290.553			00:00:30:649		1.16464e+07		-4.52241		2.78977		0		7.08656e+06		31.9483		
00:00:30:550		7.08549e+06		141.906		93.6989		4.31227e+06		1.63417		290.561			00:00:30:550		1.16588e+07		-4.50923		2.90793		0		7.0859e+06		10.7178		
00:00:30:449		7.08502e+06		141.576		93.468		4.28725e+06		1.62607		290.568			00:00:30:449		1.16712e+07		-4.49608		3.02443		0		7.08497e+06		-26.2259		
00:00:30:350		7.08492e+06		141.576		93.468		4.28725e+06		1.62607		290.576			00:00:30:350		1.16836e+07		-4.48295		3.13421		0		7.08423e+06		-36.5214		
00:00:30:149		7.08428e+06		141.247		93.2332		4.26201e+06		1.61795		290.591			00:00:30:149		1.17086e+07		-4.4568		3.34521		0		7.08425e+06		13.6118		
00:00:30:149		7.08428e+06		141.247		93.2332		4.26201e+06		1.61795		290.591			00:00:30:149		1.17086e+07		-4.4568		3.34521		0		7.08425e+06		13.6118		
00:00:30:050		7.08412e+06		141.247		93.2332		4.26201e+06		1.61795		290.598			00:00:30:050		1.17211e+07		-4.44374		3.44142		0		7.08458e+06		33.6129		
00:00:29:949		7.08362e+06		140.92		92.9941		4.23671e+06		1.60983		290.606			00:00:29:949		1.17336e+07		-4.43068		3.5344		0		7.08467e+06		40.4853		
00:00:29:850		7.08354e+06		140.92		92.9941		4.23671e+06		1.60983		290.613			00:00:29:850		1.17461e+07		-4.41758		3.62411		0		7.08429e+06		25.3505		
00:00:29:750		7.08324e+06		140.594		92.9941		4.23671e+06		1.60983		290.621			00:00:29:750		1.17586e+07		-4.40443		3.71056		0		7.08345e+06		0		
00:00:29:649		7.08285e+06		140.594		92.7506		4.21111e+06		1.60169		290.628			00:00:29:649		1.17711e+07		-4.39118		3.79375		0		7.0825e+06		-34.9608		
00:00:29:550		7.0827e+06		140.594		92.7506		4.21111e+06		1.60169		290.635			00:00:29:550		1.17836e+07		-4.37782		3.87373		0		7.08193e+06		-34.0077		
00:00:29:449		7.08222e+06		140.268		92.5023		4.18532e+06		1.59355		290.643			00:00:29:449		1.17961e+07		-4.36433		3.95051		0		7.08191e+06		-7.52664		
00:00:29:350		7.08212e+06		140.268		92.5023		4.18532e+06		1.59355		290.65			00:00:29:350		1.18086e+07		-4.35068		4.02417		0		7.08222e+06		23.0394		
00:00:29:250		7.0817e+06		139.944		92.5023		4.18532e+06		1.59355		290.658			00:00:29:250		1.18211e+07		-4.33687		4.09476		0		7.08247e+06		40.3407		
00:00:29:149		7.08134e+06		139.944		92.2487		4.15934e+06		1.58539		290.665			00:00:29:149		1.18336e+07		-4.32289		4.16233		0		7.08238e+06		35.0258		
00:00:29:050		7.08125e+06		139.944		92.2487		4.15934e+06		1.58539		290.673			00:00:29:050		1.18461e+07		-4.30878		4.22699		0		7.08177e+06		17.7573		
00:00:28:949		7.08079e+06		139.619		91.9896		4.13303e+06		1.57723		290.68			00:00:28:949		1.18585e+07		-4.29457		4.2888		0		7.0808e+06		-21.5989		
00:00:28:850		7.08058e+06		139.619		91.9896		4.13303e+06		1.57723		290.688			00:00:28:850		1.1871e+07		-4.28032		4.34785		0		7.07996e+06		-36.8425		
00:00:28:750		7.08016e+06		139.295		91.9896		4.13303e+06		1.57723		290.696			00:00:28:750		1.18835e+07		-4.26613		4.40423		0		7.0796e+06		-23.445		
00:00:28:649		7.0798e+06		139.295		91.7245		4.10649e+06		1.56906		290.704			00:00:28:649		1.1896e+07		-4.25209		4.45804		0		7.07971e+06		7.38269		
00:00:28:550		7.07964e+06		139.295		91.7245		4.10649e+06		1.56906		290.711			00:00:28:550		1.19086e+07		-4.23828		4.50936		0		7.07997e+06		30.6247		
00:00:28:449		7.07913e+06		138.971		91.453		4.0798e+06		1.56088		290.719			00:00:28:449		1.19212e+07		-4.22476		4.55829		0		7.08005e+06		38.1126		
00:00:28:350		7.07904e+06		138.971		91.453		4.0798e+06		1.56088		290.727			00:00:28:350		1.19338e+07		-4.21155		4.60492		0		7.07972e+06		26.0499		
00:00:28:250		7.0787e+06		138.647		91.453		4.0798e+06		1.56088		290.736			00:00:28:250		1.19464e+07		-4.19863		4.64933		0		7.07895e+06		2.85539		
00:00:28:149		7.07825e+06		138.647		91.1748		4.05285e+06		1.55269		290.744			00:00:28:149		1.1959e+07		-4.18579		4.69163		0		7.07803e+06		-33.9367		
00:00:28:050		7.07798e+06		138.647		91.1748		4.05285e+06		1.55269		290.753			00:00:28:050		1.19716e+07		-4.17292		4.73186		0		7.07746e+06		-27.5141		
00:00:27:949		7.07751e+06		138.322		90.8893		4.02548e+06		1.54449		290.763			00:00:27:949		1.19842e+07		-4.16003		4.77014		0		7.07734e+06		-5.2956		
00:00:27:850		7.0774e+06		138.322		90.8893		4.02548e+06		1.54449		290.773			00:00:27:850		1.19969e+07		-4.14711		4.80654		0		7.07749e+06		20.1764		
00:00:27:750		7.07697e+06		137.995		90.8893		4.02548e+06		1.54449		290.783			00:00:27:750		1.20096e+07		-4.13418		4.84095		0		7.07757e+06		34.6158		
00:00:27:649		7.07662e+06		137.995		90.596		3.99769e+06		1.53629		290.792			00:00:27:649		1.20224e+07		-4.12124		4.87381		0		7.07733e+06		26.5932		
00:00:27:550		7.07639e+06		137.995		90.596		3.99769e+06		1.53629		290.801			00:00:27:550		1.20351e+07		-4.10827		4.90507		0		7.07669e+06		8.52568		
00:00:27:449		7.07588e+06		137.669		90.2944		3.96966e+06		1.52809		290.811			00:00:27:449		1.20479e+07		-4.09528		4.93477		0		7.07584e+06		-21.6389		
00:00:27:199		7.07506e+06		137.342		89.984		3.94137e+06		1.51988		290.836			00:00:27:199		1.20797e+07		-4.06256		5.00259		0		7.07504e+06		8.81556		
00:00:27:100		7.07483e+06		137.342		89.984		3.94137e+06		1.51988		290.847			00:00:27:100		1.20924e+07		-4.04925		5.02731		0		7.07506e+06		23.3541		
00:00:27:100		7.07483e+06		137.342		89.984		3.94137e+06		1.51988		290.847			00:00:27:100		1.20924e+07		-4.04925		5.02731		0		7.07506e+06		23.3541		
00:00:27:000		7.07434e+06		137.014		89.984		3.94137e+06		1.51988		290.859			00:00:27:000		1.21051e+07		-4.03578		5.0507		0		7.07492e+06		30.0918		
00:00:26:899		7.07405e+06		137.014		89.664		3.91263e+06		1.51167		290.87			00:00:26:899		1.21177e+07		-4.02217		5.07281		0		7.07442e+06		16.3049		
00:00:26:800		7.07355e+06		137.014		89.664		3.91263e+06		1.51167		290.882			00:00:26:800		1.21304e+07		-4.00846		5.09375		0		7.07362e+06		-11.6595		
00:00:26:699		7.07315e+06		136.684		89.334		3.88355e+06		1.50346		290.894			00:00:26:699		1.21429e+07		-3.99463		5.11372		0		7.07287e+06		-29.5323		
00:00:26:600		7.0728e+06		136.684		89.334		3.88355e+06		1.50346		290.908			00:00:26:600		1.21554e+07		-3.98071		5.1327		0		7.07253e+06		-12.6678		
00:00:26:500		7.07244e+06		136.354		89.334		3.88355e+06		1.50346		290.922			00:00:26:500		1.21679e+07		-3.9667		5.1507		0		7.07247e+06		15.8299		
00:00:26:399		7.07205e+06		136.354		88.9934		3.85431e+06		1.49524		290.937			00:00:26:399		1.21803e+07		-3.95261		5.16765		0		7.07238e+06		24.811		
00:00:26:300		7.07154e+06		136.354		88.9934		3.85431e+06		1.49524		290.952			00:00:26:300		1.21928e+07		-3.93844		5.18349		0		7.07205e+06		24.0223		
00:00:26:100		7.07063e+06		136.023		88.642		3.8249e+06		1.48702		290.984			00:00:26:100		1.22177e+07		-3.90995		5.21249		0		7.07055e+06		-20.6322		
00:00:26:100		7.07063e+06		136.023		88.642		3.8249e+06		1.48702		290.984			00:00:26:100		1.22177e+07		-3.90995		5.21249		0		7.07055e+06		-20.6322		
00:00:26:000		7.07028e+06		135.691		88.642		3.8249e+06		1.48702		291			00:00:26:000		1.22301e+07		-3.89564		5.22603		0		7.06996e+06		-25.0853		
00:00:25:899		7.06985e+06		135.691		88.2798		3.7952e+06		1.47879		291.017			00:00:25:899		1.22427e+07		-3.88129		5.23886		0		7.06975e+06		5.86335		
00:00:25:800		7.06942e+06		135.691		88.2798		3.7952e+06		1.47879		291.034			00:00:25:800		1.22552e+07		-3.86692		5.25067		0		7.06961e+06		20.4285		
00:00:25:699		7.06892e+06		135.358		87.9072		3.76524e+06		1.47057		291.051			00:00:25:699		1.22678e+07		-3.85251		5.26147		0		7.06931e+06		23.8234		
00:00:25:600		7.06851e+06		135.358		87.9072		3.76524e+06		1.47057		291.069			00:00:25:600		1.22803e+07		-3.83809		5.27165		0		7.06872e+06		6.25187		
00:00:25:500		7.06805e+06		135.024		87.9072		3.76524e+06		1.47057		291.087			00:00:25:500		1.22929e+07		-3.82363		5.28165		0		7.06802e+06		-15.9543		
00:00:25:399		7.06766e+06		135.024		87.5244		3.735e+06		1.46234		291.105			00:00:25:399		1.23054e+07		-3.80914		5.29138		0		7.0675e+06		-16.3155		
00:00:25:300		7.06726e+06		135.024		87.5244		3.735e+06		1.46234		291.124			00:00:25:300		1.2318e+07		-3.79462		5.30004		0		7.06721e+06		4.77316		
00:00:25:199		7.06686e+06		134.689		87.1317		3.70448e+06		1.4541		291.143			00:00:25:199		1.23306e+07		-3.78007		5.30744		0		7.06695e+06		13.2387		
00:00:25:100		7.06646e+06		134.689		87.1317		3.70448e+06		1.4541		291.162			00:00:25:100		1.23432e+07		-3.76548		5.31414		0		7.06662e+06		12.9145		
00:00:25:000		7.06608e+06		134.355		87.1317		3.70448e+06		1.4541		291.182			00:00:25:000		1.23558e+07		-3.75087		5.32118		0		7.06617e+06		3.65659		
00:00:24:899		7.0657e+06		134.355		86.7298		3.67378e+06		1.44587		291.202			00:00:24:899		1.23683e+07		-3.73622		5.32848		0		7.0657e+06		0		
00:00:24:800		7.0653e+06		134.355		86.7298		3.67378e+06		1.44587		291.222			00:00:24:800		1.23809e+07		-3.72153		5.33503		0		7.06528e+06		0		
00:00:24:699		7.06491e+06		134.02		86.3195		3.64288e+06		1.43763		291.243			00:00:24:699		1.23935e+07		-3.7068		5.33964		0		7.06492e+06		5.56574		
00:00:24:600		7.06452e+06		134.02		86.3195		3.64288e+06		1.43763		291.263			00:00:24:600		1.2406e+07		-3.69204		5.34306		0		7.06458e+06		8.35795		
00:00:24:500		7.06414e+06		133.686		86.3195		3.64288e+06		1.43763		291.284			00:00:24:500		1.24186e+07		-3.67725		5.34702		0		7.06421e+06		7.59996		
00:00:24:399		7.06377e+06		133.686		85.8999		3.61179e+06		1.42939		291.305			00:00:24:399		1.24311e+07		-3.66243		5.35257		0		7.06382e+06		5.28599		
00:00:24:399		7.06377e+06		133.686		85.8999		3.61179e+06		1.42939		291.305			00:00:24:399		1.24311e+07		-3.66243		5.35257		0		7.06382e+06		5.28599		
00:00:24:300		7.06341e+06		133.686		85.8999		3.61179e+06		1.42939		291.326			00:00:24:300		1.24437e+07		-3.64757		5.35809		0		7.06343e+06		4.12761		
00:00:24:100		7.06269e+06		133.352		85.4711		3.58074e+06		1.42114		291.369			00:00:24:100		1.24689e+07		-3.61774		5.3612		0		7.06274e+06		7.42449		
00:00:24:000		7.06235e+06		133.019		85.4711		3.54955e+06		1.42114		291.391			00:00:24:000		1.24816e+07		-3.60279		5.36159		0		7.06241e+06		8.49663		
00:00:23:899		7.06202e+06		133.019		85.0328		3.54955e+06		1.41289		291.414			00:00:23:899		1.24942e+07		-3.58782		5.36512		0		7.06209e+06		8.29653		
00:00:23:899		7.06202e+06		133.019		85.0328		3.54955e+06		1.41289		291.414			00:00:23:899		1.24942e+07		-3.58782		5.36512		0		7.06209e+06		8.29653		
00:00:23:800		7.06171e+06		133.019		85.0328		3.54955e+06		1.41289		291.436			00:00:23:800		1.25069e+07		-3.57282		5.37061		0		7.06177e+06		8.1637		
00:00:23:649		7.06127e+06		132.685		84.5851		3.5182e+06		1.40463		291.471			00:00:23:649		1.2526e+07		-3.55029		5.3727		0		7.06134e+06		8.97026		
00:00:23:550		7.061e+06		132.685		84.5851		3.5182e+06		1.40463		291.494			00:00:23:550		1.25387e+07		-3.53523		5.36835		0		7.06108e+06		10.3209		
00:00:23:500		7.06088e+06		132.354		84.5851		3.5182e+06		1.40463		291.507			00:00:23:500		1.25451e+07		-3.5277		5.36624		0		7.06096e+06		10.9909		
00:00:23:149		7.0601e+06		132.023		83.6648		3.45552e+06		1.38809		291.594			00:00:23:149		1.25896e+07		-3.47475		5.37263		0		7.06022e+06		13.248		
00:00:23:149		7.0601e+06		132.023		83.6648		3.45552e+06		1.38809		291.594			00:00:23:149		1.25896e+07		-3.47475		5.37263		0		7.06022e+06		13.248		
00:00:23:050		7.05991e+06		132.023		83.6648		3.45552e+06		1.38809		291.621			00:00:23:050		1.26024e+07		-3.45956		5.36627		0		7.06004e+06		13.8359		
00:00:23:050		7.05991e+06		132.023		83.6648		3.45552e+06		1.38809		291.621			00:00:23:050		1.26024e+07		-3.45956		5.36627		0		7.06004e+06		13.8359		
00:00:22:949		7.05975e+06		131.692		83.1935		3.42401e+06		1.3798		291.648			00:00:22:949		1.26151e+07		-3.44434		5.36006		0		7.05988e+06		14.7253		
00:00:22:850		7.0596e+06		131.692		83.1935		3.42401e+06		1.3798		291.677			00:00:22:850		1.26278e+07		-3.42908		5.36135		0		7.05975e+06		15.6894		
00:00:22:750		7.05948e+06		131.363		83.1935		3.42401e+06		1.3798		291.705			00:00:22:750		1.26405e+07		-3.4138		5.36873		0		7.05965e+06		16.7005		
00:00:22:649		7.05938e+06		131.363		82.7154		3.39231e+06		1.3715		291.734			00:00:22:649		1.26532e+07		-3.39849		5.37165		0		7.05956e+06		17.862		
00:00:22:550		7.0593e+06		131.363		82.7154		3.39231e+06		1.3715		291.764			00:00:22:550		1.2666e+07		-3.38316		5.36317		0		7.0595e+06		18.8206		
00:00:22:449		7.05925e+06		131.035		82.231		3.36046e+06		1.36319		291.794			00:00:22:449		1.26787e+07		-3.36782		5.34996		0		7.05947e+06		19.711		
00:00:22:350		7.05922e+06		131.035		82.231		3.36046e+06		1.36319		291.825			00:00:22:350		1.26913e+07		-3.35247		5.34588		0		7.05945e+06		20.6545		
00:00:22:149		7.05925e+06		130.708		81.7409		3.32847e+06		1.35485		291.887			00:00:22:149		1.27167e+07		-3.32169		5.36508		0		7.05952e+06		23.0636		
00:00:22:149		7.05925e+06		130.708		81.7409		3.32847e+06		1.35485		291.887			00:00:22:149		1.27167e+07		-3.32169		5.36508		0		7.05952e+06		23.0636		
00:00:22:050		7.0593e+06		130.708		81.7409		3.32847e+06		1.35485		291.918			00:00:22:050		1.27294e+07		-3.30627		5.35902		0		7.05959e+06		24.4238		
00:00:21:949		7.05937e+06		130.383		81.246		3.29627e+06		1.3465		291.949			00:00:21:949		1.27421e+07		-3.29083		5.33787		0		7.0597e+06		25.6827		
00:00:21:850		7.05947e+06		130.383		81.246		3.29627e+06		1.3465		291.981			00:00:21:850		1.27549e+07		-3.27536		5.32299		7.1844		7.05982e+06		26.8509		
00:00:21:750		7.05958e+06		130.057		81.246		3.29627e+06		1.3465		292.013			00:00:21:750		1.27677e+07		-3.25988		5.33076		14.8707		7.05996e+06		28.0004		
00:00:21:699		7.05964e+06		130.057		80.7473		3.26376e+06		1.33812		292.029			00:00:21:699		1.27741e+07		-3.25213		5.34109		18.6685		7.06003e+06		28.5715		
00:00:21:550		7.05984e+06		130.057		80.7473		3.26376e+06		1.33812		292.078			00:00:21:550		1.27932e+07		-3.22886		5.35468		29.6528		7.06028e+06		30.309		
00:00:21:449		7.05998e+06		129.732		80.2462		3.23089e+06		1.32973		292.111			00:00:21:449		1.2806e+07		-3.21334		5.32874		36.8423		7.06046e+06		31.4501		
00:00:21:350		7.06014e+06		129.732		80.2462		3.23089e+06		1.32973		292.143			00:00:21:350		1.28187e+07		-3.1978		5.29689		43.6078		7.06066e+06		32.6006		
00:00:21:149		7.06051e+06		129.408		79.7445		3.19767e+06		1.3213		292.209			00:00:21:149		1.28442e+07		-3.16665		5.32519		55.957		7.06109e+06		34.9129		
00:00:21:149		7.06051e+06		129.408		79.7445		3.19767e+06		1.3213		292.209			00:00:21:149		1.28442e+07		-3.16665		5.32519		55.957		7.06109e+06		34.9129		
00:00:21:050		7.06071e+06		129.408		79.7445		3.19767e+06		1.3213		292.242			00:00:21:050		1.28569e+07		-3.15103		5.34928		61.1018		7.06133e+06		36.0141		
00:00:20:949		7.06093e+06		129.083		79.2443		3.16403e+06		1.31285		292.276			00:00:20:949		1.28696e+07		-3.1354		5.33161		64.2156		7.06159e+06		37.1368		
00:00:20:850		7.06116e+06		129.083		79.2443		3.16403e+06		1.31285		292.309			00:00:20:850		1.28823e+07		-3.11975		5.28839		66.2334		7.06186e+06		38.2444		
00:00:20:750		7.06141e+06		128.758		79.2443		3.16403e+06		1.31285		292.342			00:00:20:750		1.2895e+07		-3.10408		5.26958		67.9628		7.06215e+06		39.3385		
00:00:20:649		7.06168e+06		128.758		78.7481		3.12987e+06		1.30438		292.376			00:00:20:649		1.29078e+07		-3.08839		5.30157		69.6782		7.06246e+06		40.4326		
00:00:20:550		7.06197e+06		128.758		78.7481		3.12987e+06		1.30438		292.409			00:00:20:550		1.29205e+07		-3.07266		5.34568		71.3807		7.06279e+06		41.5213		
00:00:20:449		7.06227e+06		128.431		78.259		3.09507e+06		1.29589		292.442			00:00:20:449		1.29333e+07		-3.05691		5.3425		73.0456		7.06313e+06		42.6164		
00:00:20:350		7.06259e+06		128.431		78.259		3.09507e+06		1.29589		292.475			00:00:20:350		1.29461e+07		-3.04113		5.25831		74.7251		7.0635e+06		43.7437		
00:00:20:250		7.06293e+06		128.104		78.259		3.09507e+06		1.29589		292.508			00:00:20:250		1.29589e+07		-3.02533		5.16199		76.3818		7.06388e+06		44.8545		
00:00:20:149		7.06328e+06		128.104		77.7798		3.05965e+06		1.28738		292.54			00:00:20:149		1.29717e+07		-3.00951		5.05589		78.029		7.06428e+06		45.9166		
00:00:20:050		7.06366e+06		128.104		77.7798		3.05965e+06		1.28738		292.573			00:00:20:050		1.29845e+07		-2.99365		4.94496		79.6672		7.0647e+06		47.0206		
00:00:19:949		7.06404e+06		127.775		77.3133		3.02365e+06		1.27886		292.605			00:00:19:949		1.29973e+07		-2.97776		4.84241		81.274		7.06514e+06		48.1117		
00:00:19:850		7.06445e+06		127.775		77.3133		3.02365e+06		1.27886		292.637			00:00:19:850		1.30101e+07		-2.96183		4.752		82.8849		7.06559e+06		49.2202		
00:00:19:750		7.06487e+06		127.444		77.3133		3.02365e+06		1.27886		292.667			00:00:19:750		1.3023e+07		-2.9459		4.66322		84.4888		7.06607e+06		50.3203		
00:00:19:649		7.0653e+06		127.444		76.8614		2.98695e+06		1.27032		292.695			00:00:19:649		1.30358e+07		-2.92993		4.56144		86.075		7.06656e+06		51.4027		
00:00:19:550		7.06575e+06		127.444		76.8614		2.98695e+06		1.27032		292.721			00:00:19:550		1.30487e+07		-2.91395		4.44668		87.6444		7.06706e+06		52.4859		
00:00:19:449		7.06622e+06		127.111		76.4239		2.94945e+06		1.26178		292.745			00:00:19:449		1.30615e+07		-2.89795		4.33716		89.219		7.06758e+06		53.567		
00:00:19:350		7.0667e+06		127.111		76.4239		2.94945e+06		1.26178		292.767			00:00:19:350		1.30743e+07		-2.88195		4.24754		90.7883		7.06812e+06		54.6394		
00:00:19:250		7.06719e+06		126.776		76.4239		2.94945e+06		1.26178		292.789			00:00:19:250		1.30871e+07		-2.86592		4.16962		92.3625		7.06868e+06		55.7001		
00:00:19:149		7.06771e+06		126.776		75.9968		2.91113e+06		1.25323		292.812			00:00:19:149		1.31e+07		-2.84987		4.07788		93.9215		7.06924e+06		56.7373		
00:00:19:000		7.0685e+06		126.438		75.9968		2.91113e+06		1.25323		292.846			00:00:19:000		1.31192e+07		-2.82575		3.89982		96.2341		7.07013e+06		58.3417		
00:00:18:949		7.06877e+06		126.438		75.5624		2.87198e+06		1.24468		292.857			00:00:18:949		1.31256e+07		-2.81769		3.84129		97.0062		7.07043e+06		58.8938		
00:00:18:850		7.06933e+06		126.438		75.5624		2.87198e+06		1.24468		292.881			00:00:18:850		1.31384e+07		-2.80156		3.74542		98.5712		7.07105e+06		59.953		
00:00:18:750		7.0699e+06		126.097		75.5624		2.87198e+06		1.24468		292.906			00:00:18:750		1.31512e+07		-2.7854		3.67974		100.122		7.07169e+06		61.0544		
00:00:18:649		7.07049e+06		126.097		75.1204		2.83198e+06		1.23611		292.933			00:00:18:649		1.3164e+07		-2.76922		3.60599		101.66		7.07234e+06		62.1438		
00:00:18:550		7.07109e+06		126.097		75.1204		2.83198e+06		1.23611		292.96			00:00:18:550		1.31768e+07		-2.753		3.49574		103.203		7.07301e+06		63.2277		
00:00:18:449		7.07171e+06		125.753		74.6707		2.79113e+06		1.22752		293.002			00:00:18:449		1.3196e+07		-2.72861		3.29872		105.553		7.07404e+06		64.8424		
00:00:18:300		7.07266e+06		125.753		74.6707		2.79113e+06		1.22752		293.031			00:00:18:300		1.32088e+07		-2.71232		3.21404		107.121		7.07475e+06		65.8981		
00:00:18:199		7.07331e+06		125.405		74.2133		2.74942e+06		1.21893		293.061			00:00:18:199		1.32216e+07		-2.69601		3.17434		108.676		7.07547e+06		66.926		
00:00:18:100		7.07398e+06		125.405		74.2133		2.74942e+06		1.21893		293.092			00:00:18:100		1.32344e+07		-2.67967		3.11449		110.245		7.0762e+06		67.9478		
00:00:18:000		7.07467e+06		125.053		74.2133		2.74942e+06		1.21893		293.123			00:00:18:000		1.32472e+07		-2.66331		2.9791		111.843		7.07696e+06		68.9729		
00:00:17:899		7.07536e+06		125.053		73.7482		2.70683e+06		1.21032		293.156			00:00:17:899		1.32601e+07		-2.64695		2.82461		113.462		7.07772e+06		69.9135		
00:00:17:800		7.07608e+06		125.053		73.7482		2.70683e+06		1.21032		293.189			00:00:17:800		1.32729e+07		-2.63058		2.71603		115.058		7.0785e+06		70.867		
00:00:17:699		7.07681e+06		124.698		73.2756		2.6633e+06		1.2017		293.224			00:00:17:699		1.32858e+07		-2.61419		2.71855		116.674		7.07929e+06		71.824		
00:00:17:600		7.07754e+06		124.698		73.2756		2.6633e+06		1.2017		293.26			00:00:17:600		1.32987e+07		-2.59779		2.72261		118.301		7.0801e+06		72.7873		
00:00:17:500		7.0783e+06		124.338		73.2756		2.6633e+06		1.2017		293.296			00:00:17:500		1.33115e+07		-2.58135		2.72644		119.986		7.08092e+06		73.7275		
00:00:17:399		7.07906e+06		124.338		72.7953		2.6188e+06		1.19307		293.334			00:00:17:399		1.33244e+07		-2.56488		2.73058		121.687		7.08175e+06		74.6953		
00:00:17:300		7.07984e+06		124.338		72.7953		2.6188e+06		1.19307		293.374			00:00:17:300		1.33373e+07		-2.54837		2.7346		123.373		7.0826e+06		75.6337		
00:00:17:199		7.08063e+06		123.974		72.3072		2.57328e+06		1.18443		293.414			00:00:17:199		1.33502e+07		-2.53184		2.73874		125.053		7.08346e+06		76.5738		
00:00:17:100		7.08143e+06		123.974		72.3072		2.57328e+06		1.18443		293.456			00:00:17:100		1.3363e+07		-2.51526		2.74264		126.808		7.08433e+06		77.5353		
00:00:17:000		7.08224e+06		123.605		72.3072		2.57328e+06		1.18443		293.5			00:00:17:000		1.33758e+07		-2.49865		2.74664		128.629		7.08521e+06		78.4553		
00:00:16:899		7.08306e+06		123.605		71.8111		2.52671e+06		1.17578		293.544			00:00:16:899		1.33886e+07		-2.48201		2.75066		130.47		7.0861e+06		79.3175		
00:00:16:800		7.08389e+06		123.605		71.8111		2.52671e+06		1.17578		293.59			00:00:16:800		1.34015e+07		-2.46534		2.75475		132.278		7.08699e+06		80.0996		
00:00:16:699		7.08473e+06		123.231		71.3071		2.47914e+06		1.16713		293.638			00:00:16:699		1.34143e+07		-2.44864		2.7589		134.099		7.08789e+06		80.8586		
00:00:16:600		7.08473e+06		123.231		71.3071		2.47914e+06		1.16713		293.638			00:00:16:600		1.34143e+07		-2.44864		2.7589		134.099		7.08789e+06		80.8586		
00:00:16:500		7.08644e+06		122.853		71.3071		2.47914e+06		1.16713		293.739			00:00:16:500		1.34398e+07		-2.41518		2.76716		138.099		7.0897e+06		82.1273		
00:00:16:399		7.08731e+06		122.853		70.7958		2.43061e+06		1.15846		293.792			00:00:16:399		1.34525e+07		-2.39843		2.77135		140.16		7.09062e+06		82.7188		
00:00:16:300		7.08818e+06		122.853		70.7958		2.43061e+06		1.15846		293.848			00:00:16:300		1.34652e+07		-2.38165		2.7756		142.164		7.09154e+06		83.2861		
00:00:16:199		7.08908e+06		122.47		70.2774		2.38129e+06		1.14978		293.907			00:00:16:199		1.34779e+07		-2.36484		2.78		144.202		7.09247e+06		83.9039		
00:00:16:100		7.08998e+06		122.47		70.2774		2.38129e+06		1.14978		293.969			00:00:16:100		1.34905e+07		-2.348		2.78427		146.473		7.09342e+06		84.562		
00:00:16:100		7.08998e+06		122.47		70.2774		2.38129e+06		1.14978		293.969			00:00:16:100		1.34905e+07		-2.348		2.78427		146.473		7.09342e+06		84.562		
00:00:16:000		7.09091e+06		122.083		70.2774		2.38129e+06		1.14978		294.034			00:00:16:000		1.35032e+07		-2.33111		2.78859		148.961		7.0944e+06		85.3426		
00:00:15:800		7.09282e+06		122.083		69.7521		2.33122e+06		1.14108		294.171			00:00:15:800		1.35286e+07		-2.29723		2.79742		154.069		7.09649e+06		88.2098		
00:00:15:800		7.09282e+06		122.083		69.7521		2.33122e+06		1.14108		294.171			00:00:15:800		1.35286e+07		-2.29723		2.79742		154.069		7.09649e+06		88.2098		
00:00:15:699		7.09375e+06		121.692		69.2206		2.28033e+06		1.13236		294.242			00:00:15:699		1.35414e+07		-2.28024		2.80206		157.039		7.09762e+06		90.5926		
00:00:15:500		7.09626e+06		121.298		68.6828		2.22858e+06		1.12365		294.416			00:00:15:500		1.35732e+07		-2.23761		2.81427		171.908		7.10068e+06		96.7319		
00:00:15:500		7.09626e+06		121.298		68.6828		2.22858e+06		1.12365		294.416			00:00:15:500		1.35732e+07		-2.23761		2.81427		171.908		7.10068e+06		96.7319		
00:00:15:400		7.09679e+06		121.298		68.6828		2.22858e+06		1.12365		294.45			00:00:15:400		1.35796e+07		-2.22906		2.81671		177.93		7.10132e+06		97.8222		
00:00:15:300		7.09789e+06		121.298		68.6828		2.22858e+06		1.12365		294.518			00:00:15:300		1.35923e+07		-2.21193		2.82167		197.75		7.10263e+06		99.949		
00:00:15:099		7.10008e+06		120.902		68.1393		2.17605e+06		1.11494		294.653			00:00:15:099		1.36178e+07		-2.17761		2.83156		276.306		7.10526e+06		103.996		
00:00:15:099		7.10008e+06		120.902		68.1393		2.17605e+06		1.11494		294.653			00:00:15:099		1.36178e+07		-2.17761		2.83156		276.306		7.10526e+06		103.996		
00:00:14:949		7.10169e+06		120.503		67.5899		2.12278e+06		1.10623		294.755			00:00:14:949		1.36369e+07		-2.15181		2.83895		337.568		7.10717e+06		106.649		
00:00:14:849		7.10276e+06		120.503		67.5899		2.12278e+06		1.10623		294.822			00:00:14:849		1.36496e+07		-2.13457		2.84396		372.353		7.10842e+06		108.288		
00:00:14:750		7.10382e+06		120.103		67.5899		2.12278e+06		1.10623		294.891			00:00:14:750		1.36624e+07		-2.1173		2.84898		401.617		7.10965e+06		109.843		
00:00:14:650		7.10487e+06		120.103		67.0346		2.06862e+06		1.09752		294.959			00:00:14:650		1.36751e+07		-2.10001		2.85404		425.675		7.11087e+06		111.33		
00:00:14:599		7.10539e+06		120.103		67.0346		2.06862e+06		1.09752		294.994			00:00:14:599		1.36814e+07		-2.09136		2.85653		435.935		7.11148e+06		112.064		
00:00:14:449		7.10695e+06		119.7		66.4737		2.01346e+06		1.08882		295.097			00:00:14:449		1.37006e+07		-2.06539		2.8643		460.477		7.11328e+06		114.151		
00:00:14:349		7.10799e+06		119.7		66.4737		2.01346e+06		1.08882		295.165			00:00:14:349		1.37133e+07		-2.04812		2.86945		471.64		7.11447e+06		115.426		
00:00:14:250		7.10904e+06		119.295		66.4737		2.01346e+06		1.08882		295.234			00:00:14:250		1.3726e+07		-2.03089		2.87468		477.353		7.11565e+06		116.578		
00:00:14:050		7.11118e+06		119.295		65.9076		1.95735e+06		1.0801		295.37			00:00:14:050		1.37513e+07		-1.99657		2.88518		479.242		7.11802e+06		118.646		
00:00:14:050		7.11118e+06		119.295		65.9076		1.95735e+06		1.0801		295.37			00:00:14:050		1.37513e+07		-1.99657		2.88518		479.242		7.11802e+06		118.646		
00:00:13:849		7.11337e+06		118.889		65.3365		1.90047e+06		1.07138		295.505			00:00:13:849		1.37767e+07		-1.96258		2.89589		480.568		7.12039e+06		120.09		
00:00:13:849		7.11337e+06		118.889		65.3365		1.90047e+06		1.07138		295.505			00:00:13:849		1.37767e+07		-1.96258		2.89589		480.568		7.12039e+06		120.09		
00:00:13:750		7.11451e+06		118.48		65.3365		1.90047e+06		1.07138		295.571			00:00:13:750		1.37894e+07		-1.94574		2.90133		481.215		7.12158e+06		120.525		
00:00:13:650		7.11566e+06		118.48		64.7607		1.84273e+06		1.06265		295.636			00:00:13:650		1.38021e+07		-1.929		2.90703		481.858		7.12277e+06		121.016		
00:00:13:550		7.11683e+06		118.48		64.7607		1.84273e+06		1.06265		295.699			00:00:13:550		1.38149e+07		-1.91237		2.91273		482.493		7.12399e+06		121.578		
00:00:13:449		7.118e+06		118.07		64.1809		1.78401e+06		1.05391		295.761			00:00:13:449		1.38277e+07		-1.89585		2.91801		483.125		7.12523e+06		122.266		
00:00:13:349		7.11919e+06		118.07		64.1809		1.78401e+06		1.05391		295.82			00:00:13:349		1.38404e+07		-1.87945		2.92323		483.744		7.1265e+06		123.116		
00:00:13:150		7.1216e+06		117.658		63.5969		1.72443e+06		1.04516		295.935			00:00:13:150		1.3866e+07		-1.84705		2.93429		484.986		7.12913e+06		125.141		
00:00:13:050		7.12281e+06		117.658		63.5969		1.72443e+06		1.04516		295.991			00:00:13:050		1.38789e+07		-1.83108		2.93957		485.602		7.13047e+06		126.239		
00:00:13:050		7.12281e+06		117.658		63.5969		1.72443e+06		1.04516		295.991			00:00:13:050		1.38789e+07		-1.83108		2.93957		485.602		7.13047e+06		126.239		
00:00:12:949		7.12403e+06		117.245		63.0086		1.66398e+06		1.03638		296.047			00:00:12:949		1.38918e+07		-1.81526		2.94478		486.21		7.13182e+06		127.401		
00:00:12:849		7.12526e+06		117.245		63.0086		1.66398e+06		1.03638		296.101			00:00:12:849		1.39047e+07		-1.79961		2.94981		486.813		7.13318e+06		128.615		
00:00:12:750		7.1265e+06		116.83		63.0086		1.66398e+06		1.03638		296.156			00:00:12:750		1.39177e+07		-1.7841		2.95509		487.412		7.13457e+06		129.863		
00:00:12:650		7.12778e+06		116.83		62.4157		1.6024e+06		1.02758		296.21			00:00:12:650		1.39307e+07		-1.76871		2.96024		488.001		7.13598e+06		130.955		
00:00:12:550		7.12908e+06		116.83		62.4157		1.6024e+06		1.02758		296.263			00:00:12:550		1.39438e+07		-1.75342		2.96533		488.586		7.13742e+06		132.166		
00:00:12:449		7.13038e+06		116.413		61.8181		1.5397e+06		1.01873		296.316			00:00:12:449		1.39569e+07		-1.7382		2.97011		489.159		7.13888e+06		133.477		
00:00:12:349		7.13169e+06		116.413		61.8181		1.5397e+06		1.01873		296.367			00:00:12:349		1.39702e+07		-1.72302		2.97552		489.72		7.14035e+06		134.874		
00:00:12:150		7.13435e+06		115.995		61.2153		1.47594e+06		1.00983		296.467			00:00:12:150		1.39972e+07		-1.69267		2.9861		490.804		7.14339e+06		137.995		
00:00:12:150		7.13435e+06		115.995		61.2153		1.47594e+06		1.00983		296.467			00:00:12:150		1.39972e+07		-1.69267		2.9861		490.804		7.14339e+06		137.995		
00:00:12:050		7.1357e+06		115.995		61.2153		1.47594e+06		1.00983		296.513			00:00:12:050		1.4011e+07		-1.67745		2.9912		491.328		7.14496e+06		139.771		
00:00:11:949		7.13706e+06		115.574		60.6077		1.41097e+06		1.00089		296.557			00:00:11:949		1.40251e+07		-1.66215		2.99635		491.836		7.14657e+06		141.706		
00:00:11:849		7.13845e+06		115.574		60.6077		1.41097e+06		1.00089		296.599			00:00:11:849		1.40394e+07		-1.64675		3.00151		492.327		7.14823e+06		143.786		
00:00:11:750		7.13985e+06		115.15		60.6077		1.41097e+06		1.00089		296.639			00:00:11:750		1.40541e+07		-1.63125		3.0067		492.806		7.14993e+06		146.049		
00:00:11:650		7.14128e+06		115.15		59.9955		1.34482e+06		0.9919		296.676			00:00:11:650		1.40693e+07		-1.61562		3.0119		493.271		7.15167e+06		148.434		
00:00:11:550		7.14271e+06		115.15		59.9955		1.34482e+06		0.9919		296.71			00:00:11:550		1.4085e+07		-1.59985		3.01684		493.721		7.15346e+06		151.038		
00:00:11:449		7.14417e+06		114.723		59.3787		1.27747e+06		0.982862		296.743			00:00:11:449		1.4101e+07		-1.58398		3.02202		494.161		7.15529e+06		153.678		
00:00:11:349		7.14566e+06		114.723		59.3787		1.27747e+06		0.982862		296.772			00:00:11:349		1.4117e+07		-1.56802		3.02689		494.587		7.15716e+06		156.315		
00:00:11:150		7.14873e+06		114.293		58.7572		1.20866e+06		0.973777		296.823			00:00:11:150		1.41486e+07		-1.53572		3.0372		495.405		7.161e+06		161.399		
00:00:11:150		7.14873e+06		114.293		58.7572		1.20866e+06		0.973777		296.823			00:00:11:150		1.41486e+07		-1.53572		3.0372		495.405		7.161e+06		161.399		
00:00:11:000		7.15112e+06		113.859		58.7572		1.20866e+06		0.973777		296.856			00:00:11:000		1.41715e+07		-1.51101		3.04535		495.985		7.16394e+06		164.908		
00:00:10:900		7.15276e+06		113.859		58.1313		1.13816e+06		0.964644		296.877			00:00:10:900		1.41859e+07		-1.49422		3.05044		496.354		7.16592e+06		167.054		
00:00:10:849		7.1536e+06		113.859		58.1313		1.13816e+06		0.964644		296.887			00:00:10:849		1.41927e+07		-1.48574		3.0527		496.535		7.16691e+06		168.075		
00:00:10:750		7.15528e+06		113.42		58.1313		1.13816e+06		0.964644		296.907			00:00:10:750		1.42056e+07		-1.46869		3.05717		496.886		7.1689e+06		169.959		
00:00:10:650		7.157e+06		113.42		57.5013		1.06598e+06		0.955465		296.926			00:00:10:650		1.42184e+07		-1.4516		3.06111		497.222		7.1709e+06		171.724		
00:00:10:550		7.15873e+06		113.42		57.5013		1.06598e+06		0.955465		296.944			00:00:10:550		1.42312e+07		-1.43447		3.06522		497.539		7.1729e+06		173.351		
00:00:10:449		7.16049e+06		112.978		56.8673		992020		0.94624		296.96			00:00:10:449		1.42439e+07		-1.4173		3.07051		497.835		7.17491e+06		174.866		
00:00:10:349		7.16226e+06		112.978		56.8673		992020		0.94624		296.975			00:00:10:349		1.42566e+07		-1.40009		3.07428		498.113		7.17691e+06		176.265		
00:00:10:199		7.16491e+06		112.528		56.23		916131		0.936966		296.996			00:00:10:199		1.42756e+07		-1.37419		3.08175		498.497		7.1799e+06		178.39		
00:00:10:099		7.16667e+06		112.528		56.23		916131		0.936966		297.009			00:00:10:099		1.42881e+07		-1.35687		3.08693		498.725		7.1819e+06		179.828		
00:00:10:050		7.16754e+06		112.528		56.23		916131		0.936966		297.016			00:00:10:050		1.42944e+07		-1.34818		3.08932		498.835		7.18289e+06		180.539		
00:00:09:900		7.17015e+06		112.071		55.5895		838529		0.927671		297.039			00:00:09:900		1.43128e+07		-1.32197		3.09675		499.134		7.18588e+06		182.86		
00:00:09:800		7.17186e+06		112.071		55.5895		838529		0.927671		297.058			00:00:09:800		1.43247e+07		-1.30436		3.10164		499.314		7.18786e+06		184.448		
00:00:09:750		7.17354e+06		111.605		54.9458		760448		0.918363		297.079			00:00:09:750		1.43361e+07		-1.28665		3.10672		499.474		7.18982e+06		186.096		
00:00:09:599		7.1752e+06		111.605		54.9458		760448		0.918363		297.103			00:00:09:599		1.43473e+07		-1.26896		3.11175		499.62		7.19177e+06		187.762		
00:00:09:500		7.17681e+06		111.127		54.9458		760448		0.918363		297.131			00:00:09:500		1.43585e+07		-1.25118		3.11629		499.757		7.19369e+06		189.425		
00:00:09:400		7.17839e+06		111.127		54.299		686484		0.909038		297.161			00:00:09:400		1.43696e+07		-1.23336		3.12163		499.876		7.19556e+06		191.053		
00:00:09:300		7.17992e+06		111.127		54.299		686484		0.909038		297.194			00:00:09:300		1.43805e+07		-1.21557		3.12646		499.981		7.19738e+06		192.606		
00:00:09:199		7.1814e+06		110.633		53.6492		633229		0.899689		297.227			00:00:09:199		1.43917e+07		-1.19772		3.13184		500.071		7.19915e+06		194.122		
00:00:09:099		7.18284e+06		110.633		53.6492		633229		0.899689		297.263			00:00:09:099		1.4403e+07		-1.17991		3.13667		500.145		7.20086e+06		195.556		
00:00:09:000		7.18423e+06		110.108		53.6492		633229		0.899689		297.301			00:00:09:000		1.44139e+07		-1.16207		3.1413		500.201		7.20251e+06		196.96		
00:00:08:900		7.18556e+06		110.108		52.9957		594846		0.890313		297.34			00:00:08:900		1.4425e+07		-1.14415		3.14736		500.234		7.2041e+06		198.349		
00:00:08:800		7.18683e+06		110.108		52.9957		594846		0.890313		297.383			00:00:08:800		1.44359e+07		-1.12621		3.15219		500.252		7.20564e+06		199.767		
00:00:08:699		7.18802e+06		109.512		52.3352		554090		0.880905		297.429			00:00:08:699		1.44472e+07		-1.1082		3.15937		500.248		7.20712e+06		201.249		
00:00:08:599		7.18915e+06		109.512		52.3352		554090		0.880905		297.48			00:00:08:599		1.44581e+07		-1.09017		3.16626		500.225		7.20854e+06		202.856		
00:00:08:500		7.19019e+06		109.366		52.3352		554090		0.880905		297.537			00:00:08:500		1.44686e+07		-1.07207		3.17497		500.188		7.20991e+06		204.646		
00:00:08:400		7.19113e+06		109.366		51.6678		513466		0.855954		297.59			00:00:08:400		1.44794e+07		-1.05384		3.05995		500.133		7.21124e+06		206.64		
00:00:08:300		7.19197e+06		109.366		51.6678		513466		0.855954		297.642			00:00:08:300		1.44895e+07		-1.03548		3.35885		500.069		7.2125e+06		208.703		
00:00:08:199		7.19271e+06		109.166		50.9932		472980		0.829992		297.783			00:00:08:199		1.44989e+07		-1.01714		3.20027		499.999		7.21366e+06		210.777		
00:00:08:099		7.19334e+06		109.166		50.9932		472980		0.829992		297.804			00:00:08:099		1.45077e+07		-0.99854		3.20563		499.919		7.21471e+06		212.797		
00:00:08:000		7.19386e+06		108.953		50.9932		472980		0.829992		297.889			00:00:08:000		1.45156e+07		-0.980031		3.21107		499.839		7.21565e+06		214.803		
00:00:07:900		7.19428e+06		108.953		50.3121		432744		0.803908		297.977			00:00:07:900		1.45234e+07		-0.961666		3.21598		499.759		7.21648e+06		216.774		
00:00:07:799		7.19458e+06		108.953		50.3121		432744		0.803908		298.067			00:00:07:799		1.45314e+07		-0.943477		3.22003		499.692		7.21721e+06		218.775		
00:00:07:700		7.19479e+06		108.726		49.6254		392903		0.777696		298.159			00:00:07:700		1.45398e+07		-0.925507		3.22443		499.642		7.21784e+06		220.764		
00:00:07:599		7.19488e+06		108.726		49.6254		392903		0.777696		298.254			00:00:07:599		1.45487e+07		-0.907776		3.22901		499.604		7.21836e+06		222.779		
00:00:07:500		7.19485e+06		108.485		49.6254		392903		0.777696		298.354			00:00:07:500		1.45584e+07		-0.890312		3.2347		499.591		7.21878e+06		224.844		
00:00:07:400		7.19469e+06		108.485		48.9351		353703		0.751349		298.458			00:00:07:400		1.45691e+07		-0.873094		3.24012		499.595		7.21906e+06		226.785		
00:00:07:400		7.19469e+06		108.485		48.9351		353703		0.751349		298.458			00:00:07:400		1.45691e+07		-0.873094		3.24012		499.595		7.21906e+06		226.785		
00:00:07:299		7.1944e+06		108.485		48.9351		353703		0.751349		298.567			00:00:07:299		1.45807e+07		-0.85603		3.24439		499.612		7.21919e+06		228.551		
00:00:07:099		7.19349e+06		108.229		48.2434		315372		0.724859		298.797			00:00:07:099		1.46044e+07		-0.822007		3.25288		499.655		7.219e+06		231.654		
00:00:07:099		7.19349e+06		108.229		48.2434		315372		0.724859		298.797			00:00:07:099		1.46044e+07		-0.822007		3.25288		499.655		7.219e+06		231.654		
00:00:07:000		7.19289e+06		107.96		48.2434		315372		0.724859		298.917			00:00:07:000		1.46161e+07		-0.805034		3.25754		499.663		7.21871e+06		232.987		
00:00:06:900		7.19222e+06		107.96		47.5521		278075		0.698223		299.038			00:00:06:900		1.46278e+07		-0.788079		3.26335		499.653		7.21831e+06		234.053		
00:00:06:799		7.19149e+06		107.96		47.5521		278075		0.698223		299.16			00:00:06:799		1.46395e+07		-0.771156		3.26588		499.64		7.21778e+06		234.789		
00:00:06:599		7.18974e+06		107.676		46.8634		242284		0.671433		299.411			00:00:06:599		1.46627e+07		-0.737406		3.27233		499.616		7.21642e+06		236.763		
00:00:06:599		7.18974e+06		107.676		46.8634		242284		0.671433		299.411			00:00:06:599		1.46627e+07		-0.737406		3.27233		499.616		7.21642e+06		236.763		
00:00:06:500		7.18853e+06		107.378		46.8634		242284		0.671433		299.546			00:00:06:500		1.46742e+07		-0.720586		3.27781		499.616		7.21571e+06		239.369		
00:00:06:400		7.18707e+06		107.378		46.1803		208523		0.64448		299.685			00:00:06:400		1.46857e+07		-0.703803		3.28303		499.64		7.21496e+06		242.35		
00:00:06:299		7.18535e+06		107.378		46.1803		208523		0.64448		299.829			00:00:06:299		1.46971e+07		-0.68706		3.28562		499.7		7.21392e+06		244.953		
00:00:06:049		7.1801e+06		107.065		45.5053		177232		0.617357		300.205			00:00:06:049		1.47255e+07		-0.64545		3.29159		500.055		7.21025e+06		251.411		
00:00:06:049		7.1801e+06		107.065		45.5053		177232		0.617357		300.205			00:00:06:049		1.47255e+07		-0.64545		3.29159		500.055		7.21025e+06		251.411		
00:00:05:900		7.17636e+06		106.738		44.8414		148826		0.590067		300.431			00:00:05:900		1.47424e+07		-0.620636		3.30035		500.427		7.20747e+06		255.116		
00:00:05:799		7.17368e+06		106.738		44.8414		148826		0.590067		300.581			00:00:05:799		1.47537e+07		-0.604166		3.30289		500.762		7.20531e+06		256.773		
00:00:05:700		7.17086e+06		106.398		44.1928		123964		0.562605		300.733			00:00:05:700		1.47649e+07		-0.587763		3.302		501.169		7.20287e+06		258.129		
00:00:05:700		7.17086e+06		106.398		44.1928		123964		0.562605		300.733			00:00:05:700		1.47649e+07		-0.587763		3.302		501.169		7.20287e+06		258.129		
00:00:05:500		7.16456e+06		106.046		44.1928		123964		0.562605		301.056			00:00:05:500		1.47871e+07		-0.555183		3.30582		502.188		7.19729e+06		260.749		
00:00:05:500		7.16456e+06		106.046		44.1928		123964		0.562605		301.056			00:00:05:500		1.47871e+07		-0.555183		3.30582		502.188		7.19729e+06		260.749		
00:00:05:299		7.1576e+06		106.046		43.5637		102416		0.534956		301.394			00:00:05:299		1.48092e+07		-0.522897		3.31837		503.446		7.19094e+06		262.881		
00:00:05:299		7.1576e+06		106.046		43.5637		102416		0.534956		301.394			00:00:05:299		1.48092e+07		-0.522897		3.31837		503.446		7.19094e+06		262.881		
00:00:05:049		7.14834e+06		105.682		42.958		83577.5		0.507118		301.832			00:00:05:049		1.48366e+07		-0.483002		3.31166		505.225		7.18207e+06		263.759		
00:00:05:049		7.14834e+06		105.682		42.958		83577.5		0.507118		301.832			00:00:05:049		1.48366e+07		-0.483002		3.31166		505.225		7.18207e+06		263.759		
00:00:04:950		7.14449e+06		105.333		42.3798		67416.8		0.479083		302.018			00:00:04:950		1.48475e+07		-0.467207		3.32321		505.967		7.17817e+06		263.367		
00:00:04:849		7.1405e+06		105.333		42.3798		67416.8		0.479083		302.211			00:00:04:849		1.48583e+07		-0.451519		3.33618		506.711		7.17411e+06		263.066		
00:00:04:750		7.13636e+06		104.965		42.3798		67416.8		0.479083		302.409			00:00:04:750		1.48692e+07		-0.435938		3.33682		507.447		7.16997e+06		262.977		
00:00:04:650		7.13204e+06		104.965		41.8317		53709.5		0.450854		302.606			00:00:04:650		1.48801e+07		-0.420458		3.32317		508.185		7.16568e+06		262.984		
00:00:04:549		7.1275e+06		104.965		41.8317		53709.5		0.450854		302.803			00:00:04:549		1.4891e+07		-0.40507		3.30696		508.931		7.16122e+06		263.243		
00:00:04:450		7.12274e+06		104.582		41.3207		42215.1		0.42242		302.994			00:00:04:450		1.49019e+07		-0.389798		3.32355		509.71		7.15662e+06		263.88		
00:00:04:349		7.11772e+06		104.582		41.3207		42215.1		0.42242		303.193			00:00:04:349		1.49129e+07		-0.374644		3.34877		510.539		7.15187e+06		264.878		
00:00:04:150		7.107e+06		104.185		40.8552		32699		0.393762		303.618			00:00:04:150		1.49349e+07		-0.344719		3.32668		512.482		7.14189e+06		267.583		
00:00:04:049		7.10126e+06		104.185		40.8552		32699		0.393762		303.832			00:00:04:049		1.49461e+07		-0.329955		3.30283		513.664		7.13654e+06		268.687		
00:00:04:049		7.10126e+06		104.185		40.8552		32699		0.393762		303.832			00:00:04:049		1.49461e+07		-0.329955		3.30283		513.664		7.13654e+06		268.687		
00:00:03:950		7.09526e+06		103.777		40.4424		24655.4		0.36487		304.055			00:00:03:950		1.49574e+07		-0.315314		3.31621		515.032		7.13083e+06		269.423		
00:00:03:850		7.08901e+06		103.777		40.4424		24655.4		0.36487		304.29			00:00:03:850		1.49689e+07		-0.300776		3.36484		516.597		7.12477e+06		269.798		
00:00:03:750		7.08252e+06		103.363		40.4424		24655.4		0.36487		304.534			00:00:03:750		1.49806e+07		-0.286361		3.39015		518.361		7.11839e+06		269.872		
00:00:03:649		7.0758e+06		103.363		40.0814		17624.7		0.335731		304.78			00:00:03:649		1.49925e+07		-0.272078		3.34014		520.297		7.11172e+06		269.719		
00:00:03:549		7.06888e+06		103.363		40.0814		17624.7		0.335731		305.032			00:00:03:549		1.50048e+07		-0.257926		3.27899		522.381		7.10476e+06		269.226		
00:00:03:450		7.06186e+06		102.977		39.7497		11633.4		0.306338		305.287			00:00:03:450		1.50173e+07		-0.243869		3.27422		524.576		7.09752e+06		267.896		
00:00:03:350		7.05502e+06		102.977		39.7497		11633.4		0.306338		305.545			00:00:03:350		1.50303e+07		-0.229885		3.36393		526.831		7.09e+06		264.492		
00:00:03:149		7.04296e+06		102.584		39.4159		7012.46		0.276693		306.066			00:00:03:149		1.50564e+07		-0.201674		3.3544		531.142		7.07416e+06		246.595		
00:00:03:049		7.03636e+06		102.584		39.4159		7012.46		0.276693		306.324			00:00:03:049		1.50673e+07		-0.187173		3.22275		532.99		7.0655e+06		236.961		
00:00:03:049		7.03636e+06		102.584		39.4159		7012.46		0.276693		306.324			00:00:03:049		1.50673e+07		-0.187173		3.22275		532.99		7.0655e+06		236.961		
00:00:02:950		7.02922e+06		102.184		39.0464		3765.45		0.246803		306.578			00:00:02:950		1.50763e+07		-0.172693		3.15832		534.459		7.05623e+06		226.812		
00:00:02:850		7.02151e+06		102.184		39.0464		3765.45		0.246803		306.828			00:00:02:850		1.50851e+07		-0.158318		3.33724		535.397		7.04645e+06		216.814		
00:00:02:750		7.01322e+06		101.776		39.0464		3765.45		0.246803		307.073			00:00:02:750		1.50937e+07		-0.144037		3.52027		535.69		7.03624e+06		207.265		
00:00:02:649		7.00446e+06		101.776		38.6359		1628.13		0.216682		307.311			00:00:02:649		1.51021e+07		-0.129855		3.7037		535.282		7.02573e+06		198.377		
00:00:02:549		6.99538e+06		101.776		38.6359		1628.13		0.216682		307.543			00:00:02:549		1.51104e+07		-0.115762		3.8861		534.193		7.01504e+06		189.909		
00:00:02:450		6.98624e+06		101.419		38.1513		489.136		0.18636		307.76			00:00:02:450		1.51186e+07		-0.101752		4.06728		532.675		7.00437e+06		181.69		
00:00:02:350		6.9774e+06		101.419		38.1513		489.136		0.18636		307.962			00:00:02:350		1.51267e+07		-0.0878253		4.24543		531.228		6.99399e+06		173.452		
00:00:02:250		6.96913e+06		101.059		38.1513		489.136		0.18636		308.149			00:00:02:250		1.51347e+07		-0.0739775		4.39199		530.263		6.98434e+06		166.443		
00:00:02:100		6.95676e+06		101.059		37.6438		73.5159		0.155869		308.404			00:00:02:100		1.51471e+07		-0.0532703		4.18011		529.744		6.97266e+06		179.878		
00:00:02:000		6.94079e+06		100.7		37.6438		73.5159		0.155869		308.559			00:00:02:000		1.51558e+07		-0.0394921		3.96245		529.807		6.96787e+06		256.864		
00:00:01:899		6.90402e+06		100.7		37.1712		0		0.125242		308.701			00:00:01:899		1.51648e+07		-0.0257182		3.74683		529.973		6.96556e+06		417.855		
00:00:01:800		6.86546e+06		100.7		37.1712		0		0.125242		308.814			00:00:01:800		1.51745e+07		-0.0119123		3.53803		530.101		6.96456e+06		468.935		
00:00:01:699		6.84171e+06		100.348		36.7927		0		0.0944773		308.881			00:00:01:699		1.51849e+07		0.00195217		3.33841		530.164		6.96432e+06		513.388		
00:00:01:600		6.82646e+06		100.348		36.7927		0		0.0944773		308.901			00:00:01:600		1.51963e+07		0.0159235		3.16126		530.206		6.96438e+06		544.625		
00:00:01:500		6.82425e+06		99.9999		36.7927		0		0.0944773		308.881			00:00:01:500		1.52087e+07		0.0300517		3.08084		530.23		6.96439e+06		536.922		
00:00:01:399		6.82764e+06		99.9999		36.5602		0		0.0635482		308.827			00:00:01:399		1.52224e+07		0.0443802		3.20178		530.241		6.96435e+06		531.15		
00:00:01:300		6.82974e+06		99.9999		36.5602		0		0.0635482		308.75			00:00:01:300		1.52372e+07		0.0590019		3.37241		530.241		6.96434e+06		528.427		
00:00:01:100		6.83045e+06		99.7437		36.3896		0		0.0324668		308.578			00:00:01:100		1.5272e+07		0.0902591		3.75533		530.23		6.96446e+06		527.375		
00:00:01:100		6.83045e+06		99.7437		36.3896		0		0.0324668		308.578			00:00:01:100		1.5272e+07		0.0902591		3.75533		530.23		6.96446e+06		527.375		
00:00:01:000		6.83075e+06		99.5044		36.3896		0		0.0324668		308.522			00:00:01:000		1.52941e+07		0.108064		4.19427		530.219		6.96458e+06		527.059		
00:00:00:900		6.83097e+06		99.5044		36.3828		0		0		308.555			00:00:00:900		1.53232e+07		0.127707		4.56683		530.206		6.96468e+06		526.863		
00:00:00:800		6.8311e+06		99.5044		36.3828		0		0		308.779			00:00:00:800		1.53648e+07		0.147255		4.42993		530.204		6.96476e+06		526.774		
00:00:00:699		6.83116e+06		100.069		36.3831		0		0		309.026			00:00:00:699		1.54155e+07		0.162261		4.4021		530.204		6.96482e+06		526.794		
00:00:00:650		6.83117e+06		100.069		36.3831		0		0		309.175			00:00:00:650		1.54386e+07		0.168134		4.21587		530.206		6.96484e+06		526.816		
00:00:00:500		6.83117e+06		100.069		36.3831		0		0		309.846			00:00:00:500		1.54786e+07		0.172839		2.83569		530.21		6.96485e+06		526.824		
00:00:00:400		6.83117e+06		100.069		36.3834		0		0		309.846			00:00:00:400		1.54786e+07		0.17284		2.83568		530.214		6.96485e+06		526.823		
00:00:00:299		6.83117e+06		100.069		36.3834		0		0		309.846			00:00:00:299		1.54786e+07		0.17284		2.83568		530.216		6.96485e+06		526.81		
00:00:00:200		6.83116e+06		100.069		36.3837		0		0		309.846			00:00:00:200		1.54785e+07		0.17284		2.83568		530.219		6.96484e+06		526.821		
00:00:00:100		6.83115e+06		100.069		36.3837		0		0		309.846			00:00:00:100		1.54785e+07		0.17284		2.83572		530.221		6.96484e+06		526.828		
00:00:00:000		6.83115e+06		100.069		36.3837		0		0		309.846			00:00:00:000		1.54785e+07		0.17284		2.83571		530.225		6.96483e+06		526.826		
00:00:00:000		6.83115e+06		100.069		36.3837		0		0		309.846			00:00:00:000		1.54785e+07		0.17284		2.83571		530.225		6.96483e+06		526.826		
00:00:00:000		6.83115e+06		100.069		36.3837		0		0		309.846			00:00:00:000		1.54785e+07		0.17284		2.83571		530.225		6.96483e+06		526.826		
00:00:00:000		6.83115e+06		100.069		36.3837		0		0		309.846			00:00:00:000		1.54785e+07		0.17284		2.83571		530.225		6.96483e+06		526.826		
00:00:00:000		6.83115e+06		100.069		36.3837		0		0		309.846			00:00:00:000		1.54785e+07		0.17284		2.83571		530.225		6.96483e+06		526.826		
00:00:00:000		6.83115e+06		100.069		36.3837		0		0		309.846			00:00:00:000		1.54785e+07		0.17284		2.83571		530.225		6.96483e+06		526.826		
00:00:00:000		6.83115e+06		100.069		36.3837		0		0		309.846			00:00:00:000		1.54785e+07		0.17284		2.83571		530.225		6.96483e+06		526.826		
