	time 		rcpppzr	rcp054rcp007mnzoyout	rcv501std0102fvol	fwfrcp001gv	rcppmssga	msfsg(1)			time 		gpv001pnt10113ppntm	evf507ety101mpzoyout	chtcon(1)	chavg(1)	chlhsumpa	rcptavgn	
00:01:12:400		1.28483e+07		-3.70438		0		0		5.85783e+06		281.807			00:01:12:400		6.64675e+06		224.363		156.576		0		1.15358		284.175		
00:01:12:299		1.28498e+07		-3.70194		0		0		5.86067e+06		281.939			00:01:12:299		6.64685e+06		224.363		156.576		0		1.15358		284.186		
00:01:12:200		1.28512e+07		-3.69949		0		0		5.86351e+06		282.073			00:01:12:200		6.64694e+06		223.983		156.441		0		1.15002		284.198		
00:01:12:099		1.28526e+07		-3.69705		0		0		5.86637e+06		282.207			00:01:12:099		6.64704e+06		223.983		156.441		0		1.15002		284.21		
00:01:12:000		1.28541e+07		-3.69462		0		0		5.86923e+06		282.342			00:01:12:000		6.64713e+06		223.602		156.441		0		1.15002		284.221		
00:01:11:900		1.28555e+07		-3.6922		0		0		5.8721e+06		282.478			00:01:11:900		6.64723e+06		223.602		156.305		0		1.14645		284.233		
00:01:11:849		1.28562e+07		-3.69099		0		0		5.87353e+06		282.547			00:01:11:849		6.64728e+06		223.602		156.305		0		1.14645		284.239		
00:01:11:650		1.2859e+07		-3.68616		0		0		5.8793e+06		282.819			00:01:11:650		6.64747e+06		223.221		156.17		0		1.14288		284.262		
00:01:11:650		1.2859e+07		-3.68616		0		0		5.8793e+06		282.819			00:01:11:650		6.64747e+06		223.221		156.17		0		1.14288		284.262		
00:01:11:549		1.28604e+07		-3.68375		0		0		5.88219e+06		282.955			00:01:11:549		6.64757e+06		223.221		156.17		0		1.14288		284.274		
00:01:11:450		1.28618e+07		-3.68135		0		0		5.88509e+06		283.09			00:01:11:450		6.64766e+06		222.839		156.033		0		1.13931		284.285		
00:01:11:349		1.28632e+07		-3.67895		0		0		5.88799e+06		283.226			00:01:11:349		6.64776e+06		222.839		156.033		0		1.13931		284.297		
00:01:11:250		1.28646e+07		-3.67655		0		0		5.89091e+06		283.359			00:01:11:250		6.64785e+06		222.457		156.033		0		1.13931		284.308		
00:01:11:150		1.2866e+07		-3.67415		0		0		5.89383e+06		283.494			00:01:11:150		6.64795e+06		222.457		155.897		0		1.13573		284.32		
00:01:11:000		1.28681e+07		-3.67057		0		0		5.89824e+06		283.702			00:01:11:000		6.64809e+06		222.074		155.897		0		1.13573		284.337		
00:01:10:900		1.28695e+07		-3.66818		0		0		5.90119e+06		283.842			00:01:10:900		6.64819e+06		222.074		155.76		0		1.13214		284.349		
00:01:10:700		1.28723e+07		-3.66341		0		0		5.90712e+06		284.124			00:01:10:700		6.64838e+06		221.691		155.623		0		1.12856		284.372		
00:01:10:599		1.28736e+07		-3.66103		0		0		5.91009e+06		284.264			00:01:10:599		6.64848e+06		221.691		155.623		0		1.12856		284.383		
00:01:10:599		1.28736e+07		-3.66103		0		0		5.91009e+06		284.264			00:01:10:599		6.64848e+06		221.691		155.623		0		1.12856		284.383		
00:01:10:500		1.2875e+07		-3.65865		0		0		5.91306e+06		284.405			00:01:10:500		6.64857e+06		221.307		155.623		0		1.12856		284.394		
00:01:10:400		1.28764e+07		-3.65628		0		0		5.91605e+06		284.546			00:01:10:400		6.64867e+06		221.307		155.485		0		1.12496		284.406		
00:01:10:299		1.28777e+07		-3.65391		0		0		5.91903e+06		284.686			00:01:10:299		6.64877e+06		221.307		155.485		0		1.12496		284.417		
00:01:10:200		1.28791e+07		-3.65154		0		0		5.92203e+06		284.828			00:01:10:200		6.64886e+06		220.923		155.347		0		1.12137		284.428		
00:01:10:099		1.28805e+07		-3.64918		0		0		5.92504e+06		284.971			00:01:10:099		6.64896e+06		220.923		155.347		0		1.12137		284.44		
00:01:10:099		1.28805e+07		-3.64918		0		0		5.92504e+06		284.971			00:01:10:099		6.64896e+06		220.923		155.347		0		1.12137		284.44		
00:01:09:900		1.28832e+07		-3.64446		0		0		5.93106e+06		285.255			00:01:09:900		6.64915e+06		220.538		155.209		0		1.11776		284.462		
00:01:09:799		1.28845e+07		-3.64211		0		0		5.93408e+06		285.397			00:01:09:799		6.64925e+06		220.538		155.209		0		1.11776		284.474		
00:01:09:799		1.28845e+07		-3.64211		0		0		5.93408e+06		285.397			00:01:09:799		6.64925e+06		220.538		155.209		0		1.11776		284.474		
00:01:09:599		1.28872e+07		-3.63742		0		0		5.94015e+06		285.684			00:01:09:599		6.64944e+06		220.153		155.07		0		1.11416		284.496		
00:01:09:599		1.28872e+07		-3.63742		0		0		5.94015e+06		285.684			00:01:09:599		6.64944e+06		220.153		155.07		0		1.11416		284.496		
00:01:09:400		1.289e+07		-3.63275		0		0		5.94625e+06		285.971			00:01:09:400		6.64963e+06		219.768		154.931		0		1.11055		284.518		
00:01:09:299		1.28913e+07		-3.63041		0		0		5.94931e+06		286.114			00:01:09:299		6.64973e+06		219.768		154.931		0		1.11055		284.529		
00:01:09:200		1.28926e+07		-3.62808		0		0		5.95238e+06		286.258			00:01:09:200		6.64982e+06		219.382		154.791		0		1.10693		284.54		
00:01:09:099		1.2894e+07		-3.62575		0		0		5.95546e+06		286.403			00:01:09:099		6.64992e+06		219.382		154.791		0		1.10693		284.552		
00:01:09:000		1.28953e+07		-3.62341		0		0		5.95855e+06		286.547			00:01:09:000		6.65001e+06		218.995		154.791		0		1.10693		284.563		
00:01:08:900		1.28967e+07		-3.62108		0		0		5.96164e+06		286.693			00:01:08:900		6.65011e+06		218.995		154.651		0		1.10331		284.574		
00:01:08:700		1.28994e+07		-3.61639		0		0		5.96785e+06		286.985			00:01:08:700		6.6503e+06		218.608		154.51		0		1.09968		284.596		
00:01:08:599		1.29007e+07		-3.61404		0		0		5.97097e+06		287.132			00:01:08:599		6.6504e+06		218.608		154.51		0		1.09968		284.607		
00:01:08:599		1.29007e+07		-3.61404		0		0		5.97097e+06		287.132			00:01:08:599		6.6504e+06		218.608		154.51		0		1.09968		284.607		
00:01:08:599		1.29007e+07		-3.61404		0		0		5.97097e+06		287.132			00:01:08:599		6.6504e+06		218.608		154.51		0		1.09968		284.607		
00:01:08:500		1.2902e+07		-3.61168		0		0		5.9741e+06		287.279			00:01:08:500		6.65049e+06		218.22		154.51		0		1.09968		284.617		
00:01:08:400		1.29034e+07		-3.60932		0		0		5.97723e+06		287.425			00:01:08:400		6.65059e+06		218.22		154.37		0		1.09605		284.628		
00:01:08:200		1.2906e+07		-3.60459		0		0		5.98353e+06		287.719			00:01:08:200		6.65078e+06		217.832		154.228		0		1.09242		284.65		
00:01:08:049		1.2908e+07		-3.60105		0		0		5.98827e+06		287.94			00:01:08:049		6.65093e+06		217.832		154.228		0		1.09242		284.666		
00:01:08:049		1.2908e+07		-3.60105		0		0		5.98827e+06		287.94			00:01:08:049		6.65093e+06		217.832		154.228		0		1.09242		284.666		
00:01:07:950		1.29094e+07		-3.59868		0		0		5.99144e+06		288.088			00:01:07:950		6.65102e+06		217.443		154.086		0		1.08877		284.677		
00:01:07:849		1.29107e+07		-3.59632		0		0		5.99463e+06		288.235			00:01:07:849		6.65112e+06		217.443		154.086		0		1.08877		284.688		
00:01:07:750		1.2912e+07		-3.59397		0		0		5.99783e+06		288.383			00:01:07:750		6.65121e+06		217.054		154.086		0		1.08877		284.698		
00:01:07:650		1.29133e+07		-3.59161		0		0		6.00103e+06		288.531			00:01:07:650		6.65131e+06		217.054		153.944		0		1.08513		284.709		
00:01:07:549		1.29147e+07		-3.58926		0		0		6.00425e+06		288.68			00:01:07:549		6.65141e+06		217.054		153.944		0		1.08513		284.72		
00:01:07:450		1.2916e+07		-3.58692		0		0		6.00748e+06		288.83			00:01:07:450		6.6515e+06		216.664		153.802		0		1.08148		284.731		
00:01:07:250		1.29186e+07		-3.58224		0		0		6.01398e+06		289.134			00:01:07:250		6.65169e+06		216.274		153.802		0		1.08148		284.752		
00:01:07:250		1.29186e+07		-3.58224		0		0		6.01398e+06		289.134			00:01:07:250		6.65169e+06		216.274		153.802		0		1.08148		284.752		
00:01:07:150		1.29199e+07		-3.57991		0		0		6.01724e+06		289.288			00:01:07:150		6.65179e+06		216.274		153.659		0		1.07782		284.763		
00:01:07:049		1.29212e+07		-3.57758		0		0		6.02051e+06		289.44			00:01:07:049		6.65189e+06		216.274		153.659		0		1.07782		284.773		
00:01:06:950		1.29225e+07		-3.57526		0		0		6.02379e+06		289.592			00:01:06:950		6.65198e+06		215.883		153.516		0		1.07416		284.784		
00:01:06:849		1.29238e+07		-3.57294		0		0		6.02708e+06		289.747			00:01:06:849		6.65208e+06		215.883		153.516		0		1.07416		284.795		
00:01:06:750		1.29251e+07		-3.57063		0		0		6.03038e+06		289.902			00:01:06:750		6.65217e+06		215.492		153.516		0		1.07416		284.805		
00:01:06:650		1.29264e+07		-3.56832		0		0		6.03369e+06		290.057			00:01:06:650		6.65227e+06		215.492		153.373		0		1.0705		284.816		
00:01:06:549		1.29277e+07		-3.56601		0		0		6.03701e+06		290.215			00:01:06:549		6.65237e+06		215.492		153.373		0		1.0705		284.827		
00:01:06:450		1.29289e+07		-3.5637		0		0		6.04034e+06		290.373			00:01:06:450		6.65246e+06		215.1		153.23		0		1.06682		284.837		
00:01:06:349		1.29302e+07		-3.56139		0		0		6.04368e+06		290.531			00:01:06:349		6.65256e+06		215.1		153.23		0		1.06682		284.848		
00:01:06:250		1.29315e+07		-3.55909		0		0		6.04702e+06		290.687			00:01:06:250		6.65265e+06		214.707		153.23		0		1.06682		284.858		
00:01:06:150		1.29328e+07		-3.55678		0		0		6.05036e+06		290.844			00:01:06:150		6.65275e+06		214.707		153.086		0		1.06315		284.869		
00:01:06:049		1.2934e+07		-3.55448		0		0		6.05372e+06		291.002			00:01:06:049		6.65285e+06		214.707		153.086		0		1.06315		284.88		
00:01:05:950		1.29353e+07		-3.55218		0		0		6.05708e+06		291.16			00:01:05:950		6.65294e+06		214.314		152.943		0		1.05947		284.89		
00:01:05:849		1.29366e+07		-3.54988		0		0		6.06046e+06		291.319			00:01:05:849		6.65304e+06		214.314		152.943		0		1.05947		284.901		
00:01:05:750		1.29379e+07		-3.54758		0		0		6.06384e+06		291.477			00:01:05:750		6.65313e+06		213.921		152.943		0		1.05947		284.911		
00:01:05:650		1.29391e+07		-3.54528		0		0		6.06723e+06		291.636			00:01:05:650		6.65323e+06		213.921		152.799		0		1.05578		284.922		
00:01:05:549		1.29404e+07		-3.54298		0		0		6.07063e+06		291.796			00:01:05:549		6.65333e+06		213.921		152.799		0		1.05578		284.932		
00:01:05:450		1.29417e+07		-3.54068		0		0		6.07404e+06		291.956			00:01:05:450		6.65342e+06		213.526		152.655		0		1.05209		284.943		
00:01:05:349		1.2943e+07		-3.53838		0		0		6.07746e+06		292.117			00:01:05:349		6.65353e+06		213.526		152.655		0		1.05209		284.953		
00:01:05:250		1.29442e+07		-3.53608		0		0		6.08088e+06		292.278			00:01:05:250		6.65362e+06		213.132		152.655		0		1.05209		284.964		
00:01:05:150		1.29455e+07		-3.53379		0		0		6.08432e+06		292.439			00:01:05:150		6.65372e+06		213.132		152.51		0		1.04839		284.974		
00:01:05:049		1.29468e+07		-3.53149		0		0		6.08776e+06		292.601			00:01:05:049		6.65382e+06		213.132		152.51		0		1.04839		284.984		
00:01:04:950		1.2948e+07		-3.5292		0		0		6.09122e+06		292.763			00:01:04:950		6.65393e+06		212.736		152.366		0		1.04469		284.995		
00:01:04:849		1.29493e+07		-3.5269		0		0		6.09468e+06		292.926			00:01:04:849		6.65402e+06		212.736		152.366		0		1.04469		285.005		
00:01:04:750		1.29506e+07		-3.52461		0		0		6.09814e+06		293.088			00:01:04:750		6.65412e+06		212.341		152.366		0		1.04469		285.016		
00:01:04:650		1.29518e+07		-3.52232		0		0		6.10162e+06		293.253			00:01:04:650		6.65423e+06		212.341		152.221		0		1.04098		285.026		
00:01:04:549		1.29531e+07		-3.52002		0		0		6.10511e+06		293.419			00:01:04:549		6.65433e+06		212.341		152.221		0		1.04098		285.036		
00:01:04:450		1.29544e+07		-3.51773		0		0		6.10861e+06		293.584			00:01:04:450		6.65442e+06		211.944		152.076		0		1.03727		285.047		
00:01:04:349		1.29556e+07		-3.51544		0		0		6.11212e+06		293.751			00:01:04:349		6.65452e+06		211.944		152.076		0		1.03727		285.057		
00:01:04:250		1.29569e+07		-3.51315		0		0		6.11563e+06		293.917			00:01:04:250		6.65462e+06		211.547		152.076		0		1.03727		285.067		
00:01:04:099		1.29588e+07		-3.50971		0		0		6.12092e+06		294.168			00:01:04:099		6.65477e+06		211.547		151.931		0		1.03355		285.083		
00:01:04:000		1.29601e+07		-3.50742		0		0		6.12446e+06		294.336			00:01:04:000		6.65487e+06		211.15		151.931		0		1.03355		285.093		
00:01:03:899		1.29613e+07		-3.50513		0		0		6.12801e+06		294.504			00:01:03:899		6.65497e+06		211.15		151.785		0		1.02982		285.103		
00:01:03:799		1.29626e+07		-3.50284		0		0		6.13156e+06		294.672			00:01:03:799		6.65507e+06		211.15		151.785		0		1.02982		285.114		
00:01:03:700		1.29638e+07		-3.50055		0		0		6.13513e+06		294.842			00:01:03:700		6.65516e+06		210.752		151.64		0		1.02609		285.124		
00:01:03:600		1.29651e+07		-3.49826		0		0		6.13871e+06		295.011			00:01:03:600		6.65526e+06		210.752		151.64		0		1.02609		285.134		
00:01:03:500		1.29664e+07		-3.49597		0		0		6.14229e+06		295.18			00:01:03:500		6.65536e+06		210.353		151.64		0		1.02609		285.145		
00:01:03:399		1.29676e+07		-3.49368		0		0		6.14589e+06		295.35			00:01:03:399		6.65545e+06		210.353		151.494		0		1.02236		285.155		
00:01:03:299		1.29689e+07		-3.49139		0		0		6.14949e+06		295.521			00:01:03:299		6.65555e+06		210.353		151.494		0		1.02236		285.165		
00:01:03:200		1.29702e+07		-3.48909		0		0		6.15311e+06		295.691			00:01:03:200		6.65565e+06		209.954		151.348		0		1.01861		285.175		
00:01:03:100		1.29714e+07		-3.48681		0		0		6.15673e+06		295.862			00:01:03:100		6.65575e+06		209.954		151.348		0		1.01861		285.186		
00:01:03:000		1.29727e+07		-3.48452		0		0		6.16037e+06		296.033			00:01:03:000		6.65584e+06		209.554		151.348		0		1.01861		285.196		
00:01:02:899		1.29739e+07		-3.48223		0		0		6.16402e+06		296.204			00:01:02:899		6.65594e+06		209.554		151.201		0		1.01487		285.206		
00:01:02:850		1.29746e+07		-3.48108		0		0		6.16584e+06		296.29			00:01:02:850		6.65599e+06		209.554		151.201		0		1.01487		285.211		
00:01:02:600		1.29778e+07		-3.47535		0		0		6.17503e+06		296.722			00:01:02:600		6.65624e+06		209.153		151.055		0		1.01111		285.237		
00:01:02:600		1.29778e+07		-3.47535		0		0		6.17503e+06		296.722			00:01:02:600		6.65624e+06		209.153		151.055		0		1.01111		285.237		
00:01:02:500		1.2979e+07		-3.47306		0		0		6.17872e+06		296.895			00:01:02:500		6.65635e+06		208.752		151.055		0		1.01111		285.247		
00:01:02:399		1.29803e+07		-3.47077		0		0		6.18243e+06		297.069			00:01:02:399		6.65645e+06		208.752		150.908		0		1.00736		285.257		
00:01:02:299		1.29816e+07		-3.46847		0		0		6.18614e+06		297.242			00:01:02:299		6.65655e+06		208.752		150.908		0		1.00736		285.268		
00:01:02:200		1.29829e+07		-3.46618		0		0		6.18987e+06		297.414			00:01:02:200		6.65666e+06		208.351		150.761		0		1.00359		285.278		
00:01:02:100		1.29841e+07		-3.46388		0		0		6.19362e+06		297.591			00:01:02:100		6.65676e+06		208.351		150.761		0		1.00359		285.288		
00:01:02:000		1.29854e+07		-3.46158		0		0		6.19738e+06		297.77			00:01:02:000		6.65687e+06		207.948		150.761		0		1.00359		285.298		
00:01:01:899		1.29867e+07		-3.45928		0		0		6.20114e+06		297.948			00:01:01:899		6.65698e+06		207.948		150.614		0		0.99982		285.309		
00:01:01:799		1.2988e+07		-3.45698		0		0		6.20492e+06		298.129			00:01:01:799		6.65708e+06		207.948		150.614		0		0.99982		285.319		
00:01:01:700		1.29892e+07		-3.45468		0		0		6.20871e+06		298.311			00:01:01:700		6.65718e+06		207.545		150.466		0		0.996043		285.329		
00:01:01:600		1.29905e+07		-3.45238		0		0		6.21251e+06		298.493			00:01:01:600		6.65728e+06		207.545		150.466		0		0.996043		285.339		
00:01:01:600		1.29905e+07		-3.45238		0		0		6.21251e+06		298.493			00:01:01:600		6.65728e+06		207.545		150.466		0		0.996043		285.339		
00:01:01:399		1.29931e+07		-3.44777		0		0		6.22012e+06		298.854			00:01:01:399		6.65747e+06		207.142		150.319		0		0.992261		285.36		
00:01:01:299		1.29944e+07		-3.44546		0		0		6.22394e+06		299.036			00:01:01:299		6.65757e+06		207.142		150.319		0		0.992261		285.37		
00:01:01:299		1.29944e+07		-3.44546		0		0		6.22394e+06		299.036			00:01:01:299		6.65757e+06		207.142		150.319		0		0.992261		285.37		
00:01:01:200		1.29957e+07		-3.44315		0		0		6.22777e+06		299.217			00:01:01:200		6.65767e+06		206.737		150.171		0		0.988472		285.381		
00:01:01:100		1.2997e+07		-3.44084		0		0		6.23161e+06		299.4			00:01:01:100		6.65777e+06		206.737		150.171		0		0.988472		285.391		
00:01:01:000		1.29982e+07		-3.43853		0		0		6.23545e+06		299.582			00:01:01:000		6.65786e+06		206.332		150.171		0		0.988472		285.401		
00:01:00:899		1.29995e+07		-3.43622		0		0		6.23931e+06		299.766			00:01:00:899		6.65796e+06		206.332		150.022		0		0.984677		285.412		
00:01:00:799		1.30008e+07		-3.43391		0		0		6.24318e+06		299.95			00:01:00:799		6.65806e+06		206.332		150.022		0		0.984677		285.422		
00:01:00:600		1.30034e+07		-3.42927		0		0		6.25094e+06		300.318			00:01:00:600		6.65826e+06		205.927		149.873		0		0.980877		285.443		
00:01:00:500		1.30047e+07		-3.42695		0		0		6.25483e+06		300.504			00:01:00:500		6.65835e+06		205.521		149.873		0		0.980877		285.453		
00:01:00:399		1.3006e+07		-3.42463		0		0		6.25874e+06		300.688			00:01:00:399		6.65845e+06		205.521		149.724		0		0.97707		285.464		
00:01:00:299		1.30073e+07		-3.4223		0		0		6.26265e+06		300.873			00:01:00:299		6.65855e+06		205.521		149.724		0		0.97707		285.474		
00:01:00:200		1.30086e+07		-3.41997		0		0		6.26657e+06		301.06			00:01:00:200		6.65865e+06		205.114		149.574		0		0.973257		285.485		
00:01:00:100		1.30099e+07		-3.41764		0		0		6.2705e+06		301.248			00:01:00:100		6.65875e+06		205.114		149.574		0		0.973257		285.495		
00:01:00:100		1.30099e+07		-3.41764		0		0		6.2705e+06		301.248			00:01:00:100		6.65875e+06		205.114		149.574		0		0.973257		285.495		
00:01:00:000		1.30112e+07		-3.41531		0		0		6.27444e+06		301.437			00:01:00:000		6.65884e+06		204.706		149.574		0		0.973257		285.506		
00:00:59:750		1.30145e+07		-3.40948		0		0		6.28433e+06		301.904			00:00:59:750		6.65909e+06		204.298		149.424		0		0.969438		285.532		
00:00:59:750		1.30145e+07		-3.40948		0		0		6.28433e+06		301.904			00:00:59:750		6.65909e+06		204.298		149.424		0		0.969438		285.532		
00:00:59:649		1.30158e+07		-3.40714		0		0		6.2883e+06		302.091			00:00:59:649		6.65919e+06		204.298		149.274		0		0.965613		285.543		
00:00:59:649		1.30158e+07		-3.40714		0		0		6.2883e+06		302.091			00:00:59:649		6.65919e+06		204.298		149.274		0		0.965613		285.543		
00:00:59:500		1.30177e+07		-3.40363		0		0		6.29428e+06		302.373			00:00:59:500		6.65933e+06		203.889		149.274		0		0.965613		285.559		
00:00:59:450		1.30184e+07		-3.40246		0		0		6.29628e+06		302.467			00:00:59:450		6.65938e+06		203.889		149.123		0		0.961781		285.564		
00:00:59:299		1.30204e+07		-3.39895		0		0		6.30229e+06		302.75			00:00:59:299		6.65953e+06		203.889		149.123		0		0.961781		285.58		
00:00:59:200		1.30217e+07		-3.39661		0		0		6.30631e+06		302.94			00:00:59:200		6.65963e+06		203.479		148.972		0		0.957943		285.591		
00:00:59:100		1.3023e+07		-3.39426		0		0		6.31034e+06		303.129			00:00:59:100		6.65973e+06		203.479		148.972		0		0.957943		285.601		
00:00:59:000		1.30243e+07		-3.39192		0		0		6.31438e+06		303.319			00:00:59:000		6.65982e+06		203.069		148.972		0		0.957943		285.612		
00:00:58:899		1.30256e+07		-3.38957		0		0		6.31844e+06		303.509			00:00:58:899		6.65992e+06		203.069		148.82		0		0.954099		285.623		
00:00:58:750		1.30276e+07		-3.38605		0		0		6.32454e+06		303.794			00:00:58:750		6.66007e+06		202.658		148.82		0		0.954099		285.639		
00:00:58:600		1.30296e+07		-3.38252		0		0		6.33068e+06		304.079			00:00:58:600		6.66022e+06		202.658		148.668		0		0.950248		285.656		
00:00:58:600		1.30296e+07		-3.38252		0		0		6.33068e+06		304.079			00:00:58:600		6.66022e+06		202.658		148.668		0		0.950248		285.656		
00:00:58:500		1.30309e+07		-3.38016		0		0		6.33478e+06		304.27			00:00:58:500		6.66031e+06		202.246		148.668		0		0.950248		285.666		
00:00:58:450		1.30316e+07		-3.37898		0		0		6.33684e+06		304.365			00:00:58:450		6.66036e+06		202.246		148.515		0		0.946391		285.672		
00:00:58:350		1.30329e+07		-3.37661		0		0		6.34097e+06		304.557			00:00:58:350		6.66046e+06		202.246		148.515		0		0.946391		285.683		
00:00:58:250		1.30343e+07		-3.37424		0		0		6.34511e+06		304.75			00:00:58:250		6.66056e+06		201.834		148.515		0		0.946391		285.694		
00:00:58:100		1.30363e+07		-3.37067		0		0		6.35135e+06		305.042			00:00:58:100		6.66071e+06		201.834		148.362		0		0.942527		285.71		
00:00:58:000		1.30376e+07		-3.36829		0		0		6.35553e+06		305.239			00:00:58:000		6.6608e+06		201.421		148.362		0		0.942527		285.722		
00:00:57:899		1.30389e+07		-3.3659		0		0		6.35972e+06		305.433			00:00:57:899		6.6609e+06		201.421		148.208		0		0.938657		285.733		
00:00:57:600		1.3043e+07		-3.3587		0		0		6.37237e+06		306.027			00:00:57:600		6.6612e+06		201.007		148.054		0		0.93478		285.766		
00:00:57:600		1.3043e+07		-3.3587		0		0		6.37237e+06		306.027			00:00:57:600		6.6612e+06		201.007		148.054		0		0.93478		285.766		
00:00:57:600		1.3043e+07		-3.3587		0		0		6.37237e+06		306.027			00:00:57:600		6.6612e+06		201.007		148.054		0		0.93478		285.766		
00:00:57:500		1.30443e+07		-3.3563		0		0		6.3766e+06		306.228			00:00:57:500		6.66129e+06		200.593		148.054		0		0.93478		285.778		
00:00:57:399		1.30457e+07		-3.35389		0		0		6.38085e+06		306.43			00:00:57:399		6.66139e+06		200.593		147.899		0		0.930896		285.789		
00:00:57:299		1.3047e+07		-3.35149		0		0		6.38511e+06		306.631			00:00:57:299		6.66149e+06		200.593		147.899		0		0.930896		285.8		
00:00:57:200		1.30484e+07		-3.3491		0		0		6.38938e+06		306.831			00:00:57:200		6.66159e+06		200.177		147.743		0		0.927006		285.812		
00:00:57:100		1.30497e+07		-3.3467		0		0		6.39365e+06		307.03			00:00:57:100		6.66169e+06		200.177		147.743		0		0.927006		285.823		
00:00:57:000		1.30511e+07		-3.34432		0		0		6.39794e+06		307.231			00:00:57:000		6.66178e+06		199.762		147.743		0		0.927006		285.835		
00:00:56:899		1.30524e+07		-3.34194		0		0		6.40225e+06		307.432			00:00:56:899		6.66188e+06		199.762		147.587		0		0.923108		285.846		
00:00:56:700		1.30552e+07		-3.33719		0		0		6.41088e+06		307.836			00:00:56:700		6.66208e+06		199.345		147.43		0		0.919204		285.869		
00:00:56:700		1.30552e+07		-3.33719		0		0		6.41088e+06		307.836			00:00:56:700		6.66208e+06		199.345		147.43		0		0.919204		285.869		
00:00:56:600		1.30565e+07		-3.33482		0		0		6.41522e+06		308.038			00:00:56:600		6.66218e+06		199.345		147.43		0		0.919204		285.881		
00:00:56:500		1.30579e+07		-3.33244		0		0		6.41957e+06		308.243			00:00:56:500		6.66227e+06		198.928		147.43		0		0.919204		285.893		
00:00:56:399		1.30592e+07		-3.33006		0		0		6.42393e+06		308.448			00:00:56:399		6.66237e+06		198.928		147.273		0		0.915294		285.904		
00:00:56:299		1.30606e+07		-3.32768		0		0		6.4283e+06		308.653			00:00:56:299		6.66247e+06		198.928		147.273		0		0.915294		285.916		
00:00:56:200		1.3062e+07		-3.32527		0		0		6.43269e+06		308.859			00:00:56:200		6.66257e+06		198.509		147.115		0		0.911376		285.928		
00:00:56:100		1.30634e+07		-3.32285		0		0		6.43708e+06		309.066			00:00:56:100		6.66267e+06		198.509		147.115		0		0.911376		285.94		
00:00:56:000		1.30647e+07		-3.32041		0		0		6.44149e+06		309.273			00:00:56:000		6.66276e+06		198.091		147.115		0		0.911376		285.951		
00:00:55:899		1.30661e+07		-3.31794		0		0		6.44592e+06		309.48			00:00:55:899		6.66286e+06		198.091		146.956		0		0.907451		285.963		
00:00:55:700		1.30689e+07		-3.31292		0		0		6.4548e+06		309.893			00:00:55:700		6.66306e+06		197.671		146.796		0		0.903519		285.987		
00:00:55:700		1.30689e+07		-3.31292		0		0		6.4548e+06		309.893			00:00:55:700		6.66306e+06		197.671		146.796		0		0.903519		285.987		
00:00:55:600		1.30702e+07		-3.31036		0		0		6.45926e+06		310.096			00:00:55:600		6.66316e+06		197.671		146.796		0		0.903519		285.999		
00:00:55:450		1.30723e+07		-3.30649		0		0		6.46598e+06		310.395			00:00:55:450		6.6633e+06		197.251		146.636		0		0.89958		286.017		
00:00:55:350		1.30737e+07		-3.30389		0		0		6.4705e+06		310.601			00:00:55:350		6.6634e+06		197.251		146.636		0		0.89958		286.029		
00:00:55:250		1.30751e+07		-3.30128		0		0		6.47504e+06		310.812			00:00:55:250		6.6635e+06		196.829		146.636		0		0.89958		286.041		
00:00:55:149		1.30765e+07		-3.29868		0		0		6.4796e+06		311.023			00:00:55:149		6.6636e+06		196.829		146.474		0		0.895634		286.053		
00:00:55:049		1.30779e+07		-3.29609		0		0		6.48417e+06		311.235			00:00:55:049		6.6637e+06		196.829		146.474		0		0.895634		286.065		
00:00:54:950		1.30793e+07		-3.29352		0		0		6.48876e+06		311.447			00:00:54:950		6.66379e+06		196.408		146.312		0		0.891681		286.077		
00:00:54:850		1.30807e+07		-3.291		0		0		6.49337e+06		311.659			00:00:54:850		6.66389e+06		196.408		146.312		0		0.891681		286.089		
00:00:54:750		1.30822e+07		-3.28853		0		0		6.49799e+06		311.871			00:00:54:750		6.66399e+06		195.985		146.312		0		0.891681		286.101		
00:00:54:649		1.30836e+07		-3.28612		0		0		6.50263e+06		312.083			00:00:54:649		6.66409e+06		195.985		146.149		0		0.88772		286.113		
00:00:54:549		1.3085e+07		-3.28378		0		0		6.50729e+06		312.294			00:00:54:549		6.66418e+06		195.985		146.149		0		0.88772		286.125		
00:00:54:450		1.30865e+07		-3.2815		0		0		6.51198e+06		312.506			00:00:54:450		6.66428e+06		195.561		145.984		0		0.883751		286.137		
00:00:54:350		1.30879e+07		-3.27929		0		0		6.51668e+06		312.718			00:00:54:350		6.66438e+06		195.561		145.984		0		0.883751		286.149		
00:00:54:299		1.30887e+07		-3.2782		0		0		6.51904e+06		312.823			00:00:54:299		6.66443e+06		195.561		145.984		0		0.883751		286.155		
00:00:54:200		1.30901e+07		-3.27607		0		0		6.52378e+06		313.035			00:00:54:200		6.66453e+06		195.137		145.819		0		0.879776		286.167		
00:00:54:049		1.30923e+07		-3.27294		0		0		6.53094e+06		313.352			00:00:54:049		6.66468e+06		195.137		145.819		0		0.879776		286.185		
00:00:53:950		1.30938e+07		-3.27088		0		0		6.53574e+06		313.561			00:00:53:950		6.66477e+06		194.712		145.652		0		0.875792		286.197		
00:00:53:850		1.30953e+07		-3.26883		0		0		6.54058e+06		313.772			00:00:53:850		6.66487e+06		194.712		145.652		0		0.875792		286.209		
00:00:53:750		1.30968e+07		-3.26678		0		0		6.54545e+06		313.982			00:00:53:750		6.66497e+06		194.286		145.652		0		0.875792		286.221		
00:00:53:649		1.30983e+07		-3.26472		0		0		6.55035e+06		314.191			00:00:53:649		6.66507e+06		194.286		145.484		0		0.871801		286.233		
00:00:53:549		1.30998e+07		-3.26263		0		0		6.5553e+06		314.398			00:00:53:549		6.66516e+06		194.286		145.484		0		0.871801		286.245		
00:00:53:450		1.31013e+07		-3.2605		0		0		6.56028e+06		314.6			00:00:53:450		6.66526e+06		193.859		145.315		0		0.867801		286.257		
00:00:53:350		1.31028e+07		-3.25835		0		0		6.56531e+06		314.8			00:00:53:350		6.66536e+06		193.859		145.315		0		0.867801		286.269		
00:00:53:250		1.31043e+07		-3.25616		0		0		6.5704e+06		314.998			00:00:53:250		6.66546e+06		193.431		145.315		0		0.867801		286.281		
00:00:53:149		1.31058e+07		-3.25393		0		0		6.57555e+06		315.195			00:00:53:149		6.66556e+06		193.431		145.145		0		0.863794		286.293		
00:00:53:049		1.31073e+07		-3.25165		0		0		6.58076e+06		315.391			00:00:53:049		6.66566e+06		193.431		145.145		0		0.863794		286.305		
00:00:52:950		1.31089e+07		-3.24934		0		0		6.58606e+06		315.59			00:00:52:950		6.66575e+06		193.002		144.973		0		0.859778		286.317		
00:00:52:950		1.31089e+07		-3.24934		0		0		6.58606e+06		315.59			00:00:52:950		6.66575e+06		193.002		144.973		0		0.859778		286.317		
00:00:52:750		1.31119e+07		-3.24461		0		0		6.59689e+06		315.996			00:00:52:750		6.66595e+06		192.572		144.973		0		0.859778		286.341		
00:00:52:649		1.31135e+07		-3.24219		0		0		6.60244e+06		316.213			00:00:52:649		6.66605e+06		192.572		144.8		0		0.855753		286.353		
00:00:52:649		1.31135e+07		-3.24219		0		0		6.60244e+06		316.213			00:00:52:649		6.66605e+06		192.572		144.8		0		0.855753		286.353		
00:00:52:450		1.31173e+07		-3.23599		0		0		6.61665e+06		316.852			00:00:52:450		6.66629e+06		192.142		144.626		0		0.851719		286.384		
00:00:52:450		1.31173e+07		-3.23599		0		0		6.61665e+06		316.852			00:00:52:450		6.66629e+06		192.142		144.626		0		0.851719		286.384		
00:00:52:299		1.31188e+07		-3.23345		0		0		6.62242e+06		317.166			00:00:52:299		6.66639e+06		192.142		144.626		0		0.851719		286.396		
00:00:52:200		1.31203e+07		-3.23089		0		0		6.62819e+06		317.483			00:00:52:200		6.66649e+06		191.71		144.451		0		0.847676		286.408		
00:00:52:100		1.31219e+07		-3.22829		0		0		6.63388e+06		317.595			00:00:52:100		6.66659e+06		191.71		144.451		0		0.847676		286.42		
00:00:52:000		1.31234e+07		-3.22567		0		0		6.63935e+06		316.592			00:00:52:000		6.66668e+06		191.278		144.451		0		0.847676		286.432		
00:00:51:950		1.31242e+07		-3.22435		0		0		6.64195e+06		314.793			00:00:51:950		6.66673e+06		191.278		144.274		0		0.843618		286.438		
00:00:51:850		1.31257e+07		-3.22169		0		0		6.6467e+06		293.358			00:00:51:850		6.66683e+06		191.278		144.274		0		0.843618		286.451		
00:00:51:600		1.31295e+07		-3.21495		0		0		6.65622e+06		227.699			00:00:51:600		6.66838e+06		190.844		144.096		0		0.839542		286.481		
00:00:51:600		1.31295e+07		-3.21495		0		0		6.65622e+06		227.699			00:00:51:600		6.66838e+06		190.844		144.096		0		0.839542		286.481		
00:00:51:500		1.3131e+07		-3.21221		0		0		6.65932e+06		209.206			00:00:51:500		6.66928e+06		190.409		144.096		0		0.839542		286.493		
00:00:51:399		1.31326e+07		-3.20946		0		0		6.66211e+06		193.891			00:00:51:399		6.67017e+06		190.409		143.916		0		0.835458		286.506		
00:00:51:350		1.31333e+07		-3.20809		0		0		6.66341e+06		187.242			00:00:51:350		6.67061e+06		190.409		143.916		0		0.835458		286.512		
00:00:51:200		1.31357e+07		-3.20393		0		0		6.66698e+06		170.594			00:00:51:200		6.67191e+06		189.973		143.734		0		0.831367		286.53		
00:00:51:000		1.31388e+07		-3.19837		0		0		6.67112e+06		154.423			00:00:51:000		6.67364e+06		189.536		143.734		0		0.831367		286.555		
00:00:51:000		1.31388e+07		-3.19837		0		0		6.67112e+06		154.423			00:00:51:000		6.67364e+06		189.536		143.734		0		0.831367		286.555		
00:00:50:899		1.31404e+07		-3.19557		0		0		6.67298e+06		148.287			00:00:50:899		6.67452e+06		189.536		143.551		0		0.827272		286.568		
00:00:50:700		1.31435e+07		-3.18996		0		0		6.67642e+06		138.788			00:00:50:700		6.67633e+06		189.099		143.366		0		0.823173		286.592		
00:00:50:600		1.31451e+07		-3.18714		0		0		6.67801e+06		135.157			00:00:50:600		6.67725e+06		189.099		143.366		0		0.823173		286.605		
00:00:50:600		1.31451e+07		-3.18714		0		0		6.67801e+06		135.157			00:00:50:600		6.67725e+06		189.099		143.366		0		0.823173		286.605		
00:00:50:500		1.31466e+07		-3.18431		0		0		6.67954e+06		132.068			00:00:50:500		6.67819e+06		188.662		143.366		0		0.823173		286.617		
00:00:50:399		1.31482e+07		-3.18147		0		0		6.68102e+06		129.453			00:00:50:399		6.67915e+06		188.662		143.179		0		0.819072		286.63		
00:00:50:299		1.31498e+07		-3.17862		0		0		6.68244e+06		127.221			00:00:50:299		6.68012e+06		188.662		143.179		0		0.819072		286.642		
00:00:50:200		1.31514e+07		-3.17577		0		0		6.68383e+06		125.32			00:00:50:200		6.6811e+06		188.224		142.991		0		0.814968		286.655		
00:00:50:100		1.3153e+07		-3.1729		0		0		6.68517e+06		123.686			00:00:50:100		6.68209e+06		188.224		142.991		0		0.814968		286.667		
00:00:50:000		1.31545e+07		-3.17003		0		0		6.68649e+06		122.286			00:00:50:000		6.68309e+06		187.786		142.991		0		0.814968		286.68		
00:00:49:899		1.31561e+07		-3.16714		0		0		6.68778e+06		121.069			00:00:49:899		6.68409e+06		187.786		142.8		0		0.810862		286.692		
00:00:49:799		1.31577e+07		-3.16425		0		0		6.68905e+06		120.025			00:00:49:799		6.6851e+06		187.786		142.8		0		0.810862		286.705		
00:00:49:700		1.31593e+07		-3.16134		0		0		6.69029e+06		119.163			00:00:49:700		6.68612e+06		187.348		142.608		0		0.806754		286.718		
00:00:49:600		1.31617e+07		-3.15697		0		0		6.69213e+06		118.032			00:00:49:600		6.68765e+06		187.348		142.608		0		0.806754		286.736		
00:00:49:450		1.31634e+07		-3.15404		0		0		6.69334e+06		117.424			00:00:49:450		6.68867e+06		186.909		142.414		0		0.802644		286.749		
00:00:49:350		1.3165e+07		-3.1511		0		0		6.69453e+06		116.884			00:00:49:350		6.6897e+06		186.909		142.414		0		0.802644		286.762		
00:00:49:250		1.31666e+07		-3.14815		0		0		6.6957e+06		116.404			00:00:49:250		6.69073e+06		186.47		142.414		0		0.802644		286.775		
00:00:49:149		1.31682e+07		-3.14519		0		0		6.69687e+06		116.013			00:00:49:149		6.69175e+06		186.47		142.217		0		0.798532		286.787		
00:00:49:049		1.31698e+07		-3.14222		0		0		6.69802e+06		115.644			00:00:49:049		6.69278e+06		186.47		142.217		0		0.798532		286.8		
00:00:48:950		1.31715e+07		-3.13924		0		0		6.69916e+06		115.312			00:00:48:950		6.69381e+06		186.031		142.019		0		0.794419		286.812		
00:00:48:850		1.31731e+07		-3.13624		0		0		6.7003e+06		115.052			00:00:48:850		6.69484e+06		186.031		142.019		0		0.794419		286.825		
00:00:48:799		1.31739e+07		-3.13474		0		0		6.70086e+06		114.91			00:00:48:799		6.69535e+06		186.031		142.019		0		0.794419		286.831		
00:00:48:700		1.31756e+07		-3.13173		0		0		6.70197e+06		114.682			00:00:48:700		6.69638e+06		185.592		141.818		0		0.790304		286.844		
00:00:48:600		1.31772e+07		-3.1287		0		0		6.70308e+06		114.447			00:00:48:600		6.69741e+06		185.592		141.818		0		0.790304		286.857		
00:00:48:500		1.31789e+07		-3.12566		0		0		6.70418e+06		114.21			00:00:48:500		6.69843e+06		185.152		141.818		0		0.790304		286.87		
00:00:48:399		1.31805e+07		-3.1226		0		0		6.70527e+06		113.959			00:00:48:399		6.69946e+06		185.152		141.615		0		0.786186		286.882		
00:00:48:299		1.31822e+07		-3.11952		0		0		6.70634e+06		113.688			00:00:48:299		6.70049e+06		185.152		141.615		0		0.786186		286.895		
00:00:48:200		1.31838e+07		-3.11643		0		0		6.7074e+06		113.43			00:00:48:200		6.70151e+06		184.713		141.41		0		0.782068		286.908		
00:00:48:049		1.31863e+07		-3.11178		0		0		6.70898e+06		112.988			00:00:48:049		6.70304e+06		184.713		141.41		0		0.782068		286.928		
00:00:47:950		1.3188e+07		-3.10866		0		0		6.71003e+06		112.708			00:00:47:950		6.70406e+06		184.273		141.202		0		0.777947		286.94		
00:00:47:850		1.31897e+07		-3.10553		0		0		6.71107e+06		112.643			00:00:47:850		6.70509e+06		184.273		141.202		0		0.777947		286.953		
00:00:47:750		1.31914e+07		-3.10239		0		0		6.71211e+06		112.835			00:00:47:750		6.70611e+06		183.832		141.202		0		0.777947		286.967		
00:00:47:649		1.3193e+07		-3.09924		0		0		6.71315e+06		113.026			00:00:47:649		6.70714e+06		183.832		140.992		0		0.773826		286.98		
00:00:47:549		1.31947e+07		-3.09607		0		0		6.7142e+06		113.214			00:00:47:549		6.70816e+06		183.832		140.992		0		0.773826		286.993		
00:00:47:450		1.31964e+07		-3.09289		0		0		6.71524e+06		113.457			00:00:47:450		6.70919e+06		183.392		140.78		0		0.769702		287.006		
00:00:47:350		1.31981e+07		-3.08969		0		0		6.71629e+06		113.684			00:00:47:350		6.71021e+06		183.392		140.78		0		0.769702		287.019		
00:00:47:250		1.31998e+07		-3.08648		0		0		6.71734e+06		113.9			00:00:47:250		6.71124e+06		182.951		140.78		0		0.769702		287.032		
00:00:47:250		1.31998e+07		-3.08648		0		0		6.71734e+06		113.9			00:00:47:250		6.71124e+06		182.951		140.78		0		0.769702		287.032		
00:00:47:049		1.32033e+07		-3.08002		0		0		6.71944e+06		114.366			00:00:47:049		6.71329e+06		182.951		140.565		0		0.765577		287.059		
00:00:46:950		1.3205e+07		-3.07676		0		0		6.7205e+06		114.595			00:00:46:950		6.71432e+06		182.51		140.347		0		0.761451		287.072		
00:00:46:950		1.3205e+07		-3.07676		0		0		6.7205e+06		114.595			00:00:46:950		6.71432e+06		182.51		140.347		0		0.761451		287.072		
00:00:46:799		1.32076e+07		-3.07185		0		0		6.72208e+06		114.866			00:00:46:799		6.71588e+06		182.51		140.347		0		0.761451		287.092		
00:00:46:649		1.32102e+07		-3.06691		0		0		6.72366e+06		115.119			00:00:46:649		6.71743e+06		182.069		140.127		0		0.757323		287.112		
00:00:46:649		1.32102e+07		-3.06691		0		0		6.72366e+06		115.119			00:00:46:649		6.71743e+06		182.069		140.127		0		0.757323		287.112		
00:00:46:500		1.32128e+07		-3.06192		0		0		6.72524e+06		115.318			00:00:46:500		6.71899e+06		181.628		140.127		0		0.757323		287.133		
00:00:46:399		1.32146e+07		-3.05858		0		0		6.72629e+06		115.471			00:00:46:399		6.72004e+06		181.628		139.905		0		0.753193		287.146		
00:00:46:299		1.32164e+07		-3.05522		0		0		6.72734e+06		115.562			00:00:46:299		6.72108e+06		181.628		139.905		0		0.753193		287.16		
00:00:46:200		1.32181e+07		-3.05185		0		0		6.72838e+06		115.691			00:00:46:200		6.72212e+06		181.186		139.679		0		0.749062		287.173		
00:00:46:100		1.32199e+07		-3.04845		0		0		6.72943e+06		115.791			00:00:46:100		6.72316e+06		181.186		139.679		0		0.749062		287.187		
00:00:46:000		1.32217e+07		-3.04504		0		0		6.73048e+06		115.873			00:00:46:000		6.7242e+06		180.744		139.679		0		0.749062		287.201		
00:00:45:899		1.32235e+07		-3.04161		0		0		6.73152e+06		115.945			00:00:45:899		6.72524e+06		180.744		139.451		0		0.744929		287.215		
00:00:45:700		1.32271e+07		-3.03469		0		0		6.73359e+06		116.059			00:00:45:700		6.72731e+06		180.302		139.22		0		0.740795		287.242		
00:00:45:600		1.32289e+07		-3.0312		0		0		6.73463e+06		116.132			00:00:45:600		6.72835e+06		180.302		139.22		0		0.740795		287.256		
00:00:45:600		1.32289e+07		-3.0312		0		0		6.73463e+06		116.132			00:00:45:600		6.72835e+06		180.302		139.22		0		0.740795		287.256		
00:00:45:500		1.32308e+07		-3.02769		0		0		6.73565e+06		116.155			00:00:45:500		6.72938e+06		179.86		139.22		0		0.740795		287.27		
00:00:45:399		1.32326e+07		-3.02416		0		0		6.73668e+06		116.215			00:00:45:399		6.73041e+06		179.86		138.986		0		0.736659		287.283		
00:00:45:299		1.32345e+07		-3.02061		0		0		6.73771e+06		116.259			00:00:45:299		6.73144e+06		179.86		138.986		0		0.736659		287.297		
00:00:45:200		1.32363e+07		-3.01704		0		0		6.73873e+06		116.279			00:00:45:200		6.73246e+06		179.418		138.75		0		0.732522		287.311		
00:00:45:100		1.32382e+07		-3.01344		0		0		6.73975e+06		116.311			00:00:45:100		6.73349e+06		179.418		138.75		0		0.732522		287.325		
00:00:45:000		1.32401e+07		-3.00983		0		0		6.74076e+06		116.327			00:00:45:000		6.73451e+06		178.975		138.75		0		0.732522		287.339		
00:00:44:899		1.3242e+07		-3.00619		0		0		6.74178e+06		116.331			00:00:44:899		6.73553e+06		178.975		138.51		0		0.728383		287.353		
00:00:44:799		1.32438e+07		-3.00253		0		0		6.74279e+06		116.318			00:00:44:799		6.73655e+06		178.975		138.51		0		0.728383		287.367		
00:00:44:700		1.32457e+07		-2.99884		0		0		6.74379e+06		116.337			00:00:44:700		6.73757e+06		178.532		138.267		0		0.724242		287.381		
00:00:44:600		1.32477e+07		-2.99513		0		0		6.74479e+06		116.322			00:00:44:600		6.73858e+06		178.532		138.267		0		0.724242		287.395		
00:00:44:450		1.32506e+07		-2.98952		0		0		6.74629e+06		116.265			00:00:44:450		6.74009e+06		178.089		138.021		0		0.7201		287.416		
00:00:44:350		1.32525e+07		-2.98575		0		0		6.74728e+06		116.235			00:00:44:350		6.7411e+06		178.089		138.021		0		0.7201		287.43		
00:00:44:250		1.32544e+07		-2.98195		0		0		6.74827e+06		116.163			00:00:44:250		6.74211e+06		177.645		138.021		0		0.7201		287.444		
00:00:44:149		1.32564e+07		-2.97813		0		0		6.74925e+06		116.059			00:00:44:149		6.74311e+06		177.645		137.771		0		0.715957		287.457		
00:00:44:049		1.32584e+07		-2.97428		0		0		6.75024e+06		115.964			00:00:44:049		6.74412e+06		177.645		137.771		0		0.715957		287.471		
00:00:43:950		1.32604e+07		-2.97041		0		0		6.75122e+06		115.911			00:00:43:950		6.74512e+06		177.201		137.519		0		0.711812		287.485		
00:00:43:850		1.32624e+07		-2.9665		0		0		6.75221e+06		115.896			00:00:43:850		6.74613e+06		177.201		137.519		0		0.711812		287.499		
00:00:43:750		1.32644e+07		-2.96257		0		0		6.7532e+06		115.85			00:00:43:750		6.74713e+06		176.757		137.519		0		0.711812		287.513		
00:00:43:649		1.32664e+07		-2.95861		0		0		6.75419e+06		115.839			00:00:43:649		6.74813e+06		176.757		137.264		0		0.707665		287.527		
00:00:43:549		1.32685e+07		-2.95461		0		0		6.75518e+06		115.877			00:00:43:549		6.74914e+06		176.757		137.264		0		0.707665		287.541		
00:00:43:450		1.32706e+07		-2.95059		0		0		6.75618e+06		115.91			00:00:43:450		6.75014e+06		176.313		137.005		0		0.703517		287.555		
00:00:43:350		1.32726e+07		-2.94654		0		0		6.75718e+06		115.957			00:00:43:350		6.75114e+06		176.313		137.005		0		0.703517		287.569		
00:00:43:250		1.32747e+07		-2.94245		0		0		6.75817e+06		116.027			00:00:43:250		6.75214e+06		175.869		137.005		0		0.703517		287.583		
00:00:43:149		1.32769e+07		-2.93834		0		0		6.75917e+06		116.105			00:00:43:149		6.75313e+06		175.869		136.743		0		0.699368		287.597		
00:00:43:049		1.3279e+07		-2.93419		0		0		6.76016e+06		116.192			00:00:43:049		6.75412e+06		175.869		136.743		0		0.699368		287.611		
00:00:42:950		1.32812e+07		-2.93		0		0		6.76116e+06		116.294			00:00:42:950		6.75512e+06		175.424		136.478		0		0.695217		287.625		
00:00:42:850		1.32833e+07		-2.92579		0		0		6.76215e+06		116.396			00:00:42:850		6.7561e+06		175.424		136.478		0		0.695217		287.64		
00:00:42:750		1.32855e+07		-2.92153		0		0		6.76314e+06		116.5			00:00:42:750		6.75708e+06		174.979		136.478		0		0.695217		287.654		
00:00:42:649		1.32877e+07		-2.91724		0		0		6.76413e+06		116.627			00:00:42:649		6.75807e+06		174.979		136.208		0		0.691065		287.668		
00:00:42:549		1.32899e+07		-2.91292		0		0		6.76511e+06		116.745			00:00:42:549		6.75904e+06		174.979		136.208		0		0.691065		287.683		
00:00:42:549		1.32899e+07		-2.91292		0		0		6.76511e+06		116.745			00:00:42:549		6.75904e+06		174.979		136.208		0		0.691065		287.683		
00:00:42:450		1.32922e+07		-2.90855		0		0		6.7661e+06		116.882			00:00:42:450		6.76001e+06		174.534		135.936		0		0.686911		287.697		
00:00:42:350		1.32944e+07		-2.90415		0		0		6.76707e+06		117.008			00:00:42:350		6.76098e+06		174.534		135.936		0		0.686911		287.712		
00:00:42:250		1.32967e+07		-2.89971		0		0		6.76805e+06		117.154			00:00:42:250		6.76195e+06		174.088		135.936		0		0.686911		287.727		
00:00:42:149		1.3299e+07		-2.89523		0		0		6.76902e+06		117.286			00:00:42:149		6.76291e+06		174.088		135.659		0		0.682756		287.742		
00:00:41:950		1.33014e+07		-2.89071		0		0		6.76999e+06		117.417			00:00:41:950		6.76386e+06		174.088		135.659		0		0.682756		287.757		
00:00:41:950		1.33037e+07		-2.88616		0		0		6.77095e+06		117.571			00:00:41:950		6.76481e+06		173.642		135.379		0		0.678599		287.772		
00:00:41:850		1.33061e+07		-2.88155		0		0		6.77191e+06		117.718			00:00:41:850		6.76576e+06		173.642		135.379		0		0.678599		287.787		
00:00:41:649		1.33122e+07		-2.86987		0		0		6.77429e+06		118.1			00:00:41:649		6.7681e+06		173.197		135.094		0		0.674441		287.826		
00:00:41:649		1.33122e+07		-2.86987		0		0		6.77429e+06		118.1			00:00:41:649		6.7681e+06		173.197		135.094		0		0.674441		287.826		
00:00:41:500		1.33146e+07		-2.86512		0		0		6.77523e+06		118.265			00:00:41:500		6.76903e+06		172.75		135.094		0		0.674441		287.842		
00:00:41:350		1.33184e+07		-2.85791		0		0		6.77663e+06		118.518			00:00:41:350		6.77041e+06		172.75		134.805		0		0.670282		287.865		
00:00:41:350		1.33184e+07		-2.85791		0		0		6.77663e+06		118.518			00:00:41:350		6.77041e+06		172.75		134.805		0		0.670282		287.865		
00:00:41:200		1.33222e+07		-2.85061		0		0		6.77803e+06		118.758			00:00:41:200		6.77178e+06		172.304		134.512		0		0.666121		287.889		
00:00:41:100		1.33247e+07		-2.84568		0		0		6.77895e+06		118.905			00:00:41:100		6.77269e+06		172.304		134.512		0		0.666121		287.906		
00:00:41:000		1.33273e+07		-2.8407		0		0		6.77987e+06		119.06			00:00:41:000		6.77359e+06		171.857		134.512		0		0.666121		287.922		
00:00:40:700		1.33353e+07		-2.82549		0		0		6.78257e+06		119.46			00:00:40:700		6.77626e+06		171.411		133.911		0		0.657795		287.973		
00:00:40:700		1.33353e+07		-2.82549		0		0		6.78257e+06		119.46			00:00:40:700		6.77626e+06		171.411		133.911		0		0.657795		287.973		
00:00:40:600		1.3338e+07		-2.82033		0		0		6.78346e+06		119.57			00:00:40:600		6.77714e+06		171.411		133.911		0		0.657795		287.99		
00:00:40:600		1.3338e+07		-2.82033		0		0		6.78346e+06		119.57			00:00:40:600		6.77714e+06		171.411		133.911		0		0.657795		287.99		
00:00:40:500		1.33407e+07		-2.81512		0		0		6.78433e+06		119.62			00:00:40:500		6.77801e+06		170.964		133.911		0		0.657795		288.007		
00:00:40:399		1.33435e+07		-2.80986		0		0		6.7852e+06		119.704			00:00:40:399		6.77888e+06		170.964		133.602		0		0.653631		288.025		
00:00:40:299		1.33463e+07		-2.80455		0		0		6.78606e+06		119.751			00:00:40:299		6.77974e+06		170.964		133.602		0		0.653631		288.043		
00:00:40:200		1.33491e+07		-2.79919		0		0		6.78691e+06		119.795			00:00:40:200		6.78059e+06		170.516		133.288		0		0.649465		288.061		
00:00:40:100		1.33519e+07		-2.79377		0		0		6.78776e+06		119.857			00:00:40:100		6.78144e+06		170.516		133.288		0		0.649465		288.08		
00:00:40:000		1.33548e+07		-2.78828		0		0		6.78862e+06		120.176			00:00:40:000		6.78229e+06		170.069		133.288		0		0.649465		288.097		
00:00:39:899		1.33577e+07		-2.78273		0		0		6.78952e+06		120.678			00:00:39:899		6.78313e+06		170.069		132.969		0		0.645297		288.115		
00:00:39:799		1.33607e+07		-2.77713		0		0		6.79042e+06		121.185			00:00:39:799		6.78397e+06		170.069		132.969		0		0.645297		288.134		
00:00:39:600		1.33667e+07		-2.76577		0		0		6.79222e+06		122.24			00:00:39:600		6.78563e+06		169.621		132.644		0		0.641129		288.171		
00:00:39:600		1.33667e+07		-2.76577		0		0		6.79222e+06		122.24			00:00:39:600		6.78563e+06		169.621		132.644		0		0.641129		288.171		
00:00:39:500		1.33698e+07		-2.76001		0		0		6.79312e+06		122.598			00:00:39:500		6.78648e+06		169.173		132.644		0		0.641129		288.191		
00:00:39:399		1.33729e+07		-2.75419		0		0		6.794e+06		122.783			00:00:39:399		6.78733e+06		169.173		132.313		0		0.636959		288.21		
00:00:39:299		1.3376e+07		-2.74831		0		0		6.79484e+06		122.853			00:00:39:299		6.78817e+06		169.173		132.313		0		0.636959		288.23		
00:00:39:200		1.33792e+07		-2.74237		0		0		6.7957e+06		123.119			00:00:39:200		6.78901e+06		168.724		131.976		0		0.632788		288.249		
00:00:39:100		1.33824e+07		-2.73637		0		0		6.79657e+06		123.243			00:00:39:100		6.78985e+06		168.724		131.976		0		0.632788		288.268		
00:00:38:950		1.33873e+07		-2.72726		0		0		6.79782e+06		123.357			00:00:38:950		6.79109e+06		168.276		131.632		0		0.628616		288.299		
00:00:38:850		1.33906e+07		-2.7211		0		0		6.79863e+06		123.55			00:00:38:850		6.79189e+06		168.276		131.632		0		0.628616		288.319		
00:00:38:750		1.3394e+07		-2.71489		0		0		6.79944e+06		123.796			00:00:38:750		6.79268e+06		167.827		131.632		0		0.628616		288.339		
00:00:38:649		1.33974e+07		-2.7086		0		0		6.80023e+06		123.931			00:00:38:649		6.79345e+06		167.827		131.283		0		0.624443		288.36		
00:00:38:549		1.34008e+07		-2.70225		0		0		6.80102e+06		124.109			00:00:38:549		6.79422e+06		167.827		131.283		0		0.624443		288.381		
00:00:38:450		1.34043e+07		-2.69584		0		0		6.80179e+06		124.244			00:00:38:450		6.79497e+06		167.378		130.927		0		0.620269		288.401		
00:00:38:399		1.34061e+07		-2.69261		0		0		6.80217e+06		124.366			00:00:38:399		6.79534e+06		167.378		130.927		0		0.620269		288.412		
00:00:38:250		1.34114e+07		-2.68281		0		0		6.80329e+06		124.585			00:00:38:250		6.79645e+06		166.929		130.927		0		0.620269		288.444		
00:00:38:149		1.34151e+07		-2.67619		0		0		6.80403e+06		124.714			00:00:38:149		6.79717e+06		166.929		130.564		0		0.616093		288.465		
00:00:38:049		1.34188e+07		-2.6695		0		0		6.80476e+06		124.919			00:00:38:049		6.79788e+06		166.929		130.564		0		0.616093		288.487		
00:00:37:950		1.34225e+07		-2.66274		0		0		6.80548e+06		125.094			00:00:37:950		6.79859e+06		166.479		130.194		0		0.611917		288.508		
00:00:37:850		1.34262e+07		-2.65592		0		0		6.8062e+06		125.27			00:00:37:850		6.79928e+06		166.479		130.194		0		0.611917		288.53		
00:00:37:750		1.343e+07		-2.64902		0		0		6.8069e+06		125.47			00:00:37:750		6.79996e+06		166.03		130.194		0		0.611917		288.552		
00:00:37:649		1.34339e+07		-2.64206		0		0		6.8076e+06		125.702			00:00:37:649		6.80064e+06		166.03		129.818		0		0.607739		288.575		
00:00:37:549		1.34378e+07		-2.63503		0		0		6.80829e+06		125.961			00:00:37:549		6.8013e+06		166.03		129.818		0		0.607739		288.597		
00:00:37:450		1.34417e+07		-2.62793		0		0		6.80897e+06		126.207			00:00:37:450		6.80195e+06		165.58		129.435		0		0.603561		288.62		
00:00:37:350		1.34458e+07		-2.62076		0		0		6.80965e+06		126.444			00:00:37:350		6.8026e+06		165.58		129.435		0		0.603561		288.643		
00:00:37:250		1.34498e+07		-2.61351		0		0		6.81032e+06		126.688			00:00:37:250		6.80324e+06		165.13		129.435		0		0.603561		288.666		
00:00:37:149		1.34539e+07		-2.60619		0		0		6.81097e+06		126.964			00:00:37:149		6.80387e+06		165.13		129.044		0		0.599382		288.689		
00:00:37:049		1.3458e+07		-2.5988		0		0		6.81162e+06		127.216			00:00:37:049		6.80448e+06		165.13		129.044		0		0.599382		288.712		
00:00:36:950		1.34622e+07		-2.59134		0		0		6.81225e+06		127.448			00:00:36:950		6.80509e+06		164.68		128.646		0		0.595202		288.736		
00:00:36:850		1.34664e+07		-2.5838		0		0		6.81288e+06		127.667			00:00:36:850		6.80568e+06		164.68		128.646		0		0.595202		288.76		
00:00:36:850		1.34664e+07		-2.5838		0		0		6.81288e+06		127.667			00:00:36:850		6.80568e+06		164.68		128.646		0		0.595202		288.76		
00:00:36:649		1.34749e+07		-2.5685		0		0		6.81408e+06		128.081			00:00:36:649		6.80684e+06		164.229		128.24		0		0.591021		288.808		
00:00:36:549		1.34793e+07		-2.56073		0		0		6.81467e+06		128.306			00:00:36:549		6.8074e+06		164.229		128.24		0		0.591021		288.832		
00:00:36:549		1.34793e+07		-2.56073		0		0		6.81467e+06		128.306			00:00:36:549		6.8074e+06		164.229		128.24		0		0.591021		288.832		
00:00:36:450		1.34837e+07		-2.55289		0		0		6.81524e+06		128.567			00:00:36:450		6.80795e+06		163.779		127.827		0		0.586839		288.857		
00:00:36:350		1.34882e+07		-2.54498		0		0		6.8158e+06		128.791			00:00:36:350		6.80848e+06		163.779		127.827		0		0.586839		288.881		
00:00:36:250		1.34927e+07		-2.53698		0		0		6.81635e+06		129.079			00:00:36:250		6.80899e+06		163.328		127.827		0		0.586839		288.906		
00:00:36:100		1.34996e+07		-2.52485		0		0		6.81714e+06		129.468			00:00:36:100		6.80974e+06		163.328		127.405		0		0.582656		288.944		
00:00:36:000		1.35042e+07		-2.51666		0		0		6.81765e+06		129.724			00:00:36:000		6.81021e+06		162.877		127.405		0		0.582656		288.97		
00:00:35:899		1.3509e+07		-2.5084		0		0		6.81814e+06		129.983			00:00:35:899		6.81067e+06		162.877		126.975		0		0.578473		288.996		
00:00:35:799		1.35137e+07		-2.50006		0		0		6.81862e+06		130.177			00:00:35:799		6.81111e+06		162.877		126.975		0		0.578473		289.022		
00:00:35:649		1.3521e+07		-2.48739		0		0		6.81927e+06		130.411			00:00:35:649		6.81174e+06		162.426		126.536		0		0.574289		289.061		
00:00:35:500		1.35285e+07		-2.47456		0		0		6.81985e+06		130.577			00:00:35:500		6.81229e+06		161.975		126.536		0		0.574289		289.101		
00:00:35:500		1.35285e+07		-2.47456		0		0		6.81985e+06		130.577			00:00:35:500		6.81229e+06		161.975		126.536		0		0.574289		289.101		
00:00:35:399		1.35335e+07		-2.4659		0		0		6.82021e+06		130.745			00:00:35:399		6.81263e+06		161.975		126.088		0		0.570105		289.128		
00:00:35:299		1.35386e+07		-2.45718		0		0		6.82054e+06		130.958			00:00:35:299		6.81295e+06		161.975		126.088		0		0.570105		289.156		
00:00:35:200		1.35438e+07		-2.44837		0		0		6.82087e+06		131.195			00:00:35:200		6.81325e+06		161.523		125.632		0		0.56592		289.183		
00:00:35:100		1.3549e+07		-2.43948		0		0		6.82119e+06		131.689			00:00:35:100		6.81352e+06		161.523		125.632		0		0.56592		289.211		
00:00:35:000		1.35542e+07		-2.43052		0		0		6.82151e+06		132.186			00:00:35:000		6.81376e+06		161.071		125.632		0		0.56592		289.239		
00:00:34:899		1.35596e+07		-2.42148		0		0		6.82182e+06		132.683			00:00:34:899		6.81401e+06		161.071		125.168		0		0.561735		289.267		
00:00:34:700		1.35704e+07		-2.40317		0		0		6.82241e+06		133.663			00:00:34:700		6.81447e+06		160.619		124.696		0		0.55755		289.324		
00:00:34:600		1.35759e+07		-2.3939		0		0		6.8227e+06		134.13			00:00:34:600		6.81469e+06		160.619		124.696		0		0.55755		289.353		
00:00:34:600		1.35759e+07		-2.3939		0		0		6.8227e+06		134.13			00:00:34:600		6.81469e+06		160.619		124.696		0		0.55755		289.353		
00:00:34:500		1.35814e+07		-2.38456		0		0		6.82298e+06		134.615			00:00:34:500		6.81491e+06		160.167		124.696		0		0.55755		289.383		
00:00:34:399		1.3587e+07		-2.37515		0		0		6.82325e+06		135.076			00:00:34:399		6.81512e+06		160.167		124.217		0		0.553364		289.412		
00:00:34:299		1.35927e+07		-2.36568		0		0		6.82351e+06		135.529			00:00:34:299		6.81532e+06		160.167		124.217		0		0.553364		289.442		
00:00:34:200		1.35984e+07		-2.35615		0		0		6.82376e+06		135.975			00:00:34:200		6.81551e+06		159.715		123.73		0		0.549178		289.472		
00:00:34:100		1.36042e+07		-2.34656		0		0		6.824e+06		136.421			00:00:34:100		6.81569e+06		159.715		123.73		0		0.549178		289.503		
00:00:34:000		1.361e+07		-2.33691		0		0		6.82424e+06		136.802			00:00:34:000		6.81587e+06		159.263		123.73		0		0.549178		289.534		
00:00:33:899		1.36159e+07		-2.3272		0		0		6.82445e+06		137.192			00:00:33:899		6.81604e+06		159.263		123.234		0		0.544992		289.565		
00:00:33:799		1.36218e+07		-2.31743		0		0		6.82467e+06		137.652			00:00:33:799		6.8162e+06		159.263		123.234		0		0.544992		289.596		
00:00:33:549		1.36369e+07		-2.29277		0		0		6.82526e+06		139.141			00:00:33:549		6.8166e+06		158.811		122.731		0		0.540805		289.676		
00:00:33:549		1.36369e+07		-2.29277		0		0		6.82526e+06		139.141			00:00:33:549		6.8166e+06		158.811		122.731		0		0.540805		289.676		
00:00:33:450		1.3643e+07		-2.28281		0		0		6.8255e+06		139.905			00:00:33:450		6.81674e+06		158.358		122.219		0		0.536618		289.709		
00:00:33:350		1.36492e+07		-2.27278		0		0		6.82574e+06		140.794			00:00:33:350		6.81685e+06		158.358		122.219		0		0.536618		289.742		
00:00:33:299		1.36523e+07		-2.26775		0		0		6.82586e+06		141.243			00:00:33:299		6.81691e+06		158.358		122.219		0		0.536618		289.759		
00:00:33:200		1.36586e+07		-2.25765		0		0		6.8261e+06		142.146			00:00:33:200		6.81702e+06		157.906		121.7		0		0.532431		289.792		
00:00:33:100		1.36649e+07		-2.24749		0		0		6.82634e+06		143.058			00:00:33:100		6.81713e+06		157.906		121.7		0		0.532431		289.826		
00:00:32:950		1.36745e+07		-2.23215		0		0		6.8267e+06		144.457			00:00:32:950		6.8173e+06		157.453		121.174		0		0.528244		289.877		
00:00:32:850		1.3681e+07		-2.22186		0		0		6.82695e+06		145.427			00:00:32:850		6.8174e+06		157.453		121.174		0		0.528244		289.912		
00:00:32:700		1.36908e+07		-2.20632		0		0		6.82732e+06		146.916			00:00:32:700		6.81756e+06		157		120.641		0		0.524057		289.965		
00:00:32:549		1.37008e+07		-2.19068		0		0		6.8277e+06		148.396			00:00:32:549		6.81771e+06		157		120.641		0		0.524057		290.019		
00:00:32:549		1.37008e+07		-2.19068		0		0		6.8277e+06		148.396			00:00:32:549		6.81771e+06		157		120.641		0		0.524057		290.019		
00:00:32:450		1.37075e+07		-2.18018		0		0		6.82795e+06		149.311			00:00:32:450		6.81783e+06		156.547		120.102		0		0.51987		290.055		
00:00:32:350		1.37142e+07		-2.16964		0		0		6.8282e+06		150.213			00:00:32:350		6.81794e+06		156.547		120.102		0		0.51987		290.092		
00:00:32:250		1.3721e+07		-2.15907		0		0		6.82845e+06		151.092			00:00:32:250		6.81806e+06		156.094		120.102		0		0.51987		290.13		
00:00:32:149		1.37279e+07		-2.14847		0		0		6.8287e+06		151.995			00:00:32:149		6.81818e+06		156.094		119.556		0		0.515682		290.167		
00:00:32:049		1.37348e+07		-2.13784		0		0		6.82895e+06		152.906			00:00:32:049		6.81829e+06		156.094		119.556		0		0.515682		290.206		
00:00:31:949		1.37418e+07		-2.12719		0		0		6.82921e+06		153.852			00:00:31:949		6.8184e+06		155.641		119.003		0		0.511494		290.244		
00:00:31:850		1.37488e+07		-2.11653		0		0		6.82947e+06		155.002			00:00:31:850		6.8185e+06		155.641		119.003		0		0.511494		290.283		
00:00:31:750		1.37559e+07		-2.10585		0		0		6.82974e+06		156.204			00:00:31:750		6.81858e+06		155.188		119.003		0		0.511494		290.323		
00:00:31:649		1.37631e+07		-2.09515		0		0		6.83001e+06		157.406			00:00:31:649		6.81867e+06		155.188		118.444		0		0.507306		290.363		
00:00:31:550		1.37703e+07		-2.08445		0		0		6.83029e+06		158.608			00:00:31:550		6.81876e+06		155.188		118.444		0		0.507306		290.403		
00:00:31:550		1.37703e+07		-2.08445		0		0		6.83029e+06		158.608			00:00:31:550		6.81876e+06		155.188		118.444		0		0.507306		290.403		
00:00:31:449		1.37776e+07		-2.07375		0		0		6.83058e+06		159.809			00:00:31:449		6.81886e+06		154.734		117.878		0		0.503118		290.443		
00:00:31:350		1.37849e+07		-2.06305		0		0		6.83087e+06		161.016			00:00:31:350		6.81896e+06		154.734		117.878		0		0.503118		290.484		
00:00:31:250		1.37922e+07		-2.05235		0		0		6.83116e+06		162.22			00:00:31:250		6.81906e+06		154.281		117.878		0		0.503118		290.525		
00:00:31:050		1.3807e+07		-2.03095		0		0		6.83177e+06		164.639			00:00:31:050		6.81929e+06		154.281		117.306		0		0.49893		290.609		
00:00:31:050		1.3807e+07		-2.03095		0		0		6.83177e+06		164.639			00:00:31:050		6.81929e+06		154.281		117.306		0		0.49893		290.609		
00:00:30:949		1.38145e+07		-2.02026		0		0		6.83209e+06		165.858			00:00:30:949		6.8194e+06		153.827		116.726		0		0.494741		290.652		
00:00:30:850		1.3822e+07		-2.00956		0		0		6.83241e+06		167.073			00:00:30:850		6.81952e+06		153.827		116.726		0		0.494741		290.695		
00:00:30:649		1.38371e+07		-1.98815		0		0		6.83306e+06		169.535			00:00:30:649		6.81977e+06		153.373		116.14		0		0.490552		290.783		
00:00:30:649		1.38371e+07		-1.98815		0		0		6.83306e+06		169.535			00:00:30:649		6.81977e+06		153.373		116.14		0		0.490552		290.783		
00:00:30:500		1.38487e+07		-1.97206		0		0		6.83356e+06		171.407			00:00:30:500		6.81997e+06		152.919		116.14		0		0.490552		290.851		
00:00:30:399		1.38565e+07		-1.96134		0		0		6.83391e+06		172.668			00:00:30:399		6.8201e+06		152.919		115.548		0		0.486363		290.897		
00:00:30:300		1.38643e+07		-1.95061		0		0		6.83426e+06		173.937			00:00:30:300		6.82023e+06		152.919		115.548		0		0.486363		290.943		
00:00:30:199		1.38723e+07		-1.93988		0		0		6.83461e+06		175.221			00:00:30:199		6.82037e+06		152.465		114.949		0		0.482174		290.991		
00:00:30:100		1.38804e+07		-1.92916		0		0		6.83496e+06		176.479			00:00:30:100		6.8205e+06		152.465		114.949		0		0.482174		291.039		
00:00:29:899		1.38967e+07		-1.90775		0		0		6.83567e+06		179.04			00:00:29:899		6.82078e+06		152.012		114.343		0		0.477984		291.137		
00:00:29:899		1.38967e+07		-1.90775		0		0		6.83567e+06		179.04			00:00:29:899		6.82078e+06		152.012		114.343		0		0.477984		291.137		
00:00:29:800		1.39049e+07		-1.89706		0		0		6.83604e+06		180.346			00:00:29:800		6.82092e+06		152.012		114.343		0		0.477984		291.187		
00:00:29:600		1.39215e+07		-1.87565		0		0		6.83676e+06		182.931			00:00:29:600		6.82119e+06		151.558		113.731		0		0.473794		291.288		
00:00:29:600		1.39215e+07		-1.87565		0		0		6.83676e+06		182.931			00:00:29:600		6.82119e+06		151.558		113.731		0		0.473794		291.288		
00:00:29:500		1.39299e+07		-1.8649		0		0		6.83712e+06		184.196			00:00:29:500		6.82132e+06		151.104		113.731		0		0.473794		291.339		
00:00:29:399		1.39383e+07		-1.85412		0		0		6.83748e+06		185.422			00:00:29:399		6.82145e+06		151.104		113.112		0		0.469604		291.391		
00:00:29:300		1.39469e+07		-1.84329		0		0		6.83782e+06		186.6			00:00:29:300		6.82158e+06		151.104		113.112		0		0.469604		291.444		
00:00:29:199		1.39556e+07		-1.83241		0		0		6.83815e+06		187.696			00:00:29:199		6.82170e+06		150.649		112.487		0		0.465414		291.496		
00:00:29:100		1.39643e+07		-1.82146		0		0		6.83846e+06		188.713			00:00:29:100		6.82183e+06		150.649		112.487		0		0.465414		291.55		
00:00:29:000		1.39732e+07		-1.81045		0		0		6.83875e+06		189.654			00:00:29:000		6.82195e+06		150.195		112.487		0		0.465414		291.604		
00:00:28:899		1.39822e+07		-1.79935		0		0		6.83904e+06		190.573			00:00:28:899		6.82208e+06		150.195		111.855		0		0.461224		291.659		
00:00:28:800		1.39914e+07		-1.78817		0		0		6.83934e+06		191.508			00:00:28:800		6.82221e+06		150.195		111.855		0		0.461224		291.714		
00:00:28:600		1.40103e+07		-1.76558		0		0		6.83994e+06		194.209			00:00:28:600		6.82236e+06		149.741		111.218		0		0.457033		291.827		
00:00:28:600		1.40103e+07		-1.76558		0		0		6.83994e+06		194.209			00:00:28:600		6.82236e+06		149.741		111.218		0		0.457033		291.827		
00:00:28:500		1.402e+07		-1.75424		0		0		6.84029e+06		196.069			00:00:28:500		6.82239e+06		149.286		111.218		0		0.457033		291.885		
00:00:28:399		1.40298e+07		-1.74286		0		0		6.84071e+06		197.988			00:00:28:399		6.82245e+06		149.286		110.573		0		0.452842		291.943		
00:00:28:300		1.40398e+07		-1.73145		0		0		6.84115e+06		199.912			00:00:28:300		6.82253e+06		149.286		110.573		0		0.452842		292.002		
00:00:28:149		1.40552e+07		-1.71426		0		0		6.84185e+06		202.926			00:00:28:149		6.82267e+06		148.832		109.923		0		0.448651		292.092		
00:00:28:050		1.40656e+07		-1.70273		0		0		6.84238e+06		205.158			00:00:28:050		6.82278e+06		148.832		109.923		0		0.448651		292.152		
00:00:27:949		1.40761e+07		-1.69112		0		0		6.84296e+06		207.49			00:00:27:949		6.8229e+06		148.377		109.267		0		0.44446		292.214		
00:00:27:899		1.40814e+07		-1.68528		0		0		6.84326e+06		208.695			00:00:27:899		6.82297e+06		148.377		109.267		0		0.44446		292.245		
00:00:27:649		1.41076e+07		-1.65572		0		0		6.84488e+06		215.023			00:00:27:649		6.82334e+06		147.922		108.605		0		0.440268		292.403		
00:00:27:550		1.4118e+07		-1.64369		0		0		6.8456e+06		217.544			00:00:27:550		6.82353e+06		147.922		108.605		0		0.440268		292.468		
00:00:27:550		1.4118e+07		-1.64369		0		0		6.8456e+06		217.544			00:00:27:550		6.82353e+06		147.922		108.605		0		0.440268		292.468		
00:00:27:500		1.41231e+07		-1.63763		0		0		6.84596e+06		218.786			00:00:27:500		6.82365e+06		147.467		108.605		0		0.440268		292.5		
00:00:27:350		1.41381e+07		-1.6192		0		0		6.84712e+06		222.545			00:00:27:350		6.82403e+06		147.467		107.936		0		0.436076		292.6		
00:00:27:250		1.41475e+07		-1.60673		0		0		6.84794e+06		225.011			00:00:27:250		6.82432e+06		147.012		107.936		0		0.436076		292.667		
00:00:27:149		1.41566e+07		-1.59418		0		0		6.84879e+06		227.368			00:00:27:149		6.82467e+06		147.012		107.262		0		0.431883		292.735		
00:00:27:050		1.41656e+07		-1.58159		0		0		6.84967e+06		229.675			00:00:27:050		6.82506e+06		147.012		107.262		0		0.431883		292.804		
00:00:26:949		1.41747e+07		-1.56896		0		0		6.85059e+06		231.963			00:00:26:949		6.82549e+06		146.557		106.581		0		0.427689		292.874		
00:00:26:850		1.41838e+07		-1.55627		0		0		6.85153e+06		234.199			00:00:26:850		6.82595e+06		146.557		106.581		0		0.427689		292.945		
00:00:26:750		1.41929e+07		-1.54353		0		0		6.85251e+06		236.406			00:00:26:750		6.82645e+06		146.102		106.581		0		0.427689		293.017		
00:00:26:649		1.4202e+07		-1.53073		0		0		6.85352e+06		238.606			00:00:26:649		6.82697e+06		146.102		105.891		0		0.423495		293.088		
00:00:26:550		1.42111e+07		-1.51788		0		0		6.85456e+06		240.802			00:00:26:550		6.82753e+06		146.102		105.891		0		0.423495		293.16		
00:00:26:449		1.42202e+07		-1.50497		0		0		6.85563e+06		242.974			00:00:26:449		6.82811e+06		145.646		105.191		0		0.419299		293.233		
00:00:26:350		1.42294e+07		-1.49202		0		0		6.85672e+06		245.15			00:00:26:350		6.82872e+06		145.646		105.191		0		0.419299		293.307		
00:00:26:250		1.42385e+07		-1.47902		0		0		6.85784e+06		247.294			00:00:26:250		6.82936e+06		145.19		105.191		0		0.419299		293.381		
00:00:26:149		1.42476e+07		-1.46598		0		0		6.85899e+06		249.443			00:00:26:149		6.83002e+06		145.19		104.482		0		0.415103		293.457		
00:00:26:149		1.42476e+07		-1.46598		0		0		6.85899e+06		249.443			00:00:26:149		6.83002e+06		145.19		104.482		0		0.415103		293.457		
00:00:25:949		1.4266e+07		-1.43975		0		0		6.86138e+06		253.768			00:00:25:949		6.83142e+06		144.734		103.762		0		0.410905		293.609		
00:00:25:850		1.42751e+07		-1.42657		0		0		6.86261e+06		255.921			00:00:25:850		6.83215e+06		144.734		103.762		0		0.410905		293.686		
00:00:25:750		1.42843e+07		-1.41334		0		0		6.86386e+06		258.074			00:00:25:750		6.8329e+06		144.277		103.762		0		0.410905		293.764		
00:00:25:649		1.42934e+07		-1.40007		0		0		6.86515e+06		260.239			00:00:25:649		6.83368e+06		144.277		103.033		0		0.406706		293.842		
00:00:25:649		1.42934e+07		-1.40007		0		0		6.86515e+06		260.239			00:00:25:649		6.83368e+06		144.277		103.033		0		0.406706		293.842		
00:00:25:550		1.43071e+07		-1.38008		0		0		6.86712e+06		263.509			00:00:25:550		6.83447e+06		144.277		103.033		0		0.406706		293.96		
00:00:25:399		1.43163e+07		-1.3667		0		0		6.86847e+06		265.682			00:00:25:399		6.8357e+06		143.82		102.293		0		0.402506		294.038		
00:00:25:300		1.43254e+07		-1.35326		0		0		6.86983e+06		267.829			00:00:25:300		6.83655e+06		143.82		102.293		0		0.402506		294.116		
00:00:25:149		1.4339e+07		-1.33301		0		0		6.87192e+06		270.841			00:00:25:149		6.83789e+06		143.363		101.543		0		0.398304		294.234		
00:00:25:149		1.4339e+07		-1.33301		0		0		6.87192e+06		270.841			00:00:25:149		6.83789e+06		143.363		101.543		0		0.398304		294.234		
00:00:25:050		1.43481e+07		-1.31944		0		0		6.87333e+06		272.711			00:00:25:050		6.83885e+06		143.363		101.543		0		0.398304		294.312		
00:00:24:899		1.43616e+07		-1.29899		0.197743		0		6.87547e+06		275.515			00:00:24:899		6.8403e+06		142.906		100.783		0		0.394101		294.428		
00:00:24:800		1.43706e+07		-1.28528		0.328712		0		6.87691e+06		277.401			00:00:24:800		6.84128e+06		142.906		100.783		0		0.394101		294.505		
00:00:24:600		1.43886e+07		-1.2577		0.58444		0		6.87987e+06		281.29			00:00:24:600		6.84327e+06		142.448		100.012		0		0.389896		294.658		
00:00:24:600		1.43886e+07		-1.2577		0.58444		0		6.87987e+06		281.29			00:00:24:600		6.84327e+06		142.448		100.012		0		0.389896		294.658		
00:00:24:500		1.43975e+07		-1.24383		0.707728		0		6.8813e+06		282.772			00:00:24:500		6.84424e+06		141.991		100.012		0		0.389896		294.734		
00:00:24:399		1.44064e+07		-1.2299		0.826882		0		6.88253e+06		283.765			00:00:24:399		6.8452e+06		141.991		99.2316		0		0.385689		294.81		
00:00:24:300		1.44152e+07		-1.2159		0.941528		0		6.88379e+06		285.145			00:00:24:300		6.8462e+06		141.991		99.2316		0		0.385689		294.886		
00:00:24:199		1.44239e+07		-1.20184		1.05108		0		6.8852e+06		286.83			00:00:24:199		6.84722e+06		141.533		98.441		0		0.381481		294.961		
00:00:24:100		1.44325e+07		-1.18771		1.15538		0		6.88669e+06		288.576			00:00:24:100		6.84826e+06		141.533		98.441		0		0.381481		295.036		
00:00:24:000		1.44409e+07		-1.17351		1.25406		0		6.88819e+06		290.344			00:00:24:000		6.84931e+06		141.075		98.441		0		0.381481		295.111		
00:00:23:899		1.44492e+07		-1.15922		1.34702		0		6.88968e+06		292.095			00:00:23:899		6.85035e+06		141.075		97.6404		0		0.377272		295.187		
00:00:23:800		1.44572e+07		-1.14487		1.43419		0		6.89115e+06		293.771			00:00:23:800		6.85136e+06		141.075		97.6404		0		0.377272		295.263		
00:00:23:600		1.44724e+07		-1.11605		1.59176		0		6.89391e+06		297.364			00:00:23:600		6.85318e+06		140.616		96.8301		0		0.373061		295.416		
00:00:23:600		1.44724e+07		-1.11605		1.59176		0		6.89391e+06		297.364			00:00:23:600		6.85318e+06		140.616		96.8301		0		0.373061		295.416		
00:00:23:500		1.448e+07		-1.10166		1.66132		0		6.89527e+06		298.695			00:00:23:500		6.85417e+06		140.158		96.8301		0		0.373061		295.493		
00:00:23:399		1.44876e+07		-1.08731		1.72357		0		6.89664e+06		299.926			00:00:23:399		6.85524e+06		140.158		96.0102		0		0.368848		295.571		
00:00:23:300		1.44955e+07		-1.07302		1.78123		0		6.89807e+06		301.344			00:00:23:300		6.85633e+06		140.158		96.0102		0		0.368848		295.649		
00:00:23:199		1.45078e+07		-1.05167		1.86708		0		6.9003e+06		303.812			00:00:23:199		6.85794e+06		139.699		95.1813		0		0.364634		295.768		
00:00:23:050		1.45166e+07		-1.0375		1.92147		0		6.90181e+06		305.565			00:00:23:050		6.85898e+06		139.699		95.1813		0		0.364634		295.849		
00:00:23:000		1.45211e+07		-1.03041		1.94848		0		6.90256e+06		306.353			00:00:23:000		6.8595e+06		139.239		95.1813		0		0.364634		295.889		
00:00:22:899		1.45301e+07		-1.0161		2.00784		0		6.90403e+06		307.696			00:00:22:899		6.86059e+06		139.239		94.3439		0		0.360418		295.97		
00:00:22:800		1.45387e+07		-1.00174		2.06773		0		6.90547e+06		308.998			00:00:22:800		6.86172e+06		139.239		94.3439		0		0.360418		296.051		
00:00:22:550		1.45577e+07		-0.965478		2.18756		0		6.90931e+06		312.884			00:00:22:550		6.86453e+06		138.78		93.5		0		0.3562		296.258		
00:00:22:550		1.45577e+07		-0.965478		2.18756		0		6.90931e+06		312.884			00:00:22:550		6.86453e+06		138.78		93.5		0		0.3562		296.258		
00:00:22:449		1.45648e+07		-0.951066		2.22605		0		6.91083e+06		314.598			00:00:22:449		6.86559e+06		138.32		92.6509		0		0.351981		296.342		
00:00:22:350		1.45723e+07		-0.936798		2.26114		0		6.91234e+06		316.324			00:00:22:350		6.86662e+06		138.32		92.6509		0		0.351981		296.429		
00:00:22:300		1.45763e+07		-0.929725		2.27789		0		6.91309e+06		317.16			00:00:22:300		6.86714e+06		138.32		92.6509		0		0.351981		296.473		
00:00:22:149		1.45889e+07		-0.908726		2.32525		0		6.91531e+06		319.501			00:00:22:149		6.8687e+06		137.861		91.7969		0		0.34776		296.607		
00:00:22:050		1.45981e+07		-0.894855		2.35448		0		6.91676e+06		321.007			00:00:22:050		6.86973e+06		137.861		91.7969		0		0.34776		296.697		
00:00:21:949		1.46075e+07		-0.881002		2.38191		0		6.91818e+06		322.455			00:00:21:949		6.87074e+06		137.4		90.9373		0		0.343538		296.789		
00:00:21:850		1.46168e+07		-0.867157		2.40785		0		6.91957e+06		323.726			00:00:21:850		6.87175e+06		137.4		90.9373		0		0.343538		296.881		
00:00:21:649		1.46355e+07		-0.839478		2.45532		0		6.92224e+06		326.176			00:00:21:649		6.87374e+06		136.94		90.0717		0		0.339315		297.071		
00:00:21:550		1.46449e+07		-0.825653		2.47712		0		6.92351e+06		327.393			00:00:21:550		6.87467e+06		136.94		90.0717		0		0.339315		297.168		
00:00:21:550		1.46449e+07		-0.825653		2.47712		0		6.92351e+06		327.393			00:00:21:550		6.87467e+06		136.94		90.0717		0		0.339315		297.168		
00:00:21:449		1.46542e+07		-0.811845		2.49778		0		6.92475e+06		328.644			00:00:21:449		6.87556e+06		136.48		89.2005		0		0.33509		297.266		
00:00:21:350		1.46635e+07		-0.798047		2.51734		0		6.92595e+06		329.879			00:00:21:350		6.8764e+06		136.48		89.2005		0		0.33509		297.366		
00:00:21:250		1.46729e+07		-0.784261		2.53587		0		6.9271e+06		331.132			00:00:21:250		6.8772e+06		136.019		89.2005		0		0.33509		297.466		
00:00:21:149		1.46822e+07		-0.770494		2.55357		0		6.92822e+06		332.398			00:00:21:149		6.87795e+06		136.019		88.324		0		0.330864		297.566		
00:00:21:050		1.46915e+07		-0.756745		2.57037		0		6.92928e+06		333.65			00:00:21:050		6.87865e+06		136.019		88.324		0		0.330864		297.668		
00:00:21:050		1.46915e+07		-0.756745		2.57037		0		6.92928e+06		333.65			00:00:21:050		6.87865e+06		136.019		88.324		0		0.330864		297.668		
00:00:20:949		1.47008e+07		-0.743021		2.58637		0		6.93031e+06		334.935			00:00:20:949		6.87931e+06		135.559		87.4427		0		0.326638		297.772		
00:00:20:649		1.47286e+07		-0.702029		2.63023		0		6.9331e+06		338.844			00:00:20:649		6.88095e+06		135.098		86.5573		0		0.322411		298.093		
00:00:20:550		1.47378e+07		-0.688441		2.64323		0		6.93393e+06		340.146			00:00:20:550		6.88139e+06		135.098		86.5573		0		0.322411		298.203		
00:00:20:550		1.47378e+07		-0.688441		2.64323		0		6.93393e+06		340.146			00:00:20:550		6.88139e+06		135.098		86.5573		0		0.322411		298.203		
00:00:20:550		1.47378e+07		-0.688441		2.64323		0		6.93393e+06		340.146			00:00:20:550		6.88139e+06		135.098		86.5573		0		0.322411		298.203		
00:00:20:350		1.47563e+07		-0.661392		2.66653		0		6.93542e+06		342.765			00:00:20:350		6.8821e+06		134.637		85.6683		0		0.318184		298.43		
00:00:20:350		1.47563e+07		-0.661392		2.66653		0		6.93542e+06		342.765			00:00:20:350		6.8821e+06		134.637		85.6683		0		0.318184		298.43		
00:00:20:250		1.47655e+07		-0.647939		2.67743		0		6.93607e+06		344.064			00:00:20:250		6.88236e+06		134.176		85.6683		0		0.318184		298.546		
00:00:20:100		1.47792e+07		-0.627857		2.693		0		6.93694e+06		345.995			00:00:20:100		6.88264e+06		134.176		84.7766		0		0.313956		298.723		
00:00:20:050		1.47838e+07		-0.621191		2.69759		0		6.9372e+06		346.632			00:00:20:050		6.8827e+06		134.176		84.7766		0		0.313956		298.784		
00:00:19:899		1.47975e+07		-0.601287		2.7107		0		6.93788e+06		348.541			00:00:19:899		6.88279e+06		133.715		83.883		0		0.309729		298.967		
00:00:19:800		1.48067e+07		-0.588098		2.71955		0		6.93825e+06		349.802			00:00:19:800		6.88277e+06		133.715		83.883		0		0.309729		299.091		
00:00:19:600		1.48249e+07		-0.561923		2.73527		0		6.93879e+06		352.322			00:00:19:600		6.88252e+06		133.254		82.9885		0		0.305503		299.345		
00:00:19:600		1.48249e+07		-0.561923		2.73527		0		6.93879e+06		352.322			00:00:19:600		6.88252e+06		133.254		82.9885		0		0.305503		299.345		
00:00:19:500		1.4834e+07		-0.54895		2.74299		0		6.93896e+06		353.576			00:00:19:500		6.88229e+06		132.793		82.9885		0		0.305503		299.475		
00:00:19:399		1.48431e+07		-0.536064		2.7503		0		6.93906e+06		354.834			00:00:19:399		6.88199e+06		132.793		82.0942		0		0.301277		299.606		
00:00:19:300		1.48521e+07		-0.523262		2.75642		0		6.93908e+06		356.087			00:00:19:300		6.88162e+06		132.793		82.0942		0		0.301277		299.74		
00:00:19:199		1.48612e+07		-0.51055		2.76195		0		6.93903e+06		357.34			00:00:19:199		6.88117e+06		132.332		81.201		0		0.297052		299.876		
00:00:19:100		1.48702e+07		-0.497932		2.76702		0		6.9389e+06		358.547			00:00:19:100		6.88064e+06		132.332		81.201		0		0.297052		300.014		
00:00:19:000		1.48793e+07		-0.485406		2.77174		0		6.93868e+06		359.704			00:00:19:000		6.88003e+06		131.871		81.201		0		0.297052		300.155		
00:00:18:899		1.48884e+07		-0.472984		2.77615		0		6.93837e+06		360.853			00:00:18:899		6.87935e+06		131.871		80.3103		0		0.292828		300.298		
00:00:18:800		1.48975e+07		-0.460666		2.78009		0		6.93799e+06		361.89			00:00:18:800		6.87862e+06		131.871		80.3103		0		0.292828		300.442		
00:00:18:600		1.49156e+07		-0.436357		2.78718		0		6.93691e+06		362.836			00:00:18:600		6.87714e+06		131.41		79.4234		0		0.288606		300.733		
00:00:18:600		1.49156e+07		-0.436357		2.78718		0		6.93691e+06		362.836			00:00:18:600		6.87714e+06		131.41		79.4234		0		0.288606		300.733		
00:00:18:500		1.49247e+07		-0.424376		2.79023		0		6.9362e+06		362.979			00:00:18:500		6.87637e+06		130.95		79.4234		0		0.288606		300.883		
00:00:18:399		1.49338e+07		-0.412516		2.79299		0		6.93538e+06		363.11			00:00:18:399		6.8755e+06		130.95		78.5416		0		0.284386		301.035		
00:00:18:300		1.4943e+07		-0.400771		2.79485		0		6.93445e+06		363.238			00:00:18:300		6.87451e+06		130.95		78.5416		0		0.284386		301.19		
00:00:18:199		1.49521e+07		-0.389151		2.79645		0		6.93341e+06		363.373			00:00:18:199		6.87342e+06		130.489		77.6663		0		0.280168		301.348		
00:00:18:100		1.49612e+07		-0.377665		2.79723		0		6.93226e+06		363.503			00:00:18:100		6.87222e+06		130.489		77.6663		0		0.280168		301.509		
00:00:18:000		1.49704e+07		-0.366323		2.79792		0		6.93101e+06		363.613			00:00:18:000		6.87091e+06		130.029		77.6663		0		0.280168		301.672		
00:00:17:899		1.49796e+07		-0.355115		2.79727		0		6.92963e+06		363.71			00:00:17:899		6.86949e+06		130.029		76.7989		0		0.275953		301.838		
00:00:17:800		1.49888e+07		-0.344047		2.79589		0		6.92815e+06		363.79			00:00:17:800		6.86795e+06		130.029		76.7989		0		0.275953		302.007		
00:00:17:600		1.50073e+07		-0.322297		2.79336		0		6.92484e+06		363.906			00:00:17:600		6.86457e+06		129.569		75.941		0		0.27174		302.35		
00:00:17:600		1.50073e+07		-0.322297		2.79336		0		6.92484e+06		363.906			00:00:17:600		6.86457e+06		129.569		75.941		0		0.27174		302.35		
00:00:17:500		1.50166e+07		-0.311623		2.79101		0		6.92303e+06		363.977			00:00:17:500		6.86273e+06		129.109		75.941		0		0.27174		302.526		
00:00:17:399		1.50303e+07		-0.295871		2.78712		0		6.92019e+06		364.199			00:00:17:399		6.85983e+06		129.109		75.0939		0		0.267531		302.794		
00:00:17:250		1.50396e+07		-0.285533		2.78399		0		6.9183e+06		364.655			00:00:17:250		6.85784e+06		128.65		75.0939		0		0.267531		302.975		
00:00:17:199		1.50442e+07		-0.280413		2.78224		0		6.91738e+06		365.021			00:00:17:199		6.85683e+06		128.65		74.2591		0		0.263325		303.065		
00:00:17:100		1.50535e+07		-0.270271		2.77877		0		6.91562e+06		365.835			00:00:17:100		6.8548e+06		128.65		74.2591		0		0.263325		303.248		
00:00:16:949		1.50674e+07		-0.25531		2.77253		0		6.91278e+06		366.353			00:00:16:949		6.85167e+06		128.191		73.4378		0		0.259123		303.527		
00:00:16:850		1.50767e+07		-0.245492		2.76777		0		6.91063e+06		366.333			00:00:16:850		6.84947e+06		128.191		73.4378		0		0.259123		303.717		
00:00:16:800		1.50813e+07		-0.240633		2.76464		0		6.90948e+06		366.33			00:00:16:800		6.84831e+06		128.191		73.4378		0		0.259123		303.813		
00:00:16:600		1.50994e+07		-0.221522		2.75146		0		6.9045e+06		366.37			00:00:16:600		6.84326e+06		127.732		72.6309		0		0.254926		304.203		
00:00:16:600		1.50994e+07		-0.221522		2.75146		0		6.9045e+06		366.37			00:00:16:600		6.84326e+06		127.732		72.6309		0		0.254926		304.203		
00:00:16:500		1.51084e+07		-0.212175		2.7436		0		6.90179e+06		366.416			00:00:16:500		6.8405e+06		127.274		72.6309		0		0.254926		304.401		
00:00:16:399		1.51172e+07		-0.20296		2.73574		0		6.89895e+06		366.483			00:00:16:399		6.8376e+06		127.274		71.839		0		0.250733		304.599		
00:00:16:300		1.51258e+07		-0.193888		2.72753		0		6.89599e+06		366.561			00:00:16:300		6.83458e+06		127.274		71.839		0		0.250733		304.8		
00:00:16:199		1.51343e+07		-0.184978		2.71905		0		6.8929e+06		366.664			00:00:16:199		6.83142e+06		126.816		71.0618		0		0.246546		305.003		
00:00:16:100		1.51427e+07		-0.176241		2.70929		17.4163		6.88967e+06		366.725			00:00:16:100		6.82813e+06		126.816		71.0618		0		0.246546		305.205		
00:00:15:949		1.51551e+07		-0.163446		2.69448		28.8832		6.88455e+06		366.764			00:00:15:949		6.82293e+06		126.358		70.3004		0		0.242365		305.509		
00:00:15:849		1.51632e+07		-0.15511		2.68463		38.5653		6.88095e+06		366.751			00:00:15:849		6.8193e+06		126.358		70.3004		0		0.242365		305.713		
00:00:15:750		1.51714e+07		-0.146921		2.67404		48.9323		6.87721e+06		366.661			00:00:15:750		6.81552e+06		125.901		70.3004		0		0.242365		305.919		
00:00:15:650		1.51796e+07		-0.138883		2.66274		57.6559		6.87329e+06		366.496			00:00:15:650		6.8116e+06		125.901		69.554		0		0.23819		306.125		
00:00:15:550		1.51878e+07		-0.131031		2.65031		63.8541		6.8692e+06		366.185			00:00:15:550		6.80754e+06		125.901		69.554		0		0.23819		306.332		
00:00:15:449		1.5196e+07		-0.123426		2.63665		72.6359		6.86489e+06		365.575			00:00:15:449		6.80333e+06		125.445		68.8182		0		0.234022		306.538		
00:00:15:349		1.52038e+07		-0.116137		2.6229		80.9736		6.8603e+06		364.333			00:00:15:349		6.79903e+06		125.445		68.8182		0		0.234022		306.74		
00:00:15:250		1.52112e+07		-0.109192		2.6095		88.9549		6.85538e+06		361.813			00:00:15:250		6.79474e+06		124.99		68.8182		0		0.234022		306.94		
00:00:15:150		1.52178e+07		-0.102528		2.59806		96.9575		6.85004e+06		356.676			00:00:15:150		6.79078e+06		124.99		68.0851		0		0.22986		307.134		
00:00:15:050		1.52239e+07		-0.0959592		2.58856		105.058		6.84424e+06		345.869			00:00:15:050		6.7878e+06		124.99		68.0851		0		0.22986		307.323		
00:00:14:949		1.52304e+07		-0.089345		2.57819		113		6.83797e+06		334.944			00:00:14:949		6.7848e+06		124.534		67.3547		0		0.225703		307.508		
00:00:14:849		1.52374e+07		-0.0827513		2.56628		120.902		6.83124e+06		323.926			00:00:14:849		6.78126e+06		124.534		67.3547		0		0.225703		307.688		
00:00:14:650		1.52518e+07		-0.0701003		2.54124		139.16		6.81649e+06		301.605			00:00:14:650		6.77269e+06		124.08		66.627		0		0.221553		308.025		
00:00:14:550		1.52589e+07		-0.0641055		2.52887		152.029		6.80857e+06		290.191			00:00:14:550		6.7678e+06		124.08		66.627		0		0.221553		308.178		
00:00:14:550		1.52589e+07		-0.0641055		2.52887		152.029		6.80857e+06		290.191			00:00:14:550		6.7678e+06		124.08		66.627		0		0.221553		308.178		
00:00:14:449		1.52659e+07		-0.0583534		2.5162		172.276		6.80043e+06		278.606			00:00:14:449		6.76266e+06		123.626		65.902		0		0.217411		308.319		
00:00:14:349		1.52727e+07		-0.0528717		2.50312		207.875		6.79225e+06		267.422			00:00:14:349		6.75737e+06		123.626		65.902		0		0.217411		308.447		
00:00:14:250		1.52794e+07		-0.0476799		2.49022		258.935		6.78432e+06		257.417			00:00:14:250		6.75204e+06		123.173		65.902		0		0.217411		308.56		
00:00:14:150		1.52857e+07		-0.0427971		2.47769		311.211		6.77704e+06		252.358			00:00:14:150		6.74643e+06		123.173		65.1795		0		0.213279		308.658		
00:00:14:050		1.52918e+07		-0.0382409		2.46629		358.977		6.771e+06		262.736			00:00:14:050		6.73917e+06		123.173		65.1795		0		0.213279		308.741		
00:00:13:949		1.52975e+07		-0.0340271		2.4555		400.68		6.76688e+06		310.477			00:00:13:949		6.72578e+06		122.722		64.4592		0		0.209196		308.81		
00:00:13:849		1.53027e+07		-0.03017		2.44439		436.167		6.76499e+06		414.761			00:00:13:849		6.69576e+06		122.722		64.4592		0		0.209196		308.865		
00:00:13:750		1.53074e+07		-0.0266705		2.43509		465.8		6.76471e+06		516.879			00:00:13:750		6.6457e+06		122.272		64.4592		0		0.209196		308.908		
00:00:13:750		1.53074e+07		-0.0266705		2.43509		465.8		6.76471e+06		516.879			00:00:13:750		6.6457e+06		122.272		64.4592		0		0.209196		308.908		
00:00:13:550		1.53148e+07		-0.020669		2.4203		509.585		6.76656e+06		605.596			00:00:13:550		6.60112e+06		122.272		63.7406		0		0.205143		308.967		
00:00:13:550		1.53148e+07		-0.020669		2.4203		509.585		6.76656e+06		605.596			00:00:13:550		6.60112e+06		122.272		63.7406		0		0.205143		308.967		
00:00:13:349		1.53194e+07		-0.0157065		2.40682		536.336		6.76934e+06		628.586			00:00:13:349		6.58464e+06		121.823		63.0233		0		0.201095		309.003		
00:00:13:349		1.53194e+07		-0.0157065		2.40682		536.336		6.76934e+06		628.586			00:00:13:349		6.58464e+06		121.823		63.0233		0		0.201095		309.003		
00:00:13:250		1.53209e+07		-0.0134549		2.40117		543.24		6.77059e+06		622.803			00:00:13:250		6.58946e+06		121.374		63.0233		0		0.201095		309.015		
00:00:13:150		1.53221e+07		-0.0112624		2.397		545.092		6.77178e+06		619.182			00:00:13:150		6.59309e+06		121.374		62.3073		0		0.197043		309.026		
00:00:13:050		1.53231e+07		-0.00907469		2.39738		544.96		6.77298e+06		619.208			00:00:13:050		6.59506e+06		121.374		62.3073		0		0.197043		309.035		
00:00:12:949		1.53241e+07		-0.00686502		2.39982		544.749		6.77418e+06		619.241			00:00:12:949		6.59625e+06		120.924		61.5924		0		0.192989		309.042		
00:00:12:650		1.53272e+07		-9.44138e-05		2.407		544.114		6.77779e+06		619.33			00:00:12:650		6.59984e+06		120.474		60.8786		0		0.188933		309.063		
00:00:12:650		1.53272e+07		-9.44138e-05		2.407		544.114		6.77779e+06		619.33			00:00:12:650		6.59984e+06		120.474		60.8786		0		0.188933		309.063		
00:00:12:550		1.53282e+07		0.00220823		2.40941		543.903		6.779e+06		619.362			00:00:12:550		6.60104e+06		120.474		60.8786		0		0.188933		309.071		
00:00:12:550		1.53282e+07		0.00220823		2.40941		543.903		6.779e+06		619.362			00:00:12:550		6.60104e+06		120.474		60.8786		0		0.188933		309.071		
00:00:12:449		1.53293e+07		0.00453329		2.41191		543.693		6.78021e+06		619.393			00:00:12:449		6.60224e+06		120.023		60.1659		0		0.184875		309.078		
00:00:12:349		1.53304e+07		0.00688076		2.41429		543.481		6.78142e+06		619.422			00:00:12:349		6.60344e+06		120.023		60.1659		0		0.184875		309.086		
00:00:12:250		1.53316e+07		0.00925016		2.4166		543.267		6.78264e+06		619.451			00:00:12:250		6.60465e+06		119.572		60.1659		0		0.184875		309.094		
00:00:12:150		1.53333e+07		0.0128441		2.4199		542.953		6.78447e+06		619.493			00:00:12:150		6.60647e+06		119.572		59.4542		0		0.180815		309.107		
00:00:12:000		1.53345e+07		0.0152659		2.42232		542.741		6.7857e+06		619.522			00:00:12:000		6.60769e+06		119.12		59.4542		0		0.180815		309.115		
00:00:11:800		1.5337e+07		0.0201602		2.42746		542.322		6.78815e+06		619.577			00:00:11:800		6.61013e+06		119.12		58.7435		0		0.176753		309.133		
00:00:11:800		1.5337e+07		0.0201602		2.42746		542.322		6.78815e+06		619.577			00:00:11:800		6.61013e+06		119.12		58.7435		0		0.176753		309.133		
00:00:11:599		1.53395e+07		0.0251155		2.43101		541.902		6.79062e+06		619.635			00:00:11:599		6.61258e+06		118.667		58.034		0		0.17269		309.151		
00:00:11:599		1.53395e+07		0.0251155		2.43101		541.902		6.79062e+06		619.635			00:00:11:599		6.61258e+06		118.667		58.034		0		0.17269		309.151		
00:00:11:500		1.53408e+07		0.0276141		2.43332		541.692		6.79186e+06		619.656			00:00:11:500		6.61382e+06		118.214		58.034		0		0.17269		309.161		
00:00:11:400		1.53421e+07		0.0301251		2.43707		541.481		6.7931e+06		619.68			00:00:11:400		6.61505e+06		118.214		57.3257		0		0.168624		309.171		
00:00:11:300		1.53433e+07		0.0325232		2.44004		541.272		6.79435e+06		619.718			00:00:11:300		6.61629e+06		118.214		57.3257		0		0.168624		309.18		
00:00:11:199		1.53447e+07		0.0347323		2.4402		541.061		6.7956e+06		619.75			00:00:11:199		6.61753e+06		117.76		56.6186		0		0.164556		309.19		
00:00:11:099		1.53462e+07		0.036942		2.44023		540.854		6.79685e+06		619.779			00:00:11:099		6.61877e+06		117.76		56.6186		0		0.164556		309.2		
00:00:11:000		1.53477e+07		0.0391502		2.44246		540.646		6.79811e+06		619.803			00:00:11:000		6.62002e+06		117.305		56.6186		0		0.164556		309.211		
00:00:10:900		1.53492e+07		0.0413561		2.45027		540.44		6.79937e+06		619.83			00:00:10:900		6.62127e+06		117.305		55.9127		0		0.160487		309.221		
00:00:10:800		1.53507e+07		0.04356		2.45594		540.229		6.80063e+06		619.855			00:00:10:800		6.62253e+06		117.305		55.9127		0		0.160487		309.231		
00:00:10:599		1.53537e+07		0.0479555		2.4442		539.814		6.80316e+06		619.918			00:00:10:599		6.62505e+06		116.85		55.2081		0		0.156415		309.253		
00:00:10:599		1.53537e+07		0.0479555		2.4442		539.814		6.80316e+06		619.918			00:00:10:599		6.62505e+06		116.85		55.2081		0		0.156415		309.253		
00:00:10:500		1.53552e+07		0.0501461		2.44431		539.608		6.80444e+06		619.946			00:00:10:500		6.62631e+06		116.394		55.2081		0		0.156415		309.264		
00:00:10:400		1.53568e+07		0.0523319		2.4689		539.401		6.80572e+06		619.969			00:00:10:400		6.62758e+06		116.394		54.505		0		0.152342		309.275		
00:00:10:300		1.53584e+07		0.0545115		2.48655		539.197		6.807e+06		620.001			00:00:10:300		6.62886e+06		116.394		54.505		0		0.152342		309.286		
00:00:10:199		1.53599e+07		0.0566845		2.50704		538.989		6.80828e+06		620.028			00:00:10:199		6.63014e+06		115.938		53.8033		0		0.148267		309.298		
00:00:10:099		1.53615e+07		0.0588503		2.53325		538.786		6.80958e+06		620.055			00:00:10:099		6.63142e+06		115.938		53.8033		0		0.148267		309.309		
00:00:10:000		1.53631e+07		0.061007		2.55824		538.581		6.81087e+06		620.083			00:00:10:000		6.63271e+06		115.48		53.8033		0		0.148267		309.321		
00:00:09:900		1.53647e+07		0.0631547		2.59303		538.38		6.81217e+06		620.111			00:00:09:900		6.634e+06		115.48		53.1036		0		0.144189		309.332		
00:00:09:800		1.53663e+07		0.0652919		2.59649		538.176		6.81347e+06		620.138			00:00:09:800		6.6353e+06		115.48		53.1036		0		0.144189		309.344		
00:00:09:699		1.53679e+07		0.0674176		2.61559		537.973		6.81478e+06		620.162			00:00:09:699		6.6366e+06		115.023		52.4064		0		0.14011		309.356		
00:00:09:599		1.53695e+07		0.0695319		2.64638		537.768		6.8161e+06		620.196			00:00:09:599		6.63791e+06		115.023		52.4064		0		0.14011		309.367		
00:00:09:500		1.53711e+07		0.0716343		2.67794		537.566		6.81742e+06		620.225			00:00:09:500		6.63922e+06		114.564		52.4064		0		0.14011		309.379		
00:00:09:400		1.53728e+07		0.0737238		2.69542		537.365		6.81874e+06		620.257			00:00:09:400		6.64054e+06		114.564		51.7136		0		0.136029		309.39		
00:00:09:300		1.53744e+07		0.0757999		2.70018		537.163		6.82007e+06		620.29			00:00:09:300		6.64186e+06		114.564		51.7136		0		0.136029		309.402		
00:00:09:199		1.5376e+07		0.0778627		2.70473		536.963		6.82141e+06		620.322			00:00:09:199		6.64319e+06		114.105		51.0283		0		0.131945		309.414		
00:00:09:099		1.53776e+07		0.0799117		2.70793		536.763		6.82275e+06		620.356			00:00:09:099		6.64452e+06		114.105		51.0283		0		0.131945		309.425		
00:00:09:000		1.53793e+07		0.0819464		2.71433		536.565		6.8241e+06		620.394			00:00:09:000		6.64586e+06		113.646		51.0283		0		0.131945		309.437		
00:00:08:900		1.53809e+07		0.0839658		2.71961		536.367		6.82545e+06		620.424			00:00:08:900		6.64720e+06		113.646		50.3516		0		0.12786		309.448		
00:00:08:800		1.53825e+07		0.0859709		2.72431		536.169		6.82681e+06		620.459			00:00:08:800		6.64855e+06		113.646		50.3516		0		0.12786		309.46		
00:00:08:599		1.53858e+07		0.0899343		2.73263		535.774		6.82955e+06		620.543			00:00:08:599		6.65128e+06		113.186		49.6839		0		0.123773		309.483		
00:00:08:599		1.53858e+07		0.0899343		2.73263		535.774		6.82955e+06		620.543			00:00:08:599		6.65128e+06		113.186		49.6839		0		0.123773		309.483		
00:00:08:449		1.53882e+07		0.092864		2.73961		535.482		6.83163e+06		620.6			00:00:08:449		6.65333e+06		112.725		49.0256		0		0.119685		309.499		
00:00:08:349		1.53898e+07		0.0947967		2.74386		535.288		6.83302e+06		620.644			00:00:08:349		6.65471e+06		112.725		49.0256		0		0.119685		309.511		
00:00:08:250		1.53914e+07		0.0967121		2.74813		535.094		6.83442e+06		620.686			00:00:08:250		6.65609e+06		112.264		49.0256		0		0.119685		309.522		
00:00:08:150		1.5393e+07		0.0986099		2.75124		534.901		6.83582e+06		620.724			00:00:08:150		6.65749e+06		112.264		48.3774		0		0.115594		309.533		
00:00:08:050		1.53947e+07		0.100491		2.75658		534.708		6.83724e+06		620.769			00:00:08:050		6.65889e+06		112.264		48.3774		0		0.115594		309.543		
00:00:07:950		1.53963e+07		0.102353		2.76093		534.518		6.83866e+06		620.823			00:00:07:950		6.66029e+06		111.803		47.7395		0		0.111503		309.554		
00:00:07:849		1.53979e+07		0.104198		2.76329		534.33		6.84009e+06		620.876			00:00:07:849		6.66170e+06		111.803		47.7395		0		0.111503		309.565		
00:00:07:750		1.53995e+07		0.106025		2.76851		534.136		6.84152e+06		620.926			00:00:07:750		6.66313e+06		111.341		47.7395		0		0.111503		309.575		
00:00:07:650		1.54011e+07		0.107833		2.77278		533.95		6.84297e+06		620.967			00:00:07:650		6.66456e+06		111.341		47.1127		0		0.107409		309.586		
00:00:07:549		1.54027e+07		0.109624		2.77625		533.762		6.84442e+06		621.017			00:00:07:549		6.666e+06		111.341		47.1127		0		0.107409		309.596		
00:00:07:450		1.54043e+07		0.111396		2.77992		533.575		6.84588e+06		621.061			00:00:07:450		6.66744e+06		110.88		46.4972		0		0.103312		309.606		
00:00:07:349		1.54059e+07		0.11315		2.78354		533.389		6.84735e+06		621.115			00:00:07:349		6.6689e+06		110.88		46.4972		0		0.103312		309.616		
00:00:07:250		1.54075e+07		0.114886		2.78687		533.206		6.84883e+06		621.162			00:00:07:250		6.67036e+06		110.418		46.4972		0		0.103312		309.626		
00:00:07:150		1.54091e+07		0.116603		2.79066		533.019		6.85032e+06		621.225			00:00:07:150		6.67183e+06		110.418		45.8936		0		0.0992139		309.635		
00:00:07:049		1.54106e+07		0.118301		2.79416		532.836		6.85182e+06		621.273			00:00:07:049		6.6733e+06		110.418		45.8936		0		0.0992139		309.645		
00:00:06:950		1.54122e+07		0.11998		2.79716		532.657		6.85332e+06		621.338			00:00:06:950		6.67479e+06		109.956		45.3023		0		0.095113		309.654		
00:00:06:849		1.54138e+07		0.12164		2.80043		532.475		6.85484e+06		621.397			00:00:06:849		6.67629e+06		109.956		45.3023		0		0.095113		309.663		
00:00:06:750		1.54153e+07		0.12328		2.8024		532.294		6.85637e+06		621.46			00:00:06:750		6.67779e+06		109.494		45.3023		0		0.095113		309.672		
00:00:06:650		1.54169e+07		0.124899		2.8069		532.114		6.8579e+06		621.524			00:00:06:650		6.6793e+06		109.494		44.7238		0		0.0910097		309.681		
00:00:06:549		1.54184e+07		0.126499		2.80988		531.935		6.85945e+06		621.595			00:00:06:549		6.68082e+06		109.494		44.7238		0		0.0910097		309.69		
00:00:06:450		1.54199e+07		0.12808		2.81208		531.755		6.861e+06		621.667			00:00:06:450		6.68235e+06		109.033		44.1586		0		0.0869039		309.698		
00:00:06:349		1.54214e+07		0.12964		2.81484		531.583		6.86257e+06		621.739			00:00:06:349		6.68389e+06		109.033		44.1586		0		0.0869039		309.706		
00:00:06:250		1.5423e+07		0.13118		2.81755		531.404		6.86415e+06		621.815			00:00:06:250		6.68544e+06		108.572		44.1586		0		0.0869039		309.714		
00:00:06:250		1.5423e+07		0.13118		2.81755		531.404		6.86415e+06		621.815			00:00:06:250		6.68544e+06		108.572		44.1586		0		0.0869039		309.714		
00:00:06:150		1.54245e+07		0.1327		2.82003		531.23		6.86573e+06		621.893			00:00:06:150		6.687e+06		108.572		43.6069		0		0.0827957		309.722		
00:00:06:049		1.5426e+07		0.134201		2.8226		531.054		6.86733e+06		621.977			00:00:06:049		6.68856e+06		108.572		43.6069		0		0.0827957		309.73		
00:00:05:950		1.54274e+07		0.135681		2.82507		530.879		6.86894e+06		622.066			00:00:05:950		6.69014e+06		108.112		43.0692		0		0.078685		309.737		
00:00:05:849		1.54289e+07		0.137141		2.82735		530.706		6.87057e+06		622.152			00:00:05:849		6.69172e+06		108.112		43.0692		0		0.078685		309.744		
00:00:05:650		1.54319e+07		0.139999		2.83121		530.365		6.87384e+06		622.339			00:00:05:650		6.69493e+06		107.653		42.546		0		0.0745718		309.758		
00:00:05:500		1.54341e+07		0.142087		2.83463		530.111		6.87633e+06		622.492			00:00:05:500		6.69735e+06		107.196		42.546		0		0.0745718		309.768		
00:00:05:500		1.54341e+07		0.142087		2.83463		530.111		6.87633e+06		622.492			00:00:05:500		6.69735e+06		107.196		42.546		0		0.0745718		309.768		
00:00:05:400		1.54355e+07		0.143453		2.83739		529.939		6.87801e+06		622.595			00:00:05:400		6.69898e+06		107.196		42.0375		0		0.070456		309.774		
00:00:05:299		1.5437e+07		0.144796		2.83831		529.774		6.8797e+06		622.707			00:00:05:299		6.70063e+06		107.196		42.0375		0		0.070456		309.78		
00:00:05:200		1.54384e+07		0.146118		2.8401		529.608		6.8814e+06		622.821			00:00:05:200		6.70228e+06		106.74		41.5442		0		0.0663376		309.785		
00:00:05:099		1.54398e+07		0.147418		2.84146		529.442		6.88311e+06		622.936			00:00:05:099		6.70395e+06		106.74		41.5442		0		0.0663376		309.791		
00:00:05:000		1.54412e+07		0.148696		2.84287		529.28		6.88484e+06		623.061			00:00:05:000		6.70562e+06		106.286		41.5442		0		0.0663376		309.796		
00:00:04:900		1.54426e+07		0.149953		2.84418		529.116		6.88658e+06		623.18			00:00:04:900		6.70731e+06		106.286		41.0665		0		0.0622164		309.801		
00:00:04:799		1.5444e+07		0.151188		2.8453		528.954		6.88834e+06		623.317			00:00:04:799		6.70901e+06		106.286		41.0665		0		0.0622164		309.806		
00:00:04:700		1.54454e+07		0.152404		2.84631		528.791		6.89011e+06		623.455			00:00:04:700		6.71072e+06		105.835		40.6055		0		0.0580926		309.81		
00:00:04:599		1.54467e+07		0.153597		2.84712		528.627		6.8919e+06		623.603			00:00:04:599		6.71244e+06		105.835		40.6055		0		0.0580926		309.814		
00:00:04:500		1.54481e+07		0.154769		2.84778		528.465		6.8937e+06		623.758			00:00:04:500		6.71418e+06		105.387		40.6055		0		0.0580926		309.818		
00:00:04:400		1.54495e+07		0.155918		2.84855		528.304		6.89552e+06		623.912			00:00:04:400		6.71593e+06		105.387		40.1632		0		0.0539659		309.821		
00:00:04:299		1.54509e+07		0.157042		2.84899		528.142		6.89736e+06		624.076			00:00:04:299		6.71769e+06		105.387		40.1632		0		0.0539659		309.824		
00:00:04:200		1.54523e+07		0.158137		2.84937		527.976		6.89921e+06		624.246			00:00:04:200		6.71946e+06		104.944		39.7426		0		0.0498364		309.827		
00:00:04:099		1.54537e+07		0.159202		2.84976		527.809		6.90108e+06		624.419			00:00:04:099		6.72125e+06		104.944		39.7426		0		0.0498364		309.83		
00:00:04:000		1.54551e+07		0.160232		2.84989		527.647		6.90297e+06		624.607			00:00:04:000		6.72306e+06		104.505		39.7426		0		0.0498364		309.833		
00:00:03:899		1.54564e+07		0.161225		2.85018		527.476		6.90488e+06		624.802			00:00:03:899		6.72487e+06		104.505		39.3431		0		0.045704		309.835		
00:00:03:799		1.54577e+07		0.162179		2.85023		527.308		6.9068e+06		625.005			00:00:03:799		6.7267e+06		104.505		39.3431		0		0.045704		309.837		
00:00:03:700		1.5459e+07		0.163094		2.84999		527.136		6.90875e+06		625.219			00:00:03:700		6.72855e+06		104.072		38.9636		0		0.0415686		309.839		
00:00:03:600		1.54602e+07		0.163971		2.84967		526.962		6.91071e+06		625.447			00:00:03:600		6.73041e+06		104.072		38.9636		0		0.0415686		309.84		
00:00:03:500		1.54613e+07		0.164815		2.84917		526.788		6.9127e+06		625.674			00:00:03:500		6.73229e+06		103.645		38.9636		0		0.0415686		309.842		
00:00:03:350		1.54631e+07		0.166025		2.84795		526.529		6.91572e+06		626.057			00:00:03:350		6.73513e+06		103.645		38.6041		0		0.0374301		309.844		
00:00:03:250		1.54643e+07		0.1668		2.84701		526.36		6.91776e+06		626.328			00:00:03:250		6.73704e+06		103.227		38.6041		0		0.0374301		309.845		
00:00:03:149		1.54655e+07		0.167553		2.84591		526.199		6.91984e+06		626.639			00:00:03:149		6.73896e+06		103.227		38.2645		0		0.0332884		309.845		
00:00:03:049		1.54668e+07		0.168283		2.84481		526.043		6.92193e+06		626.985			00:00:03:049		6.74089e+06		103.227		38.2645		0		0.0332884		309.845		
00:00:02:950		1.54681e+07		0.168984		2.84379		525.906		6.92405e+06		627.359			00:00:02:950		6.74282e+06		102.819		37.9445		0		0.0291435		309.845		
00:00:02:850		1.54695e+07		0.16965		2.84286		525.78		6.92619e+06		627.768			00:00:02:850		6.74475e+06		102.819		37.9445		0		0.0291435		309.845		
00:00:02:750		1.54709e+07		0.170272		2.84211		525.674		6.92834e+06		628.179			00:00:02:750		6.74667e+06		102.422		37.9445		0		0.0291435		309.845		
00:00:02:649		1.54723e+07		0.170838		2.84141		525.585		6.93047e+06		628.558			00:00:02:649		6.74859e+06		102.422		37.643		0		0.0249954		309.844		
00:00:02:549		1.54736e+07		0.171337		2.84093		525.522		6.93256e+06		628.789			00:00:02:549		6.75053e+06		102.422		37.643		0		0.0249954		309.844		
00:00:02:450		1.54748e+07		0.171761		2.84043		525.483		6.93458e+06		628.695			00:00:02:450		6.75254e+06		102.04		37.3589		0		0.0208435		309.844		
00:00:02:350		1.54759e+07		0.172106		2.84011		525.474		6.93647e+06		628.141			00:00:02:350		6.75469e+06		102.04		37.3589		0		0.0208435		309.843		
00:00:02:250		1.54768e+07		0.172373		2.83964		525.526		6.93846e+06		628.051			00:00:02:250		6.75700e+06		101.674		37.3589		0		0.0208435		309.844		
00:00:02:149		1.54775e+07		0.172566		2.83928		525.68		6.94094e+06		628.23			00:00:02:149		6.75942e+06		101.674		37.0923		0		0.0166874		309.844		
00:00:02:149		1.54775e+07		0.172566		2.83928		525.68		6.94094e+06		628.23			00:00:02:149		6.75942e+06		101.674		37.0923		0		0.0166874		309.844		
00:00:02:049		1.5478e+07		0.172695		2.83873		525.954		6.94349e+06		628.402			00:00:02:049		6.76192e+06		101.674		37.0923		0		0.0166874		309.844		
00:00:01:850		1.54786e+07		0.172818		2.8376		526.957		6.94879e+06		628.638			00:00:01:850		6.76718e+06		101.328		36.8426		0		0.0125267		309.845		
00:00:01:750		1.54786e+07		0.172837		2.8369		527.667		6.95151e+06		628.535			00:00:01:750		6.76997e+06		101.006		36.8426		0		0.0125267		309.846		
00:00:01:750		1.54786e+07		0.172837		2.8369		527.667		6.95151e+06		628.535			00:00:01:750		6.76997e+06		101.006		36.8426		0		0.0125267		309.846		
00:00:01:550		1.54786e+07		0.172841		2.83587		529.203		6.95685e+06		626.923			00:00:01:550		6.77614e+06		101.006		36.6125		0		0.00836059		309.846		
00:00:01:500		1.54786e+07		0.17284		2.83569		529.807		6.9593e+06		624.61			00:00:01:500		6.77977e+06		100.706		36.4239		0		0.00418717		309.846		
00:00:01:350		1.54786e+07		0.172838		2.8357		530.125		6.96148e+06		620.358			00:00:01:350		6.78411e+06		100.706		36.4239		0		0.00418717		309.846		
00:00:01:250		1.54786e+07		0.172839		2.83572		530.193		6.96323e+06		612.864			00:00:01:250		6.78968e+06		100.383		36.4239		0		0.00418717		309.846		
00:00:01:149		1.54786e+07		0.172839		2.83571		530.192		6.96441e+06		599.839			00:00:01:149		6.79747e+06		100.383		36.3825		0		0		309.846		
00:00:01:050		1.54786e+07		0.172839		2.83571		530.195		6.96487e+06		577.787			00:00:01:050		6.8096e+06		100.383		36.3825		0		0		309.846		
00:00:00:949		1.54786e+07		0.172839		2.83566		530.197		6.96487e+06		526.823			00:00:00:949		6.83119e+06		100.069		36.3828		0		0		309.846		
00:00:00:849		1.54786e+07		0.172839		2.83566		530.201		6.96487e+06		526.823			00:00:00:849		6.83119e+06		100.069		36.3828		0		0		309.846		
00:00:00:849		1.54786e+07		0.172839		2.83566		530.201		6.96487e+06		526.823			00:00:00:849		6.83119e+06		100.069		36.3828		0		0		309.846		
00:00:00:750		1.54786e+07		0.17284		2.8357		530.203		6.96486e+06		526.823			00:00:00:750		6.83118e+06		100.069		36.3828		0		0		309.846		
00:00:00:550		1.54786e+07		0.17284		2.83569		530.208		6.96486e+06		526.825			00:00:00:550		6.83117e+06		100.069		36.3831		0		0		309.846		
00:00:00:550		1.54786e+07		0.17284		2.83569		530.208		6.96486e+06		526.825			00:00:00:550		6.83117e+06		100.069		36.3831		0		0		309.846		
00:00:00:450		1.54786e+07		0.17284		2.83569		530.212		6.96485e+06		526.825			00:00:00:450		6.83117e+06		100.069		36.3834		0		0		309.846		
00:00:00:299		1.54786e+07		0.17284		2.83568		530.216		6.96485e+06		526.826			00:00:00:299		6.83116e+06		100.069		36.3834		0		0		309.846		
00:00:00:250		1.54786e+07		0.17284		2.83572		530.217		6.96484e+06		526.826			00:00:00:250		6.83116e+06		100.069		36.3834		0		0		309.846		
00:00:00:100		1.54785e+07		0.17284		2.83572		530.221		6.96484e+06		526.821			00:00:00:100		6.83116e+06		100.069		36.3837		0		0		309.846		
00:00:00:000		1.54785e+07		0.17284		2.83571		530.225		6.96483e+06		526.826			00:00:00:000		6.83115e+06		100.069		36.3837		0		0		309.846		
00:00:00:000		1.54785e+07		0.17284		2.83571		530.225		6.96483e+06		526.826			00:00:00:000		6.83115e+06		100.069		36.3837		0		0		309.846		
00:00:00:000		1.54785e+07		0.17284		2.83571		530.225		6.96483e+06		526.826			00:00:00:000		6.83115e+06		100.069		36.3837		0		0		309.846		
00:00:00:000		1.54785e+07		0.17284		2.83571		530.225		6.96483e+06		526.826			00:00:00:000		6.83115e+06		100.069		36.3837		0		0		309.846		
00:00:00:000		1.54785e+07		0.17284		2.83571		530.225		6.96483e+06		526.826			00:00:00:000		6.83115e+06		100.069		36.3837		0		0		309.846		
00:00:00:000		1.54785e+07		0.17284		2.83571		530.225		6.96483e+06		526.826			00:00:00:000		6.83115e+06		100.069		36.3837		0		0		309.846		
