	time 		gpv001pnt10113ppntm	evf507ety101mpzoyout	chtcon(1)	chavg(1)	chlhsumpa	rcptavgn			time 		rcpppzr	rcp054rcp007mnzoyout	rcv501std0102fvol	fwfrcp001gv	rcppmssga	msfsg(1)	
00:01:11:750		6.63203e+06		230.841		159.033		0		1.21393		283.569			00:01:11:750		1.27706e+07		-3.81275		0		0		5.71244e+06		291.767		
00:01:11:599		6.63218e+06		230.841		159.033		0		1.21393		283.59			00:01:11:599		1.27729e+07		-3.80873		0		0		5.71655e+06		291.976		
00:01:11:500		6.63227e+06		230.447		159.033		0		1.21393		283.604			00:01:11:500		1.27745e+07		-3.80605		0		0		5.7193e+06		292.114		
00:01:11:400		6.63237e+06		230.447		158.896		0		1.21025		283.617			00:01:11:400		1.27761e+07		-3.80337		0		0		5.72206e+06		292.253		
00:01:11:349		6.63242e+06		230.447		158.896		0		1.21025		283.624			00:01:11:349		1.27769e+07		-3.80203		0		0		5.72344e+06		292.323		
00:01:11:200		6.63256e+06		230.052		158.758		0		1.20655		283.645			00:01:11:200		1.27793e+07		-3.79801		0		0		5.72759e+06		292.531		
00:01:11:099		6.63266e+06		230.052		158.758		0		1.20655		283.659			00:01:11:099		1.27808e+07		-3.79533		0		0		5.73036e+06		292.671		
00:01:10:900		6.63285e+06		229.657		158.62		0		1.20286		283.686			00:01:10:900		1.2784e+07		-3.78997		0		0		5.73593e+06		292.951		
00:01:10:900		6.63285e+06		229.657		158.62		0		1.20286		283.686			00:01:10:900		1.2784e+07		-3.78997		0		0		5.73593e+06		292.951		
00:01:10:799		6.63294e+06		229.657		158.62		0		1.20286		283.699			00:01:10:799		1.27856e+07		-3.78729		0		0		5.73872e+06		293.091		
00:01:10:700		6.63304e+06		229.262		158.482		0		1.19916		283.713			00:01:10:700		1.27872e+07		-3.7846		0		0		5.74152e+06		293.232		
00:01:10:599		6.63314e+06		229.262		158.482		0		1.19916		283.726			00:01:10:599		1.27888e+07		-3.78192		0		0		5.74433e+06		293.373		
00:01:10:500		6.63323e+06		228.866		158.482		0		1.19916		283.739			00:01:10:500		1.27904e+07		-3.77924		0		0		5.74714e+06		293.514		
00:01:10:400		6.63333e+06		228.866		158.344		0		1.19545		283.753			00:01:10:400		1.2792e+07		-3.77657		0		0		5.74996e+06		293.656		
00:01:10:299		6.63342e+06		228.866		158.344		0		1.19545		283.766			00:01:10:299		1.27936e+07		-3.77389		0		0		5.75278e+06		293.798		
00:01:10:200		6.63352e+06		228.469		158.206		0		1.19174		283.779			00:01:10:200		1.27952e+07		-3.77123		0		0		5.75561e+06		293.94		
00:01:10:099		6.63362e+06		228.469		158.206		0		1.19174		283.793			00:01:10:099		1.27968e+07		-3.76857		0		0		5.75845e+06		294.083		
00:01:09:900		6.63381e+06		228.072		158.067		0		1.18803		283.819			00:01:09:900		1.28e+07		-3.76327		0		0		5.76415e+06		294.368		
00:01:09:900		6.63381e+06		228.072		158.067		0		1.18803		283.819			00:01:09:900		1.28e+07		-3.76327		0		0		5.76415e+06		294.368		
00:01:09:799		6.6339e+06		228.072		158.067		0		1.18803		283.832			00:01:09:799		1.28016e+07		-3.76063		0		0		5.76701e+06		294.511		
00:01:09:700		6.634e+06		227.675		157.928		0		1.18431		283.845			00:01:09:700		1.28031e+07		-3.75799		0		0		5.76987e+06		294.655		
00:01:09:599		6.6341e+06		227.675		157.928		0		1.18431		283.858			00:01:09:599		1.28047e+07		-3.75535		0		0		5.77275e+06		294.799		
00:01:09:500		6.63419e+06		227.277		157.928		0		1.18431		283.871			00:01:09:500		1.28063e+07		-3.75272		0		0		5.77563e+06		294.942		
00:01:09:400		6.63429e+06		227.277		157.789		0		1.18059		283.885			00:01:09:400		1.28078e+07		-3.7501		0		0		5.77852e+06		295.086		
00:01:09:299		6.63438e+06		227.277		157.789		0		1.18059		283.898			00:01:09:299		1.28094e+07		-3.74748		0		0		5.78142e+06		295.231		
00:01:09:200		6.63448e+06		226.878		157.65		0		1.17686		283.91			00:01:09:200		1.28109e+07		-3.74486		0		0		5.78432e+06		295.376		
00:01:09:099		6.63458e+06		226.878		157.65		0		1.17686		283.923			00:01:09:099		1.28125e+07		-3.74225		0		0		5.78724e+06		295.521		
00:01:08:900		6.63477e+06		226.479		157.51		0		1.17313		283.949			00:01:08:900		1.28156e+07		-3.73703		0		0		5.79309e+06		295.81		
00:01:08:900		6.63477e+06		226.479		157.51		0		1.17313		283.949			00:01:08:900		1.28156e+07		-3.73703		0		0		5.79309e+06		295.81		
00:01:08:799		6.63486e+06		226.479		157.51		0		1.17313		283.961			00:01:08:799		1.28171e+07		-3.73442		0		0		5.79603e+06		295.953		
00:01:08:650		6.63501e+06		226.079		157.37		0		1.16939		283.98			00:01:08:650		1.28195e+07		-3.73052		0		0		5.80046e+06		296.169		
00:01:08:549		6.6351e+06		226.079		157.37		0		1.16939		283.993			00:01:08:549		1.2821e+07		-3.72792		0		0		5.80344e+06		296.317		
00:01:08:500		6.63515e+06		225.679		157.37		0		1.16939		283.999			00:01:08:500		1.28218e+07		-3.72662		0		0		5.80493e+06		296.392		
00:01:08:349		6.6353e+06		225.679		157.229		0		1.16565		284.018			00:01:08:349		1.28241e+07		-3.72272		0		0		5.80942e+06		296.616		
00:01:08:250		6.63539e+06		225.278		157.229		0		1.16565		284.03			00:01:08:250		1.28256e+07		-3.72013		0		0		5.81242e+06		296.766		
00:01:08:150		6.63549e+06		225.278		157.088		0		1.1619		284.043			00:01:08:150		1.28271e+07		-3.71755		0		0		5.81543e+06		296.916		
00:01:08:049		6.63558e+06		225.278		157.088		0		1.1619		284.055			00:01:08:049		1.28287e+07		-3.71497		0		0		5.81844e+06		297.067		
00:01:07:950		6.63568e+06		224.877		156.947		0		1.15814		284.068			00:01:07:950		1.28302e+07		-3.7124		0		0		5.82147e+06		297.217		
00:01:07:849		6.63578e+06		224.877		156.947		0		1.15814		284.08			00:01:07:849		1.28317e+07		-3.70983		0		0		5.8245e+06		297.368		
00:01:07:799		6.63582e+06		224.877		156.947		0		1.15814		284.086			00:01:07:799		1.28325e+07		-3.70854		0		0		5.82602e+06		297.444		
00:01:07:700		6.63592e+06		224.476		156.806		0		1.15439		284.099			00:01:07:700		1.2834e+07		-3.70598		0		0		5.82907e+06		297.595		
00:01:07:599		6.63602e+06		224.476		156.806		0		1.15439		284.111			00:01:07:599		1.28355e+07		-3.70342		0		0		5.83213e+06		297.746		
00:01:07:500		6.63611e+06		224.073		156.806		0		1.15439		284.123			00:01:07:500		1.2837e+07		-3.70087		0		0		5.8352e+06		297.898		
00:01:07:349		6.63626e+06		224.073		156.664		0		1.15062		284.142			00:01:07:349		1.28392e+07		-3.69704		0		0		5.83982e+06		298.127		
00:01:07:250		6.63635e+06		223.671		156.664		0		1.15062		284.154			00:01:07:250		1.28407e+07		-3.6945		0		0		5.84291e+06		298.28		
00:01:07:150		6.63645e+06		223.671		156.522		0		1.14686		284.167			00:01:07:150		1.28422e+07		-3.69196		0		0		5.84601e+06		298.433		
00:01:07:049		6.63654e+06		223.671		156.522		0		1.14686		284.179			00:01:07:049		1.28437e+07		-3.68943		0		0		5.84913e+06		298.588		
00:01:06:950		6.63664e+06		223.267		156.379		0		1.14308		284.191			00:01:06:950		1.28452e+07		-3.68691		0		0		5.85225e+06		298.744		
00:01:06:849		6.63674e+06		223.267		156.379		0		1.14308		284.203			00:01:06:849		1.28467e+07		-3.68438		0		0		5.85539e+06		298.899		
00:01:06:750		6.63683e+06		222.863		156.379		0		1.14308		284.216			00:01:06:750		1.28482e+07		-3.68186		0		0		5.85853e+06		299.054		
00:01:06:650		6.63693e+06		222.863		156.236		0		1.1393		284.228			00:01:06:650		1.28497e+07		-3.67935		0		0		5.86168e+06		299.212		
00:01:06:549		6.63702e+06		222.863		156.236		0		1.1393		284.24			00:01:06:549		1.28511e+07		-3.67684		0		0		5.86485e+06		299.371		
00:01:06:450		6.63712e+06		222.459		156.093		0		1.13552		284.252			00:01:06:450		1.28526e+07		-3.67432		0		0		5.86802e+06		299.528		
00:01:06:349		6.63722e+06		222.459		156.093		0		1.13552		284.264			00:01:06:349		1.28541e+07		-3.67181		0		0		5.8712e+06		299.689		
00:01:06:250		6.63731e+06		222.054		156.093		0		1.13552		284.276			00:01:06:250		1.28556e+07		-3.66929		0		0		5.8744e+06		299.851		
00:01:06:150		6.63741e+06		222.054		155.949		0		1.13173		284.288			00:01:06:150		1.2857e+07		-3.66678		0		0		5.87759e+06		300.014		
00:01:06:150		6.63741e+06		222.054		155.949		0		1.13173		284.288			00:01:06:150		1.2857e+07		-3.66678		0		0		5.87759e+06		300.014		
00:01:05:950		6.6376e+06		221.648		155.805		0		1.12794		284.312			00:01:05:950		1.286e+07		-3.66173		0		0		5.884e+06		300.336		
00:01:05:849		6.6377e+06		221.648		155.805		0		1.12794		284.324			00:01:05:849		1.28614e+07		-3.6592		0		0		5.88722e+06		300.497		
00:01:05:849		6.6377e+06		221.648		155.805		0		1.12794		284.324			00:01:05:849		1.28614e+07		-3.6592		0		0		5.88722e+06		300.497		
00:01:05:750		6.63779e+06		221.242		155.805		0		1.12794		284.336			00:01:05:750		1.28629e+07		-3.65666		0		0		5.89044e+06		300.659		
00:01:05:549		6.63798e+06		221.242		155.66		0		1.12414		284.36			00:01:05:549		1.28658e+07		-3.65158		0		0		5.89691e+06		300.985		
00:01:05:450		6.63808e+06		220.836		155.515		0		1.12033		284.372			00:01:05:450		1.28673e+07		-3.64903		0		0		5.90016e+06		301.149		
00:01:05:349		6.63818e+06		220.836		155.515		0		1.12033		284.384			00:01:05:349		1.28687e+07		-3.64649		0		0		5.90341e+06		301.315		
00:01:05:250		6.63827e+06		220.428		155.515		0		1.12033		284.396			00:01:05:250		1.28702e+07		-3.64395		0		0		5.90667e+06		301.479		
00:01:05:150		6.63837e+06		220.428		155.37		0		1.11652		284.408			00:01:05:150		1.28716e+07		-3.64141		0		0		5.90993e+06		301.644		
00:01:04:950		6.63856e+06		220.021		155.224		0		1.11271		284.431			00:01:04:950		1.28745e+07		-3.63634		0		0		5.91648e+06		301.973		
00:01:04:849		6.63866e+06		220.021		155.224		0		1.11271		284.443			00:01:04:849		1.2876e+07		-3.63381		0		0		5.91976e+06		302.137		
00:01:04:849		6.63866e+06		220.021		155.224		0		1.11271		284.443			00:01:04:849		1.2876e+07		-3.63381		0		0		5.91976e+06		302.137		
00:01:04:849		6.63866e+06		220.021		155.224		0		1.11271		284.443			00:01:04:849		1.2876e+07		-3.63381		0		0		5.91976e+06		302.137		
00:01:04:750		6.63875e+06		219.612		155.224		0		1.11271		284.454			00:01:04:750		1.28774e+07		-3.63129		0		0		5.92305e+06		302.302		
00:01:04:650		6.63885e+06		219.612		155.077		0		1.10889		284.466			00:01:04:650		1.28789e+07		-3.62877		0		0		5.92635e+06		302.467		
00:01:04:549		6.63894e+06		219.612		155.077		0		1.10889		284.478			00:01:04:549		1.28803e+07		-3.62625		0		0		5.92966e+06		302.633		
00:01:04:450		6.63909e+06		219.203		154.93		0		1.10506		284.495			00:01:04:450		1.28824e+07		-3.62248		0		0		5.93464e+06		302.883		
00:01:04:250		6.63923e+06		218.794		154.93		0		1.10506		284.513			00:01:04:250		1.28846e+07		-3.61872		0		0		5.93964e+06		303.131		
00:01:04:250		6.63923e+06		218.794		154.93		0		1.10506		284.513			00:01:04:250		1.28846e+07		-3.61872		0		0		5.93964e+06		303.131		
00:01:04:150		6.63933e+06		218.794		154.783		0		1.10123		284.524			00:01:04:150		1.2886e+07		-3.61622		0		0		5.94298e+06		303.299		
00:01:03:899		6.63957e+06		218.383		154.635		0		1.09739		284.553			00:01:03:899		1.28896e+07		-3.60998		0		0		5.95137e+06		303.72		
00:01:03:899		6.63957e+06		218.383		154.635		0		1.09739		284.553			00:01:03:899		1.28896e+07		-3.60998		0		0		5.95137e+06		303.72		
00:01:03:799		6.63966e+06		218.383		154.635		0		1.09739		284.564			00:01:03:799		1.2891e+07		-3.6075		0		0		5.95475e+06		303.887		
00:01:03:700		6.63976e+06		217.973		154.486		0		1.09355		284.576			00:01:03:700		1.28924e+07		-3.60502		0		0		5.95813e+06		304.056		
00:01:03:600		6.63986e+06		217.973		154.486		0		1.09355		284.587			00:01:03:600		1.28938e+07		-3.60255		0		0		5.96152e+06		304.226		
00:01:03:500		6.63995e+06		217.562		154.486		0		1.09355		284.599			00:01:03:500		1.28952e+07		-3.60008		0		0		5.96492e+06		304.397		
00:01:03:399		6.64005e+06		217.562		154.337		0		1.0897		284.61			00:01:03:399		1.28966e+07		-3.59761		0		0		5.96833e+06		304.567		
00:01:03:299		6.64014e+06		217.562		154.337		0		1.0897		284.622			00:01:03:299		1.2898e+07		-3.59515		0		0		5.97174e+06		304.737		
00:01:03:200		6.64024e+06		217.15		154.188		0		1.08584		284.633			00:01:03:200		1.28993e+07		-3.59269		0		0		5.97517e+06		304.907		
00:01:03:100		6.64034e+06		217.15		154.188		0		1.08584		284.645			00:01:03:100		1.29007e+07		-3.59024		0		0		5.9786e+06		305.078		
00:01:02:899		6.64053e+06		216.737		154.038		0		1.08198		284.668			00:01:02:899		1.29035e+07		-3.58534		0		0		5.98551e+06		305.42		
00:01:02:899		6.64053e+06		216.737		154.038		0		1.08198		284.668			00:01:02:899		1.29035e+07		-3.58534		0		0		5.98551e+06		305.42		
00:01:02:799		6.64062e+06		216.737		154.038		0		1.08198		284.679			00:01:02:799		1.29048e+07		-3.58289		0		0		5.98897e+06		305.591		
00:01:02:700		6.64072e+06		216.324		153.888		0		1.07812		284.69			00:01:02:700		1.29062e+07		-3.58044		0		0		5.99245e+06		305.763		
00:01:02:600		6.64082e+06		216.324		153.888		0		1.07812		284.702			00:01:02:600		1.29076e+07		-3.578		0		0		5.99594e+06		305.935		
00:01:02:500		6.64091e+06		215.91		153.888		0		1.07812		284.713			00:01:02:500		1.2909e+07		-3.57555		0		0		5.99944e+06		306.108		
00:01:02:399		6.64101e+06		215.91		153.738		0		1.07425		284.724			00:01:02:399		1.29103e+07		-3.57311		0		0		6.00295e+06		306.281		
00:01:02:299		6.64111e+06		215.91		153.738		0		1.07425		284.736			00:01:02:299		1.29117e+07		-3.57067		0		0		6.00648e+06		306.456		
00:01:02:250		6.64115e+06		215.496		153.738		0		1.07425		284.741			00:01:02:250		1.29124e+07		-3.56945		0		0		6.00825e+06		306.543		
00:01:02:100		6.6413e+06		215.496		153.588		0		1.07037		284.758			00:01:02:100		1.29144e+07		-3.56579		0		0		6.01357e+06		306.808		
00:01:02:000		6.6414e+06		215.081		153.588		0		1.07037		284.769			00:01:02:000		1.29158e+07		-3.56335		0		0		6.01713e+06		306.985		
00:01:01:899		6.64149e+06		215.081		153.437		0		1.06648		284.781			00:01:01:899		1.29172e+07		-3.56092		0		0		6.0207e+06		307.162		
00:01:01:799		6.64159e+06		215.081		153.437		0		1.06648		284.792			00:01:01:799		1.29185e+07		-3.55848		0		0		6.02428e+06		307.34		
00:01:01:700		6.64169e+06		214.665		153.286		0		1.0626		284.803			00:01:01:700		1.29199e+07		-3.55605		0		0		6.02788e+06		307.52		
00:01:01:600		6.64179e+06		214.665		153.286		0		1.0626		284.814			00:01:01:600		1.29213e+07		-3.55361		0		0		6.03148e+06		307.699		
00:01:01:500		6.64189e+06		214.249		153.286		0		1.0626		284.825			00:01:01:500		1.29226e+07		-3.55118		0		0		6.03509e+06		307.88		
00:01:01:350		6.64204e+06		214.249		153.134		0		1.0587		284.842			00:01:01:350		1.29247e+07		-3.54754		0		0		6.04054e+06		308.155		
00:01:01:299		6.6421e+06		214.249		153.134		0		1.0587		284.848			00:01:01:299		1.29254e+07		-3.54632		0		0		6.04235e+06		308.246		
00:01:01:200		6.6422e+06		213.832		152.983		0		1.0548		284.859			00:01:01:200		1.29267e+07		-3.54389		0		0		6.04599e+06		308.428		
00:01:01:000		6.6424e+06		213.415		152.983		0		1.0548		284.881			00:01:01:000		1.29294e+07		-3.53904		0		0		6.0533e+06		308.791		
00:01:00:899		6.6425e+06		213.415		152.831		0		1.05089		284.892			00:01:00:899		1.29308e+07		-3.53661		0		0		6.05696e+06		308.973		
00:01:00:899		6.6425e+06		213.415		152.831		0		1.05089		284.892			00:01:00:899		1.29308e+07		-3.53661		0		0		6.05696e+06		308.973		
00:01:00:799		6.6426e+06		213.415		152.831		0		1.05089		284.903			00:01:00:799		1.29322e+07		-3.53419		0		0		6.06064e+06		309.157		
00:01:00:700		6.6427e+06		212.997		152.679		0		1.04698		284.914			00:01:00:700		1.29335e+07		-3.53177		0		0		6.06433e+06		309.341		
00:01:00:600		6.6428e+06		212.997		152.679		0		1.04698		284.925			00:01:00:600		1.29349e+07		-3.52934		0		0		6.06803e+06		309.524		
00:01:00:500		6.6429e+06		212.578		152.679		0		1.04698		284.936			00:01:00:500		1.29362e+07		-3.52692		0		0		6.07173e+06		309.709		
00:01:00:399		6.643e+06		212.578		152.526		0		1.04306		284.947			00:01:00:399		1.29376e+07		-3.5245		0		0		6.07545e+06		309.893		
00:01:00:299		6.6431e+06		212.578		152.526		0		1.04306		284.958			00:01:00:299		1.29389e+07		-3.52208		0		0		6.07918e+06		310.079		
00:01:00:200		6.64319e+06		212.159		152.373		0		1.03913		284.968			00:01:00:200		1.29403e+07		-3.51966		0		0		6.08292e+06		310.265		
00:01:00:049		6.64334e+06		212.159		152.373		0		1.03913		284.985			00:01:00:049		1.29424e+07		-3.51603		0		0		6.08855e+06		310.544		
00:01:00:000		6.64339e+06		211.739		152.373		0		1.03913		284.99			00:01:00:000		1.2943e+07		-3.51482		0		0		6.09043e+06		310.637		
00:00:59:899		6.64348e+06		211.739		152.22		0		1.0352		285.001			00:00:59:899		1.29444e+07		-3.5124		0		0		6.0942e+06		310.823		
00:00:59:799		6.64358e+06		211.739		152.22		0		1.0352		285.012			00:00:59:799		1.29458e+07		-3.50999		0		0		6.09799e+06		311.012		
00:00:59:700		6.64368e+06		211.318		152.067		0		1.03126		285.023			00:00:59:700		1.29471e+07		-3.50757		0		0		6.10179e+06		311.202		
00:00:59:600		6.64377e+06		211.318		152.067		0		1.03126		285.034			00:00:59:600		1.29485e+07		-3.50515		0		0		6.10559e+06		311.392		
00:00:59:500		6.64387e+06		210.897		152.067		0		1.03126		285.045			00:00:59:500		1.29499e+07		-3.50273		0		0		6.10941e+06		311.585		
00:00:59:399		6.64397e+06		210.897		151.913		0		1.02732		285.055			00:00:59:399		1.29512e+07		-3.50031		0		0		6.11324e+06		311.778		
00:00:59:299		6.64406e+06		210.897		151.913		0		1.02732		285.066			00:00:59:299		1.29526e+07		-3.49789		0		0		6.11708e+06		311.971		
00:00:59:200		6.64417e+06		210.475		151.759		0		1.02337		285.077			00:00:59:200		1.2954e+07		-3.49547		0		0		6.12092e+06		312.165		
00:00:59:000		6.64437e+06		210.052		151.759		0		1.02337		285.098			00:00:59:000		1.29567e+07		-3.49062		0		0		6.12865e+06		312.555		
00:00:58:899		6.64448e+06		210.052		151.605		0		1.01941		285.109			00:00:58:899		1.29581e+07		-3.4882		0		0		6.13253e+06		312.749		
00:00:58:899		6.64448e+06		210.052		151.605		0		1.01941		285.109			00:00:58:899		1.29581e+07		-3.4882		0		0		6.13253e+06		312.749		
00:00:58:899		6.64448e+06		210.052		151.605		0		1.01941		285.109			00:00:58:899		1.29581e+07		-3.4882		0		0		6.13253e+06		312.749		
00:00:58:799		6.64458e+06		210.052		151.605		0		1.01941		285.12			00:00:58:799		1.29594e+07		-3.48578		0		0		6.13642e+06		312.946		
00:00:58:700		6.64469e+06		209.628		151.45		0		1.01545		285.131			00:00:58:700		1.29608e+07		-3.48336		0		0		6.14032e+06		313.142		
00:00:58:600		6.64479e+06		209.628		151.45		0		1.01545		285.142			00:00:58:600		1.29621e+07		-3.48093		0		0		6.14423e+06		313.338		
00:00:58:500		6.64489e+06		209.204		151.45		0		1.01545		285.152			00:00:58:500		1.29635e+07		-3.47851		0		0		6.14815e+06		313.535		
00:00:58:399		6.64499e+06		209.204		151.295		0		1.01148		285.163			00:00:58:399		1.29649e+07		-3.47608		0		0		6.15209e+06		313.732		
00:00:58:299		6.6451e+06		209.204		151.295		0		1.01148		285.174			00:00:58:299		1.29662e+07		-3.47365		0		0		6.15603e+06		313.929		
00:00:58:000		6.64539e+06		208.354		151.14		0		1.0075		285.206			00:00:58:000		1.29704e+07		-3.46636		0		0		6.16794e+06		314.524		
00:00:58:000		6.64539e+06		208.354		151.14		0		1.0075		285.206			00:00:58:000		1.29704e+07		-3.46636		0		0		6.16794e+06		314.524		
00:00:57:899		6.64549e+06		208.354		150.984		0		1.00352		285.217			00:00:57:899		1.29717e+07		-3.46392		0		0		6.17194e+06		314.725		
00:00:57:799		6.64559e+06		208.354		150.984		0		1.00352		285.228			00:00:57:799		1.29731e+07		-3.46149		0		0		6.17594e+06		314.926		
00:00:57:799		6.64559e+06		208.354		150.984		0		1.00352		285.228			00:00:57:799		1.29731e+07		-3.46149		0		0		6.17594e+06		314.926		
00:00:57:700		6.64569e+06		207.928		150.828		0		0.999526		285.239			00:00:57:700		1.29745e+07		-3.45905		0		0		6.17996e+06		315.127		
00:00:57:600		6.64579e+06		207.928		150.828		0		0.999526		285.249			00:00:57:600		1.29758e+07		-3.45661		0		0		6.18399e+06		315.327		
00:00:57:399		6.64598e+06		207.501		150.671		0		0.995529		285.271			00:00:57:399		1.29786e+07		-3.45172		0		0		6.1921e+06		315.729		
00:00:57:299		6.64608e+06		207.501		150.671		0		0.995529		285.282			00:00:57:299		1.298e+07		-3.44928		0		0		6.19618e+06		315.934		
00:00:57:299		6.64608e+06		207.501		150.671		0		0.995529		285.282			00:00:57:299		1.298e+07		-3.44928		0		0		6.19618e+06		315.934		
00:00:57:149		6.64623e+06		207.073		150.514		0		0.991526		285.298			00:00:57:149		1.2982e+07		-3.4456		0		0		6.20232e+06		316.245		
00:00:57:000		6.64637e+06		206.645		150.514		0		0.991526		285.314			00:00:57:000		1.29841e+07		-3.44193		0		0		6.20848e+06		316.56		
00:00:56:899		6.64647e+06		206.645		150.357		0		0.987515		285.325			00:00:56:899		1.29855e+07		-3.43948		0		0		6.2126e+06		316.769		
00:00:56:799		6.64657e+06		206.645		150.357		0		0.987515		285.336			00:00:56:799		1.29869e+07		-3.43703		0		0		6.21673e+06		316.978		
00:00:56:799		6.64657e+06		206.645		150.357		0		0.987515		285.336			00:00:56:799		1.29869e+07		-3.43703		0		0		6.21673e+06		316.978		
00:00:56:700		6.64667e+06		206.216		150.199		0		0.983498		285.347			00:00:56:700		1.29882e+07		-3.43457		0		0		6.22086e+06		317.186		
00:00:56:600		6.64677e+06		206.216		150.199		0		0.983498		285.358			00:00:56:600		1.29896e+07		-3.43212		0		0		6.22501e+06		317.396		
00:00:56:500		6.64686e+06		205.786		150.199		0		0.983498		285.369			00:00:56:500		1.2991e+07		-3.42966		0		0		6.22916e+06		317.606		
00:00:56:399		6.64696e+06		205.786		150.04		0		0.979473		285.38			00:00:56:399		1.29924e+07		-3.4272		0		0		6.23333e+06		317.816		
00:00:56:299		6.64706e+06		205.786		150.04		0		0.979473		285.391			00:00:56:299		1.29938e+07		-3.42474		0		0		6.2375e+06		318.027		
00:00:56:200		6.64721e+06		205.355		149.881		0		0.975441		285.407			00:00:56:200		1.29959e+07		-3.42105		0		0		6.24378e+06		318.344		
00:00:55:950		6.6474e+06		204.924		149.721		0		0.971403		285.429			00:00:55:950		1.29987e+07		-3.4161		0		0		6.2522e+06		318.769		
00:00:55:950		6.6474e+06		204.924		149.721		0		0.971403		285.429			00:00:55:950		1.29987e+07		-3.4161		0		0		6.2522e+06		318.769		
00:00:55:850		6.6475e+06		204.924		149.721		0		0.971403		285.44			00:00:55:850		1.30001e+07		-3.41362		0		0		6.25642e+06		318.982		
00:00:55:750		6.6476e+06		204.491		149.721		0		0.971403		285.451			00:00:55:750		1.30015e+07		-3.41113		0		0		6.26065e+06		319.196		
00:00:55:649		6.6477e+06		204.491		149.561		0		0.967358		285.462			00:00:55:649		1.30029e+07		-3.40864		0		0		6.26489e+06		319.41		
00:00:55:549		6.64779e+06		204.491		149.561		0		0.967358		285.474			00:00:55:549		1.30043e+07		-3.40614		0		0		6.26915e+06		319.625		
00:00:55:450		6.64789e+06		204.058		149.4		0		0.963305		285.485			00:00:55:450		1.30057e+07		-3.40364		0		0		6.27341e+06		319.84		
00:00:55:350		6.64799e+06		204.058		149.4		0		0.963305		285.496			00:00:55:350		1.30071e+07		-3.40113		0		0		6.27768e+06		320.056		
00:00:55:250		6.64809e+06		203.625		149.4		0		0.963305		285.507			00:00:55:250		1.30085e+07		-3.39863		0		0		6.28197e+06		320.271		
00:00:55:149		6.64819e+06		203.625		149.239		0		0.959245		285.519			00:00:55:149		1.30099e+07		-3.39611		0		0		6.28626e+06		320.487		
00:00:54:950		6.64838e+06		203.19		149.077		0		0.955179		285.541			00:00:54:950		1.30128e+07		-3.3911		0		0		6.29488e+06		320.921		
00:00:54:950		6.64838e+06		203.19		149.077		0		0.955179		285.541			00:00:54:950		1.30128e+07		-3.3911		0		0		6.29488e+06		320.921		
00:00:54:850		6.64848e+06		203.19		149.077		0		0.955179		285.553			00:00:54:850		1.30142e+07		-3.38859		0		0		6.29921e+06		321.139		
00:00:54:750		6.64858e+06		202.755		149.077		0		0.955179		285.564			00:00:54:750		1.30156e+07		-3.38609		0		0		6.30354e+06		321.36		
00:00:54:649		6.64868e+06		202.755		148.914		0		0.951105		285.576			00:00:54:649		1.3017e+07		-3.3836		0		0		6.30789e+06		321.58		
00:00:54:549		6.64877e+06		202.755		148.914		0		0.951105		285.587			00:00:54:549		1.30185e+07		-3.38111		0		0		6.31225e+06		321.799		
00:00:54:450		6.64887e+06		202.319		148.75		0		0.947023		285.599			00:00:54:450		1.30199e+07		-3.37863		0		0		6.31661e+06		322.017		
00:00:54:350		6.64897e+06		202.319		148.75		0		0.947023		285.61			00:00:54:350		1.30213e+07		-3.37615		0		0		6.32099e+06		322.236		
00:00:54:250		6.64907e+06		201.882		148.75		0		0.947023		285.622			00:00:54:250		1.30227e+07		-3.37368		0		0		6.32538e+06		322.454		
00:00:54:149		6.64917e+06		201.882		148.586		0		0.942935		285.634			00:00:54:149		1.30242e+07		-3.3712		0		0		6.32978e+06		322.673		
00:00:54:049		6.64926e+06		201.882		148.586		0		0.942935		285.646			00:00:54:049		1.30256e+07		-3.36872		0		0		6.3342e+06		322.894		
00:00:53:950		6.64936e+06		201.444		148.421		0		0.938838		285.657			00:00:53:950		1.3027e+07		-3.36623		0		0		6.33862e+06		323.111		
00:00:53:850		6.64946e+06		201.444		148.421		0		0.938838		285.669			00:00:53:850		1.30285e+07		-3.36373		0		0		6.34307e+06		323.331		
00:00:53:649		6.64966e+06		201.006		148.256		0		0.934735		285.693			00:00:53:649		1.30314e+07		-3.35868		0		0		6.352e+06		323.776		
00:00:53:649		6.64966e+06		201.006		148.256		0		0.934735		285.693			00:00:53:649		1.30314e+07		-3.35868		0		0		6.352e+06		323.776		
00:00:53:549		6.64975e+06		201.006		148.256		0		0.934735		285.705			00:00:53:549		1.30328e+07		-3.35611		0		0		6.35649e+06		323.999		
00:00:53:450		6.64985e+06		200.566		148.089		0		0.930624		285.717			00:00:53:450		1.30343e+07		-3.35352		0		0		6.361e+06		324.221		
00:00:53:350		6.64995e+06		200.566		148.089		0		0.930624		285.729			00:00:53:350		1.30357e+07		-3.3509		0		0		6.36552e+06		324.447		
00:00:53:250		6.65005e+06		200.126		148.089		0		0.930624		285.742			00:00:53:250		1.30372e+07		-3.34825		0		0		6.37005e+06		324.674		
00:00:53:149		6.65015e+06		200.126		147.922		0		0.926505		285.754			00:00:53:149		1.30386e+07		-3.34558		0		0		6.37459e+06		324.903		
00:00:53:049		6.65024e+06		200.126		147.922		0		0.926505		285.766			00:00:53:049		1.30401e+07		-3.34288		0		0		6.37915e+06		325.134		
00:00:52:950		6.65034e+06		199.685		147.754		0		0.922379		285.778			00:00:52:950		1.30415e+07		-3.34017		0		0		6.38372e+06		325.362		
00:00:52:799		6.65049e+06		199.685		147.754		0		0.922379		285.797			00:00:52:799		1.30437e+07		-3.33609		0		0		6.39058e+06		325.705		
00:00:52:700		6.65059e+06		199.244		147.585		0		0.918245		285.809			00:00:52:700		1.30452e+07		-3.33339		0		0		6.39517e+06		325.934		
00:00:52:600		6.65069e+06		199.244		147.585		0		0.918245		285.822			00:00:52:600		1.30467e+07		-3.3307		0		0		6.39978e+06		326.163		
00:00:52:549		6.65073e+06		199.244		147.585		0		0.918245		285.828			00:00:52:549		1.30474e+07		-3.32937		0		0		6.40209e+06		326.277		
00:00:52:450		6.65083e+06		198.801		147.415		0		0.914103		285.841			00:00:52:450		1.30489e+07		-3.32675		0		0		6.40671e+06		326.508		
00:00:52:299		6.65098e+06		198.801		147.415		0		0.914103		285.86			00:00:52:299		1.30512e+07		-3.32292		0		0		6.41367e+06		326.854		
00:00:52:200		6.65108e+06		198.358		147.244		0		0.909954		285.872			00:00:52:200		1.30526e+07		-3.32045		0		0		6.41832e+06		327.086		
00:00:52:100		6.65118e+06		198.358		147.244		0		0.909954		285.885			00:00:52:100		1.30541e+07		-3.31805		0		0		6.42299e+06		327.319		
00:00:52:000		6.65127e+06		197.914		147.244		0		0.909954		285.898			00:00:52:000		1.30556e+07		-3.31571		0		0		6.42767e+06		327.553		
00:00:51:899		6.65137e+06		197.914		147.072		0		0.905796		285.911			00:00:51:899		1.30571e+07		-3.31343		0		0		6.43237e+06		327.788		
00:00:51:799		6.65147e+06		197.914		147.072		0		0.905796		285.924			00:00:51:799		1.30587e+07		-3.3112		0		0		6.43707e+06		328.023		
00:00:51:750		6.65152e+06		197.469		147.072		0		0.905796		285.93			00:00:51:750		1.30594e+07		-3.3101		0		0		6.43943e+06		328.141		
00:00:51:600		6.65167e+06		197.469		146.899		0		0.901631		285.949			00:00:51:600		1.30617e+07		-3.30684		0		0		6.44652e+06		328.494		
00:00:51:500		6.65176e+06		197.023		146.899		0		0.901631		285.962			00:00:51:500		1.30632e+07		-3.30469		0		0		6.45127e+06		328.73		
00:00:51:399		6.65186e+06		197.023		146.725		0		0.897457		285.975			00:00:51:399		1.30647e+07		-3.30252		0		0		6.45603e+06		328.966		
00:00:51:299		6.65196e+06		197.023		146.725		0		0.897457		285.988			00:00:51:299		1.30663e+07		-3.30034		0		0		6.4608e+06		329.2		
00:00:51:200		6.65206e+06		196.576		146.549		0		0.893276		286.001			00:00:51:200		1.30678e+07		-3.29814		0		0		6.46559e+06		329.432		
00:00:51:100		6.65216e+06		196.576		146.549		0		0.893276		286.014			00:00:51:100		1.30694e+07		-3.2959		0		0		6.4704e+06		329.664		
00:00:51:000		6.65225e+06		196.128		146.549		0		0.893276		286.027			00:00:51:000		1.3071e+07		-3.29363		0		0		6.47523e+06		329.898		
00:00:50:899		6.65235e+06		196.128		146.372		0		0.889087		286.04			00:00:50:899		1.30725e+07		-3.29131		0		0		6.48008e+06		330.128		
00:00:50:899		6.65235e+06		196.128		146.372		0		0.889087		286.04			00:00:50:899		1.30725e+07		-3.29131		0		0		6.48008e+06		330.128		
00:00:50:799		6.65245e+06		196.128		146.372		0		0.889087		286.054			00:00:50:799		1.30741e+07		-3.28894		0		0		6.48496e+06		330.359		
00:00:50:600		6.65265e+06		195.679		146.194		0		0.884889		286.08			00:00:50:600		1.30774e+07		-3.28407		0		0		6.4948e+06		330.834		
00:00:50:500		6.65274e+06		195.23		146.194		0		0.884889		286.093			00:00:50:500		1.3079e+07		-3.28156		0		0		6.49975e+06		331.071		
00:00:50:500		6.65274e+06		195.23		146.194		0		0.884889		286.093			00:00:50:500		1.3079e+07		-3.28156		0		0		6.49975e+06		331.071		
00:00:50:399		6.65284e+06		195.23		146.015		0		0.880682		286.106			00:00:50:399		1.30806e+07		-3.27902		0		0		6.50473e+06		331.307		
00:00:50:299		6.65294e+06		195.23		146.015		0		0.880682		286.119			00:00:50:299		1.30823e+07		-3.27642		0		0		6.50974e+06		331.543		
00:00:50:200		6.65304e+06		194.78		145.834		0		0.876468		286.132			00:00:50:200		1.30839e+07		-3.27379		0		0		6.51478e+06		331.778		
00:00:50:000		6.65323e+06		194.328		145.834		0		0.876468		286.158			00:00:50:000		1.30872e+07		-3.26843		0		0		6.52496e+06		332.247		
00:00:49:899		6.65333e+06		194.328		145.652		0		0.872244		286.171			00:00:49:899		1.30889e+07		-3.26569		0		0		6.5301e+06		332.481		
00:00:49:899		6.65333e+06		194.328		145.652		0		0.872244		286.171			00:00:49:899		1.30889e+07		-3.26569		0		0		6.5301e+06		332.481		
00:00:49:700		6.65353e+06		193.876		145.468		0		0.868012		286.198			00:00:49:700		1.30922e+07		-3.26013		0		0		6.54052e+06		332.945		
00:00:49:600		6.65363e+06		193.876		145.468		0		0.868012		286.211			00:00:49:600		1.30939e+07		-3.25731		0		0		6.5458e+06		333.176		
00:00:49:500		6.65372e+06		193.422		145.468		0		0.868012		286.224			00:00:49:500		1.30955e+07		-3.25446		0		0		6.55113e+06		333.408		
00:00:49:399		6.65382e+06		193.422		145.282		0		0.86377		286.237			00:00:49:399		1.30972e+07		-3.25158		0		0		6.55652e+06		333.635		
00:00:49:299		6.65392e+06		193.422		145.282		0		0.86377		286.25			00:00:49:299		1.30989e+07		-3.24868		0		0		6.56196e+06		333.856		
00:00:49:200		6.65402e+06		192.968		145.095		0		0.859519		286.264			00:00:49:200		1.31005e+07		-3.24576		0		0		6.56748e+06		334.067		
00:00:49:200		6.65402e+06		192.968		145.095		0		0.859519		286.264			00:00:49:200		1.31005e+07		-3.24576		0		0		6.56748e+06		334.067		
00:00:49:100		6.65412e+06		192.968		145.095		0		0.859519		286.277			00:00:49:100		1.31022e+07		-3.24283		0		0		6.57308e+06		334.165		
00:00:48:899		6.65431e+06		192.512		144.906		0		0.855258		286.303			00:00:48:899		1.31056e+07		-3.23691		0		0		6.58453e+06		334.635		
00:00:48:799		6.65441e+06		192.512		144.906		0		0.855258		286.317			00:00:48:799		1.31073e+07		-3.23394		0		0		6.59039e+06		334.889		
00:00:48:799		6.65441e+06		192.512		144.906		0		0.855258		286.317			00:00:48:799		1.31073e+07		-3.23394		0		0		6.59039e+06		334.889		
00:00:48:700		6.65451e+06		192.056		144.716		0		0.850988		286.33			00:00:48:700		1.3109e+07		-3.23096		0		0		6.59633e+06		335.164		
00:00:48:549		6.65465e+06		192.056		144.716		0		0.850988		286.35			00:00:48:549		1.31115e+07		-3.22647		0		0		6.60537e+06		335.64		
00:00:48:450		6.65475e+06		191.598		144.524		0		0.846707		286.364			00:00:48:450		1.31132e+07		-3.22347		0		0		6.61143e+06		335.994		
00:00:48:350		6.65485e+06		191.598		144.524		0		0.846707		286.377			00:00:48:350		1.31149e+07		-3.22046		0		0		6.61745e+06		336.277		
00:00:48:250		6.65495e+06		191.14		144.524		0		0.846707		286.391			00:00:48:250		1.31166e+07		-3.21744		0		0		6.62333e+06		336.021		
00:00:48:149		6.65505e+06		191.14		144.33		0		0.842411		286.404			00:00:48:149		1.31183e+07		-3.21441		0		0		6.62889e+06		333.385		
00:00:47:850		6.65629e+06		190.68		144.134		0		0.838094		286.445			00:00:47:850		1.31234e+07		-3.20527		0		0		6.64217e+06		253.701		
00:00:47:850		6.65629e+06		190.68		144.134		0		0.838094		286.445			00:00:47:850		1.31234e+07		-3.20527		0		0		6.64217e+06		253.701		
00:00:47:850		6.65629e+06		190.68		144.134		0		0.838094		286.445			00:00:47:850		1.31234e+07		-3.20527		0		0		6.64217e+06		253.701		
00:00:47:750		6.65724e+06		190.218		144.134		0		0.838094		286.458			00:00:47:750		1.31251e+07		-3.2022		0		0		6.64563e+06		232.405		
00:00:47:649		6.6582e+06		190.218		143.937		0		0.833766		286.472			00:00:47:649		1.31269e+07		-3.19913		0		0		6.64875e+06		214.729		
00:00:47:549		6.65913e+06		190.218		143.937		0		0.833766		286.485			00:00:47:549		1.31286e+07		-3.19604		0		0		6.65157e+06		200.042		
00:00:47:450		6.66004e+06		189.756		143.737		0		0.829429		286.499			00:00:47:450		1.31303e+07		-3.19294		0		0		6.65415e+06		187.804		
00:00:47:350		6.66095e+06		189.756		143.737		0		0.829429		286.513			00:00:47:350		1.3132e+07		-3.18984		0		0		6.65653e+06		177.583		
00:00:47:250		6.66186e+06		189.292		143.737		0		0.829429		286.527			00:00:47:250		1.31338e+07		-3.18672		0		0		6.65873e+06		169.064		
00:00:47:149		6.66278e+06		189.292		143.535		0		0.825088		286.54			00:00:47:149		1.31355e+07		-3.18359		0		0		6.66078e+06		161.937		
00:00:46:950		6.66371e+06		189.292		143.535		0		0.825088		286.554			00:00:46:950		1.31373e+07		-3.18045		0		0		6.66272e+06		155.934		
00:00:46:950		6.66466e+06		188.828		143.331		0		0.820742		286.568			00:00:46:950		1.3139e+07		-3.1773		0		0		6.66454e+06		150.918		
00:00:46:850		6.66563e+06		188.828		143.331		0		0.820742		286.582			00:00:46:850		1.31408e+07		-3.17414		0		0		6.66628e+06		146.663		
00:00:46:750		6.66662e+06		188.364		143.331		0		0.820742		286.596			00:00:46:750		1.31425e+07		-3.17097		0		0		6.66795e+06		143.056		
00:00:46:649		6.66762e+06		188.364		143.125		0		0.816393		286.61			00:00:46:649		1.31443e+07		-3.16778		0		0		6.66955e+06		140.004		
00:00:46:549		6.66863e+06		188.364		143.125		0		0.816393		286.623			00:00:46:549		1.31461e+07		-3.16459		0		0		6.67109e+06		137.425		
00:00:46:450		6.66966e+06		187.899		142.917		0		0.812041		286.637			00:00:46:450		1.31478e+07		-3.16138		0		0		6.67259e+06		135.218		
00:00:46:350		6.6707e+06		187.899		142.917		0		0.812041		286.651			00:00:46:350		1.31496e+07		-3.15815		0		0		6.67404e+06		133.319		
00:00:46:250		6.67175e+06		187.434		142.917		0		0.812041		286.665			00:00:46:250		1.31514e+07		-3.15491		0		0		6.67546e+06		131.688		
00:00:46:149		6.6728e+06		187.434		142.706		0		0.807686		286.679			00:00:46:149		1.31532e+07		-3.15166		0		0		6.67684e+06		130.281		
00:00:46:049		6.67386e+06		187.434		142.706		0		0.807686		286.693			00:00:46:049		1.3155e+07		-3.14838		0		0		6.6782e+06		129.087		
00:00:45:950		6.67493e+06		186.969		142.492		0		0.803329		286.708			00:00:45:950		1.31568e+07		-3.14509		0		0		6.67953e+06		128.04		
00:00:45:850		6.67654e+06		186.969		142.492		0		0.803329		286.729			00:00:45:850		1.31595e+07		-3.14012		0		0		6.68149e+06		126.717		
00:00:45:700		6.67762e+06		186.503		142.277		0		0.79897		286.743			00:00:45:700		1.31613e+07		-3.13679		0		0		6.68277e+06		125.97		
00:00:45:649		6.67815e+06		186.503		142.277		0		0.79897		286.75			00:00:45:649		1.31622e+07		-3.13513		0		0		6.68341e+06		125.665		
00:00:45:500		6.67977e+06		186.037		142.277		0		0.79897		286.771			00:00:45:500		1.31649e+07		-3.1301		0		0		6.68529e+06		124.798		
00:00:45:399		6.68085e+06		186.037		142.058		0		0.794608		286.785			00:00:45:399		1.31668e+07		-3.12673		0		0		6.68653e+06		124.301		
00:00:45:299		6.68194e+06		186.037		142.058		0		0.794608		286.799			00:00:45:299		1.31686e+07		-3.12335		0		0		6.68775e+06		123.877		
00:00:45:200		6.68302e+06		185.571		141.837		0		0.790245		286.813			00:00:45:200		1.31705e+07		-3.11996		0		0		6.68897e+06		123.496		
00:00:45:100		6.6841e+06		185.571		141.837		0		0.790245		286.827			00:00:45:100		1.31723e+07		-3.11655		0		0		6.69017e+06		123.17		
00:00:45:000		6.68519e+06		185.105		141.837		0		0.790245		286.842			00:00:45:000		1.31742e+07		-3.11313		0		0		6.69136e+06		122.853		
00:00:44:899		6.68627e+06		185.105		141.613		0		0.78588		286.856			00:00:44:899		1.3176e+07		-3.10969		0		0		6.69254e+06		122.584		
00:00:44:899		6.68627e+06		185.105		141.613		0		0.78588		286.856			00:00:44:899		1.3176e+07		-3.10969		0		0		6.69254e+06		122.584		
00:00:44:799		6.68736e+06		185.105		141.613		0		0.78588		286.87			00:00:44:799		1.31779e+07		-3.10624		0		0		6.69371e+06		122.335		
00:00:44:600		6.68952e+06		184.638		141.387		0		0.781513		286.899			00:00:44:600		1.31816e+07		-3.09929		0		0		6.69602e+06		121.788		
00:00:44:600		6.68952e+06		184.638		141.387		0		0.781513		286.899			00:00:44:600		1.31816e+07		-3.09929		0		0		6.69602e+06		121.788		
00:00:44:500		6.69061e+06		184.171		141.387		0		0.781513		286.913			00:00:44:500		1.31835e+07		-3.09579		0		0		6.69716e+06		121.483		
00:00:44:399		6.69169e+06		184.171		141.158		0		0.777144		286.928			00:00:44:399		1.31854e+07		-3.09227		0		0		6.69828e+06		121.158		
00:00:44:299		6.69277e+06		184.171		141.158		0		0.777144		286.942			00:00:44:299		1.31873e+07		-3.08874		0		0		6.6994e+06		120.83		
00:00:44:200		6.69385e+06		183.704		140.925		0		0.772773		286.956			00:00:44:200		1.31892e+07		-3.0852		0		0		6.7005e+06		120.467		
00:00:44:049		6.69547e+06		183.704		140.925		0		0.772773		286.978			00:00:44:049		1.31921e+07		-3.07984		0		0		6.70214e+06		120.162		
00:00:43:850		6.69763e+06		183.236		140.69		0		0.7684		287.007			00:00:43:850		1.3196e+07		-3.07265		0		0		6.70431e+06		120.389		
00:00:43:799		6.69817e+06		183.236		140.69		0		0.7684		287.014			00:00:43:799		1.31969e+07		-3.07083		0		0		6.70486e+06		120.445		
00:00:43:799		6.69817e+06		183.236		140.69		0		0.7684		287.014			00:00:43:799		1.31969e+07		-3.07083		0		0		6.70486e+06		120.445		
00:00:43:700		6.69925e+06		182.768		140.452		0		0.764026		287.029			00:00:43:700		1.31989e+07		-3.0672		0		0		6.70594e+06		120.559		
00:00:43:549		6.70086e+06		182.768		140.452		0		0.764026		287.051			00:00:43:549		1.32018e+07		-3.06171		0		0		6.70756e+06		120.721		
00:00:43:450		6.70193e+06		182.3		140.211		0		0.75965		287.065			00:00:43:450		1.32038e+07		-3.05803		0		0		6.70864e+06		120.853		
00:00:43:350		6.70299e+06		182.3		140.211		0		0.75965		287.08			00:00:43:350		1.32057e+07		-3.05433		0		0		6.70971e+06		120.991		
00:00:43:149		6.70352e+06		182.3		140.211		0		0.75965		287.087			00:00:43:149		1.32067e+07		-3.05247		0		0		6.71025e+06		121.064		
00:00:43:149		6.70512e+06		181.832		139.966		0		0.755272		287.109			00:00:43:149		1.32097e+07		-3.04686		0		0		6.71186e+06		121.264		
00:00:43:049		6.70617e+06		181.832		139.966		0		0.755272		287.124			00:00:43:049		1.32117e+07		-3.0431		0		0		6.71293e+06		121.412		
00:00:42:850		6.70828e+06		181.363		139.719		0		0.750892		287.153			00:00:42:850		1.32157e+07		-3.0355		0		0		6.71507e+06		121.73		
00:00:42:850		6.70828e+06		181.363		139.719		0		0.750892		287.153			00:00:42:850		1.32157e+07		-3.0355		0		0		6.71507e+06		121.73		
00:00:42:750		6.70934e+06		180.895		139.719		0		0.750892		287.167			00:00:42:750		1.32177e+07		-3.03167		0		0		6.71614e+06		121.932		
00:00:42:649		6.71039e+06		180.895		139.468		0		0.746511		287.182			00:00:42:649		1.32198e+07		-3.02781		0		0		6.71721e+06		122.145		
00:00:42:549		6.71144e+06		180.895		139.468		0		0.746511		287.196			00:00:42:549		1.32218e+07		-3.02393		0		0		6.71828e+06		122.356		
00:00:42:450		6.71248e+06		180.426		139.213		0		0.742129		287.211			00:00:42:450		1.32239e+07		-3.02003		0		0		6.71935e+06		122.602		
00:00:42:350		6.71353e+06		180.426		139.213		0		0.742129		287.225			00:00:42:350		1.32259e+07		-3.0161		0		0		6.72042e+06		122.831		
00:00:42:250		6.71458e+06		179.956		139.213		0		0.742129		287.24			00:00:42:250		1.3228e+07		-3.01214		0		0		6.72149e+06		123.066		
00:00:42:149		6.71562e+06		179.956		138.955		0		0.737744		287.254			00:00:42:149		1.32301e+07		-3.00816		0		0		6.72257e+06		123.287		
00:00:42:049		6.71667e+06		179.956		138.955		0		0.737744		287.269			00:00:42:049		1.32322e+07		-3.00415		0		0		6.72364e+06		123.51		
00:00:41:950		6.71772e+06		179.487		138.694		0		0.733358		287.283			00:00:41:950		1.32343e+07		-3.00012		0		0		6.72471e+06		123.724		
00:00:41:850		6.71878e+06		179.487		138.694		0		0.733358		287.298			00:00:41:850		1.32365e+07		-2.99605		0		0		6.72578e+06		123.904		
00:00:41:750		6.71983e+06		179.017		138.694		0		0.733358		287.312			00:00:41:750		1.32386e+07		-2.99196		0		0		6.72685e+06		124.103		
00:00:41:649		6.72088e+06		179.017		138.429		0		0.72897		287.327			00:00:41:649		1.32408e+07		-2.98784		0		0		6.72792e+06		124.258		
00:00:41:549		6.72194e+06		179.017		138.429		0		0.72897		287.341			00:00:41:549		1.32429e+07		-2.98369		0		0		6.72899e+06		124.409		
00:00:41:450		6.72299e+06		178.547		138.161		0		0.724581		287.356			00:00:41:450		1.32451e+07		-2.97951		0		0		6.73006e+06		124.531		
00:00:41:350		6.72405e+06		178.547		138.161		0		0.724581		287.37			00:00:41:350		1.32473e+07		-2.97529		0		0		6.73112e+06		124.643		
00:00:41:200		6.72563e+06		178.076		137.889		0		0.720189		287.392			00:00:41:200		1.32506e+07		-2.96892		0		0		6.73271e+06		124.766		
00:00:41:100		6.72669e+06		178.076		137.889		0		0.720189		287.407			00:00:41:100		1.32529e+07		-2.96463		0		0		6.73377e+06		124.817		
00:00:41:000		6.72774e+06		177.606		137.889		0		0.720189		287.422			00:00:41:000		1.32551e+07		-2.9603		0		0		6.73482e+06		124.874		
00:00:40:950		6.72827e+06		177.606		137.613		0		0.715797		287.43			00:00:40:950		1.32563e+07		-2.95813		0		0		6.73534e+06		124.891		
00:00:40:850		6.72932e+06		177.606		137.613		0		0.715797		287.445			00:00:40:850		1.32585e+07		-2.95376		0		0		6.73639e+06		124.93		
00:00:40:700		6.73088e+06		177.135		137.333		0		0.711402		287.468			00:00:40:700		1.3262e+07		-2.94714		0		0		6.73795e+06		124.994		
00:00:40:600		6.73193e+06		177.135		137.333		0		0.711402		287.483			00:00:40:600		1.32643e+07		-2.94268		0		0		6.73899e+06		125.035		
00:00:40:500		6.73296e+06		176.664		137.333		0		0.711402		287.499			00:00:40:500		1.32667e+07		-2.93819		0		0		6.74002e+06		125.047		
00:00:40:399		6.734e+06		176.664		137.05		0		0.707006		287.515			00:00:40:399		1.32691e+07		-2.93366		0		0		6.74104e+06		125.051		
00:00:40:299		6.73504e+06		176.664		137.05		0		0.707006		287.531			00:00:40:299		1.32715e+07		-2.92909		0		0		6.74207e+06		125.041		
00:00:40:200		6.73607e+06		176.192		136.763		0		0.702608		287.547			00:00:40:200		1.32739e+07		-2.92449		0		0		6.74309e+06		125.004		
00:00:40:100		6.73709e+06		176.192		136.763		0		0.702608		287.563			00:00:40:100		1.32763e+07		-2.91985		0		0		6.7441e+06		124.992		
00:00:40:000		6.73812e+06		175.72		136.763		0		0.702608		287.579			00:00:40:000		1.32788e+07		-2.91517		0		0		6.74511e+06		124.929		
00:00:39:899		6.73914e+06		175.72		136.472		0		0.698209		287.595			00:00:39:899		1.32813e+07		-2.91045		0		0		6.74612e+06		124.933		
00:00:39:799		6.74016e+06		175.72		136.472		0		0.698209		287.612			00:00:39:799		1.32838e+07		-2.90568		0		0		6.74713e+06		124.976		
00:00:39:700		6.74118e+06		175.248		136.176		0		0.693808		287.628			00:00:39:700		1.32863e+07		-2.90088		0		0		6.74814e+06		124.966		
00:00:39:600		6.7422e+06		175.248		136.176		0		0.693808		287.645			00:00:39:600		1.32888e+07		-2.89604		0		0		6.74915e+06		125.04		
00:00:39:500		6.74321e+06		174.776		136.176		0		0.693808		287.662			00:00:39:500		1.32914e+07		-2.89115		0		0		6.75016e+06		125.106		
00:00:39:500		6.74321e+06		174.776		136.176		0		0.693808		287.662			00:00:39:500		1.32914e+07		-2.89115		0		0		6.75016e+06		125.106		
00:00:39:399		6.74422e+06		174.776		135.876		0		0.689405		287.678			00:00:39:399		1.3294e+07		-2.88622		0		0		6.75117e+06		125.189		
00:00:39:299		6.74523e+06		174.776		135.876		0		0.689405		287.695			00:00:39:299		1.32967e+07		-2.88125		0		0		6.75218e+06		125.257		
00:00:39:200		6.74623e+06		174.303		135.572		0		0.685001		287.712			00:00:39:200		1.32993e+07		-2.87623		0		0		6.75319e+06		125.37		
00:00:39:100		6.74723e+06		174.303		135.572		0		0.685001		287.729			00:00:39:100		1.3302e+07		-2.87117		0		0		6.7542e+06		125.526		
00:00:38:899		6.74921e+06		173.83		135.263		0		0.680595		287.764			00:00:38:899		1.33074e+07		-2.86091		0		0		6.7562e+06		125.797		
00:00:38:899		6.74921e+06		173.83		135.263		0		0.680595		287.764			00:00:38:899		1.33074e+07		-2.86091		0		0		6.7562e+06		125.797		
00:00:38:799		6.7502e+06		173.83		135.263		0		0.680595		287.781			00:00:38:799		1.33102e+07		-2.85572		0		0		6.7572e+06		125.939		
00:00:38:700		6.75117e+06		173.357		134.949		0		0.676188		287.799			00:00:38:700		1.3313e+07		-2.85047		0		0		6.75819e+06		126.061		
00:00:38:600		6.75215e+06		173.357		134.949		0		0.676188		287.817			00:00:38:600		1.33158e+07		-2.84519		0		0		6.75918e+06		126.205		
00:00:38:450		6.7536e+06		172.884		134.63		0		0.671779		287.845			00:00:38:450		1.33201e+07		-2.83717		0		0		6.76064e+06		126.395		
00:00:38:350		6.75456e+06		172.884		134.63		0		0.671779		287.864			00:00:38:350		1.33229e+07		-2.83178		0		0		6.76161e+06		126.498		
00:00:38:200		6.75599e+06		172.41		134.306		0		0.667368		287.893			00:00:38:200		1.33272e+07		-2.82358		0		0		6.76305e+06		126.617		
00:00:38:200		6.75599e+06		172.41		134.306		0		0.667368		287.893			00:00:38:200		1.33272e+07		-2.82358		0		0		6.76305e+06		126.617		
00:00:38:100		6.75694e+06		172.41		134.306		0		0.667368		287.912			00:00:38:100		1.33301e+07		-2.81804		0		0		6.764e+06		126.692		
00:00:37:899		6.75881e+06		171.936		133.976		0		0.662956		287.948			00:00:37:899		1.33362e+07		-2.80676		0		0		6.76587e+06		126.768		
00:00:37:899		6.75881e+06		171.936		133.976		0		0.662956		287.948			00:00:37:899		1.33362e+07		-2.80676		0		0		6.76587e+06		126.768		
00:00:37:799		6.75974e+06		171.936		133.976		0		0.662956		287.967			00:00:37:799		1.33392e+07		-2.80104		0		0		6.76679e+06		126.888		
00:00:37:700		6.76066e+06		171.462		133.639		0		0.658543		287.987			00:00:37:700		1.33424e+07		-2.79526		0		0		6.76774e+06		127.232		
00:00:37:600		6.76159e+06		171.462		133.639		0		0.658543		288.006			00:00:37:600		1.33455e+07		-2.78944		0		0		6.76873e+06		127.726		
00:00:37:500		6.76297e+06		170.988		133.297		0		0.654128		288.036			00:00:37:500		1.33502e+07		-2.7806		0		0		6.77023e+06		128.657		
00:00:37:350		6.76388e+06		170.988		133.297		0		0.654128		288.057			00:00:37:350		1.33535e+07		-2.77464		0		0		6.77122e+06		129.175		
00:00:37:250		6.7648e+06		170.513		133.297		0		0.654128		288.077			00:00:37:250		1.33567e+07		-2.76862		0		0		6.77218e+06		129.421		
00:00:37:149		6.76574e+06		170.513		132.948		0		0.649712		288.097			00:00:37:149		1.336e+07		-2.76253		0		0		6.77314e+06		129.582		
00:00:36:950		6.76758e+06		170.038		132.593		0		0.645295		288.138			00:00:36:950		1.33667e+07		-2.75019		0		0		6.77501e+06		129.867		
00:00:36:850		6.76848e+06		170.038		132.593		0		0.645295		288.159			00:00:36:850		1.33701e+07		-2.74392		0		0		6.77593e+06		130.132		
00:00:36:850		6.76848e+06		170.038		132.593		0		0.645295		288.159			00:00:36:850		1.33701e+07		-2.74392		0		0		6.77593e+06		130.132		
00:00:36:750		6.76937e+06		169.563		132.593		0		0.645295		288.18			00:00:36:750		1.33736e+07		-2.73759		0		0		6.77685e+06		130.388		
00:00:36:649		6.77024e+06		169.563		132.231		0		0.640876		288.201			00:00:36:649		1.33771e+07		-2.7312		0		0		6.77775e+06		130.631		
00:00:36:549		6.77111e+06		169.563		132.231		0		0.640876		288.222			00:00:36:549		1.33806e+07		-2.72475		0		0		6.77863e+06		130.703		
00:00:36:450		6.77197e+06		169.087		131.863		0		0.636455		288.244			00:00:36:450		1.33842e+07		-2.71823		0		0		6.77951e+06		130.85		
00:00:36:350		6.77282e+06		169.087		131.863		0		0.636455		288.265			00:00:36:350		1.33878e+07		-2.71165		0		0		6.78037e+06		131.036		
00:00:36:250		6.77365e+06		168.611		131.863		0		0.636455		288.287			00:00:36:250		1.33915e+07		-2.70499		0		0		6.78122e+06		131.191		
00:00:36:149		6.77448e+06		168.611		131.487		0		0.632034		288.309			00:00:36:149		1.33952e+07		-2.69828		0		0		6.78206e+06		131.319		
00:00:35:950		6.77611e+06		168.135		131.104		0		0.627611		288.354			00:00:35:950		1.34028e+07		-2.68463		0		0		6.78372e+06		131.61		
00:00:35:850		6.7769e+06		168.135		131.104		0		0.627611		288.376			00:00:35:850		1.34067e+07		-2.67771		0		0		6.78453e+06		131.796		
00:00:35:850		6.7769e+06		168.135		131.104		0		0.627611		288.376			00:00:35:850		1.34067e+07		-2.67771		0		0		6.78453e+06		131.796		
00:00:35:750		6.77768e+06		167.659		131.104		0		0.627611		288.399			00:00:35:750		1.34106e+07		-2.67071		0		0		6.78533e+06		132.003		
00:00:35:649		6.77845e+06		167.659		130.714		0		0.623187		288.421			00:00:35:649		1.34146e+07		-2.66365		0		0		6.78613e+06		132.215		
00:00:35:549		6.77922e+06		167.659		130.714		0		0.623187		288.444			00:00:35:549		1.34186e+07		-2.65651		0		0		6.78692e+06		132.44		
00:00:35:399		6.78034e+06		167.182		130.316		0		0.618761		288.479			00:00:35:399		1.34247e+07		-2.64568		0		0		6.78808e+06		132.763		
00:00:35:299		6.78108e+06		167.182		130.316		0		0.618761		288.503			00:00:35:299		1.34288e+07		-2.63837		0		0		6.78885e+06		132.987		
00:00:35:200		6.78182e+06		166.705		129.911		0		0.614335		288.526			00:00:35:200		1.3433e+07		-2.63099		0		0		6.78961e+06		133.236		
00:00:35:100		6.78254e+06		166.705		129.911		0		0.614335		288.55			00:00:35:100		1.34372e+07		-2.62354		0		0		6.79036e+06		133.503		
00:00:35:000		6.78325e+06		166.228		129.911		0		0.614335		288.574			00:00:35:000		1.34415e+07		-2.61601		0		0		6.7911e+06		133.754		
00:00:34:899		6.78395e+06		166.228		129.498		0		0.609907		288.598			00:00:34:899		1.34458e+07		-2.60842		0		0		6.79183e+06		134.008		
00:00:34:799		6.78464e+06		166.228		129.498		0		0.609907		288.623			00:00:34:799		1.34502e+07		-2.60076		0		0		6.79255e+06		134.224		
00:00:34:700		6.78532e+06		165.751		129.077		0		0.605479		288.647			00:00:34:700		1.34546e+07		-2.59302		0		0		6.79326e+06		134.447		
00:00:34:600		6.78599e+06		165.751		129.077		0		0.605479		288.672			00:00:34:600		1.3459e+07		-2.58521		0		0		6.79396e+06		134.663		
00:00:34:500		6.78665e+06		165.274		129.077		0		0.605479		288.697			00:00:34:500		1.34635e+07		-2.57732		0		0		6.79465e+06		134.867		
00:00:34:399		6.7873e+06		165.274		128.647		0		0.601049		288.722			00:00:34:399		1.3468e+07		-2.56936		0		0		6.79532e+06		135.103		
00:00:34:399		6.7873e+06		165.274		128.647		0		0.601049		288.722			00:00:34:399		1.3468e+07		-2.56936		0		0		6.79532e+06		135.103		
00:00:34:299		6.78794e+06		165.274		128.647		0		0.601049		288.747			00:00:34:299		1.34726e+07		-2.56132		0		0		6.79598e+06		135.322		
00:00:34:100		6.78916e+06		164.796		128.21		0		0.596618		288.798			00:00:34:100		1.34819e+07		-2.54503		0		0		6.79726e+06		135.746		
00:00:34:000		6.78975e+06		164.318		128.21		0		0.596618		288.824			00:00:34:000		1.34867e+07		-2.53676		0		0		6.79788e+06		136.008		
00:00:33:899		6.79033e+06		164.318		127.763		0		0.592187		288.85			00:00:33:899		1.34914e+07		-2.52842		0		0		6.79849e+06		136.233		
00:00:33:899		6.79033e+06		164.318		127.763		0		0.592187		288.85			00:00:33:899		1.34914e+07		-2.52842		0		0		6.79849e+06		136.233		
00:00:33:700		6.79144e+06		163.84		127.307		0		0.587755		288.903			00:00:33:700		1.35012e+07		-2.51151		0		0		6.79966e+06		136.751		
00:00:33:700		6.79144e+06		163.84		127.307		0		0.587755		288.903			00:00:33:700		1.35012e+07		-2.51151		0		0		6.79966e+06		136.751		
00:00:33:600		6.79197e+06		163.84		127.307		0		0.587755		288.93			00:00:33:600		1.35062e+07		-2.50294		0		0		6.80022e+06		136.963		
00:00:33:500		6.79248e+06		163.362		127.307		0		0.587755		288.957			00:00:33:500		1.35112e+07		-2.49429		0		0		6.80076e+06		137.165		
00:00:33:399		6.79297e+06		163.362		126.843		0		0.583322		288.984			00:00:33:399		1.35163e+07		-2.48556		0		0		6.80127e+06		137.328		
00:00:33:200		6.79387e+06		162.884		126.368		0		0.578888		289.039			00:00:33:200		1.35267e+07		-2.46787		0		0		6.8022e+06		137.56		
00:00:33:100		6.79427e+06		162.884		126.368		0		0.578888		289.067			00:00:33:100		1.3532e+07		-2.45891		0		0		6.80262e+06		137.743		
00:00:33:000		6.79466e+06		162.405		126.368		0		0.578888		289.096			00:00:33:000		1.35373e+07		-2.44988		0		0		6.80304e+06		137.963		
00:00:32:899		6.79501e+06		162.405		125.884		0		0.574453		289.124			00:00:32:899		1.35427e+07		-2.44076		0		0		6.80344e+06		138.464		
00:00:32:799		6.79535e+06		162.405		125.884		0		0.574453		289.153			00:00:32:799		1.35481e+07		-2.43157		0		0		6.80384e+06		138.917		
00:00:32:700		6.79535e+06		162.405		125.884		0		0.574453		289.153			00:00:32:700		1.35481e+07		-2.43157		0		0		6.80384e+06		138.917		
00:00:32:700		6.79567e+06		161.926		125.39		0		0.570019		289.182			00:00:32:700		1.35537e+07		-2.42231		0		0		6.80424e+06		139.384		
00:00:32:600		6.796e+06		161.926		125.39		0		0.570019		289.211			00:00:32:600		1.35592e+07		-2.41296		0		0		6.80462e+06		139.848		
00:00:32:399		6.79662e+06		161.447		124.888		0		0.565583		289.27			00:00:32:399		1.35705e+07		-2.39404		0		0		6.80537e+06		140.769		
00:00:32:399		6.79662e+06		161.447		124.888		0		0.565583		289.27			00:00:32:399		1.35705e+07		-2.39404		0		0		6.80537e+06		140.769		
00:00:32:299		6.79692e+06		161.447		124.888		0		0.565583		289.3			00:00:32:299		1.35763e+07		-2.38446		0		0		6.80573e+06		141.184		
00:00:32:200		6.79721e+06		160.968		124.378		0		0.561147		289.33			00:00:32:200		1.35821e+07		-2.37482		0		0		6.80608e+06		141.585		
00:00:32:000		6.79778e+06		160.488		124.378		0		0.561147		289.392			00:00:32:000		1.35938e+07		-2.35535		0		0		6.80675e+06		142.376		
00:00:31:850		6.79819e+06		160.488		123.858		0		0.556711		289.439			00:00:31:850		1.36028e+07		-2.34057		0		0		6.80727e+06		143.201		
00:00:31:850		6.79819e+06		160.488		123.858		0		0.556711		289.439			00:00:31:850		1.36028e+07		-2.34057		0		0		6.80727e+06		143.201		
00:00:31:750		6.79846e+06		160.009		123.858		0		0.556711		289.471			00:00:31:750		1.36088e+07		-2.33064		0		0		6.80762e+06		143.771		
00:00:31:649		6.79872e+06		160.009		123.33		0		0.552275		289.503			00:00:31:649		1.36149e+07		-2.32066		0		0		6.80796e+06		144.35		
00:00:31:550		6.79897e+06		160.009		123.33		0		0.552275		289.535			00:00:31:550		1.36211e+07		-2.31062		0		0		6.80829e+06		144.916		
00:00:31:449		6.79922e+06		159.529		122.793		0		0.547838		289.568			00:00:31:449		1.36272e+07		-2.30053		0		0		6.80862e+06		145.509		
00:00:31:350		6.79946e+06		159.529		122.793		0		0.547838		289.601			00:00:31:350		1.36335e+07		-2.29038		0		0		6.80895e+06		146.14		
00:00:31:250		6.79969e+06		159.049		122.793		0		0.547838		289.635			00:00:31:250		1.36398e+07		-2.28017		0		0		6.80928e+06		146.805		
00:00:31:149		6.7999e+06		159.049		122.247		0		0.5434		289.668			00:00:31:149		1.36462e+07		-2.26991		0		0		6.80961e+06		147.737		
00:00:30:949		6.80028e+06		158.569		121.693		0		0.538963		289.737			00:00:30:949		1.36591e+07		-2.24923		0		0		6.81028e+06		149.685		
00:00:30:850		6.80046e+06		158.569		121.693		0		0.538963		289.772			00:00:30:850		1.36656e+07		-2.23881		0		0		6.81062e+06		150.66		
00:00:30:850		6.80046e+06		158.569		121.693		0		0.538963		289.772			00:00:30:850		1.36656e+07		-2.23881		0		0		6.81062e+06		150.66		
00:00:30:750		6.80066e+06		158.089		121.693		0		0.538963		289.807			00:00:30:750		1.36722e+07		-2.22834		0		0		6.81095e+06		151.608		
00:00:30:649		6.80086e+06		158.089		121.133		0		0.534525		289.842			00:00:30:649		1.36789e+07		-2.21781		0		0		6.81129e+06		152.494		
00:00:30:550		6.80106e+06		158.089		121.133		0		0.534525		289.878			00:00:30:550		1.36856e+07		-2.20724		0		0		6.81163e+06		153.364		
00:00:30:449		6.80126e+06		157.608		120.565		0		0.530086		289.915			00:00:30:449		1.36923e+07		-2.19661		0		0		6.81196e+06		154.244		
00:00:30:350		6.80146e+06		157.608		120.565		0		0.530086		289.951			00:00:30:350		1.36992e+07		-2.18593		0		0		6.8123e+06		155.139		
00:00:30:250		6.80166e+06		157.128		120.565		0		0.530086		289.989			00:00:30:250		1.37061e+07		-2.17521		0		0		6.81263e+06		156.01		
00:00:30:149		6.80185e+06		157.128		119.989		0		0.525647		290.026			00:00:30:149		1.3713e+07		-2.16446		0		0		6.81297e+06		156.905		
00:00:29:949		6.80225e+06		156.647		119.407		0		0.521208		290.103			00:00:29:949		1.3727e+07		-2.14287		0		0		6.81364e+06		158.68		
00:00:29:800		6.80254e+06		156.647		119.407		0		0.521208		290.161			00:00:29:800		1.37377e+07		-2.12662		0		0		6.81414e+06		160.063		
00:00:29:800		6.80254e+06		156.647		119.407		0		0.521208		290.161			00:00:29:800		1.37377e+07		-2.12662		0		0		6.81414e+06		160.063		
00:00:29:699		6.80272e+06		156.167		118.817		0		0.516769		290.201			00:00:29:699		1.37449e+07		-2.11576		0		0		6.81449e+06		161.158		
00:00:29:649		6.8028e+06		156.167		118.817		0		0.516769		290.221			00:00:29:649		1.37485e+07		-2.11033		0		0		6.81466e+06		161.754		
00:00:29:500		6.80304e+06		155.686		118.817		0		0.516769		290.281			00:00:29:500		1.37594e+07		-2.09401		0		0		6.81519e+06		163.553		
00:00:29:399		6.80320e+06		155.686		118.22		0		0.512329		290.322			00:00:29:399		1.37667e+07		-2.08313		0		0		6.81555e+06		164.752		
00:00:29:300		6.80338e+06		155.686		118.22		0		0.512329		290.363			00:00:29:300		1.37741e+07		-2.07224		0		0		6.81592e+06		165.953		
00:00:29:199		6.80355e+06		155.205		117.615		0		0.507889		290.405			00:00:29:199		1.37815e+07		-2.06136		0		0		6.81629e+06		167.149		
00:00:29:100		6.80373e+06		155.205		117.615		0		0.507889		290.446			00:00:29:100		1.3789e+07		-2.05047		0		0		6.81667e+06		168.353		
00:00:29:000		6.80392e+06		154.724		117.615		0		0.507889		290.488			00:00:29:000		1.37965e+07		-2.03959		0		0		6.81706e+06		169.555		
00:00:28:899		6.80411e+06		154.724		117.004		0		0.503449		290.531			00:00:28:899		1.3804e+07		-2.0287		0		0		6.81745e+06		170.766		
00:00:28:899		6.80411e+06		154.724		117.004		0		0.503449		290.531			00:00:28:899		1.3804e+07		-2.0287		0		0		6.81745e+06		170.766		
00:00:28:699		6.8045e+06		154.242		116.385		0		0.499008		290.618			00:00:28:699		1.38193e+07		-2.0069		0		0		6.81825e+06		173.196		
00:00:28:600		6.80469e+06		154.242		116.385		0		0.499008		290.662			00:00:28:600		1.3827e+07		-1.99598		0		0		6.81865e+06		174.421		
00:00:28:600		6.80469e+06		154.242		116.385		0		0.499008		290.662			00:00:28:600		1.3827e+07		-1.99598		0		0		6.81865e+06		174.421		
00:00:28:500		6.8049e+06		153.761		116.385		0		0.499008		290.708			00:00:28:500		1.38348e+07		-1.98506		0		0		6.81906e+06		175.64		
00:00:28:399		6.8051e+06		153.761		115.758		0		0.494567		290.754			00:00:28:399		1.38427e+07		-1.97414		0		0		6.81948e+06		176.875		
00:00:28:199		6.80552e+06		153.279		115.125		0		0.490126		290.848			00:00:28:199		1.38588e+07		-1.95231		0		0		6.82032e+06		179.301		
00:00:28:199		6.80552e+06		153.279		115.125		0		0.490126		290.848			00:00:28:199		1.38588e+07		-1.95231		0		0		6.82032e+06		179.301		
00:00:28:100		6.80573e+06		153.279		115.125		0		0.490126		290.895			00:00:28:100		1.38669e+07		-1.94142		0		0		6.82074e+06		180.508		
00:00:27:899		6.80616e+06		152.797		114.484		0		0.485684		290.993			00:00:27:899		1.38832e+07		-1.9197		0		0		6.8216e+06		182.968		
00:00:27:899		6.80616e+06		152.797		114.484		0		0.485684		290.993			00:00:27:899		1.38832e+07		-1.9197		0		0		6.8216e+06		182.968		
00:00:27:800		6.80637e+06		152.797		114.484		0		0.485684		291.042			00:00:27:800		1.38915e+07		-1.90886		0		0		6.82204e+06		184.194		
00:00:27:649		6.8067e+06		152.316		113.836		0		0.481242		291.118			00:00:27:649		1.3904e+07		-1.89262		0		0		6.82269e+06		186.023		
00:00:27:500		6.80702e+06		151.834		113.836		0		0.481242		291.194			00:00:27:500		1.39166e+07		-1.87636		0		0		6.82334e+06		187.82		
00:00:27:399		6.80724e+06		151.834		113.181		0		0.476799		291.246			00:00:27:399		1.39251e+07		-1.8655		0		0		6.82377e+06		188.99		
00:00:27:300		6.80745e+06		151.834		113.181		0		0.476799		291.298			00:00:27:300		1.39336e+07		-1.8546		0		0		6.82419e+06		190.156		
00:00:27:199		6.80766e+06		151.352		112.519		0		0.472356		291.351			00:00:27:199		1.39423e+07		-1.84366		0		0		6.82461e+06		191.254		
00:00:27:100		6.80788e+06		151.352		112.519		0		0.472356		291.404			00:00:27:100		1.39511e+07		-1.83267		0		0		6.82503e+06		192.401		
00:00:27:000		6.80809e+06		150.87		112.519		0		0.472356		291.458			00:00:27:000		1.39599e+07		-1.82163		0		0		6.82545e+06		193.58		
00:00:26:899		6.80831e+06		150.87		111.849		0		0.467913		291.513			00:00:26:899		1.39689e+07		-1.81052		0		0		6.8259e+06		194.809		
00:00:26:899		6.80831e+06		150.87		111.849		0		0.467913		291.513			00:00:26:899		1.39689e+07		-1.81052		0		0		6.8259e+06		194.809		
00:00:26:800		6.80854e+06		150.87		111.849		0		0.467913		291.568			00:00:26:800		1.3978e+07		-1.79934		0		0		6.82635e+06		196.013		
00:00:26:699		6.80876e+06		150.388		111.173		0		0.463469		291.624			00:00:26:699		1.39872e+07		-1.78808		0		0		6.8268e+06		197.285		
00:00:26:600		6.80898e+06		150.388		111.173		0		0.463469		291.68			00:00:26:600		1.39967e+07		-1.77673		0		0		6.82728e+06		198.677		
00:00:26:500		6.80914e+06		149.905		111.173		0		0.463469		291.738			00:00:26:500		1.40063e+07		-1.7653		0		0		6.82777e+06		200.683		
00:00:26:399		6.80924e+06		149.905		110.49		0		0.459025		291.796			00:00:26:399		1.40161e+07		-1.75382		0		0		6.82829e+06		202.823		
00:00:26:250		6.80942e+06		149.423		110.49		0		0.459025		291.884			00:00:26:250		1.40312e+07		-1.73656		0		0		6.82912e+06		206.172		
00:00:26:149		6.80957e+06		149.423		109.8		0		0.454581		291.944			00:00:26:149		1.40414e+07		-1.72499		0		0		6.82973e+06		208.56		
00:00:26:050		6.80972e+06		149.423		109.8		0		0.454581		292.004			00:00:26:050		1.40517e+07		-1.71336		0		0		6.83037e+06		210.996		
00:00:25:850		6.81008e+06		148.94		109.103		0		0.450136		292.128			00:00:25:850		1.40726e+07		-1.68992		0		0		6.83173e+06		215.854		
00:00:25:850		6.81008e+06		148.94		109.103		0		0.450136		292.128			00:00:25:850		1.40726e+07		-1.68992		0		0		6.83173e+06		215.854		
00:00:25:750		6.8103e+06		148.458		109.103		0		0.450136		292.191			00:00:25:750		1.40832e+07		-1.6781		0		0		6.83244e+06		218.18		
00:00:25:649		6.81056e+06		148.458		108.4		0		0.445691		292.255			00:00:25:649		1.40938e+07		-1.66619		0		0		6.83317e+06		220.438		
00:00:25:550		6.81084e+06		148.458		108.4		0		0.445691		292.319			00:00:25:550		1.41045e+07		-1.65418		0		0		6.83392e+06		222.671		
00:00:25:449		6.81114e+06		147.975		107.69		0		0.441245		292.384			00:00:25:449		1.41151e+07		-1.64205		0		0		6.83469e+06		224.872		
00:00:25:350		6.81146e+06		147.975		107.69		0		0.441245		292.451			00:00:25:350		1.41255e+07		-1.62978		0		0		6.83547e+06		227.054		
00:00:25:250		6.8118e+06		147.492		107.69		0		0.441245		292.518			00:00:25:250		1.41356e+07		-1.61735		0		0		6.83627e+06		229.213		
00:00:25:149		6.81215e+06		147.492		106.973		0		0.436799		292.586			00:00:25:149		1.41453e+07		-1.60476		0		0		6.83709e+06		231.338		
00:00:24:949		6.81293e+06		147.009		106.248		0		0.432352		292.724			00:00:24:949		1.41637e+07		-1.57935		0		0		6.83875e+06		235.34		
00:00:24:800		6.81357e+06		147.009		106.248		0		0.432352		292.831			00:00:24:800		1.41775e+07		-1.56017		0		0		6.84003e+06		238.25		
00:00:24:800		6.81357e+06		147.009		106.248		0		0.432352		292.831			00:00:24:800		1.41775e+07		-1.56017		0		0		6.84003e+06		238.25		
00:00:24:750		6.81379e+06		146.525		106.248		0		0.432352		292.866			00:00:24:750		1.41821e+07		-1.55375		0		0		6.84047e+06		239.213		
00:00:24:649		6.81424e+06		146.525		105.512		0		0.427904		292.939			00:00:24:649		1.41913e+07		-1.54087		0		0		6.84134e+06		241.122		
00:00:24:550		6.8147e+06		146.525		105.512		0		0.427904		293.012			00:00:24:550		1.42005e+07		-1.52794		0		0		6.84223e+06		243.01		
00:00:24:449		6.81519e+06		146.042		104.766		0		0.423455		293.085			00:00:24:449		1.42097e+07		-1.51495		0		0		6.84314e+06		244.914		
00:00:24:350		6.8157e+06		146.042		104.766		0		0.423455		293.159			00:00:24:350		1.42189e+07		-1.5019		0		0		6.84408e+06		246.825		
00:00:24:250		6.81625e+06		145.558		104.766		0		0.423455		293.233			00:00:24:250		1.42282e+07		-1.48881		0		0		6.84507e+06		248.845		
00:00:24:149		6.81683e+06		145.558		104.009		0		0.419005		293.308			00:00:24:149		1.42374e+07		-1.47567		0		0		6.84613e+06		251.063		
00:00:23:949		6.81808e+06		145.074		103.241		0		0.414554		293.461			00:00:23:949		1.42559e+07		-1.44926		0		0		6.84844e+06		255.673		
00:00:23:850		6.81875e+06		145.074		103.241		0		0.414554		293.538			00:00:23:850		1.42652e+07		-1.43598		0		0		6.84967e+06		258.033		
00:00:23:850		6.81875e+06		145.074		103.241		0		0.414554		293.538			00:00:23:850		1.42652e+07		-1.43598		0		0		6.84967e+06		258.033		
00:00:23:750		6.81945e+06		144.589		103.241		0		0.414554		293.616			00:00:23:750		1.42744e+07		-1.42266		0		0		6.85093e+06		260.399		
00:00:23:649		6.82019e+06		144.589		102.462		0		0.410101		293.694			00:00:23:649		1.42837e+07		-1.40929		0		0		6.85223e+06		262.783		
00:00:23:500		6.82136e+06		144.105		102.462		0		0.410101		293.812			00:00:23:500		1.42975e+07		-1.38917		0		0		6.85426e+06		266.321		
00:00:23:399		6.82218e+06		144.105		101.672		0		0.405648		293.891			00:00:23:399		1.43068e+07		-1.37569		0		0		6.85564e+06		268.661		
00:00:23:300		6.82303e+06		144.105		101.672		0		0.405648		293.97			00:00:23:300		1.4316e+07		-1.36216		0		0		6.85706e+06		270.962		
00:00:23:199		6.82391e+06		143.619		100.871		0		0.401192		294.049			00:00:23:199		1.43252e+07		-1.34858		0		0		6.8585e+06		273.226		
00:00:23:100		6.82482e+06		143.619		100.871		0		0.401192		294.128			00:00:23:100		1.43344e+07		-1.33494		0		0		6.85997e+06		275.431		
00:00:22:899		6.82678e+06		143.134		100.06		0		0.396735		294.285			00:00:22:899		1.43527e+07		-1.30751		0.197902		0		6.86295e+06		279.446		
00:00:22:800		6.82782e+06		143.134		100.06		0		0.396735		294.363			00:00:22:800		1.43618e+07		-1.29371		0.328972		0		6.86446e+06		281.396		
00:00:22:800		6.82782e+06		143.134		100.06		0		0.396735		294.363			00:00:22:800		1.43618e+07		-1.29371		0.328972		0		6.86446e+06		281.396		
00:00:22:800		6.82782e+06		143.134		100.06		0		0.396735		294.363			00:00:22:800		1.43618e+07		-1.29371		0.328972		0		6.86446e+06		281.396		
00:00:22:699		6.82885e+06		142.648		99.2369		0		0.392277		294.44			00:00:22:699		1.43709e+07		-1.27986		0.45832		0		6.86602e+06		283.373		
00:00:22:600		6.82986e+06		142.648		99.2369		0		0.392277		294.517			00:00:22:600		1.438e+07		-1.26595		0.585131		0		6.86747e+06		284.737		
00:00:22:500		6.83087e+06		142.162		99.2369		0		0.392277		294.594			00:00:22:500		1.4389e+07		-1.25198		0.708596		0		6.86873e+06		285.729		
00:00:22:399		6.83192e+06		142.162		98.4034		0		0.387816		294.67			00:00:22:399		1.4398e+07		-1.23795		0.828211		0		6.87006e+06		287.177		
00:00:22:300		6.833e+06		142.162		98.4034		0		0.387816		294.746			00:00:22:300		1.44069e+07		-1.22387		0.943187		0		6.87155e+06		288.931		
00:00:22:199		6.83409e+06		141.676		97.5593		0		0.383354		294.822			00:00:22:199		1.44158e+07		-1.20972		1.05329		0		6.87311e+06		290.701		
00:00:22:100		6.8352e+06		141.676		97.5593		0		0.383354		294.898			00:00:22:100		1.44245e+07		-1.1955		1.15812		0		6.87467e+06		292.482		
00:00:21:899		6.83736e+06		141.19		96.7047		0		0.37889		295.049			00:00:21:899		1.44416e+07		-1.16685		1.35094		0		6.87777e+06		295.924		
00:00:21:899		6.83736e+06		141.19		96.7047		0		0.37889		295.049			00:00:21:899		1.44416e+07		-1.16685		1.35094		0		6.87777e+06		295.924		
00:00:21:800		6.83835e+06		141.19		96.7047		0		0.37889		295.126			00:00:21:800		1.44499e+07		-1.1524		1.43878		0		6.87923e+06		297.775		
00:00:21:699		6.83929e+06		140.703		95.8402		0		0.374424		295.202			00:00:21:699		1.44579e+07		-1.13789		1.5211		0		6.88066e+06		299.548		
00:00:21:600		6.84031e+06		140.703		95.8402		0		0.374424		295.279			00:00:21:600		1.44655e+07		-1.12334		1.59778		0		6.88206e+06		300.888		
00:00:21:500		6.84139e+06		140.216		95.8402		0		0.374424		295.357			00:00:21:500		1.44731e+07		-1.10881		1.66808		0		6.88346e+06		302.108		
00:00:21:350		6.84302e+06		140.216		94.9669		0		0.369957		295.474			00:00:21:350		1.44847e+07		-1.08707		1.7608		0		6.88562e+06		304.241		
00:00:21:250		6.84408e+06		139.729		94.9669		0		0.369957		295.553			00:00:21:250		1.44926e+07		-1.07264		1.81804		0		6.88707e+06		305.779		
00:00:21:149		6.84515e+06		139.729		94.0869		0		0.365487		295.632			00:00:21:149		1.45008e+07		-1.05827		1.87661		0		6.88855e+06		307.303		
00:00:21:050		6.84622e+06		139.729		94.0869		0		0.365487		295.713			00:00:21:050		1.45094e+07		-1.04395		1.93178		0		6.89004e+06		308.843		
00:00:20:899		6.84785e+06		139.241		93.2008		0		0.361016		295.835			00:00:20:899		1.45231e+07		-1.02249		2.01924		0		6.89227e+06		311.244		
00:00:20:899		6.84785e+06		139.241		93.2008		0		0.361016		295.835			00:00:20:899		1.45231e+07		-1.02249		2.01924		0		6.89227e+06		311.244		
00:00:20:750		6.84956e+06		138.753		93.2008		0		0.361016		295.957			00:00:20:750		1.45362e+07		-1.00071		2.10623		0		6.89469e+06		313.877		
00:00:20:649		6.85071e+06		138.753		92.3092		0		0.356544		296.039			00:00:20:649		1.45443e+07		-0.986119		2.15443		0		6.89633e+06		315.636		
00:00:20:550		6.85186e+06		138.753		92.3092		0		0.356544		296.123			00:00:20:550		1.45519e+07		-0.971427		2.20114		0		6.89796e+06		317.385		
00:00:20:449		6.85301e+06		138.265		91.4123		0		0.352069		296.207			00:00:20:449		1.45589e+07		-0.956804		2.24073		0		6.89959e+06		319.108		
00:00:20:350		6.85416e+06		138.265		91.4123		0		0.352069		296.293			00:00:20:350		1.45662e+07		-0.942316		2.27649		0		6.9012e+06		320.74		
00:00:20:250		6.85532e+06		137.777		91.4123		0		0.352069		296.381			00:00:20:250		1.4574e+07		-0.927986		2.31008		0		6.90281e+06		322.304		
00:00:20:050		6.8576e+06		137.777		90.5098		0		0.347593		296.56			00:00:20:050		1.45913e+07		-0.899775		2.37155		0		6.90596e+06		325.395		
00:00:20:050		6.8576e+06		137.777		90.5098		0		0.347593		296.56			00:00:20:050		1.45913e+07		-0.899775		2.37155		0		6.90596e+06		325.395		
00:00:19:899		6.85925e+06		137.288		89.6013		0		0.343114		296.698			00:00:19:899		1.46055e+07		-0.878797		2.41306		0		6.90826e+06		327.676		
00:00:19:899		6.85925e+06		137.288		89.6013		0		0.343114		296.698			00:00:19:899		1.46055e+07		-0.878797		2.41306		0		6.90826e+06		327.676		
00:00:19:800		6.86033e+06		137.288		89.6013		0		0.343114		296.791			00:00:19:800		1.46149e+07		-0.864821		2.43879		0		6.90976e+06		329.144		
00:00:19:699		6.86141e+06		136.799		88.6871		0		0.338635		296.886			00:00:19:699		1.46243e+07		-0.85085		2.46314		0		6.91124e+06		330.443		
00:00:19:600		6.8625e+06		136.799		88.6871		0		0.338635		296.981			00:00:19:600		1.46337e+07		-0.836883		2.48607		0		6.91267e+06		331.683		
00:00:19:500		6.86354e+06		136.31		88.6871		0		0.338635		297.079			00:00:19:500		1.46431e+07		-0.822927		2.50768		0		6.91407e+06		332.92		
00:00:19:350		6.86504e+06		136.31		87.7675		0		0.334153		297.227			00:00:19:350		1.46573e+07		-0.802021		2.53796		0		6.9161e+06		334.78		
00:00:19:250		6.86598e+06		135.821		87.7675		0		0.334153		297.328			00:00:19:250		1.46667e+07		-0.788096		2.55698		0		6.91741e+06		336.032		
00:00:19:149		6.86688e+06		135.821		86.8433		0		0.329671		297.429			00:00:19:149		1.46761e+07		-0.774187		2.57499		0		6.91868e+06		337.296		
00:00:18:949		6.86854e+06		135.332		85.9151		0		0.325187		297.633			00:00:18:949		1.46948e+07		-0.746425		2.60857		0		6.92109e+06		339.881		
00:00:18:850		6.86929e+06		135.332		85.9151		0		0.325187		297.738			00:00:18:850		1.47042e+07		-0.732579		2.62432		0		6.92223e+06		341.178		
00:00:18:850		6.86929e+06		135.332		85.9151		0		0.325187		297.738			00:00:18:850		1.47042e+07		-0.732579		2.62432		0		6.92223e+06		341.178		
00:00:18:750		6.87e+06		134.842		85.9151		0		0.325187		297.844			00:00:18:750		1.47135e+07		-0.71876		2.63937		0		6.92333e+06		342.486		
00:00:18:649		6.87066e+06		134.842		84.9837		0		0.320702		297.952			00:00:18:649		1.47229e+07		-0.704977		2.65368		0		6.92437e+06		343.793		
00:00:18:550		6.87126e+06		134.842		84.9837		0		0.320702		298.062			00:00:18:550		1.47322e+07		-0.691232		2.667		0		6.92537e+06		345.108		
00:00:18:449		6.8718e+06		134.352		84.0499		0		0.316217		298.174			00:00:18:449		1.47415e+07		-0.677526		2.68005		0		6.92631e+06		346.415		
00:00:18:350		6.87229e+06		134.352		84.0499		0		0.316217		298.287			00:00:18:350		1.47508e+07		-0.663863		2.69209		0		6.9272e+06		347.721		
00:00:18:250		6.87272e+06		133.862		84.0499		0		0.316217		298.402			00:00:18:250		1.47601e+07		-0.650246		2.70341		0		6.92804e+06		349.023		
00:00:18:149		6.8731e+06		133.862		83.1149		0		0.311731		298.519			00:00:18:149		1.47693e+07		-0.636679		2.71411		0		6.92881e+06		350.325		
00:00:18:050		6.87342e+06		133.862		83.1149		0		0.311731		298.638			00:00:18:050		1.47785e+07		-0.623165		2.72423		0		6.92952e+06		351.61		
00:00:17:949		6.87367e+06		133.372		82.1796		0		0.307246		298.759			00:00:17:949		1.47878e+07		-0.609709		2.73418		0		6.93018e+06		352.892		
00:00:17:850		6.87386e+06		133.372		82.1796		0		0.307246		298.881			00:00:17:850		1.4797e+07		-0.596317		2.74337		0		6.93076e+06		354.155		
00:00:17:750		6.87399e+06		132.882		82.1796		0		0.307246		299.006			00:00:17:750		1.48062e+07		-0.582988		2.75161		0		6.93129e+06		355.42		
00:00:17:649		6.87405e+06		132.882		81.2453		0		0.30276		299.133			00:00:17:649		1.48154e+07		-0.569726		2.75957		0		6.93175e+06		356.67		
00:00:17:550		6.87404e+06		132.882		81.2453		0		0.30276		299.261			00:00:17:550		1.48245e+07		-0.556535		2.76742		0		6.93214e+06		357.936		
00:00:17:449		6.87397e+06		132.392		80.3132		0		0.298275		299.39			00:00:17:449		1.48337e+07		-0.543421		2.77505		0		6.93246e+06		359.18		
00:00:17:350		6.87382e+06		132.392		80.3132		0		0.298275		299.522			00:00:17:350		1.48428e+07		-0.530392		2.78221		0		6.93271e+06		360.442		
00:00:17:250		6.8736e+06		131.902		80.3132		0		0.298275		299.655			00:00:17:250		1.4852e+07		-0.517447		2.78927		0		6.93289e+06		361.689		
00:00:17:149		6.87312e+06		131.902		79.3848		0		0.293791		299.86			00:00:17:149		1.48656e+07		-0.4982		2.7979		0		6.93302e+06		363.534		
00:00:17:000		6.8727e+06		131.413		79.3848		0		0.293791		300			00:00:17:000		1.48747e+07		-0.485484		2.80298		0		6.933e+06		364.728		
00:00:16:800		6.87166e+06		131.413		78.4615		0		0.289308		300.285			00:00:16:800		1.4893e+07		-0.460351		2.81215		0		6.93273e+06		367.087		
00:00:16:800		6.87166e+06		131.413		78.4615		0		0.289308		300.285			00:00:16:800		1.4893e+07		-0.460351		2.81215		0		6.93273e+06		367.087		
00:00:16:699		6.87104e+06		130.923		77.5448		0		0.284826		300.43			00:00:16:699		1.49021e+07		-0.44794		2.8162		0		6.93248e+06		368.156		
00:00:16:649		6.87071e+06		130.923		77.5448		0		0.284826		300.503			00:00:16:649		1.49067e+07		-0.441775		2.81812		0		6.93231e+06		368.605		
00:00:16:500		6.86976e+06		130.433		77.5448		0		0.284826		300.724			00:00:16:500		1.49204e+07		-0.423448		2.82336		0		6.93165e+06		369.227		
00:00:16:399		6.86913e+06		130.433		76.6363		0		0.280345		300.875			00:00:16:399		1.49296e+07		-0.411376		2.82609		0		6.93107e+06		369.362		
00:00:16:300		6.86838e+06		130.433		76.6363		0		0.280345		301.028			00:00:16:300		1.49387e+07		-0.399417		2.82893		0		6.93038e+06		369.504		
00:00:16:199		6.86754e+06		129.943		75.7375		0		0.275867		301.184			00:00:16:199		1.49479e+07		-0.387578		2.83126		0		6.92959e+06		369.649		
00:00:16:100		6.86658e+06		129.943		75.7375		0		0.275867		301.343			00:00:16:100		1.49571e+07		-0.375867		2.83285		0		6.9287e+06		369.788		
00:00:16:000		6.86552e+06		129.453		75.7375		0		0.275867		301.505			00:00:16:000		1.49663e+07		-0.3643		2.83369		0		6.92769e+06		369.9		
00:00:15:900		6.86435e+06		129.453		74.8499		0		0.271391		301.67			00:00:15:900		1.49755e+07		-0.352865		2.83445		0		6.92656e+06		369.984		
00:00:15:800		6.86307e+06		129.453		74.8499		0		0.271391		301.837			00:00:15:800		1.49847e+07		-0.341566		2.83388		0		6.92532e+06		370.064		
00:00:15:699		6.86168e+06		128.964		73.975		0		0.266918		302.007			00:00:15:699		1.49939e+07		-0.330391		2.83272		0		6.92397e+06		370.12		
00:00:15:599		6.86019e+06		128.964		73.975		0		0.266918		302.178			00:00:15:599		1.50032e+07		-0.319342		2.8318		0		6.92252e+06		370.193		
00:00:15:500		6.85861e+06		128.475		73.975		0		0.266918		302.352			00:00:15:500		1.50125e+07		-0.308424		2.83022		0		6.92097e+06		370.29		
00:00:15:400		6.85695e+06		128.475		73.1139		0		0.262448		302.529			00:00:15:400		1.50219e+07		-0.297636		2.82836		0		6.91936e+06		370.475		
00:00:15:300		6.85525e+06		128.475		73.1139		0		0.262448		302.709			00:00:15:300		1.50311e+07		-0.286989		2.82613		0		6.91776e+06		370.946		
00:00:15:199		6.85351e+06		127.986		72.2674		0		0.257981		302.891			00:00:15:199		1.50405e+07		-0.276472		2.8234		0		6.91624e+06		371.767		
00:00:15:099		6.85172e+06		127.986		72.2674		0		0.257981		303.072			00:00:15:099		1.50498e+07		-0.266081		2.81992		0		6.91476e+06		372.551		
00:00:14:900		6.85172e+06		127.986		72.2674		0		0.257981		303.072			00:00:14:900		1.50498e+07		-0.266081		2.81992		0		6.91476e+06		372.551		
00:00:14:800		6.84594e+06		127.497		71.4353		0		0.253518		303.633			00:00:14:800		1.50777e+07		-0.235643		2.80779		0		6.90925e+06		372.822		
00:00:14:800		6.84594e+06		127.497		71.4353		0		0.253518		303.633			00:00:14:800		1.50777e+07		-0.235643		2.80779		0		6.90925e+06		372.822		
00:00:14:699		6.84373e+06		127.009		70.6195		0		0.249059		303.825			00:00:14:699		1.5087e+07		-0.22573		2.80218		0		6.90706e+06		372.808		
00:00:14:699		6.84373e+06		127.009		70.6195		0		0.249059		303.825			00:00:14:699		1.5087e+07		-0.22573		2.80218		0		6.90706e+06		372.808		
00:00:14:599		6.84135e+06		127.009		70.6195		0		0.249059		304.02			00:00:14:599		1.50961e+07		-0.215974		2.79593		0		6.90472e+06		372.838		
00:00:14:500		6.83883e+06		126.521		70.6195		0		0.249059		304.217			00:00:14:500		1.51051e+07		-0.206347		2.78903		0		6.90224e+06		372.887		
00:00:14:300		6.83333e+06		126.521		69.8208		0		0.244605		304.616			00:00:14:300		1.51227e+07		-0.187443		2.77346		0		6.89691e+06		373.248		
00:00:14:199		6.8303e+06		126.033		69.0381		0		0.240156		304.818			00:00:14:199		1.51311e+07		-0.178212		2.76528		0		6.89407e+06		373.746		
00:00:14:199		6.8303e+06		126.033		69.0381		0		0.240156		304.818			00:00:14:199		1.51311e+07		-0.178212		2.76528		0		6.89407e+06		373.746		
00:00:14:099		6.82522e+06		126.033		69.0381		0		0.240156		305.124			00:00:14:099		1.51439e+07		-0.164686		2.75209		18.6685		6.88954e+06		373.554		
00:00:13:900		6.82007e+06		125.546		68.2665		0		0.235714		305.428			00:00:13:900		1.51565e+07		-0.151532		2.73731		33.2627		6.88469e+06		373.229		
00:00:13:900		6.82007e+06		125.546		68.2665		0		0.235714		305.428			00:00:13:900		1.51565e+07		-0.151532		2.73731		33.2627		6.88469e+06		373.229		
00:00:13:800		6.8165e+06		125.546		68.2665		0		0.235714		305.632			00:00:13:800		1.51647e+07		-0.142973		2.72732		44.4479		6.88128e+06		375.879		
00:00:13:699		6.8128e+06		125.059		67.4979		0		0.231278		305.838			00:00:13:699		1.51729e+07		-0.134573		2.71679		54.124		6.8777e+06		373.346		
00:00:13:599		6.80912e+06		125.059		67.4979		0		0.231278		306.045			00:00:13:599		1.5181e+07		-0.126314		2.70579		59.8969		6.87396e+06		373.165		
00:00:13:500		6.80508e+06		124.573		67.4979		0		0.231278		306.252			00:00:13:500		1.51892e+07		-0.118185		2.6946		68.8863		6.87003e+06		372.874		
00:00:13:400		6.80096e+06		124.573		66.7324		0		0.226849		306.46			00:00:13:400		1.51974e+07		-0.110204		2.68252		77.3669		6.86586e+06		372.1		
00:00:13:300		6.79691e+06		124.573		66.7324		0		0.226849		306.665			00:00:13:300		1.52057e+07		-0.102421		2.6697		85.4395		6.8614e+06		370.026		
00:00:13:199		6.793e+06		124.087		65.9699		0		0.222426		306.869			00:00:13:199		1.52138e+07		-0.0949039		2.65595		93.3676		6.85659e+06		366.167		
00:00:13:050		6.78868e+06		124.087		65.9699		0		0.222426		307.165			00:00:13:050		1.52253e+07		-0.0842667		2.63481		105.472		6.84856e+06		351.916		
00:00:12:849		6.7826e+06		123.602		65.2104		0		0.218008		307.541			00:00:12:849		1.52383e+07		-0.0710645		2.61268		121.209		6.83622e+06		331.086		
00:00:12:849		6.7826e+06		123.602		65.2104		0		0.218008		307.541			00:00:12:849		1.52383e+07		-0.0710645		2.61268		121.209		6.83622e+06		331.086		
00:00:12:750		6.77874e+06		123.117		65.2104		0		0.218008		307.72			00:00:12:750		1.52445e+07		-0.064508		2.60264		129.575		6.82938e+06		320.113		
00:00:12:650		6.77451e+06		123.117		64.454		0		0.213597		307.894			00:00:12:650		1.52514e+07		-0.0579352		2.59058		139.243		6.82214e+06		308.817		
00:00:12:550		6.76977e+06		123.117		64.454		0		0.213597		308.059			00:00:12:550		1.52587e+07		-0.0515122		2.57756		151.757		6.81452e+06		297.91		
00:00:12:449		6.76496e+06		122.633		63.7006		0		0.209195		308.214			00:00:12:449		1.52659e+07		-0.0453153		2.56457		171.292		6.80664e+06		286.181		
00:00:12:349		6.76008e+06		122.633		63.7006		0		0.209195		308.357			00:00:12:349		1.52729e+07		-0.0393634		2.55143		205.753		6.79866e+06		274.78		
00:00:12:250		6.75509e+06		122.15		63.7006		0		0.209195		308.486			00:00:12:250		1.52798e+07		-0.0336785		2.53785		256.124		6.79084e+06		263.857		
00:00:12:150		6.74994e+06		122.15		62.9501		0		0.204801		308.601			00:00:12:150		1.52865e+07		-0.028285		2.52416		308.31		6.78352e+06		258.184		
00:00:12:050		6.74337e+06		122.15		62.9501		0		0.204801		308.701			00:00:12:050		1.52929e+07		-0.0231957		2.51088		356.177		6.77726e+06		265.637		
00:00:11:900		6.7206e+06		121.668		62.2021		0		0.200458		308.823			00:00:11:900		1.53019e+07		-0.0161562		2.4932		416.568		6.77129e+06		348.432		
00:00:11:900		6.7206e+06		121.668		62.2021		0		0.200458		308.823			00:00:11:900		1.53019e+07		-0.0161562		2.4932		416.568		6.77129e+06		348.432		
00:00:11:750		6.65497e+06		121.188		62.2021		0		0.200458		308.914			00:00:11:750		1.531e+07		-0.0098691		2.47751		463.249		6.76973e+06		507.781		
00:00:11:650		6.6358e+06		121.188		61.4562		0		0.196147		308.96			00:00:11:650		1.53147e+07		-0.0060997		2.4678		487.464		6.76996e+06		551.751		
00:00:11:550		6.61292e+06		121.188		61.4562		0		0.196147		308.996			00:00:11:550		1.53189e+07		-0.00265169		2.45904		506.855		6.77095e+06		598.469		
00:00:11:449		6.59449e+06		120.708		60.7121		0		0.191845		309.024			00:00:11:449		1.53224e+07		0.000504017		2.45152		522.013		6.77234e+06		624.37		
00:00:11:349		6.58632e+06		120.708		60.7121		0		0.191845		309.046			00:00:11:349		1.53252e+07		0.00341177		2.44498		533.208		6.7738e+06		634.373		
00:00:11:250		6.59128e+06		120.229		60.7121		0		0.191845		309.064			00:00:11:250		1.53275e+07		0.00612974		2.43895		539.913		6.77516e+06		628.634		
00:00:11:150		6.59504e+06		120.229		59.9695		0		0.187538		309.08			00:00:11:150		1.53293e+07		0.00872326		2.43394		541.643		6.77647e+06		625.011		
00:00:11:050		6.59714e+06		120.229		59.9695		0		0.187538		309.093			00:00:11:050		1.53308e+07		0.0112576		2.42964		541.474		6.77777e+06		625.004		
00:00:10:849		6.5997e+06		119.748		59.2285		0		0.18323		309.114			00:00:10:849		1.53335e+07		0.0163255		2.43205		541.692		6.78039e+06		625.085		
00:00:10:849		6.5997e+06		119.748		59.2285		0		0.18323		309.114			00:00:10:849		1.53335e+07		0.0163255		2.43205		541.692		6.78039e+06		625.085		
00:00:10:750		6.60101e+06		119.267		59.2285		0		0.18323		309.124			00:00:10:750		1.53348e+07		0.0188823		2.43445		540.854		6.7817e+06		625.157		
00:00:10:650		6.60229e+06		119.267		58.4891		0		0.178919		309.134			00:00:10:650		1.53362e+07		0.0214529		2.43614		540.634		6.78301e+06		625.258		
00:00:10:550		6.60359e+06		119.267		58.4891		0		0.178919		309.144			00:00:10:550		1.53376e+07		0.0240359		2.43722		540.417		6.78433e+06		625.229		
00:00:10:449		6.60493e+06		118.786		57.7514		0		0.174606		309.154			00:00:10:449		1.5339e+07		0.0266309		2.43948		540.195		6.78565e+06		625.239		
00:00:10:349		6.60623e+06		118.786		57.7514		0		0.174606		309.164			00:00:10:349		1.53404e+07		0.0292377		2.44373		539.978		6.78697e+06		625.273		
00:00:10:250		6.60758e+06		118.303		57.7514		0		0.174606		309.175			00:00:10:250		1.53418e+07		0.0318542		2.44628		539.759		6.78829e+06		625.289		
00:00:10:150		6.60891e+06		118.303		57.0155		0		0.17029		309.186			00:00:10:150		1.53432e+07		0.0344806		2.44637		539.541		6.78962e+06		625.281		
00:00:10:050		6.61023e+06		118.303		57.0155		0		0.17029		309.197			00:00:10:050		1.53446e+07		0.0368285		2.44639		539.322		6.79095e+06		625.326		
00:00:09:849		6.61288e+06		117.82		56.2814		0		0.165973		309.219			00:00:09:849		1.53478e+07		0.0414472		2.45844		538.891		6.79363e+06		625.387		
00:00:09:849		6.61288e+06		117.82		56.2814		0		0.165973		309.219			00:00:09:849		1.53478e+07		0.0414472		2.45844		538.891		6.79363e+06		625.387		
00:00:09:750		6.61422e+06		117.336		56.2814		0		0.165973		309.231			00:00:09:750		1.53494e+07		0.0437493		2.46218		538.676		6.79498e+06		625.504		
00:00:09:650		6.61553e+06		117.336		55.5492		0		0.161654		309.242			00:00:09:650		1.5351e+07		0.0460448		2.45718		538.46		6.79633e+06		625.421		
00:00:09:550		6.61693e+06		117.336		55.5492		0		0.161654		309.254			00:00:09:550		1.53526e+07		0.0483346		2.45018		538.246		6.79768e+06		625.45		
00:00:09:449		6.61828e+06		116.852		54.8189		0		0.157333		309.266			00:00:09:449		1.53543e+07		0.0506167		2.44792		538.034		6.79905e+06		625.533		
00:00:09:300		6.62032e+06		116.852		54.8189		0		0.157333		309.284			00:00:09:300		1.53567e+07		0.0540261		2.48118		537.717		6.8011e+06		625.567		
00:00:09:199		6.62166e+06		116.366		54.0907		0		0.15301		309.296			00:00:09:199		1.53584e+07		0.0562882		2.50496		537.506		6.80247e+06		625.675		
00:00:09:099		6.62302e+06		116.366		54.0907		0		0.15301		309.308			00:00:09:099		1.53601e+07		0.0585408		2.53054		537.298		6.80385e+06		625.734		
00:00:09:050		6.62369e+06		116.366		54.0907		0		0.15301		309.314			00:00:09:050		1.53609e+07		0.0596628		2.54464		537.194		6.80454e+06		625.724		
00:00:08:949		6.62509e+06		115.88		53.3647		0		0.148686		309.326			00:00:08:949		1.53626e+07		0.0618992		2.56929		536.985		6.80593e+06		625.783		
00:00:08:849		6.62648e+06		115.88		53.3647		0		0.148686		309.338			00:00:08:849		1.53643e+07		0.0641236		2.5882		536.778		6.80732e+06		625.734		
00:00:08:699		6.62854e+06		115.394		52.6411		0		0.14436		309.357			00:00:08:699		1.53668e+07		0.0674353		2.61873		536.467		6.80942e+06		625.849		
00:00:08:599		6.62995e+06		115.394		52.6411		0		0.14436		309.369			00:00:08:599		1.53685e+07		0.0696268		2.65161		536.26		6.81082e+06		625.896		
00:00:08:500		6.63136e+06		114.906		52.6411		0		0.14436		309.381			00:00:08:500		1.53702e+07		0.0718036		2.68454		536.056		6.81224e+06		625.925		
00:00:08:400		6.6328e+06		114.906		51.9206		0		0.140031		309.394			00:00:08:400		1.53719e+07		0.073966		2.69935		535.854		6.81366e+06		625.867		
00:00:08:300		6.63422e+06		114.906		51.9206		0		0.140031		309.406			00:00:08:300		1.53736e+07		0.0761137		2.70413		535.648		6.81508e+06		625.909		
00:00:08:199		6.63562e+06		114.418		51.2046		0		0.1357		309.418			00:00:08:199		1.53753e+07		0.0782456		2.70927		535.446		6.81651e+06		625.999		
00:00:08:099		6.63706e+06		114.418		51.2046		0		0.1357		309.43			00:00:08:099		1.5377e+07		0.0803614		2.71268		535.244		6.81794e+06		625.996		
00:00:08:050		6.63851e+06		113.93		51.2046		0		0.1357		309.442			00:00:08:050		1.53787e+07		0.0824614		2.71909		535.043		6.81939e+06		626.043		
00:00:07:900		6.63996e+06		113.93		50.4958		0		0.131367		309.454			00:00:07:900		1.53804e+07		0.0845442		2.72432		534.844		6.82084e+06		626.045		
00:00:07:799		6.64139e+06		113.93		50.4958		0		0.131367		309.466			00:00:07:799		1.53821e+07		0.0866108		2.72834		534.646		6.8223e+06		626.159		
00:00:07:700		6.64286e+06		113.44		49.7968		0		0.127031		309.478			00:00:07:700		1.53838e+07		0.0886607		2.73371		534.449		6.82376e+06		626.098		
00:00:07:599		6.64433e+06		113.44		49.7968		0		0.127031		309.49			00:00:07:599		1.53855e+07		0.090692		2.73617		534.251		6.82524e+06		626.154		
00:00:07:500		6.64579e+06		112.951		49.7968		0		0.127031		309.501			00:00:07:500		1.53872e+07		0.0927057		2.74184		534.056		6.82672e+06		626.258		
00:00:07:400		6.64725e+06		112.951		49.1083		0		0.122693		309.513			00:00:07:400		1.53889e+07		0.0947008		2.74716		533.864		6.8282e+06		626.321		
00:00:07:299		6.64875e+06		112.951		49.1083		0		0.122693		309.525			00:00:07:299		1.53906e+07		0.0966773		2.75114		533.669		6.8297e+06		626.279		
00:00:07:200		6.65024e+06		112.461		48.4308		0		0.118352		309.536			00:00:07:200		1.53923e+07		0.0986347		2.7585		533.477		6.8312e+06		626.326		
00:00:07:200		6.65024e+06		112.461		48.4308		0		0.118352		309.536			00:00:07:200		1.53923e+07		0.0986347		2.7585		533.477		6.8312e+06		626.326		
00:00:06:900		6.65477e+06		111.97		47.7649		0		0.114009		309.569			00:00:06:900		1.53973e+07		0.104393		2.76815		532.909		6.83576e+06		626.439		
00:00:06:799		6.6563e+06		111.97		47.7649		0		0.114009		309.58			00:00:06:799		1.5399e+07		0.106274		2.77218		532.721		6.8373e+06		626.518		
00:00:06:799		6.6563e+06		111.97		47.7649		0		0.114009		309.58			00:00:06:799		1.5399e+07		0.106274		2.77218		532.721		6.8373e+06		626.518		
00:00:06:799		6.6563e+06		111.97		47.7649		0		0.114009		309.58			00:00:06:799		1.5399e+07		0.106274		2.77218		532.721		6.8373e+06		626.518		
00:00:06:599		6.65937e+06		111.479		47.111		0		0.109663		309.601			00:00:06:599		1.54023e+07		0.109976		2.78001		532.349		6.84039e+06		626.61		
00:00:06:500		6.66091e+06		110.989		47.111		0		0.109663		309.612			00:00:06:500		1.54039e+07		0.111798		2.78342		532.166		6.84195e+06		626.681		
00:00:06:500		6.66091e+06		110.989		47.111		0		0.109663		309.612			00:00:06:500		1.54039e+07		0.111798		2.78342		532.166		6.84195e+06		626.681		
00:00:06:400		6.66247e+06		110.989		46.4699		0		0.105315		309.622			00:00:06:400		1.54056e+07		0.113601		2.78779		531.984		6.84353e+06		626.708		
00:00:06:299		6.66404e+06		110.989		46.4699		0		0.105315		309.632			00:00:06:299		1.54072e+07		0.115384		2.79107		531.801		6.84511e+06		626.759		
00:00:06:099		6.66718e+06		110.498		45.8419		0		0.100964		309.651			00:00:06:099		1.54105e+07		0.11889		2.79848		531.445		6.84831e+06		626.952		
00:00:06:000		6.66877e+06		110.008		45.8419		0		0.100964		309.661			00:00:06:000		1.54121e+07		0.120613		2.80107		531.27		6.84992e+06		627.045		
00:00:06:000		6.66877e+06		110.008		45.8419		0		0.100964		309.661			00:00:06:000		1.54121e+07		0.120613		2.80107		531.27		6.84992e+06		627.045		
00:00:05:799		6.67197e+06		110.008		45.2278		0		0.0966098		309.679			00:00:05:799		1.54153e+07		0.123997		2.80781		530.925		6.85317e+06		627.163		
00:00:05:799		6.67197e+06		110.008		45.2278		0		0.0966098		309.679			00:00:05:799		1.54153e+07		0.123997		2.80781		530.925		6.85317e+06		627.163		
00:00:05:700		6.6736e+06		109.518		44.6279		0		0.0922533		309.688			00:00:05:700		1.54169e+07		0.125657		2.81088		530.756		6.85482e+06		627.184		
00:00:05:500		6.67684e+06		109.028		44.6279		0		0.0922533		309.705			00:00:05:500		1.54201e+07		0.128915		2.81599		530.418		6.85814e+06		627.407		
00:00:05:500		6.67684e+06		109.028		44.6279		0		0.0922533		309.705			00:00:05:500		1.54201e+07		0.128915		2.81599		530.418		6.85814e+06		627.407		
00:00:05:400		6.67847e+06		109.028		44.0428		0		0.0878941		309.714			00:00:05:400		1.54217e+07		0.130512		2.81858		530.25		6.85982e+06		627.514		
00:00:05:250		6.68098e+06		108.54		44.0428		0		0.0878941		309.726			00:00:05:250		1.5424e+07		0.132868		2.8228		530		6.86235e+06		627.644		
00:00:05:150		6.68268e+06		108.54		43.4729		0		0.083532		309.733			00:00:05:150		1.54256e+07		0.134412		2.82561		529.838		6.86406e+06		627.71		
00:00:05:049		6.68437e+06		108.54		43.4729		0		0.083532		309.741			00:00:05:049		1.54271e+07		0.135935		2.82748		529.674		6.86578e+06		627.791		
00:00:04:849		6.68779e+06		108.053		42.9187		0		0.0791671		309.755			00:00:04:849		1.54302e+07		0.138916		2.83226		529.356		6.86925e+06		627.911		
00:00:04:849		6.68779e+06		108.053		42.9187		0		0.0791671		309.755			00:00:04:849		1.54302e+07		0.138916		2.83226		529.356		6.86925e+06		627.911		
00:00:04:750		6.6895e+06		107.567		42.9187		0		0.0791671		309.762			00:00:04:750		1.54317e+07		0.140372		2.83435		529.195		6.87101e+06		628.028		
00:00:04:700		6.69036e+06		107.567		42.3806		0		0.0747993		309.765			00:00:04:700		1.54325e+07		0.141092		2.83549		529.116		6.87189e+06		628.089		
00:00:04:599		6.69209e+06		107.567		42.3806		0		0.0747993		309.772			00:00:04:599		1.5434e+07		0.142515		2.83716		528.961		6.87367e+06		628.221		
00:00:04:500		6.69382e+06		107.084		42.3806		0		0.0747993		309.778			00:00:04:500		1.54355e+07		0.143915		2.8389		528.808		6.87546e+06		628.375		
00:00:04:349		6.69644e+06		107.084		41.859		0		0.0704285		309.786			00:00:04:349		1.54377e+07		0.145972		2.84162		528.576		6.87817e+06		628.549		
00:00:04:250		6.69821e+06		106.603		41.859		0		0.0704285		309.792			00:00:04:250		1.54392e+07		0.147315		2.84328		528.422		6.87999e+06		628.653		
00:00:04:150		6.70002e+06		106.603		41.3544		0		0.0660547		309.797			00:00:04:150		1.54406e+07		0.148635		2.84447		528.271		6.88184e+06		628.82		
00:00:04:049		6.70179e+06		106.603		41.3544		0		0.0660547		309.802			00:00:04:049		1.54421e+07		0.149933		2.84576		528.121		6.88369e+06		628.941		
00:00:03:950		6.70361e+06		106.125		40.8671		0		0.0616779		309.807			00:00:03:950		1.54435e+07		0.151209		2.84665		527.97		6.88556e+06		629.081		
00:00:03:850		6.70544e+06		106.125		40.8671		0		0.0616779		309.811			00:00:03:850		1.5445e+07		0.152463		2.84713		527.822		6.88745e+06		629.277		
00:00:03:750		6.70724e+06		105.652		40.8671		0		0.0616779		309.815			00:00:03:750		1.54464e+07		0.153695		2.84935		527.671		6.88935e+06		629.469		
00:00:03:649		6.70912e+06		105.652		40.3977		0		0.0572979		309.819			00:00:03:649		1.54479e+07		0.154902		2.84923		527.519		6.89127e+06		629.633		
00:00:03:549		6.711e+06		105.652		40.3977		0		0.0572979		309.822			00:00:03:549		1.54493e+07		0.156085		2.85044		527.371		6.89321e+06		629.71		
00:00:03:450		6.71289e+06		105.182		39.9478		0		0.0529147		309.826			00:00:03:450		1.54508e+07		0.157238		2.85009		527.219		6.89517e+06		629.921		
00:00:03:350		6.71476e+06		105.182		39.9478		0		0.0529147		309.828			00:00:03:350		1.54522e+07		0.15836		2.85039		527.069		6.89714e+06		630.097		
00:00:03:250		6.71667e+06		104.719		39.9478		0		0.0529147		309.831			00:00:03:250		1.54537e+07		0.159448		2.85068		526.918		6.89914e+06		630.371		
00:00:03:149		6.71858e+06		104.719		39.5202		0		0.0485282		309.833			00:00:03:149		1.54551e+07		0.160498		2.85091		526.762		6.90115e+06		630.508		
00:00:03:049		6.72051e+06		104.719		39.5202		0		0.0485282		309.836			00:00:03:049		1.54565e+07		0.161507		2.85099		526.607		6.90318e+06		630.831		
00:00:02:950		6.72243e+06		104.261		39.1154		0		0.0441384		309.838			00:00:02:950		1.54578e+07		0.162476		2.85079		526.444		6.90523e+06		631.051		
00:00:02:850		6.7244e+06		104.261		39.1154		0		0.0441384		309.839			00:00:02:850		1.54591e+07		0.163404		2.85046		526.282		6.90731e+06		631.279		
00:00:02:750		6.7264e+06		103.812		39.1154		0		0.0441384		309.841			00:00:02:750		1.54603e+07		0.164295		2.85		526.119		6.90941e+06		631.469		
00:00:02:649		6.72844e+06		103.812		38.7323		0		0.0397451		309.843			00:00:02:649		1.54616e+07		0.165152		2.84933		525.956		6.91153e+06		631.727		
00:00:02:549		6.73042e+06		103.812		38.7323		0		0.0397451		309.844			00:00:02:549		1.54628e+07		0.16598		2.84836		525.795		6.91368e+06		631.994		
00:00:02:450		6.73246e+06		103.372		38.3708		0		0.0353482		309.844			00:00:02:450		1.5464e+07		0.166782		2.84729		525.641		6.91585e+06		632.296		
00:00:02:350		6.7345e+06		103.372		38.3708		0		0.0353482		309.845			00:00:02:350		1.54653e+07		0.16756		2.84605		525.496		6.91805e+06		632.665		
00:00:02:250		6.73656e+06		102.942		38.3708		0		0.0353482		309.845			00:00:02:250		1.54666e+07		0.168313		2.84494		525.364		6.92028e+06		633.094		
00:00:02:149		6.73862e+06		102.942		38.0309		0		0.0309478		309.845			00:00:02:149		1.5468e+07		0.169034		2.84385		525.249		6.92253e+06		633.4		
00:00:02:049		6.74067e+06		102.942		38.0309		0		0.0309478		309.845			00:00:02:049		1.54695e+07		0.169717		2.84294		525.154		6.9248e+06		633.903		
00:00:01:850		6.74475e+06		102.526		37.7123		0		0.0265436		309.844			00:00:01:850		1.54724e+07		0.17092		2.84156		525.047		6.92936e+06		634.694		
00:00:01:850		6.74475e+06		102.526		37.7123		0		0.0265436		309.844			00:00:01:850		1.54724e+07		0.17092		2.84156		525.047		6.92936e+06		634.694		
00:00:01:750		6.74686e+06		102.125		37.7123		0		0.0265436		309.843			00:00:01:750		1.54737e+07		0.171419		2.841		525.047		6.9316e+06		634.833		
00:00:01:649		6.74906e+06		102.125		37.4132		0		0.0221354		309.843			00:00:01:649		1.5475e+07		0.171837		2.84065		525.086		6.93375e+06		634.607		
00:00:01:500		6.75256e+06		101.742		37.4132		0		0.0221354		309.843			00:00:01:500		1.54765e+07		0.172309		2.84		525.264		6.93678e+06		634.13		
00:00:01:399		6.75511e+06		101.742		37.1334		0		0.0177224		309.843			00:00:01:399		1.54773e+07		0.172524		2.83947		525.524		6.93919e+06		634.289		
00:00:01:350		6.75640e+06		101.742		37.1334		0		0.0177224		309.844			00:00:01:350		1.54776e+07		0.172605		2.83926		525.706		6.94052e+06		634.302		
00:00:01:250		6.75907e+06		101.381		37.1334		0		0.0177224		309.844			00:00:01:250		1.54781e+07		0.172722		2.83872		526.182		6.94322e+06		634.572		
00:00:01:149		6.76184e+06		101.381		36.8724		0		0.0133043		309.845			00:00:01:149		1.54784e+07		0.172791		2.83818		526.81		6.946e+06		634.601		
00:00:01:000		6.76622e+06		101.045		36.8724		0		0.0133043		309.845			00:00:01:000		1.54786e+07		0.172837		2.83712		527.979		6.95027e+06		634.621		
00:00:00:900		6.76935e+06		101.045		36.6331		0		0.00888018		309.846			00:00:00:900		1.54786e+07		0.172844		2.83643		528.804		6.95313e+06		634.093		
00:00:00:800		6.7727e+06		101.045		36.6331		0		0.00888018		309.846			00:00:00:800		1.54786e+07		0.172844		2.83596		529.547		6.95591e+06		632.917		
00:00:00:699		6.77653e+06		100.734		36.4349		0		0.0044479		309.846			00:00:00:699		1.54786e+07		0.172842		2.83566		530.041		6.95853e+06		630.337		
00:00:00:599		6.78112e+06		100.734		36.4349		0		0.0044479		309.846			00:00:00:599		1.54786e+07		0.17284		2.83564		530.216		6.96088e+06		625.905		
00:00:00:500		6.787e+06		100.401		36.4349		0		0.0044479		309.846			00:00:00:500		1.54786e+07		0.17284		2.8357		530.216		6.9628e+06		617.337		
00:00:00:400		6.79528e+06		100.401		36.3834		0		0		309.846			00:00:00:400		1.54786e+07		0.17284		2.83568		530.214		6.96415e+06		604.021		
00:00:00:299		6.80819e+06		100.401		36.3834		0		0		309.846			00:00:00:299		1.54786e+07		0.17284		2.83568		530.217		6.9648e+06		580.679		
00:00:00:200		6.83116e+06		100.069		36.3837		0		0		309.846			00:00:00:200		1.54785e+07		0.17284		2.83572		530.221		6.96484e+06		526.827		
00:00:00:100		6.83115e+06		100.069		36.3837		0		0		309.846			00:00:00:100		1.54785e+07		0.17284		2.83572		530.221		6.96484e+06		526.825		
00:00:00:000		6.83115e+06		100.069		36.3837		0		0		309.846			00:00:00:000		1.54785e+07		0.17284		2.83571		530.225		6.96483e+06		526.826		
00:00:00:000		6.83115e+06		100.069		36.3837		0		0		309.846			00:00:00:000		1.54785e+07		0.17284		2.83571		530.225		6.96483e+06		526.826		
00:00:00:000		6.83115e+06		100.069		36.3837		0		0		309.846			00:00:00:000		1.54785e+07		0.17284		2.83571		530.225		6.96483e+06		526.826		
00:00:00:000		6.83115e+06		100.069		36.3837		0		0		309.846			00:00:00:000		1.54785e+07		0.17284		2.83571		530.225		6.96483e+06		526.826		
00:00:00:000		6.83115e+06		100.069		36.3837		0		0		309.846			00:00:00:000		1.54785e+07		0.17284		2.83571		530.225		6.96483e+06		526.826		
