	time 		rcpppzr	rcp054rcp007mnzoyout	rcv501std0102fvol	fwfrcp001gv	rcppmssga	msfsg(1)			time 		gpv001pnt10113ppntm	evf507ety101mpzoyout	chtcon(1)	chavg(1)	chlhsumpa	rcptavgn	
00:01:11:900		1.25644e+07		-4.10226		0		0		5.35257e+06		320.732			00:01:11:900		6.60178e+06		246.769		165.123		0		1.39149		281.925		
00:01:11:900		1.25644e+07		-4.10226		0		0		5.35257e+06		320.732			00:01:11:900		6.60178e+06		246.769		165.123		0		1.39149		281.925		
00:01:11:700		1.25683e+07		-4.09575		0		0		5.35783e+06		321.043			00:01:11:700		6.60196e+06		246.682		165.073		0		1.38484		281.957		
00:01:11:700		1.25683e+07		-4.09575		0		0		5.35783e+06		321.043			00:01:11:700		6.60196e+06		246.682		165.073		0		1.38484		281.957		
00:01:11:500		1.25722e+07		-4.08923		0		0		5.36311e+06		321.354			00:01:11:500		6.60215e+06		246.561		165.073		0		1.38484		281.989		
00:01:11:500		1.25722e+07		-4.08923		0		0		5.36311e+06		321.354			00:01:11:500		6.60215e+06		246.561		165.073		0		1.38484		281.989		
00:01:11:400		1.25742e+07		-4.08597		0		0		5.36577e+06		321.509			00:01:11:400		6.60224e+06		246.561		165.003		0		1.37845		282.005		
00:01:11:299		1.25761e+07		-4.0827		0		0		5.36842e+06		321.666			00:01:11:299		6.60234e+06		246.561		165.003		0		1.37845		282.021		
00:01:11:200		1.25781e+07		-4.07944		0		0		5.37109e+06		321.822			00:01:11:200		6.60243e+06		246.405		164.914		0		1.3723		282.037		
00:01:11:099		1.25801e+07		-4.07617		0		0		5.37376e+06		321.979			00:01:11:099		6.60253e+06		246.405		164.914		0		1.3723		282.053		
00:01:11:000		1.2582e+07		-4.07291		0		0		5.37643e+06		322.134			00:01:11:000		6.60262e+06		246.214		164.914		0		1.3723		282.069		
00:01:10:900		1.2584e+07		-4.06964		0		0		5.37912e+06		322.29			00:01:10:900		6.60272e+06		246.214		164.809		0		1.36641		282.085		
00:01:10:799		1.25859e+07		-4.06637		0		0		5.38181e+06		322.449			00:01:10:799		6.60281e+06		246.214		164.809		0		1.36641		282.101		
00:01:10:599		1.25898e+07		-4.05984		0		0		5.38722e+06		322.767			00:01:10:599		6.603e+06		245.987		164.689		0		1.36079		282.133		
00:01:10:500		1.25918e+07		-4.05658		0		0		5.38993e+06		322.928			00:01:10:500		6.6031e+06		245.72		164.689		0		1.36079		282.149		
00:01:10:500		1.25918e+07		-4.05658		0		0		5.38993e+06		322.928			00:01:10:500		6.6031e+06		245.72		164.689		0		1.36079		282.149		
00:01:10:400		1.25937e+07		-4.05332		0		0		5.39265e+06		323.091			00:01:10:400		6.60319e+06		245.72		164.557		0		1.35546		282.165		
00:01:10:299		1.25957e+07		-4.05006		0		0		5.39537e+06		323.254			00:01:10:299		6.60329e+06		245.72		164.557		0		1.35546		282.181		
00:01:10:150		1.25986e+07		-4.04518		0		0		5.39946e+06		323.495			00:01:10:150		6.60343e+06		245.408		164.415		0		1.35044		282.205		
00:01:10:049		1.26006e+07		-4.04193		0		0		5.40219e+06		323.656			00:01:10:049		6.60352e+06		245.408		164.415		0		1.35044		282.221		
00:01:10:000		1.26015e+07		-4.0403		0		0		5.40356e+06		323.737			00:01:10:000		6.60357e+06		245.019		164.415		0		1.35044		282.23		
00:01:09:900		1.26035e+07		-4.03706		0		0		5.4063e+06		323.896			00:01:09:900		6.60367e+06		245.019		164.269		0		1.34585		282.246		
00:01:09:799		1.26054e+07		-4.03382		0		0		5.40904e+06		324.057			00:01:09:799		6.60376e+06		245.019		164.269		0		1.34585		282.262		
00:01:09:599		1.26093e+07		-4.02735		0		0		5.41456e+06		324.383			00:01:09:599		6.60395e+06		244.582		164.123		0		1.34176		282.294		
00:01:09:500		1.26112e+07		-4.02413		0		0		5.41733e+06		324.548			00:01:09:500		6.60405e+06		244.145		164.123		0		1.34176		282.31		
00:01:09:500		1.26112e+07		-4.02413		0		0		5.41733e+06		324.548			00:01:09:500		6.60405e+06		244.145		164.123		0		1.34176		282.31		
00:01:09:400		1.26131e+07		-4.02091		0		0		5.4201e+06		324.713			00:01:09:400		6.60414e+06		244.145		163.976		0		1.33767		282.326		
00:01:09:299		1.2615e+07		-4.0177		0		0		5.42288e+06		324.878			00:01:09:299		6.60424e+06		244.145		163.976		0		1.33767		282.342		
00:01:09:200		1.26169e+07		-4.01449		0		0		5.42567e+06		325.044			00:01:09:200		6.60433e+06		243.706		163.829		0		1.33357		282.358		
00:01:09:049		1.26198e+07		-4.0097		0		0		5.42985e+06		325.293			00:01:09:049		6.60447e+06		243.706		163.829		0		1.33357		282.382		
00:01:08:950		1.26217e+07		-4.0065		0		0		5.43265e+06		325.459			00:01:08:950		6.60457e+06		243.267		163.682		0		1.32947		282.398		
00:01:08:849		1.26236e+07		-4.00331		0		0		5.43546e+06		325.627			00:01:08:849		6.60466e+06		243.267		163.682		0		1.32947		282.415		
00:01:08:750		1.26255e+07		-4.00012		0		0		5.43827e+06		325.793			00:01:08:750		6.60476e+06		242.828		163.682		0		1.32947		282.431		
00:01:08:650		1.26274e+07		-3.99693		0		0		5.44108e+06		325.961			00:01:08:650		6.60485e+06		242.828		163.535		0		1.32536		282.447		
00:01:08:549		1.26293e+07		-3.99374		0		0		5.4439e+06		326.129			00:01:08:549		6.60495e+06		242.828		163.535		0		1.32536		282.463		
00:01:08:450		1.26313e+07		-3.99054		0		0		5.44673e+06		326.296			00:01:08:450		6.60504e+06		242.388		163.387		0		1.32125		282.479		
00:01:08:349		1.26332e+07		-3.98736		0		0		5.44956e+06		326.465			00:01:08:349		6.60514e+06		242.388		163.387		0		1.32125		282.495		
00:01:08:250		1.26352e+07		-3.98417		0		0		5.4524e+06		326.634			00:01:08:250		6.60523e+06		241.947		163.387		0		1.32125		282.512		
00:01:08:150		1.26371e+07		-3.98099		0		0		5.45525e+06		326.802			00:01:08:150		6.60533e+06		241.947		163.24		0		1.31713		282.528		
00:01:08:049		1.26391e+07		-3.9778		0		0		5.4581e+06		326.972			00:01:08:049		6.60542e+06		241.947		163.24		0		1.31713		282.544		
00:01:07:950		1.2641e+07		-3.97462		0		0		5.46095e+06		327.141			00:01:07:950		6.60552e+06		241.505		163.091		0		1.313		282.56		
00:01:07:849		1.26429e+07		-3.97144		0		0		5.46381e+06		327.311			00:01:07:849		6.60561e+06		241.505		163.091		0		1.313		282.576		
00:01:07:750		1.26449e+07		-3.96826		0		0		5.46668e+06		327.482			00:01:07:750		6.60571e+06		241.063		163.091		0		1.313		282.593		
00:01:07:650		1.26468e+07		-3.96508		0		0		5.46956e+06		327.652			00:01:07:650		6.6058e+06		241.063		162.943		0		1.30887		282.609		
00:01:07:549		1.26487e+07		-3.9619		0		0		5.47244e+06		327.823			00:01:07:549		6.6059e+06		241.063		162.943		0		1.30887		282.625		
00:01:07:450		1.26507e+07		-3.95873		0		0		5.47532e+06		327.995			00:01:07:450		6.60599e+06		240.62		162.794		0		1.30474		282.641		
00:01:07:349		1.26526e+07		-3.95555		0		0		5.47821e+06		328.166			00:01:07:349		6.6061e+06		240.62		162.794		0		1.30474		282.658		
00:01:07:250		1.26545e+07		-3.95237		0		0		5.48111e+06		328.338			00:01:07:250		6.60619e+06		240.177		162.794		0		1.30474		282.674		
00:01:07:099		1.26574e+07		-3.94761		0		0		5.48547e+06		328.597			00:01:07:099		6.60635e+06		240.177		162.645		0		1.3006		282.698		
00:01:07:000		1.26593e+07		-3.94444		0		0		5.48839e+06		328.77			00:01:07:000		6.60645e+06		239.733		162.645		0		1.3006		282.715		
00:01:07:000		1.26593e+07		-3.94444		0		0		5.48839e+06		328.77			00:01:07:000		6.60645e+06		239.733		162.645		0		1.3006		282.715		
00:01:06:849		1.26622e+07		-3.93968		0		0		5.49277e+06		329.029			00:01:06:849		6.6066e+06		239.733		162.495		0		1.29645		282.739		
00:01:06:750		1.26642e+07		-3.93651		0		0		5.4957e+06		329.203			00:01:06:750		6.6067e+06		239.288		162.495		0		1.29645		282.755		
00:01:06:650		1.26661e+07		-3.93334		0		0		5.49863e+06		329.376			00:01:06:650		6.60681e+06		239.288		162.345		0		1.2923		282.772		
00:01:06:549		1.2668e+07		-3.93017		0		0		5.50158e+06		329.549			00:01:06:549		6.6069e+06		239.288		162.345		0		1.2923		282.788		
00:01:06:450		1.26699e+07		-3.92701		0		0		5.50453e+06		329.723			00:01:06:450		6.60701e+06		238.843		162.195		0		1.28814		282.804		
00:01:06:349		1.26718e+07		-3.92384		0		0		5.50748e+06		329.898			00:01:06:349		6.60711e+06		238.843		162.195		0		1.28814		282.821		
00:01:06:250		1.26738e+07		-3.92068		0		0		5.51045e+06		330.071			00:01:06:250		6.60721e+06		238.397		162.195		0		1.28814		282.837		
00:01:06:150		1.26757e+07		-3.91751		0		0		5.51342e+06		330.246			00:01:06:150		6.60731e+06		238.397		162.045		0		1.28397		282.853		
00:01:06:049		1.26776e+07		-3.91435		0		0		5.5164e+06		330.421			00:01:06:049		6.60741e+06		238.397		162.045		0		1.28397		282.87		
00:01:05:950		1.26795e+07		-3.91119		0		0		5.51939e+06		330.595			00:01:05:950		6.6075e+06		237.951		161.894		0		1.2798		282.886		
00:01:05:849		1.26814e+07		-3.90803		0		0		5.52239e+06		330.77			00:01:05:849		6.6076e+06		237.951		161.894		0		1.2798		282.902		
00:01:05:700		1.26843e+07		-3.90329		0		0		5.52691e+06		331.034			00:01:05:700		6.60774e+06		237.504		161.743		0		1.27563		282.927		
00:01:05:599		1.26862e+07		-3.90013		0		0		5.52994e+06		331.211			00:01:05:599		6.60784e+06		237.504		161.743		0		1.27563		282.943		
00:01:05:500		1.26881e+07		-3.89697		0		0		5.53297e+06		331.388			00:01:05:500		6.60793e+06		237.056		161.743		0		1.27563		282.96		
00:01:05:400		1.269e+07		-3.89381		0		0		5.53601e+06		331.565			00:01:05:400		6.60803e+06		237.056		161.591		0		1.27145		282.976		
00:01:05:400		1.269e+07		-3.89381		0		0		5.53601e+06		331.565			00:01:05:400		6.60803e+06		237.056		161.591		0		1.27145		282.976		
00:01:05:299		1.26919e+07		-3.89065		0		0		5.53907e+06		331.745			00:01:05:299		6.60813e+06		237.056		161.591		0		1.27145		282.992		
00:01:05:200		1.26938e+07		-3.88749		0		0		5.54213e+06		331.924			00:01:05:200		6.60822e+06		236.607		161.439		0		1.26726		283.008		
00:01:05:000		1.26976e+07		-3.88118		0		0		5.54829e+06		332.286			00:01:05:000		6.60841e+06		236.158		161.439		0		1.26726		283.041		
00:01:05:000		1.26976e+07		-3.88118		0		0		5.54829e+06		332.286			00:01:05:000		6.60841e+06		236.158		161.439		0		1.26726		283.041		
00:01:04:900		1.26995e+07		-3.87802		0		0		5.55138e+06		332.468			00:01:04:900		6.60851e+06		236.158		161.287		0		1.26307		283.057		
00:01:04:799		1.27015e+07		-3.87487		0		0		5.55448e+06		332.65			00:01:04:799		6.60861e+06		236.158		161.287		0		1.26307		283.073		
00:01:04:599		1.27053e+07		-3.86857		0		0		5.5607e+06		333.006			00:01:04:599		6.6088e+06		235.709		161.134		0		1.25887		283.106		
00:01:04:500		1.27072e+07		-3.86543		0		0		5.56383e+06		333.187			00:01:04:500		6.60889e+06		235.258		161.134		0		1.25887		283.122		
00:01:04:500		1.27072e+07		-3.86543		0		0		5.56383e+06		333.187			00:01:04:500		6.60889e+06		235.258		161.134		0		1.25887		283.122		
00:01:04:400		1.27091e+07		-3.86228		0		0		5.56698e+06		333.372			00:01:04:400		6.60899e+06		235.258		160.982		0		1.25466		283.138		
00:01:04:250		1.27119e+07		-3.85757		0		0		5.57172e+06		333.651			00:01:04:250		6.60913e+06		234.807		160.982		0		1.25466		283.162		
00:01:04:150		1.27138e+07		-3.85443		0		0		5.57489e+06		333.837			00:01:04:150		6.60923e+06		234.807		160.829		0		1.25045		283.178		
00:01:04:049		1.27157e+07		-3.85129		0		0		5.57807e+06		334.025			00:01:04:049		6.60933e+06		234.807		160.829		0		1.25045		283.195		
00:01:03:950		1.27176e+07		-3.84816		0		0		5.58126e+06		334.212			00:01:03:950		6.60942e+06		234.356		160.675		0		1.24623		283.211		
00:01:03:850		1.27195e+07		-3.84503		0		0		5.58446e+06		334.4			00:01:03:850		6.60952e+06		234.356		160.675		0		1.24623		283.227		
00:01:03:750		1.27214e+07		-3.8419		0		0		5.58766e+06		334.588			00:01:03:750		6.60961e+06		233.903		160.675		0		1.24623		283.243		
00:01:03:649		1.27233e+07		-3.83878		0		0		5.59087e+06		334.777			00:01:03:649		6.60971e+06		233.903		160.521		0		1.24201		283.258		
00:01:03:549		1.27252e+07		-3.83566		0		0		5.5941e+06		334.966			00:01:03:549		6.60981e+06		233.903		160.521		0		1.24201		283.274		
00:01:03:450		1.27271e+07		-3.83254		0		0		5.59733e+06		335.157			00:01:03:450		6.6099e+06		233.45		160.367		0		1.23778		283.29		
00:01:03:350		1.2729e+07		-3.82943		0		0		5.60057e+06		335.347			00:01:03:350		6.61e+06		233.45		160.367		0		1.23778		283.306		
00:01:03:250		1.27309e+07		-3.82633		0		0		5.60382e+06		335.537			00:01:03:250		6.61009e+06		232.996		160.367		0		1.23778		283.321		
00:01:03:149		1.27327e+07		-3.82322		0		0		5.60707e+06		335.729			00:01:03:149		6.61019e+06		232.996		160.213		0		1.23354		283.337		
00:01:03:049		1.27346e+07		-3.82013		0		0		5.61034e+06		335.92			00:01:03:049		6.61029e+06		232.996		160.213		0		1.23354		283.352		
00:01:02:950		1.27365e+07		-3.81703		0		0		5.61361e+06		336.112			00:01:02:950		6.61038e+06		232.542		160.058		0		1.2293		283.368		
00:01:02:850		1.27384e+07		-3.81394		0		0		5.6169e+06		336.305			00:01:02:850		6.61048e+06		232.542		160.058		0		1.2293		283.383		
00:01:02:750		1.27403e+07		-3.81086		0		0		5.62019e+06		336.498			00:01:02:750		6.61057e+06		232.087		160.058		0		1.2293		283.399		
00:01:02:649		1.27422e+07		-3.80778		0		0		5.62349e+06		336.692			00:01:02:649		6.61067e+06		232.087		159.903		0		1.22505		283.414		
00:01:02:549		1.2744e+07		-3.8047		0		0		5.6268e+06		336.887			00:01:02:549		6.61077e+06		232.087		159.903		0		1.22505		283.429		
00:01:02:450		1.27459e+07		-3.80163		0		0		5.63012e+06		337.081			00:01:02:450		6.61086e+06		231.631		159.748		0		1.22079		283.445		
00:01:02:350		1.27478e+07		-3.79855		0		0		5.63345e+06		337.276			00:01:02:350		6.61096e+06		231.631		159.748		0		1.22079		283.46		
00:01:02:200		1.27506e+07		-3.79394		0		0		5.63845e+06		337.57			00:01:02:200		6.6111e+06		231.174		159.592		0		1.21653		283.483		
00:01:02:149		1.27515e+07		-3.7924		0		0		5.64013e+06		337.668			00:01:02:149		6.61117e+06		231.174		159.592		0		1.21653		283.491		
00:01:02:000		1.27543e+07		-3.78778		0		0		5.64516e+06		337.963			00:01:02:000		6.61129e+06		230.717		159.592		0		1.21653		283.513		
00:01:01:899		1.27561e+07		-3.78469		0		0		5.64853e+06		338.16			00:01:01:899		6.61139e+06		230.717		159.436		0		1.21226		283.529		
00:01:01:899		1.27561e+07		-3.78469		0		0		5.64853e+06		338.16			00:01:01:899		6.61139e+06		230.717		159.436		0		1.21226		283.529		
00:01:01:799		1.27579e+07		-3.78159		0		0		5.6519e+06		338.355			00:01:01:799		6.61149e+06		230.717		159.436		0		1.21226		283.544		
00:01:01:700		1.27598e+07		-3.7785		0		0		5.65529e+06		338.55			00:01:01:700		6.61158e+06		230.259		159.279		0		1.20799		283.559		
00:01:01:500		1.27635e+07		-3.77231		0		0		5.6621e+06		338.944			00:01:01:500		6.61177e+06		229.8		159.279		0		1.20799		283.589		
00:01:01:500		1.27635e+07		-3.77231		0		0		5.6621e+06		338.944			00:01:01:500		6.61177e+06		229.8		159.279		0		1.20799		283.589		
00:01:01:399		1.27653e+07		-3.76922		0		0		5.66552e+06		339.143			00:01:01:399		6.61187e+06		229.8		159.123		0		1.20371		283.604		
00:01:01:299		1.27671e+07		-3.76614		0		0		5.66895e+06		339.34			00:01:01:299		6.61197e+06		229.8		159.123		0		1.20371		283.619		
00:01:01:200		1.2769e+07		-3.76306		0		0		5.6724e+06		339.54			00:01:01:200		6.61206e+06		229.34		158.965		0		1.19942		283.634		
00:01:01:049		1.27717e+07		-3.75845		0		0		5.67759e+06		339.84			00:01:01:049		6.61221e+06		229.34		158.965		0		1.19942		283.656		
00:01:00:950		1.27735e+07		-3.75538		0		0		5.68107e+06		340.044			00:01:00:950		6.6123e+06		228.88		158.808		0		1.19512		283.671		
00:01:00:850		1.27753e+07		-3.75233		0		0		5.68456e+06		340.248			00:01:00:850		6.6124e+06		228.88		158.808		0		1.19512		283.686		
00:01:00:750		1.27772e+07		-3.74927		0		0		5.68806e+06		340.454			00:01:00:750		6.61249e+06		228.419		158.808		0		1.19512		283.701		
00:01:00:649		1.2779e+07		-3.74622		0		0		5.69157e+06		340.658			00:01:00:649		6.61259e+06		228.419		158.649		0		1.19082		283.716		
00:01:00:549		1.27808e+07		-3.74318		0		0		5.69509e+06		340.864			00:01:00:549		6.61269e+06		228.419		158.649		0		1.19082		283.73		
00:01:00:450		1.27826e+07		-3.74014		0		0		5.69863e+06		341.072			00:01:00:450		6.61278e+06		227.957		158.491		0		1.18651		283.745		
00:01:00:350		1.27844e+07		-3.7371		0		0		5.70218e+06		341.28			00:01:00:350		6.61288e+06		227.957		158.491		0		1.18651		283.76		
00:01:00:250		1.27861e+07		-3.73407		0		0		5.70573e+06		341.489			00:01:00:250		6.61297e+06		227.494		158.491		0		1.18651		283.775		
00:01:00:100		1.27888e+07		-3.72952		0		0		5.71109e+06		341.807			00:01:00:100		6.61312e+06		227.494		158.332		0		1.1822		283.797		
00:01:00:000		1.27906e+07		-3.7265		0		0		5.71467e+06		342.019			00:01:00:000		6.61321e+06		227.031		158.332		0		1.1822		283.812		
00:00:59:950		1.27915e+07		-3.72499		0		0		5.71646e+06		342.124			00:00:59:950		6.61326e+06		227.031		158.172		0		1.17788		283.819		
00:00:59:950		1.27915e+07		-3.72499		0		0		5.71646e+06		342.124			00:00:59:950		6.61326e+06		227.031		158.172		0		1.17788		283.819		
00:00:59:750		1.27951e+07		-3.71895		0		0		5.72365e+06		342.546			00:00:59:750		6.61345e+06		226.567		158.172		0		1.17788		283.849		
00:00:59:750		1.27951e+07		-3.71895		0		0		5.72365e+06		342.546			00:00:59:750		6.61345e+06		226.567		158.172		0		1.17788		283.849		
00:00:59:549		1.27986e+07		-3.71292		0		0		5.73088e+06		342.971			00:00:59:549		6.61365e+06		226.567		158.012		0		1.17355		283.878		
00:00:59:549		1.27986e+07		-3.71292		0		0		5.73088e+06		342.971			00:00:59:549		6.61365e+06		226.567		158.012		0		1.17355		283.878		
00:00:59:450		1.28004e+07		-3.70991		0		0		5.73451e+06		343.184			00:00:59:450		6.61374e+06		226.102		157.851		0		1.16921		283.893		
00:00:59:350		1.28022e+07		-3.70691		0		0		5.73815e+06		343.397			00:00:59:350		6.61384e+06		226.102		157.851		0		1.16921		283.908		
00:00:59:250		1.28039e+07		-3.7039		0		0		5.74181e+06		343.612			00:00:59:250		6.61393e+06		225.636		157.851		0		1.16921		283.922		
00:00:59:149		1.28057e+07		-3.7009		0		0		5.74547e+06		343.827			00:00:59:149		6.61403e+06		225.636		157.69		0		1.16487		283.937		
00:00:59:049		1.28075e+07		-3.6979		0		0		5.74914e+06		344.041			00:00:59:049		6.61413e+06		225.636		157.69		0		1.16487		283.951		
00:00:58:950		1.28093e+07		-3.6949		0		0		5.75283e+06		344.258			00:00:58:950		6.61422e+06		225.17		157.528		0		1.16052		283.966		
00:00:58:850		1.2811e+07		-3.69191		0		0		5.75652e+06		344.474			00:00:58:850		6.61432e+06		225.17		157.528		0		1.16052		283.98		
00:00:58:600		1.28155e+07		-3.68443		0		0		5.76581e+06		345.018			00:00:58:600		6.61456e+06		224.703		157.366		0		1.15616		284.016		
00:00:58:500		1.28172e+07		-3.68145		0		0		5.76955e+06		345.237			00:00:58:500		6.61465e+06		224.235		157.366		0		1.15616		284.031		
00:00:58:500		1.28172e+07		-3.68145		0		0		5.76955e+06		345.237			00:00:58:500		6.61465e+06		224.235		157.366		0		1.15616		284.031		
00:00:58:399		1.2819e+07		-3.67847		0		0		5.77329e+06		345.456			00:00:58:399		6.61475e+06		224.235		157.202		0		1.15179		284.045		
00:00:58:299		1.28207e+07		-3.67549		0		0		5.77705e+06		345.674			00:00:58:299		6.61485e+06		224.235		157.202		0		1.15179		284.059		
00:00:58:200		1.28225e+07		-3.67252		0		0		5.78082e+06		345.893			00:00:58:200		6.61494e+06		223.766		157.039		0		1.14742		284.073		
00:00:58:100		1.28242e+07		-3.66954		0		0		5.78461e+06		346.113			00:00:58:100		6.61504e+06		223.766		157.039		0		1.14742		284.088		
00:00:58:000		1.2826e+07		-3.66657		0		0		5.78841e+06		346.336			00:00:58:000		6.61513e+06		223.297		157.039		0		1.14742		284.102		
00:00:57:899		1.28278e+07		-3.66361		0		0		5.79223e+06		346.559			00:00:57:899		6.61523e+06		223.297		156.874		0		1.14304		284.116		
00:00:57:799		1.28295e+07		-3.66064		0		0		5.79605e+06		346.782			00:00:57:799		6.61533e+06		223.297		156.874		0		1.14304		284.13		
00:00:57:700		1.28313e+07		-3.65768		0		0		5.79989e+06		347.006			00:00:57:700		6.61542e+06		222.827		156.709		0		1.13866		284.145		
00:00:57:600		1.2833e+07		-3.65473		0		0		5.80374e+06		347.23			00:00:57:600		6.61552e+06		222.827		156.709		0		1.13866		284.159		
00:00:57:500		1.28347e+07		-3.65178		0		0		5.80761e+06		347.455			00:00:57:500		6.61561e+06		222.356		156.709		0		1.13866		284.173		
00:00:57:399		1.28365e+07		-3.64883		0		0		5.81149e+06		347.68			00:00:57:399		6.61571e+06		222.356		156.544		0		1.13426		284.187		
00:00:57:299		1.28382e+07		-3.64589		0		0		5.81538e+06		347.906			00:00:57:299		6.61581e+06		222.356		156.544		0		1.13426		284.202		
00:00:57:200		1.28399e+07		-3.64295		0		0		5.81929e+06		348.132			00:00:57:200		6.6159e+06		221.884		156.377		0		1.12986		284.216		
00:00:57:100		1.28417e+07		-3.64002		0		0		5.82322e+06		348.357			00:00:57:100		6.616e+06		221.884		156.377		0		1.12986		284.23		
00:00:57:000		1.28434e+07		-3.63709		0		0		5.82716e+06		348.585			00:00:57:000		6.61609e+06		221.411		156.377		0		1.12986		284.244		
00:00:56:899		1.28451e+07		-3.63416		0		0		5.83112e+06		348.817			00:00:56:899		6.61619e+06		221.411		156.21		0		1.12545		284.258		
00:00:56:799		1.28468e+07		-3.63124		0		0		5.8351e+06		349.039			00:00:56:799		6.61629e+06		221.411		156.21		0		1.12545		284.273		
00:00:56:700		1.28485e+07		-3.62832		0		0		5.83909e+06		349.266			00:00:56:700		6.61638e+06		220.938		156.042		0		1.12103		284.287		
00:00:56:600		1.28503e+07		-3.6254		0		0		5.84311e+06		349.503			00:00:56:600		6.61648e+06		220.938		156.042		0		1.12103		284.301		
00:00:56:500		1.2852e+07		-3.62249		0		0		5.84715e+06		349.743			00:00:56:500		6.61657e+06		220.463		156.042		0		1.12103		284.315		
00:00:56:399		1.28537e+07		-3.61958		0		0		5.8512e+06		349.982			00:00:56:399		6.61667e+06		220.463		155.874		0		1.11661		284.329		
00:00:56:299		1.28554e+07		-3.61666		0		0		5.85526e+06		350.22			00:00:56:299		6.61677e+06		220.463		155.874		0		1.11661		284.343		
00:00:56:200		1.28571e+07		-3.61375		0		0		5.85933e+06		350.461			00:00:56:200		6.61686e+06		219.988		155.704		0		1.11217		284.357		
00:00:56:100		1.28588e+07		-3.61084		0		0		5.86342e+06		350.705			00:00:56:100		6.61696e+06		219.988		155.704		0		1.11217		284.371		
00:00:55:950		1.28614e+07		-3.60649		0		0		5.86956e+06		351.071			00:00:55:950		6.6171e+06		219.512		155.534		0		1.10773		284.392		
00:00:55:850		1.28631e+07		-3.60358		0		0		5.87366e+06		351.317			00:00:55:850		6.6172e+06		219.512		155.534		0		1.10773		284.406		
00:00:55:750		1.28648e+07		-3.60068		0		0		5.87777e+06		351.563			00:00:55:750		6.61729e+06		219.035		155.534		0		1.10773		284.42		
00:00:55:750		1.28648e+07		-3.60068		0		0		5.87777e+06		351.563			00:00:55:750		6.61729e+06		219.035		155.534		0		1.10773		284.42		
00:00:55:549		1.28682e+07		-3.59488		0		0		5.88601e+06		352.055			00:00:55:549		6.61749e+06		219.035		155.363		0		1.10328		284.448		
00:00:55:549		1.28682e+07		-3.59488		0		0		5.88601e+06		352.055			00:00:55:549		6.61749e+06		219.035		155.363		0		1.10328		284.448		
00:00:55:450		1.28699e+07		-3.59198		0		0		5.89014e+06		352.302			00:00:55:450		6.61758e+06		218.558		155.192		0		1.09883		284.462		
00:00:55:299		1.28725e+07		-3.58764		0		0		5.89634e+06		352.674			00:00:55:299		6.61773e+06		218.558		155.192		0		1.09883		284.483		
00:00:55:200		1.28742e+07		-3.58474		0		0		5.90049e+06		352.922			00:00:55:200		6.61782e+06		218.079		155.02		0		1.09436		284.497		
00:00:55:100		1.28759e+07		-3.58185		0		0		5.90464e+06		353.171			00:00:55:100		6.61792e+06		218.079		155.02		0		1.09436		284.51		
00:00:55:000		1.28776e+07		-3.57896		0		0		5.9088e+06		353.418			00:00:55:000		6.61801e+06		217.6		155.02		0		1.09436		284.524		
00:00:54:850		1.28801e+07		-3.57462		0		0		5.91504e+06		353.787			00:00:54:850		6.61816e+06		217.6		154.847		0		1.08989		284.544		
00:00:54:750		1.28818e+07		-3.57173		0		0		5.91921e+06		354.03			00:00:54:750		6.61825e+06		217.12		154.847		0		1.08989		284.558		
00:00:54:649		1.28835e+07		-3.56884		0		0		5.9234e+06		354.277			00:00:54:649		6.61835e+06		217.12		154.674		0		1.08541		284.572		
00:00:54:549		1.28852e+07		-3.56595		0		0		5.9276e+06		354.525			00:00:54:549		6.61845e+06		217.12		154.674		0		1.08541		284.585		
00:00:54:549		1.28852e+07		-3.56595		0		0		5.9276e+06		354.525			00:00:54:549		6.61845e+06		217.12		154.674		0		1.08541		284.585		
00:00:54:350		1.28886e+07		-3.56017		0		0		5.93604e+06		355.023			00:00:54:350		6.61864e+06		216.639		154.5		0		1.08092		284.612		
00:00:54:350		1.28886e+07		-3.56017		0		0		5.93604e+06		355.023			00:00:54:350		6.61864e+06		216.639		154.5		0		1.08092		284.612		
00:00:54:250		1.28903e+07		-3.55729		0		0		5.94027e+06		355.273			00:00:54:250		6.61873e+06		216.157		154.5		0		1.08092		284.626		
00:00:54:149		1.2892e+07		-3.5544		0		0		5.94452e+06		355.523			00:00:54:149		6.61883e+06		216.157		154.326		0		1.07642		284.639		
00:00:54:049		1.28937e+07		-3.55151		0		0		5.94877e+06		355.775			00:00:54:049		6.61893e+06		216.157		154.326		0		1.07642		284.652		
00:00:53:950		1.28954e+07		-3.54863		0		0		5.95304e+06		356.032			00:00:53:950		6.61902e+06		215.674		154.151		0		1.07192		284.666		
00:00:53:850		1.28971e+07		-3.54574		0		0		5.95732e+06		356.286			00:00:53:850		6.61912e+06		215.674		154.151		0		1.07192		284.679		
00:00:53:649		1.29004e+07		-3.53998		0		0		5.96589e+06		356.79			00:00:53:649		6.61931e+06		215.19		153.975		0		1.0674		284.705		
00:00:53:549		1.29021e+07		-3.5371		0		0		5.97019e+06		357.043			00:00:53:549		6.61941e+06		215.19		153.975		0		1.0674		284.719		
00:00:53:549		1.29021e+07		-3.5371		0		0		5.97019e+06		357.043			00:00:53:549		6.61941e+06		215.19		153.975		0		1.0674		284.719		
00:00:53:450		1.29038e+07		-3.53422		0		0		5.9745e+06		357.297			00:00:53:450		6.6195e+06		214.705		153.799		0		1.06288		284.732		
00:00:53:250		1.29072e+07		-3.52847		0		0		5.98316e+06		357.805			00:00:53:250		6.61969e+06		214.22		153.799		0		1.06288		284.758		
00:00:53:250		1.29072e+07		-3.52847		0		0		5.98316e+06		357.805			00:00:53:250		6.61969e+06		214.22		153.799		0		1.06288		284.758		
00:00:53:100		1.29097e+07		-3.52416		0		0		5.98969e+06		358.187			00:00:53:100		6.61984e+06		214.22		153.622		0		1.05835		284.777		
00:00:53:000		1.29114e+07		-3.52128		0		0		5.99406e+06		358.442			00:00:53:000		6.61993e+06		213.733		153.622		0		1.05835		284.79		
00:00:52:899		1.29131e+07		-3.5184		0		0		5.99845e+06		358.699			00:00:52:899		6.62003e+06		213.733		153.445		0		1.05381		284.803		
00:00:52:799		1.29148e+07		-3.51553		0		0		6.00285e+06		358.956			00:00:52:799		6.62013e+06		213.733		153.445		0		1.05381		284.816		
00:00:52:700		1.29164e+07		-3.51265		0		0		6.00726e+06		359.215			00:00:52:700		6.62022e+06		213.246		153.266		0		1.04927		284.829		
00:00:52:600		1.29181e+07		-3.50976		0		0		6.01169e+06		359.475			00:00:52:600		6.62032e+06		213.246		153.266		0		1.04927		284.842		
00:00:52:500		1.29198e+07		-3.50688		0		0		6.01613e+06		359.737			00:00:52:500		6.62041e+06		212.758		153.266		0		1.04927		284.854		
00:00:52:399		1.29215e+07		-3.50398		0		0		6.02058e+06		359.998			00:00:52:399		6.62051e+06		212.758		153.088		0		1.04471		284.867		
00:00:52:299		1.29232e+07		-3.50109		0		0		6.02505e+06		360.26			00:00:52:299		6.62061e+06		212.758		153.088		0		1.04471		284.88		
00:00:52:200		1.29249e+07		-3.49819		0		0		6.02953e+06		360.523			00:00:52:200		6.6207e+06		212.269		152.908		0		1.04015		284.893		
00:00:52:100		1.29266e+07		-3.49529		0		0		6.03402e+06		360.79			00:00:52:100		6.6208e+06		212.269		152.908		0		1.04015		284.905		
00:00:52:000		1.29283e+07		-3.49239		0		0		6.03853e+06		361.06			00:00:52:000		6.62089e+06		211.779		152.908		0		1.04015		284.918		
00:00:51:899		1.293e+07		-3.48948		0		0		6.04304e+06		361.329			00:00:51:899		6.62099e+06		211.779		152.728		0		1.03557		284.931		
00:00:51:799		1.29316e+07		-3.48658		0		0		6.04756e+06		361.596			00:00:51:799		6.62109e+06		211.779		152.728		0		1.03557		284.943		
00:00:51:700		1.29333e+07		-3.48368		0		0		6.05209e+06		361.863			00:00:51:700		6.62118e+06		211.288		152.547		0		1.03099		284.956		
00:00:51:600		1.2935e+07		-3.48078		0		0		6.05663e+06		362.132			00:00:51:600		6.62128e+06		211.288		152.547		0		1.03099		284.969		
00:00:51:500		1.29367e+07		-3.47789		0		0		6.06118e+06		362.4			00:00:51:500		6.62137e+06		210.796		152.547		0		1.03099		284.981		
00:00:51:399		1.29384e+07		-3.47501		0		0		6.06574e+06		362.67			00:00:51:399		6.62147e+06		210.796		152.366		0		1.0264		284.994		
00:00:51:299		1.29401e+07		-3.47213		0		0		6.07031e+06		362.939			00:00:51:299		6.62157e+06		210.796		152.366		0		1.0264		285.006		
00:00:51:200		1.29418e+07		-3.46927		0		0		6.0749e+06		363.21			00:00:51:200		6.62166e+06		210.303		152.183		0		1.0218		285.019		
00:00:51:100		1.29435e+07		-3.46641		0		0		6.07949e+06		363.481			00:00:51:100		6.62176e+06		210.303		152.183		0		1.0218		285.031		
00:00:51:000		1.29452e+07		-3.46355		0		0		6.08409e+06		363.753			00:00:51:000		6.62185e+06		209.81		152.183		0		1.0218		285.044		
00:00:50:899		1.29469e+07		-3.4607		0		0		6.08871e+06		364.026			00:00:50:899		6.62195e+06		209.81		152		0		1.01719		285.057		
00:00:50:799		1.29486e+07		-3.45785		0		0		6.09333e+06		364.298			00:00:50:799		6.62205e+06		209.81		152		0		1.01719		285.069		
00:00:50:649		1.29511e+07		-3.45356		0		0		6.10029e+06		364.709			00:00:50:649		6.62219e+06		209.315		151.816		0		1.01257		285.088		
00:00:50:549		1.29528e+07		-3.45069		0		0		6.10494e+06		364.984			00:00:50:549		6.62229e+06		209.315		151.816		0		1.01257		285.1		
00:00:50:450		1.29545e+07		-3.4478		0		0		6.1096e+06		365.259			00:00:50:450		6.62238e+06		208.819		151.631		0		1.00795		285.113		
00:00:50:350		1.29562e+07		-3.4449		0		0		6.11428e+06		365.534			00:00:50:350		6.62248e+06		208.819		151.631		0		1.00795		285.125		
00:00:50:350		1.29562e+07		-3.4449		0		0		6.11428e+06		365.534			00:00:50:350		6.62248e+06		208.819		151.631		0		1.00795		285.125		
00:00:50:149		1.29597e+07		-3.43901		0		0		6.12366e+06		366.089			00:00:50:149		6.62267e+06		208.323		151.445		0		1.00331		285.15		
00:00:50:149		1.29597e+07		-3.43901		0		0		6.12366e+06		366.089			00:00:50:149		6.62267e+06		208.323		151.445		0		1.00331		285.15		
00:00:50:049		1.29614e+07		-3.43602		0		0		6.12837e+06		366.37			00:00:50:049		6.62277e+06		208.323		151.445		0		1.00331		285.163		
00:00:49:950		1.29631e+07		-3.43301		0		0		6.13309e+06		366.651			00:00:49:950		6.62287e+06		207.825		151.258		0		0.998669		285.175		
00:00:49:850		1.29648e+07		-3.42997		0		0		6.13782e+06		366.932			00:00:49:850		6.62296e+06		207.825		151.258		0		0.998669		285.188		
00:00:49:750		1.29665e+07		-3.42691		0		0		6.14256e+06		367.214			00:00:49:750		6.62306e+06		207.326		151.258		0		0.998669		285.2		
00:00:49:549		1.29699e+07		-3.42076		0		0		6.15209e+06		367.779			00:00:49:549		6.62326e+06		207.326		151.069		0		0.994015		285.225		
00:00:49:549		1.29699e+07		-3.42076		0		0		6.15209e+06		367.779			00:00:49:549		6.62326e+06		207.326		151.069		0		0.994015		285.225		
00:00:49:450		1.29716e+07		-3.41769		0		0		6.15687e+06		368.062			00:00:49:450		6.62335e+06		206.827		150.88		0		0.989352		285.238		
00:00:49:350		1.29733e+07		-3.41464		0		0		6.16167e+06		368.346			00:00:49:350		6.62345e+06		206.827		150.88		0		0.989352		285.251		
00:00:49:250		1.29751e+07		-3.41163		0		0		6.16648e+06		368.63			00:00:49:250		6.62355e+06		206.326		150.88		0		0.989352		285.263		
00:00:49:149		1.29768e+07		-3.40866		0		0		6.1713e+06		368.916			00:00:49:149		6.62364e+06		206.326		150.69		0		0.98468		285.276		
00:00:49:049		1.29785e+07		-3.40576		0		0		6.17614e+06		369.202			00:00:49:049		6.62374e+06		206.326		150.69		0		0.98468		285.289		
00:00:48:950		1.29802e+07		-3.40293		0		0		6.18099e+06		369.488			00:00:48:950		6.62384e+06		205.824		150.498		0		0.979998		285.302		
00:00:48:850		1.29819e+07		-3.40017		0		0		6.18586e+06		369.773			00:00:48:850		6.62393e+06		205.824		150.498		0		0.979998		285.315		
00:00:48:750		1.29837e+07		-3.39749		0		0		6.19074e+06		370.058			00:00:48:750		6.62403e+06		205.322		150.498		0		0.979998		285.328		
00:00:48:549		1.29871e+07		-3.39231		0		0		6.20057e+06		370.641			00:00:48:549		6.62423e+06		205.322		150.305		0		0.975306		285.354		
00:00:48:549		1.29871e+07		-3.39231		0		0		6.20057e+06		370.641			00:00:48:549		6.62423e+06		205.322		150.305		0		0.975306		285.354		
00:00:48:450		1.29889e+07		-3.3898		0		0		6.2055e+06		370.937			00:00:48:450		6.62432e+06		204.818		150.111		0		0.970605		285.367		
00:00:48:299		1.29915e+07		-3.38609		0		0		6.21292e+06		371.379			00:00:48:299		6.62447e+06		204.818		150.111		0		0.970605		285.386		
00:00:48:200		1.29932e+07		-3.38364		0		0		6.21788e+06		371.673			00:00:48:200		6.62456e+06		204.313		149.916		0		0.965894		285.4		
00:00:48:149		1.29941e+07		-3.38241		0		0		6.22037e+06		371.819			00:00:48:149		6.62461e+06		204.313		149.916		0		0.965894		285.406		
00:00:48:049		1.29958e+07		-3.37994		0		0		6.22535e+06		372.113			00:00:48:049		6.62471e+06		204.313		149.916		0		0.965894		285.42		
00:00:47:950		1.29976e+07		-3.37746		0		0		6.23034e+06		372.407			00:00:47:950		6.62481e+06		203.807		149.719		0		0.961173		285.433		
00:00:47:850		1.29993e+07		-3.37494		0		0		6.23536e+06		372.705			00:00:47:850		6.6249e+06		203.807		149.719		0		0.961173		285.447		
00:00:47:649		1.30029e+07		-3.36979		0		0		6.24542e+06		373.303			00:00:47:649		6.6251e+06		203.3		149.521		0		0.956443		285.474		
00:00:47:500		1.30055e+07		-3.36582		0		0		6.25301e+06		373.753			00:00:47:500		6.62524e+06		202.792		149.521		0		0.956443		285.495		
00:00:47:500		1.30055e+07		-3.36582		0		0		6.25301e+06		373.753			00:00:47:500		6.62524e+06		202.792		149.521		0		0.956443		285.495		
00:00:47:399		1.30073e+07		-3.36311		0		0		6.25808e+06		374.054			00:00:47:399		6.62534e+06		202.792		149.322		0		0.951703		285.509		
00:00:47:299		1.30091e+07		-3.36035		0		0		6.26316e+06		374.355			00:00:47:299		6.62545e+06		202.792		149.322		0		0.951703		285.523		
00:00:47:200		1.30109e+07		-3.35755		0		0		6.26826e+06		374.656			00:00:47:200		6.62555e+06		202.283		149.121		0		0.946952		285.537		
00:00:47:100		1.30127e+07		-3.35471		0		0		6.27337e+06		374.958			00:00:47:100		6.62565e+06		202.283		149.121		0		0.946952		285.552		
00:00:47:000		1.30145e+07		-3.35182		0		0		6.2785e+06		375.259			00:00:47:000		6.62575e+06		201.773		149.121		0		0.946952		285.566		
00:00:46:899		1.30163e+07		-3.34888		0		0		6.28364e+06		375.562			00:00:46:899		6.62586e+06		201.773		148.918		0		0.942192		285.58		
00:00:46:799		1.30181e+07		-3.34591		0		0		6.28879e+06		375.864			00:00:46:799		6.62596e+06		201.773		148.918		0		0.942192		285.595		
00:00:46:600		1.30217e+07		-3.33985		0		0		6.29916e+06		376.469			00:00:46:600		6.62617e+06		201.261		148.714		0		0.937421		285.624		
00:00:46:500		1.30235e+07		-3.33676		0		0		6.30437e+06		376.771			00:00:46:500		6.62628e+06		200.749		148.714		0		0.937421		285.639		
00:00:46:500		1.30235e+07		-3.33676		0		0		6.30437e+06		376.771			00:00:46:500		6.62628e+06		200.749		148.714		0		0.937421		285.639		
00:00:46:399		1.30254e+07		-3.33364		0		0		6.30959e+06		377.058			00:00:46:399		6.62638e+06		200.749		148.509		0		0.93264		285.654		
00:00:46:299		1.30272e+07		-3.33048		0		0		6.31486e+06		377.368			00:00:46:299		6.62648e+06		200.749		148.509		0		0.93264		285.669		
00:00:46:200		1.3029e+07		-3.32728		0		0		6.32015e+06		377.68			00:00:46:200		6.62658e+06		200.235		148.301		0		0.92785		285.684		
00:00:46:100		1.30309e+07		-3.32406		0		0		6.32547e+06		377.993			00:00:46:100		6.62668e+06		200.235		148.301		0		0.92785		285.7		
00:00:46:000		1.30327e+07		-3.3208		0		0		6.33079e+06		378.307			00:00:46:000		6.62678e+06		199.721		148.301		0		0.92785		285.715		
00:00:45:899		1.30346e+07		-3.31752		0		0		6.33613e+06		378.618			00:00:45:899		6.62688e+06		199.721		148.092		0		0.923049		285.73		
00:00:45:799		1.30364e+07		-3.3142		0		0		6.34149e+06		378.93			00:00:45:799		6.62697e+06		199.721		148.092		0		0.923049		285.746		
00:00:45:700		1.30383e+07		-3.31087		0		0		6.34687e+06		379.247			00:00:45:700		6.62707e+06		199.205		147.881		0		0.918237		285.762		
00:00:45:600		1.30403e+07		-3.30752		0		0		6.35226e+06		379.565			00:00:45:600		6.62717e+06		199.205		147.881		0		0.918237		285.777		
00:00:45:450		1.30431e+07		-3.30245		0		0		6.36039e+06		380.046			00:00:45:450		6.62732e+06		198.688		147.668		0		0.913415		285.801		
00:00:45:350		1.3045e+07		-3.29905		0		0		6.36582e+06		380.374			00:00:45:350		6.62742e+06		198.688		147.668		0		0.913415		285.817		
00:00:45:250		1.30469e+07		-3.29563		0		0		6.37127e+06		380.699			00:00:45:250		6.62751e+06		198.17		147.668		0		0.913415		285.833		
00:00:45:250		1.30469e+07		-3.29563		0		0		6.37127e+06		380.699			00:00:45:250		6.62751e+06		198.17		147.668		0		0.913415		285.833		
00:00:45:149		1.30489e+07		-3.29219		0		0		6.37671e+06		381.02			00:00:45:149		6.62761e+06		198.17		147.453		0		0.908582		285.849		
00:00:45:049		1.30508e+07		-3.28873		0		0		6.38217e+06		381.331			00:00:45:049		6.62771e+06		198.17		147.453		0		0.908582		285.865		
00:00:44:850		1.30547e+07		-3.28175		0		0		6.39311e+06		381.845			00:00:44:850		6.62790e+06		197.65		147.236		0		0.903738		285.897		
00:00:44:750		1.30567e+07		-3.27823		0		0		6.3986e+06		382.168			00:00:44:750		6.628e+06		197.13		147.236		0		0.903738		285.913		
00:00:44:649		1.30587e+07		-3.2747		0		0		6.4041e+06		382.495			00:00:44:649		6.6281e+06		197.13		147.016		0		0.898883		285.93		
00:00:44:549		1.30607e+07		-3.27114		0		0		6.40962e+06		382.812			00:00:44:549		6.6282e+06		197.13		147.016		0		0.898883		285.946		
00:00:44:549		1.30607e+07		-3.27114		0		0		6.40962e+06		382.812			00:00:44:549		6.6282e+06		197.13		147.016		0		0.898883		285.946		
00:00:44:450		1.30627e+07		-3.26757		0		0		6.41515e+06		383.135			00:00:44:450		6.6283e+06		196.608		146.795		0		0.894018		285.962		
00:00:44:350		1.30648e+07		-3.26397		0		0		6.42071e+06		383.461			00:00:44:350		6.6284e+06		196.608		146.795		0		0.894018		285.979		
00:00:44:250		1.30668e+07		-3.26036		0		0		6.42628e+06		383.787			00:00:44:250		6.62849e+06		196.085		146.795		0		0.894018		285.995		
00:00:44:049		1.30709e+07		-3.25308		0		0		6.43747e+06		384.442			00:00:44:049		6.62869e+06		196.085		146.571		0		0.889142		286.028		
00:00:44:049		1.30709e+07		-3.25308		0		0		6.43747e+06		384.442			00:00:44:049		6.62869e+06		196.085		146.571		0		0.889142		286.028		
00:00:43:950		1.3073e+07		-3.24941		0		0		6.44309e+06		384.77			00:00:43:950		6.62879e+06		195.561		146.344		0		0.884254		286.044		
00:00:43:850		1.30751e+07		-3.24573		0		0		6.44873e+06		385.097			00:00:43:850		6.62888e+06		195.561		146.344		0		0.884254		286.061		
00:00:43:649		1.30793e+07		-3.23831		0		0		6.46007e+06		385.747			00:00:43:649		6.62908e+06		195.036		146.115		0		0.879354		286.094		
00:00:43:549		1.30815e+07		-3.23457		0		0		6.46578e+06		386.068			00:00:43:549		6.62918e+06		195.036		146.115		0		0.879354		286.11		
00:00:43:549		1.30815e+07		-3.23457		0		0		6.46578e+06		386.068			00:00:43:549		6.62918e+06		195.036		146.115		0		0.879354		286.11		
00:00:43:450		1.30836e+07		-3.23082		0		0		6.47151e+06		386.391			00:00:43:450		6.62928e+06		194.509		145.883		0		0.874442		286.127		
00:00:43:350		1.30858e+07		-3.22705		0		0		6.47729e+06		386.717			00:00:43:350		6.62938e+06		194.509		145.883		0		0.874442		286.143		
00:00:43:250		1.30879e+07		-3.22326		0		0		6.48309e+06		387.039			00:00:43:250		6.62947e+06		193.981		145.883		0		0.874442		286.16		
00:00:43:049		1.30923e+07		-3.21564		0		0		6.4948e+06		387.667			00:00:43:049		6.62967e+06		193.981		145.649		0		0.86952		286.194		
00:00:42:950		1.30944e+07		-3.2118		0		0		6.50073e+06		387.968			00:00:42:950		6.62977e+06		193.452		145.411		0		0.864586		286.21		
00:00:42:799		1.30977e+07		-3.20601		0		0		6.50975e+06		388.429			00:00:42:799		6.62991e+06		193.452		145.411		0		0.864586		286.236		
00:00:42:799		1.30977e+07		-3.20601		0		0		6.50975e+06		388.429			00:00:42:799		6.62991e+06		193.452		145.411		0		0.864586		286.236		
00:00:42:600		1.31021e+07		-3.19821		0		0		6.52205e+06		389.057			00:00:42:600		6.63011e+06		192.921		145.171		0		0.85964		286.27		
00:00:42:500		1.31043e+07		-3.19429		0		0		6.52832e+06		389.374			00:00:42:500		6.63021e+06		192.389		145.171		0		0.85964		286.287		
00:00:42:500		1.31043e+07		-3.19429		0		0		6.52832e+06		389.374			00:00:42:500		6.63021e+06		192.389		145.171		0		0.85964		286.287		
00:00:42:399		1.31066e+07		-3.19035		0		0		6.53467e+06		389.689			00:00:42:399		6.63031e+06		192.389		144.928		0		0.854682		286.304		
00:00:42:299		1.31088e+07		-3.18639		0		0		6.54111e+06		390.013			00:00:42:299		6.6304e+06		192.389		144.928		0		0.854682		286.321		
00:00:42:200		1.3111e+07		-3.18243		0		0		6.54764e+06		390.344			00:00:42:200		6.6305e+06		191.855		144.681		0		0.84971		286.338		
00:00:42:100		1.31133e+07		-3.17844		0		0		6.55427e+06		390.688			00:00:42:100		6.6306e+06		191.855		144.681		0		0.84971		286.355		
00:00:42:000		1.31155e+07		-3.17444		0		0		6.56098e+06		391.046			00:00:42:000		6.6307e+06		191.321		144.681		0		0.84971		286.372		
00:00:41:899		1.31178e+07		-3.17042		0		0		6.56778e+06		391.433			00:00:41:899		6.6308e+06		191.321		144.432		0		0.844724		286.389		
00:00:41:799		1.312e+07		-3.16639		0		0		6.57465e+06		391.856			00:00:41:799		6.63089e+06		191.321		144.432		0		0.844724		286.407		
00:00:41:700		1.31223e+07		-3.16234		0		0		6.58155e+06		392.295			00:00:41:700		6.63099e+06		190.784		144.179		0		0.839725		286.424		
00:00:41:500		1.31268e+07		-3.15418		0		0		6.5951e+06		392.208			00:00:41:500		6.63119e+06		190.247		144.179		0		0.839725		286.458		
00:00:41:500		1.31268e+07		-3.15418		0		0		6.5951e+06		392.208			00:00:41:500		6.63119e+06		190.247		144.179		0		0.839725		286.458		
00:00:41:399		1.31291e+07		-3.15008		0		0		6.60144e+06		388.79			00:00:41:399		6.63129e+06		190.247		143.923		0		0.834705		286.476		
00:00:41:299		1.31314e+07		-3.14596		0		0		6.60717e+06		363.668			00:00:41:299		6.63138e+06		190.247		143.923		0		0.834705		286.493		
00:00:41:200		1.31338e+07		-3.14182		0		0		6.61223e+06		328.652			00:00:41:200		6.63174e+06		189.707		143.664		0		0.829655		286.51		
00:00:41:100		1.31361e+07		-3.13766		0		0		6.61674e+06		299.711			00:00:41:100		6.63269e+06		189.707		143.664		0		0.829655		286.528		
00:00:41:000		1.31384e+07		-3.13348		0		0		6.62077e+06		275.631			00:00:41:000		6.63379e+06		189.165		143.664		0		0.829655		286.545		
00:00:40:899		1.31407e+07		-3.12928		0		0		6.62441e+06		255.532			00:00:40:899		6.63489e+06		189.165		143.402		0		0.824587		286.563		
00:00:40:799		1.31431e+07		-3.12506		0		0		6.62772e+06		238.718			00:00:40:799		6.63597e+06		189.165		143.402		0		0.824587		286.58		
00:00:40:700		1.31454e+07		-3.12082		0		0		6.63075e+06		224.621			00:00:40:700		6.63702e+06		188.622		143.136		0		0.819509		286.597		
00:00:40:600		1.31478e+07		-3.11656		0		0		6.63355e+06		212.794			00:00:40:600		6.63807e+06		188.622		143.136		0		0.819509		286.615		
00:00:40:500		1.31502e+07		-3.11228		0		0		6.63614e+06		202.849			00:00:40:500		6.63911e+06		188.078		143.136		0		0.819509		286.632		
00:00:40:399		1.31526e+07		-3.10797		0		0		6.63856e+06		194.462			00:00:40:399		6.64017e+06		188.078		142.866		0		0.814422		286.649		
00:00:40:299		1.3155e+07		-3.10365		0		0		6.64084e+06		187.392			00:00:40:299		6.64124e+06		188.078		142.866		0		0.814422		286.666		
00:00:40:200		1.31574e+07		-3.0993		0		0		6.643e+06		181.406			00:00:40:200		6.64233e+06		187.532		142.592		0		0.809329		286.684		
00:00:40:100		1.31598e+07		-3.09493		0		0		6.64505e+06		176.343			00:00:40:100		6.64344e+06		187.532		142.592		0		0.809329		286.701		
00:00:40:000		1.31622e+07		-3.09053		0		0		6.64701e+06		172.054			00:00:40:000		6.64456e+06		186.987		142.592		0		0.809329		286.718		
00:00:39:850		1.31659e+07		-3.0839		0		0		6.64981e+06		166.766			00:00:39:850		6.64628e+06		186.987		142.314		0		0.804232		286.744		
00:00:39:750		1.31684e+07		-3.07944		0		0		6.6516e+06		163.867			00:00:39:750		6.64744e+06		186.44		142.314		0		0.804232		286.761		
00:00:39:649		1.31708e+07		-3.07496		0		0		6.65333e+06		161.402			00:00:39:649		6.64862e+06		186.44		142.032		0		0.79913		286.778		
00:00:39:549		1.31733e+07		-3.07046		0		0		6.65502e+06		159.265			00:00:39:549		6.6498e+06		186.44		142.032		0		0.79913		286.795		
00:00:39:549		1.31733e+07		-3.07046		0		0		6.65502e+06		159.265			00:00:39:549		6.6498e+06		186.44		142.032		0		0.79913		286.795		
00:00:39:350		1.31758e+07		-3.06593		0		0		6.65666e+06		157.462			00:00:39:350		6.651e+06		185.894		141.746		0		0.794025		286.812		
00:00:39:350		1.31783e+07		-3.06137		0		0		6.65827e+06		155.889			00:00:39:350		6.6522e+06		185.894		141.746		0		0.794025		286.829		
00:00:39:149		1.31834e+07		-3.05218		0		0		6.66138e+06		153.361			00:00:39:149		6.65463e+06		185.346		141.455		0		0.788917		286.863		
00:00:39:149		1.31834e+07		-3.05218		0		0		6.66138e+06		153.361			00:00:39:149		6.65463e+06		185.346		141.455		0		0.788917		286.863		
00:00:39:049		1.3186e+07		-3.04754		0		0		6.6629e+06		152.345			00:00:39:049		6.65585e+06		185.346		141.455		0		0.788917		286.88		
00:00:38:950		1.31885e+07		-3.04287		0		0		6.6644e+06		151.462			00:00:38:950		6.65708e+06		184.799		141.16		0		0.783805		286.897		
00:00:38:850		1.31911e+07		-3.03817		0		0		6.66587e+06		150.696			00:00:38:850		6.65830e+06		184.799		141.16		0		0.783805		286.914		
00:00:38:750		1.31937e+07		-3.03344		0		0		6.66732e+06		150.024			00:00:38:750		6.65953e+06		184.251		141.16		0		0.783805		286.931		
00:00:38:600		1.31976e+07		-3.02629		0		0		6.66947e+06		149.196			00:00:38:600		6.66138e+06		184.251		140.86		0		0.778691		286.957		
00:00:38:450		1.32016e+07		-3.01907		0		0		6.67157e+06		148.502			00:00:38:450		6.66322e+06		183.702		140.556		0		0.773573		286.983		
00:00:38:350		1.32043e+07		-3.01422		0		0		6.67296e+06		148.097			00:00:38:350		6.66445e+06		183.702		140.556		0		0.773573		287		
00:00:38:250		1.3207e+07		-3.00934		0		0		6.67433e+06		147.73			00:00:38:250		6.66568e+06		183.153		140.556		0		0.773573		287.017		
00:00:38:149		1.32097e+07		-3.00442		0		0		6.67568e+06		147.396			00:00:38:149		6.6669e+06		183.153		140.247		0		0.768453		287.035		
00:00:38:149		1.32097e+07		-3.00442		0		0		6.67568e+06		147.396			00:00:38:149		6.6669e+06		183.153		140.247		0		0.768453		287.035		
00:00:38:049		1.32124e+07		-2.99947		0		0		6.67702e+06		147.072			00:00:38:049		6.66813e+06		183.153		140.247		0		0.768453		287.052		
00:00:37:950		1.32151e+07		-2.99448		0		0		6.67835e+06		146.749			00:00:37:950		6.66935e+06		182.604		139.934		0		0.763331		287.07		
00:00:37:850		1.32179e+07		-2.98946		0		0		6.67965e+06		146.418			00:00:37:850		6.67057e+06		182.604		139.934		0		0.763331		287.088		
00:00:37:750		1.32207e+07		-2.9844		0		0		6.68094e+06		146.076			00:00:37:750		6.67178e+06		182.054		139.934		0		0.763331		287.106		
00:00:37:549		1.32263e+07		-2.97417		0		0		6.68347e+06		145.352			00:00:37:549		6.67421e+06		182.054		139.615		0		0.758206		287.142		
00:00:37:549		1.32263e+07		-2.97417		0		0		6.68347e+06		145.352			00:00:37:549		6.67421e+06		182.054		139.615		0		0.758206		287.142		
00:00:37:450		1.32291e+07		-2.96901		0		0		6.68472e+06		144.978			00:00:37:450		6.67541e+06		181.504		139.291		0		0.753079		287.161		
00:00:37:350		1.3232e+07		-2.9638		0		0		6.68595e+06		144.589			00:00:37:350		6.67662e+06		181.504		139.291		0		0.753079		287.179		
00:00:37:250		1.32348e+07		-2.95855		0		0		6.68717e+06		144.762			00:00:37:250		6.67783e+06		180.954		139.291		0		0.753079		287.198		
00:00:37:149		1.32377e+07		-2.95327		0		0		6.6884e+06		144.917			00:00:37:149		6.67903e+06		180.954		138.962		0		0.747949		287.216		
00:00:37:049		1.32406e+07		-2.94795		0		0		6.68961e+06		145.092			00:00:37:049		6.68023e+06		180.954		138.962		0		0.747949		287.235		
00:00:36:950		1.32436e+07		-2.94258		0		0		6.69083e+06		145.278			00:00:36:950		6.68142e+06		180.403		138.628		0		0.742817		287.254		
00:00:36:850		1.32466e+07		-2.93718		0		0		6.69203e+06		145.452			00:00:36:850		6.68261e+06		180.403		138.628		0		0.742817		287.273		
00:00:36:750		1.32495e+07		-2.93173		0		0		6.69323e+06		145.624			00:00:36:750		6.6838e+06		179.852		138.628		0		0.742817		287.292		
00:00:36:549		1.32556e+07		-2.92071		0		0		6.69562e+06		145.974			00:00:36:549		6.68615e+06		179.852		138.288		0		0.737683		287.33		
00:00:36:549		1.32556e+07		-2.92071		0		0		6.69562e+06		145.974			00:00:36:549		6.68615e+06		179.852		138.288		0		0.737683		287.33		
00:00:36:450		1.32587e+07		-2.91515		0		0		6.69681e+06		146.134			00:00:36:450		6.68732e+06		179.301		137.943		0		0.732547		287.35		
00:00:36:350		1.32617e+07		-2.90954		0		0		6.69799e+06		146.332			00:00:36:350		6.68848e+06		179.301		137.943		0		0.732547		287.369		
00:00:36:200		1.32664e+07		-2.90105		0		0		6.69975e+06		146.593			00:00:36:200		6.69021e+06		178.749		137.593		0		0.727408		287.399		
00:00:36:100		1.32696e+07		-2.89534		0		0		6.70091e+06		146.77			00:00:36:100		6.69136e+06		178.749		137.593		0		0.727408		287.419		
00:00:36:000		1.32728e+07		-2.88959		0		0		6.70207e+06		146.946			00:00:36:000		6.6925e+06		178.197		137.593		0		0.727408		287.439		
00:00:35:899		1.3276e+07		-2.8838		0		0		6.70323e+06		147.123			00:00:35:899		6.69363e+06		178.197		137.237		0		0.722268		287.459		
00:00:35:850		1.32776e+07		-2.88088		0		0		6.70381e+06		147.225			00:00:35:850		6.6942e+06		178.197		137.237		0		0.722268		287.47		
00:00:35:600		1.32857e+07		-2.86615		0		0		6.70667e+06		147.676			00:00:35:600		6.69701e+06		177.645		136.876		0		0.717125		287.522		
00:00:35:500		1.3289e+07		-2.86017		0		0		6.7078e+06		147.865			00:00:35:500		6.69813e+06		177.092		136.876		0		0.717125		287.542		
00:00:35:500		1.3289e+07		-2.86017		0		0		6.7078e+06		147.865			00:00:35:500		6.69813e+06		177.092		136.876		0		0.717125		287.542		
00:00:35:399		1.32924e+07		-2.85412		0		0		6.70893e+06		148.034			00:00:35:399		6.69924e+06		177.092		136.508		0		0.71198		287.563		
00:00:35:299		1.32958e+07		-2.84804		0		0		6.71006e+06		148.24			00:00:35:299		6.70035e+06		177.092		136.508		0		0.71198		287.584		
00:00:35:200		1.32992e+07		-2.8419		0		0		6.71118e+06		148.44			00:00:35:200		6.70145e+06		176.539		136.135		0		0.706833		287.605		
00:00:35:100		1.33027e+07		-2.83572		0		0		6.7123e+06		148.643			00:00:35:100		6.70255e+06		176.539		136.135		0		0.706833		287.627		
00:00:35:000		1.33061e+07		-2.82948		0		0		6.71342e+06		148.842			00:00:35:000		6.70364e+06		175.985		136.135		0		0.706833		287.648		
00:00:34:899		1.33096e+07		-2.82319		0		0		6.71453e+06		149.024			00:00:34:899		6.70473e+06		175.985		135.755		0		0.701684		287.67		
00:00:34:799		1.33132e+07		-2.81685		0		0		6.71564e+06		149.224			00:00:34:799		6.70582e+06		175.985		135.755		0		0.701684		287.692		
00:00:34:600		1.33204e+07		-2.80398		0		0		6.71784e+06		149.597			00:00:34:600		6.70798e+06		175.431		135.368		0		0.696533		287.736		
00:00:34:500		1.33241e+07		-2.79747		0		0		6.71894e+06		149.757			00:00:34:500		6.70906e+06		174.876		135.368		0		0.696533		287.758		
00:00:34:500		1.33241e+07		-2.79747		0		0		6.71894e+06		149.757			00:00:34:500		6.70906e+06		174.876		135.368		0		0.696533		287.758		
00:00:34:399		1.33278e+07		-2.7909		0		0		6.72003e+06		149.938			00:00:34:399		6.71013e+06		174.876		134.975		0		0.69138		287.781		
00:00:34:299		1.33315e+07		-2.78427		0		0		6.72111e+06		150.078			00:00:34:299		6.7112e+06		174.876		134.975		0		0.69138		287.804		
00:00:34:149		1.33372e+07		-2.77422		0		0		6.72273e+06		150.359			00:00:34:149		6.7128e+06		174.321		134.574		0		0.686225		287.838		
00:00:34:049		1.3341e+07		-2.76745		0		0		6.72381e+06		150.498			00:00:34:049		6.71386e+06		174.321		134.574		0		0.686225		287.861		
00:00:33:950		1.33449e+07		-2.76061		0		0		6.72488e+06		150.682			00:00:33:950		6.71491e+06		173.766		134.165		0		0.681068		287.884		
00:00:33:850		1.33488e+07		-2.75371		0		0		6.72595e+06		150.856			00:00:33:850		6.71596e+06		173.766		134.165		0		0.681068		287.907		
00:00:33:850		1.33488e+07		-2.75371		0		0		6.72595e+06		150.856			00:00:33:850		6.71596e+06		173.766		134.165		0		0.681068		287.907		
00:00:33:750		1.33527e+07		-2.74676		0		0		6.72701e+06		151.021			00:00:33:750		6.71701e+06		173.211		134.165		0		0.681068		287.931		
00:00:33:600		1.33588e+07		-2.7362		0		0		6.72861e+06		151.321			00:00:33:600		6.71859e+06		173.211		133.749		0		0.675909		287.966		
00:00:33:450		1.33649e+07		-2.7255		0		0		6.73026e+06		151.535			00:00:33:450		6.72021e+06		172.655		133.324		0		0.670748		288.002		
00:00:33:350		1.3369e+07		-2.71829		0		0		6.73134e+06		151.575			00:00:33:350		6.7213e+06		172.655		133.324		0		0.670748		288.026		
00:00:33:250		1.33732e+07		-2.71101		0		0		6.73243e+06		151.709			00:00:33:250		6.72238e+06		172.099		133.324		0		0.670748		288.05		
00:00:33:250		1.33732e+07		-2.71101		0		0		6.73243e+06		151.709			00:00:33:250		6.72238e+06		172.099		133.324		0		0.670748		288.05		
00:00:33:149		1.33774e+07		-2.70366		0		0		6.73352e+06		151.914			00:00:33:149		6.72345e+06		172.099		132.89		0		0.665585		288.075		
00:00:33:049		1.33816e+07		-2.69625		0		0		6.73459e+06		152.047			00:00:33:049		6.7245e+06		172.099		132.89		0		0.665585		288.099		
00:00:32:950		1.3386e+07		-2.68877		0		0		6.73565e+06		152.164			00:00:32:950		6.72555e+06		171.542		132.448		0		0.66042		288.124		
00:00:32:850		1.33903e+07		-2.68122		0		0		6.7367e+06		152.349			00:00:32:850		6.72659e+06		171.542		132.448		0		0.66042		288.149		
00:00:32:750		1.33948e+07		-2.67361		0		0		6.73775e+06		152.501			00:00:32:750		6.72762e+06		170.985		132.448		0		0.66042		288.174		
00:00:32:549		1.34038e+07		-2.65816		0		0		6.73981e+06		152.882			00:00:32:549		6.72963e+06		170.985		131.997		0		0.655253		288.225		
00:00:32:549		1.34038e+07		-2.65816		0		0		6.73981e+06		152.882			00:00:32:549		6.72963e+06		170.985		131.997		0		0.655253		288.225		
00:00:32:450		1.34083e+07		-2.65033		0		0		6.74082e+06		153.092			00:00:32:450		6.73063e+06		170.428		131.536		0		0.650084		288.25		
00:00:32:250		1.34176e+07		-2.63447		0		0		6.74282e+06		153.464			00:00:32:250		6.73258e+06		169.871		131.536		0		0.650084		288.302		
00:00:32:250		1.34176e+07		-2.63447		0		0		6.74282e+06		153.464			00:00:32:250		6.73258e+06		169.871		131.536		0		0.650084		288.302		
00:00:32:149		1.34223e+07		-2.62644		0		0		6.74381e+06		153.659			00:00:32:149		6.73354e+06		169.871		131.066		0		0.644914		288.328		
00:00:32:049		1.34271e+07		-2.61833		0		0		6.74479e+06		153.857			00:00:32:049		6.7345e+06		169.871		131.066		0		0.644914		288.354		
00:00:31:949		1.34319e+07		-2.61016		0		0		6.74576e+06		154.074			00:00:31:949		6.73545e+06		169.313		130.587		0		0.639741		288.38		
00:00:31:850		1.34367e+07		-2.60192		0		0		6.74672e+06		154.269			00:00:31:850		6.73638e+06		169.313		130.587		0		0.639741		288.407		
00:00:31:750		1.34417e+07		-2.5936		0		0		6.74767e+06		154.465			00:00:31:750		6.73731e+06		168.754		130.587		0		0.639741		288.434		
00:00:31:550		1.34515e+07		-2.57677		0		0		6.74954e+06		154.921			00:00:31:550		6.73912e+06		168.754		130.097		0		0.634567		288.488		
00:00:31:550		1.34515e+07		-2.57677		0		0		6.74954e+06		154.921			00:00:31:550		6.73912e+06		168.754		130.097		0		0.634567		288.488		
00:00:31:449		1.34566e+07		-2.56825		0		0		6.75045e+06		155.091			00:00:31:449		6.74002e+06		168.196		129.597		0		0.629392		288.515		
00:00:31:300		1.34642e+07		-2.55532		0		0		6.75181e+06		155.395			00:00:31:300		6.74134e+06		168.196		129.597		0		0.629392		288.556		
00:00:31:199		1.34693e+07		-2.54662		0		0		6.7527e+06		155.57			00:00:31:199		6.7422e+06		167.637		129.087		0		0.624215		288.584		
00:00:31:100		1.34744e+07		-2.53784		0		0		6.75357e+06		155.751			00:00:31:100		6.74306e+06		167.637		129.087		0		0.624215		288.612		
00:00:31:050		1.3477e+07		-2.53343		0		0		6.75401e+06		155.825			00:00:31:050		6.74348e+06		167.637		129.087		0		0.624215		288.626		
00:00:30:899		1.34849e+07		-2.52007		0		0		6.75529e+06		156.092			00:00:30:899		6.74473e+06		167.077		128.567		0		0.619036		288.669		
00:00:30:800		1.34903e+07		-2.51107		0		0		6.75613e+06		156.265			00:00:30:800		6.74555e+06		167.077		128.567		0		0.619036		288.697		
00:00:30:699		1.34956e+07		-2.50199		0		0		6.75696e+06		156.456			00:00:30:699		6.74636e+06		166.518		128.035		0		0.613856		288.726		
00:00:30:500		1.35066e+07		-2.48362		0		0		6.75858e+06		156.855			00:00:30:500		6.74793e+06		165.958		128.035		0		0.613856		288.784		
00:00:30:500		1.35066e+07		-2.48362		0		0		6.75858e+06		156.855			00:00:30:500		6.74793e+06		165.958		128.035		0		0.613856		288.784		
00:00:30:399		1.35121e+07		-2.47432		0		0		6.75937e+06		157.04			00:00:30:399		6.7487e+06		165.958		127.492		0		0.608674		288.814		
00:00:30:300		1.35178e+07		-2.46495		0		0		6.76015e+06		157.257			00:00:30:300		6.74945e+06		165.958		127.492		0		0.608674		288.843		
00:00:30:199		1.35234e+07		-2.45549		0		0		6.76092e+06		157.433			00:00:30:199		6.75019e+06		165.398		126.938		0		0.603491		288.873		
00:00:30:100		1.35292e+07		-2.44597		0		0		6.76166e+06		157.611			00:00:30:100		6.75092e+06		165.398		126.938		0		0.603491		288.903		
00:00:30:000		1.3535e+07		-2.43637		0		0		6.76239e+06		157.779			00:00:30:000		6.75162e+06		164.837		126.938		0		0.603491		288.934		
00:00:29:899		1.35408e+07		-2.4267		0		0		6.7631e+06		158.206			00:00:29:899		6.75229e+06		164.837		126.371		0		0.598307		288.964		
00:00:29:800		1.35468e+07		-2.41695		0		0		6.76382e+06		158.693			00:00:29:800		6.75293e+06		164.837		126.371		0		0.598307		288.995		
00:00:29:600		1.35587e+07		-2.39724		0		0		6.76521e+06		159.695			00:00:29:600		6.75416e+06		164.276		125.793		0		0.593121		289.058		
00:00:29:500		1.35648e+07		-2.38728		0		0		6.76587e+06		160.208			00:00:29:500		6.75475e+06		163.715		125.793		0		0.593121		289.09		
00:00:29:500		1.35648e+07		-2.38728		0		0		6.76587e+06		160.208			00:00:29:500		6.75475e+06		163.715		125.793		0		0.593121		289.09		
00:00:29:399		1.3571e+07		-2.37725		0		0		6.76653e+06		160.773			00:00:29:399		6.75532e+06		163.715		125.202		0		0.587935		289.122		
00:00:29:300		1.35771e+07		-2.36714		0		0		6.76719e+06		161.32			00:00:29:300		6.75589e+06		163.715		125.202		0		0.587935		289.154		
00:00:29:199		1.35834e+07		-2.35696		0		0		6.76784e+06		161.904			00:00:29:199		6.75645e+06		163.154		124.598		0		0.582747		289.187		
00:00:29:100		1.35897e+07		-2.34671		0		0		6.76849e+06		162.484			00:00:29:100		6.757e+06		163.154		124.598		0		0.582747		289.219		
00:00:29:000		1.35961e+07		-2.33639		0		0		6.76913e+06		163.127			00:00:29:000		6.75754e+06		162.593		124.598		0		0.582747		289.252		
00:00:28:899		1.36025e+07		-2.32602		0		0		6.76977e+06		163.79			00:00:28:899		6.75808e+06		162.593		123.983		0		0.577559		289.286		
00:00:28:800		1.36089e+07		-2.31558		0		0		6.7704e+06		164.416			00:00:28:800		6.75861e+06		162.593		123.983		0		0.577559		289.32		
00:00:28:600		1.36219e+07		-2.29454		0		0		6.77165e+06		165.565			00:00:28:600		6.75967e+06		162.031		123.356		0		0.572369		289.388		
00:00:28:500		1.36285e+07		-2.28395		0		0		6.77227e+06		166.126			00:00:28:500		6.7602e+06		161.468		123.356		0		0.572369		289.423		
00:00:28:500		1.36285e+07		-2.28395		0		0		6.77227e+06		166.126			00:00:28:500		6.7602e+06		161.468		123.356		0		0.572369		289.423		
00:00:28:399		1.36352e+07		-2.27331		0		0		6.77289e+06		166.732			00:00:28:399		6.76072e+06		161.468		122.719		0		0.567178		289.458		
00:00:28:300		1.36419e+07		-2.26261		0		0		6.7735e+06		167.495			00:00:28:300		6.76122e+06		161.468		122.719		0		0.567178		289.494		
00:00:28:199		1.36486e+07		-2.25186		0		0		6.77412e+06		168.378			00:00:28:199		6.76169e+06		160.906		122.072		0		0.561987		289.529		
00:00:28:100		1.36554e+07		-2.24106		0		0		6.77474e+06		169.257			00:00:28:100		6.76216e+06		160.906		122.072		0		0.561987		289.566		
00:00:27:949		1.36658e+07		-2.22477		0		0		6.77566e+06		170.538			00:00:27:949		6.76287e+06		160.343		121.416		0		0.556794		289.62		
00:00:27:850		1.36727e+07		-2.21385		0		0		6.77628e+06		171.423			00:00:27:850		6.76334e+06		160.343		121.416		0		0.556794		289.658		
00:00:27:750		1.36797e+07		-2.20287		0		0		6.7769e+06		172.286			00:00:27:750		6.76381e+06		159.78		121.416		0		0.556794		289.695		
00:00:27:750		1.36797e+07		-2.20287		0		0		6.7769e+06		172.286			00:00:27:750		6.76381e+06		159.78		121.416		0		0.556794		289.695		
00:00:27:449		1.37011e+07		-2.16971		0		0		6.77875e+06		174.937			00:00:27:449		6.76521e+06		159.217		120.076		0		0.546407		289.809		
00:00:27:449		1.37011e+07		-2.16971		0		0		6.77875e+06		174.937			00:00:27:449		6.76521e+06		159.217		120.076		0		0.546407		289.809		
00:00:27:449		1.37011e+07		-2.16971		0		0		6.77875e+06		174.937			00:00:27:449		6.76521e+06		159.217		120.076		0		0.546407		289.809		
00:00:27:350		1.37083e+07		-2.15859		0		0		6.77937e+06		175.835			00:00:27:350		6.76567e+06		159.217		120.076		0		0.546407		289.848		
00:00:27:250		1.37156e+07		-2.14746		0		0		6.77999e+06		176.737			00:00:27:250		6.76613e+06		158.653		120.076		0		0.546407		289.888		
00:00:27:149		1.37229e+07		-2.1363		0		0		6.78061e+06		177.64			00:00:27:149		6.76659e+06		158.653		119.392		0		0.541212		289.927		
00:00:27:050		1.37303e+07		-2.12513		0		0		6.78123e+06		178.581			00:00:27:050		6.76705e+06		158.653		119.392		0		0.541212		289.967		
00:00:26:949		1.37377e+07		-2.11394		0		0		6.78186e+06		179.541			00:00:26:949		6.76751e+06		158.089		118.699		0		0.536016		290.008		
00:00:26:850		1.37452e+07		-2.10275		0		0		6.78249e+06		180.631			00:00:26:850		6.76796e+06		158.089		118.699		0		0.536016		290.049		
00:00:26:750		1.37527e+07		-2.09154		0		0		6.78313e+06		181.855			00:00:26:750		6.76838e+06		157.526		118.699		0		0.536016		290.09		
00:00:26:550		1.37678e+07		-2.0691		0		0		6.78442e+06		184.304			00:00:26:550		6.76923e+06		157.526		117.997		0		0.530819		290.174		
00:00:26:550		1.37678e+07		-2.0691		0		0		6.78442e+06		184.304			00:00:26:550		6.76923e+06		157.526		117.997		0		0.530819		290.174		
00:00:26:350		1.37831e+07		-2.04663		0		0		6.78575e+06		186.751			00:00:26:350		6.77010e+06		156.961		117.285		0		0.525621		290.259		
00:00:26:250		1.37831e+07		-2.04663		0		0		6.78575e+06		186.751			00:00:26:250		6.77010e+06		156.961		117.285		0		0.525621		290.259		
00:00:26:250		1.37909e+07		-2.03538		0		0		6.78642e+06		187.988			00:00:26:250		6.77055e+06		156.397		117.285		0		0.525621		290.303		
00:00:26:149		1.37987e+07		-2.02411		0		0		6.7871e+06		189.2			00:00:26:149		6.771e+06		156.397		116.563		0		0.520422		290.347		
00:00:26:050		1.38067e+07		-2.01283		0		0		6.78777e+06		190.398			00:00:26:050		6.77145e+06		156.397		116.563		0		0.520422		290.392		
00:00:25:949		1.38147e+07		-2.00156		0		0		6.78845e+06		191.598			00:00:25:949		6.77191e+06		155.832		115.833		0		0.515223		290.438		
00:00:25:850		1.38229e+07		-1.9903		0		0		6.78914e+06		192.813			00:00:25:850		6.77237e+06		155.832		115.833		0		0.515223		290.484		
00:00:25:750		1.3831e+07		-1.97906		0		0		6.78984e+06		194.029			00:00:25:750		6.77284e+06		155.267		115.833		0		0.515223		290.53		
00:00:25:649		1.38392e+07		-1.96785		0		0		6.79054e+06		195.263			00:00:25:649		6.77330e+06		155.267		115.093		0		0.510022		290.577		
00:00:25:550		1.38474e+07		-1.95665		0		0		6.79125e+06		196.448			00:00:25:550		6.77378e+06		155.267		115.093		0		0.510022		290.625		
00:00:25:350		1.38639e+07		-1.93434		0		0		6.79266e+06		198.823			00:00:25:350		6.77473e+06		154.702		114.344		0		0.504821		290.721		
00:00:25:350		1.38639e+07		-1.93434		0		0		6.79266e+06		198.823			00:00:25:350		6.77473e+06		154.702		114.344		0		0.504821		290.721		
00:00:25:250		1.38723e+07		-1.92321		0		0		6.79336e+06		199.948			00:00:25:250		6.77521e+06		154.136		114.344		0		0.504821		290.77		
00:00:25:149		1.38807e+07		-1.91209		0		0		6.79405e+06		201.038			00:00:25:149		6.77569e+06		154.136		113.586		0		0.499619		290.82		
00:00:25:050		1.38892e+07		-1.90098		0		0		6.79474e+06		202.077			00:00:25:050		6.77617e+06		154.136		113.586		0		0.499619		290.87		
00:00:24:949		1.38977e+07		-1.8899		0		0		6.79541e+06		203.093			00:00:24:949		6.77664e+06		153.57		112.819		0		0.494415		290.921		
00:00:24:850		1.39063e+07		-1.87882		0		0		6.7961e+06		204.169			00:00:24:850		6.77713e+06		153.57		112.819		0		0.494415		290.972		
00:00:24:750		1.3915e+07		-1.86774		0		0		6.7968e+06		205.3			00:00:24:750		6.77762e+06		153.005		112.819		0		0.494415		291.024		
00:00:24:550		1.39325e+07		-1.84552		0		0		6.79826e+06		207.668			00:00:24:550		6.77861e+06		153.005		112.042		0		0.489211		291.13		
00:00:24:550		1.39325e+07		-1.84552		0		0		6.79826e+06		207.668			00:00:24:550		6.77861e+06		153.005		112.042		0		0.489211		291.13		
00:00:24:449		1.39414e+07		-1.83436		0		0		6.799e+06		208.869			00:00:24:449		6.77911e+06		152.438		111.257		0		0.484006		291.184		
00:00:24:350		1.39504e+07		-1.82315		0		0		6.79974e+06		210.074			00:00:24:350		6.77961e+06		152.438		111.257		0		0.484006		291.238		
00:00:24:250		1.39595e+07		-1.8119		0		0		6.80048e+06		211.301			00:00:24:250		6.7801e+06		151.872		111.257		0		0.484006		291.293		
00:00:24:149		1.39687e+07		-1.80059		0		0		6.80122e+06		212.543			00:00:24:149		6.7806e+06		151.872		110.463		0		0.478799		291.348		
00:00:24:050		1.39781e+07		-1.7892		0		0		6.80197e+06		213.869			00:00:24:050		6.78109e+06		151.872		110.463		0		0.478799		291.404		
00:00:23:899		1.39924e+07		-1.77198		0		0		6.80316e+06		216.195			00:00:23:899		6.78182e+06		151.306		109.66		0		0.473592		291.489		
00:00:23:800		1.40022e+07		-1.76039		0		0		6.80399e+06		217.888			00:00:23:800		6.78229e+06		151.306		109.66		0		0.473592		291.546		
00:00:23:699		1.40122e+07		-1.74872		0		0		6.80483e+06		220.041			00:00:23:699		6.78273e+06		150.739		108.848		0		0.468384		291.605		
00:00:23:500		1.4033e+07		-1.72524		0		0		6.8066e+06		224.679			00:00:23:500		6.78349e+06		150.172		108.848		0		0.468384		291.723		
00:00:23:500		1.4033e+07		-1.72524		0		0		6.8066e+06		224.679			00:00:23:500		6.78349e+06		150.172		108.848		0		0.468384		291.723		
00:00:23:399		1.40436e+07		-1.71341		0		0		6.80752e+06		226.967			00:00:23:399		6.78391e+06		150.172		108.027		0		0.463175		291.784		
00:00:23:300		1.40542e+07		-1.70149		0		0		6.80846e+06		229.233			00:00:23:300		6.78435e+06		150.172		108.027		0		0.463175		291.845		
00:00:23:199		1.40647e+07		-1.68948		0		0		6.80943e+06		231.5			00:00:23:199		6.78481e+06		149.605		107.198		0		0.457965		291.907		
00:00:23:100		1.40751e+07		-1.67742		0		0		6.81042e+06		233.761			00:00:23:100		6.7853e+06		149.605		107.198		0		0.457965		291.969		
00:00:23:000		1.40857e+07		-1.66528		0		0		6.81143e+06		235.987			00:00:23:000		6.78580e+06		149.037		107.198		0		0.457965		292.033		
00:00:22:899		1.40964e+07		-1.65309		0		0		6.81246e+06		238.155			00:00:22:899		6.78634e+06		149.037		106.357		0		0.452754		292.097		
00:00:22:800		1.41073e+07		-1.64082		0		0		6.81351e+06		240.328			00:00:22:800		6.7869e+06		149.037		106.357		0		0.452754		292.162		
00:00:22:699		1.41181e+07		-1.62842		0		0		6.81459e+06		242.486			00:00:22:699		6.78748e+06		148.47		105.504		0		0.447542		292.227		
00:00:22:500		1.4139e+07		-1.60316		0		0		6.8168e+06		246.793			00:00:22:500		6.7887e+06		147.902		105.504		0		0.447542		292.361		
00:00:22:500		1.4139e+07		-1.60316		0		0		6.8168e+06		246.793			00:00:22:500		6.7887e+06		147.902		105.504		0		0.447542		292.361		
00:00:22:399		1.41487e+07		-1.59028		0		0		6.81794e+06		248.964			00:00:22:399		6.78933e+06		147.902		104.639		0		0.442328		292.429		
00:00:22:300		1.41581e+07		-1.57734		0		0		6.8191e+06		251.119			00:00:22:300		6.78998e+06		147.902		104.639		0		0.442328		292.498		
00:00:22:199		1.41675e+07		-1.56435		0		0		6.82028e+06		253.279			00:00:22:199		6.79064e+06		147.333		103.76		0		0.437113		292.568		
00:00:22:100		1.41769e+07		-1.5513		0		0		6.82148e+06		255.445			00:00:22:100		6.79133e+06		147.333		103.76		0		0.437113		292.639		
00:00:22:000		1.41863e+07		-1.53821		0		0		6.82271e+06		257.62			00:00:22:000		6.79204e+06		146.765		103.76		0		0.437113		292.711		
00:00:21:899		1.41957e+07		-1.52506		0		0		6.82396e+06		259.786			00:00:21:899		6.79276e+06		146.765		102.869		0		0.431897		292.784		
00:00:21:800		1.42051e+07		-1.51186		0		0		6.82523e+06		261.961			00:00:21:800		6.7935e+06		146.765		102.869		0		0.431897		292.857		
00:00:21:699		1.42144e+07		-1.4986		0		0		6.82652e+06		264.127			00:00:21:699		6.79426e+06		146.196		101.964		0		0.426679		292.932		
00:00:21:500		1.42332e+07		-1.47193		0		0		6.82917e+06		268.462			00:00:21:500		6.79583e+06		145.627		101.964		0		0.426679		293.081		
00:00:21:500		1.42332e+07		-1.47193		0		0		6.82917e+06		268.462			00:00:21:500		6.79583e+06		145.627		101.964		0		0.426679		293.081		
00:00:21:399		1.42427e+07		-1.45852		0		0		6.83052e+06		270.636			00:00:21:399		6.79664e+06		145.627		101.047		0		0.421459		293.157		
00:00:21:300		1.42521e+07		-1.44506		0		0		6.8319e+06		272.804			00:00:21:300		6.79747e+06		145.627		101.047		0		0.421459		293.233		
00:00:21:199		1.42615e+07		-1.43156		0		0		6.8333e+06		274.99			00:00:21:199		6.79832e+06		145.057		100.116		0		0.416238		293.311		
00:00:21:100		1.42709e+07		-1.41801		0		0		6.83472e+06		277.178			00:00:21:100		6.79918e+06		145.057		100.116		0		0.416238		293.389		
00:00:21:000		1.42803e+07		-1.4044		0		0		6.83616e+06		279.354			00:00:21:000		6.80007e+06		144.487		100.116		0		0.416238		293.468		
00:00:20:899		1.42898e+07		-1.39076		0		0		6.83763e+06		281.524			00:00:20:899		6.80097e+06		144.487		99.1731		0		0.411015		293.548		
00:00:20:800		1.42992e+07		-1.37707		0		0		6.83911e+06		283.707			00:00:20:800		6.80189e+06		144.487		99.1731		0		0.411015		293.628		
00:00:20:699		1.43085e+07		-1.36333		0		0		6.84061e+06		285.889			00:00:20:699		6.80282e+06		143.916		98.2176		0		0.40579		293.709		
00:00:20:600		1.43179e+07		-1.34954		0		0		6.84214e+06		288.074			00:00:20:600		6.80377e+06		143.916		98.2176		0		0.40579		293.79		
00:00:20:500		1.43273e+07		-1.33569		0		0		6.8437e+06		290.315			00:00:20:500		6.80474e+06		143.344		98.2176		0		0.40579		293.871		
00:00:20:399		1.43366e+07		-1.32179		0		0		6.84528e+06		292.585			00:00:20:399		6.80571e+06		143.344		97.2517		0		0.400563		293.953		
00:00:20:300		1.43459e+07		-1.30784		0		0		6.84681e+06		294.426			00:00:20:300		6.80667e+06		143.344		97.2517		0		0.400563		294.035		
00:00:20:199		1.43552e+07		-1.29383		0		0		6.84815e+06		295.7			00:00:20:199		6.80762e+06		142.773		96.2763		0		0.395334		294.117		
00:00:20:100		1.43644e+07		-1.27976		0		0		6.84946e+06		297.14			00:00:20:100		6.8086e+06		142.773		96.2763		0		0.395334		294.198		
00:00:19:949		1.43783e+07		-1.25855		0.132537		0		6.85167e+06		299.634			00:00:19:949		6.81017e+06		142.201		95.2917		0		0.390102		294.321		
00:00:19:850		1.43875e+07		-1.24434		0.264754		0		6.85323e+06		301.301			00:00:19:850		6.81129e+06		142.201		95.2917		0		0.390102		294.402		
00:00:19:750		1.43966e+07		-1.23007		0.395791		0		6.85481e+06		302.945			00:00:19:750		6.81242e+06		141.628		95.2917		0		0.390102		294.482		
00:00:19:600		1.44101e+07		-1.20855		0.588358		0		6.85719e+06		305.437			00:00:19:600		6.81412e+06		141.628		94.2986		0		0.384869		294.603		
00:00:19:449		1.44235e+07		-1.18688		0.774004		0		6.85954e+06		307.79			00:00:19:449		6.8158e+06		141.056		93.2972		0		0.379633		294.722		
00:00:19:449		1.44235e+07		-1.18688		0.774004		0		6.85954e+06		307.79			00:00:19:449		6.8158e+06		141.056		93.2972		0		0.379633		294.722		
00:00:19:350		1.44322e+07		-1.17234		0.892826		0		6.86107e+06		309.641			00:00:19:350		6.81686e+06		141.056		93.2972		0		0.379633		294.801		
00:00:19:350		1.44322e+07		-1.17234		0.892826		0		6.86107e+06		309.641			00:00:19:350		6.81686e+06		141.056		93.2972		0		0.379633		294.801		
00:00:19:250		1.44407e+07		-1.15772		1.00716		0		6.86261e+06		311.652			00:00:19:250		6.81785e+06		140.482		93.2972		0		0.379633		294.88		
00:00:19:149		1.4449e+07		-1.14303		1.11648		0		6.86419e+06		313.329			00:00:19:149		6.81894e+06		140.482		92.2884		0		0.374395		294.959		
00:00:19:050		1.4457e+07		-1.12827		1.2207		0		6.86581e+06		314.782			00:00:19:050		6.82015e+06		140.482		92.2884		0		0.374395		295.037		
00:00:18:949		1.44647e+07		-1.11351		1.31939		0		6.86747e+06		316.289			00:00:18:949		6.82142e+06		139.909		91.2729		0		0.369155		295.116		
00:00:18:850		1.44724e+07		-1.09877		1.41236		0		6.86918e+06		317.735			00:00:18:850		6.82271e+06		139.909		91.2729		0		0.369155		295.195		
00:00:18:750		1.44803e+07		-1.08407		1.4997		0		6.87088e+06		319.248			00:00:18:750		6.824e+06		139.335		91.2729		0		0.369155		295.274		
00:00:18:550		1.44969e+07		-1.05485		1.65762		0		6.87426e+06		322.225			00:00:18:550		6.82653e+06		139.335		90.2515		0		0.363912		295.434		
00:00:18:449		1.45057e+07		-1.04032		1.72683		0		6.87597e+06		323.879			00:00:18:449		6.82781e+06		138.76		89.2247		0		0.358667		295.515		
00:00:18:350		1.4515e+07		-1.0258		1.78989		0		6.87775e+06		325.622			00:00:18:350		6.8291e+06		138.76		89.2247		0		0.358667		295.596		
00:00:18:250		1.45244e+07		-1.0111		1.84974		0		6.87955e+06		327.163			00:00:18:250		6.83044e+06		138.185		89.2247		0		0.358667		295.678		
00:00:18:149		1.45329e+07		-0.996329		1.91059		0		6.88137e+06		328.786			00:00:18:149		6.8318e+06		138.185		88.1929		0		0.353419		295.76		
00:00:18:050		1.4541e+07		-0.981462		1.96802		0		6.8832e+06		330.48			00:00:18:050		6.83316e+06		138.185		88.1929		0		0.353419		295.843		
00:00:17:949		1.45483e+07		-0.96647		2.02818		0		6.88506e+06		332.212			00:00:17:949		6.83453e+06		137.609		87.1553		0		0.348168		295.926		
00:00:17:949		1.45483e+07		-0.96647		2.02818		0		6.88506e+06		332.212			00:00:17:949		6.83453e+06		137.609		87.1553		0		0.348168		295.926		
00:00:17:850		1.45553e+07		-0.951593		2.09056		0		6.88695e+06		333.921			00:00:17:850		6.83592e+06		137.609		87.1553		0		0.348168		296.01		
00:00:17:750		1.45627e+07		-0.936848		2.14922		0		6.88885e+06		335.579			00:00:17:750		6.83734e+06		137.033		87.1553		0		0.348168		296.095		
00:00:17:550		1.45789e+07		-0.90782		2.24837		0		6.8927e+06		338.865			00:00:17:550		6.84022e+06		137.033		86.1128		0		0.342915		296.267		
00:00:17:550		1.45789e+07		-0.90782		2.24837		0		6.8927e+06		338.865			00:00:17:550		6.84022e+06		137.033		86.1128		0		0.342915		296.267		
00:00:17:350		1.45976e+07		-0.879259		2.32781		0		6.89657e+06		342.05			00:00:17:350		6.84315e+06		136.457		85.0662		0		0.337659		296.443		
00:00:17:350		1.45976e+07		-0.879259		2.32781		0		6.89657e+06		342.05			00:00:17:350		6.84315e+06		136.457		85.0662		0		0.337659		296.443		
00:00:17:250		1.46072e+07		-0.865008		2.36317		0		6.8985e+06		343.634			00:00:17:250		6.84461e+06		135.88		85.0662		0		0.337659		296.534		
00:00:17:149		1.46167e+07		-0.850762		2.3967		0		6.90043e+06		345.212			00:00:17:149		6.84607e+06		135.88		84.0164		0		0.3324		296.626		
00:00:17:050		1.46263e+07		-0.836516		2.42819		0		6.90236e+06		346.765			00:00:17:050		6.84752e+06		135.88		84.0164		0		0.3324		296.719		
00:00:16:949		1.46359e+07		-0.822276		2.45781		0		6.90426e+06		348.275			00:00:16:949		6.84897e+06		135.303		82.9647		0		0.327138		296.814		
00:00:16:850		1.46454e+07		-0.808043		2.48575		0		6.90614e+06		349.6			00:00:16:850		6.85043e+06		135.303		82.9647		0		0.327138		296.91		
00:00:16:750		1.4655e+07		-0.793821		2.51208		0		6.90799e+06		350.865			00:00:16:750		6.8519e+06		134.725		82.9647		0		0.327138		297.007		
00:00:16:649		1.46645e+07		-0.779606		2.53702		0		6.90981e+06		352.109			00:00:16:649		6.85333e+06		134.725		81.9122		0		0.321874		297.105		
00:00:16:550		1.46741e+07		-0.765405		2.5606		0		6.91159e+06		353.365			00:00:16:550		6.85473e+06		134.725		81.9122		0		0.321874		297.205		
00:00:16:399		1.46883e+07		-0.744131		2.59371		0		6.91419e+06		355.273			00:00:16:399		6.85675e+06		134.147		80.8605		0		0.316608		297.357		
00:00:16:300		1.46978e+07		-0.72997		2.61435		0		6.91587e+06		356.537			00:00:16:300		6.85804e+06		134.147		80.8605		0		0.316608		297.459		
00:00:16:199		1.47073e+07		-0.715831		2.63399		0		6.91752e+06		357.825			00:00:16:199		6.8593e+06		133.568		79.811		0		0.311339		297.562		
00:00:16:149		1.47121e+07		-0.70877		2.64345		0		6.91833e+06		358.463			00:00:16:149		6.85991e+06		133.568		79.811		0		0.311339		297.613		
00:00:16:050		1.47215e+07		-0.694671		2.66171		0		6.91992e+06		359.75			00:00:16:050		6.8611e+06		133.568		79.811		0		0.311339		297.718		
00:00:15:949		1.4731e+07		-0.680607		2.67919		0		6.92147e+06		361.05			00:00:15:949		6.86224e+06		132.989		78.7654		0		0.306068		297.824		
00:00:15:849		1.47404e+07		-0.666577		2.69584		0		6.92298e+06		362.361			00:00:15:849		6.86334e+06		132.989		78.7654		0		0.306068		297.932		
00:00:15:699		1.47546e+07		-0.645602		2.71909		0		6.92516e+06		364.3			00:00:15:699		6.8649e+06		132.41		77.7254		0		0.300795		298.097		
00:00:15:599		1.4764e+07		-0.631672		2.73372		0		6.92655e+06		365.607			00:00:15:599		6.86588e+06		132.41		77.7254		0		0.300795		298.209		
00:00:15:500		1.47733e+07		-0.617788		2.74741		0		6.92789e+06		366.891			00:00:15:500		6.86681e+06		131.831		77.7254		0		0.300795		298.323		
00:00:15:400		1.47827e+07		-0.603953		2.76024		0		6.92918e+06		368.177			00:00:15:400		6.86769e+06		131.831		76.693		0		0.295521		298.439		
00:00:15:300		1.47921e+07		-0.590176		2.77273		0		6.93042e+06		369.46			00:00:15:300		6.86851e+06		131.831		76.693		0		0.295521		298.557		
00:00:15:199		1.48014e+07		-0.576456		2.7847		0		6.93161e+06		370.743			00:00:15:199		6.86928e+06		131.251		75.6699		0		0.290246		298.676		
00:00:15:099		1.48107e+07		-0.562797		2.79595		0		6.93273e+06		372.025			00:00:15:099		6.86999e+06		131.251		75.6699		0		0.290246		298.797		
00:00:15:000		1.482e+07		-0.549201		2.80624		0		6.9338e+06		373.303			00:00:15:000		6.87064e+06		130.67		75.6699		0		0.290246		298.92		
00:00:14:900		1.48293e+07		-0.535671		2.81635		0		6.93481e+06		374.579			00:00:14:900		6.87123e+06		130.67		74.6578		0		0.28497		299.045		
00:00:14:800		1.48386e+07		-0.52222		2.82624		0		6.93576e+06		375.854			00:00:14:800		6.87175e+06		130.67		74.6578		0		0.28497		299.172		
00:00:14:699		1.48479e+07		-0.508846		2.83495		0		6.93665e+06		377.124			00:00:14:699		6.87222e+06		130.089		73.658		0		0.279693		299.301		
00:00:14:599		1.48571e+07		-0.495554		2.84315		0		6.93748e+06		378.401			00:00:14:599		6.87262e+06		130.089		73.658		0		0.279693		299.431		
00:00:14:500		1.48664e+07		-0.482348		2.85135		0		6.93823e+06		379.674			00:00:14:500		6.87295e+06		129.508		73.658		0		0.279693		299.562		
00:00:14:400		1.48756e+07		-0.469226		2.85917		0		6.93892e+06		380.927			00:00:14:400		6.87321e+06		129.508		72.6709		0		0.274417		299.696		
00:00:14:300		1.48849e+07		-0.456201		2.86598		0		6.93954e+06		382.168			00:00:14:300		6.8734e+06		129.508		72.6709		0		0.274417		299.833		
00:00:14:199		1.48942e+07		-0.443269		2.87263		0		6.94007e+06		383.378			00:00:14:199		6.87351e+06		128.927		71.6992		0		0.26914		299.971		
00:00:14:099		1.49034e+07		-0.430435		2.87898		0		6.94052e+06		384.6			00:00:14:099		6.87355e+06		128.927		71.6992		0		0.26914		300.112		
00:00:14:000		1.49127e+07		-0.417702		2.88435		0		6.94091e+06		385.804			00:00:14:000		6.87352e+06		128.346		71.6992		0		0.26914		300.255		
00:00:13:900		1.49219e+07		-0.405067		2.8896		0		6.94121e+06		386.906			00:00:13:900		6.87342e+06		128.346		70.7449		0		0.263864		300.401		
00:00:13:800		1.49312e+07		-0.39254		2.89427		0		6.94141e+06		387.816			00:00:13:800		6.87329e+06		128.346		70.7449		0		0.263864		300.547		
00:00:13:699		1.49405e+07		-0.38012		2.89898		0		6.94151e+06		388.234			00:00:13:699		6.87318e+06		127.765		69.8098		0		0.258588		300.694		
00:00:13:599		1.49497e+07		-0.367812		2.90302		0		6.94151e+06		388.428			00:00:13:599		6.87311e+06		127.765		69.8098		0		0.258588		300.843		
00:00:13:500		1.4959e+07		-0.35564		2.90651		0		6.94141e+06		388.607			00:00:13:500		6.87294e+06		127.183		69.8098		0		0.258588		300.995		
00:00:13:400		1.49683e+07		-0.343587		2.90946		0		6.9412e+06		388.793			00:00:13:400		6.87267e+06		127.183		68.8951		0		0.253314		301.15		
00:00:13:300		1.49776e+07		-0.331656		2.91232		0		6.94089e+06		388.945			00:00:13:300		6.87229e+06		127.183		68.8951		0		0.253314		301.308		
00:00:13:199		1.4987e+07		-0.319838		2.91481		0		6.94046e+06		389.072			00:00:13:199		6.8718e+06		126.601		68.0004		0		0.24804		301.469		
00:00:13:099		1.5001e+07		-0.302321		2.9172		0		6.93961e+06		389.231			00:00:13:099		6.87088e+06		126.601		68.0004		0		0.24804		301.714		
00:00:12:949		1.50105e+07		-0.290792		2.91753		0		6.93891e+06		389.331			00:00:12:949		6.87014e+06		126.019		67.1222		0		0.242769		301.882		
00:00:12:849		1.50199e+07		-0.279399		2.91699		0		6.93812e+06		389.441			00:00:12:849		6.8693e+06		126.019		67.1222		0		0.242769		302.052		
00:00:12:849		1.50199e+07		-0.279399		2.91699		0		6.93812e+06		389.441			00:00:12:849		6.8693e+06		126.019		67.1222		0		0.242769		302.052		
00:00:12:750		1.50294e+07		-0.268121		2.91698		0		6.93725e+06		389.633			00:00:12:750		6.86838e+06		125.436		67.1222		0		0.242769		302.223		
00:00:12:650		1.50389e+07		-0.256957		2.91613		0		6.93636e+06		390.009			00:00:12:650		6.8674e+06		125.436		66.2492		0		0.2375		302.397		
00:00:12:449		1.5058e+07		-0.234951		2.91335		0		6.9347e+06		391.58			00:00:12:449		6.86525e+06		124.854		65.3803		0		0.232234		302.754		
00:00:12:449		1.5058e+07		-0.234951		2.91335		0		6.9347e+06		391.58			00:00:12:449		6.86525e+06		124.854		65.3803		0		0.232234		302.754		
00:00:12:349		1.50676e+07		-0.224094		2.91133		0		6.93382e+06		392.233			00:00:12:349		6.86409e+06		124.854		65.3803		0		0.232234		302.936		
00:00:12:150		1.50867e+07		-0.202682		2.90455		0		6.93153e+06		392.516			00:00:12:150		6.86158e+06		124.271		64.5156		0		0.226971		303.303		
00:00:12:050		1.50962e+07		-0.192111		2.90079		0		6.93013e+06		392.48			00:00:12:050		6.86016e+06		124.271		64.5156		0		0.226971		303.49		
00:00:11:949		1.50962e+07		-0.192111		2.90079		0		6.93013e+06		392.48			00:00:11:949		6.86016e+06		124.271		64.5156		0		0.226971		303.49		
00:00:11:949		1.51056e+07		-0.18159		2.89661		0		6.92858e+06		392.49			00:00:11:949		6.85859e+06		123.688		63.6553		0		0.221712		303.68		
00:00:11:849		1.51143e+07		-0.171131		2.892		0		6.9269e+06		392.533			00:00:11:849		6.85686e+06		123.688		63.6553		0		0.221712		303.872		
00:00:11:750		1.51227e+07		-0.160836		2.88627		0		6.92507e+06		392.585			00:00:11:750		6.85499e+06		123.106		63.6553		0		0.221712		304.068		
00:00:11:650		1.51311e+07		-0.150728		2.87988		0		6.92311e+06		392.653			00:00:11:650		6.85298e+06		123.106		62.7993		0		0.216457		304.265		
00:00:11:449		1.51481e+07		-0.130986		2.86467		0		6.91883e+06		392.795			00:00:11:449		6.84859e+06		122.523		61.9477		0		0.211207		304.666		
00:00:11:449		1.51481e+07		-0.130986		2.86467		0		6.91883e+06		392.795			00:00:11:449		6.84859e+06		122.523		61.9477		0		0.211207		304.666		
00:00:11:349		1.51568e+07		-0.121349		2.85706		0		6.91651e+06		392.867			00:00:11:349		6.84622e+06		122.523		61.9477		0		0.211207		304.869		
00:00:11:250		1.51655e+07		-0.111858		2.84887		0		6.91408e+06		392.944			00:00:11:250		6.84373e+06		121.94		61.9477		0		0.211207		305.073		
00:00:11:150		1.51742e+07		-0.102504		2.83917		0		6.91153e+06		393.013			00:00:11:150		6.84112e+06		121.94		61.1006		0		0.205963		305.28		
00:00:11:050		1.51828e+07		-0.0932946		2.82891		18.4061		6.90885e+06		393.043			00:00:11:050		6.83839e+06		121.94		61.1006		0		0.205963		305.485		
00:00:10:949		1.51914e+07		-0.0842333		2.81896		29.9732		6.90603e+06		393.05			00:00:10:949		6.83553e+06		121.358		60.2579		0		0.200725		305.691		
00:00:10:849		1.51999e+07		-0.0753279		2.80899		39.503		6.90308e+06		392.985			00:00:10:849		6.83255e+06		121.358		60.2579		0		0.200725		305.899		
00:00:10:750		1.52083e+07		-0.0665774		2.79804		48.7833		6.89999e+06		392.877			00:00:10:750		6.82945e+06		120.775		60.2579		0		0.200725		306.108		
00:00:10:599		1.52207e+07		-0.0537376		2.77868		59.943		6.89507e+06		392.554			00:00:10:599		6.82457e+06		120.775		59.4197		0		0.195494		306.423		
00:00:10:500		1.52289e+07		-0.0453587		2.76524		68.5346		6.89158e+06		392.13			00:00:10:500		6.82115e+06		120.193		59.4197		0		0.195494		306.633		
00:00:10:400		1.52372e+07		-0.0371113		2.75386		76.8576		6.88787e+06		391.353			00:00:10:400		6.81762e+06		120.193		58.586		0		0.19027		306.842		
00:00:10:300		1.52455e+07		-0.0290003		2.74371		84.7662		6.8839e+06		389.912			00:00:10:300		6.81401e+06		120.193		58.586		0		0.19027		307.05		
00:00:10:199		1.52539e+07		-0.021059		2.73133		92.4441		6.87959e+06		387.122			00:00:10:199		6.81047e+06		119.612		57.7569		0		0.185052		307.256		
00:00:10:099		1.52623e+07		-0.0133576		2.71387		100.207		6.87487e+06		381.715			00:00:10:099		6.80733e+06		119.612		57.7569		0		0.185052		307.456		
00:00:10:000		1.52705e+07		-0.00598001		2.69505		108.046		6.86969e+06		370.809			00:00:10:000		6.80526e+06		119.031		57.7569		0		0.185052		307.653		
00:00:09:900		1.52781e+07		0.00101709		2.68172		115.684		6.86405e+06		359.851			00:00:09:900		6.80318e+06		119.031		56.9326		0		0.17984		307.843		
00:00:09:800		1.52849e+07		0.00768089		2.67676		123.342		6.85796e+06		348.836			00:00:09:800		6.80056e+06		119.031		56.9326		0		0.17984		308.026		
00:00:09:699		1.52912e+07		0.0141969		2.67069		131.671		6.85143e+06		337.746			00:00:09:699		6.79743e+06		118.45		56.1132		0		0.174635		308.201		
00:00:09:599		1.52976e+07		0.0207491		2.64967		141.531		6.84448e+06		326.543			00:00:09:599		6.79384e+06		118.45		56.1132		0		0.174635		308.368		
00:00:09:500		1.53047e+07		0.0272865		2.62313		154.82		6.83719e+06		315.221			00:00:09:500		6.78983e+06		117.87		56.1132		0		0.174635		308.525		
00:00:09:400		1.53122e+07		0.0336308		2.60929		176.535		6.82965e+06		303.83			00:00:09:400		6.78552e+06		117.87		55.2989		0		0.169439		308.671		
00:00:09:300		1.53195e+07		0.0397038		2.62376		214.813		6.82203e+06		292.919			00:00:09:300		6.78101e+06		117.87		55.2989		0		0.169439		308.803		
00:00:09:199		1.53266e+07		0.0454807		2.63183		265.774		6.81458e+06		282.778			00:00:09:199		6.77642e+06		117.291		54.4898		0		0.164252		308.921		
00:00:09:099		1.53335e+07		0.0509472		2.58777		316.042		6.80762e+06		276.236			00:00:09:099		6.77156e+06		117.291		54.4898		0		0.164252		309.025		
00:00:09:000		1.53401e+07		0.0559621		2.52171		361.551		6.80169e+06		280.815			00:00:09:000		6.76544e+06		116.712		54.4898		0		0.164252		309.115		
00:00:08:900		1.53464e+07		0.0604358		2.49151		401.1		6.79748e+06		313.451			00:00:08:900		6.75474e+06		116.712		53.686		0		0.159095		309.19		
00:00:08:800		1.53524e+07		0.0645514		2.58395		434.577		6.79551e+06		399.947			00:00:08:800		6.73129e+06		116.712		53.686		0		0.159095		309.252		
00:00:08:699		1.53578e+07		0.0683107		2.67016		462.31		6.7956e+06		542.626			00:00:08:699		6.68516e+06		116.135		52.8871		0		0.154013		309.302		
00:00:08:599		1.53627e+07		0.0717239		2.73651		484.787		6.79676e+06		590.896			00:00:08:599		6.64386e+06		116.135		52.8871		0		0.154013		309.343		
00:00:08:500		1.53669e+07		0.0748134		2.74514		502.615		6.79851e+06		630.357			00:00:08:500		6.62006e+06		115.559		52.8871		0		0.154013		309.376		
00:00:08:400		1.53705e+07		0.0776196		2.74479		516.287		6.80048e+06		658.813			00:00:08:400		6.60542e+06		115.559		52.0926		0		0.148942		309.403		
00:00:08:300		1.53735e+07		0.080195		2.74296		525.735		6.80235e+06		652.119			00:00:08:300		6.60486e+06		115.559		52.0926		0		0.148942		309.425		
00:00:08:199		1.53759e+07		0.0826044		2.74042		530.048		6.80414e+06		646.43			00:00:08:199		6.61029e+06		114.984		51.3029		0		0.143864		309.445		
00:00:08:099		1.53781e+07		0.0849128		2.73927		530.407		6.80589e+06		642.894			00:00:08:099		6.61451e+06		114.984		51.3029		0		0.143864		309.463		
00:00:07:950		1.5381e+07		0.0882926		2.74492		530.136		6.80852e+06		642.971			00:00:07:950		6.6179e+06		114.408		50.5183		0		0.138783		309.485		
00:00:07:849		1.53829e+07		0.0905156		2.74998		529.956		6.81029e+06		643.027			00:00:07:849		6.61966e+06		114.408		50.5183		0		0.138783		309.498		
00:00:07:750		1.53848e+07		0.0927157		2.75487		529.783		6.81207e+06		643.09			00:00:07:750		6.62141e+06		113.831		50.5183		0		0.138783		309.511		
00:00:07:650		1.53867e+07		0.0948925		2.75956		529.604		6.81386e+06		643.142			00:00:07:650		6.62318e+06		113.831		49.74		0		0.133698		309.524		
00:00:07:549		1.53886e+07		0.0970464		2.76437		529.431		6.81565e+06		643.195			00:00:07:549		6.62496e+06		113.831		49.74		0		0.133698		309.536		
00:00:07:450		1.53904e+07		0.0991759		2.76897		529.258		6.81746e+06		643.278			00:00:07:450		6.62675e+06		113.254		48.9703		0		0.12861		309.549		
00:00:07:349		1.53923e+07		0.101282		2.77343		529.092		6.81928e+06		643.344			00:00:07:349		6.62854e+06		113.254		48.9703		0		0.12861		309.561		
00:00:07:349		1.53923e+07		0.101282		2.77343		529.092		6.81928e+06		643.344			00:00:07:349		6.62854e+06		113.254		48.9703		0		0.12861		309.561		
00:00:07:250		1.53942e+07		0.103365		2.77786		528.926		6.82112e+06		643.414			00:00:07:250		6.63035e+06		112.677		48.9703		0		0.12861		309.573		
00:00:07:049		1.53979e+07		0.107458		2.7864		528.598		6.82481e+06		643.574			00:00:07:049		6.63399e+06		112.677		48.2136		0		0.123518		309.597		
00:00:07:049		1.53979e+07		0.107458		2.7864		528.598		6.82481e+06		643.574			00:00:07:049		6.63399e+06		112.677		48.2136		0		0.123518		309.597		
00:00:06:849		1.54016e+07		0.111456		2.79424		528.275		6.82856e+06		643.73			00:00:06:849		6.63767e+06		112.101		47.4722		0		0.118422		309.62		
00:00:06:849		1.54016e+07		0.111456		2.79424		528.275		6.82856e+06		643.73			00:00:06:849		6.63767e+06		112.101		47.4722		0		0.118422		309.62		
00:00:06:750		1.54034e+07		0.11342		2.79816		528.121		6.83045e+06		643.821			00:00:06:750		6.63953e+06		111.524		47.4722		0		0.118422		309.631		
00:00:06:549		1.54071e+07		0.117276		2.80581		527.811		6.83427e+06		643.999			00:00:06:549		6.64328e+06		111.524		46.747		0		0.113323		309.652		
00:00:06:450		1.54089e+07		0.119169		2.80933		527.661		6.83619e+06		644.08			00:00:06:450		6.64517e+06		110.949		46.0388		0		0.10822		309.663		
00:00:06:450		1.54089e+07		0.119169		2.80933		527.661		6.83619e+06		644.08			00:00:06:450		6.64517e+06		110.949		46.0388		0		0.10822		309.663		
00:00:06:349		1.54107e+07		0.121038		2.81215		527.51		6.83814e+06		644.197			00:00:06:349		6.64707e+06		110.949		46.0388		0		0.10822		309.673		
00:00:06:250		1.54125e+07		0.122883		2.8154		527.364		6.84009e+06		644.306			00:00:06:250		6.64898e+06		110.375		46.0388		0		0.10822		309.683		
00:00:06:150		1.54142e+07		0.124704		2.81859		527.217		6.84206e+06		644.405			00:00:06:150		6.65091e+06		110.375		45.3484		0		0.103113		309.693		
00:00:06:049		1.5416e+07		0.126501		2.82164		527.075		6.84404e+06		644.502			00:00:06:049		6.65285e+06		110.375		45.3484		0		0.103113		309.702		
00:00:05:950		1.54178e+07		0.128273		2.82451		526.932		6.84604e+06		644.639			00:00:05:950		6.65479e+06		109.802		44.6766		0		0.098002		309.711		
00:00:05:849		1.54195e+07		0.13002		2.82737		526.796		6.84805e+06		644.76			00:00:05:849		6.65675e+06		109.802		44.6766		0		0.098002		309.72		
00:00:05:750		1.54213e+07		0.131742		2.83013		526.657		6.85007e+06		644.885			00:00:05:750		6.65872e+06		109.231		44.6766		0		0.098002		309.728		
00:00:05:549		1.54247e+07		0.135112		2.83512		526.401		6.85417e+06		645.138			00:00:05:549		6.66271e+06		109.231		44.0241		0		0.0928874		309.745		
00:00:05:450		1.54265e+07		0.136758		2.83738		526.281		6.85624e+06		645.29			00:00:05:450		6.66471e+06		108.663		43.3917		0		0.0877688		309.752		
00:00:05:450		1.54265e+07		0.136758		2.83738		526.281		6.85624e+06		645.29			00:00:05:450		6.66471e+06		108.663		43.3917		0		0.0877688		309.752		
00:00:05:200		1.54307e+07		0.140761		2.84263		525.977		6.86149e+06		645.669			00:00:05:200		6.6698e+06		108.098		42.7799		0		0.0826462		309.77		
00:00:05:200		1.54307e+07		0.140761		2.84263		525.977		6.86149e+06		645.669			00:00:05:200		6.6698e+06		108.098		42.7799		0		0.0826462		309.77		
00:00:05:099		1.54324e+07		0.142316		2.84444		525.856		6.86361e+06		645.823			00:00:05:099		6.67185e+06		108.098		42.7799		0		0.0826462		309.777		
00:00:05:000		1.5434e+07		0.143845		2.84607		525.737		6.86576e+06		645.991			00:00:05:000		6.67392e+06		107.537		42.7799		0		0.0826462		309.784		
00:00:04:900		1.54357e+07		0.145348		2.8476		525.622		6.86792e+06		646.155			00:00:04:900		6.67601e+06		107.537		42.1894		0		0.0775194		309.79		
00:00:04:799		1.54373e+07		0.146824		2.84894		525.507		6.8701e+06		646.337			00:00:04:799		6.67811e+06		107.537		42.1894		0		0.0775194		309.795		
00:00:04:700		1.5439e+07		0.148276		2.85004		525.392		6.8723e+06		646.514			00:00:04:700		6.68022e+06		106.98		41.6207		0		0.0723884		309.801		
00:00:04:599		1.54406e+07		0.149702		2.85099		525.282		6.87452e+06		646.702			00:00:04:599		6.68236e+06		106.98		41.6207		0		0.0723884		309.806		
00:00:04:500		1.54423e+07		0.151103		2.85182		525.171		6.87675e+06		646.905			00:00:04:500		6.68449e+06		106.429		41.6207		0		0.0723884		309.81		
00:00:04:400		1.54439e+07		0.152477		2.8525		525.06		6.87901e+06		647.104			00:00:04:400		6.68666e+06		106.429		41.0743		0		0.067253		309.815		
00:00:04:299		1.54455e+07		0.153822		2.85297		524.952		6.88129e+06		647.316			00:00:04:299		6.68884e+06		106.429		41.0743		0		0.067253		309.819		
00:00:04:200		1.54472e+07		0.155136		2.85337		524.842		6.88359e+06		647.522			00:00:04:200		6.69104e+06		105.884		40.5506		0		0.0621133		309.822		
00:00:04:099		1.54488e+07		0.156416		2.85372		524.731		6.88591e+06		647.749			00:00:04:099		6.69326e+06		105.884		40.5506		0		0.0621133		309.826		
00:00:04:049		1.54496e+07		0.157043		2.85379		524.677		6.88708e+06		647.867			00:00:04:049		6.69437e+06		105.884		40.5506		0		0.0621133		309.827		
00:00:03:950		1.54521e+07		0.158859		2.85396		524.508		6.89062e+06		648.231			00:00:03:950		6.69774e+06		105.347		40.0498		0		0.0569691		309.831		
00:00:03:799		1.54537e+07		0.160014		2.85395		524.396		6.89302e+06		648.486			00:00:03:799		6.70002e+06		105.347		40.0498		0		0.0569691		309.834		
00:00:03:700		1.54552e+07		0.161122		2.85365		524.281		6.89543e+06		648.753			00:00:03:700		6.70230e+06		104.819		39.5723		0		0.0518202		309.836		
00:00:03:600		1.54567e+07		0.162185		2.85329		524.163		6.89788e+06		649.029			00:00:03:600		6.70462e+06		104.819		39.5723		0		0.0518202		309.838		
00:00:03:500		1.54581e+07		0.163203		2.85257		524.042		6.90035e+06		649.316			00:00:03:500		6.70695e+06		104.302		39.5723		0		0.0518202		309.84		
00:00:03:399		1.54595e+07		0.164181		2.85164		523.92		6.90285e+06		649.613			00:00:03:399		6.7093e+06		104.302		39.1186		0		0.0466666		309.842		
00:00:03:299		1.54609e+07		0.165123		2.85046		523.799		6.90538e+06		649.929			00:00:03:299		6.71168e+06		104.302		39.1186		0		0.0466666		309.843		
00:00:03:200		1.54623e+07		0.166034		2.84912		523.678		6.90794e+06		650.263			00:00:03:200		6.71408e+06		103.797		38.6893		0		0.041508		309.844		
00:00:03:100		1.54637e+07		0.166915		2.84764		523.566		6.91054e+06		650.622			00:00:03:100		6.71649e+06		103.797		38.6893		0		0.041508		309.845		
00:00:03:000		1.54652e+07		0.167766		2.84621		523.463		6.91316e+06		651.001			00:00:03:000		6.71893e+06		103.306		38.6893		0		0.041508		309.845		
00:00:02:899		1.54668e+07		0.168582		2.84481		523.385		6.91582e+06		651.429			00:00:02:899		6.72137e+06		103.306		38.2865		0		0.0363444		309.845		
00:00:02:799		1.54684e+07		0.169353		2.84373		523.329		6.91851e+06		651.884			00:00:02:799		6.72383e+06		103.306		38.2865		0		0.0363444		309.844		
00:00:02:600		1.54717e+07		0.170715		2.84231		523.337		6.92397e+06		652.864			00:00:02:600		6.72877e+06		102.832		37.911		0		0.0311756		309.843		
00:00:02:500		1.54732e+07		0.171277		2.84186		523.424		6.9267e+06		653.299			00:00:02:500		6.73124e+06		102.377		37.911		0		0.0311756		309.843		
00:00:02:500		1.54732e+07		0.171277		2.84186		523.424		6.9267e+06		653.299			00:00:02:500		6.73124e+06		102.377		37.911		0		0.0311756		309.843		
00:00:02:350		1.54753e+07		0.171944		2.84121		523.698		6.93068e+06		653.57			00:00:02:350		6.73502e+06		102.377		37.5634		0		0.0260014		309.843		
00:00:02:250		1.54763e+07		0.17227		2.84073		523.992		6.93317e+06		653.12			00:00:02:250		6.73768e+06		101.945		37.5634		0		0.0260014		309.843		
00:00:02:250		1.54763e+07		0.17227		2.84073		523.992		6.93317e+06		653.12			00:00:02:250		6.73768e+06		101.945		37.5634		0		0.0260014		309.843		
00:00:02:049		1.54778e+07		0.172665		2.83959		524.987		6.93864e+06		652.897			00:00:02:049		6.74363e+06		101.945		37.2428		0		0.0208209		309.844		
00:00:02:049		1.54778e+07		0.172665		2.83959		524.987		6.93864e+06		652.897			00:00:02:049		6.74363e+06		101.945		37.2428		0		0.0208209		309.844		
00:00:01:949		1.54783e+07		0.172761		2.83887		525.737		6.94184e+06		653.005			00:00:01:949		6.74683e+06		101.54		36.9483		0		0.0156332		309.844		
00:00:01:850		1.54785e+07		0.172813		2.83809		526.642		6.94512e+06		652.995			00:00:01:850		6.75016e+06		101.54		36.9483		0		0.0156332		309.845		
00:00:01:750		1.54786e+07		0.172837		2.83719		527.624		6.94845e+06		652.757			00:00:01:750		6.75365e+06		101.167		36.9483		0		0.0156332		309.845		
00:00:01:550		1.54786e+07		0.172843		2.83588		529.474		6.95501e+06		650.485			00:00:01:550		6.76146e+06		101.167		36.6813		0		0.0104371		309.846		
00:00:01:449		1.54786e+07		0.17284		2.83565		530.037		6.95803e+06		647.458			00:00:01:449		6.76608e+06		100.823		36.4618		0		0.00522958		309.846		
00:00:01:449		1.54786e+07		0.17284		2.83565		530.037		6.95803e+06		647.458			00:00:01:449		6.76608e+06		100.823		36.4618		0		0.00522958		309.846		
00:00:01:350		1.54786e+07		0.172838		2.83567		530.217		6.96071e+06		642.013			00:00:01:350		6.77163e+06		100.823		36.4618		0		0.00522958		309.846		
00:00:01:250		1.54786e+07		0.172838		2.83572		530.206		6.96286e+06		632.566			00:00:01:250		6.77876e+06		100.461		36.4618		0		0.00522958		309.846		
00:00:01:149		1.54786e+07		0.172839		2.83571		530.192		6.9643e+06		616.305			00:00:01:149		6.78869e+06		100.461		36.3825		0		0		309.846		
00:00:01:050		1.54786e+07		0.172839		2.83571		530.195		6.96487e+06		589.118			00:00:01:050		6.80407e+06		100.461		36.3825		0		0		309.846		
00:00:00:949		1.54786e+07		0.172839		2.83571		530.197		6.96487e+06		526.823			00:00:00:949		6.83119e+06		100.069		36.3828		0		0		309.846		
00:00:00:849		1.54786e+07		0.172839		2.83575		530.201		6.96487e+06		526.823			00:00:00:849		6.83119e+06		100.069		36.3828		0		0		309.846		
00:00:00:550		1.54786e+07		0.17284		2.83569		530.208		6.96486e+06		526.824			00:00:00:550		6.83117e+06		100.069		36.3831		0		0		309.846		
00:00:00:550		1.54786e+07		0.17284		2.83569		530.208		6.96486e+06		526.824			00:00:00:550		6.83117e+06		100.069		36.3831		0		0		309.846		
00:00:00:450		1.54786e+07		0.17284		2.83569		530.212		6.96485e+06		526.825			00:00:00:450		6.83117e+06		100.069		36.3834		0		0		309.846		
00:00:00:349		1.54786e+07		0.17284		2.83568		530.214		6.96485e+06		526.826			00:00:00:349		6.83117e+06		100.069		36.3834		0		0		309.846		
00:00:00:349		1.54786e+07		0.17284		2.83568		530.214		6.96485e+06		526.826			00:00:00:349		6.83117e+06		100.069		36.3834		0		0		309.846		
00:00:00:250		1.54786e+07		0.17284		2.83572		530.217		6.96484e+06		526.826			00:00:00:250		6.83116e+06		100.069		36.3834		0		0		309.846		
00:00:00:149		1.54785e+07		0.17284		2.83572		530.221		6.96484e+06		526.821			00:00:00:149		6.83116e+06		100.069		36.3837		0		0		309.846		
00:00:00:050		1.54785e+07		0.17284		2.83567		530.223		6.96484e+06		526.826			00:00:00:050		6.83115e+06		100.069		36.3837		0		0		309.846		
00:00:00:000		1.54785e+07		0.17284		2.83571		530.225		6.96483e+06		526.826			00:00:00:000		6.83115e+06		100.069		36.3837		0		0		309.846		
00:00:00:000		1.54785e+07		0.17284		2.83571		530.225		6.96483e+06		526.826			00:00:00:000		6.83115e+06		100.069		36.3837		0		0		309.846		
00:00:00:000		1.54785e+07		0.17284		2.83571		530.225		6.96483e+06		526.826			00:00:00:000		6.83115e+06		100.069		36.3837		0		0		309.846		
00:00:00:000		1.54785e+07		0.17284		2.83571		530.225		6.96483e+06		526.826			00:00:00:000		6.83115e+06		100.069		36.3837		0		0		309.846		
00:00:00:000		1.54785e+07		0.17284		2.83571		530.225		6.96483e+06		526.826			00:00:00:000		6.83115e+06		100.069		36.3837		0		0		309.846		
00:00:00:000		1.54785e+07		0.17284		2.83571		530.225		6.96483e+06		526.826			00:00:00:000		6.83115e+06		100.069		36.3837		0		0		309.846		
00:00:00:000		1.54785e+07		0.17284		2.83571		530.225		6.96483e+06		526.826			00:00:00:000		6.83115e+06		100.069		36.3837		0		0		309.846		
