	time 		rcpppzr	rcp054rcp007mnzoyout	rcv501std0102fvol	fwfrcp001gv	rcppmssga	msfsg(1)			time 		gpv001pnt10113ppntm	evf507ety101mpzoyout	chtcon(1)	chavg(1)	chlhsumpa	rcptavgn	
00:01:05:299		1.24826e+07		-4.18744		0		0		5.1933e+06		356.322			00:01:05:299		6.57582e+06		247.092		164.874		0		1.4828		281.288		
00:01:05:150		1.2486e+07		-4.18195		0		0		5.19766e+06		356.539			00:01:05:150		6.57596e+06		247.275		165.066		0		1.47326		281.317		
00:01:04:950		1.24906e+07		-4.17462		0		0		5.2035e+06		356.9			00:01:04:950		6.57614e+06		247.425		165.227		0		1.46395		281.354		
00:01:04:849		1.24929e+07		-4.17096		0		0		5.20644e+06		357.1			00:01:04:849		6.57624e+06		247.425		165.227		0		1.46395		281.373		
00:01:04:849		1.24929e+07		-4.17096		0		0		5.20644e+06		357.1			00:01:04:849		6.57624e+06		247.425		165.227		0		1.46395		281.373		
00:01:04:750		1.24951e+07		-4.1673		0		0		5.20938e+06		357.306			00:01:04:750		6.57633e+06		247.544		165.227		0		1.46395		281.392		
00:01:04:650		1.24974e+07		-4.16363		0		0		5.21233e+06		357.537			00:01:04:650		6.57643e+06		247.544		165.361		0		1.45488		281.411		
00:01:04:549		1.24997e+07		-4.15996		0		0		5.21529e+06		357.853			00:01:04:549		6.57652e+06		247.544		165.361		0		1.45488		281.43		
00:01:04:450		1.2502e+07		-4.1563		0		0		5.21826e+06		358.108			00:01:04:450		6.57661e+06		247.63		165.466		0		1.44605		281.449		
00:01:04:349		1.25043e+07		-4.15263		0		0		5.22123e+06		358.168			00:01:04:349		6.57671e+06		247.63		165.466		0		1.44605		281.468		
00:01:04:250		1.25065e+07		-4.14895		0		0		5.22422e+06		358.584			00:01:04:250		6.5768e+06		247.684		165.466		0		1.44605		281.487		
00:01:04:150		1.25088e+07		-4.14528		0		0		5.22721e+06		358.848			00:01:04:150		6.5769e+06		247.684		165.544		0		1.43745		281.506		
00:01:03:950		1.25134e+07		-4.13794		0		0		5.23322e+06		358.896			00:01:03:950		6.57708e+06		247.706		165.596		0		1.42909		281.544		
00:01:03:850		1.25157e+07		-4.13427		0		0		5.23624e+06		359.104			00:01:03:850		6.57718e+06		247.706		165.596		0		1.42909		281.563		
00:01:03:850		1.25157e+07		-4.13427		0		0		5.23624e+06		359.104			00:01:03:850		6.57718e+06		247.706		165.596		0		1.42909		281.563		
00:01:03:700		1.25191e+07		-4.12876		0		0		5.24077e+06		359.421			00:01:03:700		6.57732e+06		247.695		165.622		0		1.42096		281.591		
00:01:03:700		1.25191e+07		-4.12876		0		0		5.24077e+06		359.421			00:01:03:700		6.57732e+06		247.695		165.622		0		1.42096		281.591		
00:01:03:600		1.25214e+07		-4.12509		0		0		5.2438e+06		359.649			00:01:03:600		6.57741e+06		247.695		165.622		0		1.42096		281.61		
00:01:03:500		1.25237e+07		-4.12142		0		0		5.24683e+06		359.936			00:01:03:500		6.57751e+06		247.651		165.622		0		1.42096		281.629		
00:01:03:350		1.25272e+07		-4.11591		0		0		5.25138e+06		360.192			00:01:03:350		6.57765e+06		247.651		165.623		0		1.41308		281.657		
00:01:03:250		1.25295e+07		-4.11224		0		0		5.25442e+06		360.56			00:01:03:250		6.57774e+06		247.574		165.623		0		1.41308		281.676		
00:01:03:149		1.25318e+07		-4.10857		0		0		5.25747e+06		360.62			00:01:03:149		6.57784e+06		247.574		165.601		0		1.40543		281.695		
00:01:03:049		1.25341e+07		-4.10489		0		0		5.26053e+06		361.029			00:01:03:049		6.57793e+06		247.574		165.601		0		1.40543		281.714		
00:01:02:950		1.25364e+07		-4.10122		0		0		5.26359e+06		361.233			00:01:02:950		6.57802e+06		247.464		165.556		0		1.39803		281.732		
00:01:02:950		1.25364e+07		-4.10122		0		0		5.26359e+06		361.233			00:01:02:950		6.57802e+06		247.464		165.556		0		1.39803		281.732		
00:01:02:850		1.25387e+07		-4.09754		0		0		5.26666e+06		361.424			00:01:02:850		6.57812e+06		247.464		165.556		0		1.39803		281.751		
00:01:02:700		1.25421e+07		-4.09203		0		0		5.27127e+06		361.473			00:01:02:700		6.57826e+06		247.32		165.49		0		1.39086		281.78		
00:01:02:600		1.25444e+07		-4.08835		0		0		5.27435e+06		361.681			00:01:02:600		6.57835e+06		247.32		165.49		0		1.39086		281.798		
00:01:02:500		1.25467e+07		-4.08466		0		0		5.27744e+06		361.89			00:01:02:500		6.57845e+06		247.143		165.49		0		1.39086		281.817		
00:01:02:399		1.2549e+07		-4.08099		0		0		5.28054e+06		362.099			00:01:02:399		6.57854e+06		247.143		165.404		0		1.38395		281.836		
00:01:02:200		1.25536e+07		-4.07363		0		0		5.28675e+06		362.517			00:01:02:200		6.57873e+06		246.93		165.3		0		1.37728		281.874		
00:01:02:200		1.25536e+07		-4.07363		0		0		5.28675e+06		362.517			00:01:02:200		6.57873e+06		246.93		165.3		0		1.37728		281.874		
00:01:02:100		1.25559e+07		-4.06995		0		0		5.28987e+06		362.727			00:01:02:100		6.57882e+06		246.93		165.3		0		1.37728		281.893		
00:01:01:899		1.25605e+07		-4.06259		0		0		5.29612e+06		363.148			00:01:01:899		6.57901e+06		246.683		165.179		0		1.37087		281.93		
00:01:01:899		1.25605e+07		-4.06259		0		0		5.29612e+06		363.148			00:01:01:899		6.57901e+06		246.683		165.179		0		1.37087		281.93		
00:01:01:799		1.25628e+07		-4.05892		0		0		5.29926e+06		363.358			00:01:01:799		6.57911e+06		246.683		165.179		0		1.37087		281.949		
00:01:01:700		1.25651e+07		-4.05524		0		0		5.30241e+06		363.569			00:01:01:700		6.5792e+06		246.398		165.044		0		1.36473		281.968		
00:01:01:600		1.25674e+07		-4.05157		0		0		5.30556e+06		363.781			00:01:01:600		6.57929e+06		246.398		165.044		0		1.36473		281.986		
00:01:01:500		1.25697e+07		-4.04789		0		0		5.30872e+06		363.993			00:01:01:500		6.57939e+06		246.073		165.044		0		1.36473		282.005		
00:01:01:399		1.25719e+07		-4.04422		0		0		5.31189e+06		364.205			00:01:01:399		6.57948e+06		246.073		164.896		0		1.35887		282.024		
00:01:01:299		1.25742e+07		-4.04055		0		0		5.31507e+06		364.416			00:01:01:299		6.57958e+06		246.073		164.896		0		1.35887		282.042		
00:01:01:200		1.25765e+07		-4.03688		0		0		5.31826e+06		364.629			00:01:01:200		6.57967e+06		245.704		164.739		0		1.35333		282.061		
00:01:01:100		1.25788e+07		-4.03322		0		0		5.32145e+06		364.844			00:01:01:100		6.57976e+06		245.704		164.739		0		1.35333		282.08		
00:01:00:950		1.25822e+07		-4.02772		0		0		5.32627e+06		365.178			00:01:00:950		6.5799e+06		245.258		164.577		0		1.34821		282.108		
00:01:00:850		1.25844e+07		-4.02406		0		0		5.32949e+06		365.434			00:01:00:850		6.58e+06		245.258		164.577		0		1.34821		282.126		
00:01:00:750		1.25867e+07		-4.0204		0		0		5.33272e+06		365.804			00:01:00:750		6.58009e+06		244.762		164.577		0		1.34821		282.145		
00:01:00:649		1.2589e+07		-4.01675		0		0		5.33596e+06		365.798			00:01:00:649		6.58019e+06		244.762		164.415		0		1.34359		282.164		
00:01:00:600		1.25901e+07		-4.01492		0		0		5.33758e+06		365.902			00:01:00:600		6.58023e+06		244.762		164.415		0		1.34359		282.173		
00:01:00:500		1.25924e+07		-4.01127		0		0		5.34085e+06		366.113			00:01:00:500		6.58033e+06		244.267		164.415		0		1.34359		282.192		
00:01:00:399		1.25946e+07		-4.00762		0		0		5.34413e+06		366.33			00:01:00:399		6.58042e+06		244.267		164.252		0		1.33896		282.21		
00:01:00:299		1.25969e+07		-4.00397		0		0		5.34743e+06		366.549			00:01:00:299		6.58052e+06		244.267		164.252		0		1.33896		282.229		
00:01:00:200		1.25991e+07		-4.00033		0		0		5.35073e+06		366.768			00:01:00:200		6.58061e+06		243.77		164.089		0		1.33433		282.247		
00:01:00:100		1.26014e+07		-3.99669		0		0		5.35405e+06		366.989			00:01:00:100		6.5807e+06		243.77		164.089		0		1.33433		282.266		
00:00:59:950		1.26047e+07		-3.99124		0		0		5.35906e+06		367.328			00:00:59:950		6.58084e+06		243.272		163.926		0		1.32969		282.294		
00:00:59:950		1.26047e+07		-3.99124		0		0		5.35906e+06		367.328			00:00:59:950		6.58084e+06		243.272		163.926		0		1.32969		282.294		
00:00:59:850		1.2607e+07		-3.98761		0		0		5.36241e+06		367.573			00:00:59:850		6.58094e+06		243.272		163.926		0		1.32969		282.312		
00:00:59:750		1.26092e+07		-3.98399		0		0		5.36577e+06		367.882			00:00:59:750		6.58103e+06		242.774		163.926		0		1.32969		282.331		
00:00:59:649		1.26114e+07		-3.98037		0		0		5.36914e+06		367.99			00:00:59:649		6.58113e+06		242.774		163.762		0		1.32504		282.349		
00:00:59:500		1.26148e+07		-3.97494		0		0		5.37422e+06		368.326			00:00:59:500		6.58127e+06		242.274		163.762		0		1.32504		282.377		
00:00:59:399		1.2617e+07		-3.97134		0		0		5.37762e+06		368.551			00:00:59:399		6.58136e+06		242.274		163.598		0		1.32039		282.396		
00:00:59:299		1.26192e+07		-3.96773		0		0		5.38103e+06		368.779			00:00:59:299		6.58146e+06		242.274		163.598		0		1.32039		282.414		
00:00:59:200		1.26214e+07		-3.96413		0		0		5.38445e+06		369.008			00:00:59:200		6.58155e+06		241.774		163.433		0		1.31573		282.433		
00:00:59:000		1.26259e+07		-3.95693		0		0		5.39133e+06		369.478			00:00:59:000		6.58174e+06		241.273		163.433		0		1.31573		282.47		
00:00:58:899		1.26281e+07		-3.95334		0		0		5.39478e+06		369.728			00:00:58:899		6.58183e+06		241.273		163.268		0		1.31106		282.489		
00:00:58:899		1.26281e+07		-3.95334		0		0		5.39478e+06		369.728			00:00:58:899		6.58183e+06		241.273		163.268		0		1.31106		282.489		
00:00:58:799		1.26304e+07		-3.94976		0		0		5.39823e+06		370.017			00:00:58:799		6.58193e+06		241.273		163.268		0		1.31106		282.507		
00:00:58:700		1.26326e+07		-3.94617		0		0		5.40169e+06		370.461			00:00:58:700		6.58202e+06		240.771		163.102		0		1.30638		282.526		
00:00:58:600		1.26348e+07		-3.94259		0		0		5.40516e+06		370.626			00:00:58:600		6.58211e+06		240.771		163.102		0		1.30638		282.544		
00:00:58:500		1.26371e+07		-3.93902		0		0		5.40865e+06		370.624			00:00:58:500		6.58221e+06		240.271		163.102		0		1.30638		282.563		
00:00:58:399		1.26393e+07		-3.93544		0		0		5.41214e+06		370.861			00:00:58:399		6.5823e+06		240.271		162.936		0		1.30167		282.581		
00:00:58:299		1.26415e+07		-3.93186		0		0		5.41565e+06		371.109			00:00:58:299		6.5824e+06		240.271		162.936		0		1.30167		282.599		
00:00:58:250		1.26426e+07		-3.93007		0		0		5.41741e+06		371.243			00:00:58:250		6.58244e+06		239.767		162.936		0		1.30167		282.609		
00:00:58:100		1.2646e+07		-3.9247		0		0		5.4227e+06		371.798			00:00:58:100		6.58258e+06		239.767		162.769		0		1.29698		282.636		
00:00:58:000		1.26482e+07		-3.92111		0		0		5.42624e+06		371.798			00:00:58:000		6.58268e+06		239.263		162.769		0		1.29698		282.655		
00:00:57:899		1.26504e+07		-3.91752		0		0		5.42978e+06		372.036			00:00:57:899		6.58277e+06		239.263		162.602		0		1.29228		282.673		
00:00:57:799		1.26526e+07		-3.91393		0		0		5.43334e+06		372.28			00:00:57:799		6.58287e+06		239.263		162.602		0		1.29228		282.691		
00:00:57:700		1.26548e+07		-3.91033		0		0		5.43691e+06		372.524			00:00:57:700		6.58296e+06		238.757		162.434		0		1.28757		282.709		
00:00:57:600		1.26571e+07		-3.90672		0		0		5.44048e+06		372.776			00:00:57:600		6.58305e+06		238.757		162.434		0		1.28757		282.728		
00:00:57:500		1.26593e+07		-3.90311		0		0		5.44407e+06		373.065			00:00:57:500		6.58315e+06		238.251		162.434		0		1.28757		282.746		
00:00:57:399		1.26615e+07		-3.8995		0		0		5.44766e+06		373.481			00:00:57:399		6.58324e+06		238.251		162.265		0		1.28285		282.764		
00:00:57:299		1.26637e+07		-3.89588		0		0		5.45127e+06		373.481			00:00:57:299		6.58334e+06		238.251		162.265		0		1.28285		282.782		
00:00:57:200		1.26659e+07		-3.89227		0		0		5.45488e+06		373.724			00:00:57:200		6.58343e+06		237.744		162.096		0		1.27813		282.8		
00:00:57:000		1.26703e+07		-3.88505		0		0		5.46215e+06		374.211			00:00:57:000		6.58362e+06		237.236		162.096		0		1.27813		282.836		
00:00:56:899		1.26725e+07		-3.88145		0		0		5.4658e+06		374.457			00:00:56:899		6.58371e+06		237.236		161.927		0		1.2734		282.854		
00:00:56:899		1.26725e+07		-3.88145		0		0		5.4658e+06		374.457			00:00:56:899		6.58371e+06		237.236		161.927		0		1.2734		282.854		
00:00:56:799		1.26746e+07		-3.87785		0		0		5.46945e+06		374.706			00:00:56:799		6.58381e+06		237.236		161.927		0		1.2734		282.872		
00:00:56:799		1.26746e+07		-3.87785		0		0		5.46945e+06		374.706			00:00:56:799		6.58381e+06		237.236		161.927		0		1.2734		282.872		
00:00:56:700		1.26768e+07		-3.87426		0		0		5.47312e+06		374.964			00:00:56:700		6.5839e+06		236.727		161.757		0		1.26865		282.889		
00:00:56:549		1.26801e+07		-3.86887		0		0		5.47865e+06		375.424			00:00:56:549		6.58404e+06		236.727		161.757		0		1.26865		282.916		
00:00:56:450		1.26823e+07		-3.86528		0		0		5.48235e+06		375.946			00:00:56:450		6.58413e+06		236.217		161.587		0		1.26391		282.933		
00:00:56:350		1.26845e+07		-3.8617		0		0		5.48605e+06		375.823			00:00:56:350		6.58423e+06		236.217		161.587		0		1.26391		282.951		
00:00:56:250		1.26866e+07		-3.85813		0		0		5.48977e+06		376.098			00:00:56:250		6.58432e+06		235.706		161.587		0		1.26391		282.968		
00:00:56:149		1.26888e+07		-3.85456		0		0		5.4935e+06		376.44			00:00:56:149		6.58442e+06		235.706		161.416		0		1.25915		282.986		
00:00:55:950		1.26931e+07		-3.84744		0		0		5.501e+06		376.807			00:00:55:950		6.5846e+06		235.195		161.244		0		1.25438		283.021		
00:00:55:950		1.26931e+07		-3.84744		0		0		5.501e+06		376.807			00:00:55:950		6.5846e+06		235.195		161.244		0		1.25438		283.021		
00:00:55:750		1.26974e+07		-3.84035		0		0		5.50856e+06		377.308			00:00:55:750		6.58479e+06		234.682		161.244		0		1.25438		283.056		
00:00:55:750		1.26974e+07		-3.84035		0		0		5.50856e+06		377.308			00:00:55:750		6.58479e+06		234.682		161.244		0		1.25438		283.056		
00:00:55:649		1.26996e+07		-3.83682		0		0		5.51236e+06		377.559			00:00:55:649		6.58489e+06		234.682		161.072		0		1.24961		283.073		
00:00:55:549		1.27017e+07		-3.83328		0		0		5.51618e+06		377.813			00:00:55:549		6.58498e+06		234.682		161.072		0		1.24961		283.091		
00:00:55:450		1.27038e+07		-3.82976		0		0		5.52e+06		378.067			00:00:55:450		6.58507e+06		234.169		160.9		0		1.24483		283.108		
00:00:55:350		1.2706e+07		-3.82623		0		0		5.52385e+06		378.324			00:00:55:350		6.58517e+06		234.169		160.9		0		1.24483		283.125		
00:00:55:250		1.27081e+07		-3.82272		0		0		5.52771e+06		378.582			00:00:55:250		6.58526e+06		233.654		160.9		0		1.24483		283.143		
00:00:55:149		1.27102e+07		-3.8192		0		0		5.53158e+06		378.846			00:00:55:149		6.58536e+06		233.654		160.726		0		1.24004		283.16		
00:00:55:049		1.27123e+07		-3.81569		0		0		5.53546e+06		379.139			00:00:55:049		6.58545e+06		233.654		160.726		0		1.24004		283.177		
00:00:54:950		1.27145e+07		-3.81218		0		0		5.53937e+06		379.522			00:00:54:950		6.58554e+06		233.139		160.553		0		1.23524		283.194		
00:00:54:850		1.27166e+07		-3.80868		0		0		5.54329e+06		379.744			00:00:54:850		6.58564e+06		233.139		160.553		0		1.23524		283.211		
00:00:54:750		1.27187e+07		-3.80518		0		0		5.54722e+06		379.871			00:00:54:750		6.58573e+06		232.622		160.553		0		1.23524		283.229		
00:00:54:649		1.27208e+07		-3.80168		0		0		5.55117e+06		380.137			00:00:54:649		6.58583e+06		232.622		160.378		0		1.23043		283.246		
00:00:54:549		1.27229e+07		-3.7982		0		0		5.55514e+06		380.402			00:00:54:549		6.58592e+06		232.622		160.378		0		1.23043		283.263		
00:00:54:450		1.2725e+07		-3.79471		0		0		5.55911e+06		380.666			00:00:54:450		6.58602e+06		232.105		160.204		0		1.22561		283.281		
00:00:54:350		1.27271e+07		-3.79123		0		0		5.56309e+06		380.931			00:00:54:350		6.58611e+06		232.105		160.204		0		1.22561		283.298		
00:00:54:200		1.27302e+07		-3.78602		0		0		5.56909e+06		381.333			00:00:54:200		6.58625e+06		231.587		160.028		0		1.22079		283.324		
00:00:54:100		1.27323e+07		-3.78254		0		0		5.57312e+06		381.616			00:00:54:100		6.58635e+06		231.587		160.028		0		1.22079		283.341		
00:00:54:000		1.27344e+07		-3.77907		0		0		5.57715e+06		381.936			00:00:54:000		6.58644e+06		231.067		160.028		0		1.22079		283.358		
00:00:53:899		1.27365e+07		-3.77561		0		0		5.5812e+06		382.398			00:00:53:899		6.58654e+06		231.067		159.852		0		1.21595		283.375		
00:00:53:799		1.27386e+07		-3.77214		0		0		5.58527e+06		382.402			00:00:53:799		6.58663e+06		231.067		159.852		0		1.21595		283.393		
00:00:53:700		1.27406e+07		-3.76868		0		0		5.58936e+06		382.667			00:00:53:700		6.58673e+06		230.547		159.675		0		1.21111		283.41		
00:00:53:600		1.27427e+07		-3.76522		0		0		5.59345e+06		382.924			00:00:53:600		6.58682e+06		230.547		159.675		0		1.21111		283.427		
00:00:53:500		1.27448e+07		-3.76177		0		0		5.59757e+06		383.203			00:00:53:500		6.58692e+06		230.026		159.675		0		1.21111		283.444		
00:00:53:399		1.27469e+07		-3.75831		0		0		5.60172e+06		383.485			00:00:53:399		6.58701e+06		230.026		159.498		0		1.20626		283.462		
00:00:53:299		1.27489e+07		-3.75486		0		0		5.60587e+06		383.767			00:00:53:299		6.58711e+06		230.026		159.498		0		1.20626		283.479		
00:00:53:200		1.2751e+07		-3.75141		0		0		5.61004e+06		384.048			00:00:53:200		6.5872e+06		229.503		159.319		0		1.2014		283.496		
00:00:53:149		1.2752e+07		-3.74969		0		0		5.61213e+06		384.19			00:00:53:149		6.58725e+06		229.503		159.319		0		1.2014		283.505		
00:00:52:899		1.27572e+07		-3.74108		0		0		5.62259e+06		384.897			00:00:52:899		6.58749e+06		228.98		159.14		0		1.19652		283.548		
00:00:52:899		1.27572e+07		-3.74108		0		0		5.62259e+06		384.897			00:00:52:899		6.58749e+06		228.98		159.14		0		1.19652		283.548		
00:00:52:799		1.27593e+07		-3.73764		0		0		5.62679e+06		385.181			00:00:52:799		6.58758e+06		228.98		159.14		0		1.19652		283.565		
00:00:52:700		1.27613e+07		-3.7342		0		0		5.631e+06		385.465			00:00:52:700		6.58768e+06		228.456		158.961		0		1.19164		283.582		
00:00:52:600		1.27634e+07		-3.73077		0		0		5.63522e+06		385.75			00:00:52:600		6.58777e+06		228.456		158.961		0		1.19164		283.599		
00:00:52:500		1.27655e+07		-3.72734		0		0		5.63945e+06		386.034			00:00:52:500		6.58787e+06		227.93		158.961		0		1.19164		283.616		
00:00:52:399		1.27676e+07		-3.72391		0		0		5.64368e+06		386.318			00:00:52:399		6.58796e+06		227.93		158.78		0		1.18675		283.633		
00:00:52:299		1.27697e+07		-3.72048		0		0		5.64793e+06		386.604			00:00:52:299		6.58806e+06		227.93		158.78		0		1.18675		283.65		
00:00:52:200		1.27717e+07		-3.71706		0		0		5.65219e+06		386.894			00:00:52:200		6.58815e+06		227.403		158.599		0		1.18185		283.668		
00:00:52:100		1.27738e+07		-3.71364		0		0		5.65646e+06		387.207			00:00:52:100		6.58825e+06		227.403		158.599		0		1.18185		283.685		
00:00:52:000		1.27759e+07		-3.71023		0		0		5.66075e+06		387.602			00:00:52:000		6.58834e+06		226.876		158.599		0		1.18185		283.702		
00:00:51:899		1.2778e+07		-3.70681		0		0		5.66505e+06		387.748			00:00:51:899		6.58844e+06		226.876		158.416		0		1.17695		283.719		
00:00:51:799		1.278e+07		-3.7034		0		0		5.66937e+06		388.076			00:00:51:799		6.58853e+06		226.876		158.416		0		1.17695		283.736		
00:00:51:799		1.278e+07		-3.7034		0		0		5.66937e+06		388.076			00:00:51:799		6.58853e+06		226.876		158.416		0		1.17695		283.736		
00:00:51:700		1.27821e+07		-3.69999		0		0		5.6737e+06		388.504			00:00:51:700		6.58863e+06		226.347		158.233		0		1.17203		283.753		
00:00:51:549		1.27852e+07		-3.69489		0		0		5.68023e+06		389.042			00:00:51:549		6.58877e+06		226.347		158.233		0		1.17203		283.779		
00:00:51:450		1.27873e+07		-3.69149		0		0		5.6846e+06		389.054			00:00:51:450		6.58887e+06		225.817		158.049		0		1.1671		283.796		
00:00:51:299		1.27904e+07		-3.6864		0		0		5.69117e+06		389.583			00:00:51:299		6.58901e+06		225.817		158.049		0		1.1671		283.822		
00:00:51:200		1.27924e+07		-3.683		0		0		5.69557e+06		390.139			00:00:51:200		6.5891e+06		225.287		157.864		0		1.16216		283.839		
00:00:51:200		1.27924e+07		-3.683		0		0		5.69557e+06		390.139			00:00:51:200		6.5891e+06		225.287		157.864		0		1.16216		283.839		
00:00:51:100		1.27945e+07		-3.67961		0		0		5.69998e+06		390.309			00:00:51:100		6.5892e+06		225.287		157.864		0		1.16216		283.856		
00:00:50:850		1.27996e+07		-3.67114		0		0		5.71108e+06		390.851			00:00:50:850		6.58944e+06		224.755		157.678		0		1.15722		283.898		
00:00:50:850		1.27996e+07		-3.67114		0		0		5.71108e+06		390.851			00:00:50:850		6.58944e+06		224.755		157.678		0		1.15722		283.898		
00:00:50:750		1.28016e+07		-3.66775		0		0		5.71554e+06		391.216			00:00:50:750		6.58953e+06		224.222		157.678		0		1.15722		283.915		
00:00:50:649		1.28037e+07		-3.66436		0		0		5.72e+06		391.75			00:00:50:649		6.58963e+06		224.222		157.491		0		1.15226		283.932		
00:00:50:549		1.28057e+07		-3.66097		0		0		5.72447e+06		391.81			00:00:50:549		6.58974e+06		224.222		157.491		0		1.15226		283.949		
00:00:50:450		1.28078e+07		-3.65758		0		0		5.72896e+06		392.323			00:00:50:450		6.58984e+06		223.688		157.303		0		1.14729		283.966		
00:00:50:350		1.28098e+07		-3.65419		0		0		5.73346e+06		392.815			00:00:50:350		6.58994e+06		223.688		157.303		0		1.14729		283.982		
00:00:50:250		1.28119e+07		-3.65079		0		0		5.73797e+06		392.717			00:00:50:250		6.59004e+06		223.153		157.303		0		1.14729		283.999		
00:00:50:149		1.28139e+07		-3.6474		0		0		5.7425e+06		393.241			00:00:50:149		6.59015e+06		223.153		157.114		0		1.14231		284.016		
00:00:49:950		1.2818e+07		-3.64062		0		0		5.75161e+06		393.591			00:00:49:950		6.59035e+06		222.617		156.924		0		1.13733		284.049		
00:00:49:850		1.282e+07		-3.63723		0		0		5.75619e+06		394.024			00:00:49:850		6.59046e+06		222.617		156.924		0		1.13733		284.066		
00:00:49:850		1.282e+07		-3.63723		0		0		5.75619e+06		394.024			00:00:49:850		6.59046e+06		222.617		156.924		0		1.13733		284.066		
00:00:49:750		1.28221e+07		-3.63384		0		0		5.76078e+06		394.21			00:00:49:750		6.59055e+06		222.08		156.924		0		1.13733		284.082		
00:00:49:649		1.28241e+07		-3.63044		0		0		5.76539e+06		394.652			00:00:49:649		6.59065e+06		222.08		156.733		0		1.13233		284.099		
00:00:49:549		1.28262e+07		-3.62705		0		0		5.77001e+06		394.84			00:00:49:549		6.59075e+06		222.08		156.733		0		1.13233		284.115		
00:00:49:450		1.28282e+07		-3.62366		0		0		5.77463e+06		395.219			00:00:49:450		6.59085e+06		221.542		156.541		0		1.12732		284.131		
00:00:49:350		1.28303e+07		-3.62027		0		0		5.77922e+06		395.648			00:00:49:350		6.59095e+06		221.542		156.541		0		1.12732		284.148		
00:00:49:250		1.28323e+07		-3.61689		0		0		5.78376e+06		396.214			00:00:49:250		6.59104e+06		221.003		156.541		0		1.12732		284.164		
00:00:49:149		1.28344e+07		-3.6135		0		0		5.78823e+06		396.206			00:00:49:149		6.59114e+06		221.003		156.347		0		1.1223		284.18		
00:00:49:049		1.28365e+07		-3.61011		0		0		5.79265e+06		396.4			00:00:49:049		6.59123e+06		221.003		156.347		0		1.1223		284.197		
00:00:48:899		1.28395e+07		-3.60504		0		0		5.79929e+06		397.003			00:00:48:899		6.59138e+06		220.463		156.153		0		1.11728		284.221		
00:00:48:799		1.28416e+07		-3.60165		0		0		5.80382e+06		396.961			00:00:48:799		6.59147e+06		220.463		156.153		0		1.11728		284.237		
00:00:48:750		1.28426e+07		-3.59996		0		0		5.80613e+06		397.109			00:00:48:750		6.59152e+06		219.921		156.153		0		1.11728		284.245		
00:00:48:649		1.28447e+07		-3.59657		0		0		5.8108e+06		397.421			00:00:48:649		6.59162e+06		219.921		155.957		0		1.11224		284.261		
00:00:48:549		1.28467e+07		-3.59318		0		0		5.81551e+06		397.736			00:00:48:549		6.59171e+06		219.921		155.957		0		1.11224		284.277		
00:00:48:450		1.28488e+07		-3.58979		0		0		5.82024e+06		398.06			00:00:48:450		6.59181e+06		219.379		155.761		0		1.10719		284.293		
00:00:48:350		1.28508e+07		-3.5864		0		0		5.82499e+06		398.411			00:00:48:350		6.59191e+06		219.379		155.761		0		1.10719		284.309		
00:00:48:250		1.28528e+07		-3.583		0		0		5.82975e+06		398.85			00:00:48:250		6.592e+06		218.835		155.761		0		1.10719		284.325		
00:00:48:100		1.28559e+07		-3.5779		0		0		5.83693e+06		399.189			00:00:48:100		6.59215e+06		218.835		155.563		0		1.10213		284.349		
00:00:48:000		1.2858e+07		-3.5745		0		0		5.84175e+06		399.591			00:00:48:000		6.59224e+06		218.29		155.563		0		1.10213		284.365		
00:00:47:899		1.286e+07		-3.5711		0		0		5.84657e+06		400.166			00:00:47:899		6.59234e+06		218.29		155.365		0		1.09706		284.38		
00:00:47:799		1.2862e+07		-3.5677		0		0		5.85139e+06		400.171			00:00:47:799		6.59243e+06		218.29		155.365		0		1.09706		284.396		
00:00:47:700		1.28641e+07		-3.5643		0		0		5.8562e+06		400.5			00:00:47:700		6.59253e+06		217.744		155.165		0		1.09198		284.412		
00:00:47:600		1.28661e+07		-3.56091		0		0		5.86103e+06		400.844			00:00:47:600		6.59263e+06		217.744		155.165		0		1.09198		284.427		
00:00:47:500		1.28681e+07		-3.55752		0		0		5.86587e+06		401.241			00:00:47:500		6.59272e+06		217.197		155.165		0		1.09198		284.443		
00:00:47:399		1.28702e+07		-3.55415		0		0		5.87072e+06		401.815			00:00:47:399		6.59282e+06		217.197		154.964		0		1.08689		284.458		
00:00:47:299		1.28722e+07		-3.55078		0		0		5.87558e+06		401.84			00:00:47:299		6.59291e+06		217.197		154.964		0		1.08689		284.474		
00:00:47:200		1.28742e+07		-3.54742		0		0		5.88045e+06		402.236			00:00:47:200		6.59301e+06		216.649		154.763		0		1.08179		284.489		
00:00:47:000		1.28783e+07		-3.54073		0		0		5.89021e+06		402.808			00:00:47:000		6.5932e+06		216.1		154.763		0		1.08179		284.52		
00:00:46:899		1.28803e+07		-3.5374		0		0		5.8951e+06		403.145			00:00:46:899		6.5933e+06		216.1		154.56		0		1.07668		284.535		
00:00:46:899		1.28803e+07		-3.5374		0		0		5.8951e+06		403.145			00:00:46:899		6.5933e+06		216.1		154.56		0		1.07668		284.535		
00:00:46:799		1.28824e+07		-3.53407		0		0		5.90001e+06		403.505			00:00:46:799		6.59339e+06		216.1		154.56		0		1.07668		284.55		
00:00:46:700		1.28844e+07		-3.53074		0		0		5.90493e+06		403.911			00:00:46:700		6.59349e+06		215.549		154.356		0		1.07156		284.565		
00:00:46:600		1.28864e+07		-3.5274		0		0		5.90985e+06		404.504			00:00:46:600		6.59359e+06		215.549		154.356		0		1.07156		284.58		
00:00:46:500		1.28885e+07		-3.52406		0		0		5.91478e+06		404.586			00:00:46:500		6.59368e+06		214.997		154.356		0		1.07156		284.595		
00:00:46:399		1.28905e+07		-3.5207		0		0		5.91973e+06		405.23			00:00:46:399		6.59378e+06		214.997		154.151		0		1.06642		284.61		
00:00:46:299		1.28925e+07		-3.51732		0		0		5.9247e+06		405.497			00:00:46:299		6.59387e+06		214.997		154.151		0		1.06642		284.625		
00:00:46:200		1.28945e+07		-3.51392		0		0		5.92969e+06		405.588			00:00:46:200		6.59397e+06		214.445		153.945		0		1.06128		284.64		
00:00:46:200		1.28945e+07		-3.51392		0		0		5.92969e+06		405.588			00:00:46:200		6.59397e+06		214.445		153.945		0		1.06128		284.64		
00:00:46:100		1.28966e+07		-3.51049		0		0		5.93469e+06		406.244			00:00:46:100		6.59407e+06		214.445		153.945		0		1.06128		284.655		
00:00:45:850		1.29016e+07		-3.50179		0		0		5.94724e+06		406.821			00:00:45:850		6.59431e+06		213.89		153.738		0		1.05612		284.692		
00:00:45:850		1.29016e+07		-3.50179		0		0		5.94724e+06		406.821			00:00:45:850		6.59431e+06		213.89		153.738		0		1.05612		284.692		
00:00:45:750		1.29037e+07		-3.49827		0		0		5.95229e+06		406.98			00:00:45:750		6.5944e+06		213.335		153.738		0		1.05612		284.707		
00:00:45:549		1.29077e+07		-3.49118		0		0		5.96243e+06		407.657			00:00:45:549		6.59459e+06		213.335		153.529		0		1.05096		284.736		
00:00:45:549		1.29077e+07		-3.49118		0		0		5.96243e+06		407.657			00:00:45:549		6.59459e+06		213.335		153.529		0		1.05096		284.736		
00:00:45:450		1.29098e+07		-3.48763		0		0		5.96753e+06		407.997			00:00:45:450		6.59469e+06		212.779		153.319		0		1.04578		284.751		
00:00:45:250		1.29138e+07		-3.4806		0		0		5.97778e+06		408.684			00:00:45:250		6.59488e+06		212.221		153.319		0		1.04578		284.78		
00:00:45:149		1.29159e+07		-3.47714		0		0		5.98294e+06		409.042			00:00:45:149		6.59498e+06		212.221		153.108		0		1.04059		284.795		
00:00:45:149		1.29159e+07		-3.47714		0		0		5.98294e+06		409.042			00:00:45:149		6.59498e+06		212.221		153.108		0		1.04059		284.795		
00:00:45:049		1.29179e+07		-3.47374		0		0		5.98811e+06		409.438			00:00:45:049		6.59507e+06		212.221		153.108		0		1.04059		284.81		
00:00:44:850		1.2922e+07		-3.46716		0		0		5.99851e+06		410.07			00:00:44:850		6.59527e+06		211.662		152.896		0		1.03539		284.839		
00:00:44:850		1.2922e+07		-3.46716		0		0		5.99851e+06		410.07			00:00:44:850		6.59527e+06		211.662		152.896		0		1.03539		284.839		
00:00:44:750		1.29241e+07		-3.46398		0		0		6.00374e+06		410.457			00:00:44:750		6.59536e+06		211.102		152.896		0		1.03539		284.854		
00:00:44:649		1.29261e+07		-3.46088		0		0		6.00899e+06		410.943			00:00:44:649		6.59546e+06		211.102		152.681		0		1.03017		284.869		
00:00:44:549		1.29282e+07		-3.45785		0		0		6.01426e+06		411.121			00:00:44:549		6.59555e+06		211.102		152.681		0		1.03017		284.883		
00:00:44:450		1.29302e+07		-3.45487		0		0		6.01955e+06		411.522			00:00:44:450		6.59565e+06		210.541		152.466		0		1.02495		284.898		
00:00:44:350		1.29323e+07		-3.45193		0		0		6.02486e+06		412.049			00:00:44:350		6.59575e+06		210.541		152.466		0		1.02495		284.913		
00:00:44:250		1.29344e+07		-3.44902		0		0		6.03019e+06		412.367			00:00:44:250		6.59584e+06		209.978		152.466		0		1.02495		284.928		
00:00:44:149		1.29364e+07		-3.44613		0		0		6.03555e+06		412.588			00:00:44:149		6.59594e+06		209.978		152.249		0		1.01971		284.943		
00:00:43:950		1.29406e+07		-3.44031		0		0		6.04628e+06		413.261			00:00:43:950		6.59613e+06		209.414		152.03		0		1.01447		284.972		
00:00:43:850		1.29426e+07		-3.43737		0		0		6.05167e+06		413.623			00:00:43:850		6.59623e+06		209.414		152.03		0		1.01447		284.987		
00:00:43:850		1.29426e+07		-3.43737		0		0		6.05167e+06		413.623			00:00:43:850		6.59623e+06		209.414		152.03		0		1.01447		284.987		
00:00:43:750		1.29447e+07		-3.4344		0		0		6.05706e+06		413.986			00:00:43:750		6.59632e+06		208.849		152.03		0		1.01447		285.002		
00:00:43:649		1.29468e+07		-3.43139		0		0		6.06247e+06		414.351			00:00:43:649		6.59642e+06		208.849		151.809		0		1.00921		285.017		
00:00:43:549		1.29489e+07		-3.42833		0		0		6.06789e+06		414.72			00:00:43:549		6.59651e+06		208.849		151.809		0		1.00921		285.032		
00:00:43:450		1.2951e+07		-3.42523		0		0		6.07333e+06		415.098			00:00:43:450		6.59661e+06		208.283		151.586		0		1.00393		285.047		
00:00:43:350		1.29531e+07		-3.42208		0		0		6.07878e+06		415.508			00:00:43:350		6.59671e+06		208.283		151.586		0		1.00393		285.062		
00:00:43:250		1.29552e+07		-3.41889		0		0		6.08425e+06		416.021			00:00:43:250		6.5968e+06		207.715		151.586		0		1.00393		285.077		
00:00:43:149		1.29583e+07		-3.41402		0		0		6.09246e+06		416.389			00:00:43:149		6.5969e+06		207.715		151.362		0		0.99865		285.1		
00:00:43:000		1.29604e+07		-3.41072		0		0		6.09794e+06		416.748			00:00:43:000		6.59704e+06		207.146		151.362		0		0.99865		285.116		
00:00:42:899		1.29626e+07		-3.40737		0		0		6.10343e+06		417.12			00:00:42:899		6.59714e+06		207.146		151.135		0		0.993354		285.131		
00:00:42:850		1.29636e+07		-3.40568		0		0		6.10619e+06		417.321			00:00:42:850		6.59719e+06		207.146		151.135		0		0.993354		285.139		
00:00:42:750		1.29657e+07		-3.40228		0		0		6.11173e+06		417.81			00:00:42:750		6.59728e+06		206.576		151.135		0		0.993354		285.154		
00:00:42:649		1.29678e+07		-3.39884		0		0		6.11731e+06		417.97			00:00:42:649		6.59738e+06		206.576		150.907		0		0.988045		285.169		
00:00:42:549		1.29699e+07		-3.39536		0		0		6.12294e+06		418.346			00:00:42:549		6.59747e+06		206.576		150.907		0		0.988045		285.185		
00:00:42:450		1.29721e+07		-3.39185		0		0		6.12861e+06		418.74			00:00:42:450		6.59757e+06		206.004		150.677		0		0.982724		285.201		
00:00:42:299		1.29752e+07		-3.38653		0		0		6.13714e+06		419.348			00:00:42:299		6.59771e+06		206.004		150.677		0		0.982724		285.224		
00:00:42:200		1.29773e+07		-3.38294		0		0		6.14283e+06		419.758			00:00:42:200		6.59781e+06		205.431		150.444		0		0.977391		285.24		
00:00:42:100		1.29795e+07		-3.37931		0		0		6.1485e+06		420.165			00:00:42:100		6.59791e+06		205.431		150.444		0		0.977391		285.256		
00:00:42:000		1.29816e+07		-3.37566		0		0		6.15416e+06		420.567			00:00:42:000		6.598e+06		204.856		150.444		0		0.977391		285.272		
00:00:41:899		1.29837e+07		-3.37199		0		0		6.1598e+06		420.971			00:00:41:899		6.5981e+06		204.856		150.21		0		0.972045		285.288		
00:00:41:799		1.29858e+07		-3.36828		0		0		6.16545e+06		421.401			00:00:41:799		6.59819e+06		204.856		150.21		0		0.972045		285.304		
00:00:41:700		1.29879e+07		-3.36457		0		0		6.1711e+06		421.927			00:00:41:700		6.59829e+06		204.28		149.973		0		0.966686		285.32		
00:00:41:600		1.29902e+07		-3.36083		0		0		6.17676e+06		422.11			00:00:41:600		6.59839e+06		204.28		149.973		0		0.966686		285.337		
00:00:41:500		1.29923e+07		-3.35708		0		0		6.18243e+06		422.492			00:00:41:500		6.59848e+06		203.703		149.973		0		0.966686		285.353		
00:00:41:399		1.29945e+07		-3.35331		0		0		6.18812e+06		422.88			00:00:41:399		6.59858e+06		203.703		149.733		0		0.961315		285.37		
00:00:41:299		1.29967e+07		-3.34953		0		0		6.19383e+06		423.289			00:00:41:299		6.59867e+06		203.703		149.733		0		0.961315		285.387		
00:00:41:200		1.29988e+07		-3.34574		0		0		6.19957e+06		423.764			00:00:41:200		6.59877e+06		203.124		149.491		0		0.955931		285.403		
00:00:41:100		1.3001e+07		-3.34193		0		0		6.20533e+06		424.455			00:00:41:100		6.59887e+06		203.124		149.491		0		0.955931		285.42		
00:00:41:000		1.30032e+07		-3.3381		0		0		6.21109e+06		424.517			00:00:41:000		6.59896e+06		202.544		149.491		0		0.955931		285.437		
00:00:40:899		1.30054e+07		-3.33425		0		0		6.21686e+06		425.097			00:00:40:899		6.59906e+06		202.544		149.247		0		0.950534		285.455		
00:00:40:799		1.30076e+07		-3.33039		0		0		6.22264e+06		425.436			00:00:40:799		6.59915e+06		202.544		149.247		0		0.950534		285.472		
00:00:40:700		1.30098e+07		-3.32651		0		0		6.22844e+06		425.635			00:00:40:700		6.59925e+06		201.962		149		0		0.945124		285.489		
00:00:40:549		1.30132e+07		-3.32065		0		0		6.23716e+06		426.283			00:00:40:549		6.59939e+06		201.962		149		0		0.945124		285.516		
00:00:40:549		1.30132e+07		-3.32065		0		0		6.23716e+06		426.283			00:00:40:549		6.59939e+06		201.962		149		0		0.945124		285.516		
00:00:40:399		1.30165e+07		-3.31475		0		0		6.2459e+06		427.25			00:00:40:399		6.59954e+06		201.379		148.75		0		0.939702		285.543		
00:00:40:399		1.30165e+07		-3.31475		0		0		6.2459e+06		427.25			00:00:40:399		6.59954e+06		201.379		148.75		0		0.939702		285.543		
00:00:40:250		1.30199e+07		-3.30881		0		0		6.25469e+06		427.719			00:00:40:250		6.59968e+06		200.795		148.75		0		0.939702		285.57		
00:00:40:149		1.30222e+07		-3.30482		0		0		6.26056e+06		428.189			00:00:40:149		6.59978e+06		200.795		148.498		0		0.934266		285.588		
00:00:40:049		1.30245e+07		-3.30081		0		0		6.26646e+06		428.187			00:00:40:049		6.59987e+06		200.795		148.498		0		0.934266		285.606		
00:00:39:850		1.30291e+07		-3.29272		0		0		6.27831e+06		428.977			00:00:39:850		6.60007e+06		200.209		148.242		0		0.928817		285.643		
00:00:39:850		1.30291e+07		-3.29272		0		0		6.27831e+06		428.977			00:00:39:850		6.60007e+06		200.209		148.242		0		0.928817		285.643		
00:00:39:750		1.30314e+07		-3.28864		0		0		6.28428e+06		429.379			00:00:39:750		6.60016e+06		199.622		148.242		0		0.928817		285.662		
00:00:39:649		1.30337e+07		-3.28454		0		0		6.29027e+06		429.786			00:00:39:649		6.60026e+06		199.622		147.984		0		0.923354		285.68		
00:00:39:549		1.30361e+07		-3.28041		0		0		6.29628e+06		430.194			00:00:39:549		6.60035e+06		199.622		147.984		0		0.923354		285.699		
00:00:39:450		1.30384e+07		-3.27626		0		0		6.3023e+06		430.621			00:00:39:450		6.60045e+06		199.033		147.722		0		0.917878		285.718		
00:00:39:350		1.30408e+07		-3.27208		0		0		6.30834e+06		431.108			00:00:39:350		6.60055e+06		199.033		147.722		0		0.917878		285.737		
00:00:39:250		1.30432e+07		-3.26788		0		0		6.31441e+06		431.809			00:00:39:250		6.60064e+06		198.442		147.722		0		0.917878		285.756		
00:00:39:149		1.30456e+07		-3.26365		0		0		6.32049e+06		431.83			00:00:39:149		6.60074e+06		198.442		147.457		0		0.912389		285.775		
00:00:39:049		1.3048e+07		-3.25939		0		0		6.32661e+06		432.317			00:00:39:049		6.60083e+06		198.442		147.457		0		0.912389		285.794		
00:00:38:850		1.30529e+07		-3.2508		0		0		6.33891e+06		433.016			00:00:38:850		6.60103e+06		197.851		147.189		0		0.906885		285.833		
00:00:38:850		1.30529e+07		-3.2508		0		0		6.33891e+06		433.016			00:00:38:850		6.60103e+06		197.851		147.189		0		0.906885		285.833		
00:00:38:750		1.30554e+07		-3.24646		0		0		6.34511e+06		433.398			00:00:38:750		6.60112e+06		197.257		147.189		0		0.906885		285.852		
00:00:38:649		1.30579e+07		-3.24208		0		0		6.35131e+06		433.795			00:00:38:649		6.60122e+06		197.257		146.916		0		0.901368		285.871		
00:00:38:549		1.30604e+07		-3.23768		0		0		6.3576e+06		434.222			00:00:38:549		6.60131e+06		197.257		146.916		0		0.901368		285.891		
00:00:38:450		1.30629e+07		-3.23325		0		0		6.36392e+06		434.66			00:00:38:450		6.60141e+06		196.662		146.641		0		0.895836		285.91		
00:00:38:350		1.30654e+07		-3.2288		0		0		6.37026e+06		435.13			00:00:38:350		6.60151e+06		196.662		146.641		0		0.895836		285.93		
00:00:38:250		1.3068e+07		-3.22433		0		0		6.37662e+06		435.722			00:00:38:250		6.6016e+06		196.066		146.641		0		0.895836		285.949		
00:00:38:149		1.30705e+07		-3.21983		0		0		6.383e+06		435.937			00:00:38:149		6.6017e+06		196.066		146.361		0		0.89029		285.969		
00:00:37:950		1.30757e+07		-3.21076		0		0		6.3958e+06		436.811			00:00:37:950		6.60189e+06		195.467		146.077		0		0.88473		286.008		
00:00:37:950		1.30757e+07		-3.21076		0		0		6.3958e+06		436.811			00:00:37:950		6.60189e+06		195.467		146.077		0		0.88473		286.008		
00:00:37:850		1.30783e+07		-3.20619		0		0		6.4022e+06		437.237			00:00:37:850		6.60199e+06		195.467		146.077		0		0.88473		286.028		
00:00:37:750		1.30809e+07		-3.20159		0		0		6.40862e+06		437.663			00:00:37:750		6.60208e+06		194.867		146.077		0		0.88473		286.047		
00:00:37:649		1.30836e+07		-3.19697		0		0		6.41507e+06		438.097			00:00:37:649		6.60218e+06		194.867		145.789		0		0.879156		286.067		
00:00:37:549		1.30862e+07		-3.19233		0		0		6.42153e+06		438.524			00:00:37:549		6.60227e+06		194.867		145.789		0		0.879156		286.086		
00:00:37:450		1.30889e+07		-3.18766		0		0		6.42801e+06		438.963			00:00:37:450		6.60237e+06		194.266		145.497		0		0.873567		286.106		
00:00:37:299		1.30929e+07		-3.18061		0		0		6.43781e+06		439.713			00:00:37:299		6.60251e+06		194.266		145.497		0		0.873567		286.136		
00:00:37:200		1.30956e+07		-3.17588		0		0		6.44438e+06		440.464			00:00:37:200		6.60261e+06		193.663		145.201		0		0.867962		286.155		
00:00:37:100		1.30983e+07		-3.17113		0		0		6.45098e+06		440.476			00:00:37:100		6.60271e+06		193.663		145.201		0		0.867962		286.175		
00:00:36:950		1.31024e+07		-3.16395		0		0		6.46096e+06		441.332			00:00:36:950		6.60285e+06		193.057		144.9		0		0.862343		286.204		
00:00:36:950		1.31024e+07		-3.16395		0		0		6.46096e+06		441.332			00:00:36:950		6.60285e+06		193.057		144.9		0		0.862343		286.204		
00:00:36:850		1.31052e+07		-3.15914		0		0		6.46768e+06		441.601			00:00:36:850		6.60295e+06		193.057		144.9		0		0.862343		286.224		
00:00:36:750		1.31079e+07		-3.1543		0		0		6.47445e+06		442.345			00:00:36:750		6.60304e+06		192.451		144.9		0		0.862343		286.244		
00:00:36:600		1.31121e+07		-3.147		0		0		6.48474e+06		442.503			00:00:36:600		6.60319e+06		192.451		144.594		0		0.856709		286.273		
00:00:36:500		1.31149e+07		-3.14211		0		0		6.4917e+06		442.902			00:00:36:500		6.60328e+06		191.842		144.594		0		0.856709		286.292		
00:00:36:399		1.31177e+07		-3.13719		0		0		6.49873e+06		443.292			00:00:36:399		6.60338e+06		191.842		144.284		0		0.851058		286.312		
00:00:36:299		1.31205e+07		-3.13224		0		0		6.50588e+06		443.691			00:00:36:299		6.60347e+06		191.842		144.284		0		0.851058		286.331		
00:00:36:200		1.31233e+07		-3.12727		0		0		6.51316e+06		444.118			00:00:36:200		6.60357e+06		191.232		143.969		0		0.845391		286.351		
00:00:36:100		1.31262e+07		-3.12227		0		0		6.52056e+06		444.577			00:00:36:100		6.60367e+06		191.232		143.969		0		0.845391		286.37		
00:00:36:000		1.3129e+07		-3.11725		0		0		6.52808e+06		445.089			00:00:36:000		6.60376e+06		190.62		143.969		0		0.845391		286.389		
00:00:35:899		1.31319e+07		-3.1122		0		0		6.53569e+06		445.722			00:00:35:899		6.60386e+06		190.62		143.649		0		0.839708		286.409		
00:00:35:799		1.31348e+07		-3.10712		0		0		6.54337e+06		446.66			00:00:35:799		6.60395e+06		190.62		143.649		0		0.839708		286.428		
00:00:35:700		1.31377e+07		-3.10202		0		0		6.55107e+06		446.697			00:00:35:700		6.60405e+06		190.006		143.324		0		0.834007		286.447		
00:00:35:600		1.31406e+07		-3.09688		0		0		6.55869e+06		446.824			00:00:35:600		6.60415e+06		190.006		143.324		0		0.834007		286.466		
00:00:35:500		1.31436e+07		-3.09172		0		0		6.56608e+06		445.12			00:00:35:500		6.60424e+06		189.39		143.324		0		0.834007		286.485		
00:00:35:399		1.31465e+07		-3.08653		0		0		6.573e+06		436.748			00:00:35:399		6.60434e+06		189.39		142.994		0		0.828272		286.505		
00:00:35:399		1.31465e+07		-3.08653		0		0		6.573e+06		436.748			00:00:35:399		6.60434e+06		189.39		142.994		0		0.828272		286.505		
00:00:35:250		1.3151e+07		-3.07869		0		0		6.58206e+06		376.328			00:00:35:250		6.60477e+06		188.772		142.994		0		0.828272		286.533		
00:00:35:200		1.31524e+07		-3.07606		0		0		6.58474e+06		359.685			00:00:35:200		6.60528e+06		188.772		142.658		0		0.8225		286.543		
00:00:35:049		1.31569e+07		-3.06812		0		0		6.59198e+06		317.824			00:00:35:049		6.60713e+06		188.772		142.658		0		0.8225		286.572		
00:00:34:899		1.31615e+07		-3.06011		0		0		6.5982e+06		285.64			00:00:34:899		6.60904e+06		188.15		142.317		0		0.816707		286.601		
00:00:34:799		1.31645e+07		-3.05473		0		0		6.6019e+06		268.353			00:00:34:799		6.61026e+06		188.15		142.317		0		0.816707		286.62		
00:00:34:700		1.31676e+07		-3.04932		0		0		6.6053e+06		253.774			00:00:34:700		6.61146e+06		187.527		141.971		0		0.8109		286.64		
00:00:34:700		1.31676e+07		-3.04932		0		0		6.6053e+06		253.774			00:00:34:700		6.61146e+06		187.527		141.971		0		0.8109		286.64		
00:00:34:600		1.31707e+07		-3.04387		0		0		6.60845e+06		241.453			00:00:34:600		6.61265e+06		187.527		141.971		0		0.8109		286.66		
00:00:34:500		1.31754e+07		-3.03564		0		0		6.61277e+06		231.04			00:00:34:500		6.61384e+06		186.903		141.971		0		0.8109		286.691		
00:00:34:350		1.31785e+07		-3.03011		0		0		6.61544e+06		218.333			00:00:34:350		6.61563e+06		186.903		141.618		0		0.805082		286.711		
00:00:34:250		1.31817e+07		-3.02455		0		0		6.61795e+06		211.446			00:00:34:250		6.61685e+06		186.277		141.618		0		0.805082		286.732		
00:00:34:149		1.31848e+07		-3.01895		0		0		6.62034e+06		205.626			00:00:34:149		6.61808e+06		186.277		141.259		0		0.799256		286.753		
00:00:34:049		1.3188e+07		-3.01332		0		0		6.62262e+06		200.544			00:00:34:049		6.61934e+06		186.277		141.259		0		0.799256		286.774		
00:00:33:850		1.31945e+07		-3.00194		0		0		6.62691e+06		192.624			00:00:33:850		6.62189e+06		185.651		140.894		0		0.793424		286.818		
00:00:33:850		1.31945e+07		-3.00194		0		0		6.62691e+06		192.624			00:00:33:850		6.62189e+06		185.651		140.894		0		0.793424		286.818		
00:00:33:750		1.31977e+07		-2.9962		0		0		6.62894e+06		189.523			00:00:33:750		6.62319e+06		185.023		140.894		0		0.793424		286.839		
00:00:33:549		1.32043e+07		-2.9846		0		0		6.63282e+06		184.447			00:00:33:549		6.62583e+06		185.023		140.523		0		0.787585		286.883		
00:00:33:549		1.32043e+07		-2.9846		0		0		6.63282e+06		184.447			00:00:33:549		6.62583e+06		185.023		140.523		0		0.787585		286.883		
00:00:33:450		1.32077e+07		-2.97874		0		0		6.63469e+06		182.444			00:00:33:450		6.62717e+06		184.396		140.145		0		0.781742		286.905		
00:00:33:350		1.3211e+07		-2.97285		0		0		6.63651e+06		180.715			00:00:33:350		6.62851e+06		184.396		140.145		0		0.781742		286.927		
00:00:33:250		1.32144e+07		-2.96691		0		0		6.63829e+06		179.216			00:00:33:250		6.62986e+06		183.767		140.145		0		0.781742		286.949		
00:00:33:149		1.32178e+07		-2.96094		0		0		6.64004e+06		177.909			00:00:33:149		6.63121e+06		183.767		139.76		0		0.775895		286.971		
00:00:33:049		1.32212e+07		-2.95492		0		0		6.64175e+06		176.796			00:00:33:049		6.63256e+06		183.767		139.76		0		0.775895		286.993		
00:00:32:850		1.32282e+07		-2.94277		0		0		6.64509e+06		174.905			00:00:32:850		6.63528e+06		183.138		139.368		0		0.770042		287.037		
00:00:32:850		1.32282e+07		-2.94277		0		0		6.64509e+06		174.905			00:00:32:850		6.63528e+06		183.138		139.368		0		0.770042		287.037		
00:00:32:750		1.32317e+07		-2.93664		0		0		6.64672e+06		174.166			00:00:32:750		6.63664e+06		182.508		139.368		0		0.770042		287.059		
00:00:32:649		1.32352e+07		-2.93046		0		0		6.64833e+06		173.519			00:00:32:649		6.63799e+06		182.508		138.969		0		0.764186		287.081		
00:00:32:549		1.32387e+07		-2.92424		0		0		6.64992e+06		172.89			00:00:32:549		6.63936e+06		182.508		138.969		0		0.764186		287.103		
00:00:32:399		1.32441e+07		-2.91485		0		0		6.65226e+06		172.125			00:00:32:399		6.64139e+06		181.878		138.564		0		0.758325		287.137		
00:00:32:299		1.32477e+07		-2.90853		0		0		6.6538e+06		171.676			00:00:32:299		6.64274e+06		181.878		138.564		0		0.758325		287.16		
00:00:32:200		1.32513e+07		-2.90218		0		0		6.65532e+06		171.258			00:00:32:200		6.6441e+06		181.247		138.151		0		0.75246		287.183		
00:00:32:100		1.3255e+07		-2.89579		0		0		6.65682e+06		170.861			00:00:32:100		6.64544e+06		181.247		138.151		0		0.75246		287.206		
00:00:31:899		1.32623e+07		-2.88286		0		0		6.65975e+06		170.063			00:00:31:899		6.64813e+06		180.616		137.731		0		0.746591		287.253		
00:00:31:800		1.3266e+07		-2.87633		0		0		6.66118e+06		169.665			00:00:31:800		6.64946e+06		180.616		137.731		0		0.746591		287.277		
00:00:31:800		1.3266e+07		-2.87633		0		0		6.66118e+06		169.665			00:00:31:800		6.64946e+06		180.616		137.731		0		0.746591		287.277		
00:00:31:699		1.32698e+07		-2.86974		0		0		6.66259e+06		169.244			00:00:31:699		6.65079e+06		179.984		137.303		0		0.740718		287.301		
00:00:31:600		1.32736e+07		-2.86308		0		0		6.66398e+06		168.816			00:00:31:600		6.65211e+06		179.984		137.303		0		0.740718		287.323		
00:00:31:550		1.32755e+07		-2.85973		0		0		6.66467e+06		168.572			00:00:31:550		6.65276e+06		179.984		137.303		0		0.740718		287.334		
00:00:31:399		1.32813e+07		-2.8496		0		0		6.66671e+06		167.942			00:00:31:399		6.65475e+06		179.351		136.868		0		0.734841		287.369		
00:00:31:300		1.32853e+07		-2.84279		0		0		6.66806e+06		168.112			00:00:31:300		6.65607e+06		179.351		136.868		0		0.734841		287.393		
00:00:31:199		1.32892e+07		-2.83592		0		0		6.6694e+06		168.343			00:00:31:199		6.65738e+06		178.718		136.425		0		0.728961		287.417		
00:00:31:100		1.32932e+07		-2.829		0		0		6.67073e+06		168.606			00:00:31:100		6.65868e+06		178.718		136.425		0		0.728961		287.441		
00:00:31:000		1.32973e+07		-2.82202		0		0		6.67206e+06		168.706			00:00:31:000		6.66e+06		178.085		136.425		0		0.728961		287.466		
00:00:30:899		1.33014e+07		-2.815		0		0		6.67338e+06		168.916			00:00:30:899		6.66129e+06		178.085		135.974		0		0.723079		287.49		
00:00:30:800		1.33055e+07		-2.80791		0		0		6.67469e+06		169.122			00:00:30:800		6.66257e+06		178.085		135.974		0		0.723079		287.515		
00:00:30:699		1.33096e+07		-2.80077		0		0		6.67599e+06		169.342			00:00:30:699		6.66385e+06		177.45		135.514		0		0.717193		287.54		
00:00:30:600		1.33138e+07		-2.79357		0		0		6.67729e+06		169.548			00:00:30:600		6.66511e+06		177.45		135.514		0		0.717193		287.564		
00:00:30:500		1.3318e+07		-2.78631		0		0		6.67857e+06		169.757			00:00:30:500		6.66637e+06		176.816		135.514		0		0.717193		287.589		
00:00:30:399		1.33223e+07		-2.779		0		0		6.67985e+06		169.962			00:00:30:399		6.66762e+06		176.816		135.046		0		0.711305		287.615		
00:00:30:300		1.33266e+07		-2.77162		0		0		6.68112e+06		170.142			00:00:30:300		6.66887e+06		176.816		135.046		0		0.711305		287.64		
00:00:30:199		1.3331e+07		-2.76419		0		0		6.68238e+06		170.371			00:00:30:199		6.6701e+06		176.181		134.568		0		0.705415		287.665		
00:00:30:100		1.33354e+07		-2.75669		0		0		6.68364e+06		170.579			00:00:30:100		6.67132e+06		176.181		134.568		0		0.705415		287.691		
00:00:30:000		1.33398e+07		-2.74914		0		0		6.68488e+06		170.792			00:00:30:000		6.67254e+06		175.545		134.568		0		0.705415		287.717		
00:00:29:899		1.33443e+07		-2.74153		0		0		6.68612e+06		171.001			00:00:29:899		6.67374e+06		175.545		134.081		0		0.699521		287.742		
00:00:29:800		1.33488e+07		-2.73385		0		0		6.68734e+06		171.219			00:00:29:800		6.67494e+06		175.545		134.081		0		0.699521		287.769		
00:00:29:699		1.33534e+07		-2.72611		0		0		6.68856e+06		171.413			00:00:29:699		6.67613e+06		174.909		133.584		0		0.693625		287.795		
00:00:29:600		1.3358e+07		-2.71831		0		0		6.68977e+06		171.599			00:00:29:600		6.67731e+06		174.909		133.584		0		0.693625		287.821		
00:00:29:500		1.33626e+07		-2.71044		0		0		6.69097e+06		171.743			00:00:29:500		6.67849e+06		174.272		133.584		0		0.693625		287.848		
00:00:29:399		1.33673e+07		-2.70251		0		0		6.69216e+06		172.041			00:00:29:399		6.67968e+06		174.272		133.075		0		0.687727		287.874		
00:00:29:300		1.33721e+07		-2.69452		0		0		6.69334e+06		172.281			00:00:29:300		6.68079e+06		174.272		133.075		0		0.687727		287.901		
00:00:29:300		1.33721e+07		-2.69452		0		0		6.69334e+06		172.281			00:00:29:300		6.68079e+06		174.272		133.075		0		0.687727		287.901		
00:00:29:199		1.33769e+07		-2.68646		0		0		6.69451e+06		172.5			00:00:29:199		6.68193e+06		173.635		132.557		0		0.681826		287.928		
00:00:29:050		1.33841e+07		-2.67424		0		0		6.69626e+06		172.849			00:00:29:050		6.68362e+06		173.635		132.557		0		0.681826		287.969		
00:00:28:850		1.3394e+07		-2.65772		0		0		6.69855e+06		173.358			00:00:28:850		6.68584e+06		172.997		132.027		0		0.675923		288.023		
00:00:28:850		1.3394e+07		-2.65772		0		0		6.69855e+06		173.358			00:00:28:850		6.68584e+06		172.997		132.027		0		0.675923		288.023		
00:00:28:750		1.3399e+07		-2.64936		0		0		6.69969e+06		173.629			00:00:28:750		6.68694e+06		172.36		132.027		0		0.675923		288.051		
00:00:28:649		1.34041e+07		-2.64093		0		0		6.70082e+06		173.885			00:00:28:649		6.68803e+06		172.36		131.485		0		0.670017		288.079		
00:00:28:550		1.34092e+07		-2.63243		0		0		6.70194e+06		174.146			00:00:28:550		6.68911e+06		172.36		131.485		0		0.670017		288.107		
00:00:28:500		1.34118e+07		-2.62815		0		0		6.7025e+06		174.24			00:00:28:500		6.68965e+06		171.721		130.932		0		0.664109		288.121		
00:00:28:350		1.34196e+07		-2.61523		0		0		6.70415e+06		174.442			00:00:28:350		6.69127e+06		171.721		130.932		0		0.664109		288.163		
00:00:28:250		1.34248e+07		-2.60653		0		0		6.70523e+06		174.413			00:00:28:250		6.69236e+06		171.082		130.932		0		0.664109		288.192		
00:00:28:149		1.34301e+07		-2.59776		0		0		6.70629e+06		174.329			00:00:28:149		6.69345e+06		171.082		130.366		0		0.658199		288.22		
00:00:28:050		1.34355e+07		-2.58893		0		0		6.70735e+06		174.255			00:00:28:050		6.69453e+06		171.082		130.366		0		0.658199		288.249		
00:00:27:850		1.34462e+07		-2.57106		0		0		6.70943e+06		174.291			00:00:27:850		6.69667e+06		170.443		129.788		0		0.652286		288.307		
00:00:27:850		1.34462e+07		-2.57106		0		0		6.70943e+06		174.291			00:00:27:850		6.69667e+06		170.443		129.788		0		0.652286		288.307		
00:00:27:750		1.34517e+07		-2.56202		0		0		6.7105e+06		174.427			00:00:27:750		6.69773e+06		169.804		129.788		0		0.652286		288.337		
00:00:27:649		1.34572e+07		-2.55292		0		0		6.71158e+06		174.551			00:00:27:649		6.69879e+06		169.804		129.198		0		0.646371		288.366		
00:00:27:550		1.34627e+07		-2.54374		0		0		6.71264e+06		174.614			00:00:27:550		6.69985e+06		169.804		129.198		0		0.646371		288.396		
00:00:27:449		1.34682e+07		-2.5345		0		0		6.71369e+06		174.789			00:00:27:449		6.70088e+06		169.163		128.595		0		0.640454		288.426		
00:00:27:350		1.34738e+07		-2.52518		0		0		6.71474e+06		174.983			00:00:27:350		6.70191e+06		169.163		128.595		0		0.640454		288.456		
00:00:27:250		1.34795e+07		-2.5158		0		0		6.71579e+06		175.219			00:00:27:250		6.70293e+06		168.523		128.595		0		0.640454		288.487		
00:00:27:149		1.34852e+07		-2.50634		0		0		6.71683e+06		175.342			00:00:27:149		6.70394e+06		168.523		127.978		0		0.634535		288.517		
00:00:26:949		1.34968e+07		-2.48721		0		0		6.71884e+06		175.648			00:00:26:949		6.70594e+06		167.882		127.348		0		0.628613		288.579		
00:00:26:850		1.35027e+07		-2.47754		0		0		6.71987e+06		175.996			00:00:26:850		6.70693e+06		167.882		127.348		0		0.628613		288.61		
00:00:26:850		1.35027e+07		-2.47754		0		0		6.71987e+06		175.996			00:00:26:850		6.70693e+06		167.882		127.348		0		0.628613		288.61		
00:00:26:750		1.35086e+07		-2.46779		0		0		6.72091e+06		176.389			00:00:26:750		6.70792e+06		167.24		127.348		0		0.628613		288.642		
00:00:26:649		1.35146e+07		-2.45797		0		0		6.72196e+06		176.672			00:00:26:649		6.70889e+06		167.24		126.705		0		0.622689		288.674		
00:00:26:550		1.35206e+07		-2.44808		0		0		6.72296e+06		176.97			00:00:26:550		6.70985e+06		167.24		126.705		0		0.622689		288.706		
00:00:26:449		1.35267e+07		-2.43811		0		0		6.72396e+06		177.245			00:00:26:449		6.7108e+06		166.598		126.046		0		0.616764		288.738		
00:00:26:350		1.35329e+07		-2.42808		0		0		6.72494e+06		177.54			00:00:26:350		6.71174e+06		166.598		126.046		0		0.616764		288.77		
00:00:26:250		1.35391e+07		-2.41798		0		0		6.72592e+06		177.94			00:00:26:250		6.71266e+06		165.956		125.373		0		0.610836		288.803		
00:00:26:100		1.35486e+07		-2.4027		0		0		6.72737e+06		178.721			00:00:26:100		6.71399e+06		165.956		125.373		0		0.610836		288.852		
00:00:26:000		1.35549e+07		-2.39242		0		0		6.72835e+06		179.272			00:00:26:000		6.71488e+06		165.313		125.373		0		0.610836		288.886		
00:00:25:899		1.35613e+07		-2.38207		0		0		6.72933e+06		179.837			00:00:25:899		6.71577e+06		165.313		124.685		0		0.604906		288.919		
00:00:25:800		1.35678e+07		-2.37164		0		0		6.73032e+06		180.424			00:00:25:800		6.71665e+06		165.313		124.685		0		0.604906		288.953		
00:00:25:699		1.35743e+07		-2.36114		0		0		6.73131e+06		180.971			00:00:25:699		6.71754e+06		164.67		123.982		0		0.598975		288.987		
00:00:25:600		1.35809e+07		-2.35057		0		0		6.73228e+06		181.499			00:00:25:600		6.71842e+06		164.67		123.982		0		0.598975		289.021		
00:00:25:500		1.35875e+07		-2.33993		0		0		6.73324e+06		182.026			00:00:25:500		6.71926e+06		164.026		123.982		0		0.598975		289.056		
00:00:25:399		1.35942e+07		-2.32923		0		0		6.73416e+06		182.544			00:00:25:399		6.72009e+06		164.026		123.263		0		0.593041		289.091		
00:00:25:300		1.36009e+07		-2.31845		0		0		6.73507e+06		183.096			00:00:25:300		6.7209e+06		164.026		123.263		0		0.593041		289.126		
00:00:25:199		1.36077e+07		-2.30763		0		0		6.73597e+06		183.68			00:00:25:199		6.7217e+06		163.382		122.531		0		0.587106		289.162		
00:00:25:100		1.36145e+07		-2.29674		0		0		6.73687e+06		184.26			00:00:25:100		6.72249e+06		163.382		122.531		0		0.587106		289.197		
00:00:25:000		1.36214e+07		-2.28581		0		0		6.73776e+06		184.842			00:00:25:000		6.72328e+06		162.738		122.531		0		0.587106		289.234		
00:00:24:899		1.36283e+07		-2.27482		0		0		6.73865e+06		185.401			00:00:24:899		6.72407e+06		162.738		121.787		0		0.58117		289.27		
00:00:24:800		1.36352e+07		-2.26379		0		0		6.73954e+06		186.006			00:00:24:800		6.72485e+06		162.738		121.787		0		0.58117		289.307		
00:00:24:699		1.36422e+07		-2.25271		0		0		6.74042e+06		186.66			00:00:24:699		6.72562e+06		162.093		121.032		0		0.575231		289.344		
00:00:24:600		1.36493e+07		-2.24158		0		0		6.74131e+06		187.506			00:00:24:600		6.72637e+06		162.093		121.032		0		0.575231		289.381		
00:00:24:500		1.36564e+07		-2.2304		0		0		6.7422e+06		188.469			00:00:24:500		6.72711e+06		161.448		121.032		0		0.575231		289.419		
00:00:24:399		1.36636e+07		-2.21918		0		0		6.74309e+06		189.353			00:00:24:399		6.7278e+06		161.448		120.266		0		0.569291		289.458		
00:00:24:399		1.36636e+07		-2.21918		0		0		6.74309e+06		189.353			00:00:24:399		6.7278e+06		161.448		120.266		0		0.569291		289.458		
00:00:24:199		1.36781e+07		-2.1966		0		0		6.74487e+06		191.106			00:00:24:199		6.72926e+06		160.802		119.488		0		0.563349		289.535		
00:00:24:100		1.36854e+07		-2.18525		0		0		6.74577e+06		191.985			00:00:24:100		6.72998e+06		160.802		119.488		0		0.563349		289.574		
00:00:24:000		1.36928e+07		-2.17387		0		0		6.74666e+06		192.859			00:00:24:000		6.73071e+06		160.156		119.488		0		0.563349		289.614		
00:00:23:899		1.37002e+07		-2.16248		0		0		6.74756e+06		193.784			00:00:23:899		6.73143e+06		160.156		118.699		0		0.557406		289.654		
00:00:23:899		1.37002e+07		-2.16248		0		0		6.74756e+06		193.784			00:00:23:899		6.73143e+06		160.156		118.699		0		0.557406		289.654		
00:00:23:800		1.37077e+07		-2.15106		0		0		6.74845e+06		194.644			00:00:23:800		6.73214e+06		160.156		118.699		0		0.557406		289.694		
00:00:23:550		1.37265e+07		-2.12244		0		0		6.75071e+06		196.939			00:00:23:550		6.73398e+06		159.51		117.899		0		0.551461		289.797		
00:00:23:550		1.37265e+07		-2.12244		0		0		6.75071e+06		196.939			00:00:23:550		6.73398e+06		159.51		117.899		0		0.551461		289.797		
00:00:23:449		1.37341e+07		-2.11096		0		0		6.75161e+06		197.879			00:00:23:449		6.73471e+06		158.863		117.087		0		0.545515		289.838		
00:00:23:350		1.37418e+07		-2.09947		0		0		6.75252e+06		198.838			00:00:23:350		6.73543e+06		158.863		117.087		0		0.545515		289.88		
00:00:23:250		1.37495e+07		-2.08796		0		0		6.75344e+06		199.942			00:00:23:250		6.73613e+06		158.216		117.087		0		0.545515		289.922		
00:00:23:149		1.37573e+07		-2.07643		0		0		6.75435e+06		201.139			00:00:23:149		6.73682e+06		158.216		116.264		0		0.539567		289.965		
00:00:23:050		1.37651e+07		-2.06488		0		0		6.75528e+06		202.334			00:00:23:050		6.7375e+06		158.216		116.264		0		0.539567		290.009		
00:00:22:850		1.37811e+07		-2.04175		0		0		6.75715e+06		204.799			00:00:22:850		6.73889e+06		157.568		115.43		0		0.533617		290.098		
00:00:22:850		1.37811e+07		-2.04175		0		0		6.75715e+06		204.799			00:00:22:850		6.73889e+06		157.568		115.43		0		0.533617		290.098		
00:00:22:750		1.37892e+07		-2.03018		0		0		6.7581e+06		206.014			00:00:22:750		6.7396e+06		156.92		115.43		0		0.533617		290.144		
00:00:22:699		1.37973e+07		-2.01864		0		0		6.75906e+06		207.296			00:00:22:699		6.7403e+06		156.92		114.584		0		0.527666		290.19		
00:00:22:550		1.38055e+07		-2.00712		0		0		6.76002e+06		208.416			00:00:22:550		6.741e+06		156.92		114.584		0		0.527666		290.236		
00:00:22:449		1.38138e+07		-1.99561		0		0		6.76099e+06		209.61			00:00:22:449		6.74175e+06		156.272		113.728		0		0.521713		290.283		
00:00:22:350		1.3822e+07		-1.98412		0		0		6.76195e+06		210.769			00:00:22:350		6.74247e+06		156.272		113.728		0		0.521713		290.33		
00:00:22:250		1.38303e+07		-1.97264		0		0		6.76291e+06		211.854			00:00:22:250		6.74319e+06		155.623		113.728		0		0.521713		290.378		
00:00:22:149		1.38387e+07		-1.96119		0		0		6.76385e+06		212.892			00:00:22:149		6.74391e+06		155.623		112.86		0		0.515759		290.426		
00:00:22:050		1.38471e+07		-1.94976		0		0		6.76478e+06		213.83			00:00:22:050		6.74462e+06		155.623		112.86		0		0.515759		290.474		
00:00:21:850		1.3864e+07		-1.92698		0		0		6.76663e+06		215.819			00:00:21:850		6.7461e+06		154.974		111.981		0		0.509802		290.573		
00:00:21:850		1.3864e+07		-1.92698		0		0		6.76663e+06		215.819			00:00:21:850		6.7461e+06		154.974		111.981		0		0.509802		290.573		
00:00:21:750		1.38725e+07		-1.91561		0		0		6.7676e+06		216.946			00:00:21:750		6.74686e+06		154.324		111.981		0		0.509802		290.623		
00:00:21:649		1.38811e+07		-1.90426		0		0		6.7686e+06		218.109			00:00:21:649		6.74762e+06		154.324		111.09		0		0.503845		290.673		
00:00:21:550		1.38898e+07		-1.89294		0		0		6.76961e+06		219.304			00:00:21:550		6.74838e+06		154.324		111.09		0		0.503845		290.724		
00:00:21:449		1.38986e+07		-1.88163		0		0		6.77062e+06		220.487			00:00:21:449		6.74914e+06		153.674		110.19		0		0.497885		290.776		
00:00:21:350		1.39074e+07		-1.87035		0		0		6.77164e+06		221.692			00:00:21:350		6.7499e+06		153.674		110.19		0		0.497885		290.828		
00:00:21:250		1.39162e+07		-1.85905		0		0		6.77267e+06		222.952			00:00:21:250		6.75067e+06		153.024		110.19		0		0.497885		290.881		
00:00:21:149		1.39252e+07		-1.84775		0		0		6.7737e+06		224.233			00:00:21:149		6.75142e+06		153.024		109.278		0		0.491924		290.934		
00:00:21:050		1.39342e+07		-1.83642		0		0		6.77474e+06		225.672			00:00:21:050		6.75217e+06		153.024		109.278		0		0.491924		290.988		
00:00:20:850		1.39525e+07		-1.81366		0		0		6.77689e+06		228.764			00:00:20:850		6.75366e+06		152.373		108.355		0		0.485961		291.098		
00:00:20:850		1.39525e+07		-1.81366		0		0		6.77689e+06		228.764			00:00:20:850		6.75366e+06		152.373		108.355		0		0.485961		291.098		
00:00:20:750		1.39618e+07		-1.80222		0		0		6.77798e+06		230.211			00:00:20:750		6.75442e+06		151.722		107.422		0		0.479997		291.153		
00:00:20:600		1.3976e+07		-1.78493		0		0		6.77963e+06		232.286			00:00:20:600		6.7556e+06		151.722		107.422		0		0.479997		291.238		
00:00:20:500		1.39857e+07		-1.77332		0		0		6.78073e+06		233.662			00:00:20:500		6.75639e+06		151.071		107.422		0		0.479997		291.295		
00:00:20:399		1.39955e+07		-1.76164		0		0		6.78183e+06		235.049			00:00:20:399		6.75718e+06		151.071		106.478		0		0.47403		291.352		
00:00:20:300		1.40055e+07		-1.74986		0		0		6.78294e+06		236.52			00:00:20:300		6.75797e+06		151.071		106.478		0		0.47403		291.41		
00:00:20:199		1.40158e+07		-1.738		0		0		6.78407e+06		238.133			00:00:20:199		6.75875e+06		150.419		105.518		0		0.468062		291.469		
00:00:20:149		1.4021e+07		-1.73204		0		0		6.78464e+06		239.207			00:00:20:149		6.7591e+06		150.419		105.518		0		0.468062		291.499		
00:00:19:899		1.40481e+07		-1.70209		0		0		6.78758e+06		244.674			00:00:19:899		6.76078e+06		149.767		104.544		0		0.462092		291.65		
00:00:19:800		1.4059e+07		-1.68996		0		0		6.7888e+06		246.803			00:00:19:800		6.7615e+06		149.767		104.544		0		0.462092		291.711		
00:00:19:800		1.4059e+07		-1.68996		0		0		6.7888e+06		246.803			00:00:19:800		6.7615e+06		149.767		104.544		0		0.462092		291.711		
00:00:19:699		1.40699e+07		-1.67773		0		0		6.79003e+06		248.973			00:00:19:699		6.76222e+06		149.114		103.555		0		0.456121		291.773		
00:00:19:649		1.40752e+07		-1.67157		0		0		6.79066e+06		250.061			00:00:19:649		6.76259e+06		149.114		103.555		0		0.456121		291.805		
00:00:19:500		1.40912e+07		-1.65299		0		0		6.79257e+06		253.326			00:00:19:500		6.76372e+06		148.461		103.555		0		0.456121		291.9		
00:00:19:399		1.41019e+07		-1.64052		0		0		6.79388e+06		255.515			00:00:19:399		6.76449e+06		148.461		102.551		0		0.450148		291.964		
00:00:19:300		1.41127e+07		-1.62799		0		0		6.7952e+06		257.659			00:00:19:300		6.7653e+06		148.461		102.551		0		0.450148		292.029		
00:00:19:199		1.41237e+07		-1.61534		0		0		6.79655e+06		259.868			00:00:19:199		6.76611e+06		147.808		101.533		0		0.444173		292.095		
00:00:19:100		1.41344e+07		-1.60254		0		0		6.79793e+06		262.026			00:00:19:100		6.76694e+06		147.808		101.533		0		0.444173		292.162		
00:00:19:000		1.41447e+07		-1.58956		0		0		6.79933e+06		264.216			00:00:19:000		6.76781e+06		147.154		101.533		0		0.444173		292.229		
00:00:18:899		1.41545e+07		-1.57644		0		0		6.80075e+06		266.414			00:00:18:899		6.76868e+06		147.154		100.501		0		0.438196		292.297		
00:00:18:800		1.4164e+07		-1.56327		0		0		6.8022e+06		268.628			00:00:18:800		6.76957e+06		147.154		100.501		0		0.438196		292.366		
00:00:18:699		1.41736e+07		-1.55005		0		0		6.80367e+06		270.84			00:00:18:699		6.77048e+06		146.5		99.4563		0		0.432216		292.436		
00:00:18:600		1.41831e+07		-1.53678		0		0		6.80516e+06		273.063			00:00:18:600		6.77141e+06		146.5		99.4563		0		0.432216		292.507		
00:00:18:500		1.41926e+07		-1.52346		0		0		6.80667e+06		275.243			00:00:18:500		6.77237e+06		145.845		99.4563		0		0.432216		292.579		
00:00:18:399		1.42022e+07		-1.51007		0		0		6.80822e+06		277.481			00:00:18:399		6.77334e+06		145.845		98.4005		0		0.426235		292.651		
00:00:18:300		1.42117e+07		-1.49663		0		0		6.80978e+06		279.726			00:00:18:300		6.77432e+06		145.845		98.4005		0		0.426235		292.724		
00:00:18:199		1.42212e+07		-1.48313		0		0		6.81138e+06		281.968			00:00:18:199		6.77533e+06		145.189		97.3336		0		0.420251		292.798		
00:00:18:100		1.42308e+07		-1.46958		0		0		6.81299e+06		284.267			00:00:18:100		6.77634e+06		145.189		97.3336		0		0.420251		292.873		
00:00:18:100		1.42308e+07		-1.46958		0		0		6.81299e+06		284.267			00:00:18:100		6.77634e+06		145.189		97.3336		0		0.420251		292.873		
00:00:17:850		1.42547e+07		-1.4355		0		0		6.81714e+06		289.876			00:00:17:850		6.77897e+06		144.533		96.256		0		0.414265		293.062		
00:00:17:850		1.42547e+07		-1.4355		0		0		6.81714e+06		289.876			00:00:17:850		6.77897e+06		144.533		96.256		0		0.414265		293.062		
00:00:17:750		1.42643e+07		-1.42178		0		0		6.81886e+06		292.203			00:00:17:750		6.78011e+06		143.876		96.256		0		0.414265		293.139		
00:00:17:550		1.42834e+07		-1.3942		0		0		6.8224e+06		296.926			00:00:17:550		6.78233e+06		143.876		95.168		0		0.408276		293.295		
00:00:17:550		1.42834e+07		-1.3942		0		0		6.8224e+06		296.926			00:00:17:550		6.78233e+06		143.876		95.168		0		0.408276		293.295		
00:00:17:449		1.42929e+07		-1.38034		0		0		6.82411e+06		298.642			00:00:17:449		6.78342e+06		143.218		94.0701		0		0.402284		293.375		
00:00:17:350		1.43025e+07		-1.36642		0		0		6.82563e+06		300.022			00:00:17:350		6.78453e+06		143.218		94.0701		0		0.402284		293.455		
00:00:17:250		1.4312e+07		-1.35246		0		0		6.82714e+06		301.737			00:00:17:250		6.78568e+06		142.559		94.0701		0		0.402284		293.536		
00:00:17:050		1.4331e+07		-1.32438		0		0		6.83063e+06		305.933			00:00:17:050		6.7881e+06		142.559		92.9629		0		0.39629		293.701		
00:00:17:050		1.4331e+07		-1.32438		0		0		6.83063e+06		305.933			00:00:17:050		6.7881e+06		142.559		92.9629		0		0.39629		293.701		
00:00:16:850		1.43499e+07		-1.29607		0		0		6.83435e+06		310.272			00:00:16:850		6.7906e+06		141.9		91.8471		0		0.390292		293.867		
00:00:16:850		1.43499e+07		-1.29607		0		0		6.83435e+06		310.272			00:00:16:850		6.7906e+06		141.9		91.8471		0		0.390292		293.867		
00:00:16:750		1.43593e+07		-1.28184		0		0		6.83624e+06		312.4			00:00:16:750		6.79188e+06		141.24		91.8471		0		0.390292		293.951		
00:00:16:649		1.43686e+07		-1.26754		0		0		6.83812e+06		314.377			00:00:16:649		6.79315e+06		141.24		90.7234		0		0.384292		294.035		
00:00:16:550		1.4378e+07		-1.25319		0		0		6.83996e+06		316.313			00:00:16:550		6.79442e+06		141.24		90.7234		0		0.384292		294.12		
00:00:16:449		1.43873e+07		-1.23878		0		0		6.84179e+06		318.348			00:00:16:449		6.79566e+06		140.58		89.5927		0		0.378289		294.204		
00:00:16:350		1.43965e+07		-1.22431		0		0		6.8436e+06		320.584			00:00:16:350		6.79683e+06		140.58		89.5927		0		0.378289		294.289		
00:00:16:250		1.44057e+07		-1.20977		0.0663401		0		6.8454e+06		322.531			00:00:16:250		6.79802e+06		139.919		89.5927		0		0.378289		294.373		
00:00:16:149		1.44148e+07		-1.19517		0.199137		0		6.8472e+06		324.073			00:00:16:149		6.79934e+06		139.919		88.4559		0		0.372284		294.457		
00:00:16:050		1.44238e+07		-1.1805		0.331132		0		6.849e+06		325.503			00:00:16:050		6.80073e+06		139.919		88.4559		0		0.372284		294.541		
00:00:15:849		1.44412e+07		-1.15094		0.589822		0		6.8526e+06		328.274			00:00:15:849		6.80352e+06		139.258		87.3137		0		0.366275		294.708		
00:00:15:750		1.44495e+07		-1.13604		0.715029		0		6.85439e+06		329.527			00:00:15:750		6.80487e+06		138.595		87.3137		0		0.366275		294.791		
00:00:15:750		1.44495e+07		-1.13604		0.715029		0		6.85439e+06		329.527			00:00:15:750		6.80487e+06		138.595		87.3137		0		0.366275		294.791		
00:00:15:650		1.44575e+07		-1.12109		0.83658		0		6.85616e+06		330.898			00:00:15:650		6.80629e+06		138.595		86.1662		0		0.360262		294.873		
00:00:15:550		1.44654e+07		-1.10616		0.953968		0		6.8579e+06		332.343			00:00:15:550		6.80763e+06		138.595		86.1662		0		0.360262		294.956		
00:00:15:449		1.44734e+07		-1.09127		1.06677		0		6.85968e+06		333.949			00:00:15:449		6.80895e+06		137.932		85.0144		0		0.354247		295.038		
00:00:15:349		1.44815e+07		-1.07642		1.17461		0		6.86148e+06		335.559			00:00:15:349		6.81027e+06		137.932		85.0144		0		0.354247		295.12		
00:00:15:250		1.449e+07		-1.06163		1.27693		0		6.86328e+06		337.147			00:00:15:250		6.81159e+06		137.268		83.859		0		0.348229		295.202		
00:00:15:099		1.45036e+07		-1.03953		1.41991		0		6.86596e+06		339.474			00:00:15:099		6.81356e+06		137.268		83.859		0		0.348229		295.325		
00:00:15:000		1.4513e+07		-1.02471		1.50825		0		6.86773e+06		341.035			00:00:15:000		6.81485e+06		136.604		83.859		0		0.348229		295.407		
00:00:14:800		1.45306e+07		-0.994817		1.668		0		6.87126e+06		344.2			00:00:14:800		6.81743e+06		136.604		82.7012		0		0.342208		295.574		
00:00:14:800		1.45306e+07		-0.994817		1.668		0		6.87126e+06		344.2			00:00:14:800		6.81743e+06		136.604		82.7012		0		0.342208		295.574		
00:00:14:699		1.45386e+07		-0.979708		1.73816		0		6.87304e+06		345.795			00:00:14:699		6.81875e+06		135.939		81.5423		0		0.336184		295.658		
00:00:14:599		1.4546e+07		-0.964506		1.80258		0		6.87487e+06		347.379			00:00:14:599		6.82012e+06		135.939		81.5423		0		0.336184		295.743		
00:00:14:500		1.4553e+07		-0.94942		1.86409		0		6.87677e+06		349.051			00:00:14:500		6.82153e+06		135.273		81.5423		0		0.336184		295.828		
00:00:14:400		1.45603e+07		-0.934467		1.92666		0		6.87871e+06		350.744			00:00:14:400		6.82296e+06		135.273		80.3839		0		0.330156		295.913		
00:00:14:300		1.45681e+07		-0.919666		1.98582		0		6.88068e+06		352.424			00:00:14:300		6.82443e+06		135.273		80.3839		0		0.330156		296		
00:00:14:199		1.45766e+07		-0.905031		2.04698		0		6.88268e+06		354.135			00:00:14:199		6.82592e+06		134.606		79.2276		0		0.324125		296.087		
00:00:14:099		1.45857e+07		-0.890528		2.11102		0		6.88471e+06		355.589			00:00:14:099		6.82751e+06		134.606		79.2276		0		0.324125		296.175		
00:00:13:900		1.46051e+07		-0.861614		2.22078		0		6.88891e+06		358.948			00:00:13:900		6.83071e+06		133.938		78.0753		0		0.318091		296.353		
00:00:13:800		1.46148e+07		-0.847155		2.27082		0		6.89107e+06		360.623			00:00:13:800		6.83234e+06		133.938		78.0753		0		0.318091		296.444		
00:00:13:800		1.46148e+07		-0.847155		2.27082		0		6.89107e+06		360.623			00:00:13:800		6.83234e+06		133.938		78.0753		0		0.318091		296.444		
00:00:13:699		1.46245e+07		-0.832689		2.31229		0		6.89323e+06		362.271			00:00:13:699		6.83399e+06		133.27		76.9288		0		0.312053		296.536		
00:00:13:599		1.46342e+07		-0.818223		2.35161		0		6.8954e+06		363.741			00:00:13:599		6.83568e+06		133.27		76.9288		0		0.312053		296.629		
00:00:13:500		1.46438e+07		-0.803763		2.38954		0		6.89755e+06		365.228			00:00:13:500		6.83735e+06		132.601		76.9288		0		0.312053		296.723		
00:00:13:400		1.46535e+07		-0.789308		2.42369		0		6.89969e+06		366.678			00:00:13:400		6.83903e+06		132.601		75.7899		0		0.306011		296.819		
00:00:13:300		1.46632e+07		-0.774862		2.45579		0		6.90182e+06		368.053			00:00:13:300		6.84071e+06		132.601		75.7899		0		0.306011		296.917		
00:00:13:199		1.46729e+07		-0.760426		2.48576		0		6.90394e+06		369.266			00:00:13:199		6.84242e+06		131.931		74.6599		0		0.299965		297.016		
00:00:13:099		1.46826e+07		-0.746003		2.51445		0		6.90603e+06		370.51			00:00:13:099		6.84412e+06		131.931		74.6599		0		0.299965		297.117		
00:00:13:000		1.46922e+07		-0.731594		2.54183		0		6.90811e+06		371.763			00:00:13:000		6.8458e+06		131.261		74.6599		0		0.299965		297.218		
00:00:12:900		1.47018e+07		-0.717202		2.56769		0		6.91018e+06		373.039			00:00:12:900		6.84746e+06		131.261		73.5414		0		0.293916		297.321		
00:00:12:800		1.47114e+07		-0.702829		2.59157		0		6.91222e+06		374.33			00:00:12:800		6.84908e+06		131.261		73.5414		0		0.293916		297.426		
00:00:12:699		1.4721e+07		-0.688484		2.61467		0		6.91425e+06		375.62			00:00:12:699		6.85069e+06		130.589		72.4369		0		0.287863		297.531		
00:00:12:599		1.47306e+07		-0.674172		2.63604		0		6.91625e+06		376.938			00:00:12:599		6.85226e+06		130.589		72.4369		0		0.287863		297.636		
00:00:12:500		1.47402e+07		-0.65989		2.65676		0		6.91823e+06		378.27			00:00:12:500		6.85379e+06		129.916		72.4369		0		0.287863		297.742		
00:00:12:400		1.47497e+07		-0.645641		2.67653		0		6.92017e+06		379.603			00:00:12:400		6.8553e+06		129.916		71.349		0		0.281808		297.85		
00:00:12:300		1.47593e+07		-0.63143		2.69535		0		6.92209e+06		380.952			00:00:12:300		6.85675e+06		129.916		71.349		0		0.281808		297.96		
00:00:12:300		1.47593e+07		-0.63143		2.69535		0		6.92209e+06		380.952			00:00:12:300		6.85675e+06		129.916		71.349		0		0.281808		297.96		
00:00:12:199		1.47688e+07		-0.61726		2.71293		0		6.92396e+06		382.203			00:00:12:199		6.85819e+06		129.243		70.2801		0		0.275749		298.071		
00:00:12:050		1.47831e+07		-0.59609		2.73721		0		6.92668e+06		384.173			00:00:12:050		6.86024e+06		129.243		70.2801		0		0.275749		298.242		
00:00:11:849		1.4802e+07		-0.568051		2.76823		0		6.93015e+06		386.725			00:00:11:849		6.86282e+06		128.569		69.2324		0		0.269688		298.475		
00:00:11:849		1.4802e+07		-0.568051		2.76823		0		6.93015e+06		386.725			00:00:11:849		6.86282e+06		128.569		69.2324		0		0.269688		298.475		
00:00:11:750		1.48115e+07		-0.554115		2.78135		0		6.93181e+06		388.03			00:00:11:750		6.86403e+06		127.895		69.2324		0		0.269688		298.595		
00:00:11:650		1.48209e+07		-0.540238		2.79433		0		6.93342e+06		389.308			00:00:11:650		6.86518e+06		127.895		68.2076		0		0.263624		298.716		
00:00:11:550		1.48303e+07		-0.526423		2.80688		0		6.93499e+06		390.61			00:00:11:550		6.86631e+06		127.895		68.2076		0		0.263624		298.838		
00:00:11:449		1.48397e+07		-0.512683		2.81923		0		6.93651e+06		391.922			00:00:11:449		6.86737e+06		127.219		67.206		0		0.257558		298.963		
00:00:11:349		1.48491e+07		-0.499017		2.83058		0		6.93798e+06		393.229			00:00:11:349		6.86837e+06		127.219		67.206		0		0.257558		299.089		
00:00:11:250		1.48585e+07		-0.48543		2.84113		0		6.93939e+06		394.519			00:00:11:250		6.86931e+06		126.542		67.206		0		0.257558		299.218		
00:00:11:150		1.48679e+07		-0.471923		2.85102		0		6.94075e+06		395.856			00:00:11:150		6.87021e+06		126.542		66.2258		0		0.251491		299.348		
00:00:11:050		1.48773e+07		-0.458498		2.86048		0		6.94206e+06		397.071			00:00:11:050		6.87107e+06		126.542		66.2258		0		0.251491		299.479		
00:00:10:900		1.48913e+07		-0.438531		2.87454		0		6.94391e+06		399.018			00:00:10:900		6.87222e+06		125.865		65.259		0		0.245422		299.68		
00:00:10:900		1.48913e+07		-0.438531		2.87454		0		6.94391e+06		399.018			00:00:10:900		6.87222e+06		125.865		65.259		0		0.245422		299.68		
00:00:10:800		1.49007e+07		-0.425334		2.88253		0		6.94507e+06		400.323			00:00:10:800		6.8729e+06		125.865		65.259		0		0.245422		299.816		
00:00:10:650		1.49148e+07		-0.405712		2.89323		0		6.94668e+06		402.244			00:00:10:650		6.87378e+06		125.187		64.2976		0		0.239352		300.025		
00:00:10:550		1.49241e+07		-0.392753		2.89926		0		6.94766e+06		403.467			00:00:10:550		6.87429e+06		125.187		64.2976		0		0.239352		300.166		
00:00:10:449		1.49335e+07		-0.379895		2.90663		0		6.94858e+06		404.697			00:00:10:449		6.87476e+06		124.508		63.3417		0		0.233281		300.31		
00:00:10:349		1.49429e+07		-0.367142		2.91341		0		6.94941e+06		405.834			00:00:10:349		6.87515e+06		124.508		63.3417		0		0.233281		300.456		
00:00:10:250		1.49522e+07		-0.354506		2.91824		0		6.95016e+06		406.77			00:00:10:250		6.87552e+06		123.829		63.3417		0		0.233281		300.605		
00:00:10:150		1.49616e+07		-0.341992		2.92222		0		6.95081e+06		407.219			00:00:10:150		6.87591e+06		123.829		62.3915		0		0.22721		300.752		
00:00:10:050		1.4971e+07		-0.32959		2.92781		0		6.95137e+06		407.435			00:00:10:050		6.87635e+06		123.829		62.3915		0		0.22721		300.902		
00:00:09:849		1.49898e+07		-0.305109		2.93633		0		6.95216e+06		407.83			00:00:09:849		6.87694e+06		123.148		61.4472		0		0.221139		301.21		
00:00:09:849		1.49898e+07		-0.305109		2.93633		0		6.95216e+06		407.83			00:00:09:849		6.87694e+06		123.148		61.4472		0		0.221139		301.21		
00:00:09:750		1.49993e+07		-0.293025		2.93927		0		6.9524e+06		407.998			00:00:09:750		6.87709e+06		122.467		61.4472		0		0.221139		301.367		
00:00:09:650		1.50088e+07		-0.281062		2.9419		0		6.95253e+06		408.158			00:00:09:650		6.87714e+06		122.467		60.5088		0		0.215068		301.527		
00:00:09:550		1.50184e+07		-0.269226		2.94489		0		6.95257e+06		408.307			00:00:09:550		6.87709e+06		122.467		60.5088		0		0.215068		301.69		
00:00:09:449		1.5028e+07		-0.257501		2.94723		0		6.9525e+06		408.451			00:00:09:449		6.87695e+06		121.786		59.5765		0		0.208998		301.855		
00:00:09:349		1.50376e+07		-0.245883		2.94857		0		6.95235e+06		408.616			00:00:09:349		6.87672e+06		121.786		59.5765		0		0.208998		302.023		
00:00:09:250		1.50473e+07		-0.234369		2.9481		0		6.95213e+06		408.911			00:00:09:250		6.87642e+06		121.105		58.6505		0		0.202929		302.194		
00:00:09:099		1.50619e+07		-0.217266		2.94782		0		6.9518e+06		409.8			00:00:09:099		6.87584e+06		121.105		58.6505		0		0.202929		302.452		
00:00:09:000		1.50717e+07		-0.205969		2.94738		0		6.95162e+06		410.615			00:00:09:000		6.87536e+06		120.423		58.6505		0		0.202929		302.628		
00:00:08:900		1.50815e+07		-0.194764		2.94563		0		6.95138e+06		411.3			00:00:08:900		6.8748e+06		120.423		57.7308		0		0.196862		302.806		
00:00:08:800		1.50913e+07		-0.183595		2.94408		0		6.95101e+06		411.783			00:00:08:800		6.87419e+06		120.423		57.7308		0		0.196862		302.986		
00:00:08:699		1.51007e+07		-0.172418		2.94266		0		6.95051e+06		411.995			00:00:08:699		6.87352e+06		119.741		56.8177		0		0.190796		303.17		
00:00:08:599		1.51094e+07		-0.161314		2.9404		0		6.94985e+06		412.034			00:00:08:599		6.87278e+06		119.741		56.8177		0		0.190796		303.353		
00:00:08:500		1.5118e+07		-0.150331		2.93663		0		6.94905e+06		412.046			00:00:08:500		6.87192e+06		119.059		56.8177		0		0.190796		303.538		
00:00:08:400		1.51263e+07		-0.139493		2.93262		0		6.94812e+06		412.075			00:00:08:400		6.87092e+06		119.059		55.9112		0		0.184734		303.726		
00:00:08:300		1.51348e+07		-0.128796		2.92827		0		6.94705e+06		412.138			00:00:08:300		6.86978e+06		119.059		55.9112		0		0.184734		303.916		
00:00:08:199		1.51434e+07		-0.118257		2.92365		0		6.94586e+06		412.223			00:00:08:199		6.86851e+06		118.377		55.0118		0		0.178675		304.108		
00:00:08:099		1.51521e+07		-0.107899		2.91834		0		6.94455e+06		412.302			00:00:08:099		6.86711e+06		118.377		55.0118		0		0.178675		304.304		
00:00:08:000		1.51609e+07		-0.0977073		2.91237		0		6.94313e+06		412.392			00:00:08:000		6.8656e+06		117.695		55.0118		0		0.178675		304.501		
00:00:07:799		1.51787e+07		-0.0777178		2.89613		0		6.93994e+06		412.57			00:00:07:799		6.86224e+06		117.695		54.1196		0		0.17262		304.901		
00:00:07:799		1.51787e+07		-0.0777178		2.89613		0		6.93994e+06		412.57			00:00:07:799		6.86224e+06		117.695		54.1196		0		0.17262		304.901		
00:00:07:700		1.51876e+07		-0.0679054		2.88825		0		6.93819e+06		412.649			00:00:07:700		6.86041e+06		117.014		53.2351		0		0.16657		305.103		
00:00:07:599		1.51965e+07		-0.0582204		2.88081		0		6.93633e+06		412.73			00:00:07:599		6.85847e+06		117.014		53.2351		0		0.16657		305.307		
00:00:07:500		1.52054e+07		-0.0486679		2.87234		0		6.93438e+06		412.811			00:00:07:500		6.85644e+06		116.334		53.2351		0		0.16657		305.513		
00:00:07:400		1.52142e+07		-0.0392523		2.86168		0		6.93232e+06		412.856			00:00:07:400		6.85429e+06		116.334		52.3584		0		0.160526		305.717		
00:00:07:299		1.5223e+07		-0.0299749		2.84941		13.6275		6.93014e+06		412.817			00:00:07:299		6.85204e+06		116.334		52.3584		0		0.160526		305.922		
00:00:07:200		1.52317e+07		-0.0208397		2.83848		24.8637		6.92783e+06		412.897			00:00:07:200		6.84966e+06		115.655		51.4898		0		0.154487		306.129		
00:00:07:099		1.52404e+07		-0.0118556		2.82953		36.039		6.9254e+06		412.826			00:00:07:099		6.84718e+06		115.655		51.4898		0		0.154487		306.336		
00:00:07:000		1.52491e+07		-0.0030303		2.81987		43.7523		6.92284e+06		412.692			00:00:07:000		6.84458e+06		114.977		51.4898		0		0.154487		306.545		
00:00:06:900		1.52576e+07		0.00563335		2.80591		53.0131		6.92014e+06		412.451			00:00:06:900		6.84187e+06		114.977		50.6297		0		0.148455		306.754		
00:00:06:799		1.52576e+07		0.00563335		2.80591		53.0131		6.92014e+06		412.451			00:00:06:799		6.84187e+06		114.977		50.6297		0		0.148455		306.754		
00:00:06:799		1.52661e+07		0.0141416		2.78625		61.7034		6.91727e+06		412.023			00:00:06:799		6.83903e+06		114.977		50.6297		0		0.148455		306.962		
00:00:06:700		1.52746e+07		0.0225091		2.77069		70.1573		6.91419e+06		411.22			00:00:06:700		6.83609e+06		114.301		49.7786		0		0.14243		307.17		
00:00:06:599		1.52831e+07		0.030724		2.76518		78.4237		6.91086e+06		409.697			00:00:06:599		6.83311e+06		114.301		49.7786		0		0.14243		307.377		
00:00:06:349		1.5305e+07		0.0503659		2.73071		97.7241		6.90103e+06		395.918			00:00:06:349		6.82699e+06		113.627		48.9373		0		0.136409		307.88		
00:00:06:349		1.5305e+07		0.0503659		2.73071		97.7241		6.90103e+06		395.918			00:00:06:349		6.82699e+06		113.627		48.9373		0		0.136409		307.88		
00:00:06:250		1.53136e+07		0.0576777		2.69531		105.508		6.89635e+06		385.059			00:00:06:250		6.826e+06		112.955		48.9373		0		0.136409		308.074		
00:00:06:150		1.53217e+07		0.0645633		2.67605		113.143		6.89125e+06		374.125			00:00:06:150		6.8245e+06		112.955		48.1076		0		0.130394		308.261		
00:00:06:049		1.5329e+07		0.0710511		2.69959		120.547		6.8857e+06		363.103			00:00:06:049		6.8225e+06		112.955		48.1076		0		0.130394		308.44		
00:00:05:950		1.53355e+07		0.077342		2.71519		128.162		6.87975e+06		351.913			00:00:05:950		6.82007e+06		112.287		47.2929		0		0.124385		308.611		
00:00:05:849		1.53421e+07		0.0836611		2.67192		136.547		6.87344e+06		340.587			00:00:05:849		6.81726e+06		112.287		47.2929		0		0.124385		308.773		
00:00:05:750		1.53494e+07		0.0898666		2.59054		146.473		6.86689e+06		329.277			00:00:05:750		6.8142e+06		111.622		47.2929		0		0.124385		308.925		
00:00:05:650		1.53573e+07		0.0956779		2.54253		160.243		6.86026e+06		318.471			00:00:05:650		6.81094e+06		111.622		46.4998		0		0.118385		309.066		
00:00:05:549		1.53652e+07		0.101191		2.65214		183.696		6.85375e+06		308.612			00:00:05:549		6.80751e+06		111.622		46.4998		0		0.118385		309.192		
00:00:05:450		1.5373e+07		0.106398		2.76773		224.276		6.84762e+06		302.227			00:00:05:450		6.80377e+06		110.961		45.7301		0		0.112397		309.305		
00:00:05:349		1.53805e+07		0.111286		2.80257		274.444		6.8423e+06		306.102			00:00:05:349		6.79865e+06		110.961		45.7301		0		0.112397		309.403		
00:00:05:150		1.53948e+07		0.120051		2.84761		367.054		6.83656e+06		411.84			00:00:05:150		6.76745e+06		110.305		45.7301		0		0.112397		309.486		
00:00:05:150		1.53948e+07		0.120051		2.84761		367.054		6.83656e+06		411.84			00:00:05:150		6.76745e+06		110.305		44.9844		0		0.106484		309.554		
00:00:05:049		1.54014e+07		0.123889		2.85908		405.043		6.83669e+06		544.552			00:00:05:049		6.72495e+06		110.305		44.9844		0		0.106484		309.609		
00:00:04:950		1.54076e+07		0.127339		2.86665		437.013		6.838e+06		584.529			00:00:04:950		6.68778e+06		109.655		44.2629		0		0.100616		309.653		
00:00:04:849		1.54131e+07		0.130392		2.87008		463.26		6.84011e+06		635.161			00:00:04:849		6.66397e+06		109.655		44.2629		0		0.100616		309.686		
00:00:04:750		1.54179e+07		0.13306		2.87039		484.374		6.84267e+06		665.682			00:00:04:750		6.6454e+06		109.011		44.2629		0		0.100616		309.713		
00:00:04:650		1.54218e+07		0.135387		2.86792		500.959		6.84532e+06		674.579			00:00:04:650		6.63568e+06		109.011		43.5659		0		0.0947511		309.733		
00:00:04:549		1.5425e+07		0.137437		2.86371		513.283		6.84786e+06		668.468			00:00:04:549		6.64216e+06		109.011		43.5659		0		0.0947511		309.75		
00:00:04:450		1.54275e+07		0.139286		2.8579		520.758		6.85033e+06		664.167			00:00:04:450		6.6478e+06		108.373		42.8942		0		0.0888781		309.763		
00:00:04:349		1.54296e+07		0.141014		2.85247		522.813		6.85279e+06		662.653			00:00:04:349		6.65198e+06		108.373		42.8942		0		0.0888781		309.775		
00:00:04:250		1.54315e+07		0.14268		2.84932		522.79		6.85526e+06		662.861			00:00:04:250		6.65437e+06		107.741		42.8942		0		0.0888781		309.783		
00:00:04:150		1.54333e+07		0.144315		2.85053		522.712		6.85776e+06		663.084			00:00:04:150		6.65677e+06		107.741		42.2487		0		0.0829996		309.79		
00:00:04:049		1.54351e+07		0.14592		2.85192		522.633		6.86028e+06		663.312			00:00:04:049		6.65918e+06		107.741		42.2487		0		0.0829996		309.796		
00:00:03:950		1.5437e+07		0.147497		2.85303		522.523		6.86282e+06		663.557			00:00:03:950		6.66161e+06		107.116		41.6302		0		0.0771155		309.801		
00:00:03:799		1.54397e+07		0.149808		2.85439		522.449		6.86667e+06		663.991			00:00:03:799		6.66528e+06		107.116		41.6302		0		0.0771155		309.809		
00:00:03:700		1.54415e+07		0.15131		2.85511		522.378		6.86926e+06		664.11			00:00:03:700		6.6678e+06		106.5		41.039		0		0.0712257		309.813		
00:00:03:600		1.54433e+07		0.152781		2.85564		522.309		6.87188e+06		664.362			00:00:03:600		6.67031e+06		106.5		41.039		0		0.0712257		309.818		
00:00:03:500		1.54451e+07		0.154215		2.85601		522.238		6.87452e+06		664.627			00:00:03:500		6.67283e+06		105.894		41.039		0		0.0712257		309.822		
00:00:03:450		1.5446e+07		0.154918		2.85621		522.204		6.87585e+06		664.762			00:00:03:450		6.6741e+06		105.894		40.4758		0		0.0653301		309.823		
00:00:03:299		1.54487e+07		0.156961		2.85642		522.103		6.87989e+06		665.178			00:00:03:299		6.67793e+06		105.894		40.4758		0		0.0653301		309.828		
00:00:03:200		1.54505e+07		0.158265		2.85645		522.034		6.88261e+06		665.481			00:00:03:200		6.68052e+06		105.301		39.9408		0		0.0594284		309.831		
00:00:03:149		1.54514e+07		0.158897		2.8564		521.959		6.88398e+06		665.646			00:00:03:149		6.68182e+06		105.301		39.9408		0		0.0594284		309.832		
00:00:03:000		1.54539e+07		0.160718		2.85599		521.885		6.88814e+06		666.041			00:00:03:000		6.68579e+06		104.721		39.9408		0		0.0594284		309.836		
00:00:02:899		1.54555e+07		0.16187		2.8554		521.806		6.89095e+06		666.36			00:00:02:899		6.68846e+06		104.721		39.4342		0		0.0535205		309.838		
00:00:02:799		1.54571e+07		0.162973		2.85461		521.722		6.8938e+06		666.694			00:00:02:799		6.69115e+06		104.721		39.4342		0		0.0535205		309.84		
00:00:02:700		1.54586e+07		0.164034		2.85353		521.64		6.89668e+06		667.045			00:00:02:700		6.69386e+06		104.156		38.9564		0		0.0476063		309.842		
00:00:02:600		1.54601e+07		0.165056		2.85214		521.556		6.89959e+06		667.411			00:00:02:600		6.6966e+06		104.156		38.9564		0		0.0476063		309.843		
00:00:02:500		1.54617e+07		0.166042		2.85059		521.475		6.90255e+06		667.808			00:00:02:500		6.69936e+06		103.61		38.9564		0		0.0476063		309.844		
00:00:02:399		1.54633e+07		0.166995		2.84899		521.404		6.90554e+06		668.233			00:00:02:399		6.70216e+06		103.61		38.5073		0		0.0416856		309.844		
00:00:02:299		1.5465e+07		0.167908		2.84722		521.346		6.90857e+06		668.688			00:00:02:299		6.70496e+06		103.61		38.5073		0		0.0416856		309.844		
00:00:02:200		1.54668e+07		0.168776		2.84572		521.312		6.91164e+06		669.182			00:00:02:200		6.70779e+06		103.085		38.0872		0		0.035758		309.844		
00:00:02:100		1.54687e+07		0.169585		2.84447		521.316		6.91475e+06		669.768			00:00:02:100		6.71063e+06		103.085		38.0872		0		0.035758		309.844		
00:00:02:000		1.54705e+07		0.170322		2.84353		521.37		6.91789e+06		670.227			00:00:02:000		6.71353e+06		102.584		38.0872		0		0.035758		309.843		
00:00:01:899		1.54722e+07		0.170971		2.84294		521.484		6.92105e+06		670.784			00:00:01:899		6.71636e+06		102.584		37.6961		0		0.0298235		309.842		
00:00:01:800		1.54738e+07		0.171518		2.84249		521.688		6.92421e+06		671.301			00:00:01:800		6.71924e+06		102.584		37.6961		0		0.0298235		309.842		
00:00:01:699		1.54752e+07		0.171958		2.84204		521.993		6.92733e+06		671.434			00:00:01:699		6.72219e+06		102.111		37.3383		0		0.0238815		309.842		
00:00:01:600		1.54763e+07		0.172293		2.8415		522.421		6.93032e+06		671.101			00:00:01:600		6.72525e+06		102.111		37.3383		0		0.0238815		309.842		
00:00:01:500		1.54772e+07		0.172531		2.84095		522.986		6.93315e+06		670.415			00:00:01:500		6.72855e+06		101.67		37.3383		0		0.0238815		309.843		
00:00:01:399		1.54779e+07		0.172686		2.84025		523.739		6.93629e+06		670.575			00:00:01:399		6.73208e+06		101.67		37.0148		0		0.0179305		309.843		
00:00:01:300		1.54783e+07		0.172777		2.83947		524.697		6.93994e+06		670.52			00:00:01:300		6.73583e+06		101.67		37.0148		0		0.0179305		309.844		
00:00:01:300		1.54783e+07		0.172777		2.83947		524.697		6.93994e+06		670.52			00:00:01:300		6.73583e+06		101.67		37.0148		0		0.0179305		309.844		
00:00:01:199		1.54785e+07		0.172823		2.83855		525.821		6.94366e+06		670.377			00:00:01:199		6.7397e+06		101.265		36.7283		0		0.0119695		309.845		
00:00:01:100		1.54786e+07		0.172846		2.83712		527.647		6.9493e+06		669.338			00:00:01:100		6.74596e+06		101.265		36.7283		0		0.0119695		309.846		
00:00:00:849		1.54786e+07		0.172842		2.83577		529.682		6.95647e+06		664.009			00:00:00:849		6.75591e+06		100.904		36.4883		0		0.00599557		309.846		
00:00:00:750		1.54786e+07		0.17284		2.83561		530.136		6.95958e+06		657.735			00:00:00:750		6.7623e+06		100.516		36.4883		0		0.00599557		309.846		
00:00:00:750		1.54786e+07		0.17284		2.83561		530.136		6.95958e+06		657.735			00:00:00:750		6.7623e+06		100.516		36.4883		0		0.00599557		309.846		
00:00:00:650		1.54786e+07		0.172839		2.83566		530.223		6.96213e+06		646.869			00:00:00:650		6.77053e+06		100.516		36.3831		0		0		309.846		
00:00:00:550		1.54786e+07		0.17284		2.83569		530.21		6.96393e+06		628.235			00:00:00:550		6.78204e+06		100.516		36.3831		0		0		309.846		
00:00:00:450		1.54786e+07		0.17284		2.83569		530.212		6.96479e+06		597.204			00:00:00:450		6.79985e+06		100.069		36.3834		0		0		309.846		
00:00:00:349		1.54786e+07		0.17284		2.83573		530.216		6.96485e+06		526.825			00:00:00:349		6.83116e+06		100.069		36.3834		0		0		309.846		
00:00:00:149		1.54785e+07		0.17284		2.83572		530.221		6.96484e+06		526.823			00:00:00:149		6.83116e+06		100.069		36.3837		0		0		309.846		
00:00:00:149		1.54785e+07		0.17284		2.83572		530.221		6.96484e+06		526.823			00:00:00:149		6.83116e+06		100.069		36.3837		0		0		309.846		
00:00:00:050		1.54785e+07		0.17284		2.83567		530.223		6.96484e+06		526.826			00:00:00:050		6.83115e+06		100.069		36.3837		0		0		309.846		
00:00:00:000		1.54785e+07		0.17284		2.83571		530.225		6.96483e+06		526.826			00:00:00:000		6.83115e+06		100.069		36.3837		0		0		309.846		
00:00:00:000		1.54785e+07		0.17284		2.83571		530.225		6.96483e+06		526.826			00:00:00:000		6.83115e+06		100.069		36.3837		0		0		309.846		
00:00:00:000		1.54785e+07		0.17284		2.83571		530.225		6.96483e+06		526.826			00:00:00:000		6.83115e+06		100.069		36.3837		0		0		309.846		
00:00:00:000		1.54785e+07		0.17284		2.83571		530.225		6.96483e+06		526.826			00:00:00:000		6.83115e+06		100.069		36.3837		0		0		309.846		
00:00:00:000		1.54785e+07		0.17284		2.83571		530.225		6.96483e+06		526.826			00:00:00:000		6.83115e+06		100.069		36.3837		0		0		309.846		
