	time 		rcpppzr	rcp054rcp007mnzoyout	rcv501std0102fvol	fwfrcp001gv	rcppmssga	msfsg(1)			time 		gpv001pnt10113ppntm	evf507ety101mpzoyout	chtcon(1)	chavg(1)	chlhsumpa	rcptavgn	
00:01:01:850		1.25026e+07		-4.14034		0		0		5.20398e+06		372.375			00:01:01:850		6.5682e+06		247.71		165.619		0		1.43753		281.485		
00:01:01:750		1.2505e+07		-4.13652		0		0		5.20712e+06		372.592			00:01:01:750		6.5683e+06		247.713		165.619		0		1.43753		281.505		
00:01:01:649		1.25074e+07		-4.13269		0		0		5.21026e+06		372.813			00:01:01:649		6.56839e+06		247.713		165.666		0		1.429		281.524		
00:01:01:549		1.25098e+07		-4.12886		0		0		5.21342e+06		373.035			00:01:01:549		6.56848e+06		247.713		165.666		0		1.429		281.544		
00:01:01:450		1.25122e+07		-4.12503		0		0		5.21659e+06		373.26			00:01:01:450		6.56858e+06		247.683		165.687		0		1.42071		281.564		
00:01:01:350		1.25146e+07		-4.12121		0		0		5.21977e+06		373.481			00:01:01:350		6.56867e+06		247.683		165.687		0		1.42071		281.583		
00:01:01:100		1.25207e+07		-4.11166		0		0		5.22775e+06		374.044			00:01:01:100		6.56891e+06		247.621		165.683		0		1.41265		281.632		
00:01:01:100		1.25207e+07		-4.11166		0		0		5.22775e+06		374.044			00:01:01:100		6.56891e+06		247.621		165.683		0		1.41265		281.632		
00:01:01:000		1.25231e+07		-4.10784		0		0		5.23096e+06		374.269			00:01:01:000		6.569e+06		247.525		165.683		0		1.41265		281.652		
00:01:00:950		1.25243e+07		-4.10593		0		0		5.23257e+06		374.382			00:01:00:950		6.56905e+06		247.525		165.655		0		1.40483		281.662		
00:01:00:850		1.25266e+07		-4.10212		0		0		5.23579e+06		374.61			00:01:00:850		6.56914e+06		247.525		165.655		0		1.40483		281.682		
00:01:00:750		1.2529e+07		-4.09831		0		0		5.23901e+06		374.838			00:01:00:750		6.56924e+06		247.397		165.655		0		1.40483		281.701		
00:01:00:649		1.25314e+07		-4.0945		0		0		5.24225e+06		375.06			00:01:00:649		6.56933e+06		247.397		165.605		0		1.39726		281.721		
00:01:00:549		1.25338e+07		-4.09069		0		0		5.24549e+06		375.273			00:01:00:549		6.56942e+06		247.397		165.605		0		1.39726		281.74		
00:01:00:450		1.25362e+07		-4.08689		0		0		5.24874e+06		375.458			00:01:00:450		6.56952e+06		247.234		165.534		0		1.38992		281.76		
00:01:00:350		1.25386e+07		-4.08309		0		0		5.252e+06		375.531			00:01:00:350		6.56961e+06		247.234		165.534		0		1.38992		281.779		
00:01:00:149		1.25434e+07		-4.07549		0		0		5.25855e+06		376.2			00:01:00:149		6.5698e+06		247.038		165.442		0		1.38283		281.818		
00:01:00:149		1.25434e+07		-4.07549		0		0		5.25855e+06		376.2			00:01:00:149		6.5698e+06		247.038		165.442		0		1.38283		281.818		
00:01:00:049		1.25458e+07		-4.0717		0		0		5.26185e+06		376.426			00:01:00:049		6.56989e+06		247.038		165.442		0		1.38283		281.838		
00:01:00:000		1.2547e+07		-4.0698		0		0		5.2635e+06		376.539			00:01:00:000		6.56994e+06		246.807		165.333		0		1.37599		281.848		
00:00:59:899		1.25505e+07		-4.06411		0		0		5.26848e+06		376.888			00:00:59:899		6.57003e+06		246.807		165.333		0		1.37599		281.877		
00:00:59:750		1.25529e+07		-4.06032		0		0		5.27182e+06		377.122			00:00:59:750		6.57018e+06		246.54		165.333		0		1.37599		281.896		
00:00:59:649		1.25553e+07		-4.05653		0		0		5.27518e+06		377.356			00:00:59:649		6.57027e+06		246.54		165.206		0		1.36941		281.915		
00:00:59:549		1.25577e+07		-4.05274		0		0		5.27854e+06		377.594			00:00:59:549		6.57036e+06		246.54		165.206		0		1.36941		281.935		
00:00:59:450		1.256e+07		-4.04895		0		0		5.28191e+06		377.829			00:00:59:450		6.57046e+06		246.236		165.065		0		1.36309		281.954		
00:00:59:350		1.25624e+07		-4.04517		0		0		5.28529e+06		378.069			00:00:59:350		6.57055e+06		246.236		165.065		0		1.36309		281.973		
00:00:59:250		1.25648e+07		-4.04138		0		0		5.28868e+06		378.308			00:00:59:250		6.57064e+06		245.892		165.065		0		1.36309		281.993		
00:00:59:149		1.25671e+07		-4.03759		0		0		5.29207e+06		378.547			00:00:59:149		6.57074e+06		245.892		164.912		0		1.35705		282.012		
00:00:59:049		1.25695e+07		-4.03381		0		0		5.29548e+06		378.786			00:00:59:049		6.57083e+06		245.892		164.912		0		1.35705		282.031		
00:00:58:950		1.25719e+07		-4.03003		0		0		5.29889e+06		379.025			00:00:58:950		6.57093e+06		245.504		164.749		0		1.35133		282.051		
00:00:58:850		1.25742e+07		-4.02624		0		0		5.30232e+06		379.265			00:00:58:850		6.57102e+06		245.504		164.749		0		1.35133		282.07		
00:00:58:750		1.25766e+07		-4.02247		0		0		5.30575e+06		379.507			00:00:58:750		6.57112e+06		245.038		164.749		0		1.35133		282.089		
00:00:58:649		1.2579e+07		-4.01869		0		0		5.30919e+06		379.748			00:00:58:649		6.57121e+06		245.038		164.581		0		1.34603		282.108		
00:00:58:549		1.25813e+07		-4.01492		0		0		5.31264e+06		379.99			00:00:58:549		6.5713e+06		245.038		164.581		0		1.34603		282.128		
00:00:58:450		1.25837e+07		-4.01116		0		0		5.3161e+06		380.232			00:00:58:450		6.5714e+06		244.524		164.413		0		1.34123		282.147		
00:00:58:450		1.25837e+07		-4.01116		0		0		5.3161e+06		380.232			00:00:58:450		6.5714e+06		244.524		164.413		0		1.34123		282.147		
00:00:58:200		1.25896e+07		-4.00176		0		0		5.3248e+06		380.844			00:00:58:200		6.57163e+06		244.008		164.245		0		1.33642		282.195		
00:00:58:100		1.25919e+07		-3.998		0		0		5.3283e+06		381.086			00:00:58:100		6.57173e+06		244.008		164.245		0		1.33642		282.214		
00:00:58:100		1.25919e+07		-3.998		0		0		5.3283e+06		381.086			00:00:58:100		6.57173e+06		244.008		164.245		0		1.33642		282.214		
00:00:57:950		1.25954e+07		-3.99238		0		0		5.33356e+06		381.443			00:00:57:950		6.57187e+06		243.491		164.076		0		1.33161		282.243		
00:00:57:850		1.25978e+07		-3.98864		0		0		5.33708e+06		381.656			00:00:57:850		6.57196e+06		243.491		164.076		0		1.33161		282.262		
00:00:57:750		1.26001e+07		-3.98491		0		0		5.34061e+06		381.79			00:00:57:750		6.57206e+06		242.974		164.076		0		1.33161		282.281		
00:00:57:649		1.26024e+07		-3.98117		0		0		5.34415e+06		382.072			00:00:57:649		6.57215e+06		242.974		163.906		0		1.32679		282.3		
00:00:57:549		1.26048e+07		-3.97743		0		0		5.34771e+06		382.442			00:00:57:549		6.57224e+06		242.974		163.906		0		1.32679		282.32		
00:00:57:450		1.26071e+07		-3.9737		0		0		5.35127e+06		382.691			00:00:57:450		6.57234e+06		242.456		163.736		0		1.32196		282.339		
00:00:57:250		1.26117e+07		-3.96622		0		0		5.35844e+06		383.18			00:00:57:250		6.57252e+06		241.936		163.736		0		1.32196		282.377		
00:00:57:149		1.2614e+07		-3.96248		0		0		5.36204e+06		383.404			00:00:57:149		6.57262e+06		241.936		163.566		0		1.31712		282.396		
00:00:57:149		1.2614e+07		-3.96248		0		0		5.36204e+06		383.404			00:00:57:149		6.57262e+06		241.936		163.566		0		1.31712		282.396		
00:00:57:049		1.26164e+07		-3.95873		0		0		5.36565e+06		383.566			00:00:57:049		6.57271e+06		241.936		163.566		0		1.31712		282.416		
00:00:57:049		1.26164e+07		-3.95873		0		0		5.36565e+06		383.566			00:00:57:049		6.57271e+06		241.936		163.566		0		1.31712		282.416		
00:00:56:899		1.26198e+07		-3.9531		0		0		5.3711e+06		384.071			00:00:56:899		6.57285e+06		241.416		163.395		0		1.31228		282.444		
00:00:56:799		1.26221e+07		-3.94933		0		0		5.37474e+06		384.325			00:00:56:799		6.57295e+06		241.416		163.395		0		1.31228		282.463		
00:00:56:700		1.26245e+07		-3.94556		0		0		5.3784e+06		384.581			00:00:56:700		6.57304e+06		240.894		163.223		0		1.30742		282.482		
00:00:56:600		1.26267e+07		-3.94178		0		0		5.38207e+06		384.837			00:00:56:600		6.57314e+06		240.894		163.223		0		1.30742		282.501		
00:00:56:500		1.26291e+07		-3.938		0		0		5.38576e+06		385.094			00:00:56:500		6.57323e+06		240.372		163.223		0		1.30742		282.52		
00:00:56:399		1.26314e+07		-3.93423		0		0		5.38945e+06		385.356			00:00:56:399		6.57332e+06		240.372		163.051		0		1.30256		282.539		
00:00:56:200		1.26361e+07		-3.92669		0		0		5.39687e+06		385.89			00:00:56:200		6.57351e+06		239.849		162.878		0		1.29769		282.577		
00:00:56:200		1.26361e+07		-3.92669		0		0		5.39687e+06		385.89			00:00:56:200		6.57351e+06		239.849		162.878		0		1.29769		282.577		
00:00:56:100		1.26384e+07		-3.92293		0		0		5.40058e+06		386.184			00:00:56:100		6.57361e+06		239.849		162.878		0		1.29769		282.596		
00:00:56:000		1.26407e+07		-3.91917		0		0		5.40431e+06		386.571			00:00:56:000		6.5737e+06		239.325		162.878		0		1.29769		282.615		
00:00:55:899		1.2643e+07		-3.91541		0		0		5.40806e+06		386.65			00:00:55:899		6.57379e+06		239.325		162.705		0		1.29281		282.634		
00:00:55:850		1.26441e+07		-3.91353		0		0		5.40993e+06		386.781			00:00:55:850		6.57384e+06		239.325		162.705		0		1.29281		282.643		
00:00:55:649		1.26487e+07		-3.90603		0		0		5.41748e+06		387.308			00:00:55:649		6.57403e+06		238.8		162.531		0		1.28792		282.68		
00:00:55:549		1.2651e+07		-3.90229		0		0		5.42127e+06		387.57			00:00:55:549		6.57412e+06		238.8		162.531		0		1.28792		282.699		
00:00:55:500		1.26522e+07		-3.90042		0		0		5.42317e+06		387.699			00:00:55:500		6.57417e+06		238.274		162.531		0		1.28792		282.708		
00:00:55:299		1.26568e+07		-3.89294		0		0		5.4308e+06		388.164			00:00:55:299		6.57436e+06		238.274		162.356		0		1.28303		282.745		
00:00:55:200		1.2659e+07		-3.88921		0		0		5.43464e+06		388.247			00:00:55:200		6.57445e+06		237.746		162.181		0		1.27812		282.763		
00:00:55:200		1.2659e+07		-3.88921		0		0		5.43464e+06		388.247			00:00:55:200		6.57445e+06		237.746		162.181		0		1.27812		282.763		
00:00:55:100		1.26613e+07		-3.88548		0		0		5.43848e+06		388.77			00:00:55:100		6.57455e+06		237.746		162.181		0		1.27812		282.782		
00:00:55:000		1.26636e+07		-3.88176		0		0		5.44235e+06		389.04			00:00:55:000		6.57464e+06		237.219		162.181		0		1.27812		282.8		
00:00:54:899		1.26659e+07		-3.87804		0		0		5.44622e+06		389.309			00:00:54:899		6.57473e+06		237.219		162.006		0		1.2732		282.818		
00:00:54:799		1.26682e+07		-3.87433		0		0		5.45011e+06		389.582			00:00:54:799		6.57483e+06		237.219		162.006		0		1.2732		282.837		
00:00:54:700		1.26705e+07		-3.87062		0		0		5.45402e+06		389.856			00:00:54:700		6.57492e+06		236.69		161.829		0		1.26828		282.855		
00:00:54:600		1.26727e+07		-3.86692		0		0		5.45794e+06		390.13			00:00:54:600		6.57502e+06		236.69		161.829		0		1.26828		282.873		
00:00:54:500		1.2675e+07		-3.86323		0		0		5.46188e+06		390.405			00:00:54:500		6.57511e+06		236.16		161.829		0		1.26828		282.892		
00:00:54:399		1.26772e+07		-3.85955		0		0		5.46583e+06		390.681			00:00:54:399		6.5752e+06		236.16		161.653		0		1.26335		282.91		
00:00:54:250		1.26806e+07		-3.85403		0		0		5.47178e+06		391.096			00:00:54:250		6.57534e+06		235.629		161.653		0		1.26335		282.937		
00:00:54:149		1.26828e+07		-3.85035		0		0		5.47576e+06		391.37			00:00:54:149		6.57544e+06		235.629		161.475		0		1.25841		282.955		
00:00:54:049		1.2685e+07		-3.84668		0		0		5.47976e+06		391.632			00:00:54:049		6.57553e+06		235.629		161.475		0		1.25841		282.974		
00:00:53:950		1.26872e+07		-3.84302		0		0		5.48377e+06		391.858			00:00:53:950		6.57563e+06		235.097		161.297		0		1.25346		282.992		
00:00:53:850		1.26895e+07		-3.83935		0		0		5.4878e+06		391.94			00:00:53:850		6.57572e+06		235.097		161.297		0		1.25346		283.01		
00:00:53:750		1.26917e+07		-3.83569		0		0		5.49185e+06		392.49			00:00:53:750		6.57582e+06		234.564		161.297		0		1.25346		283.028		
00:00:53:649		1.26939e+07		-3.83203		0		0		5.49593e+06		392.779			00:00:53:649		6.57591e+06		234.564		161.118		0		1.2485		283.046		
00:00:53:549		1.26961e+07		-3.82837		0		0		5.50001e+06		393.054			00:00:53:549		6.576e+06		234.564		161.118		0		1.2485		283.064		
00:00:53:450		1.26984e+07		-3.82472		0		0		5.5041e+06		393.328			00:00:53:450		6.5761e+06		234.029		160.939		0		1.24353		283.082		
00:00:53:350		1.27006e+07		-3.82107		0		0		5.50824e+06		393.621			00:00:53:350		6.57619e+06		234.029		160.939		0		1.24353		283.1		
00:00:53:250		1.27028e+07		-3.81743		0		0		5.5124e+06		393.915			00:00:53:250		6.57628e+06		233.494		160.939		0		1.24353		283.118		
00:00:53:149		1.2705e+07		-3.81378		0		0		5.51657e+06		394.211			00:00:53:149		6.57638e+06		233.494		160.759		0		1.23855		283.137		
00:00:53:149		1.2705e+07		-3.81378		0		0		5.51657e+06		394.211			00:00:53:149		6.57638e+06		233.494		160.759		0		1.23855		283.137		
00:00:53:049		1.27072e+07		-3.81014		0		0		5.52075e+06		394.507			00:00:53:049		6.57647e+06		233.494		160.759		0		1.23855		283.155		
00:00:52:799		1.27127e+07		-3.80106		0		0		5.53125e+06		395.249			00:00:52:799		6.57671e+06		232.958		160.578		0		1.23356		283.2		
00:00:52:700		1.27149e+07		-3.79743		0		0		5.53547e+06		395.547			00:00:52:700		6.5768e+06		232.421		160.397		0		1.22856		283.218		
00:00:52:700		1.27149e+07		-3.79743		0		0		5.53547e+06		395.547			00:00:52:700		6.5768e+06		232.421		160.397		0		1.22856		283.218		
00:00:52:600		1.27171e+07		-3.79381		0		0		5.5397e+06		395.85			00:00:52:600		6.5769e+06		232.421		160.397		0		1.22856		283.236		
00:00:52:500		1.27193e+07		-3.79018		0		0		5.54395e+06		396.153			00:00:52:500		6.57699e+06		231.883		160.397		0		1.22856		283.254		
00:00:52:399		1.27215e+07		-3.78656		0		0		5.5482e+06		396.457			00:00:52:399		6.57708e+06		231.883		160.215		0		1.22355		283.272		
00:00:52:250		1.27247e+07		-3.78114		0		0		5.55459e+06		396.913			00:00:52:250		6.57722e+06		231.343		160.215		0		1.22355		283.3		
00:00:52:149		1.27269e+07		-3.77753		0		0		5.55885e+06		397.215			00:00:52:149		6.57732e+06		231.343		160.032		0		1.21853		283.318		
00:00:52:049		1.27291e+07		-3.77392		0		0		5.56312e+06		397.518			00:00:52:049		6.57741e+06		231.343		160.032		0		1.21853		283.336		
00:00:51:950		1.27313e+07		-3.77031		0		0		5.56741e+06		397.822			00:00:51:950		6.57751e+06		230.803		159.848		0		1.2135		283.354		
00:00:51:850		1.27335e+07		-3.76671		0		0		5.5717e+06		398.128			00:00:51:850		6.5776e+06		230.803		159.848		0		1.2135		283.372		
00:00:51:850		1.27335e+07		-3.76671		0		0		5.5717e+06		398.128			00:00:51:850		6.5776e+06		230.803		159.848		0		1.2135		283.372		
00:00:51:750		1.27356e+07		-3.76311		0		0		5.576e+06		398.432			00:00:51:750		6.5777e+06		230.261		159.848		0		1.2135		283.39		
00:00:51:500		1.27411e+07		-3.75412		0		0		5.5868e+06		399.195			00:00:51:500		6.57793e+06		229.718		159.664		0		1.20847		283.435		
00:00:51:500		1.27411e+07		-3.75412		0		0		5.5868e+06		399.195			00:00:51:500		6.57793e+06		229.718		159.664		0		1.20847		283.435		
00:00:51:399		1.27433e+07		-3.75053		0		0		5.59113e+06		399.501			00:00:51:399		6.57802e+06		229.718		159.478		0		1.20342		283.453		
00:00:51:200		1.27477e+07		-3.74335		0		0		5.59984e+06		400.117			00:00:51:200		6.57821e+06		229.174		159.292		0		1.19836		283.489		
00:00:51:100		1.27498e+07		-3.73976		0		0		5.60421e+06		400.424			00:00:51:100		6.57831e+06		229.174		159.292		0		1.19836		283.507		
00:00:51:100		1.27498e+07		-3.73976		0		0		5.60421e+06		400.424			00:00:51:100		6.57831e+06		229.174		159.292		0		1.19836		283.507		
00:00:51:000		1.2752e+07		-3.73618		0		0		5.60859e+06		400.731			00:00:51:000		6.5784e+06		228.629		159.292		0		1.19836		283.525		
00:00:50:899		1.27542e+07		-3.7326		0		0		5.61298e+06		401.037			00:00:50:899		6.57849e+06		228.629		159.105		0		1.19329		283.544		
00:00:50:799		1.27564e+07		-3.72902		0		0		5.61739e+06		401.339			00:00:50:799		6.57859e+06		228.629		159.105		0		1.19329		283.562		
00:00:50:700		1.27586e+07		-3.72544		0		0		5.62181e+06		401.631			00:00:50:700		6.57868e+06		228.083		158.917		0		1.18821		283.58		
00:00:50:600		1.27607e+07		-3.72186		0		0		5.62625e+06		401.884			00:00:50:600		6.57878e+06		228.083		158.917		0		1.18821		283.598		
00:00:50:500		1.27629e+07		-3.71829		0		0		5.63071e+06		401.988			00:00:50:500		6.57887e+06		227.536		158.917		0		1.18821		283.616		
00:00:50:350		1.27662e+07		-3.71294		0		0		5.63743e+06		402.781			00:00:50:350		6.57901e+06		227.536		158.728		0		1.18313		283.643		
00:00:50:250		1.27684e+07		-3.70937		0		0		5.64192e+06		403.152			00:00:50:250		6.57910e+06		226.987		158.728		0		1.18313		283.661		
00:00:50:200		1.27695e+07		-3.70759		0		0		5.64416e+06		403.353			00:00:50:200		6.57915e+06		226.987		158.538		0		1.17803		283.67		
00:00:50:049		1.27727e+07		-3.70225		0		0		5.65082e+06		403.944			00:00:50:049		6.57929e+06		226.987		158.538		0		1.17803		283.697		
00:00:49:950		1.27749e+07		-3.69869		0		0		5.6551e+06		404.221			00:00:49:950		6.57939e+06		226.438		158.347		0		1.17292		283.715		
00:00:49:850		1.27771e+07		-3.69513		0		0		5.65925e+06		404.407			00:00:49:850		6.57948e+06		226.438		158.347		0		1.17292		283.733		
00:00:49:750		1.27792e+07		-3.69157		0		0		5.66345e+06		404.614			00:00:49:750		6.57958e+06		225.887		158.347		0		1.17292		283.751		
00:00:49:700		1.27803e+07		-3.68979		0		0		5.66562e+06		404.744			00:00:49:700		6.57962e+06		225.887		158.154		0		1.1678		283.76		
00:00:49:600		1.27825e+07		-3.68624		0		0		5.67008e+06		405.041			00:00:49:600		6.57972e+06		225.887		158.154		0		1.1678		283.778		
00:00:49:500		1.27846e+07		-3.68268		0		0		5.67464e+06		405.353			00:00:49:500		6.57981e+06		225.335		158.154		0		1.1678		283.796		
00:00:49:399		1.27868e+07		-3.67912		0		0		5.67922e+06		405.67			00:00:49:399		6.5799e+06		225.335		157.961		0		1.16267		283.813		
00:00:49:299		1.27889e+07		-3.67556		0		0		5.68384e+06		405.993			00:00:49:299		6.58e+06		225.335		157.961		0		1.16267		283.831		
00:00:49:200		1.27911e+07		-3.672		0		0		5.68847e+06		406.319			00:00:49:200		6.58009e+06		224.782		157.767		0		1.15753		283.849		
00:00:49:100		1.27933e+07		-3.66845		0		0		5.69313e+06		406.636			00:00:49:100		6.58019e+06		224.782		157.767		0		1.15753		283.867		
00:00:49:000		1.27965e+07		-3.66311		0		0		5.70011e+06		406.898			00:00:49:000		6.58033e+06		224.228		157.571		0		1.15238		283.894		
00:00:48:850		1.27987e+07		-3.65955		0		0		5.70473e+06		407.545			00:00:48:850		6.58042e+06		224.228		157.571		0		1.15238		283.911		
00:00:48:750		1.28008e+07		-3.65599		0		0		5.70935e+06		407.882			00:00:48:750		6.58052e+06		223.673		157.571		0		1.15238		283.929		
00:00:48:649		1.2803e+07		-3.65243		0		0		5.71396e+06		408.212			00:00:48:649		6.58061e+06		223.673		157.375		0		1.14722		283.946		
00:00:48:549		1.28052e+07		-3.64888		0		0		5.71857e+06		408.539			00:00:48:549		6.58070e+06		223.673		157.375		0		1.14722		283.964		
00:00:48:450		1.28073e+07		-3.64532		0		0		5.72318e+06		408.876			00:00:48:450		6.5808e+06		223.117		157.177		0		1.14205		283.981		
00:00:48:350		1.28095e+07		-3.64177		0		0		5.7278e+06		409.188			00:00:48:350		6.5809e+06		223.117		157.177		0		1.14205		283.998		
00:00:48:250		1.28117e+07		-3.63822		0		0		5.73241e+06		409.405			00:00:48:250		6.58099e+06		222.56		157.177		0		1.14205		284.016		
00:00:48:149		1.28138e+07		-3.63466		0		0		5.73703e+06		409.654			00:00:48:149		6.58108e+06		222.56		156.977		0		1.13687		284.033		
00:00:48:049		1.2816e+07		-3.63111		0		0		5.74165e+06		409.754			00:00:48:049		6.58118e+06		222.56		156.977		0		1.13687		284.05		
00:00:47:950		1.28182e+07		-3.62755		0		0		5.74628e+06		410.381			00:00:47:950		6.58128e+06		222.001		156.777		0		1.13168		284.067		
00:00:47:850		1.28203e+07		-3.624		0		0		5.75093e+06		410.685			00:00:47:850		6.58137e+06		222.001		156.777		0		1.13168		284.084		
00:00:47:850		1.28203e+07		-3.624		0		0		5.75093e+06		410.685			00:00:47:850		6.58137e+06		222.001		156.777		0		1.13168		284.084		
00:00:47:750		1.28225e+07		-3.62043		0		0		5.7556e+06		410.944			00:00:47:750		6.58146e+06		221.441		156.777		0		1.13168		284.101		
00:00:47:500		1.28279e+07		-3.61151		0		0		5.76736e+06		411.827			00:00:47:500		6.5817e+06		220.88		156.575		0		1.12647		284.144		
00:00:47:500		1.28279e+07		-3.61151		0		0		5.76736e+06		411.827			00:00:47:500		6.5817e+06		220.88		156.575		0		1.12647		284.144		
00:00:47:450		1.2829e+07		-3.60973		0		0		5.76973e+06		411.977			00:00:47:450		6.58175e+06		220.88		156.372		0		1.12126		284.152		
00:00:47:350		1.28312e+07		-3.60615		0		0		5.77449e+06		412.22			00:00:47:350		6.58184e+06		220.88		156.372		0		1.12126		284.169		
00:00:47:100		1.28366e+07		-3.59721		0		0		5.78653e+06		412.945			00:00:47:100		6.58208e+06		220.318		156.168		0		1.11603		284.211		
00:00:47:100		1.28366e+07		-3.59721		0		0		5.78653e+06		412.945			00:00:47:100		6.58208e+06		220.318		156.168		0		1.11603		284.211		
00:00:47:000		1.28387e+07		-3.59364		0		0		5.79139e+06		413.335			00:00:47:000		6.58218e+06		219.755		156.168		0		1.11603		284.228		
00:00:46:899		1.28409e+07		-3.59007		0		0		5.79626e+06		413.847			00:00:46:899		6.58227e+06		219.755		155.963		0		1.11079		284.244		
00:00:46:799		1.28431e+07		-3.5865		0		0		5.80115e+06		414.189			00:00:46:799		6.58237e+06		219.755		155.963		0		1.11079		284.261		
00:00:46:700		1.28452e+07		-3.58295		0		0		5.80606e+06		414.527			00:00:46:700		6.58246e+06		219.19		155.757		0		1.10555		284.277		
00:00:46:649		1.28463e+07		-3.58117		0		0		5.80851e+06		414.693			00:00:46:649		6.58251e+06		219.19		155.757		0		1.10555		284.286		
00:00:46:450		1.28506e+07		-3.5741		0		0		5.81839e+06		415.224			00:00:46:450		6.5827e+06		218.624		155.549		0		1.10029		284.319		
00:00:46:450		1.28506e+07		-3.5741		0		0		5.81839e+06		415.224			00:00:46:450		6.5827e+06		218.624		155.549		0		1.10029		284.319		
00:00:46:299		1.28539e+07		-3.56883		0		0		5.82585e+06		415.918			00:00:46:299		6.58284e+06		218.624		155.549		0		1.10029		284.343		
00:00:46:100		1.28582e+07		-3.56181		0		0		5.83585e+06		416.615			00:00:46:100		6.58303e+06		218.057		155.34		0		1.09502		284.375		
00:00:46:100		1.28582e+07		-3.56181		0		0		5.83585e+06		416.615			00:00:46:100		6.58303e+06		218.057		155.34		0		1.09502		284.375		
00:00:46:000		1.28603e+07		-3.55831		0		0		5.84089e+06		416.965			00:00:46:000		6.58313e+06		217.489		155.34		0		1.09502		284.391		
00:00:45:899		1.28625e+07		-3.55481		0		0		5.84594e+06		417.314			00:00:45:899		6.58322e+06		217.489		155.13		0		1.08973		284.407		
00:00:45:799		1.28647e+07		-3.55129		0		0		5.85102e+06		417.659			00:00:45:799		6.58332e+06		217.489		155.13		0		1.08973		284.424		
00:00:45:700		1.28668e+07		-3.54777		0		0		5.85612e+06		417.976			00:00:45:700		6.58342e+06		216.92		154.919		0		1.08444		284.439		
00:00:45:600		1.28689e+07		-3.54423		0		0		5.86124e+06		418.204			00:00:45:600		6.58351e+06		216.92		154.919		0		1.08444		284.455		
00:00:45:500		1.28711e+07		-3.54066		0		0		5.86638e+06		418.739			00:00:45:500		6.58361e+06		216.349		154.919		0		1.08444		284.471		
00:00:45:399		1.28732e+07		-3.53707		0		0		5.87153e+06		419.071			00:00:45:399		6.5837e+06		216.349		154.706		0		1.07913		284.487		
00:00:45:200		1.28775e+07		-3.5298		0		0		5.88188e+06		419.86			00:00:45:200		6.58389e+06		215.777		154.492		0		1.07381		284.519		
00:00:45:100		1.28797e+07		-3.52613		0		0		5.88707e+06		420.229			00:00:45:100		6.58399e+06		215.777		154.492		0		1.07381		284.534		
00:00:45:100		1.28797e+07		-3.52613		0		0		5.88707e+06		420.229			00:00:45:100		6.58399e+06		215.777		154.492		0		1.07381		284.534		
00:00:45:000		1.28818e+07		-3.52243		0		0		5.89227e+06		420.599			00:00:45:000		6.58408e+06		215.204		154.492		0		1.07381		284.55		
00:00:44:899		1.2884e+07		-3.51872		0		0		5.89748e+06		420.97			00:00:44:899		6.58419e+06		215.204		154.277		0		1.06848		284.566		
00:00:44:799		1.28872e+07		-3.51314		0		0		5.90531e+06		421.523			00:00:44:799		6.58434e+06		214.629		154.277		0		1.06848		284.589		
00:00:44:649		1.28893e+07		-3.50943		0		0		5.91054e+06		421.883			00:00:44:649		6.58444e+06		214.629		154.06		0		1.06314		284.605		
00:00:44:549		1.28915e+07		-3.50574		0		0		5.91578e+06		422.21			00:00:44:549		6.58454e+06		214.629		154.06		0		1.06314		284.621		
00:00:44:500		1.28926e+07		-3.50392		0		0		5.91841e+06		422.348			00:00:44:500		6.58459e+06		214.053		154.06		0		1.06314		284.628		
00:00:44:350		1.28958e+07		-3.49852		0		0		5.92632e+06		423.004			00:00:44:350		6.58474e+06		214.053		153.842		0		1.05779		284.652		
00:00:44:250		1.28979e+07		-3.495		0		0		5.93161e+06		423.376			00:00:44:250		6.58484e+06		213.476		153.842		0		1.05779		284.667		
00:00:44:149		1.29001e+07		-3.49156		0		0		5.93692e+06		423.75			00:00:44:149		6.58494e+06		213.476		153.623		0		1.05242		284.683		
00:00:44:049		1.29022e+07		-3.4882		0		0		5.94225e+06		424.123			00:00:44:049		6.58504e+06		213.476		153.623		0		1.05242		284.698		
00:00:44:000		1.29033e+07		-3.48654		0		0		5.94492e+06		424.309			00:00:44:000		6.58509e+06		212.897		153.623		0		1.05242		284.706		
00:00:43:899		1.29055e+07		-3.48329		0		0		5.95027e+06		424.683			00:00:43:899		6.5852e+06		212.897		153.402		0		1.04704		284.722		
00:00:43:750		1.29087e+07		-3.47854		0		0		5.95834e+06		425.234			00:00:43:750		6.58534e+06		212.317		153.402		0		1.04704		284.745		
00:00:43:649		1.29109e+07		-3.47542		0		0		5.96374e+06		425.56			00:00:43:649		6.58544e+06		212.317		153.179		0		1.04165		284.761		
00:00:43:549		1.29131e+07		-3.47234		0		0		5.96915e+06		425.758			00:00:43:549		6.58553e+06		212.317		153.179		0		1.04165		284.776		
00:00:43:450		1.29152e+07		-3.46928		0		0		5.97458e+06		426.173			00:00:43:450		6.58563e+06		211.736		152.955		0		1.03625		284.792		
00:00:43:350		1.29174e+07		-3.46621		0		0		5.98004e+06		426.673			00:00:43:350		6.58573e+06		211.736		152.955		0		1.03625		284.807		
00:00:43:250		1.29196e+07		-3.46313		0		0		5.98551e+06		426.795			00:00:43:250		6.58582e+06		211.154		152.955		0		1.03625		284.823		
00:00:43:149		1.29218e+07		-3.46002		0		0		5.991e+06		427.542			00:00:43:149		6.58592e+06		211.154		152.729		0		1.03083		284.839		
00:00:43:049		1.2924e+07		-3.45689		0		0		5.9965e+06		427.92			00:00:43:049		6.58601e+06		211.154		152.729		0		1.03083		284.854		
00:00:42:950		1.29262e+07		-3.45371		0		0		6.00203e+06		428.284			00:00:42:950		6.58611e+06		210.57		152.501		0		1.0254		284.87		
00:00:42:850		1.29284e+07		-3.45049		0		0		6.00758e+06		428.597			00:00:42:850		6.58621e+06		210.57		152.501		0		1.0254		284.886		
00:00:42:750		1.29306e+07		-3.44723		0		0		6.01315e+06		428.719			00:00:42:750		6.5863e+06		209.985		152.501		0		1.0254		284.901		
00:00:42:649		1.29328e+07		-3.44391		0		0		6.01874e+06		429.481			00:00:42:649		6.5864e+06		209.985		152.271		0		1.01996		284.917		
00:00:42:549		1.2935e+07		-3.44055		0		0		6.02435e+06		429.873			00:00:42:549		6.58649e+06		209.985		152.271		0		1.01996		284.933		
00:00:42:450		1.29373e+07		-3.43715		0		0		6.02999e+06		430.271			00:00:42:450		6.58659e+06		209.398		152.039		0		1.01451		284.949		
00:00:42:350		1.29395e+07		-3.4337		0		0		6.03565e+06		430.67			00:00:42:350		6.58669e+06		209.398		152.039		0		1.01451		284.964		
00:00:42:250		1.29417e+07		-3.4302		0		0		6.04132e+06		431.068			00:00:42:250		6.58678e+06		208.81		152.039		0		1.01451		284.98		
00:00:42:149		1.29439e+07		-3.42667		0		0		6.04701e+06		431.467			00:00:42:149		6.58688e+06		208.81		151.805		0		1.00904		284.996		
00:00:42:049		1.29462e+07		-3.42309		0		0		6.05272e+06		431.864			00:00:42:049		6.58697e+06		208.81		151.805		0		1.00904		285.012		
00:00:41:950		1.29484e+07		-3.41948		0		0		6.05844e+06		432.263			00:00:41:950		6.58707e+06		208.22		151.569		0		1.00356		285.028		
00:00:41:850		1.29507e+07		-3.41583		0		0		6.06419e+06		432.671			00:00:41:850		6.58717e+06		208.22		151.569		0		1.00356		285.044		
00:00:41:850		1.29507e+07		-3.41583		0		0		6.06419e+06		432.671			00:00:41:850		6.58717e+06		208.22		151.569		0		1.00356		285.044		
00:00:41:649		1.29563e+07		-3.40656		0		0		6.07865e+06		433.691			00:00:41:649		6.58741e+06		207.63		151.33		0		0.998063		285.085		
00:00:41:649		1.29563e+07		-3.40656		0		0		6.07865e+06		433.691			00:00:41:649		6.58741e+06		207.63		151.33		0		0.998063		285.085		
00:00:41:500		1.29585e+07		-3.4028		0		0		6.08445e+06		434.068			00:00:41:500		6.5875e+06		207.037		151.33		0		0.998063		285.101		
00:00:41:399		1.29607e+07		-3.399		0		0		6.09025e+06		434.334			00:00:41:399		6.5876e+06		207.037		151.09		0		0.992555		285.117		
00:00:41:299		1.2963e+07		-3.39518		0		0		6.09605e+06		434.929			00:00:41:299		6.58769e+06		207.037		151.09		0		0.992555		285.134		
00:00:41:100		1.29675e+07		-3.38745		0		0		6.10767e+06		435.393			00:00:41:100		6.58789e+06		206.443		150.847		0		0.987035		285.167		
00:00:41:100		1.29675e+07		-3.38745		0		0		6.10767e+06		435.393			00:00:41:100		6.58789e+06		206.443		150.847		0		0.987035		285.167		
00:00:41:000		1.29697e+07		-3.38356		0		0		6.11349e+06		436.178			00:00:41:000		6.58798e+06		205.848		150.847		0		0.987035		285.184		
00:00:40:899		1.2972e+07		-3.37965		0		0		6.11933e+06		436.575			00:00:40:899		6.58808e+06		205.848		150.601		0		0.9815		285.2		
00:00:40:799		1.29743e+07		-3.37573		0		0		6.1252e+06		436.948			00:00:40:799		6.58817e+06		205.848		150.601		0		0.9815		285.217		
00:00:40:700		1.29766e+07		-3.37179		0		0		6.13108e+06		437.199			00:00:40:700		6.58827e+06		205.251		150.354		0		0.975952		285.234		
00:00:40:600		1.29789e+07		-3.36784		0		0		6.13698e+06		437.104			00:00:40:600		6.58837e+06		205.251		150.354		0		0.975952		285.251		
00:00:40:500		1.29812e+07		-3.36387		0		0		6.14293e+06		437.835			00:00:40:500		6.58846e+06		204.653		150.354		0		0.975952		285.269		
00:00:40:200		1.29881e+07		-3.35188		0		0		6.16084e+06		439.063			00:00:40:200		6.58875e+06		204.053		149.85		0		0.964815		285.321		
00:00:40:200		1.29881e+07		-3.35188		0		0		6.16084e+06		439.063			00:00:40:200		6.58875e+06		204.053		149.85		0		0.964815		285.321		
00:00:40:100		1.29904e+07		-3.34785		0		0		6.16687e+06		439.866			00:00:40:100		6.58885e+06		204.053		149.85		0		0.964815		285.338		
00:00:40:100		1.29904e+07		-3.34785		0		0		6.16687e+06		439.866			00:00:40:100		6.58885e+06		204.053		149.85		0		0.964815		285.338		
00:00:40:000		1.29927e+07		-3.3438		0		0		6.17296e+06		440.289			00:00:40:000		6.58894e+06		203.452		149.85		0		0.964815		285.356		
00:00:39:899		1.29951e+07		-3.33973		0		0		6.17911e+06		440.729			00:00:39:899		6.58904e+06		203.452		149.594		0		0.959226		285.374		
00:00:39:799		1.29974e+07		-3.33564		0		0		6.18529e+06		441.158			00:00:39:799		6.58913e+06		203.452		149.594		0		0.959226		285.392		
00:00:39:600		1.30021e+07		-3.32741		0		0		6.19767e+06		441.675			00:00:39:600		6.58933e+06		202.849		149.335		0		0.953622		285.429		
00:00:39:600		1.30021e+07		-3.32741		0		0		6.19767e+06		441.675			00:00:39:600		6.58933e+06		202.849		149.335		0		0.953622		285.429		
00:00:39:500		1.30045e+07		-3.32326		0		3.46914		6.20386e+06		442.521			00:00:39:500		6.58942e+06		202.244		149.335		0		0.953622		285.447		
00:00:39:399		1.30069e+07		-3.31909		0		0		6.21006e+06		442.957			00:00:39:399		6.58952e+06		202.244		149.073		0		0.948003		285.465		
00:00:39:200		1.30117e+07		-3.31069		0		0		6.22255e+06		443.838			00:00:39:200		6.58971e+06		201.638		148.808		0		0.942371		285.503		
00:00:39:100		1.30141e+07		-3.30645		0		0		6.22884e+06		444.267			00:00:39:100		6.58981e+06		201.638		148.808		0		0.942371		285.522		
00:00:39:100		1.30141e+07		-3.30645		0		0		6.22884e+06		444.267			00:00:39:100		6.58981e+06		201.638		148.808		0		0.942371		285.522		
00:00:39:000		1.30165e+07		-3.30219		0		0		6.23513e+06		444.569			00:00:39:000		6.5899e+06		201.03		148.539		0		0.936724		285.541		
00:00:38:850		1.30202e+07		-3.29576		0		0		6.24449e+06		445.183			00:00:38:850		6.59005e+06		201.03		148.539		0		0.936724		285.57		
00:00:38:750		1.30227e+07		-3.29144		0		0		6.25066e+06		446.077			00:00:38:750		6.59014e+06		200.421		148.539		0		0.936724		285.589		
00:00:38:649		1.30252e+07		-3.2871		0		0		6.25678e+06		446.549			00:00:38:649		6.59024e+06		200.421		148.268		0		0.931063		285.608		
00:00:38:549		1.30277e+07		-3.28273		0		0		6.26284e+06		447.008			00:00:38:549		6.59033e+06		200.421		148.268		0		0.931063		285.628		
00:00:38:450		1.30302e+07		-3.27833		0		0		6.26886e+06		447.447			00:00:38:450		6.59043e+06		199.81		147.992		0		0.925388		285.648		
00:00:38:350		1.30327e+07		-3.27391		0		0		6.27486e+06		447.869			00:00:38:350		6.59053e+06		199.81		147.992		0		0.925388		285.667		
00:00:38:250		1.30353e+07		-3.26946		0		0		6.28085e+06		448.277			00:00:38:250		6.59062e+06		199.198		147.992		0		0.925388		285.687		
00:00:38:149		1.30378e+07		-3.26497		0		0		6.28686e+06		448.676			00:00:38:149		6.59072e+06		199.198		147.714		0		0.919699		285.707		
00:00:38:049		1.30404e+07		-3.26046		0		0		6.2929e+06		449.074			00:00:38:049		6.59081e+06		199.198		147.714		0		0.919699		285.727		
00:00:37:950		1.3043e+07		-3.25591		0		0		6.29901e+06		449.473			00:00:37:950		6.59091e+06		198.584		147.431		0		0.913995		285.747		
00:00:37:850		1.30456e+07		-3.25133		0		0		6.30516e+06		449.869			00:00:37:850		6.59101e+06		198.584		147.431		0		0.913995		285.767		
00:00:37:750		1.30482e+07		-3.24672		0		0		6.31138e+06		450.235			00:00:37:750		6.5911e+06		197.968		147.431		0		0.913995		285.787		
00:00:37:649		1.30509e+07		-3.24208		0		0		6.31766e+06		450.498			00:00:37:649		6.5912e+06		197.968		147.144		0		0.908277		285.808		
00:00:37:549		1.30535e+07		-3.23741		0		0		6.32399e+06		451.153			00:00:37:549		6.59129e+06		197.968		147.144		0		0.908277		285.828		
00:00:37:450		1.30562e+07		-3.23272		0		0		6.33038e+06		451.594			00:00:37:450		6.59139e+06		197.351		146.853		0		0.902544		285.848		
00:00:37:350		1.30589e+07		-3.228		0		0		6.3368e+06		452.04			00:00:37:350		6.59149e+06		197.351		146.853		0		0.902544		285.869		
00:00:37:250		1.30616e+07		-3.22325		0		0		6.34327e+06		452.494			00:00:37:250		6.59158e+06		196.732		146.853		0		0.902544		285.889		
00:00:37:149		1.30643e+07		-3.21848		0		0		6.34977e+06		452.932			00:00:37:149		6.59168e+06		196.732		146.558		0		0.896796		285.91		
00:00:37:049		1.30671e+07		-3.21368		0		0		6.35627e+06		453.347			00:00:37:049		6.59177e+06		196.732		146.558		0		0.896796		285.93		
00:00:36:950		1.30698e+07		-3.20885		0		0		6.36284e+06		453.793			00:00:36:950		6.59187e+06		196.111		146.259		0		0.891033		285.951		
00:00:36:850		1.30726e+07		-3.20399		0		0		6.36949e+06		454.176			00:00:36:850		6.59197e+06		196.111		146.259		0		0.891033		285.972		
00:00:36:750		1.30754e+07		-3.19911		0		0		6.37614e+06		454.332			00:00:36:750		6.59206e+06		195.489		146.259		0		0.891033		285.992		
00:00:36:649		1.30782e+07		-3.1942		0		0		6.38282e+06		455.245			00:00:36:649		6.59216e+06		195.489		145.955		0		0.885254		286.013		
00:00:36:549		1.30811e+07		-3.18926		0		0		6.38951e+06		455.722			00:00:36:549		6.59225e+06		195.489		145.955		0		0.885254		286.034		
00:00:36:450		1.30839e+07		-3.18429		0		0		6.39623e+06		456.193			00:00:36:450		6.59235e+06		194.865		145.646		0		0.87946		286.054		
00:00:36:350		1.30868e+07		-3.17929		0		0		6.40296e+06		456.622			00:00:36:350		6.59245e+06		194.865		145.646		0		0.87946		286.075		
00:00:36:350		1.30868e+07		-3.17929		0		0		6.40296e+06		456.622			00:00:36:350		6.59245e+06		194.865		145.646		0		0.87946		286.075		
00:00:36:100		1.3094e+07		-3.16668		0		0		6.41983e+06		457.908			00:00:36:100		6.59269e+06		194.239		145.333		0		0.87365		286.127		
00:00:36:100		1.3094e+07		-3.16668		0		0		6.41983e+06		457.908			00:00:36:100		6.59269e+06		194.239		145.333		0		0.87365		286.127		
00:00:36:000		1.30969e+07		-3.16159		0		0		6.42663e+06		458.439			00:00:36:000		6.59278e+06		193.611		145.333		0		0.87365		286.147		
00:00:35:899		1.30999e+07		-3.15647		0		0		6.43345e+06		459.149			00:00:35:899		6.59288e+06		193.611		145.014		0		0.867824		286.168		
00:00:35:799		1.31028e+07		-3.15132		0		0		6.44032e+06		459.282			00:00:35:799		6.59297e+06		193.611		145.014		0		0.867824		286.188		
00:00:35:600		1.31088e+07		-3.14094		0		0		6.45418e+06		460.035			00:00:35:600		6.59317e+06		192.981		144.691		0		0.861982		286.23		
00:00:35:600		1.31088e+07		-3.14094		0		0		6.45418e+06		460.035			00:00:35:600		6.59317e+06		192.981		144.691		0		0.861982		286.23		
00:00:35:500		1.31118e+07		-3.13571		0		0		6.46119e+06		459.992			00:00:35:500		6.59326e+06		192.349		144.691		0		0.861982		286.25		
00:00:35:399		1.31148e+07		-3.13045		0		0		6.46827e+06		461.171			00:00:35:399		6.59336e+06		192.349		144.362		0		0.856124		286.271		
00:00:35:299		1.31179e+07		-3.12516		0		0		6.47542e+06		461.632			00:00:35:299		6.59345e+06		192.349		144.362		0		0.856124		286.291		
00:00:35:100		1.3124e+07		-3.1145		0		0		6.48997e+06		462.316			00:00:35:100		6.59365e+06		191.716		144.028		0		0.850249		286.332		
00:00:35:100		1.3124e+07		-3.1145		0		0		6.48997e+06		462.316			00:00:35:100		6.59365e+06		191.716		144.028		0		0.850249		286.332		
00:00:35:000		1.31271e+07		-3.10912		0		0		6.49738e+06		462.991			00:00:35:000		6.59374e+06		191.08		144.028		0		0.850249		286.353		
00:00:34:899		1.31302e+07		-3.10372		0		0		6.50491e+06		463.273			00:00:34:899		6.59384e+06		191.08		143.688		0		0.844357		286.373		
00:00:34:799		1.31333e+07		-3.09829		0		0		6.51257e+06		464.034			00:00:34:799		6.59393e+06		191.08		143.688		0		0.844357		286.394		
00:00:34:700		1.31364e+07		-3.09282		0		0		6.52037e+06		464.491			00:00:34:700		6.59403e+06		190.443		143.343		0		0.838447		286.414		
00:00:34:600		1.31396e+07		-3.08733		0		0		6.52826e+06		464.676			00:00:34:600		6.59413e+06		190.443		143.343		0		0.838447		286.435		
00:00:34:500		1.31427e+07		-3.0818		0		0		6.53621e+06		465.75			00:00:34:500		6.59422e+06		189.804		143.343		0		0.838447		286.455		
00:00:34:399		1.31459e+07		-3.07625		0		0		6.54414e+06		466.103			00:00:34:399		6.59432e+06		189.804		142.992		0		0.832517		286.476		
00:00:34:299		1.31491e+07		-3.07066		0		0		6.55192e+06		465.449			00:00:34:299		6.59441e+06		189.804		142.992		0		0.832517		286.497		
00:00:34:100		1.31556e+07		-3.05939		0		0		6.56615e+06		432.337			00:00:34:100		6.59461e+06		189.162		142.635		0		0.826549		286.538		
00:00:34:100		1.31556e+07		-3.05939		0		0		6.56615e+06		432.337			00:00:34:100		6.59461e+06		189.162		142.635		0		0.826549		286.538		
00:00:34:000		1.31588e+07		-3.0537		0		0		6.57219e+06		392.894			00:00:34:000		6.595e+06		188.517		142.635		0		0.826549		286.559		
00:00:33:899		1.31621e+07		-3.04798		0		0		6.5776e+06		359.89			00:00:33:899		6.59613e+06		188.517		142.272		0		0.820541		286.58		
00:00:33:799		1.31654e+07		-3.04223		0		0		6.58245e+06		332.649			00:00:33:799		6.59745e+06		188.517		142.272		0		0.820541		286.601		
00:00:33:700		1.31687e+07		-3.03644		0		0		6.58683e+06		309.491			00:00:33:700		6.59878e+06		187.87		141.903		0		0.814508		286.622		
00:00:33:600		1.31721e+07		-3.03062		0		0		6.59082e+06		289.978			00:00:33:600		6.60009e+06		187.87		141.903		0		0.814508		286.643		
00:00:33:500		1.31755e+07		-3.02476		0		0		6.59448e+06		273.495			00:00:33:500		6.60133e+06		187.22		141.903		0		0.814508		286.665		
00:00:33:399		1.31788e+07		-3.01886		0		0		6.59786e+06		259.58			00:00:33:399		6.60257e+06		187.22		141.528		0		0.808459		286.686		
00:00:33:200		1.31857e+07		-3.00696		0		0		6.60393e+06		237.755			00:00:33:200		6.60504e+06		186.569		141.146		0		0.802399		286.729		
00:00:33:049		1.31909e+07		-2.99793		0		0		6.60802e+06		225.628			00:00:33:049		6.60688e+06		186.569		141.146		0		0.802399		286.762		
00:00:33:049		1.31909e+07		-2.99793		0		0		6.60802e+06		225.628			00:00:33:049		6.60688e+06		186.569		141.146		0		0.802399		286.762		
00:00:32:950		1.31944e+07		-2.99187		0		0		6.61056e+06		219.067			00:00:32:950		6.60813e+06		185.916		140.756		0		0.79633		286.784		
00:00:32:850		1.31979e+07		-2.98576		0		0		6.61298e+06		213.378			00:00:32:850		6.60941e+06		185.916		140.756		0		0.79633		286.806		
00:00:32:750		1.32014e+07		-2.97962		0		0		6.61529e+06		208.546			00:00:32:750		6.6107e+06		185.263		140.756		0		0.79633		286.828		
00:00:32:649		1.3205e+07		-2.97344		0		0		6.61751e+06		204.436			00:00:32:649		6.61201e+06		185.263		140.36		0		0.790254		286.851		
00:00:32:549		1.32086e+07		-2.96722		0		0		6.61965e+06		200.881			00:00:32:549		6.61335e+06		185.263		140.36		0		0.790254		286.873		
00:00:32:450		1.32122e+07		-2.96095		0		0		6.62172e+06		197.808			00:00:32:450		6.61467e+06		184.609		139.957		0		0.784172		286.896		
00:00:32:350		1.32158e+07		-2.95465		0		0		6.62373e+06		195.198			00:00:32:350		6.61604e+06		184.609		139.957		0		0.784172		286.919		
00:00:32:250		1.32195e+07		-2.94831		0		0		6.62569e+06		192.796			00:00:32:250		6.61743e+06		183.954		139.957		0		0.784172		286.941		
00:00:32:149		1.32232e+07		-2.94192		0		0		6.62759e+06		190.943			00:00:32:149		6.61879e+06		183.954		139.545		0		0.778084		286.964		
00:00:32:049		1.32269e+07		-2.9355		0		0		6.62946e+06		189.171			00:00:32:049		6.62018e+06		183.954		139.545		0		0.778084		286.988		
00:00:31:949		1.32306e+07		-2.92903		0		0		6.63128e+06		187.807			00:00:31:949		6.62154e+06		183.299		139.127		0		0.771991		287.011		
00:00:31:850		1.32344e+07		-2.92251		0		0		6.63307e+06		186.585			00:00:31:850		6.62294e+06		183.299		139.127		0		0.771991		287.035		
00:00:31:750		1.32381e+07		-2.91595		0		0		6.63482e+06		185.42			00:00:31:750		6.62434e+06		182.642		139.127		0		0.771991		287.058		
00:00:31:649		1.32419e+07		-2.90934		0		0		6.63654e+06		184.396			00:00:31:649		6.62572e+06		182.642		138.7		0		0.765894		287.082		
00:00:31:550		1.32458e+07		-2.90269		0		0		6.63824e+06		183.51			00:00:31:550		6.62714e+06		182.642		138.7		0		0.765894		287.105		
00:00:31:449		1.32497e+07		-2.89599		0		0		6.6399e+06		182.686			00:00:31:449		6.62854e+06		181.986		138.266		0		0.759793		287.129		
00:00:31:449		1.32497e+07		-2.89599		0		0		6.6399e+06		182.686			00:00:31:449		6.62854e+06		181.986		138.266		0		0.759793		287.129		
00:00:31:350		1.32536e+07		-2.88924		0		0		6.64155e+06		182.09			00:00:31:350		6.62992e+06		181.986		138.266		0		0.759793		287.153		
00:00:31:149		1.32615e+07		-2.8756		0		0		6.64477e+06		180.793			00:00:31:149		6.63273e+06		181.328		137.824		0		0.753687		287.201		
00:00:31:050		1.32655e+07		-2.8687		0		0		6.64634e+06		180.356			00:00:31:050		6.6341e+06		181.328		137.824		0		0.753687		287.226		
00:00:30:949		1.32695e+07		-2.86176		0		0		6.6479e+06		179.988			00:00:30:949		6.63547e+06		180.67		137.374		0		0.747578		287.25		
00:00:30:850		1.32736e+07		-2.85477		0		0		6.64943e+06		179.586			00:00:30:850		6.63684e+06		180.67		137.374		0		0.747578		287.275		
00:00:30:750		1.32777e+07		-2.84773		0		0		6.65095e+06		179.267			00:00:30:750		6.6382e+06		180.012		137.374		0		0.747578		287.3		
00:00:30:649		1.32819e+07		-2.84064		0		0		6.65244e+06		178.766			00:00:30:649		6.63957e+06		180.012		136.916		0		0.741464		287.325		
00:00:30:649		1.32819e+07		-2.84064		0		0		6.65244e+06		178.766			00:00:30:649		6.63957e+06		180.012		136.916		0		0.741464		287.325		
00:00:30:550		1.3286e+07		-2.8335		0		0		6.65391e+06		178.209			00:00:30:550		6.64097e+06		180.012		136.916		0		0.741464		287.35		
00:00:30:449		1.32902e+07		-2.8263		0		0		6.65536e+06		177.928			00:00:30:449		6.64231e+06		179.352		136.449		0		0.735346		287.376		
00:00:30:300		1.32966e+07		-2.8154		0		0		6.65748e+06		177.11			00:00:30:300		6.64436e+06		179.352		136.449		0		0.735346		287.413		
00:00:30:100		1.33053e+07		-2.80066		0		0		6.66026e+06		176.61			00:00:30:100		6.64702e+06		178.693		135.974		0		0.729224		287.465		
00:00:30:100		1.33053e+07		-2.80066		0		0		6.66026e+06		176.61			00:00:30:100		6.64702e+06		178.693		135.974		0		0.729224		287.465		
00:00:30:000		1.33097e+07		-2.79321		0		0		6.66163e+06		176.795			00:00:30:000		6.64837e+06		178.032		135.974		0		0.729224		287.49		
00:00:29:899		1.33141e+07		-2.7857		0		0		6.663e+06		176.945			00:00:29:899		6.64971e+06		178.032		135.489		0		0.723098		287.516		
00:00:29:800		1.33186e+07		-2.77813		0		0		6.66435e+06		177.141			00:00:29:800		6.65102e+06		178.032		135.489		0		0.723098		287.542		
00:00:29:699		1.33231e+07		-2.7705		0		0		6.6657e+06		177.337			00:00:29:699		6.65238e+06		177.371		134.995		0		0.716968		287.569		
00:00:29:600		1.33277e+07		-2.76282		0		0		6.66704e+06		177.441			00:00:29:600		6.65369e+06		177.371		134.995		0		0.716968		287.595		
00:00:29:399		1.33369e+07		-2.74726		0		0		6.6697e+06		178.011			00:00:29:399		6.65625e+06		176.709		134.491		0		0.710835		287.648		
00:00:29:399		1.33369e+07		-2.74726		0		0		6.6697e+06		178.011			00:00:29:399		6.65625e+06		176.709		134.491		0		0.710835		287.648		
00:00:29:300		1.33416e+07		-2.73939		0		0		6.67101e+06		178.084			00:00:29:300		6.65758e+06		176.709		134.491		0		0.710835		287.675		
00:00:29:100		1.33511e+07		-2.72347		0		0		6.67359e+06		178.445			00:00:29:100		6.66012e+06		176.047		133.977		0		0.704698		287.729		
00:00:29:100		1.33511e+07		-2.72347		0		0		6.67359e+06		178.445			00:00:29:100		6.66012e+06		176.047		133.977		0		0.704698		287.729		
00:00:29:000		1.33559e+07		-2.71541		0		0		6.67487e+06		178.691			00:00:29:000		6.66136e+06		175.384		133.977		0		0.704698		287.756		
00:00:28:899		1.33607e+07		-2.70729		0		0		6.67615e+06		179.026			00:00:28:899		6.66259e+06		175.384		133.451		0		0.698559		287.783		
00:00:28:800		1.33656e+07		-2.69911		0		0		6.67741e+06		179.127			00:00:28:800		6.66383e+06		175.384		133.451		0		0.698559		287.811		
00:00:28:699		1.33706e+07		-2.69086		0		0		6.67865e+06		179.271			00:00:28:699		6.66506e+06		174.721		132.915		0		0.692418		287.839		
00:00:28:600		1.33756e+07		-2.68255		0		0		6.67989e+06		179.529			00:00:28:600		6.66626e+06		174.721		132.915		0		0.692418		287.866		
00:00:28:500		1.33806e+07		-2.67417		0		0		6.68112e+06		179.612			00:00:28:500		6.66746e+06		174.057		132.915		0		0.692418		287.894		
00:00:28:399		1.33857e+07		-2.66572		0		0		6.68233e+06		179.812			00:00:28:399		6.66867e+06		174.057		132.366		0		0.686273		287.922		
00:00:28:300		1.33908e+07		-2.65721		0		0		6.68354e+06		180.032			00:00:28:300		6.66984e+06		174.057		132.366		0		0.686273		287.951		
00:00:28:100		1.34013e+07		-2.63998		0		0		6.68592e+06		180.375			00:00:28:100		6.67218e+06		173.392		131.806		0		0.680126		288.008		
00:00:28:100		1.34013e+07		-2.63998		0		0		6.68592e+06		180.375			00:00:28:100		6.67218e+06		173.392		131.806		0		0.680126		288.008		
00:00:28:000		1.34066e+07		-2.63125		0		0		6.6871e+06		180.655			00:00:28:000		6.67332e+06		172.728		131.806		0		0.680126		288.036		
00:00:27:899		1.34119e+07		-2.62247		0		0		6.68827e+06		180.853			00:00:27:899		6.67444e+06		172.728		131.234		0		0.673977		288.065		
00:00:27:800		1.34173e+07		-2.61362		0		0		6.68943e+06		181.107			00:00:27:800		6.6756e+06		172.728		131.234		0		0.673977		288.094		
00:00:27:699		1.34227e+07		-2.6047		0		0		6.69059e+06		181.326			00:00:27:699		6.67670e+06		172.062		130.648		0		0.667824		288.124		
00:00:27:550		1.34309e+07		-2.5912		0		0		6.6923e+06		181.763			00:00:27:550		6.67836e+06		172.062		130.648		0		0.667824		288.168		
00:00:27:500		1.34337e+07		-2.58667		0		0		6.69286e+06		181.891			00:00:27:500		6.67889e+06		171.397		130.05		0		0.667824		288.183		
00:00:27:399		1.34393e+07		-2.57755		0		0		6.69398e+06		182.081			00:00:27:399		6.67995e+06		171.397		130.05		0		0.66167		288.213		
00:00:27:149		1.34533e+07		-2.55447		0		0		6.69671e+06		182.352			00:00:27:149		6.68267e+06		170.73		129.439		0		0.655513		288.288		
00:00:27:050		1.3459e+07		-2.54512		0		0		6.69777e+06		182.19			00:00:27:050		6.68375e+06		170.73		129.439		0		0.655513		288.319		
00:00:27:050		1.3459e+07		-2.54512		0		0		6.69777e+06		182.19			00:00:27:050		6.68375e+06		170.73		129.439		0		0.655513		288.319		
00:00:26:949		1.34647e+07		-2.53569		0		0		6.69881e+06		181.948			00:00:26:949		6.68487e+06		170.064		128.814		0		0.649353		288.349		
00:00:26:850		1.34704e+07		-2.5262		0		0		6.69985e+06		182.007			00:00:26:850		6.68594e+06		170.064		128.814		0		0.649353		288.38		
00:00:26:750		1.34762e+07		-2.51664		0		0		6.70092e+06		182.11			00:00:26:750		6.68702e+06		169.396		128.814		0		0.649353		288.411		
00:00:26:649		1.34821e+07		-2.50701		0		0		6.70201e+06		182.353			00:00:26:649		6.68809e+06		169.396		128.175		0		0.643191		288.443		
00:00:26:550		1.3488e+07		-2.49731		0		0		6.7031e+06		182.628			00:00:26:550		6.68914e+06		169.396		128.175		0		0.643191		288.474		
00:00:26:449		1.3494e+07		-2.48754		0		0		6.7042e+06		182.955			00:00:26:449		6.69021e+06		168.729		127.522		0		0.637027		288.506		
00:00:26:350		1.35e+07		-2.4777		0		0		6.70534e+06		183.438			00:00:26:350		6.69126e+06		168.729		127.522		0		0.637027		288.538		
00:00:26:149		1.35122e+07		-2.45779		0		0		6.70751e+06		183.974			00:00:26:149		6.69328e+06		168.061		126.854		0		0.63086		288.603		
00:00:26:050		1.35184e+07		-2.44772		0		0		6.70854e+06		184.419			00:00:26:050		6.69428e+06		168.061		126.854		0		0.63086		288.635		
00:00:26:050		1.35184e+07		-2.44772		0		0		6.70854e+06		184.419			00:00:26:050		6.69428e+06		168.061		126.854		0		0.63086		288.635		
00:00:25:949		1.35246e+07		-2.43759		0		0		6.70961e+06		184.68			00:00:25:949		6.6953e+06		167.392		126.172		0		0.624691		288.668		
00:00:25:850		1.35309e+07		-2.42739		0		0		6.71064e+06		184.907			00:00:25:850		6.69629e+06		167.392		126.172		0		0.624691		288.701		
00:00:25:750		1.35373e+07		-2.41712		0		0		6.71166e+06		185.25			00:00:25:750		6.69727e+06		166.723		126.172		0		0.624691		288.735		
00:00:25:649		1.35437e+07		-2.40679		0		0		6.71268e+06		185.791			00:00:25:649		6.69819e+06		166.723		125.474		0		0.61852		288.768		
00:00:25:649		1.35437e+07		-2.40679		0		0		6.71268e+06		185.791			00:00:25:649		6.69819e+06		166.723		125.474		0		0.61852		288.768		
00:00:25:449		1.35567e+07		-2.3859		0		0		6.71471e+06		186.757			00:00:25:449		6.70006e+06		166.053		124.76		0		0.612347		288.837		
00:00:25:350		1.35633e+07		-2.37535		0		0		6.71573e+06		187.281			00:00:25:350		6.70098e+06		166.053		124.76		0		0.612347		288.871		
00:00:25:250		1.35699e+07		-2.36472		0		0		6.71675e+06		187.898			00:00:25:250		6.70191e+06		165.383		124.76		0		0.612347		288.906		
00:00:25:149		1.35766e+07		-2.35402		0		0		6.71779e+06		188.438			00:00:25:149		6.70284e+06		165.383		124.03		0		0.606171		288.941		
00:00:25:149		1.35766e+07		-2.35402		0		0		6.71779e+06		188.438			00:00:25:149		6.70284e+06		165.383		124.03		0		0.606171		288.941		
00:00:25:050		1.35833e+07		-2.34325		0		0		6.71882e+06		189.037			00:00:25:050		6.70376e+06		165.383		124.03		0		0.606171		288.976		
00:00:24:949		1.35901e+07		-2.33241		0		0		6.71985e+06		189.47			00:00:24:949		6.70469e+06		164.712		123.284		0		0.599994		289.011		
00:00:24:800		1.36004e+07		-2.31603		0		0		6.72133e+06		190.197			00:00:24:800		6.70604e+06		164.712		123.284		0		0.599994		289.065		
00:00:24:699		1.36073e+07		-2.30503		0		0		6.72229e+06		190.748			00:00:24:699		6.70691e+06		164.042		122.522		0		0.593814		289.101		
00:00:24:600		1.36143e+07		-2.29398		0		0		6.72326e+06		191.216			00:00:24:600		6.70778e+06		164.042		122.522		0		0.593814		289.138		
00:00:24:500		1.36213e+07		-2.28289		0		0		6.72423e+06		191.773			00:00:24:500		6.70868e+06		163.37		122.522		0		0.593814		289.175		
00:00:24:399		1.36283e+07		-2.27174		0		0		6.7252e+06		192.379			00:00:24:399		6.70954e+06		163.37		121.748		0		0.587633		289.212		
00:00:24:300		1.36354e+07		-2.26054		0		0		6.72616e+06		193.052			00:00:24:300		6.71038e+06		163.37		121.748		0		0.587633		289.25		
00:00:24:100		1.36497e+07		-2.23801		0		0		6.72809e+06		194.606			00:00:24:100		6.71202e+06		162.698		120.963		0		0.58145		289.326		
00:00:24:100		1.36497e+07		-2.23801		0		0		6.72809e+06		194.606			00:00:24:100		6.71202e+06		162.698		120.963		0		0.58145		289.326		
00:00:23:899		1.36643e+07		-2.2153		0		0		6.73003e+06		196.375			00:00:23:899		6.71362e+06		162.026		120.165		0		0.575265		289.404		
00:00:23:899		1.36643e+07		-2.2153		0		0		6.73003e+06		196.375			00:00:23:899		6.71362e+06		162.026		120.165		0		0.575265		289.404		
00:00:23:800		1.36716e+07		-2.20387		0		0		6.73101e+06		197.283			00:00:23:800		6.71442e+06		162.026		120.165		0		0.575265		289.443		
00:00:23:699		1.3679e+07		-2.19241		0		0		6.73199e+06		198.085			00:00:23:699		6.71524e+06		161.353		119.355		0		0.569078		289.483		
00:00:23:600		1.36865e+07		-2.18093		0		0		6.73297e+06		199.04			00:00:23:600		6.71605e+06		161.353		119.355		0		0.569078		289.523		
00:00:23:500		1.3694e+07		-2.16942		0		0		6.73396e+06		199.94			00:00:23:500		6.71687e+06		160.68		119.355		0		0.569078		289.563		
00:00:23:399		1.37015e+07		-2.15789		0		0		6.73495e+06		200.775			00:00:23:399		6.71768e+06		160.68		118.534		0		0.562889		289.604		
00:00:23:300		1.37091e+07		-2.14635		0		0		6.73594e+06		201.797			00:00:23:300		6.71849e+06		160.68		118.534		0		0.562889		289.645		
00:00:23:100		1.37243e+07		-2.12319		0		0		6.73792e+06		203.561			00:00:23:100		6.72012e+06		160.006		117.7		0		0.556698		289.729		
00:00:23:100		1.37243e+07		-2.12319		0		0		6.73792e+06		203.561			00:00:23:100		6.72012e+06		160.006		117.7		0		0.556698		289.729		
00:00:23:000		1.3732e+07		-2.11158		0		0		6.73891e+06		204.447			00:00:23:000		6.72092e+06		159.332		117.7		0		0.556698		289.771		
00:00:22:899		1.37398e+07		-2.09996		0		0		6.73991e+06		205.43			00:00:22:899		6.72172e+06		159.332		116.854		0		0.550506		289.814		
00:00:22:800		1.37476e+07		-2.08831		0		0		6.74091e+06		206.669			00:00:22:800		6.7225e+06		159.332		116.854		0		0.550506		289.857		
00:00:22:699		1.37555e+07		-2.07664		0		0		6.74193e+06		207.917			00:00:22:699		6.72325e+06		158.657		115.996		0		0.544311		289.901		
00:00:22:600		1.37635e+07		-2.06495		0		0		6.74296e+06		209.038			00:00:22:600		6.72403e+06		158.657		115.996		0		0.544311		289.945		
00:00:22:500		1.37716e+07		-2.05326		0		0		6.74399e+06		210.241			00:00:22:500		6.72484e+06		157.982		115.996		0		0.544311		289.99		
00:00:22:399		1.37838e+07		-2.03575		0		0		6.74555e+06		212.152			00:00:22:399		6.72599e+06		157.982		115.126		0		0.538115		290.059		
00:00:22:250		1.3792e+07		-2.02411		0		0		6.74659e+06		213.259			00:00:22:250		6.7268e+06		157.307		115.126		0		0.538115		290.105		
00:00:22:050		1.38086e+07		-2.00086		0		0		6.74868e+06		215.531			00:00:22:050		6.72842e+06		157.307		114.245		0		0.531917		290.199		
00:00:22:050		1.38086e+07		-2.00086		0		0		6.74868e+06		215.531			00:00:22:050		6.72842e+06		157.307		114.245		0		0.531917		290.199		
00:00:22:000		1.38127e+07		-1.99505		0		0		6.7492e+06		216.021			00:00:22:000		6.7288e+06		156.631		114.245		0		0.531917		290.223		
00:00:21:850		1.38253e+07		-1.97767		0		0		6.75071e+06		217.416			00:00:21:850		6.72999e+06		156.631		113.351		0		0.525717		290.295		
00:00:21:750		1.38337e+07		-1.96611		0		0		6.75171e+06		218.352			00:00:21:750		6.73081e+06		155.955		113.351		0		0.525717		290.344		
00:00:21:649		1.38421e+07		-1.95458		0		0		6.7527e+06		219.374			00:00:21:649		6.73162e+06		155.955		112.446		0		0.519515		290.393		
00:00:21:550		1.38506e+07		-1.94306		0		0		6.75374e+06		220.409			00:00:21:550		6.73248e+06		155.955		112.446		0		0.519515		290.442		
00:00:21:449		1.38591e+07		-1.93157		0		0		6.75482e+06		221.701			00:00:21:449		6.73328e+06		155.278		111.529		0		0.513311		290.492		
00:00:21:350		1.38677e+07		-1.92011		0		0		6.75591e+06		222.818			00:00:21:350		6.73410e+06		155.278		111.529		0		0.513311		290.542		
00:00:21:149		1.38851e+07		-1.89723		0		0		6.75812e+06		225.167			00:00:21:149		6.73584e+06		154.6		110.6		0		0.507105		290.645		
00:00:21:050		1.38939e+07		-1.88582		0		0		6.75923e+06		226.402			00:00:21:050		6.73667e+06		154.6		110.6		0		0.507105		290.697		
00:00:21:050		1.38939e+07		-1.88582		0		0		6.75923e+06		226.402			00:00:21:050		6.73667e+06		154.6		110.6		0		0.507105		290.697		
00:00:20:949		1.39028e+07		-1.87445		0		0		6.76035e+06		227.695			00:00:20:949		6.73753e+06		153.922		109.66		0		0.500898		290.749		
00:00:20:850		1.39117e+07		-1.86307		0		0		6.76147e+06		229.193			00:00:20:850		6.73834e+06		153.922		109.66		0		0.500898		290.802		
00:00:20:750		1.39207e+07		-1.85169		0		0		6.76262e+06		230.734			00:00:20:750		6.73915e+06		153.244		109.66		0		0.500898		290.856		
00:00:20:649		1.39297e+07		-1.8403		0		0		6.7638e+06		232.189			00:00:20:649		6.74e+06		153.244		108.709		0		0.494688		290.911		
00:00:20:550		1.39389e+07		-1.82887		0		0		6.76498e+06		233.742			00:00:20:550		6.74084e+06		153.244		108.709		0		0.494688		290.966		
00:00:20:449		1.39481e+07		-1.81742		0		0		6.76617e+06		235.196			00:00:20:449		6.74168e+06		152.565		107.746		0		0.488476		291.021		
00:00:20:350		1.39575e+07		-1.80592		0		0		6.76736e+06		236.483			00:00:20:350		6.74256e+06		152.565		107.746		0		0.488476		291.077		
00:00:20:149		1.39765e+07		-1.78276		0		0		6.76975e+06		239.228			00:00:20:149		6.74434e+06		151.886		106.772		0		0.482262		291.19		
00:00:20:050		1.39863e+07		-1.77108		0		0		6.77095e+06		240.65			00:00:20:050		6.74518e+06		151.886		106.772		0		0.482262		291.248		
00:00:20:050		1.39863e+07		-1.77108		0		0		6.77095e+06		240.65			00:00:20:050		6.74518e+06		151.886		106.772		0		0.482262		291.248		
00:00:20:050		1.39863e+07		-1.77108		0		0		6.77095e+06		240.65			00:00:20:050		6.74518e+06		151.886		106.772		0		0.482262		291.248		
00:00:19:949		1.39962e+07		-1.75932		0		0		6.77215e+06		241.965			00:00:19:949		6.7461e+06		151.207		105.783		0		0.476046		291.306		
00:00:19:850		1.40063e+07		-1.74747		0		0		6.77337e+06		243.37			00:00:19:850		6.747e+06		151.207		105.783		0		0.476046		291.365		
00:00:19:699		1.40219e+07		-1.72954		0		0		6.77523e+06		246.47			00:00:19:699		6.7482e+06		150.527		104.779		0		0.469829		291.454		
00:00:19:550		1.40382e+07		-1.7115		0		0		6.77714e+06		249.684			00:00:19:550		6.74932e+06		150.527		104.779		0		0.469829		291.545		
00:00:19:449		1.40492e+07		-1.6994		0		0		6.77843e+06		251.859			00:00:19:449		6.75009e+06		149.847		103.759		0		0.463609		291.606		
00:00:19:449		1.40492e+07		-1.6994		0		0		6.77843e+06		251.859			00:00:19:449		6.75009e+06		149.847		103.759		0		0.463609		291.606		
00:00:19:199		1.40767e+07		-1.66868		0		0		6.78178e+06		257.241			00:00:19:199		6.75213e+06		149.166		102.724		0		0.457387		291.763		
00:00:19:100		1.40875e+07		-1.65622		0		0		6.78316e+06		259.458			00:00:19:100		6.75294e+06		149.166		102.724		0		0.457387		291.827		
00:00:19:100		1.40875e+07		-1.65622		0		0		6.78316e+06		259.458			00:00:19:100		6.75294e+06		149.166		102.724		0		0.457387		291.827		
00:00:19:000		1.40981e+07		-1.64369		0		0		6.78457e+06		261.686			00:00:19:000		6.75382e+06		148.485		102.724		0		0.457387		291.892		
00:00:18:899		1.41089e+07		-1.63109		0		0		6.786e+06		263.955			00:00:18:899		6.75468e+06		148.485		101.674		0		0.451164		291.957		
00:00:18:800		1.41199e+07		-1.61841		0		0		6.78745e+06		266.064			00:00:18:800		6.7556e+06		148.485		101.674		0		0.451164		292.023		
00:00:18:699		1.41308e+07		-1.6056		0		0		6.78892e+06		268.165			00:00:18:699		6.75653e+06		147.803		100.61		0		0.444938		292.09		
00:00:18:600		1.41414e+07		-1.59261		0		0		6.79041e+06		270.419			00:00:18:600		6.75748e+06		147.803		100.61		0		0.444938		292.157		
00:00:18:500		1.41514e+07		-1.57946		0		0		6.79193e+06		272.755			00:00:18:500		6.75841e+06		147.12		100.61		0		0.444938		292.225		
00:00:18:300		1.41706e+07		-1.55297		0		0		6.79506e+06		277.238			00:00:18:300		6.76034e+06		147.12		99.5334		0		0.438709		292.364		
00:00:18:300		1.41706e+07		-1.55297		0		0		6.79506e+06		277.238			00:00:18:300		6.76034e+06		147.12		99.5334		0		0.438709		292.364		
00:00:18:100		1.41898e+07		-1.52626		0		0		6.79828e+06		281.667			00:00:18:100		6.76242e+06		146.437		98.4456		0		0.432478		292.507		
00:00:18:100		1.41898e+07		-1.52626		0		0		6.79828e+06		281.667			00:00:18:100		6.76242e+06		146.437		98.4456		0		0.432478		292.507		
00:00:18:000		1.41994e+07		-1.51283		0		0		6.79993e+06		283.885			00:00:18:000		6.76348e+06		145.754		98.4456		0		0.432478		292.579		
00:00:17:899		1.42089e+07		-1.49933		0		0		6.80161e+06		286.229			00:00:17:899		6.76453e+06		145.754		97.3464		0		0.426245		292.652		
00:00:17:800		1.42185e+07		-1.48578		0		0		6.80331e+06		288.627			00:00:17:800		6.76562e+06		145.754		97.3464		0		0.426245		292.727		
00:00:17:699		1.42281e+07		-1.47218		0		0		6.80504e+06		290.987			00:00:17:699		6.76671e+06		145.069		96.2361		0		0.420009		292.802		
00:00:17:600		1.42378e+07		-1.45853		0		0		6.80681e+06		293.312			00:00:17:600		6.76782e+06		145.069		96.2361		0		0.420009		292.878		
00:00:17:500		1.42474e+07		-1.44483		0		0		6.80861e+06		295.612			00:00:17:500		6.76893e+06		144.384		96.2361		0		0.420009		292.954		
00:00:17:399		1.4257e+07		-1.43108		0		0		6.81045e+06		297.972			00:00:17:399		6.77015e+06		144.384		95.1151		0		0.41377		293.03		
00:00:17:300		1.42666e+07		-1.41729		0		0		6.81223e+06		299.75			00:00:17:300		6.77131e+06		144.384		95.1151		0		0.41377		293.107		
00:00:17:100		1.42858e+07		-1.38955		0		0		6.81535e+06		302.752			00:00:17:100		6.77365e+06		143.698		93.9837		0		0.407528		293.265		
00:00:17:100		1.42858e+07		-1.38955		0		0		6.81535e+06		302.752			00:00:17:100		6.77365e+06		143.698		93.9837		0		0.407528		293.265		
00:00:17:000		1.42954e+07		-1.37561		0		0		6.81706e+06		304.866			00:00:17:000		6.77486e+06		143.011		93.9837		0		0.407528		293.345		
00:00:16:899		1.4305e+07		-1.36163		0		0		6.81891e+06		307.017			00:00:16:899		6.77612e+06		143.011		92.8427		0		0.401283		293.425		
00:00:16:800		1.43146e+07		-1.34759		0		0		6.8208e+06		309.178			00:00:16:800		6.77740e+06		143.011		92.8427		0		0.401283		293.507		
00:00:16:699		1.43241e+07		-1.33349		0		0		6.82272e+06		311.222			00:00:16:699		6.77872e+06		142.323		91.6927		0		0.395035		293.59		
00:00:16:550		1.43384e+07		-1.31225		0		0		6.82562e+06		314.396			00:00:16:550		6.78072e+06		142.323		91.6927		0		0.395035		293.715		
00:00:16:500		1.43432e+07		-1.30515		0		0		6.82659e+06		315.399			00:00:16:500		6.7814e+06		141.634		91.6927		0		0.395035		293.757		
00:00:16:399		1.43526e+07		-1.2909		0		0		6.8285e+06		317.326			00:00:16:399		6.7827e+06		141.634		90.5345		0		0.388783		293.841		
00:00:16:250		1.43668e+07		-1.26941		0		0		6.83133e+06		320.443			00:00:16:250		6.78466e+06		140.945		90.5345		0		0.388783		293.968		
00:00:16:050		1.43855e+07		-1.24055		0		0		6.83511e+06		325.046			00:00:16:050		6.7871e+06		140.945		89.3691		0		0.382529		294.139		
00:00:16:050		1.43855e+07		-1.24055		0		0		6.83511e+06		325.046			00:00:16:050		6.7871e+06		140.945		89.3691		0		0.382529		294.139		
00:00:15:949		1.43948e+07		-1.22604		0		0		6.83701e+06		327.002			00:00:15:949		6.78835e+06		140.255		88.1971		0		0.376272		294.224		
00:00:15:849		1.4404e+07		-1.21147		0		0		6.83892e+06		328.521			00:00:15:849		6.78977e+06		140.255		88.1971		0		0.376272		294.31		
00:00:15:800		1.44086e+07		-1.20415		0		0		6.83989e+06		329.229			00:00:15:800		6.79053e+06		140.255		88.1971		0		0.376272		294.353		
00:00:15:650		1.44222e+07		-1.18212		0.199287		0		6.84274e+06		331.466			00:00:15:650		6.79276e+06		139.565		87.0195		0		0.370011		294.481		
00:00:15:550		1.44311e+07		-1.16733		0.331378		0		6.84465e+06		332.696			00:00:15:550		6.79425e+06		139.565		87.0195		0		0.370011		294.566		
00:00:15:449		1.44398e+07		-1.15248		0.461949		0		6.84653e+06		334.064			00:00:15:449		6.79573e+06		138.873		85.8366		0		0.363746		294.65		
00:00:15:349		1.44482e+07		-1.13754		0.59026		0		6.8484e+06		335.647			00:00:15:349		6.79719e+06		138.873		85.8366		0		0.363746		294.735		
00:00:15:250		1.44562e+07		-1.12255		0.715574		0		6.85034e+06		337.285			00:00:15:250		6.7986e+06		138.181		85.8366		0		0.363746		294.819		
00:00:15:050		1.44722e+07		-1.09264		0.954879		0		6.85426e+06		340.888			00:00:15:050		6.8015e+06		138.181		84.6493		0		0.357478		294.986		
00:00:15:050		1.44722e+07		-1.09264		0.954879		0		6.85426e+06		340.888			00:00:15:050		6.8015e+06		138.181		84.6493		0		0.357478		294.986		
00:00:14:949		1.44804e+07		-1.07774		1.0679		0		6.85622e+06		342.607			00:00:14:949		6.80294e+06		137.488		83.459		0		0.351207		295.069		
00:00:14:849		1.44889e+07		-1.06291		1.17579		0		6.85818e+06		344.183			00:00:14:849		6.80436e+06		137.488		83.459		0		0.351207		295.152		
00:00:14:750		1.44979e+07		-1.04813		1.27836		0		6.86013e+06		345.829			00:00:14:750		6.80581e+06		136.794		83.459		0		0.351207		295.236		
00:00:14:650		1.45073e+07		-1.03333		1.37558		0		6.8621e+06		347.571			00:00:14:650		6.80724e+06		136.794		82.267		0		0.344932		295.319		
00:00:14:550		1.45164e+07		-1.01839		1.46711		0		6.86406e+06		349.256			00:00:14:550		6.80873e+06		136.794		82.267		0		0.344932		295.403		
00:00:14:449		1.45253e+07		-1.00339		1.55319		0		6.86603e+06		351.026			00:00:14:449		6.81013e+06		136.099		81.0742		0		0.338654		295.487		
00:00:14:349		1.45338e+07		-0.988291		1.63352		0		6.86801e+06		352.541			00:00:14:349		6.8116e+06		136.099		81.0742		0		0.338654		295.571		
00:00:14:250		1.45416e+07		-0.973073		1.70793		0		6.86998e+06		354.207			00:00:14:250		6.81307e+06		135.403		81.0742		0		0.338654		295.656		
00:00:14:150		1.45485e+07		-0.957872		1.77602		0		6.87194e+06		355.488			00:00:14:150		6.81458e+06		135.403		79.8824		0		0.332372		295.742		
00:00:14:150		1.45485e+07		-0.957872		1.77602		0		6.87194e+06		355.488			00:00:14:150		6.81458e+06		135.403		79.8824		0		0.332372		295.742		
00:00:14:050		1.45557e+07		-0.942795		1.84023		0		6.87389e+06		357.02			00:00:14:050		6.81607e+06		135.403		79.8824		0		0.332372		295.828		
00:00:13:949		1.45632e+07		-0.92786		1.90027		0		6.87583e+06		358.629			00:00:13:949		6.81755e+06		134.707		78.6933		0		0.326087		295.915		
00:00:13:800		1.45756e+07		-0.905761		1.98993		0		6.8788e+06		360.93			00:00:13:800		6.81976e+06		134.707		78.6933		0		0.326087		296.046		
00:00:13:699		1.45846e+07		-0.89121		2.05134		0		6.88083e+06		362.368			00:00:13:699		6.82136e+06		134.009		77.5085		0		0.319798		296.134		
00:00:13:650		1.45895e+07		-0.883963		2.08246		0		6.88185e+06		361.775			00:00:13:650		6.82215e+06		134.009		77.5085		0		0.319798		296.179		
00:00:13:500		1.46041e+07		-0.862219		2.17475		0		6.88492e+06		365.399			00:00:13:500		6.82452e+06		133.311		77.5085		0		0.319798		296.314		
00:00:13:400		1.46138e+07		-0.847722		2.2247		0		6.88698e+06		366.727			00:00:13:400		6.82614e+06		133.311		76.3297		0		0.313505		296.405		
00:00:13:300		1.46235e+07		-0.833218		2.27489		0		6.88906e+06		368.135			00:00:13:300		6.82779e+06		133.311		76.3297		0		0.313505		296.498		
00:00:13:099		1.46429e+07		-0.804208		2.35593		0		6.89332e+06		371.228			00:00:13:099		6.83111e+06		132.612		75.1589		0		0.307209		296.685		
00:00:13:099		1.46429e+07		-0.804208		2.35593		0		6.89332e+06		371.228			00:00:13:099		6.83111e+06		132.612		75.1589		0		0.307209		296.685		
00:00:13:000		1.46527e+07		-0.789709		2.39389		0		6.89551e+06		372.869			00:00:13:000		6.83279e+06		131.912		75.1589		0		0.307209		296.781		
00:00:12:900		1.46624e+07		-0.775219		2.42815		0		6.89774e+06		374.412			00:00:12:900		6.83452e+06		131.912		73.9987		0		0.300908		296.88		
00:00:12:800		1.46721e+07		-0.76074		2.46042		0		6.89996e+06		376.006			00:00:12:800		6.83621e+06		131.912		73.9987		0		0.300908		296.979		
00:00:12:699		1.46818e+07		-0.746274		2.4906		0		6.90217e+06		377.126			00:00:12:699		6.83799e+06		131.21		72.8515		0		0.294603		297.08		
00:00:12:599		1.46914e+07		-0.731822		2.51916		0		6.90434e+06		378.299			00:00:12:599		6.83981e+06		131.21		72.8515		0		0.294603		297.182		
00:00:12:500		1.47011e+07		-0.717387		2.54645		0		6.9065e+06		379.528			00:00:12:500		6.84159e+06		130.508		72.8515		0		0.294603		297.285		
00:00:12:300		1.47203e+07		-0.688581		2.59642		0		6.91077e+06		381.944			00:00:12:300		6.84501e+06		130.508		71.72		0		0.288295		297.496		
00:00:12:300		1.47203e+07		-0.688581		2.59642		0		6.91077e+06		381.944			00:00:12:300		6.84501e+06		130.508		71.72		0		0.288295		297.496		
00:00:12:099		1.47396e+07		-0.659898		2.6407		0		6.91495e+06		384.384			00:00:12:099		6.84841e+06		129.805		70.6069		0		0.281982		297.707		
00:00:12:099		1.47396e+07		-0.659898		2.6407		0		6.91495e+06		384.384			00:00:12:099		6.84841e+06		129.805		70.6069		0		0.281982		297.707		
00:00:12:000		1.47491e+07		-0.645605		2.66151		0		6.91701e+06		385.645			00:00:12:000		6.85004e+06		129.101		70.6069		0		0.281982		297.816		
00:00:11:900		1.47587e+07		-0.631349		2.68164		0		6.91905e+06		387.105			00:00:11:900		6.85163e+06		129.101		69.5147		0		0.275667		297.926		
00:00:11:800		1.47683e+07		-0.617134		2.69992		0		6.92107e+06		388.441			00:00:11:800		6.85315e+06		129.101		69.5147		0		0.275667		298.037		
00:00:11:699		1.47778e+07		-0.602961		2.71776		0		6.92306e+06		389.668			00:00:11:699		6.85471e+06		128.396		68.4454		0		0.269347		298.15		
00:00:11:500		1.47968e+07		-0.574777		2.75009		0		6.92693e+06		392.254			00:00:11:500		6.8577e+06		127.69		68.4454		0		0.269347		298.381		
00:00:11:500		1.47968e+07		-0.574777		2.75009		0		6.92693e+06		392.254			00:00:11:500		6.8577e+06		127.69		68.4454		0		0.269347		298.381		
00:00:11:400		1.48063e+07		-0.560765		2.76487		0		6.9288e+06		393.67			00:00:11:400		6.8591e+06		127.69		67.4005		0		0.263025		298.5		
00:00:11:300		1.48158e+07		-0.546813		2.779		0		6.93063e+06		394.931			00:00:11:300		6.86046e+06		127.69		67.4005		0		0.263025		298.62		
00:00:11:199		1.48252e+07		-0.532917		2.7925		0		6.93241e+06		396.33			00:00:11:199		6.86175e+06		126.982		66.3797		0		0.2567		298.742		
00:00:11:099		1.48347e+07		-0.519091		2.80499		0		6.93414e+06		397.544			00:00:11:099		6.86305e+06		126.982		66.3797		0		0.2567		298.865		
00:00:11:000		1.48441e+07		-0.505339		2.81721		0		6.93582e+06		398.837			00:00:11:000		6.86428e+06		126.274		66.3797		0		0.2567		298.99		
00:00:10:849		1.48582e+07		-0.484854		2.83415		0		6.93825e+06		400.714			00:00:10:849		6.86603e+06		126.274		65.3793		0		0.250372		299.182		
00:00:10:750		1.48676e+07		-0.471297		2.84482		0		6.9398e+06		401.981			00:00:10:750		6.8671e+06		125.565		65.3793		0		0.250372		299.312		
00:00:10:650		1.4877e+07		-0.457821		2.85554		0		6.94131e+06		403.289			00:00:10:650		6.86817e+06		125.565		64.3867		0		0.244042		299.443		
00:00:10:550		1.48864e+07		-0.444437		2.86414		0		6.94276e+06		404.63			00:00:10:550		6.86912e+06		125.565		64.3867		0		0.244042		299.575		
00:00:10:449		1.48958e+07		-0.43114		2.87365		0		6.94416e+06		405.898			00:00:10:449		6.87003e+06		124.855		63.4001		0		0.237711		299.71		
00:00:10:349		1.49052e+07		-0.417937		2.88127		0		6.94549e+06		407.123			00:00:10:349		6.87090e+06		124.855		63.4001		0		0.237711		299.846		
00:00:10:250		1.49146e+07		-0.404824		2.88958		0		6.94676e+06		408.403			00:00:10:250		6.87171e+06		124.144		63.4001		0		0.237711		299.985		
00:00:10:150		1.4924e+07		-0.39181		2.89621		0		6.94796e+06		409.637			00:00:10:150		6.87242e+06		124.144		62.4196		0		0.231378		300.126		
00:00:10:050		1.49334e+07		-0.378898		2.90273		0		6.94909e+06		410.866			00:00:10:050		6.87309e+06		124.144		62.4196		0		0.231378		300.269		
00:00:09:949		1.49427e+07		-0.366088		2.90927		0		6.95015e+06		411.952			00:00:09:949		6.87372e+06		123.432		61.4454		0		0.225044		300.414		
00:00:09:900		1.49474e+07		-0.359723		2.91245		0		6.95065e+06		412.465			00:00:09:900		6.87402e+06		123.432		61.4454		0		0.225044		300.487		
00:00:09:750		1.49615e+07		-0.340824		2.92181		0		6.95201e+06		413.301			00:00:09:750		6.87496e+06		122.72		61.4454		0		0.225044		300.71		
00:00:09:650		1.49709e+07		-0.328364		2.92458		0		6.9528e+06		413.565			00:00:09:650		6.87564e+06		122.72		60.4778		0		0.218708		300.858		
00:00:09:550		1.49803e+07		-0.316015		2.93161		0		6.95348e+06		413.769			00:00:09:550		6.87621e+06		122.72		60.4778		0		0.218708		301.009		
00:00:09:449		1.49897e+07		-0.30376		2.93391		0		6.95407e+06		413.932			00:00:09:449		6.8767e+06		122.007		59.5168		0		0.212372		301.162		
00:00:09:349		1.49992e+07		-0.291615		2.93958		0		6.95455e+06		414.128			00:00:09:349		6.8771e+06		122.007		59.5168		0		0.212372		301.318		
00:00:09:250		1.50088e+07		-0.27959		2.94064		0		6.95493e+06		414.253			00:00:09:250		6.8774e+06		121.293		59.5168		0		0.212372		301.477		
00:00:09:150		1.50183e+07		-0.26769		2.94359		0		6.95521e+06		414.409			00:00:09:150		6.8776e+06		121.293		58.5626		0		0.206037		301.638		
00:00:09:050		1.50279e+07		-0.255899		2.94603		0		6.95539e+06		414.554			00:00:09:050		6.87769e+06		121.293		58.5626		0		0.206037		301.801		
00:00:08:949		1.50376e+07		-0.244216		2.94756		0		6.95547e+06		414.682			00:00:08:949		6.87771e+06		120.579		57.6154		0		0.199701		301.967		
00:00:08:849		1.50473e+07		-0.232635		2.94874		0		6.95547e+06		414.843			00:00:08:849		6.87763e+06		120.579		57.6154		0		0.199701		302.136		
00:00:08:750		1.50571e+07		-0.221143		2.94844		0		6.95541e+06		415.174			00:00:08:750		6.87748e+06		119.865		57.6154		0		0.199701		302.306		
00:00:08:650		1.50669e+07		-0.209734		2.94832		0		6.95535e+06		415.745			00:00:08:650		6.87727e+06		119.865		56.6754		0		0.193367		302.478		
00:00:08:550		1.50767e+07		-0.198413		2.94769		0		6.95533e+06		416.498			00:00:08:550		6.87698e+06		119.865		56.6754		0		0.193367		302.653		
00:00:08:449		1.50866e+07		-0.187145		2.946		0		6.95527e+06		417.207			00:00:08:449		6.87662e+06		119.151		55.7429		0		0.187034		302.83		
00:00:08:449		1.50866e+07		-0.187145		2.946		0		6.95527e+06		417.207			00:00:08:449		6.87662e+06		119.151		55.7429		0		0.187034		302.83		
00:00:08:349		1.50962e+07		-0.17587		2.94467		0		6.9551e+06		417.717			00:00:08:349		6.87619e+06		119.151		55.7429		0		0.187034		303.009		
00:00:08:150		1.51136e+07		-0.153512		2.94071		0		6.95438e+06		418.131			00:00:08:150		6.87516e+06		118.437		54.818		0		0.180702		303.374		
00:00:08:000		1.51263e+07		-0.137064		2.93501		0		6.95347e+06		418.14			00:00:08:000		6.87417e+06		117.724		54.818		0		0.180702		303.651		
00:00:08:000		1.51263e+07		-0.137064		2.93501		0		6.95347e+06		418.14			00:00:08:000		6.87417e+06		117.724		54.818		0		0.180702		303.651		
00:00:07:900		1.51348e+07		-0.126267		2.93115		0		6.9527e+06		418.158			00:00:07:900		6.87335e+06		117.724		53.9011		0		0.174373		303.839		
00:00:07:799		1.51433e+07		-0.115627		2.92657		0		6.9518e+06		418.223			00:00:07:799		6.87238e+06		117.724		53.9011		0		0.174373		304.029		
00:00:07:700		1.5152e+07		-0.10515		2.92227		0		6.95079e+06		418.291			00:00:07:700		6.87128e+06		117.011		52.9926		0		0.168048		304.221		
00:00:07:599		1.51608e+07		-0.0948534		2.91515		0		6.94966e+06		418.42			00:00:07:599		6.87006e+06		117.011		52.9926		0		0.168048		304.416		
00:00:07:500		1.51696e+07		-0.0846987		2.9093		0		6.94841e+06		418.455			00:00:07:500		6.86876e+06		116.299		52.9926		0		0.168048		304.613		
00:00:07:400		1.51786e+07		-0.0746675		2.90055		0		6.94706e+06		418.563			00:00:07:400		6.86732e+06		116.299		52.0929		0		0.161726		304.812		
00:00:07:299		1.51876e+07		-0.0647516		2.89311		0		6.9456e+06		418.631			00:00:07:299		6.86577e+06		116.299		52.0929		0		0.161726		305.012		
00:00:07:099		1.52054e+07		-0.0452981		2.878		0		6.94238e+06		418.799			00:00:07:099		6.86242e+06		115.588		51.2023		0		0.155408		305.417		
00:00:07:099		1.52054e+07		-0.0452981		2.878		0		6.94238e+06		418.799			00:00:07:099		6.86242e+06		115.588		51.2023		0		0.155408		305.417		
00:00:07:000		1.52143e+07		-0.0357661		2.86838		0		6.94062e+06		418.862			00:00:07:000		6.86053e+06		114.879		51.2023		0		0.155408		305.621		
00:00:06:900		1.52231e+07		-0.0263638		2.85629		7.70277		6.93875e+06		418.83			00:00:06:900		6.85862e+06		114.879		50.3211		0		0.149096		305.824		
00:00:06:799		1.52319e+07		-0.0171013		2.84466		20.2645		6.93677e+06		418.719			00:00:06:799		6.85665e+06		114.879		50.3211		0		0.149096		306.029		
00:00:06:700		1.52407e+07		-0.00798464		2.83657		31.001		6.93466e+06		418.721			00:00:06:700		6.85448e+06		114.172		49.4499		0		0.142789		306.235		
00:00:06:599		1.52495e+07		0.000979424		2.82806		39.5256		6.93243e+06		418.57			00:00:06:599		6.85222e+06		114.172		49.4499		0		0.142789		306.441		
00:00:06:500		1.52581e+07		0.00978088		2.81523		48.9137		6.93008e+06		418.359			00:00:06:500		6.84985e+06		113.467		49.4499		0		0.142789		306.649		
00:00:06:400		1.52668e+07		0.0184197		2.79579		57.7993		6.92758e+06		418.122			00:00:06:400		6.84735e+06		113.467		48.5897		0		0.136489		306.857		
00:00:06:299		1.52753e+07		0.0268965		2.77741		66.3034		6.92491e+06		417.585			00:00:06:299		6.84475e+06		113.467		48.5897		0		0.136489		307.064		
00:00:06:200		1.52838e+07		0.0352044		2.7713		74.6876		6.92203e+06		416.697			00:00:06:200		6.84207e+06		112.766		47.7422		0		0.130196		307.271		
00:00:06:099		1.52924e+07		0.0433502		2.76978		82.7263		6.91889e+06		414.984			00:00:06:099		6.83932e+06		112.766		47.7422		0		0.130196		307.476		
00:00:06:000		1.53011e+07		0.0513139		2.75654		90.3932		6.91543e+06		411.943			00:00:06:000		6.8367e+06		112.068		47.7422		0		0.130196		307.679		
00:00:05:900		1.531e+07		0.0590405		2.7266		98.004		6.91158e+06		406.179			00:00:05:900		6.83462e+06		112.068		46.9109		0		0.123907		307.878		
00:00:05:799		1.53188e+07		0.0664444		2.69529		105.741		6.9073e+06		395.275			00:00:05:799		6.83362e+06		112.068		46.9109		0		0.123907		308.073		
00:00:05:700		1.53272e+07		0.0734396		2.68971		113.336		6.90261e+06		384.351			00:00:05:700		6.83265e+06		111.375		46.1027		0		0.117622		308.262		
00:00:05:599		1.53348e+07		0.0800085		2.71309		120.674		6.89749e+06		373.347			00:00:05:599		6.83116e+06		111.375		46.1027		0		0.117622		308.443		
00:00:05:450		1.53448e+07		0.0894146		2.6899		132.185		6.88907e+06		356.7			00:00:05:450		6.82817e+06		110.686		45.3198		0		0.111344		308.7		
00:00:05:349		1.53515e+07		0.0957088		2.60763		140.982		6.88301e+06		345.224			00:00:05:349		6.82565e+06		110.686		45.3198		0		0.111344		308.859		
00:00:05:250		1.53591e+07		0.1017		2.55876		151.896		6.87672e+06		334.059			00:00:05:250		6.82288e+06		110.004		45.3198		0		0.111344		309.009		
00:00:05:150		1.53672e+07		0.107431		2.63728		168.453		6.87037e+06		323.815			00:00:05:150		6.8199e+06		110.004		44.5633		0		0.105074		309.146		
00:00:05:049		1.53753e+07		0.112869		2.75254		197.979		6.86418e+06		314.338			00:00:05:049		6.81669e+06		110.004		44.5633		0		0.105074		309.269		
00:00:04:950		1.53831e+07		0.118008		2.79227		244.165		6.85838e+06		308.694			00:00:04:950		6.81319e+06		109.328		43.8344		0		0.0988165		309.378		
00:00:04:849		1.53908e+07		0.122837		2.8244		294.27		6.85343e+06		313.737			00:00:04:849		6.80809e+06		109.328		43.8344		0		0.0988165		309.473		
00:00:04:750		1.53983e+07		0.127335		2.85103		341.198		6.84998e+06		343.6			00:00:04:750		6.79836e+06		108.66		43.8344		0		0.0988165		309.552		
00:00:04:650		1.54056e+07		0.131482		2.86645		382.725		6.84849e+06		420.792			00:00:04:650		6.77649e+06		108.66		43.1338		0		0.0926385		309.617		
00:00:04:549		1.54124e+07		0.135245		2.87627		418.245		6.84902e+06		552.47			00:00:04:549		6.73371e+06		108.66		43.1338		0		0.0926385		309.668		
00:00:04:450		1.54188e+07		0.138604		2.88211		447.812		6.85062e+06		592.4			00:00:04:450		6.69652e+06		108.002		42.4613		0		0.0865067		309.708		
00:00:04:349		1.54244e+07		0.14155		2.88542		471.866		6.853e+06		643.004			00:00:04:349		6.67276e+06		108.002		42.4613		0		0.0865067		309.739		
00:00:04:250		1.54293e+07		0.144096		2.88401		491.034		6.85584e+06		673.311			00:00:04:250		6.65427e+06		107.352		42.4613		0		0.0865067		309.762		
00:00:04:150		1.54333e+07		0.14629		2.87816		505.806		6.85873e+06		682.066			00:00:04:150		6.64482e+06		107.352		41.8173		0		0.0803784		309.78		
00:00:04:049		1.54366e+07		0.1482		2.87549		516.074		6.86152e+06		676.074			00:00:04:049		6.65155e+06		107.352		41.8173		0		0.0803784		309.794		
00:00:03:950		1.54392e+07		0.149898		2.86838		520.843		6.86425e+06		671.828			00:00:03:950		6.65744e+06		106.713		41.2023		0		0.0742404		309.805		
00:00:03:850		1.54413e+07		0.151466		2.86159		521.355		6.86696e+06		670.358			00:00:03:850		6.66187e+06		106.713		41.2023		0		0.0742404		309.813		
00:00:03:750		1.54432e+07		0.152967		2.85684		521.303		6.8697e+06		670.643			00:00:03:750		6.6645e+06		106.084		41.2023		0		0.0742404		309.819		
00:00:03:649		1.54451e+07		0.154428		2.85712		521.249		6.87247e+06		670.98			00:00:03:649		6.66709e+06		106.084		40.6169		0		0.0680962		309.823		
00:00:03:649		1.54451e+07		0.154428		2.85712		521.249		6.87247e+06		670.98			00:00:03:649		6.66709e+06		106.084		40.6169		0		0.0680962		309.823		
00:00:03:549		1.5447e+07		0.155845		2.85736		521.193		6.87527e+06		671.264			00:00:03:549		6.66973e+06		106.084		40.6169		0		0.0680962		309.826		
00:00:03:350		1.54506e+07		0.158534		2.85731		521.078		6.88095e+06		671.891			00:00:03:350		6.67514e+06		105.468		40.0615		0		0.0619455		309.832		
00:00:03:350		1.54506e+07		0.158534		2.85731		521.078		6.88095e+06		671.891			00:00:03:350		6.67514e+06		105.468		40.0615		0		0.0619455		309.832		
00:00:03:149		1.54541e+07		0.161015		2.85657		520.953		6.88676e+06		672.505			00:00:03:149		6.68066e+06		104.867		39.5363		0		0.0557881		309.837		
00:00:03:049		1.54557e+07		0.162178		2.8558		520.884		6.88971e+06		671.589			00:00:03:049		6.68343e+06		104.867		39.5363		0		0.0557881		309.839		
00:00:03:049		1.54557e+07		0.162178		2.8558		520.884		6.88971e+06		671.589			00:00:03:049		6.68343e+06		104.867		39.5363		0		0.0557881		309.839		
00:00:02:950		1.54573e+07		0.163294		2.8548		520.814		6.8927e+06		673.011			00:00:02:950		6.68634e+06		104.283		39.0416		0		0.0496239		309.841		
00:00:02:799		1.54597e+07		0.164891		2.85277		520.706		6.89725e+06		673.791			00:00:02:799		6.69054e+06		104.283		39.0416		0		0.0496239		309.843		
00:00:02:700		1.54613e+07		0.165909		2.85116		520.644		6.90033e+06		674.223			00:00:02:700		6.6934e+06		103.719		38.5774		0		0.0434525		309.844		
00:00:02:600		1.5463e+07		0.166891		2.84946		520.592		6.90346e+06		674.607			00:00:02:600		6.69634e+06		103.719		38.5774		0		0.0434525		309.844		
00:00:02:500		1.54648e+07		0.167832		2.84773		520.56		6.90662e+06		675.083			00:00:02:500		6.69928e+06		103.176		38.5774		0		0.0434525		309.844		
00:00:02:299		1.54685e+07		0.169557		2.84481		520.603		6.91307e+06		676.155			00:00:02:299		6.7052e+06		103.176		38.144		0		0.0372738		309.843		
00:00:02:299		1.54685e+07		0.169557		2.84481		520.603		6.91307e+06		676.155			00:00:02:299		6.7052e+06		103.176		38.144		0		0.0372738		309.843		
00:00:02:100		1.54722e+07		0.170974		2.84324		520.884		6.91968e+06		677.298			00:00:02:100		6.71118e+06		102.659		37.7412		0		0.0310875		309.842		
00:00:02:000		1.54738e+07		0.17153		2.8427		521.163		6.923e+06		677.824			00:00:02:000		6.71419e+06		102.171		37.7412		0		0.0310875		309.842		
00:00:02:000		1.54738e+07		0.17153		2.8427		521.163		6.923e+06		677.824			00:00:02:000		6.71419e+06		102.171		37.7412		0		0.0310875		309.842		
00:00:01:899		1.54752e+07		0.171975		2.84231		521.567		6.92628e+06		678.072			00:00:01:899		6.71727e+06		102.171		37.37		0		0.0248933		309.842		
00:00:01:699		1.54773e+07		0.172545		2.84111		522.824		6.93246e+06		677.146			00:00:01:699		6.7239e+06		101.717		37.036		0		0.0186897		309.843		
00:00:01:699		1.54773e+07		0.172545		2.84111		522.824		6.93246e+06		677.146			00:00:01:699		6.7239e+06		101.717		37.036		0		0.0186897		309.843		
00:00:01:600		1.54779e+07		0.172697		2.84041		523.748		6.93564e+06		677.167			00:00:01:600		6.72757e+06		101.717		37.036		0		0.0186897		309.843		
00:00:01:500		1.54783e+07		0.172784		2.83953		524.878		6.93944e+06		677.249			00:00:01:500		6.73144e+06		101.301		37.036		0		0.0186897		309.844		
00:00:01:399		1.54785e+07		0.172827		2.83853		526.147		6.94333e+06		677.113			00:00:01:399		6.73544e+06		101.301		36.7413		0		0.0124755		309.845		
00:00:01:300		1.54786e+07		0.172844		2.83754		527.449		6.94726e+06		676.502			00:00:01:300		6.73975e+06		101.301		36.7413		0		0.0124755		309.845		
00:00:01:199		1.54786e+07		0.172846		2.83656		528.659		6.95115e+06		675.156			00:00:01:199		6.74438e+06		100.931		36.4952		0		0.00624804		309.846		
00:00:01:100		1.54786e+07		0.172843		2.83595		529.61		6.95488e+06		672.403			00:00:01:100		6.74957e+06		100.931		36.4952		0		0.00624804		309.846		
00:00:01:000		1.54786e+07		0.17284		2.83568		530.103		6.95829e+06		667.365			00:00:01:000		6.75562e+06		100.534		36.4952		0		0.00624804		309.846		
00:00:00:900		1.54786e+07		0.172839		2.83564		530.208		6.9612e+06		658.546			00:00:00:900		6.76315e+06		100.534		36.3828		0		0		309.846		
00:00:00:800		1.54786e+07		0.172839		2.8357		530.203		6.9634e+06		643.489			00:00:00:800		6.77324e+06		100.534		36.3828		0		0		309.846		
00:00:00:699		1.54786e+07		0.17284		2.8357		530.204		6.96465e+06		617.635			00:00:00:699		6.788e+06		100.069		36.3831		0		0		309.846		
00:00:00:599		1.54786e+07		0.172839		2.83569		530.208		6.96486e+06		526.823			00:00:00:599		6.81240e+06		100.069		36.3831		0		0		309.846		
00:00:00:500		1.54786e+07		0.172839		2.83573		530.21		6.96485e+06		526.822			00:00:00:500		6.83117e+06		100.069		36.3831		0		0		309.846		
00:00:00:400		1.54786e+07		0.17284		2.83568		530.214		6.96485e+06		526.811			00:00:00:400		6.83117e+06		100.069		36.3834		0		0		309.846		
00:00:00:299		1.54786e+07		0.17284		2.83572		530.219		6.96484e+06		526.825			00:00:00:299		6.83116e+06		100.069		36.3834		0		0		309.846		
00:00:00:149		1.54785e+07		0.17284		2.83572		530.221		6.96484e+06		526.824			00:00:00:149		6.83116e+06		100.069		36.3837		0		0		309.846		
00:00:00:050		1.54785e+07		0.17284		2.83567		530.223		6.96484e+06		526.826			00:00:00:050		6.83115e+06		100.069		36.3837		0		0		309.846		
00:00:00:000		1.54785e+07		0.17284		2.83571		530.225		6.96483e+06		526.826			00:00:00:000		6.83115e+06		100.069		36.3837		0		0		309.846		
00:00:00:000		1.54785e+07		0.17284		2.83571		530.225		6.96483e+06		526.826			00:00:00:000		6.83115e+06		100.069		36.3837		0		0		309.846		
00:00:00:000		1.54785e+07		0.17284		2.83571		530.225		6.96483e+06		526.826			00:00:00:000		6.83115e+06		100.069		36.3837		0		0		309.846		
00:00:00:000		1.54785e+07		0.17284		2.83571		530.225		6.96483e+06		526.826			00:00:00:000		6.83115e+06		100.069		36.3837		0		0		309.846		
00:00:00:000		1.54785e+07		0.17284		2.83571		530.225		6.96483e+06		526.826			00:00:00:000		6.83115e+06		100.069		36.3837		0		0		309.846		
00:00:00:000		1.54785e+07		0.17284		2.83571		530.225		6.96483e+06		526.826			00:00:00:000		6.83115e+06		100.069		36.3837		0		0		309.846		
00:00:00:000		1.54785e+07		0.17284		2.83571		530.225		6.96483e+06		526.826			00:00:00:000		6.83115e+06		100.069		36.3837		0		0		309.846		
