	time 		gpv001pnt10113ppntm	evf507ety101mpzoyout	chtcon(1)	chavg(1)	chlhsumpa	rcptavgn			time 		rcpppzr	rcp054rcp007mnzoyout	rcv501std0102fvol	fwfrcp001gv	rcppmssga	msfsg(1)	
00:01:09:299		6.54724e+06		238.886		143.109		0		1.94921		278.93			00:01:09:299		1.21709e+07		-4.63311		0		0		4.7859e+06		370.393		
00:01:09:150		6.54738e+06		239.122		143.75		0		1.93832		278.963			00:01:09:150		1.21752e+07		-4.62651		0		0		4.78971e+06		370.67		
00:01:09:049		6.54747e+06		239.122		143.75		0		1.93832		278.985			00:01:09:049		1.21782e+07		-4.62213		0		0		4.79228e+06		370.866		
00:01:08:950		6.54756e+06		239.359		144.391		0		1.92743		279.007			00:01:08:950		1.2181e+07		-4.61775		0		0		4.79486e+06		371.071		
00:01:08:849		6.54766e+06		239.359		144.391		0		1.92743		279.028			00:01:08:849		1.21839e+07		-4.61338		0		0		4.79745e+06		371.275		
00:01:08:750		6.54775e+06		239.597		144.391		0		1.92743		279.049			00:01:08:750		1.21868e+07		-4.60901		0		0		4.80002e+06		371.471		
00:01:08:650		6.54784e+06		239.597		145.032		0		1.91654		279.07			00:01:08:650		1.21896e+07		-4.60466		0		0		4.80259e+06		371.659		
00:01:08:549		6.54793e+06		239.597		145.032		0		1.91654		279.09			00:01:08:549		1.21925e+07		-4.60031		0		0		4.80517e+06		371.844		
00:01:08:450		6.54802e+06		239.836		145.673		0		1.90566		279.11			00:01:08:450		1.21953e+07		-4.59597		0		0		4.80777e+06		372.036		
00:01:08:450		6.54802e+06		239.836		145.673		0		1.90566		279.11			00:01:08:450		1.21953e+07		-4.59597		0		0		4.80777e+06		372.036		
00:01:08:299		6.54816e+06		239.836		145.673		0		1.90566		279.14			00:01:08:299		1.21996e+07		-4.58948		0		0		4.81171e+06		372.343		
00:01:08:150		6.5483e+06		240.075		146.313		0		1.89479		279.169			00:01:08:150		1.22038e+07		-4.583		0		0		4.81567e+06		372.655		
00:01:08:049		6.54839e+06		240.075		146.313		0		1.89479		279.188			00:01:08:049		1.22066e+07		-4.5787		0		0		4.8183e+06		372.853		
00:01:08:049		6.54839e+06		240.075		146.313		0		1.89479		279.188			00:01:08:049		1.22066e+07		-4.5787		0		0		4.8183e+06		372.853		
00:01:07:950		6.54848e+06		240.316		146.952		0		1.88393		279.207			00:01:07:950		1.22094e+07		-4.5744		0		0		4.82092e+06		373.043		
00:01:07:750		6.54867e+06		240.557		146.952		0		1.88393		279.244			00:01:07:750		1.2215e+07		-4.56582		0		0		4.82622e+06		373.431		
00:01:07:650		6.54876e+06		240.557		147.589		0		1.87307		279.262			00:01:07:650		1.22178e+07		-4.56154		0		0		4.82891e+06		373.64		
00:01:07:549		6.54885e+06		240.557		147.589		0		1.87307		279.28			00:01:07:549		1.22206e+07		-4.55727		0		0		4.8316e+06		373.853		
00:01:07:450		6.54894e+06		240.798		148.225		0		1.86223		279.298			00:01:07:450		1.22234e+07		-4.55301		0		0		4.8343e+06		374.063		
00:01:07:450		6.54894e+06		240.798		148.225		0		1.86223		279.298			00:01:07:450		1.22234e+07		-4.55301		0		0		4.8343e+06		374.063		
00:01:07:349		6.54904e+06		240.798		148.225		0		1.86223		279.316			00:01:07:349		1.22262e+07		-4.54876		0		0		4.83698e+06		374.264		
00:01:07:250		6.54913e+06		241.04		148.225		0		1.86223		279.334			00:01:07:250		1.22289e+07		-4.54451		0		0		4.83967e+06		374.457		
00:01:07:150		6.54922e+06		241.04		148.86		0		1.85139		279.351			00:01:07:150		1.22317e+07		-4.54028		0		0		4.84237e+06		374.652		
00:01:06:950		6.54940e+06		241.281		149.491		0		1.84055		279.387			00:01:06:950		1.22372e+07		-4.53183		0		0		4.84784e+06		375.073		
00:01:06:950		6.54940e+06		241.281		149.491		0		1.84055		279.387			00:01:06:950		1.22372e+07		-4.53183		0		0		4.84784e+06		375.073		
00:01:06:799		6.54954e+06		241.281		149.491		0		1.84055		279.413			00:01:06:799		1.22413e+07		-4.52552		0		0		4.85197e+06		375.4		
00:01:06:599		6.54973e+06		241.523		150.121		0		1.82973		279.449			00:01:06:599		1.22467e+07		-4.51713		0		0		4.85746e+06		375.808		
00:01:06:599		6.54973e+06		241.523		150.121		0		1.82973		279.449			00:01:06:599		1.22467e+07		-4.51713		0		0		4.85746e+06		375.808		
00:01:06:500		6.54982e+06		241.765		150.121		0		1.82973		279.468			00:01:06:500		1.22494e+07		-4.51295		0		0		4.86021e+06		376.006		
00:01:06:400		6.54991e+06		241.765		150.747		0		1.81892		279.486			00:01:06:400		1.22521e+07		-4.50877		0		0		4.86299e+06		376.213		
00:01:06:299		6.55e+06		241.765		150.747		0		1.81892		279.505			00:01:06:299		1.22548e+07		-4.5046		0		0		4.86579e+06		376.431		
00:01:06:200		6.5501e+06		242.006		151.37		0		1.80812		279.523			00:01:06:200		1.22575e+07		-4.50044		0		0		4.8686e+06		376.657		
00:01:06:099		6.55019e+06		242.006		151.37		0		1.80812		279.542			00:01:06:099		1.22602e+07		-4.49628		0		0		4.87141e+06		376.879		
00:01:06:000		6.55028e+06		242.247		151.37		0		1.80812		279.561			00:01:06:000		1.22628e+07		-4.49213		0		0		4.8742e+06		377.091		
00:01:05:900		6.55037e+06		242.247		151.988		0		1.79732		279.581			00:01:05:900		1.22655e+07		-4.48799		0		0		4.87699e+06		377.294		
00:01:05:799		6.55046e+06		242.247		151.988		0		1.79732		279.6			00:01:05:799		1.22682e+07		-4.48385		0		0		4.8798e+06		377.5		
00:01:05:599		6.55065e+06		242.488		152.603		0		1.78654		279.64			00:01:05:599		1.22735e+07		-4.4756		0		0		4.88547e+06		377.941		
00:01:05:599		6.55065e+06		242.488		152.603		0		1.78654		279.64			00:01:05:599		1.22735e+07		-4.4756		0		0		4.88547e+06		377.941		
00:01:05:500		6.55074e+06		242.727		152.603		0		1.78654		279.66			00:01:05:500		1.22761e+07		-4.47149		0		0		4.88832e+06		378.171		
00:01:05:400		6.55083e+06		242.727		153.213		0		1.77577		279.68			00:01:05:400		1.22788e+07		-4.46737		0		0		4.89116e+06		378.396		
00:01:05:299		6.55092e+06		242.727		153.213		0		1.77577		279.7			00:01:05:299		1.22814e+07		-4.46327		0		0		4.89398e+06		378.609		
00:01:05:200		6.55102e+06		242.967		153.817		0		1.76502		279.72			00:01:05:200		1.2284e+07		-4.45917		0		0		4.8968e+06		378.814		
00:01:05:099		6.55111e+06		242.967		153.817		0		1.76502		279.741			00:01:05:099		1.22866e+07		-4.45507		0		0		4.89964e+06		379.024		
00:01:05:000		6.5512e+06		243.205		153.817		0		1.76502		279.761			00:01:05:000		1.22893e+07		-4.45098		0		0		4.90249e+06		379.244		
00:01:04:900		6.55129e+06		243.205		154.416		0		1.75427		279.782			00:01:04:900		1.22919e+07		-4.44689		0		0		4.90537e+06		379.475		
00:01:04:799		6.55138e+06		243.205		154.416		0		1.75427		279.802			00:01:04:799		1.22945e+07		-4.44281		0		0		4.90824e+06		379.708		
00:01:04:599		6.55157e+06		243.442		155.008		0		1.74354		279.844			00:01:04:599		1.22997e+07		-4.43465		0		0		4.91394e+06		380.142		
00:01:04:599		6.55157e+06		243.442		155.008		0		1.74354		279.844			00:01:04:599		1.22997e+07		-4.43465		0		0		4.91394e+06		380.142		
00:01:04:500		6.55166e+06		243.677		155.008		0		1.74354		279.864			00:01:04:500		1.23023e+07		-4.43057		0		0		4.91679e+06		380.345		
00:01:04:400		6.55175e+06		243.677		155.593		0		1.73283		279.885			00:01:04:400		1.23048e+07		-4.42649		0		0		4.91965e+06		380.555		
00:01:04:250		6.55189e+06		243.912		155.593		0		1.73283		279.916			00:01:04:250		1.23087e+07		-4.42037		0		0		4.924e+06		380.893		
00:01:04:150		6.55198e+06		243.912		156.171		0		1.72213		279.936			00:01:04:150		1.23113e+07		-4.41629		0		0		4.92692e+06		381.125		
00:01:04:049		6.55207e+06		243.912		156.171		0		1.72213		279.957			00:01:04:049		1.23139e+07		-4.41221		0		0		4.92982e+06		381.344		
00:01:03:950		6.55216e+06		244.145		156.74		0		1.71144		279.978			00:01:03:950		1.23165e+07		-4.40813		0		0		4.93271e+06		381.556		
00:01:03:850		6.55226e+06		244.145		156.74		0		1.71144		279.999			00:01:03:850		1.23191e+07		-4.40405		0		0		4.93563e+06		381.779		
00:01:03:649		6.55244e+06		244.376		157.301		0		1.70077		280.04			00:01:03:649		1.23243e+07		-4.39588		0		0		4.94149e+06		382.229		
00:01:03:549		6.55253e+06		244.376		157.301		0		1.70077		280.061			00:01:03:549		1.23269e+07		-4.3918		0		0		4.94442e+06		382.454		
00:01:03:549		6.55253e+06		244.376		157.301		0		1.70077		280.061			00:01:03:549		1.23269e+07		-4.3918		0		0		4.94442e+06		382.454		
00:01:03:450		6.55262e+06		244.604		157.852		0		1.69012		280.082			00:01:03:450		1.23294e+07		-4.38772		0		0		4.94737e+06		382.679		
00:01:03:350		6.55272e+06		244.604		157.852		0		1.69012		280.102			00:01:03:350		1.2332e+07		-4.38363		0		0		4.95031e+06		382.905		
00:01:03:250		6.55281e+06		244.83		157.852		0		1.69012		280.123			00:01:03:250		1.23346e+07		-4.37955		0		0		4.95326e+06		383.13		
00:01:03:149		6.5529e+06		244.83		158.394		0		1.67949		280.144			00:01:03:149		1.23372e+07		-4.37546		0		0		4.95622e+06		383.356		
00:01:03:049		6.55299e+06		244.83		158.394		0		1.67949		280.165			00:01:03:049		1.23398e+07		-4.37137		0		0		4.95918e+06		383.583		
00:01:02:950		6.55308e+06		245.052		158.924		0		1.66888		280.186			00:01:02:950		1.23424e+07		-4.36729		0		0		4.96215e+06		383.81		
00:01:02:899		6.55313e+06		245.052		158.924		0		1.66888		280.196			00:01:02:899		1.23437e+07		-4.36524		0		0		4.96363e+06		383.923		
00:01:02:649		6.55336e+06		245.271		159.443		0		1.65828		280.249			00:01:02:649		1.23501e+07		-4.35502		0		0		4.97108e+06		384.491		
00:01:02:549		6.55345e+06		245.271		159.443		0		1.65828		280.27			00:01:02:549		1.23527e+07		-4.35093		0		0		4.97406e+06		384.719		
00:01:02:549		6.55345e+06		245.271		159.443		0		1.65828		280.27			00:01:02:549		1.23527e+07		-4.35093		0		0		4.97406e+06		384.719		
00:01:02:450		6.55354e+06		245.487		159.95		0		1.64771		280.291			00:01:02:450		1.23553e+07		-4.34683		0		0		4.97706e+06		384.947		
00:01:02:350		6.55364e+06		245.487		159.95		0		1.64771		280.312			00:01:02:350		1.23579e+07		-4.34274		0		0		4.98005e+06		385.175		
00:01:02:250		6.55373e+06		245.7		159.95		0		1.64771		280.333			00:01:02:250		1.23605e+07		-4.33865		0		0		4.98306e+06		385.404		
00:01:02:149		6.55382e+06		245.7		160.444		0		1.63716		280.354			00:01:02:149		1.23631e+07		-4.33455		0		0		4.98607e+06		385.632		
00:01:02:049		6.55391e+06		245.7		160.444		0		1.63716		280.375			00:01:02:049		1.23657e+07		-4.33045		0		0		4.98908e+06		385.862		
00:01:01:950		6.55400e+06		245.909		160.924		0		1.62664		280.396			00:01:01:950		1.23683e+07		-4.32636		0		0		4.9921e+06		386.092		
00:01:01:950		6.55400e+06		245.909		160.924		0		1.62664		280.396			00:01:01:950		1.23683e+07		-4.32636		0		0		4.9921e+06		386.092		
00:01:01:850		6.5541e+06		245.909		160.924		0		1.62664		280.418			00:01:01:850		1.23709e+07		-4.32226		0		0		4.99513e+06		386.322		
00:01:01:649		6.55428e+06		246.114		161.389		0		1.61613		280.46			00:01:01:649		1.2376e+07		-4.31406		0		0		5.00121e+06		386.783		
00:01:01:649		6.55428e+06		246.114		161.389		0		1.61613		280.46			00:01:01:649		1.2376e+07		-4.31406		0		0		5.00121e+06		386.783		
00:01:01:549		6.55437e+06		246.114		161.389		0		1.61613		280.481			00:01:01:549		1.23786e+07		-4.30996		0		0		5.00425e+06		387.014		
00:01:01:350		6.55456e+06		246.315		161.838		0		1.60566		280.524			00:01:01:350		1.23838e+07		-4.30176		0		0		5.01036e+06		387.481		
00:01:01:350		6.55456e+06		246.315		161.838		0		1.60566		280.524			00:01:01:350		1.23838e+07		-4.30176		0		0		5.01036e+06		387.481		
00:01:01:200		6.5547e+06		246.512		162.271		0		1.59521		280.556			00:01:01:200		1.23877e+07		-4.2956		0		0		5.01496e+06		387.832		
00:01:01:100		6.55479e+06		246.512		162.271		0		1.59521		280.577			00:01:01:100		1.23903e+07		-4.2915		0		0		5.01803e+06		388.068		
00:01:01:000		6.55488e+06		246.704		162.271		0		1.59521		280.599			00:01:01:000		1.23929e+07		-4.28739		0		0		5.02111e+06		388.303		
00:01:00:899		6.55497e+06		246.704		162.686		0		1.58479		280.62			00:01:00:899		1.23955e+07		-4.28328		0		0		5.0242e+06		388.539		
00:01:00:799		6.55506e+06		246.704		162.686		0		1.58479		280.642			00:01:00:799		1.23981e+07		-4.27918		0		0		5.02729e+06		388.775		
00:01:00:600		6.55525e+06		246.892		163.082		0		1.5744		280.685			00:01:00:600		1.24032e+07		-4.27096		0		0		5.0335e+06		389.249		
00:01:00:600		6.55525e+06		246.892		163.082		0		1.5744		280.685			00:01:00:600		1.24032e+07		-4.27096		0		0		5.0335e+06		389.249		
00:01:00:549		6.55529e+06		246.892		163.082		0		1.5744		280.696			00:01:00:549		1.24045e+07		-4.2689		0		0		5.03505e+06		389.367		
00:01:00:399		6.55543e+06		247.074		163.459		0		1.56404		280.728			00:01:00:399		1.24084e+07		-4.26273		0		0		5.03973e+06		389.724		
00:01:00:299		6.55552e+06		247.074		163.459		0		1.56404		280.75			00:01:00:299		1.2411e+07		-4.25862		0		0		5.04285e+06		389.962		
00:01:00:200		6.55562e+06		247.252		163.814		0		1.55371		280.771			00:01:00:200		1.24136e+07		-4.2545		0		0		5.04598e+06		390.2		
00:01:00:149		6.55566e+06		247.252		163.814		0		1.55371		280.782			00:01:00:149		1.24149e+07		-4.25244		0		0		5.04755e+06		390.32		
00:01:00:000		6.5558e+06		247.424		163.814		0		1.55371		280.814			00:01:00:000		1.24188e+07		-4.24626		0		0		5.05227e+06		390.678		
00:00:59:950		6.55585e+06		247.424		164.148		0		1.54342		280.825			00:00:59:950		1.24201e+07		-4.2442		0		0		5.05385e+06		390.797		
00:00:59:850		6.55594e+06		247.424		164.148		0		1.54342		280.847			00:00:59:850		1.24227e+07		-4.24008		0		0		5.05701e+06		391.036		
00:00:59:649		6.55613e+06		247.591		164.458		0		1.53316		280.89			00:00:59:649		1.24279e+07		-4.23183		0		0		5.06336e+06		391.518		
00:00:59:649		6.55613e+06		247.591		164.458		0		1.53316		280.89			00:00:59:649		1.24279e+07		-4.23183		0		0		5.06336e+06		391.518		
00:00:59:549		6.55622e+06		247.591		164.458		0		1.53316		280.911			00:00:59:549		1.24305e+07		-4.2277		0		0		5.06654e+06		391.759		
00:00:59:450		6.55632e+06		247.752		164.744		0		1.52294		280.933			00:00:59:450		1.24331e+07		-4.22357		0		0		5.06974e+06		392.001		
00:00:59:350		6.55641e+06		247.752		164.744		0		1.52294		280.955			00:00:59:350		1.24357e+07		-4.21945		0		0		5.07295e+06		392.245		
00:00:59:250		6.5565e+06		247.907		164.744		0		1.52294		280.976			00:00:59:250		1.24383e+07		-4.21532		0		0		5.07616e+06		392.489		
00:00:59:149		6.55659e+06		247.907		165.004		0		1.51277		280.998			00:00:59:149		1.24409e+07		-4.21119		0		0		5.07939e+06		392.735		
00:00:59:049		6.55669e+06		247.907		165.004		0		1.51277		281.019			00:00:59:049		1.24434e+07		-4.20707		0		0		5.08262e+06		392.982		
00:00:58:950		6.55678e+06		248.055		165.237		0		1.50263		281.041			00:00:58:950		1.2446e+07		-4.20294		0		0		5.08586e+06		393.231		
00:00:58:799		6.55692e+06		248.055		165.237		0		1.50263		281.073			00:00:58:799		1.24499e+07		-4.19675		0		0		5.09073e+06		393.602		
00:00:58:750		6.55697e+06		248.197		165.237		0		1.50263		281.084			00:00:58:750		1.24513e+07		-4.19468		0		0		5.09235e+06		393.725		
00:00:58:600		6.55711e+06		248.197		165.441		0		1.49254		281.116			00:00:58:600		1.24552e+07		-4.18849		0		0		5.09724e+06		394.096		
00:00:58:549		6.55715e+06		248.197		165.441		0		1.49254		281.127			00:00:58:549		1.24565e+07		-4.18642		0		0		5.09887e+06		394.22		
00:00:58:399		6.55729e+06		248.327		165.616		0		1.48252		281.159			00:00:58:399		1.24604e+07		-4.18023		0		0		5.10379e+06		394.592		
00:00:58:299		6.55738e+06		248.327		165.616		0		1.48252		281.18			00:00:58:299		1.2463e+07		-4.1761		0		0		5.10707e+06		394.84		
00:00:58:200		6.55748e+06		248.425		165.761		0		1.47274		281.202			00:00:58:200		1.24656e+07		-4.17197		0		0		5.11037e+06		395.089		
00:00:58:100		6.55757e+06		248.425		165.761		0		1.47274		281.223			00:00:58:100		1.24682e+07		-4.16784		0		0		5.11368e+06		395.338		
00:00:58:049		6.55762e+06		248.425		165.761		0		1.47274		281.234			00:00:58:049		1.24695e+07		-4.16578		0		0		5.11533e+06		395.462		
00:00:57:950		6.55771e+06		248.491		165.879		0		1.46319		281.255			00:00:57:950		1.24721e+07		-4.16165		0		0		5.11866e+06		395.712		
00:00:57:750		6.5579e+06		248.525		165.879		0		1.46319		281.297			00:00:57:750		1.24774e+07		-4.1534		0		0		5.12534e+06		396.211		
00:00:57:649		6.55799e+06		248.525		165.968		0		1.45388		281.319			00:00:57:649		1.248e+07		-4.14927		0		0		5.1287e+06		396.46		
00:00:57:649		6.55799e+06		248.525		165.968		0		1.45388		281.319			00:00:57:649		1.248e+07		-4.14927		0		0		5.1287e+06		396.46		
00:00:57:500		6.55813e+06		248.526		165.968		0		1.45388		281.35			00:00:57:500		1.24839e+07		-4.14308		0		0		5.13377e+06		396.843		
00:00:57:399		6.55822e+06		248.526		166.03		0		1.4448		281.372			00:00:57:399		1.24865e+07		-4.13895		0		0		5.13718e+06		397.102		
00:00:57:299		6.55832e+06		248.526		166.03		0		1.4448		281.393			00:00:57:299		1.24891e+07		-4.13483		0		0		5.14059e+06		397.363		
00:00:57:200		6.55841e+06		248.495		166.066		0		1.43595		281.414			00:00:57:200		1.24917e+07		-4.1307		0		0		5.14402e+06		397.623		
00:00:57:100		6.5585e+06		248.495		166.066		0		1.43595		281.435			00:00:57:100		1.24943e+07		-4.12658		0		0		5.14745e+06		397.884		
00:00:57:000		6.5586e+06		248.43		166.066		0		1.43595		281.456			00:00:57:000		1.24969e+07		-4.12246		0		0		5.15089e+06		398.146		
00:00:56:899		6.55869e+06		248.43		166.077		0		1.42734		281.477			00:00:56:899		1.24995e+07		-4.11834		0		0		5.15434e+06		398.408		
00:00:56:700		6.55888e+06		248.333		166.063		0		1.41897		281.519			00:00:56:700		1.25047e+07		-4.1101		0		0		5.16128e+06		398.933		
00:00:56:600		6.55897e+06		248.333		166.063		0		1.41897		281.54			00:00:56:600		1.25073e+07		-4.10598		0		0		5.16476e+06		399.194		
00:00:56:600		6.55897e+06		248.333		166.063		0		1.41897		281.54			00:00:56:600		1.25073e+07		-4.10598		0		0		5.16476e+06		399.194		
00:00:56:500		6.55897e+06		248.333		166.063		0		1.41897		281.54			00:00:56:500		1.25073e+07		-4.10598		0		0		5.16476e+06		399.194		
00:00:56:500		6.55907e+06		248.203		166.063		0		1.41897		281.561			00:00:56:500		1.25099e+07		-4.10187		0		0		5.16825e+06		399.456		
00:00:56:399		6.55916e+06		248.203		166.025		0		1.41084		281.582			00:00:56:399		1.25125e+07		-4.09776		0		0		5.17176e+06		399.722		
00:00:56:299		6.55926e+06		248.203		166.025		0		1.41084		281.603			00:00:56:299		1.25151e+07		-4.09365		0		0		5.17528e+06		399.989		
00:00:56:200		6.55935e+06		248.039		165.965		0		1.40294		281.624			00:00:56:200		1.25177e+07		-4.08956		0		0		5.17881e+06		400.257		
00:00:56:100		6.55944e+06		248.039		165.965		0		1.40294		281.645			00:00:56:100		1.25203e+07		-4.08546		0		0		5.18236e+06		400.525		
00:00:55:950		6.55959e+06		247.841		165.883		0		1.39528		281.676			00:00:55:950		1.25242e+07		-4.07933		0		0		5.18769e+06		400.928		
00:00:55:899		6.55963e+06		247.841		165.883		0		1.39528		281.687			00:00:55:899		1.25255e+07		-4.07729		0		0		5.18948e+06		401.063		
00:00:55:649		6.55987e+06		247.609		165.782		0		1.38787		281.739			00:00:55:649		1.25319e+07		-4.0671		0		0		5.19844e+06		401.74		
00:00:55:649		6.55987e+06		247.609		165.782		0		1.38787		281.739			00:00:55:649		1.25319e+07		-4.0671		0		0		5.19844e+06		401.74		
00:00:55:549		6.55996e+06		247.609		165.782		0		1.38787		281.759			00:00:55:549		1.25345e+07		-4.06303		0		0		5.20205e+06		402.012		
00:00:55:350		6.56015e+06		247.342		165.662		0		1.38071		281.801			00:00:55:350		1.25397e+07		-4.0549		0		0		5.20931e+06		402.561		
00:00:55:350		6.56015e+06		247.342		165.662		0		1.38071		281.801			00:00:55:350		1.25397e+07		-4.0549		0		0		5.20931e+06		402.561		
00:00:55:250		6.56024e+06		247.039		165.662		0		1.38071		281.821			00:00:55:250		1.25423e+07		-4.05084		0		0		5.21296e+06		402.84		
00:00:55:149		6.56034e+06		247.039		165.525		0		1.3738		281.842			00:00:55:149		1.25448e+07		-4.04677		0		0		5.21661e+06		403.113		
00:00:55:100		6.56038e+06		247.039		165.525		0		1.3738		281.852			00:00:55:100		1.25461e+07		-4.04474		0		0		5.21844e+06		403.251		
00:00:55:000		6.56048e+06		246.699		165.374		0		1.36715		281.873			00:00:55:000		1.25487e+07		-4.04067		0		0		5.22212e+06		403.528		
00:00:54:899		6.56058e+06		246.699		165.374		0		1.36715		281.894			00:00:54:899		1.25512e+07		-4.03659		0		0		5.22581e+06		403.808		
00:00:54:750		6.56072e+06		246.32		165.374		0		1.36715		281.925			00:00:54:750		1.25551e+07		-4.03047		0		0		5.23136e+06		404.228		
00:00:54:649		6.56081e+06		246.32		165.21		0		1.36079		281.945			00:00:54:649		1.25577e+07		-4.02638		0		0		5.23508e+06		404.512		
00:00:54:549		6.5609e+06		246.32		165.21		0		1.36079		281.966			00:00:54:549		1.25602e+07		-4.02228		0		0		5.23881e+06		404.798		
00:00:54:450		6.561e+06		245.895		165.036		0		1.35474		281.987			00:00:54:450		1.25628e+07		-4.01818		0		0		5.24255e+06		405.082		
00:00:54:350		6.56109e+06		245.895		165.036		0		1.35474		282.007			00:00:54:350		1.25653e+07		-4.01407		0		0		5.24629e+06		405.366		
00:00:54:250		6.56119e+06		245.392		165.036		0		1.35474		282.028			00:00:54:250		1.25679e+07		-4.00996		0		0		5.25005e+06		405.65		
00:00:54:149		6.56128e+06		245.392		164.858		0		1.34911		282.049			00:00:54:149		1.25704e+07		-4.00585		0		0		5.25381e+06		405.935		
00:00:54:049		6.56137e+06		245.392		164.858		0		1.34911		282.07			00:00:54:049		1.2573e+07		-4.00174		0		0		5.25759e+06		406.221		
00:00:53:950		6.56147e+06		244.841		164.68		0		1.34398		282.09			00:00:53:950		1.25755e+07		-3.99764		0		0		5.26138e+06		406.508		
00:00:53:850		6.56156e+06		244.841		164.68		0		1.34398		282.111			00:00:53:850		1.2578e+07		-3.99354		0		0		5.26518e+06		406.795		
00:00:53:750		6.56166e+06		244.289		164.68		0		1.34398		282.132			00:00:53:750		1.25806e+07		-3.98945		0		0		5.269e+06		407.084		
00:00:53:649		6.56175e+06		244.289		164.501		0		1.33884		282.152			00:00:53:649		1.25831e+07		-3.98535		0		0		5.27282e+06		407.373		
00:00:53:549		6.56184e+06		244.289		164.501		0		1.33884		282.173			00:00:53:549		1.25856e+07		-3.98126		0		0		5.27666e+06		407.663		
00:00:53:450		6.56194e+06		243.735		164.321		0		1.33369		282.194			00:00:53:450		1.25882e+07		-3.97718		0		0		5.28051e+06		407.953		
00:00:53:350		6.56203e+06		243.735		164.321		0		1.33369		282.215			00:00:53:350		1.25907e+07		-3.97309		0		0		5.28437e+06		408.244		
00:00:53:250		6.56213e+06		243.181		164.321		0		1.33369		282.235			00:00:53:250		1.25932e+07		-3.96901		0		0		5.28825e+06		408.536		
00:00:53:149		6.56222e+06		243.181		164.14		0		1.32853		282.256			00:00:53:149		1.25958e+07		-3.96493		0		0		5.29213e+06		408.828		
00:00:53:049		6.56231e+06		243.181		164.14		0		1.32853		282.277			00:00:53:049		1.25983e+07		-3.96085		0		0		5.29604e+06		409.119		
00:00:52:950		6.56241e+06		242.625		163.959		0		1.32336		282.298			00:00:52:950		1.26008e+07		-3.95678		0		0		5.29995e+06		409.412		
00:00:52:850		6.5625e+06		242.625		163.959		0		1.32336		282.318			00:00:52:850		1.26033e+07		-3.95271		0		0		5.30389e+06		409.708		
00:00:52:649		6.56269e+06		242.068		163.777		0		1.31818		282.359			00:00:52:649		1.26084e+07		-3.94457		0		0		5.31181e+06		410.304		
00:00:52:649		6.56269e+06		242.068		163.777		0		1.31818		282.359			00:00:52:649		1.26084e+07		-3.94457		0		0		5.31181e+06		410.304		
00:00:52:549		6.56278e+06		242.068		163.777		0		1.31818		282.38			00:00:52:549		1.26109e+07		-3.9405		0		0		5.31579e+06		410.603		
00:00:52:450		6.56288e+06		241.51		163.595		0		1.313		282.401			00:00:52:450		1.26134e+07		-3.93644		0		0		5.31979e+06		410.903		
00:00:52:350		6.56297e+06		241.51		163.595		0		1.313		282.421			00:00:52:350		1.26159e+07		-3.93238		0		0		5.3238e+06		411.203		
00:00:52:250		6.56307e+06		240.951		163.595		0		1.313		282.442			00:00:52:250		1.26185e+07		-3.92832		0		0		5.32782e+06		411.505		
00:00:52:149		6.56316e+06		240.951		163.411		0		1.3078		282.462			00:00:52:149		1.2621e+07		-3.92427		0		0		5.33187e+06		411.806		
00:00:52:049		6.56325e+06		240.951		163.411		0		1.3078		282.483			00:00:52:049		1.26235e+07		-3.92022		0		0		5.33593e+06		412.104		
00:00:51:950		6.56335e+06		240.391		163.227		0		1.30259		282.503			00:00:51:950		1.2626e+07		-3.91617		0		0		5.34001e+06		412.41		
00:00:51:799		6.56349e+06		240.391		163.227		0		1.30259		282.534			00:00:51:799		1.26298e+07		-3.9101		0		0		5.34617e+06		412.872		
00:00:51:649		6.56363e+06		239.829		163.043		0		1.29737		282.564			00:00:51:649		1.26335e+07		-3.90404		0		0		5.35236e+06		413.314		
00:00:51:649		6.56363e+06		239.829		163.043		0		1.29737		282.564			00:00:51:649		1.26335e+07		-3.90404		0		0		5.35236e+06		413.314		
00:00:51:549		6.56372e+06		239.829		163.043		0		1.29737		282.584			00:00:51:549		1.2636e+07		-3.9		0		0		5.35654e+06		413.635		
00:00:51:450		6.56382e+06		239.267		162.857		0		1.29214		282.605			00:00:51:450		1.26385e+07		-3.89596		0		0		5.36074e+06		413.955		
00:00:51:350		6.56391e+06		239.267		162.857		0		1.29214		282.625			00:00:51:350		1.2641e+07		-3.89193		0		0		5.36495e+06		414.277		
00:00:51:250		6.56401e+06		238.703		162.857		0		1.29214		282.645			00:00:51:250		1.26435e+07		-3.88789		0		0		5.36916e+06		414.6		
00:00:51:149		6.5641e+06		238.703		162.671		0		1.2869		282.665			00:00:51:149		1.2646e+07		-3.88387		0		0		5.37339e+06		414.922		
00:00:51:049		6.56419e+06		238.703		162.671		0		1.2869		282.685			00:00:51:049		1.26485e+07		-3.87984		0		0		5.37762e+06		415.244		
00:00:50:950		6.56429e+06		238.138		162.484		0		1.28165		282.705			00:00:50:950		1.2651e+07		-3.87583		0		0		5.38186e+06		415.568		
00:00:50:799		6.56443e+06		238.138		162.484		0		1.28165		282.735			00:00:50:799		1.26547e+07		-3.86981		0		0		5.38825e+06		416.059		
00:00:50:700		6.56452e+06		237.572		162.297		0		1.27639		282.756			00:00:50:700		1.26572e+07		-3.8658		0		0		5.39252e+06		416.39		
00:00:50:600		6.56462e+06		237.572		162.297		0		1.27639		282.776			00:00:50:600		1.26597e+07		-3.8618		0		0		5.39679e+06		416.718		
00:00:50:500		6.56471e+06		237.005		162.297		0		1.27639		282.796			00:00:50:500		1.26622e+07		-3.8578		0		0		5.40106e+06		417.042		
00:00:50:399		6.56481e+06		237.005		162.108		0		1.27112		282.816			00:00:50:399		1.26646e+07		-3.85381		0		0		5.40534e+06		417.365		
00:00:50:299		6.5649e+06		237.005		162.108		0		1.27112		282.836			00:00:50:299		1.26671e+07		-3.84982		0		0		5.40963e+06		417.69		
00:00:50:200		6.56499e+06		236.437		161.919		0		1.26584		282.856			00:00:50:200		1.26695e+07		-3.84583		0		0		5.41394e+06		418.018		
00:00:50:200		6.56499e+06		236.437		161.919		0		1.26584		282.856			00:00:50:200		1.26695e+07		-3.84583		0		0		5.41394e+06		418.018		
00:00:50:000		6.56518e+06		235.867		161.919		0		1.26584		282.896			00:00:50:000		1.26744e+07		-3.83786		0		0		5.42259e+06		418.673		
00:00:49:899		6.56528e+06		235.867		161.729		0		1.26055		282.916			00:00:49:899		1.26769e+07		-3.83389		0		0		5.42694e+06		419.001		
00:00:49:700		6.56546e+06		235.297		161.538		0		1.25525		282.956			00:00:49:700		1.26818e+07		-3.82594		0		0		5.43567e+06		419.66		
00:00:49:700		6.56546e+06		235.297		161.538		0		1.25525		282.956			00:00:49:700		1.26818e+07		-3.82594		0		0		5.43567e+06		419.66		
00:00:49:600		6.56556e+06		235.297		161.538		0		1.25525		282.976			00:00:49:600		1.26842e+07		-3.82198		0		0		5.44006e+06		419.997		
00:00:49:500		6.56565e+06		234.725		161.538		0		1.25525		282.996			00:00:49:500		1.26867e+07		-3.81802		0		0		5.44447e+06		420.331		
00:00:49:399		6.56575e+06		234.725		161.347		0		1.24994		283.016			00:00:49:399		1.26891e+07		-3.81406		0		0		5.44888e+06		420.678		
00:00:49:399		6.56575e+06		234.725		161.347		0		1.24994		283.016			00:00:49:399		1.26891e+07		-3.81406		0		0		5.44888e+06		420.678		
00:00:49:299		6.56584e+06		234.725		161.347		0		1.24994		283.036			00:00:49:299		1.26915e+07		-3.8101		0		0		5.45333e+06		421.099		
00:00:49:200		6.56593e+06		234.152		161.154		0		1.24461		283.056			00:00:49:200		1.2694e+07		-3.80615		0		0		5.45778e+06		421.59		
00:00:49:100		6.56603e+06		234.152		161.154		0		1.24461		283.076			00:00:49:100		1.26964e+07		-3.8022		0		0		5.46207e+06		421.994		
00:00:49:000		6.56612e+06		233.578		161.154		0		1.24461		283.096			00:00:49:000		1.26989e+07		-3.79825		0		0		5.4661e+06		422.198		
00:00:48:899		6.56622e+06		233.578		160.96		0		1.23928		283.116			00:00:48:899		1.27013e+07		-3.7943		0		0		5.4701e+06		422.363		
00:00:48:700		6.5664e+06		233.003		160.766		0		1.23393		283.155			00:00:48:700		1.27062e+07		-3.78642		0		0		5.47876e+06		422.954		
00:00:48:600		6.5665e+06		233.003		160.766		0		1.23393		283.175			00:00:48:600		1.27086e+07		-3.78248		0		0		5.48325e+06		423.29		
00:00:48:600		6.5665e+06		233.003		160.766		0		1.23393		283.175			00:00:48:600		1.27086e+07		-3.78248		0		0		5.48325e+06		423.29		
00:00:48:450		6.56664e+06		232.426		160.57		0		1.22858		283.205			00:00:48:450		1.27122e+07		-3.77657		0		0		5.49003e+06		423.81		
00:00:48:350		6.56673e+06		232.426		160.57		0		1.22858		283.225			00:00:48:350		1.27147e+07		-3.77263		0		0		5.49458e+06		424.188		
00:00:48:250		6.56683e+06		231.848		160.57		0		1.22858		283.245			00:00:48:250		1.27171e+07		-3.7687		0		0		5.49915e+06		424.584		
00:00:48:149		6.56692e+06		231.848		160.374		0		1.22321		283.265			00:00:48:149		1.27195e+07		-3.76477		0		0		5.50366e+06		424.956		
00:00:48:049		6.56701e+06		231.848		160.374		0		1.22321		283.284			00:00:48:049		1.2722e+07		-3.76084		0		0		5.50812e+06		425.311		
00:00:47:950		6.56711e+06		231.269		160.176		0		1.21783		283.304			00:00:47:950		1.27244e+07		-3.75691		0		0		5.51256e+06		425.661		
00:00:47:850		6.5672e+06		231.269		160.176		0		1.21783		283.324			00:00:47:850		1.27268e+07		-3.75298		0		0		5.517e+06		426.033		
00:00:47:649		6.56739e+06		230.689		159.977		0		1.21244		283.363			00:00:47:649		1.27316e+07		-3.74513		0		0		5.52582e+06		426.72		
00:00:47:649		6.56739e+06		230.689		159.977		0		1.21244		283.363			00:00:47:649		1.27316e+07		-3.74513		0		0		5.52582e+06		426.72		
00:00:47:549		6.56748e+06		230.689		159.977		0		1.21244		283.383			00:00:47:549		1.27341e+07		-3.74121		0		0		5.53021e+06		427.053		
00:00:47:450		6.56758e+06		230.107		159.778		0		1.20704		283.403			00:00:47:450		1.27365e+07		-3.7373		0		0		5.53462e+06		427.382		
00:00:47:350		6.56767e+06		230.107		159.778		0		1.20704		283.422			00:00:47:350		1.27389e+07		-3.73338		0		0		5.53903e+06		427.708		
00:00:47:250		6.56777e+06		229.524		159.778		0		1.20704		283.442			00:00:47:250		1.27413e+07		-3.72947		0		0		5.54347e+06		428.037		
00:00:47:149		6.56786e+06		229.524		159.577		0		1.20163		283.462			00:00:47:149		1.27437e+07		-3.72557		0		0		5.54794e+06		428.367		
00:00:47:049		6.56795e+06		229.524		159.577		0		1.20163		283.481			00:00:47:049		1.27461e+07		-3.72167		0		0		5.55243e+06		428.699		
00:00:46:950		6.56805e+06		228.94		159.374		0		1.19621		283.501			00:00:46:950		1.27485e+07		-3.71777		0		0		5.55694e+06		429.031		
00:00:46:850		6.56814e+06		228.94		159.374		0		1.19621		283.521			00:00:46:850		1.27509e+07		-3.71387		0		0		5.56147e+06		429.337		
00:00:46:750		6.56824e+06		228.355		159.374		0		1.19621		283.54			00:00:46:750		1.27533e+07		-3.70998		0		0		5.56606e+06		429.683		
00:00:46:649		6.56833e+06		228.355		159.171		0		1.19077		283.56			00:00:46:649		1.27557e+07		-3.70609		0		0		5.5707e+06		430.034		
00:00:46:549		6.56842e+06		228.355		159.171		0		1.19077		283.58			00:00:46:549		1.27581e+07		-3.7022		0		0		5.57535e+06		430.385		
00:00:46:450		6.56852e+06		227.768		158.966		0		1.18533		283.599			00:00:46:450		1.27605e+07		-3.69832		0		0		5.58002e+06		430.728		
00:00:46:350		6.56861e+06		227.768		158.966		0		1.18533		283.619			00:00:46:350		1.27629e+07		-3.69444		0		0		5.5847e+06		431.044		
00:00:46:250		6.56871e+06		227.18		158.966		0		1.18533		283.638			00:00:46:250		1.27653e+07		-3.69056		0		0		5.58939e+06		431.267		
00:00:46:149		6.5688e+06		227.18		158.76		0		1.17987		283.658			00:00:46:149		1.27677e+07		-3.68668		0		0		5.59411e+06		431.691		
00:00:46:049		6.56889e+06		227.18		158.76		0		1.17987		283.677			00:00:46:049		1.277e+07		-3.6828		0		0		5.59884e+06		432.008		
00:00:45:950		6.56899e+06		226.591		158.552		0		1.1744		283.697			00:00:45:950		1.27724e+07		-3.67891		0		0		5.6036e+06		432.324		
00:00:45:850		6.56908e+06		226.591		158.552		0		1.1744		283.716			00:00:45:850		1.27748e+07		-3.67503		0		0		5.6084e+06		432.562		
00:00:45:750		6.56918e+06		226		158.552		0		1.1744		283.736			00:00:45:750		1.27772e+07		-3.67114		0		0		5.61322e+06		433.094		
00:00:45:649		6.56927e+06		226		158.344		0		1.16892		283.755			00:00:45:649		1.27796e+07		-3.66725		0		0		5.61807e+06		433.464		
00:00:45:500		6.56941e+06		225.408		158.344		0		1.16892		283.784			00:00:45:500		1.27832e+07		-3.66141		0		13.85		5.62536e+06		434.009		
00:00:45:399		6.56951e+06		225.408		158.133		0		1.16343		283.803			00:00:45:399		1.27856e+07		-3.65751		0		0		5.63024e+06		434.361		
00:00:45:299		6.5696e+06		225.408		158.133		0		1.16343		283.823			00:00:45:299		1.2788e+07		-3.65361		0		0		5.63514e+06		434.667		
00:00:45:200		6.56969e+06		224.814		157.922		0		1.15792		283.842			00:00:45:200		1.27904e+07		-3.6497		0		0		5.64004e+06		434.807		
00:00:45:100		6.56979e+06		224.814		157.922		0		1.15792		283.861			00:00:45:100		1.27927e+07		-3.6458		0		0		5.64497e+06		435.499		
00:00:45:000		6.56988e+06		224.22		157.922		0		1.15792		283.88			00:00:45:000		1.27951e+07		-3.6419		0		0		5.64991e+06		435.869		
00:00:44:899		6.56998e+06		224.22		157.708		0		1.1524		283.899			00:00:44:899		1.27975e+07		-3.63801		0		0		5.65487e+06		436.238		
00:00:44:799		6.57007e+06		224.22		157.708		0		1.1524		283.918			00:00:44:799		1.27999e+07		-3.63412		0		0		5.65985e+06		436.608		
00:00:44:700		6.57016e+06		223.624		157.493		0		1.14687		283.937			00:00:44:700		1.28023e+07		-3.63023		0		0		5.66486e+06		436.985		
00:00:44:600		6.57026e+06		223.624		157.493		0		1.14687		283.956			00:00:44:600		1.28047e+07		-3.62636		0		0		5.66989e+06		437.362		
00:00:44:500		6.57035e+06		223.026		157.493		0		1.14687		283.975			00:00:44:500		1.28071e+07		-3.6225		0		0		5.67494e+06		437.741		
00:00:44:399		6.57045e+06		223.026		157.277		0		1.14133		283.993			00:00:44:399		1.28094e+07		-3.61865		0		0		5.68001e+06		438.124		
00:00:44:299		6.57054e+06		223.026		157.277		0		1.14133		284.012			00:00:44:299		1.28118e+07		-3.6148		0		0		5.6851e+06		438.509		
00:00:44:299		6.57054e+06		223.026		157.277		0		1.14133		284.012			00:00:44:299		1.28118e+07		-3.6148		0		0		5.6851e+06		438.509		
00:00:44:200		6.57063e+06		222.428		157.059		0		1.13577		284.03			00:00:44:200		1.28142e+07		-3.61096		0		0		5.6902e+06		438.894		
00:00:44:100		6.57073e+06		222.428		157.059		0		1.13577		284.049			00:00:44:100		1.28166e+07		-3.60713		0		0		5.69533e+06		439.282		
00:00:44:000		6.57082e+06		221.827		157.059		0		1.13577		284.067			00:00:44:000		1.2819e+07		-3.6033		0		0		5.70048e+06		439.676		
00:00:43:700		6.5711e+06		221.226		156.618		0		1.12463		284.122			00:00:43:700		1.28262e+07		-3.59174		0		0		5.71603e+06		440.869		
00:00:43:700		6.5711e+06		221.226		156.618		0		1.12463		284.122			00:00:43:700		1.28262e+07		-3.59174		0		0		5.71603e+06		440.869		
00:00:43:600		6.5712e+06		221.226		156.618		0		1.12463		284.14			00:00:43:600		1.28285e+07		-3.58786		0		0		5.72124e+06		441.266		
00:00:43:500		6.57129e+06		220.623		156.618		0		1.12463		284.158			00:00:43:500		1.28309e+07		-3.58395		0		0		5.72646e+06		441.663		
00:00:43:399		6.57139e+06		220.623		156.395		0		1.11903		284.176			00:00:43:399		1.28333e+07		-3.58001		0		0		5.73169e+06		442.061		
00:00:43:399		6.57139e+06		220.623		156.395		0		1.11903		284.176			00:00:43:399		1.28333e+07		-3.58001		0		0		5.73169e+06		442.061		
00:00:43:299		6.57148e+06		220.623		156.395		0		1.11903		284.194			00:00:43:299		1.28357e+07		-3.57604		0		0		5.73695e+06		442.461		
00:00:43:200		6.57157e+06		220.019		156.171		0		1.11342		284.212			00:00:43:200		1.28381e+07		-3.57203		0		0		5.74222e+06		442.861		
00:00:43:100		6.57167e+06		220.019		156.171		0		1.11342		284.23			00:00:43:100		1.28405e+07		-3.568		0		0		5.7475e+06		443.263		
00:00:43:000		6.57176e+06		219.413		156.171		0		1.11342		284.248			00:00:43:000		1.28429e+07		-3.56394		0		0		5.75281e+06		443.667		
00:00:42:899		6.57186e+06		219.413		155.945		0		1.1078		284.266			00:00:42:899		1.28453e+07		-3.55987		0		0		5.75813e+06		444.072		
00:00:42:700		6.57204e+06		218.806		155.717		0		1.10217		284.301			00:00:42:700		1.28501e+07		-3.55172		0		0		5.76883e+06		444.886		
00:00:42:700		6.57204e+06		218.806		155.717		0		1.10217		284.301			00:00:42:700		1.28501e+07		-3.55172		0		0		5.76883e+06		444.886		
00:00:42:600		6.57214e+06		218.806		155.717		0		1.10217		284.319			00:00:42:600		1.28525e+07		-3.54767		0		0		5.77421e+06		445.297		
00:00:42:450		6.57228e+06		218.197		155.488		0		1.09652		284.346			00:00:42:450		1.28561e+07		-3.54168		0		0		5.7823e+06		445.91		
00:00:42:350		6.57237e+06		218.197		155.488		0		1.09652		284.363			00:00:42:350		1.28585e+07		-3.53776		0		0		5.78771e+06		446.322		
00:00:42:250		6.57247e+06		217.587		155.488		0		1.09652		284.381			00:00:42:250		1.28609e+07		-3.53392		0		0		5.79315e+06		446.736		
00:00:42:149		6.57256e+06		217.587		155.257		0		1.09086		284.398			00:00:42:149		1.28633e+07		-3.53015		0		0		5.7986e+06		447.15		
00:00:42:049		6.57265e+06		217.587		155.257		0		1.09086		284.416			00:00:42:049		1.28657e+07		-3.52648		0		0		5.80407e+06		447.565		
00:00:41:950		6.57275e+06		216.976		155.025		0		1.08519		284.433			00:00:41:950		1.28681e+07		-3.52288		0		0		5.80956e+06		447.981		
00:00:41:850		6.57284e+06		216.976		155.025		0		1.08519		284.451			00:00:41:850		1.28705e+07		-3.51936		0		0		5.81507e+06		448.397		
00:00:41:750		6.57294e+06		216.362		155.025		0		1.08519		284.468			00:00:41:750		1.28729e+07		-3.51589		0		0		5.8206e+06		448.814		
00:00:41:649		6.57303e+06		216.362		154.791		0		1.0795		284.486			00:00:41:649		1.28753e+07		-3.51247		0		0		5.82615e+06		449.23		
00:00:41:549		6.57312e+06		216.362		154.791		0		1.0795		284.503			00:00:41:549		1.28777e+07		-3.50907		0		0		5.83172e+06		449.648		
00:00:41:450		6.57322e+06		215.748		154.555		0		1.0738		284.52			00:00:41:450		1.28801e+07		-3.50568		0		0		5.83733e+06		450.067		
00:00:41:350		6.57331e+06		215.748		154.555		0		1.0738		284.537			00:00:41:350		1.28825e+07		-3.50229		0		0		5.84295e+06		450.487		
00:00:41:250		6.57341e+06		215.132		154.555		0		1.0738		284.555			00:00:41:250		1.28849e+07		-3.49888		0		0		5.84861e+06		450.907		
00:00:41:149		6.5735e+06		215.132		154.317		0		1.06808		284.572			00:00:41:149		1.28873e+07		-3.49545		0		0		5.8543e+06		451.33		
00:00:41:049		6.57359e+06		215.132		154.317		0		1.06808		284.589			00:00:41:049		1.28897e+07		-3.49197		0		0		5.86003e+06		451.762		
00:00:40:950		6.57369e+06		214.514		154.077		0		1.06235		284.607			00:00:40:950		1.28921e+07		-3.48845		0		0		5.86579e+06		452.208		
00:00:40:799		6.57383e+06		214.514		154.077		0		1.06235		284.632			00:00:40:799		1.28958e+07		-3.48309		0		0		5.87447e+06		452.9		
00:00:40:750		6.57388e+06		213.895		154.077		0		1.06235		284.641			00:00:40:750		1.2897e+07		-3.48127		0		0		5.87736e+06		453.133		
00:00:40:649		6.57397e+06		213.895		153.835		0		1.0566		284.658			00:00:40:649		1.28995e+07		-3.47761		0		0		5.88314e+06		453.598		
00:00:40:549		6.57406e+06		213.895		153.835		0		1.0566		284.675			00:00:40:549		1.29019e+07		-3.4739		0		0		5.8889e+06		454.063		
00:00:40:450		6.57416e+06		213.274		153.591		0		1.05084		284.693			00:00:40:450		1.29043e+07		-3.47014		0		0		5.89465e+06		454.524		
00:00:40:350		6.5743e+06		213.274		153.591		0		1.05084		284.719			00:00:40:350		1.2908e+07		-3.46442		0		0		5.90323e+06		455.202		
00:00:40:200		6.57439e+06		212.652		153.345		0		1.04507		284.736			00:00:40:200		1.29105e+07		-3.46055		0		0		5.90894e+06		455.642		
00:00:40:100		6.57449e+06		212.652		153.345		0		1.04507		284.753			00:00:40:100		1.29129e+07		-3.45664		0		0		5.91464e+06		456.071		
00:00:40:000		6.57458e+06		212.028		153.345		0		1.04507		284.77			00:00:40:000		1.29154e+07		-3.45269		0		0		5.92036e+06		456.5		
00:00:39:899		6.57468e+06		212.028		153.097		0		1.03928		284.788			00:00:39:899		1.29179e+07		-3.44871		0		0		5.92611e+06		456.932		
00:00:39:799		6.57477e+06		212.028		153.097		0		1.03928		284.805			00:00:39:799		1.29203e+07		-3.44468		0		0		5.93187e+06		457.364		
00:00:39:700		6.57486e+06		211.403		152.846		0		1.03348		284.823			00:00:39:700		1.29228e+07		-3.44063		0		0		5.93767e+06		457.799		
00:00:39:600		6.57496e+06		211.403		152.846		0		1.03348		284.84			00:00:39:600		1.29253e+07		-3.43653		0		0		5.94349e+06		458.231		
00:00:39:500		6.57505e+06		210.776		152.846		0		1.03348		284.858			00:00:39:500		1.29278e+07		-3.43241		0		0		5.94934e+06		458.665		
00:00:39:399		6.57515e+06		210.776		152.593		0		1.02767		284.875			00:00:39:399		1.29302e+07		-3.42826		0		0		5.95523e+06		459.103		
00:00:39:299		6.57524e+06		210.776		152.593		0		1.02767		284.893			00:00:39:299		1.29327e+07		-3.42408		0		0		5.96115e+06		459.542		
00:00:39:200		6.57533e+06		210.148		152.337		0		1.02183		284.91			00:00:39:200		1.29352e+07		-3.41988		0		0		5.96709e+06		459.98		
00:00:39:200		6.57533e+06		210.148		152.337		0		1.02183		284.91			00:00:39:200		1.29352e+07		-3.41988		0		0		5.96709e+06		459.98		
00:00:39:000		6.57552e+06		209.518		152.337		0		1.02183		284.946			00:00:39:000		1.29402e+07		-3.4114		0		0		5.9791e+06		460.857		
00:00:38:899		6.57562e+06		209.518		152.078		0		1.01599		284.963			00:00:38:899		1.29428e+07		-3.40714		0		0		5.98517e+06		461.304		
00:00:38:899		6.57562e+06		209.518		152.078		0		1.01599		284.963			00:00:38:899		1.29428e+07		-3.40714		0		0		5.98517e+06		461.304		
00:00:38:799		6.57571e+06		209.518		152.078		0		1.01599		284.981			00:00:38:799		1.29453e+07		-3.40287		0		0		5.99129e+06		461.762		
00:00:38:600		6.5759e+06		208.886		151.817		0		1.01013		285.017			00:00:38:600		1.29503e+07		-3.39428		0		0		6.00364e+06		462.726		
00:00:38:500		6.57599e+06		208.253		151.817		0		1.01013		285.035			00:00:38:500		1.29529e+07		-3.38996		0		0		6.00983e+06		463.226		
00:00:38:500		6.57599e+06		208.253		151.817		0		1.01013		285.035			00:00:38:500		1.29529e+07		-3.38996		0		0		6.00983e+06		463.226		
00:00:38:399		6.57609e+06		208.253		151.553		0		1.00425		285.053			00:00:38:399		1.29554e+07		-3.38563		0		0		6.01602e+06		463.725		
00:00:38:299		6.57618e+06		208.253		151.553		0		1.00425		285.072			00:00:38:299		1.2958e+07		-3.38128		0		0		6.02219e+06		464.221		
00:00:38:149		6.57632e+06		207.618		151.286		0		0.998358		285.099			00:00:38:149		1.29618e+07		-3.37472		0		0		6.0314e+06		464.922		
00:00:38:049		6.57641e+06		207.618		151.286		0		0.998358		285.118			00:00:38:049		1.29644e+07		-3.37034		0		0		6.0375e+06		465.271		
00:00:37:950		6.57651e+06		206.981		151.015		0		0.992452		285.136			00:00:37:950		1.29669e+07		-3.36593		0		0		6.04358e+06		465.956		
00:00:37:850		6.5766e+06		206.981		151.015		0		0.992452		285.155			00:00:37:850		1.29695e+07		-3.36151		0		0		6.04962e+06		466.425		
00:00:37:649		6.57679e+06		206.343		150.742		0		0.98653		285.192			00:00:37:649		1.29747e+07		-3.35261		0		0		6.06171e+06		467.322		
00:00:37:549		6.57688e+06		206.343		150.742		0		0.98653		285.211			00:00:37:549		1.29773e+07		-3.34813		0		0		6.06778e+06		467.763		
00:00:37:549		6.57688e+06		206.343		150.742		0		0.98653		285.211			00:00:37:549		1.29773e+07		-3.34813		0		0		6.06778e+06		467.763		
00:00:37:450		6.57698e+06		205.703		150.466		0		0.980593		285.23			00:00:37:450		1.29799e+07		-3.34364		0		0		6.0739e+06		468.202		
00:00:37:350		6.57707e+06		205.703		150.466		0		0.980593		285.249			00:00:37:350		1.29825e+07		-3.33912		0		16.7142		6.08006e+06		468.632		
00:00:37:250		6.57717e+06		205.061		150.466		0		0.980593		285.269			00:00:37:250		1.29852e+07		-3.33459		0		0		6.08628e+06		469.068		
00:00:37:149		6.57726e+06		205.061		150.186		0		0.97464		285.288			00:00:37:149		1.29878e+07		-3.33004		0		0		6.09257e+06		469.505		
00:00:37:049		6.57735e+06		205.061		150.186		0		0.97464		285.307			00:00:37:049		1.29904e+07		-3.32546		0		0		6.09893e+06		469.945		
00:00:36:950		6.57745e+06		204.418		149.902		0		0.968671		285.327			00:00:36:950		1.29931e+07		-3.32086		0		0		6.10536e+06		470.391		
00:00:36:850		6.57754e+06		204.418		149.902		0		0.968671		285.347			00:00:36:850		1.29958e+07		-3.31624		0		0		6.11188e+06		470.851		
00:00:36:700		6.57768e+06		203.772		149.615		0		0.962685		285.376			00:00:36:700		1.29998e+07		-3.30927		0		0		6.1218e+06		471.565		
00:00:36:549		6.57782e+06		203.772		149.615		0		0.962685		285.406			00:00:36:549		1.30039e+07		-3.30224		0		0		6.13188e+06		472.324		
00:00:36:549		6.57782e+06		203.772		149.615		0		0.962685		285.406			00:00:36:549		1.30039e+07		-3.30224		0		0		6.13188e+06		472.324		
00:00:36:450		6.57792e+06		203.125		149.324		0		0.956683		285.426			00:00:36:450		1.30066e+07		-3.29752		0		0		6.13866e+06		472.867		
00:00:36:350		6.57801e+06		203.125		149.324		0		0.956683		285.447			00:00:36:350		1.30093e+07		-3.29277		0		16.5229		6.14545e+06		473.418		
00:00:36:250		6.57811e+06		202.476		149.324		0		0.956683		285.467			00:00:36:250		1.30121e+07		-3.288		0		0		6.15224e+06		473.982		
00:00:36:149		6.5782e+06		202.476		149.03		0		0.950664		285.487			00:00:36:149		1.30148e+07		-3.28319		0		0		6.15899e+06		474.55		
00:00:36:049		6.5783e+06		202.476		149.03		0		0.950664		285.508			00:00:36:049		1.30176e+07		-3.27835		0		0		6.16569e+06		475.117		
00:00:35:950		6.57839e+06		201.825		148.731		0		0.944629		285.529			00:00:35:950		1.30204e+07		-3.27348		0		0		6.17234e+06		475.678		
00:00:35:850		6.57849e+06		201.825		148.731		0		0.944629		285.549			00:00:35:850		1.30232e+07		-3.26859		0		0		6.17893e+06		476.222		
00:00:35:750		6.57858e+06		201.173		148.731		0		0.944629		285.57			00:00:35:750		1.30261e+07		-3.26366		0		0		6.18548e+06		476.748		
00:00:35:649		6.57868e+06		201.173		148.428		0		0.938578		285.591			00:00:35:649		1.30289e+07		-3.25871		0		15.639		6.19199e+06		477.248		
00:00:35:549		6.57877e+06		201.173		148.428		0		0.938578		285.612			00:00:35:549		1.30317e+07		-3.25373		0		15.5888		6.19849e+06		477.749		
00:00:35:450		6.57887e+06		200.518		148.12		0		0.93251		285.633			00:00:35:450		1.30346e+07		-3.24872		0		0		6.20504e+06		478.254		
00:00:35:350		6.57896e+06		200.518		148.12		0		0.93251		285.654			00:00:35:350		1.30375e+07		-3.24367		0		0		6.21157e+06		478.737		
00:00:35:250		6.57906e+06		199.862		148.12		0		0.93251		285.675			00:00:35:250		1.30404e+07		-3.2386		0		0		6.21812e+06		479.195		
00:00:35:100		6.5792e+06		199.862		147.809		0		0.926426		285.707			00:00:35:100		1.30448e+07		-3.23092		0		0		6.22808e+06		479.886		
00:00:35:000		6.57929e+06		199.204		147.809		0		0.926426		285.728			00:00:35:000		1.30478e+07		-3.22576		0		0		6.23483e+06		480.386		
00:00:34:899		6.57939e+06		199.204		147.492		0		0.920325		285.75			00:00:34:899		1.30507e+07		-3.22057		0		0		6.24169e+06		480.942		
00:00:34:799		6.57948e+06		199.204		147.492		0		0.920325		285.771			00:00:34:799		1.30537e+07		-3.21534		0		0		6.24856e+06		481.489		
00:00:34:700		6.57958e+06		198.544		147.17		0		0.914206		285.793			00:00:34:700		1.30567e+07		-3.21008		0		0		6.25541e+06		482.01		
00:00:34:600		6.57967e+06		198.544		147.17		0		0.914206		285.814			00:00:34:600		1.30598e+07		-3.20478		0		0		6.26226e+06		482.507		
00:00:34:549		6.57972e+06		198.544		147.17		0		0.914206		285.825			00:00:34:549		1.30613e+07		-3.20212		0		14.4479		6.2657e+06		482.751		
00:00:34:450		6.57982e+06		197.882		146.844		0		0.908071		285.847			00:00:34:450		1.30643e+07		-3.19677		0		0		6.27262e+06		483.245		
00:00:34:299		6.57996e+06		197.882		146.844		0		0.908071		285.879			00:00:34:299		1.3069e+07		-3.18868		0		0		6.28316e+06		484.012		
00:00:34:200		6.58005e+06		197.218		146.512		0		0.901917		285.901			00:00:34:200		1.30721e+07		-3.18325		0		0		6.29028e+06		484.557		
00:00:34:100		6.58015e+06		197.218		146.512		0		0.901917		285.923			00:00:34:100		1.30752e+07		-3.17778		0		0		6.29748e+06		485.144		
00:00:34:000		6.58024e+06		196.552		146.512		0		0.901917		285.944			00:00:34:000		1.30784e+07		-3.17227		0		0		6.30469e+06		485.755		
00:00:33:899		6.58034e+06		196.552		146.175		0		0.895746		285.966			00:00:33:899		1.30816e+07		-3.16673		0		0		6.31188e+06		486.377		
00:00:33:799		6.58044e+06		196.552		146.175		0		0.895746		285.988			00:00:33:799		1.30848e+07		-3.16115		0		0		6.31902e+06		487.006		
00:00:33:700		6.58053e+06		195.884		145.832		0		0.889558		286.01			00:00:33:700		1.3088e+07		-3.15554		0		0		6.32609e+06		487.638		
00:00:33:600		6.58063e+06		195.884		145.832		0		0.889558		286.032			00:00:33:600		1.30913e+07		-3.14989		0		0		6.33307e+06		488.265		
00:00:33:500		6.58072e+06		195.214		145.832		0		0.889558		286.054			00:00:33:500		1.30946e+07		-3.1442		0		0		6.33996e+06		488.872		
00:00:33:399		6.58082e+06		195.214		145.483		0		0.883353		286.076			00:00:33:399		1.30979e+07		-3.13847		0		0		6.34674e+06		489.456		
00:00:33:299		6.58091e+06		195.214		145.483		0		0.883353		286.099			00:00:33:299		1.31012e+07		-3.13271		0		0		6.35345e+06		490.011		
00:00:33:200		6.58101e+06		194.542		145.128		0		0.877132		286.121			00:00:33:200		1.31046e+07		-3.12691		0		0		6.36009e+06		490.534		
00:00:33:200		6.58101e+06		194.542		145.128		0		0.877132		286.121			00:00:33:200		1.31046e+07		-3.12691		0		0		6.36009e+06		490.534		
00:00:33:100		6.58111e+06		194.542		145.128		0		0.877132		286.143			00:00:33:100		1.31079e+07		-3.12108		0		0		6.36672e+06		491.039		
00:00:33:000		6.5812e+06		193.868		145.128		0		0.877132		286.166			00:00:33:000		1.31114e+07		-3.1152		0		0		6.37337e+06		491.524		
00:00:32:899		6.5813e+06		193.868		144.767		0		0.870895		286.188			00:00:32:899		1.31148e+07		-3.10929		0		0		6.38003e+06		491.943		
00:00:32:799		6.58139e+06		193.868		144.767		0		0.870895		286.211			00:00:32:799		1.31182e+07		-3.10335		0		0		6.38679e+06		492.405		
00:00:32:600		6.58159e+06		193.192		144.4		0		0.86464		286.257			00:00:32:600		1.31252e+07		-3.09134		0		0		6.40077e+06		493.386		
00:00:32:600		6.58159e+06		193.192		144.4		0		0.86464		286.257			00:00:32:600		1.31252e+07		-3.09134		0		0		6.40077e+06		493.386		
00:00:32:500		6.58168e+06		192.514		144.4		0		0.86464		286.28			00:00:32:500		1.31288e+07		-3.08528		0		0		6.40792e+06		493.916		
00:00:32:399		6.58179e+06		192.514		144.026		0		0.858368		286.303			00:00:32:399		1.31323e+07		-3.07919		0		0		6.41519e+06		494.472		
00:00:32:250		6.58194e+06		191.834		144.026		0		0.858368		286.338			00:00:32:250		1.31377e+07		-3.06998		0		0		6.4262e+06		495.33		
00:00:32:149		6.58204e+06		191.834		143.645		0		0.852078		286.361			00:00:32:149		1.31413e+07		-3.0638		0		0		6.43362e+06		495.92		
00:00:32:049		6.58214e+06		191.834		143.645		0		0.852078		286.385			00:00:32:049		1.3145e+07		-3.05758		0		0		6.44108e+06		496.493		
00:00:31:949		6.58225e+06		191.151		143.258		0		0.84577		286.408			00:00:31:949		1.31487e+07		-3.05132		0		0		6.44859e+06		497.051		
00:00:31:850		6.58235e+06		191.151		143.258		0		0.84577		286.431			00:00:31:850		1.31524e+07		-3.04503		0		0		6.45618e+06		497.582		
00:00:31:649		6.58255e+06		190.467		142.863		0		0.839441		286.478			00:00:31:649		1.31598e+07		-3.03234		0		0		6.4716e+06		498.641		
00:00:31:550		6.58265e+06		190.467		142.863		0		0.839441		286.502			00:00:31:550		1.31636e+07		-3.02593		0		0		6.47945e+06		499.179		
00:00:31:550		6.58265e+06		190.467		142.863		0		0.839441		286.502			00:00:31:550		1.31636e+07		-3.02593		0		0		6.47945e+06		499.179		
00:00:31:449		6.58275e+06		189.78		142.462		0		0.833092		286.525			00:00:31:449		1.31674e+07		-3.0195		0		0		6.4874e+06		499.724		
00:00:31:350		6.58285e+06		189.78		142.462		0		0.833092		286.549			00:00:31:350		1.31712e+07		-3.01302		0		0		6.49546e+06		500.281		
00:00:31:300		6.5829e+06		189.78		142.462		0		0.833092		286.561			00:00:31:300		1.31731e+07		-3.00977		0		0		6.49953e+06		500.566		
00:00:31:199		6.583e+06		189.091		142.053		0		0.826721		286.585			00:00:31:199		1.31769e+07		-3.00324		0		0		6.50774e+06		501.161		
00:00:31:100		6.58309e+06		189.091		142.053		0		0.826721		286.609			00:00:31:100		1.31808e+07		-2.99666		0		0		6.51604e+06		501.785		
00:00:31:000		6.58319e+06		188.399		142.053		0		0.826721		286.633			00:00:31:000		1.31847e+07		-2.99005		0		0		6.52439e+06		502.384		
00:00:30:899		6.58329e+06		188.399		141.636		0		0.820329		286.658			00:00:30:899		1.31886e+07		-2.9834		0		0		6.5327e+06		502.728		
00:00:30:800		6.58338e+06		188.399		141.636		0		0.820329		286.682			00:00:30:800		1.31925e+07		-2.97672		0		0		6.54084e+06		501.951		
00:00:30:649		6.58353e+06		187.705		141.212		0		0.81389		286.72			00:00:30:649		1.31985e+07		-2.96661		0		0		6.55222e+06		490.597		
00:00:30:550		6.58362e+06		187.705		141.212		0		0.81389		286.745			00:00:30:550		1.32024e+07		-2.95981		0		0		6.55886e+06		445.084		
00:00:30:350		6.58584e+06		187.007		140.78		0		0.807402		286.794			00:00:30:350		1.32105e+07		-2.94606		0		0		6.5701e+06		375.448		
00:00:30:350		6.58584e+06		187.007		140.78		0		0.807402		286.794			00:00:30:350		1.32105e+07		-2.94606		0		0		6.5701e+06		375.448		
00:00:30:250		6.58724e+06		186.306		140.78		0		0.807402		286.819			00:00:30:250		1.32146e+07		-2.93912		0		0		6.5749e+06		348.701		
00:00:30:149		6.58862e+06		186.306		140.34		0		0.800884		286.844			00:00:30:149		1.32188e+07		-2.93213		0		0		6.57927e+06		326.128		
00:00:30:050		6.58994e+06		186.306		140.34		0		0.800884		286.87			00:00:30:050		1.32229e+07		-2.92509		0		0		6.58326e+06		307.039		
00:00:29:949		6.59122e+06		185.602		139.892		0		0.794347		286.896			00:00:29:949		1.32271e+07		-2.91801		0		0		6.58694e+06		290.883		
00:00:29:850		6.59248e+06		185.602		139.892		0		0.794347		286.921			00:00:29:850		1.32313e+07		-2.91087		0		0		6.59035e+06		277.183		
00:00:29:750		6.59374e+06		184.896		139.892		0		0.794347		286.946			00:00:29:750		1.32355e+07		-2.90369		0		0		6.59352e+06		265.551		
00:00:29:649		6.59501e+06		184.896		139.434		0		0.787796		286.972			00:00:29:649		1.32398e+07		-2.89645		0		0		6.5965e+06		255.651		
00:00:29:550		6.59627e+06		184.896		139.434		0		0.787796		286.998			00:00:29:550		1.32441e+07		-2.88917		0		0		6.5993e+06		247.256		
00:00:29:399		6.59821e+06		184.189		138.968		0		0.781235		287.038			00:00:29:399		1.32506e+07		-2.87816		0		0		6.60323e+06		236.881		
00:00:29:300		6.59953e+06		184.189		138.968		0		0.781235		287.064			00:00:29:300		1.3255e+07		-2.87076		0		0		6.6057e+06		231.204		
00:00:29:199		6.60085e+06		183.481		138.493		0		0.774666		287.091			00:00:29:199		1.32594e+07		-2.86331		0		0		6.60806e+06		226.335		
00:00:29:100		6.6022e+06		183.481		138.493		0		0.774666		287.117			00:00:29:100		1.32639e+07		-2.85581		0		0		6.61033e+06		222.149		
00:00:29:000		6.60356e+06		182.772		138.493		0		0.774666		287.144			00:00:29:000		1.32684e+07		-2.84826		0		0		6.61252e+06		218.538		
00:00:28:899		6.60493e+06		182.772		138.008		0		0.768089		287.171			00:00:28:899		1.32729e+07		-2.84065		0		0		6.61464e+06		215.436		
00:00:28:800		6.60632e+06		182.772		138.008		0		0.768089		287.197			00:00:28:800		1.32775e+07		-2.83299		0		0		6.61669e+06		212.742		
00:00:28:800		6.60632e+06		182.772		138.008		0		0.768089		287.197			00:00:28:800		1.32775e+07		-2.83299		0		0		6.61669e+06		212.742		
00:00:28:649		6.60841e+06		182.062		137.514		0		0.761507		287.238			00:00:28:649		1.32845e+07		-2.8214		0		0		6.61967e+06		209.356		
00:00:28:500		6.61051e+06		181.352		137.514		0		0.761507		287.279			00:00:28:500		1.32915e+07		-2.80969		0		0		6.62253e+06		206.607		
00:00:28:399		6.61192e+06		181.352		137.011		0		0.754919		287.306			00:00:28:399		1.32962e+07		-2.80181		0		0		6.62439e+06		205.06		
00:00:28:300		6.61333e+06		181.352		137.011		0		0.754919		287.334			00:00:28:300		1.3301e+07		-2.79387		0		0		6.62621e+06		203.699		
00:00:28:199		6.61475e+06		180.64		136.498		0		0.748325		287.361			00:00:28:199		1.33058e+07		-2.78587		0		0		6.62799e+06		202.495		
00:00:28:100		6.61617e+06		180.64		136.498		0		0.748325		287.389			00:00:28:100		1.33107e+07		-2.77782		0		0		6.62974e+06		201.39		
00:00:28:000		6.61761e+06		179.928		136.498		0		0.748325		287.417			00:00:28:000		1.33156e+07		-2.7697		0		0		6.63146e+06		200.304		
00:00:27:899		6.61899e+06		179.928		135.974		0		0.741727		287.445			00:00:27:899		1.33205e+07		-2.76153		0		0		6.63315e+06		199.705		
00:00:27:800		6.62038e+06		179.928		135.974		0		0.741727		287.473			00:00:27:800		1.33255e+07		-2.7533		0		0		6.63481e+06		198.963		
00:00:27:699		6.62178e+06		179.215		135.441		0		0.735125		287.502			00:00:27:699		1.33305e+07		-2.745		0		0		6.63645e+06		198.29		
00:00:27:600		6.62318e+06		179.215		135.441		0		0.735125		287.53			00:00:27:600		1.33356e+07		-2.73665		0		0		6.63806e+06		197.678		
00:00:27:500		6.62457e+06		178.502		135.441		0		0.735125		287.559			00:00:27:500		1.33407e+07		-2.72823		0		0		6.63964e+06		197.103		
00:00:27:399		6.62596e+06		178.502		134.896		0		0.728518		287.588			00:00:27:399		1.33459e+07		-2.71975		0		0		6.6412e+06		196.557		
00:00:27:399		6.62596e+06		178.502		134.896		0		0.728518		287.588			00:00:27:399		1.33459e+07		-2.71975		0		0		6.6412e+06		196.557		
00:00:27:300		6.62735e+06		178.502		134.896		0		0.728518		287.616			00:00:27:300		1.33511e+07		-2.71121		0		0		6.64274e+06		196.047		
00:00:27:199		6.62873e+06		177.787		134.341		0		0.721906		287.646			00:00:27:199		1.33563e+07		-2.70261		0		0		6.64425e+06		195.552		
00:00:27:100		6.6301e+06		177.787		134.341		0		0.721906		287.675			00:00:27:100		1.33616e+07		-2.69394		0		0		6.64574e+06		195.049		
00:00:27:000		6.63146e+06		177.072		134.341		0		0.721906		287.704			00:00:27:000		1.33669e+07		-2.6852		0		0		6.6472e+06		194.591		
00:00:26:899		6.63282e+06		177.072		133.774		0		0.715291		287.734			00:00:26:899		1.33723e+07		-2.6764		0		0		6.64864e+06		194.085		
00:00:26:649		6.6362e+06		176.356		133.194		0		0.708671		287.808			00:00:26:649		1.3386e+07		-2.65412		0		0		6.65215e+06		192.805		
00:00:26:550		6.63758e+06		176.356		133.194		0		0.708671		287.838			00:00:26:550		1.33916e+07		-2.64509		0		0		6.65353e+06		193.143		
00:00:26:550		6.63758e+06		176.356		133.194		0		0.708671		287.838			00:00:26:550		1.33916e+07		-2.64509		0		0		6.65353e+06		193.143		
00:00:26:449		6.63885e+06		175.64		132.602		0		0.702048		287.869			00:00:26:449		1.33972e+07		-2.63598		0		0		6.65489e+06		193.363		
00:00:26:250		6.64149e+06		174.923		132.602		0		0.702048		287.93			00:00:26:250		1.34085e+07		-2.61758		0		0		6.6576e+06		193.849		
00:00:26:250		6.64149e+06		174.923		132.602		0		0.702048		287.93			00:00:26:250		1.34085e+07		-2.61758		0		0		6.6576e+06		193.849		
00:00:26:149		6.64279e+06		174.923		131.997		0		0.695421		287.96			00:00:26:149		1.34143e+07		-2.60828		0		0		6.65893e+06		194.084		
00:00:26:050		6.64407e+06		174.923		131.997		0		0.695421		287.992			00:00:26:050		1.34201e+07		-2.59891		0		0		6.66025e+06		194.314		
00:00:25:899		6.64599e+06		174.205		131.378		0		0.68879		288.038			00:00:25:899		1.34289e+07		-2.58474		0		0		6.66221e+06		194.639		
00:00:25:899		6.64599e+06		174.205		131.378		0		0.68879		288.038			00:00:25:899		1.34289e+07		-2.58474		0		0		6.66221e+06		194.639		
00:00:25:699		6.64852e+06		173.486		130.745		0		0.682154		288.102			00:00:25:699		1.34407e+07		-2.56561		0		0		6.66478e+06		194.914		
00:00:25:600		6.64976e+06		173.486		130.745		0		0.682154		288.133			00:00:25:600		1.34467e+07		-2.55595		0		0		6.66605e+06		195.155		
00:00:25:600		6.64976e+06		173.486		130.745		0		0.682154		288.133			00:00:25:600		1.34467e+07		-2.55595		0		0		6.66605e+06		195.155		
00:00:25:500		6.65095e+06		172.767		130.745		0		0.682154		288.166			00:00:25:500		1.34527e+07		-2.54622		0		0		6.6673e+06		195.531		
00:00:25:350		6.65277e+06		172.767		130.097		0		0.675515		288.214			00:00:25:350		1.34617e+07		-2.5315		0		0		6.66916e+06		195.764		
00:00:25:250		6.65394e+06		172.047		130.097		0		0.675515		288.247			00:00:25:250		1.34678e+07		-2.5216		0		0		6.67038e+06		196.168		
00:00:25:050		6.65625e+06		172.047		129.435		0		0.668873		288.312			00:00:25:050		1.34801e+07		-2.5016		0		0		6.67278e+06		196.611		
00:00:25:050		6.65625e+06		172.047		129.435		0		0.668873		288.312			00:00:25:050		1.34801e+07		-2.5016		0		0		6.67278e+06		196.611		
00:00:24:949		6.65742e+06		171.327		128.758		0		0.662228		288.346			00:00:24:949		1.34864e+07		-2.4915		0		0		6.67395e+06		196.766		
00:00:24:850		6.6586e+06		171.327		128.758		0		0.662228		288.379			00:00:24:850		1.34927e+07		-2.48132		0		0		6.67515e+06		196.998		
00:00:24:750		6.65978e+06		170.607		128.758		0		0.662228		288.413			00:00:24:750		1.3499e+07		-2.47108		0		0		6.67636e+06		197.224		
00:00:24:649		6.66095e+06		170.607		128.065		0		0.65558		288.447			00:00:24:649		1.35054e+07		-2.46076		0		0		6.67756e+06		197.398		
00:00:24:550		6.66211e+06		170.607		128.065		0		0.65558		288.481			00:00:24:550		1.35119e+07		-2.45037		0		0		6.67874e+06		197.568		
00:00:24:449		6.66327e+06		169.885		127.356		0		0.64893		288.515			00:00:24:449		1.35184e+07		-2.43991		0		0		6.67993e+06		197.859		
00:00:24:350		6.66443e+06		169.885		127.356		0		0.64893		288.55			00:00:24:350		1.3525e+07		-2.42938		0		0		6.68116e+06		198.323		
00:00:24:250		6.66554e+06		169.163		127.356		0		0.64893		288.584			00:00:24:250		1.35316e+07		-2.41879		0		0		6.68238e+06		198.898		
00:00:24:100		6.66713e+06		169.163		126.632		0		0.642276		288.637			00:00:24:100		1.35417e+07		-2.40278		0		0		6.68411e+06		199.553		
00:00:24:000		6.66817e+06		168.441		126.632		0		0.642276		288.673			00:00:24:000		1.35485e+07		-2.39202		0		0		6.68524e+06		200.107		
00:00:23:899		6.6692e+06		168.441		125.891		0		0.63562		288.708			00:00:23:899		1.35553e+07		-2.38119		0		0		6.68639e+06		200.736		
00:00:23:800		6.67021e+06		168.441		125.891		0		0.63562		288.744			00:00:23:800		1.35621e+07		-2.37028		0		0		6.68752e+06		201.289		
00:00:23:649		6.67173e+06		167.718		125.132		0		0.628962		288.799			00:00:23:649		1.35725e+07		-2.35378		0		0		6.68918e+06		202.118		
00:00:23:649		6.67173e+06		167.718		125.132		0		0.628962		288.799			00:00:23:649		1.35725e+07		-2.35378		0		0		6.68918e+06		202.118		
00:00:23:550		6.6727e+06		167.718		125.132		0		0.628962		288.836			00:00:23:550		1.35796e+07		-2.34269		0		0		6.69027e+06		202.662		
00:00:23:449		6.6737e+06		166.994		124.357		0		0.622301		288.873			00:00:23:449		1.35866e+07		-2.33153		0		0		6.69137e+06		203.197		
00:00:23:350		6.67469e+06		166.994		124.357		0		0.622301		288.91			00:00:23:350		1.35937e+07		-2.32031		0		0		6.69246e+06		203.73		
00:00:23:250		6.67568e+06		166.27		124.357		0		0.622301		288.948			00:00:23:250		1.36009e+07		-2.30903		0		0		6.69356e+06		204.276		
00:00:23:149		6.67668e+06		166.27		123.563		0		0.615638		288.986			00:00:23:149		1.36081e+07		-2.29769		0		0		6.69465e+06		204.809		
00:00:23:050		6.67767e+06		166.27		123.563		0		0.615638		289.024			00:00:23:050		1.36154e+07		-2.28629		0		0		6.69575e+06		205.358		
00:00:22:949		6.67865e+06		165.545		122.752		0		0.608973		289.063			00:00:22:949		1.36226e+07		-2.27486		0		0		6.69683e+06		205.883		
00:00:22:800		6.68007e+06		165.545		122.752		0		0.608973		289.122			00:00:22:800		1.36336e+07		-2.25761		0		0		6.69843e+06		206.749		
00:00:22:699		6.68098e+06		164.82		121.923		0		0.602305		289.161			00:00:22:699		1.3641e+07		-2.24606		0		0		6.69948e+06		207.591		
00:00:22:600		6.68188e+06		164.82		121.923		0		0.602305		289.201			00:00:22:600		1.36485e+07		-2.23446		0		0		6.70055e+06		208.427		
00:00:22:500		6.68278e+06		164.094		121.923		0		0.602305		289.242			00:00:22:500		1.3656e+07		-2.22282		0		0		6.70162e+06		209.245		
00:00:22:399		6.6837e+06		164.094		121.081		0		0.595635		289.282			00:00:22:399		1.36635e+07		-2.21114		0		0		6.70271e+06		210.08		
00:00:22:300		6.68462e+06		164.094		121.081		0		0.595635		289.323			00:00:22:300		1.36711e+07		-2.19943		0		0		6.7038e+06		210.914		
00:00:22:199		6.68554e+06		163.368		120.226		0		0.588962		289.364			00:00:22:199		1.36787e+07		-2.18769		0		0		6.70489e+06		211.771		
00:00:22:100		6.68647e+06		163.368		120.226		0		0.588962		289.406			00:00:22:100		1.36864e+07		-2.17594		0		0		6.706e+06		212.636		
00:00:22:100		6.68647e+06		163.368		120.226		0		0.588962		289.406			00:00:22:100		1.36864e+07		-2.17594		0		0		6.706e+06		212.636		
00:00:22:000		6.68741e+06		162.641		120.226		0		0.588962		289.448			00:00:22:000		1.36941e+07		-2.16416		0		0		6.70712e+06		213.525		
00:00:21:899		6.68834e+06		162.641		119.358		0		0.582287		289.49			00:00:21:899		1.37018e+07		-2.15236		0		0		6.70824e+06		214.454		
00:00:21:800		6.68927e+06		162.641		119.358		0		0.582287		289.533			00:00:21:800		1.37096e+07		-2.14053		0		0		6.70937e+06		215.349		
00:00:21:550		6.69165e+06		161.914		118.476		0		0.57561		289.643			00:00:21:550		1.37294e+07		-2.11084		0		0		6.71219e+06		217.496		
00:00:21:550		6.69165e+06		161.914		118.476		0		0.57561		289.643			00:00:21:550		1.37294e+07		-2.11084		0		0		6.71219e+06		217.496		
00:00:21:449		6.69261e+06		161.186		117.581		0		0.568931		289.688			00:00:21:449		1.37375e+07		-2.09892		0		0		6.71335e+06		218.449		
00:00:21:350		6.69356e+06		161.186		117.581		0		0.568931		289.734			00:00:21:350		1.37456e+07		-2.08699		0		0		6.71452e+06		219.695		
00:00:21:199		6.69492e+06		160.457		116.672		0		0.562249		289.803			00:00:21:199		1.37579e+07		-2.06913		0		0		6.7163e+06		221.459		
00:00:21:100		6.69586e+06		160.457		116.672		0		0.562249		289.849			00:00:21:100		1.37662e+07		-2.05724		0		0		6.71749e+06		222.615		
00:00:21:000		6.6968e+06		159.728		116.672		0		0.562249		289.896			00:00:21:000		1.37744e+07		-2.04536		0		0		6.71869e+06		223.786		
00:00:20:899		6.69775e+06		159.728		115.75		0		0.555564		289.943			00:00:20:899		1.37827e+07		-2.03349		0		0		6.71988e+06		224.937		
00:00:20:899		6.69775e+06		159.728		115.75		0		0.555564		289.943			00:00:20:899		1.37827e+07		-2.03349		0		0		6.71988e+06		224.937		
00:00:20:800		6.69866e+06		159.728		115.75		0		0.555564		289.991			00:00:20:800		1.37911e+07		-2.02164		0		0		6.72104e+06		225.886		
00:00:20:600		6.70058e+06		158.998		114.815		0		0.548878		290.088			00:00:20:600		1.3808e+07		-1.99798		0		0		6.72332e+06		227.625		
00:00:20:600		6.70058e+06		158.998		114.815		0		0.548878		290.088			00:00:20:600		1.3808e+07		-1.99798		0		0		6.72332e+06		227.625		
00:00:20:350		6.70303e+06		158.268		113.867		0		0.542188		290.212			00:00:20:350		1.38293e+07		-1.96852		0		0		6.72633e+06		230.248		
00:00:20:350		6.70303e+06		158.268		113.867		0		0.542188		290.212			00:00:20:350		1.38293e+07		-1.96852		0		0		6.72633e+06		230.248		
00:00:20:250		6.70403e+06		157.537		113.867		0		0.542188		290.262			00:00:20:250		1.38379e+07		-1.95678		0		0		6.72758e+06		231.382		
00:00:20:149		6.70504e+06		157.537		112.906		0		0.535497		290.313			00:00:20:149		1.38466e+07		-1.94506		0		0		6.72885e+06		232.551		
00:00:20:050		6.70605e+06		157.537		112.906		0		0.535497		290.365			00:00:20:050		1.38553e+07		-1.93337		0		0		6.73013e+06		233.74		
00:00:19:949		6.70706e+06		156.805		111.931		0		0.528802		290.417			00:00:19:949		1.3864e+07		-1.92171		0		0		6.73141e+06		234.97		
00:00:19:850		6.70806e+06		156.805		111.931		0		0.528802		290.469			00:00:19:850		1.38728e+07		-1.91007		0		0		6.73271e+06		236.274		
00:00:19:649		6.71004e+06		156.073		110.944		0		0.522106		290.576			00:00:19:649		1.38906e+07		-1.88687		0		0		6.73534e+06		239.147		
00:00:19:550		6.71103e+06		156.073		110.944		0		0.522106		290.63			00:00:19:550		1.38996e+07		-1.87531		0		0		6.7367e+06		240.738		
00:00:19:550		6.71103e+06		156.073		110.944		0		0.522106		290.63			00:00:19:550		1.38996e+07		-1.87531		0		0		6.7367e+06		240.738		
00:00:19:449		6.71205e+06		155.34		109.944		0		0.515406		290.684			00:00:19:449		1.39087e+07		-1.86377		0		0		6.73807e+06		242.189		
00:00:19:350		6.7131e+06		155.34		109.944		0		0.515406		290.739			00:00:19:350		1.39178e+07		-1.85223		0		0		6.73944e+06		243.536		
00:00:19:250		6.71415e+06		154.607		109.944		0		0.515406		290.795			00:00:19:250		1.3927e+07		-1.84068		0		0		6.74082e+06		244.871		
00:00:19:100		6.71575e+06		154.607		108.931		0		0.508704		290.88			00:00:19:100		1.3941e+07		-1.82331		0		0		6.74288e+06		246.875		
00:00:19:000		6.71682e+06		153.873		108.931		0		0.508704		290.937			00:00:19:000		1.39504e+07		-1.81169		0		0		6.74426e+06		248.157		
00:00:18:899		6.71788e+06		153.873		107.906		0		0.501999		290.994			00:00:18:899		1.396e+07		-1.80004		0		0		6.74565e+06		249.519		
00:00:18:850		6.71842e+06		153.873		107.906		0		0.501999		291.023			00:00:18:850		1.39648e+07		-1.79419		0		0		6.74634e+06		250.141		
00:00:18:750		6.71947e+06		153.138		107.906		0		0.501999		291.081			00:00:18:750		1.39745e+07		-1.78245		0		0		6.74773e+06		251.525		
00:00:18:600		6.7211e+06		153.138		106.868		0		0.495292		291.17			00:00:18:600		1.39894e+07		-1.76471		0		0		6.74983e+06		253.49		
00:00:18:500		6.72217e+06		152.403		106.868		0		0.495292		291.23			00:00:18:500		1.39995e+07		-1.75278		0		0		6.75124e+06		254.94		
00:00:18:399		6.72318e+06		152.403		105.815		0		0.488582		291.29			00:00:18:399		1.40099e+07		-1.74076		0		0		6.75268e+06		256.862		
00:00:18:300		6.72408e+06		152.403		105.815		0		0.488582		291.351			00:00:18:300		1.40205e+07		-1.72867		0		0		6.75413e+06		259.035		
00:00:18:199		6.72501e+06		151.667		104.746		0		0.48187		291.413			00:00:18:199		1.40314e+07		-1.71651		0		0		6.75561e+06		261.229		
00:00:18:100		6.72595e+06		151.667		104.746		0		0.48187		291.476			00:00:18:100		1.40426e+07		-1.70432		0		0		6.75712e+06		263.435		
00:00:18:050		6.72643e+06		151.667		104.746		0		0.48187		291.507			00:00:18:050		1.40482e+07		-1.69819		0		0		6.75788e+06		264.557		
00:00:17:899		6.72788e+06		150.931		103.66		0		0.475154		291.602			00:00:17:899		1.40652e+07		-1.67966		0		0		6.76021e+06		267.911		
00:00:17:800		6.72889e+06		150.931		103.66		0		0.475154		291.667			00:00:17:800		1.40764e+07		-1.66717		0		0		6.76178e+06		270.123		
00:00:17:699		6.7299e+06		150.194		102.557		0		0.468437		291.732			00:00:17:699		1.40874e+07		-1.65457		0		0		6.76338e+06		272.337		
00:00:17:600		6.73094e+06		150.194		102.557		0		0.468437		291.797			00:00:17:600		1.40983e+07		-1.64186		0		0		6.76501e+06		274.579		
00:00:17:500		6.732e+06		149.457		102.557		0		0.468437		291.864			00:00:17:500		1.4109e+07		-1.62909		0		0		6.76666e+06		276.817		
00:00:17:500		6.732e+06		149.457		102.557		0		0.468437		291.864			00:00:17:500		1.4109e+07		-1.62909		0		0		6.76666e+06		276.817		
00:00:17:399		6.73307e+06		149.457		101.44		0		0.461716		291.931			00:00:17:399		1.41199e+07		-1.61624		0		0		6.76834e+06		279.062		
00:00:17:300		6.73416e+06		149.457		101.44		0		0.461716		291.999			00:00:17:300		1.41309e+07		-1.60329		0		0		6.77003e+06		281.314		
00:00:17:199		6.73528e+06		148.718		100.309		0		0.454992		292.068			00:00:17:199		1.41416e+07		-1.59017		0		0		6.77176e+06		283.584		
00:00:17:100		6.73641e+06		148.718		100.309		0		0.454992		292.137			00:00:17:100		1.41518e+07		-1.57688		0		0		6.77351e+06		285.844		
00:00:17:000		6.73756e+06		147.979		100.309		0		0.454992		292.207			00:00:17:000		1.41615e+07		-1.56351		0		0		6.77528e+06		288.108		
00:00:16:899		6.73873e+06		147.979		99.1656		0		0.448265		292.278			00:00:16:899		1.41712e+07		-1.55009		0		0		6.77708e+06		290.388		
00:00:16:800		6.73992e+06		147.979		99.1656		0		0.448265		292.35			00:00:16:800		1.41809e+07		-1.53662		0		0		6.7789e+06		292.674		
00:00:16:600		6.74236e+06		147.24		98.0102		0		0.441536		292.496			00:00:16:600		1.42003e+07		-1.50952		0		0		6.78265e+06		297.391		
00:00:16:600		6.74236e+06		147.24		98.0102		0		0.441536		292.496			00:00:16:600		1.42003e+07		-1.50952		0		0		6.78265e+06		297.391		
00:00:16:500		6.74361e+06		146.499		98.0102		0		0.441536		292.57			00:00:16:500		1.421e+07		-1.49588		0		0		6.78459e+06		299.852		
00:00:16:399		6.74485e+06		146.499		96.8428		0		0.434802		292.646			00:00:16:399		1.42197e+07		-1.4822		0		0		6.78652e+06		302.056		
00:00:16:250		6.74668e+06		145.758		96.8428		0		0.434802		292.76			00:00:16:250		1.42343e+07		-1.46157		0		0		6.78909e+06		304.309		
00:00:16:149		6.74794e+06		145.758		95.6638		0		0.428066		292.838			00:00:16:149		1.4244e+07		-1.44776		0		0		6.79074e+06		305.919		
00:00:16:050		6.74926e+06		145.758		95.6638		0		0.428066		292.915			00:00:16:050		1.42537e+07		-1.43391		0		0		6.79258e+06		307.927		
00:00:15:900		6.75131e+06		145.015		94.4738		0		0.421326		293.032			00:00:15:900		1.42683e+07		-1.41303		0		0		6.79554e+06		311.133		
00:00:15:800		6.75271e+06		145.015		94.4738		0		0.421326		293.112			00:00:15:800		1.4278e+07		-1.39905		0		0		6.79756e+06		313.271		
00:00:15:800		6.75271e+06		145.015		94.4738		0		0.421326		293.112			00:00:15:800		1.4278e+07		-1.39905		0		0		6.79756e+06		313.271		
00:00:15:599		6.75549e+06		144.272		93.2732		0		0.414582		293.273			00:00:15:599		1.42974e+07		-1.37096		0		0		6.80168e+06		317.756		
00:00:15:500		6.75692e+06		143.527		93.2732		0		0.414582		293.355			00:00:15:500		1.43071e+07		-1.35685		0		0		6.80372e+06		319.747		
00:00:15:500		6.75692e+06		143.527		93.2732		0		0.414582		293.355			00:00:15:500		1.43071e+07		-1.35685		0		0		6.80372e+06		319.747		
00:00:15:400		6.75835e+06		143.527		92.0628		0		0.407834		293.438			00:00:15:400		1.43167e+07		-1.34268		0		0		6.80573e+06		321.667		
00:00:15:300		6.75978e+06		143.527		92.0628		0		0.407834		293.522			00:00:15:300		1.43264e+07		-1.32846		0		0		6.80774e+06		323.594		
00:00:15:150		6.76183e+06		142.781		90.8434		0		0.401083		293.649			00:00:15:150		1.43408e+07		-1.30703		0		0		6.81075e+06		326.875		
00:00:15:050		6.76315e+06		142.781		90.8434		0		0.401083		293.734			00:00:15:050		1.43503e+07		-1.29268		0		0		6.81277e+06		329.267		
00:00:14:949		6.76451e+06		142.034		89.6158		0		0.394328		293.821			00:00:14:949		1.43598e+07		-1.27827		0		0		6.81481e+06		331.334		
00:00:14:849		6.766e+06		142.034		89.6158		0		0.394328		293.907			00:00:14:849		1.43693e+07		-1.26381		0		0		6.81688e+06		333.155		
00:00:14:750		6.76754e+06		141.286		89.6158		0		0.394328		293.995			00:00:14:750		1.43788e+07		-1.24929		0		0		6.81894e+06		334.873		
00:00:14:550		6.77062e+06		141.286		88.3809		0		0.38757		294.17			00:00:14:550		1.43976e+07		-1.22008		0		0		6.8231e+06		338.387		
00:00:14:550		6.77062e+06		141.286		88.3809		0		0.38757		294.17			00:00:14:550		1.43976e+07		-1.22008		0		0		6.8231e+06		338.387		
00:00:14:449		6.77217e+06		140.538		87.1398		0		0.380807		294.257			00:00:14:449		1.44069e+07		-1.20538		0		0		6.82517e+06		340.077		
00:00:14:349		6.77372e+06		140.538		87.1398		0		0.380807		294.345			00:00:14:349		1.4416e+07		-1.19062		0		0		6.82725e+06		341.921		
00:00:14:250		6.7753e+06		139.788		87.1398		0		0.380807		294.433			00:00:14:250		1.44251e+07		-1.17579		0.0664646		0		6.8294e+06		343.687		
00:00:14:150		6.77693e+06		139.788		85.8932		0		0.37404		294.52			00:00:14:150		1.4434e+07		-1.16089		0.199492		0		6.83156e+06		345.411		
00:00:14:050		6.77856e+06		139.788		85.8932		0		0.37404		294.608			00:00:14:050		1.44426e+07		-1.14591		0.331714		0		6.83373e+06		347.142		
00:00:13:949		6.78019e+06		139.037		84.6413		0		0.367268		294.695			00:00:13:949		1.44509e+07		-1.13086		0.462393		0		6.83591e+06		348.856		
00:00:13:849		6.78184e+06		139.037		84.6413		0		0.367268		294.782			00:00:13:849		1.44589e+07		-1.11579		0.590785		0		6.83809e+06		350.562		
00:00:13:750		6.78349e+06		138.285		84.6413		0		0.367268		294.868			00:00:13:750		1.4467e+07		-1.10075		0.716276		0		6.84029e+06		352.297		
00:00:13:550		6.78679e+06		138.285		83.3855		0		0.360493		295.04			00:00:13:550		1.44836e+07		-1.0708		0.956096		0		6.84471e+06		355.874		
00:00:13:550		6.78679e+06		138.285		83.3855		0		0.360493		295.04			00:00:13:550		1.44836e+07		-1.0708		0.956096		0		6.84471e+06		355.874		
00:00:13:449		6.78846e+06		137.532		82.1271		0		0.353713		295.126			00:00:13:449		1.44923e+07		-1.05592		1.06923		0		6.84695e+06		357.659		
00:00:13:349		6.79015e+06		137.532		82.1271		0		0.353713		295.212			00:00:13:349		1.45016e+07		-1.04108		1.17737		0		6.84921e+06		359.434		
00:00:13:250		6.79185e+06		136.778		82.1271		0		0.353713		295.298			00:00:13:250		1.45111e+07		-1.02613		1.28032		0		6.85148e+06		361.234		
00:00:13:150		6.79355e+06		136.778		80.8678		0		0.346929		295.383			00:00:13:150		1.452e+07		-1.01112		1.37781		0		6.85377e+06		363.04		
00:00:13:050		6.79525e+06		136.778		80.8678		0		0.346929		295.47			00:00:13:050		1.4529e+07		-0.995991		1.46976		0		6.85606e+06		364.849		
00:00:12:949		6.79696e+06		136.023		79.6092		0		0.340141		295.556			00:00:12:949		1.4537e+07		-0.980757		1.55621		0		6.85835e+06		366.621		
00:00:12:849		6.79869e+06		136.023		79.6092		0		0.340141		295.644			00:00:12:849		1.45444e+07		-0.965422		1.63713		0		6.86064e+06		368.304		
00:00:12:650		6.80225e+06		135.267		78.3531		0		0.333348		295.82			00:00:12:650		1.45588e+07		-0.935126		1.7806		0		6.86519e+06		371.475		
00:00:12:550		6.80394e+06		135.267		78.3531		0		0.333348		295.908			00:00:12:550		1.45666e+07		-0.920197		1.84446		0		6.86744e+06		372.97		
00:00:12:550		6.80394e+06		135.267		78.3531		0		0.333348		295.908			00:00:12:550		1.45666e+07		-0.920197		1.84446		0		6.86744e+06		372.97		
00:00:12:449		6.8057e+06		134.51		77.1015		0		0.32655		295.998			00:00:12:449		1.4575e+07		-0.905441		1.90588		0		6.86967e+06		374.397		
00:00:12:349		6.80745e+06		134.51		77.1015		0		0.32655		296.088			00:00:12:349		1.45841e+07		-0.890827		1.96575		0		6.87189e+06		375.784		
00:00:12:250		6.81006e+06		133.751		75.8566		0		0.319748		296.225			00:00:12:250		1.45988e+07		-0.868999		2.05568		0		6.87517e+06		377.788		
00:00:12:150		6.81093e+06		133.751		75.8566		0		0.319748		296.271			00:00:12:150		1.46036e+07		-0.861722		2.08702		3.46914		6.87625e+06		378.439		
00:00:12:000		6.8135e+06		132.991		75.8566		0		0.319748		296.411			00:00:12:000		1.46183e+07		-0.839891		2.17925		3.85735		6.87946e+06		380.372		
00:00:11:949		6.81436e+06		132.991		74.6209		0		0.312942		296.458			00:00:11:949		1.46231e+07		-0.83261		2.20581		3.85735		6.88053e+06		381.044		
00:00:11:800		6.81695e+06		132.991		74.6209		0		0.312942		296.6			00:00:11:800		1.46378e+07		-0.810766		2.28118		0		6.8838e+06		383.174		
00:00:11:599		6.82041e+06		132.23		73.397		0		0.306132		296.794			00:00:11:599		1.46573e+07		-0.781649		2.36257		0		6.88823e+06		386.021		
00:00:11:500		6.82219e+06		131.468		73.397		0		0.306132		296.893			00:00:11:500		1.4667e+07		-0.767103		2.4006		0		6.89043e+06		387.257		
00:00:11:500		6.82219e+06		131.468		73.397		0		0.306132		296.893			00:00:11:500		1.4667e+07		-0.767103		2.4006		0		6.89043e+06		387.257		
00:00:11:449		6.82309e+06		131.468		72.1877		0		0.299316		296.944			00:00:11:449		1.46719e+07		-0.759835		2.41804		0		6.89152e+06		387.906		
00:00:11:349		6.82487e+06		131.468		72.1877		0		0.299316		297.046			00:00:11:349		1.46817e+07		-0.745308		2.45138		0		6.89369e+06		388.963		
00:00:11:250		6.82669e+06		130.705		72.1877		0		0.299316		297.149			00:00:11:250		1.46914e+07		-0.730797		2.48269		0		6.89585e+06		390.017		
00:00:11:150		6.8285e+06		130.705		70.996		0		0.292497		297.254			00:00:11:150		1.47011e+07		-0.716305		2.51211		0		6.89801e+06		391.111		
00:00:11:050		6.83029e+06		130.705		70.996		0		0.292497		297.359			00:00:11:050		1.47107e+07		-0.70183		2.54005		0		6.90018e+06		392.283		
00:00:10:949		6.83208e+06		129.94		69.8248		0		0.285673		297.466			00:00:10:949		1.47204e+07		-0.687385		2.56662		0		6.90237e+06		393.543		
00:00:10:849		6.83386e+06		129.94		69.8248		0		0.285673		297.573			00:00:10:849		1.47301e+07		-0.672972		2.59152		0		6.90459e+06		394.895		
00:00:10:650		6.83743e+06		129.174		68.6768		0		0.278844		297.79			00:00:10:650		1.47494e+07		-0.644243		2.63733		0		6.9091e+06		397.662		
00:00:10:550		6.83921e+06		129.174		68.6768		0		0.278844		297.901			00:00:10:550		1.4759e+07		-0.629934		2.65846		0		6.91134e+06		398.985		
00:00:10:550		6.83921e+06		129.174		68.6768		0		0.278844		297.901			00:00:10:550		1.4759e+07		-0.629934		2.65846		0		6.91134e+06		398.985		
00:00:10:400		6.84186e+06		128.406		67.5542		0		0.272011		298.07			00:00:10:400		1.47733e+07		-0.608546		2.68825		0		6.91465e+06		400.87		
00:00:10:300		6.84362e+06		128.406		67.5542		0		0.272011		298.184			00:00:10:300		1.47829e+07		-0.594347		2.70682		0		6.91683e+06		402.108		
00:00:10:199		6.84536e+06		127.638		66.4582		0		0.265174		298.301			00:00:10:199		1.47925e+07		-0.580203		2.72416		0		6.91899e+06		403.371		
00:00:10:099		6.84698e+06		127.638		66.4582		0		0.265174		298.419			00:00:10:099		1.4802e+07		-0.566113		2.74067		0		6.92112e+06		404.8		
00:00:10:000		6.84863e+06		126.868		66.4582		0		0.265174		298.538			00:00:10:000		1.48115e+07		-0.55208		2.75617		0		6.92323e+06		406.119		
00:00:09:900		6.85025e+06		126.868		65.388		0		0.258333		298.66			00:00:09:900		1.4821e+07		-0.538105		2.77075		0		6.92532e+06		407.446		
00:00:09:800		6.85183e+06		126.868		65.388		0		0.258333		298.783			00:00:09:800		1.48305e+07		-0.524193		2.78455		0		6.92737e+06		408.776		
00:00:09:699		6.85183e+06		126.868		65.388		0		0.258333		298.783			00:00:09:699		1.48305e+07		-0.524193		2.78455		0		6.92737e+06		408.776		
00:00:09:599		6.8549e+06		126.097		64.3373		0		0.251489		299.034			00:00:09:599		1.48494e+07		-0.496592		2.8104		0		6.93138e+06		411.441		
00:00:09:500		6.85636e+06		125.325		64.3373		0		0.251489		299.162			00:00:09:500		1.48588e+07		-0.482907		2.82237		0		6.93333e+06		412.78		
00:00:09:500		6.85636e+06		125.325		64.3373		0		0.251489		299.162			00:00:09:500		1.48588e+07		-0.482907		2.82237		0		6.93333e+06		412.78		
00:00:09:400		6.85779e+06		125.325		63.2934		0		0.244641		299.291			00:00:09:400		1.48683e+07		-0.469301		2.83359		0		6.93524e+06		414.108		
00:00:09:300		6.85917e+06		125.325		63.2934		0		0.244641		299.423			00:00:09:300		1.48777e+07		-0.455777		2.84405		0		6.9371e+06		415.426		
00:00:09:199		6.86049e+06		124.552		62.2567		0		0.23779		299.555			00:00:09:199		1.48871e+07		-0.442344		2.85395		0		6.9389e+06		416.726		
00:00:09:099		6.86177e+06		124.552		62.2567		0		0.23779		299.689			00:00:09:099		1.48965e+07		-0.428998		2.86381		0		6.94065e+06		418.028		
00:00:09:000		6.86299e+06		123.778		62.2567		0		0.23779		299.826			00:00:09:000		1.4906e+07		-0.415747		2.87234		0		6.94235e+06		419.323		
00:00:08:900		6.86415e+06		123.778		61.2273		0		0.230936		299.964			00:00:08:900		1.49154e+07		-0.402583		2.88031		0		6.94398e+06		420.605		
00:00:08:800		6.86525e+06		123.778		61.2273		0		0.230936		300.104			00:00:08:800		1.49248e+07		-0.389519		2.88807		0		6.94556e+06		421.86		
00:00:08:550		6.86781e+06		123.003		60.2055		0		0.22408		300.463			00:00:08:550		1.49483e+07		-0.357307		2.9051		0		6.94918e+06		424.655		
00:00:08:550		6.86781e+06		123.003		60.2055		0		0.22408		300.463			00:00:08:550		1.49483e+07		-0.357307		2.9051		0		6.94918e+06		424.655		
00:00:08:500		6.86831e+06		122.227		60.2055		0		0.22408		300.536			00:00:08:500		1.49529e+07		-0.350955		2.90821		0		6.94985e+06		425.087		
00:00:08:400		6.86935e+06		122.227		59.1917		0		0.217222		300.685			00:00:08:400		1.49623e+07		-0.338331		2.91378		0		6.95112e+06		425.531		
00:00:08:300		6.87044e+06		122.227		59.1917		0		0.217222		300.832			00:00:08:300		1.49717e+07		-0.325819		2.91902		0		6.9523e+06		425.782		
00:00:08:199		6.87144e+06		121.451		58.1859		0		0.210362		300.982			00:00:08:199		1.49812e+07		-0.313414		2.92394		0		6.95338e+06		426.017		
00:00:08:099		6.87236e+06		121.451		58.1859		0		0.210362		301.133			00:00:08:099		1.49906e+07		-0.301102		2.92871		0		6.95437e+06		426.213		
00:00:07:900		6.87391e+06		120.675		57.1886		0		0.2035		301.444			00:00:07:900		1.50097e+07		-0.276818		2.93593		0		6.95605e+06		426.605		
00:00:07:900		6.87391e+06		120.675		57.1886		0		0.2035		301.444			00:00:07:900		1.50097e+07		-0.276818		2.93593		0		6.95605e+06		426.605		
00:00:07:750		6.87482e+06		119.898		57.1886		0		0.2035		301.683			00:00:07:750		1.50241e+07		-0.258919		2.93988		0		6.95706e+06		426.868		
00:00:07:549		6.87572e+06		119.898		56.2		0		0.196637		302.01			00:00:07:549		1.50435e+07		-0.235423		2.94397		0		6.95807e+06		427.183		
00:00:07:549		6.87572e+06		119.898		56.2		0		0.196637		302.01			00:00:07:549		1.50435e+07		-0.235423		2.94397		0		6.95807e+06		427.183		
00:00:07:450		6.87603e+06		119.122		55.2202		0		0.189774		302.177			00:00:07:450		1.50532e+07		-0.22382		2.94553		0		6.95844e+06		427.364		
00:00:07:349		6.87627e+06		119.122		55.2202		0		0.189774		302.346			00:00:07:349		1.50631e+07		-0.212297		2.94537		0		6.95877e+06		427.657		
00:00:07:250		6.87643e+06		118.346		55.2202		0		0.189774		302.517			00:00:07:250		1.50729e+07		-0.200856		2.94509		0		6.95909e+06		428.194		
00:00:07:150		6.87653e+06		118.346		54.2498		0		0.182912		302.689			00:00:07:150		1.50828e+07		-0.189478		2.94466		0		6.95942e+06		428.903		
00:00:07:049		6.87653e+06		118.346		54.2498		0		0.182912		302.865			00:00:07:049		1.50925e+07		-0.178095		2.94308		0		6.95971e+06		429.591		
00:00:06:950		6.87646e+06		117.571		53.2891		0		0.17605		303.042			00:00:06:950		1.51015e+07		-0.166709		2.9415		0		6.95988e+06		430.162		
00:00:06:849		6.87633e+06		117.571		53.2891		0		0.17605		303.223			00:00:06:849		1.511e+07		-0.155453		2.93983		0		6.95994e+06		430.584		
00:00:06:799		6.87624e+06		117.571		53.2891		0		0.17605		303.314			00:00:06:799		1.51142e+07		-0.149874		2.93887		0		6.95992e+06		430.732		
00:00:06:599		6.87574e+06		116.797		52.3386		0		0.169189		303.678			00:00:06:599		1.51313e+07		-0.127833		2.9322		0		6.95955e+06		430.919		
00:00:06:599		6.87574e+06		116.797		52.3386		0		0.169189		303.678			00:00:06:599		1.51313e+07		-0.127833		2.9322		0		6.95955e+06		430.919		
00:00:06:450		6.8751e+06		116.025		51.3988		0		0.16233		303.956			00:00:06:450		1.51441e+07		-0.111666		2.92605		0		6.95895e+06		430.949		
00:00:06:349		6.87452e+06		116.025		51.3988		0		0.16233		304.145			00:00:06:349		1.51527e+07		-0.101077		2.92142		0		6.95839e+06		430.979		
00:00:06:250		6.87382e+06		115.256		51.3988		0		0.16233		304.336			00:00:06:250		1.51615e+07		-0.0906577		2.91671		0		6.95772e+06		431.017		
00:00:06:150		6.873e+06		115.256		50.4701		0		0.155473		304.53			00:00:06:150		1.51704e+07		-0.0803986		2.91058		0		6.95693e+06		431.074		
00:00:06:049		6.87207e+06		115.256		50.4701		0		0.155473		304.725			00:00:06:049		1.51794e+07		-0.070262		2.90343		0		6.95604e+06		431.146		
00:00:05:849		6.86989e+06		114.488		49.5531		0		0.14862		305.12			00:00:05:849		1.51974e+07		-0.0503397		2.88733		0		6.95396e+06		431.291		
00:00:05:849		6.86989e+06		114.488		49.5531		0		0.14862		305.12			00:00:05:849		1.51974e+07		-0.0503397		2.88733		0		6.95396e+06		431.291		
00:00:05:750		6.86866e+06		113.724		49.5531		0		0.14862		305.32			00:00:05:750		1.52063e+07		-0.0405588		2.87985		0		6.95277e+06		431.375		
00:00:05:549		6.86588e+06		113.724		48.6486		0		0.141771		305.724			00:00:05:549		1.52242e+07		-0.021369		2.86087		0		6.95012e+06		431.63		
00:00:05:549		6.86588e+06		113.724		48.6486		0		0.141771		305.724			00:00:05:549		1.52242e+07		-0.021369		2.86087		0		6.95012e+06		431.63		
00:00:05:450		6.86438e+06		112.965		47.7577		0		0.134926		305.925			00:00:05:450		1.5233e+07		-0.0119743		2.84893		0		6.94865e+06		431.524		
00:00:05:349		6.86279e+06		112.965		47.7577		0		0.134926		306.128			00:00:05:349		1.52419e+07		-0.0027194		2.83857		13.6275		6.94707e+06		431.514		
00:00:05:250		6.86109e+06		112.209		47.7577		0		0.134926		306.332			00:00:05:250		1.52507e+07		0.00639009		2.83033		26.1326		6.94538e+06		431.493		
00:00:05:099		6.85835e+06		112.209		46.8829		0		0.128086		306.639			00:00:05:099		1.52639e+07		0.0197573		2.81318		41.2116		6.94263e+06		431.331		
00:00:05:049		6.85738e+06		112.209		46.8829		0		0.128086		306.742			00:00:05:049		1.52682e+07		0.024128		2.80465		45.0134		6.94166e+06		431.263		
00:00:04:900		6.8543e+06		111.46		46.0286		0		0.121253		307.05			00:00:04:900		1.52812e+07		0.0369544		2.77783		57.7037		6.93852e+06		430.945		
00:00:04:799		6.8521e+06		111.46		46.0286		0		0.121253		307.255			00:00:04:799		1.52897e+07		0.0452762		2.7687		66.1213		6.93623e+06		430.31		
00:00:04:599		6.8477e+06		110.717		45.2026		0		0.114425		307.661			00:00:04:599		1.5307e+07		0.0614252		2.75526		83.19		6.93097e+06		427.707		
00:00:04:500		6.84559e+06		109.982		45.2026		0		0.114425		307.859			00:00:04:500		1.53159e+07		0.0692019		2.72571		90.8298		6.92791e+06		424.766		
00:00:04:500		6.84559e+06		109.982		45.2026		0		0.114425		307.859			00:00:04:500		1.53159e+07		0.0692019		2.72571		90.8298		6.92791e+06		424.766		
00:00:04:400		6.84398e+06		109.982		44.4062		0		0.107601		308.054			00:00:04:400		1.53248e+07		0.0766854		2.69476		98.3409		6.92448e+06		419.037		
00:00:04:299		6.84362e+06		109.982		44.4062		0		0.107601		308.244			00:00:04:299		1.53334e+07		0.0837798		2.68688		105.965		6.92062e+06		408.506		
00:00:04:200		6.84335e+06		109.255		43.6408		0		0.100779		308.427			00:00:04:200		1.53414e+07		0.0904384		2.70786		113.478		6.91633e+06		397.38		
00:00:04:099		6.84245e+06		109.255		43.6408		0		0.100779		308.602			00:00:04:099		1.53484e+07		0.0967579		2.71034		120.634		6.91161e+06		386.795		
00:00:04:000		6.84122e+06		108.539		43.6408		0		0.100779		308.769			00:00:04:000		1.5355e+07		0.102981		2.64919		128.674		6.90649e+06		375.432		
00:00:03:899		6.83943e+06		108.539		42.9076		0		0.0939645		308.927			00:00:03:899		1.5362e+07		0.108978		2.57315		135.93		6.90104e+06		364.674		
00:00:03:799		6.83733e+06		108.539		42.9076		0		0.0939645		309.075			00:00:03:799		1.537e+07		0.114884		2.56951		144.903		6.89535e+06		353.991		
00:00:03:600		6.83229e+06		107.833		42.2077		0		0.0871574		309.332			00:00:03:600		1.53864e+07		0.125946		2.76712		177.22		6.88381e+06		334.405		
00:00:03:600		6.83229e+06		107.833		42.2077		0		0.0871574		309.332			00:00:03:600		1.53864e+07		0.125946		2.76712		177.22		6.88381e+06		334.405		
00:00:03:500		6.82921e+06		107.141		42.2077		0		0.0871574		309.439			00:00:03:500		1.53944e+07		0.131068		2.80436		210.104		6.87833e+06		327.239		
00:00:03:500		6.82921e+06		107.141		42.2077		0		0.0871574		309.439			00:00:03:500		1.53944e+07		0.131068		2.80436		210.104		6.87833e+06		327.239		
00:00:03:399		6.82528e+06		107.141		41.5419		0		0.0803637		309.531			00:00:03:399		1.54024e+07		0.135908		2.83494		260.374		6.87349e+06		326.817		
00:00:03:299		6.81842e+06		107.141		41.5419		0		0.0803637		309.607			00:00:03:299		1.54104e+07		0.140447		2.85839		308.332		6.86987e+06		341.942		
00:00:03:200		6.80365e+06		106.464		40.9105		0		0.073658		309.669			00:00:03:200		1.54181e+07		0.144647		2.87403		353.724		6.86803e+06		390.508		
00:00:03:100		6.77108e+06		106.464		40.9105		0		0.073658		309.717			00:00:03:100		1.54256e+07		0.148458		2.88283		393.134		6.86826e+06		489.673		
00:00:03:000		6.71821e+06		105.803		40.9105		0		0.073658		309.753			00:00:03:000		1.54327e+07		0.151831		2.88763		428.597		6.86999e+06		585.765		
00:00:02:799		6.67422e+06		105.803		40.3132		0		0.0670022		309.8			00:00:02:799		1.54445e+07		0.157145		2.88948		477.71		6.87574e+06		671.977		
00:00:02:700		6.66081e+06		105.161		39.7496		0		0.0603488		309.815			00:00:02:700		1.54489e+07		0.159124		2.88461		495.161		6.87913e+06		699.136		
00:00:02:600		6.6617e+06		105.161		39.7496		0		0.0603488		309.826			00:00:02:600		1.54523e+07		0.160744		2.8778		508.426		6.88246e+06		692.948		
00:00:02:600		6.6617e+06		105.161		39.7496		0		0.0603488		309.826			00:00:02:600		1.54523e+07		0.160744		2.8778		508.426		6.88246e+06		692.948		
00:00:02:500		6.66856e+06		104.537		39.7496		0		0.0603488		309.834			00:00:02:500		1.54549e+07		0.162105		2.869		516.542		6.88572e+06		687.683		
00:00:02:399		6.67416e+06		104.537		39.22		0		0.0536836		309.839			00:00:02:399		1.54569e+07		0.163309		2.86048		519.059		6.88897e+06		684.544		
00:00:02:299		6.67809e+06		104.537		39.22		0		0.0536836		309.842			00:00:02:299		1.54586e+07		0.164433		2.8545		519.081		6.89225e+06		684.842		
00:00:02:200		6.68118e+06		103.935		38.7245		0		0.0470102		309.843			00:00:02:200		1.54603e+07		0.165514		2.85241		519.042		6.89558e+06		685.347		
00:00:02:100		6.68434e+06		103.935		38.7245		0		0.0470102		309.844			00:00:02:100		1.54621e+07		0.166554		2.85059		518.999		6.89895e+06		685.767		
00:00:02:000		6.68753e+06		103.359		38.7245		0		0.0470102		309.844			00:00:02:000		1.5464e+07		0.167551		2.84865		518.938		6.90237e+06		686.161		
00:00:01:850		6.69233e+06		103.359		38.2633		0		0.0403281		309.843			00:00:01:850		1.54669e+07		0.168943		2.84619		519.102		6.90758e+06		686.953		
00:00:01:649		6.6988e+06		102.81		37.8362		0		0.0336372		309.842			00:00:01:649		1.54709e+07		0.170536		2.84398		519.404		6.91469e+06		688.181		
00:00:01:649		6.6988e+06		102.81		37.8362		0		0.0336372		309.842			00:00:01:649		1.54709e+07		0.170536		2.84398		519.404		6.91469e+06		688.181		
00:00:01:550		6.70204e+06		102.81		37.8362		0		0.0336372		309.842			00:00:01:550		1.54727e+07		0.171182		2.84345		519.697		6.9183e+06		688.679		
00:00:01:449		6.70542e+06		102.294		37.4429		0		0.026937		309.842			00:00:01:449		1.54743e+07		0.171712		2.84295		520.123		6.92191e+06		689.205		
00:00:01:350		6.70877e+06		102.294		37.4429		0		0.026937		309.842			00:00:01:350		1.54757e+07		0.172123		2.84246		520.7		6.92546e+06		689.507		
00:00:01:250		6.71225e+06		101.814		37.4429		0		0.026937		309.842			00:00:01:250		1.54768e+07		0.172422		2.84186		521.455		6.92889e+06		689.281		
00:00:01:149		6.716e+06		101.814		37.086		0		0.0202261		309.843			00:00:01:149		1.54776e+07		0.172623		2.84116		522.406		6.93214e+06		688.401		
00:00:01:050		6.72005e+06		101.814		37.086		0		0.0202261		309.844			00:00:01:050		1.54781e+07		0.172745		2.84029		523.588		6.93575e+06		688.318		
00:00:00:949		6.72432e+06		101.376		36.7731		0		0.0135026		309.844			00:00:00:949		1.54784e+07		0.172811		2.83933		524.957		6.93988e+06		688.189		
00:00:00:849		6.72883e+06		101.376		36.7731		0		0.0135026		309.845			00:00:00:849		1.54786e+07		0.17284		2.83815		526.405		6.94407e+06		687.728		
00:00:00:750		6.73367e+06		100.986		36.7731		0		0.0135026		309.845			00:00:00:750		1.54786e+07		0.172848		2.8371		528.014		6.94826e+06		686.663		
00:00:00:650		6.73899e+06		100.986		36.5126		0		0.00676359		309.846			00:00:00:650		1.54786e+07		0.172845		2.83628		529.175		6.95235e+06		684.526		
00:00:00:550		6.74508e+06		100.986		36.5126		0		0.00676359		309.846			00:00:00:550		1.54786e+07		0.172842		2.83577		529.89		6.95618e+06		680.351		
00:00:00:450		6.75252e+06		100.574		36.3834		0		0		309.846			00:00:00:450		1.54786e+07		0.17284		2.8356		530.217		6.95958e+06		673.2		
00:00:00:349		6.76201e+06		100.574		36.3834		0		0		309.846			00:00:00:349		1.54786e+07		0.17284		2.83569		530.217		6.9623e+06		660.851		
00:00:00:250		6.77528e+06		100.069		36.3834		0		0		309.846			00:00:00:250		1.54786e+07		0.17284		2.83572		530.219		6.96412e+06		639.816		
00:00:00:149		6.79562e+06		100.069		36.3837		0		0		309.846			00:00:00:149		1.54785e+07		0.17284		2.83572		530.221		6.96484e+06		604.904		
00:00:00:050		6.83115e+06		100.069		36.3837		0		0		309.846			00:00:00:050		1.54785e+07		0.17284		2.83567		530.223		6.96484e+06		526.826		
00:00:00:000		6.83115e+06		100.069		36.3837		0		0		309.846			00:00:00:000		1.54785e+07		0.17284		2.83571		530.225		6.96483e+06		526.826		
00:00:00:000		6.83115e+06		100.069		36.3837		0		0		309.846			00:00:00:000		1.54785e+07		0.17284		2.83571		530.225		6.96483e+06		526.826		
00:00:00:000		6.83115e+06		100.069		36.3837		0		0		309.846			00:00:00:000		1.54785e+07		0.17284		2.83571		530.225		6.96483e+06		526.826		
00:00:00:000		6.83115e+06		100.069		36.3837		0		0		309.846			00:00:00:000		1.54785e+07		0.17284		2.83571		530.225		6.96483e+06		526.826		
00:00:00:000		6.83115e+06		100.069		36.3837		0		0		309.846			00:00:00:000		1.54785e+07		0.17284		2.83571		530.225		6.96483e+06		526.826		
00:00:00:000		6.83115e+06		100.069		36.3837		0		0		309.846			00:00:00:000		1.54785e+07		0.17284		2.83571		530.225		6.96483e+06		526.826		
00:00:00:000		6.83115e+06		100.069		36.3837		0		0		309.846			00:00:00:000		1.54785e+07		0.17284		2.83571		530.225		6.96483e+06		526.826		
