	time 		rcpppzr	rcp054rcp007mnzoyout	rcv501std0102fvol	fwfrcp001gv	rcppmssga	msfsg(1)			time 		gpv001pnt10113ppntm	evf507ety101mpzoyout	chtcon(1)	chavg(1)	chlhsumpa	rcptavgn	
00:01:06:500		1.5389e+07		0.0147729		2.35255		539.069		6.87429e+06		539.307			00:01:06:500		6.73465e+06		115.173		64.0663		0		0.136968		309.276		
00:01:06:400		1.53891e+07		0.0149927		2.3544		539.067		6.87439e+06		539.298			00:01:06:400		6.73475e+06		115.173		63.9433		0		0.13645		309.277		
00:01:06:299		1.53892e+07		0.015213		2.35645		539.069		6.87448e+06		539.298			00:01:06:299		6.73485e+06		115.173		63.9433		0		0.13645		309.278		
00:01:06:200		1.53893e+07		0.0154328		2.3582		539.069		6.87458e+06		539.295			00:01:06:200		6.73495e+06		115.115		63.8204		0		0.135933		309.278		
00:01:06:000		1.53895e+07		0.0158734		2.36184		539.072		6.87477e+06		539.294			00:01:06:000		6.73515e+06		115.058		63.8204		0		0.135933		309.28		
00:01:06:000		1.53895e+07		0.0158734		2.36184		539.072		6.87477e+06		539.294			00:01:06:000		6.73515e+06		115.058		63.8204		0		0.135933		309.28		
00:01:05:900		1.53896e+07		0.0160942		2.36388		539.072		6.87487e+06		539.292			00:01:05:900		6.73525e+06		115.058		63.6975		0		0.135415		309.28		
00:01:05:799		1.53897e+07		0.0163145		2.36558		539.074		6.87497e+06		539.297			00:01:05:799		6.73535e+06		115.058		63.6975		0		0.135415		309.281		
00:01:05:700		1.53898e+07		0.0165348		2.36737		539.074		6.87506e+06		539.292			00:01:05:700		6.73545e+06		115.001		63.5746		0		0.134897		309.282		
00:01:05:599		1.53899e+07		0.0167556		2.36931		539.074		6.87516e+06		539.29			00:01:05:599		6.73554e+06		115.001		63.5746		0		0.134897		309.282		
00:01:05:500		1.539e+07		0.0169759		2.37115		539.076		6.87526e+06		539.289			00:01:05:500		6.73564e+06		114.944		63.5746		0		0.134897		309.283		
00:01:05:400		1.53902e+07		0.0171967		2.37288		539.078		6.87536e+06		539.282			00:01:05:400		6.73574e+06		114.944		63.4517		0		0.134379		309.284		
00:01:05:299		1.53903e+07		0.0174174		2.37482		539.081		6.87545e+06		539.281			00:01:05:299		6.73584e+06		114.944		63.4517		0		0.134379		309.284		
00:01:05:200		1.53904e+07		0.0176382		2.37651		539.09		6.87555e+06		539.279			00:01:05:200		6.73594e+06		114.886		63.3289		0		0.133862		309.285		
00:01:05:000		1.53906e+07		0.0180802		2.38033		539.04		6.87575e+06		539.279			00:01:05:000		6.73614e+06		114.829		63.3289		0		0.133862		309.286		
00:01:05:000		1.53906e+07		0.0180802		2.38033		539.04		6.87575e+06		539.279			00:01:05:000		6.73614e+06		114.829		63.3289		0		0.133862		309.286		
00:01:04:900		1.53907e+07		0.0183015		2.382		539.038		6.87584e+06		539.271			00:01:04:900		6.73624e+06		114.829		63.2062		0		0.133344		309.287		
00:01:04:799		1.53908e+07		0.0185227		2.38389		539.036		6.87594e+06		539.284			00:01:04:799		6.73634e+06		114.829		63.2062		0		0.133344		309.288		
00:01:04:700		1.53909e+07		0.018744		2.38567		539.034		6.87604e+06		539.274			00:01:04:700		6.73644e+06		114.772		63.0834		0		0.132826		309.288		
00:01:04:599		1.5391e+07		0.0189652		2.38764		539.032		6.87614e+06		539.258			00:01:04:599		6.73655e+06		114.772		63.0834		0		0.132826		309.289		
00:01:04:500		1.53911e+07		0.0191865		2.38927		539.031		6.87624e+06		539.261			00:01:04:500		6.73665e+06		114.715		63.0834		0		0.132826		309.29		
00:01:04:400		1.53912e+07		0.0194077		2.39125		539.029		6.87633e+06		539.264			00:01:04:400		6.73675e+06		114.715		62.9607		0		0.132308		309.291		
00:01:04:299		1.53913e+07		0.0196295		2.39287		539.029		6.87643e+06		539.258			00:01:04:299		6.73685e+06		114.715		62.9607		0		0.132308		309.291		
00:01:04:200		1.53914e+07		0.0198512		2.39469		539.029		6.87653e+06		539.258			00:01:04:200		6.73695e+06		114.657		62.838		0		0.13179		309.292		
00:01:04:099		1.53915e+07		0.0200725		2.39652		539.027		6.87663e+06		539.258			00:01:04:099		6.73704e+06		114.657		62.838		0		0.13179		309.293		
00:01:04:000		1.53916e+07		0.0202942		2.39834		539.027		6.87673e+06		539.263			00:01:04:000		6.73714e+06		114.6		62.838		0		0.13179		309.293		
00:01:03:899		1.53917e+07		0.0205159		2.40011		539.025		6.87683e+06		539.258			00:01:03:899		6.73725e+06		114.6		62.7154		0		0.131272		309.294		
00:01:03:799		1.53918e+07		0.0207376		2.40193		539.025		6.87692e+06		539.271			00:01:03:799		6.73735e+06		114.6		62.7154		0		0.131272		309.295		
00:01:03:700		1.53919e+07		0.0209599		2.40359		539.023		6.87702e+06		539.254			00:01:03:700		6.73745e+06		114.543		62.5929		0		0.130755		309.295		
00:01:03:600		1.5392e+07		0.0211816		2.40546		539.023		6.87712e+06		539.251			00:01:03:600		6.73755e+06		114.543		62.5929		0		0.130755		309.296		
00:01:03:500		1.53921e+07		0.0214038		2.40728		539.023		6.87722e+06		539.246			00:01:03:500		6.73765e+06		114.486		62.5929		0		0.130755		309.297		
00:01:03:399		1.53922e+07		0.0217366		2.40987		539.021		6.87737e+06		539.247			00:01:03:399		6.7378e+06		114.486		62.4703		0		0.130237		309.298		
00:01:03:250		1.53923e+07		0.0219588		2.41168		539.02		6.87747e+06		539.252			00:01:03:250		6.73791e+06		114.428		62.4703		0		0.130237		309.298		
00:01:03:149		1.53924e+07		0.022181		2.41345		539.018		6.87757e+06		539.246			00:01:03:149		6.73801e+06		114.428		62.3478		0		0.129719		309.299		
00:01:03:049		1.53924e+07		0.022181		2.41345		539.018		6.87757e+06		539.246			00:01:03:049		6.73801e+06		114.428		62.3478		0		0.129719		309.299		
00:01:03:000		1.53926e+07		0.0225143		2.41594		539.018		6.87772e+06		539.246			00:01:03:000		6.73816e+06		114.371		62.3478		0		0.129719		309.3		
00:01:02:899		1.53927e+07		0.022737		2.4177		539.016		6.87782e+06		539.25			00:01:02:899		6.73826e+06		114.371		62.2254		0		0.129201		309.301		
00:01:02:799		1.53928e+07		0.0229597		2.41946		539.016		6.87792e+06		539.247			00:01:02:799		6.73836e+06		114.371		62.2254		0		0.129201		309.301		
00:01:02:700		1.53929e+07		0.0231824		2.42126		539.016		6.87802e+06		539.239			00:01:02:700		6.73847e+06		114.314		62.103		0		0.128683		309.302		
00:01:02:600		1.5393e+07		0.0234051		2.42312		539.016		6.87812e+06		539.236			00:01:02:600		6.73857e+06		114.314		62.103		0		0.128683		309.303		
00:01:02:450		1.53932e+07		0.0237393		2.4256		539.014		6.87827e+06		539.219			00:01:02:450		6.73872e+06		114.256		61.9807		0		0.128165		309.304		
00:01:02:350		1.53933e+07		0.0239625		2.4274		539.012		6.87837e+06		539.223			00:01:02:350		6.73883e+06		114.256		61.9807		0		0.128165		309.305		
00:01:02:250		1.53934e+07		0.0241857		2.4292		539.012		6.87847e+06		539.205			00:01:02:250		6.73893e+06		114.199		61.9807		0		0.128165		309.305		
00:01:02:250		1.53934e+07		0.0241857		2.4292		539.012		6.87847e+06		539.205			00:01:02:250		6.73893e+06		114.199		61.9807		0		0.128165		309.305		
00:01:01:950		1.53937e+07		0.0248551		2.43421		539.007		6.87877e+06		539.2			00:01:01:950		6.73926e+06		114.142		61.7362		0		0.127129		309.307		
00:01:01:950		1.53937e+07		0.0248551		2.43421		539.007		6.87877e+06		539.2			00:01:01:950		6.73926e+06		114.142		61.7362		0		0.127129		309.307		
00:01:01:950		1.53937e+07		0.0248551		2.43421		539.007		6.87877e+06		539.2			00:01:01:950		6.73926e+06		114.142		61.7362		0		0.127129		309.307		
00:01:01:850		1.53938e+07		0.0250788		2.43595		539.005		6.87887e+06		539.214			00:01:01:850		6.73936e+06		114.142		61.7362		0		0.127129		309.308		
00:01:01:750		1.53939e+07		0.0253015		2.4377		539.003		6.87897e+06		539.202			00:01:01:750		6.73947e+06		114.084		61.7362		0		0.127129		309.309		
00:01:01:649		1.5394e+07		0.0255251		2.4394		539.002		6.87907e+06		539.196			00:01:01:649		6.73957e+06		114.084		61.614		0		0.126611		309.309		
00:01:01:450		1.53942e+07		0.0259728		2.44289		538.998		6.87927e+06		539.193			00:01:01:450		6.73977e+06		114.027		61.4919		0		0.126093		309.311		
00:01:01:450		1.53942e+07		0.0259728		2.44289		538.998		6.87927e+06		539.193			00:01:01:450		6.73977e+06		114.027		61.4919		0		0.126093		309.311		
00:01:01:350		1.53943e+07		0.0261965		2.44453		538.996		6.87937e+06		539.202			00:01:01:350		6.73988e+06		114.027		61.4919		0		0.126093		309.312		
00:01:01:250		1.53944e+07		0.0264201		2.44622		538.994		6.87947e+06		539.203			00:01:01:250		6.73998e+06		113.97		61.4919		0		0.126093		309.312		
00:01:01:049		1.53946e+07		0.0268683		2.4496		538.991		6.87967e+06		539.191			00:01:01:049		6.74019e+06		113.97		61.3699		0		0.125575		309.314		
00:01:01:049		1.53946e+07		0.0268683		2.4496		538.991		6.87967e+06		539.191			00:01:01:049		6.74019e+06		113.97		61.3699		0		0.125575		309.314		
00:01:00:950		1.53947e+07		0.027092		2.45144		538.989		6.87977e+06		539.187			00:01:00:950		6.74029e+06		113.912		61.2479		0		0.125057		309.314		
00:01:00:750		1.53949e+07		0.0275407		2.45467		538.983		6.87997e+06		539.195			00:01:00:750		6.7405e+06		113.855		61.2479		0		0.125057		309.316		
00:01:00:750		1.53949e+07		0.0275407		2.45467		538.983		6.87997e+06		539.195			00:01:00:750		6.7405e+06		113.855		61.2479		0		0.125057		309.316		
00:01:00:649		1.5395e+07		0.0277648		2.45626		538.982		6.88008e+06		539.182			00:01:00:649		6.7406e+06		113.855		61.126		0		0.124538		309.316		
00:01:00:549		1.53951e+07		0.0279894		2.45799		538.98		6.88018e+06		539.179			00:01:00:549		6.7407e+06		113.855		61.126		0		0.124538		309.317		
00:01:00:350		1.53953e+07		0.0284386		2.46146		538.976		6.88038e+06		539.167			00:01:00:350		6.74091e+06		113.798		61.0041		0		0.12402		309.319		
00:01:00:350		1.53953e+07		0.0284386		2.46146		538.976		6.88038e+06		539.167			00:01:00:350		6.74091e+06		113.798		61.0041		0		0.12402		309.319		
00:01:00:250		1.53954e+07		0.0286627		2.46294		538.974		6.88048e+06		539.174			00:01:00:250		6.74102e+06		113.74		61.0041		0		0.12402		309.319		
00:01:00:049		1.53956e+07		0.0291123		2.46621		538.971		6.88069e+06		539.183			00:01:00:049		6.74122e+06		113.74		60.8824		0		0.123502		309.321		
00:01:00:049		1.53956e+07		0.0291123		2.46621		538.971		6.88069e+06		539.183			00:01:00:049		6.74122e+06		113.74		60.8824		0		0.123502		309.321		
00:01:00:000		1.53957e+07		0.0292249		2.46712		538.969		6.88074e+06		539.17			00:01:00:000		6.74127e+06		113.683		60.8824		0		0.123502		309.321		
00:00:59:899		1.53958e+07		0.0294499		2.46929		538.967		6.88084e+06		539.18			00:00:59:899		6.74138e+06		113.683		60.7606		0		0.122984		309.322		
00:00:59:799		1.53959e+07		0.0296745		2.47048		538.965		6.88094e+06		539.18			00:00:59:799		6.74148e+06		113.683		60.7606		0		0.122984		309.323		
00:00:59:700		1.5396e+07		0.0298996		2.47127		538.964		6.88104e+06		539.179			00:00:59:700		6.74159e+06		113.626		60.639		0		0.122466		309.323		
00:00:59:500		1.53962e+07		0.0303507		2.47275		538.96		6.88125e+06		539.176			00:00:59:500		6.74179e+06		113.568		60.639		0		0.122466		309.325		
00:00:59:500		1.53962e+07		0.0303507		2.47275		538.96		6.88125e+06		539.176			00:00:59:500		6.74179e+06		113.568		60.639		0		0.122466		309.325		
00:00:59:399		1.53963e+07		0.0305762		2.4734		538.958		6.88135e+06		539.171			00:00:59:399		6.7419e+06		113.568		60.5174		0		0.121947		309.325		
00:00:59:250		1.53964e+07		0.0309143		2.47451		538.953		6.88151e+06		539.162			00:00:59:250		6.74206e+06		113.511		60.5174		0		0.121947		309.326		
00:00:59:149		1.53965e+07		0.0311403		2.4753		538.951		6.88161e+06		539.166			00:00:59:149		6.74216e+06		113.511		60.3959		0		0.121429		309.327		
00:00:59:049		1.53966e+07		0.0313659		2.476		538.949		6.88171e+06		539.175			00:00:59:049		6.74227e+06		113.511		60.3959		0		0.121429		309.328		
00:00:58:950		1.53967e+07		0.0315919		2.47674		538.947		6.88182e+06		539.159			00:00:58:950		6.74238e+06		113.453		60.2745		0		0.120911		309.329		
00:00:58:850		1.53968e+07		0.0318179		2.47748		538.944		6.88192e+06		539.164			00:00:58:850		6.74248e+06		113.453		60.2745		0		0.120911		309.329		
00:00:58:750		1.5397e+07		0.0320439		2.47817		538.942		6.88202e+06		539.159			00:00:58:750		6.74259e+06		113.396		60.2745		0		0.120911		309.33		
00:00:58:649		1.53971e+07		0.03227		2.47896		538.94		6.88213e+06		539.155			00:00:58:649		6.74269e+06		113.396		60.1531		0		0.120393		309.331		
00:00:58:549		1.53972e+07		0.032496		2.47965		538.938		6.88223e+06		539.154			00:00:58:549		6.7428e+06		113.396		60.1531		0		0.120393		309.331		
00:00:58:450		1.53973e+07		0.0327225		2.48035		538.935		6.88233e+06		539.149			00:00:58:450		6.7429e+06		113.339		60.0318		0		0.119874		309.332		
00:00:58:399		1.53973e+07		0.032836		2.48077		538.935		6.88238e+06		539.153			00:00:58:399		6.74296e+06		113.339		60.0318		0		0.119874		309.333		
00:00:58:250		1.53975e+07		0.0331759		2.48188		538.931		6.88254e+06		539.163			00:00:58:250		6.74311e+06		113.281		60.0318		0		0.119874		309.334		
00:00:58:149		1.53976e+07		0.0334024		2.48262		538.929		6.88264e+06		539.142			00:00:58:149		6.74322e+06		113.281		59.9106		0		0.119356		309.334		
00:00:58:049		1.53977e+07		0.0336294		2.48336		538.926		6.88275e+06		539.141			00:00:58:049		6.74333e+06		113.281		59.9106		0		0.119356		309.335		
00:00:57:950		1.53978e+07		0.0338559		2.48391		538.924		6.88285e+06		539.141			00:00:57:950		6.74343e+06		113.224		59.7895		0		0.118838		309.336		
00:00:57:850		1.53979e+07		0.0340834		2.48479		538.92		6.88296e+06		539.142			00:00:57:850		6.74354e+06		113.224		59.7895		0		0.118838		309.337		
00:00:57:750		1.5398e+07		0.0343103		2.48558		538.918		6.88306e+06		539.142			00:00:57:750		6.74364e+06		113.166		59.7895		0		0.118838		309.337		
00:00:57:649		1.53981e+07		0.0345373		2.48632		538.917		6.88317e+06		539.138			00:00:57:649		6.74375e+06		113.166		59.6684		0		0.118319		309.338		
00:00:57:549		1.53982e+07		0.0347648		2.48706		538.915		6.88327e+06		539.142			00:00:57:549		6.74386e+06		113.166		59.6684		0		0.118319		309.339		
00:00:57:450		1.53983e+07		0.0349927		2.4878		538.911		6.88337e+06		539.13			00:00:57:450		6.74396e+06		113.109		59.5475		0		0.117801		309.339		
00:00:57:350		1.53984e+07		0.0352197		2.48835		538.907		6.88348e+06		539.129			00:00:57:350		6.74407e+06		113.109		59.5475		0		0.117801		309.34		
00:00:57:250		1.53985e+07		0.0354476		2.48923		538.906		6.88358e+06		539.128			00:00:57:250		6.74418e+06		113.052		59.5475		0		0.117801		309.341		
00:00:57:149		1.53986e+07		0.035675		2.48997		538.902		6.88369e+06		539.134			00:00:57:149		6.74429e+06		113.052		59.4266		0		0.117282		309.342		
00:00:57:049		1.53987e+07		0.035903		2.49067		538.9		6.88379e+06		539.125			00:00:57:049		6.74439e+06		113.052		59.4266		0		0.117282		309.342		
00:00:56:950		1.53988e+07		0.0361309		2.4915		538.898		6.8839e+06		539.12			00:00:56:950		6.7445e+06		112.994		59.3058		0		0.116764		309.343		
00:00:56:850		1.53989e+07		0.0363593		2.49224		538.895		6.884e+06		539.123			00:00:56:850		6.74461e+06		112.994		59.3058		0		0.116764		309.344		
00:00:56:750		1.5399e+07		0.0365872		2.49293		538.893		6.88411e+06		539.124			00:00:56:750		6.74472e+06		112.937		59.3058		0		0.116764		309.345		
00:00:56:649		1.53991e+07		0.0368156		2.49367		538.891		6.88421e+06		539.123			00:00:56:649		6.74482e+06		112.937		59.1851		0		0.116246		309.345		
00:00:56:549		1.53992e+07		0.0370436		2.49441		538.888		6.88432e+06		539.109			00:00:56:549		6.74492e+06		112.937		59.1851		0		0.116246		309.346		
00:00:56:450		1.53993e+07		0.0372725		2.49515		538.886		6.88443e+06		539.105			00:00:56:450		6.74504e+06		112.879		59.0644		0		0.115727		309.347		
00:00:56:350		1.53994e+07		0.0375004		2.49589		538.884		6.88453e+06		539.118			00:00:56:350		6.74514e+06		112.879		59.0644		0		0.115727		309.347		
00:00:56:250		1.53996e+07		0.0377288		2.49658		538.88		6.88464e+06		539.118			00:00:56:250		6.74525e+06		112.822		59.0644		0		0.115727		309.348		
00:00:56:049		1.53998e+07		0.0381866		2.4981		538.873		6.88485e+06		539.123			00:00:56:049		6.74547e+06		112.822		58.9439		0		0.115209		309.35		
00:00:56:049		1.53998e+07		0.0381866		2.4981		538.873		6.88485e+06		539.123			00:00:56:049		6.74547e+06		112.822		58.9439		0		0.115209		309.35		
00:00:55:950		1.53999e+07		0.0384154		2.49884		538.871		6.88496e+06		539.114			00:00:55:950		6.74558e+06		112.764		58.8234		0		0.11469		309.35		
00:00:55:850		1.54e+07		0.0386443		2.49958		538.868		6.88506e+06		539.115			00:00:55:850		6.74568e+06		112.764		58.8234		0		0.11469		309.351		
00:00:55:750		1.54001e+07		0.0388732		2.50032		538.864		6.88517e+06		539.12			00:00:55:750		6.74579e+06		112.707		58.8234		0		0.11469		309.352		
00:00:55:649		1.54002e+07		0.0391026		2.50106		538.862		6.88527e+06		539.108			00:00:55:649		6.7459e+06		112.707		58.7031		0		0.114171		309.353		
00:00:55:500		1.54003e+07		0.0394459		2.50217		538.857		6.88543e+06		539.111			00:00:55:500		6.74606e+06		112.649		58.7031		0		0.114171		309.354		
00:00:55:399		1.54004e+07		0.0396752		2.50291		538.855		6.88554e+06		539.108			00:00:55:399		6.74617e+06		112.649		58.5828		0		0.113653		309.354		
00:00:55:299		1.54006e+07		0.0399051		2.50359		538.851		6.88565e+06		539.123			00:00:55:299		6.74628e+06		112.649		58.5828		0		0.113653		309.355		
00:00:55:200		1.54007e+07		0.040134		2.50438		538.85		6.88576e+06		539.107			00:00:55:200		6.74639e+06		112.592		58.4626		0		0.113134		309.356		
00:00:55:200		1.54007e+07		0.040134		2.50438		538.85		6.88576e+06		539.107			00:00:55:200		6.74639e+06		112.592		58.4626		0		0.113134		309.356		
00:00:55:049		1.54008e+07		0.0404787		2.50554		538.844		6.88592e+06		539.104			00:00:55:049		6.74655e+06		112.592		58.4626		0		0.113134		309.357		
00:00:54:950		1.54009e+07		0.0407085		2.50627		538.841		6.88602e+06		539.1			00:00:54:950		6.74666e+06		112.535		58.3425		0		0.112616		309.358		
00:00:54:799		1.54011e+07		0.0410528		2.50733		538.837		6.88619e+06		539.101			00:00:54:799		6.74683e+06		112.535		58.3425		0		0.112616		309.359		
00:00:54:700		1.54012e+07		0.0412831		2.50807		538.835		6.88629e+06		539.1			00:00:54:700		6.74694e+06		112.477		58.2225		0		0.112097		309.36		
00:00:54:600		1.54013e+07		0.0415134		2.50881		538.831		6.8864e+06		539.091			00:00:54:600		6.74705e+06		112.477		58.2225		0		0.112097		309.36		
00:00:54:600		1.54013e+07		0.0415134		2.50881		538.831		6.8864e+06		539.091			00:00:54:600		6.74705e+06		112.477		58.2225		0		0.112097		309.36		
00:00:54:500		1.54014e+07		0.0417433		2.50959		538.828		6.88651e+06		539.091			00:00:54:500		6.74716e+06		112.42		58.2225		0		0.112097		309.361		
00:00:54:399		1.54015e+07		0.0419741		2.51033		538.826		6.88662e+06		539.093			00:00:54:399		6.74727e+06		112.42		58.1026		0		0.111578		309.362		
00:00:54:250		1.54017e+07		0.0423198		2.51139		538.822		6.88678e+06		539.091			00:00:54:250		6.74743e+06		112.362		58.1026		0		0.111578		309.363		
00:00:54:100		1.54018e+07		0.042666		2.51254		538.819		6.88694e+06		539.095			00:00:54:100		6.7476e+06		112.362		57.9828		0		0.11106		309.364		
00:00:54:000		1.54019e+07		0.0428967		2.51328		538.817		6.88705e+06		539.085			00:00:54:000		6.74771e+06		112.305		57.9828		0		0.11106		309.365		
00:00:53:899		1.5402e+07		0.0431275		2.51401		538.813		6.88716e+06		539.078			00:00:53:899		6.74782e+06		112.305		57.863		0		0.110541		309.366		
00:00:53:799		1.54022e+07		0.0433588		2.5148		538.81		6.88727e+06		539.08			00:00:53:799		6.74793e+06		112.305		57.863		0		0.110541		309.366		
00:00:53:799		1.54022e+07		0.0433588		2.5148		538.81		6.88727e+06		539.08			00:00:53:799		6.74793e+06		112.305		57.863		0		0.110541		309.366		
00:00:53:600		1.54024e+07		0.0438213		2.51624		538.804		6.88749e+06		539.082			00:00:53:600		6.74815e+06		112.247		57.7434		0		0.110022		309.368		
00:00:53:500		1.54025e+07		0.0440531		2.51701		538.802		6.88759e+06		539.077			00:00:53:500		6.74826e+06		112.19		57.7434		0		0.110022		309.369		
00:00:53:500		1.54025e+07		0.0440531		2.51701		538.802		6.88759e+06		539.077			00:00:53:500		6.74826e+06		112.19		57.7434		0		0.110022		309.369		
00:00:53:399		1.54026e+07		0.0442843		2.51774		538.799		6.8877e+06		539.073			00:00:53:399		6.74837e+06		112.19		57.6238		0		0.109504		309.369		
00:00:53:299		1.54027e+07		0.0445161		2.51848		538.797		6.88781e+06		539.069			00:00:53:299		6.74849e+06		112.19		57.6238		0		0.109504		309.37		
00:00:53:100		1.54029e+07		0.0449796		2.51995		538.79		6.88803e+06		539.068			00:00:53:100		6.74871e+06		112.132		57.5043		0		0.108985		309.372		
00:00:53:000		1.5403e+07		0.0452118		2.52069		538.786		6.88814e+06		539.071			00:00:53:000		6.74882e+06		112.075		57.5043		0		0.108985		309.372		
00:00:53:000		1.5403e+07		0.0452118		2.52069		538.786		6.88814e+06		539.071			00:00:53:000		6.74882e+06		112.075		57.5043		0		0.108985		309.372		
00:00:52:899		1.54031e+07		0.0454435		2.52142		538.784		6.88825e+06		539.071			00:00:52:899		6.74893e+06		112.075		57.3849		0		0.108466		309.373		
00:00:52:799		1.54032e+07		0.0456762		2.52216		538.781		6.88836e+06		539.076			00:00:52:799		6.74904e+06		112.075		57.3849		0		0.108466		309.374		
00:00:52:700		1.54033e+07		0.0459085		2.52289		538.779		6.88847e+06		539.072			00:00:52:700		6.74915e+06		112.017		57.2656		0		0.107947		309.375		
00:00:52:600		1.54034e+07		0.0461411		2.52363		538.777		6.88858e+06		539.076			00:00:52:600		6.74926e+06		112.017		57.2656		0		0.107947		309.375		
00:00:52:500		1.54035e+07		0.0463738		2.52436		538.775		6.88869e+06		539.069			00:00:52:500		6.74938e+06		111.96		57.2656		0		0.107947		309.376		
00:00:52:399		1.54037e+07		0.046607		2.52515		538.772		6.8888e+06		539.053			00:00:52:399		6.74949e+06		111.96		57.1464		0		0.107428		309.377		
00:00:52:299		1.54038e+07		0.0468397		2.52583		538.768		6.88891e+06		539.071			00:00:52:299		6.7496e+06		111.96		57.1464		0		0.107428		309.378		
00:00:52:100		1.5404e+07		0.0473065		2.52735		538.763		6.88913e+06		539.058			00:00:52:100		6.74983e+06		111.902		57.0272		0		0.10691		309.379		
00:00:52:000		1.54041e+07		0.0475397		2.52808		538.759		6.88924e+06		539.057			00:00:52:000		6.74994e+06		111.845		57.0272		0		0.10691		309.38		
00:00:52:000		1.54041e+07		0.0475397		2.52808		538.759		6.88924e+06		539.057			00:00:52:000		6.74994e+06		111.845		57.0272		0		0.10691		309.38		
00:00:51:899		1.54042e+07		0.0477734		2.52887		538.757		6.88935e+06		539.058			00:00:51:899		6.75005e+06		111.845		56.9081		0		0.106391		309.381		
00:00:51:799		1.54043e+07		0.048007		2.5296		538.754		6.88946e+06		539.053			00:00:51:799		6.75017e+06		111.845		56.9081		0		0.106391		309.381		
00:00:51:700		1.54044e+07		0.0482402		2.53029		538.75		6.88957e+06		539.052			00:00:51:700		6.75028e+06		111.787		56.7891		0		0.105872		309.382		
00:00:51:600		1.54045e+07		0.0484743		2.53107		538.746		6.88969e+06		539.055			00:00:51:600		6.75039e+06		111.787		56.7891		0		0.105872		309.383		
00:00:51:500		1.54046e+07		0.0487084		2.5318		538.745		6.8898e+06		539.049			00:00:51:500		6.75051e+06		111.73		56.7891		0		0.105872		309.384		
00:00:51:350		1.54048e+07		0.0490594		2.53295		538.739		6.88996e+06		539.037			00:00:51:350		6.75068e+06		111.73		56.6702		0		0.105353		309.385		
00:00:51:250		1.54049e+07		0.0492935		2.53364		538.734		6.89008e+06		539.046			00:00:51:250		6.75079e+06		111.672		56.6702		0		0.105353		309.386		
00:00:51:149		1.5405e+07		0.0495281		2.53442		538.732		6.89019e+06		539.052			00:00:51:149		6.7509e+06		111.672		56.5514		0		0.104834		309.386		
00:00:51:049		1.54051e+07		0.0497627		2.53515		538.728		6.8903e+06		539.052			00:00:51:049		6.75101e+06		111.672		56.5514		0		0.104834		309.387		
00:00:50:950		1.54052e+07		0.0499973		2.53588		538.725		6.89041e+06		539.044			00:00:50:950		6.75113e+06		111.615		56.4326		0		0.104315		309.388		
00:00:50:850		1.54053e+07		0.0502319		2.53666		538.721		6.89052e+06		539.052			00:00:50:850		6.75125e+06		111.615		56.4326		0		0.104315		309.389		
00:00:50:750		1.54054e+07		0.050467		2.53735		538.717		6.89063e+06		539.047			00:00:50:750		6.75136e+06		111.557		56.4326		0		0.104315		309.39		
00:00:50:649		1.54055e+07		0.0507016		2.53808		538.714		6.89075e+06		539.04			00:00:50:649		6.75147e+06		111.557		56.3139		0		0.103796		309.39		
00:00:50:549		1.54056e+07		0.0509367		2.53881		538.712		6.89086e+06		539.029			00:00:50:549		6.75159e+06		111.557		56.3139		0		0.103796		309.391		
00:00:50:450		1.54058e+07		0.0511723		2.53959		538.708		6.89097e+06		539.034			00:00:50:450		6.75170e+06		111.5		56.1953		0		0.103277		309.392		
00:00:50:350		1.54059e+07		0.0514078		2.54038		538.705		6.89108e+06		539.031			00:00:50:350		6.75182e+06		111.5		56.1953		0		0.103277		309.393		
00:00:50:250		1.5406e+07		0.0516429		2.54111		538.701		6.8912e+06		539.029			00:00:50:250		6.75193e+06		111.442		56.1953		0		0.103277		309.393		
00:00:50:100		1.54061e+07		0.0519972		2.54216		538.694		6.89137e+06		539.026			00:00:50:100		6.7521e+06		111.442		56.0768		0		0.102758		309.395		
00:00:50:100		1.54061e+07		0.0519972		2.54216		538.694		6.89137e+06		539.026			00:00:50:100		6.7521e+06		111.442		56.0768		0		0.102758		309.395		
00:00:49:950		1.54063e+07		0.052351		2.54335		538.688		6.89153e+06		539.037			00:00:49:950		6.75228e+06		111.384		55.9583		0		0.102239		309.396		
00:00:49:850		1.54064e+07		0.0525866		2.54408		538.683		6.89165e+06		539.027			00:00:49:850		6.75239e+06		111.384		55.9583		0		0.102239		309.396		
00:00:49:750		1.54065e+07		0.0528231		2.54482		538.679		6.89176e+06		539.038			00:00:49:750		6.75251e+06		111.327		55.9583		0		0.102239		309.397		
00:00:49:649		1.54066e+07		0.0530596		2.54555		538.676		6.89187e+06		539.033			00:00:49:649		6.75262e+06		111.327		55.8399		0		0.10172		309.398		
00:00:49:549		1.54067e+07		0.0532961		2.54623		538.672		6.89199e+06		539.027			00:00:49:549		6.75274e+06		111.327		55.8399		0		0.10172		309.399		
00:00:49:450		1.54068e+07		0.0535321		2.54701		538.668		6.8921e+06		539.03			00:00:49:450		6.75285e+06		111.269		55.7216		0		0.101201		309.4		
00:00:49:350		1.54069e+07		0.0537691		2.54774		538.665		6.89222e+06		539.035			00:00:49:350		6.75297e+06		111.269		55.7216		0		0.101201		309.4		
00:00:49:250		1.54071e+07		0.0540056		2.54852		538.659		6.89233e+06		539.024			00:00:49:250		6.75308e+06		111.212		55.7216		0		0.101201		309.401		
00:00:49:100		1.54072e+07		0.0543618		2.54967		538.654		6.8925e+06		539.025			00:00:49:100		6.75326e+06		111.212		55.6033		0		0.100682		309.402		
00:00:49:000		1.54073e+07		0.0545988		2.55035		538.65		6.89261e+06		539.029			00:00:49:000		6.75337e+06		111.154		55.6033		0		0.100682		309.403		
00:00:48:950		1.54074e+07		0.0547175		2.55076		538.647		6.89267e+06		539.025			00:00:48:950		6.75343e+06		111.154		55.4851		0		0.100162		309.403		
00:00:48:850		1.54075e+07		0.054955		2.55145		538.643		6.89279e+06		539.021			00:00:48:850		6.75355e+06		111.154		55.4851		0		0.100162		309.404		
00:00:48:750		1.54076e+07		0.0551929		2.55218		538.639		6.8929e+06		539.027			00:00:48:750		6.75366e+06		111.097		55.4851		0		0.100162		309.405		
00:00:48:649		1.54077e+07		0.0554304		2.55291		538.634		6.89301e+06		539.022			00:00:48:649		6.75378e+06		111.097		55.367		0		0.0996433		309.406		
00:00:48:549		1.54078e+07		0.0556684		2.55373		538.63		6.89313e+06		539.019			00:00:48:549		6.75389e+06		111.097		55.367		0		0.0996433		309.407		
00:00:48:399		1.5408e+07		0.0560255		2.55478		538.625		6.8933e+06		539.007			00:00:48:399		6.75407e+06		111.039		55.249		0		0.0991241		309.408		
00:00:48:299		1.54081e+07		0.0562639		2.55556		538.62		6.89342e+06		539.004			00:00:48:299		6.75419e+06		111.039		55.249		0		0.0991241		309.409		
00:00:48:299		1.54081e+07		0.0562639		2.55556		538.62		6.89342e+06		539.004			00:00:48:299		6.75419e+06		111.039		55.249		0		0.0991241		309.409		
00:00:48:100		1.54083e+07		0.0567408		2.55707		538.611		6.89365e+06		539.009			00:00:48:100		6.75442e+06		110.982		55.1311		0		0.0986049		309.41		
00:00:48:000		1.54084e+07		0.0569801		2.55775		538.605		6.89376e+06		539.001			00:00:48:000		6.75454e+06		110.924		55.1311		0		0.0986049		309.411		
00:00:48:000		1.54084e+07		0.0569801		2.55775		538.605		6.89376e+06		539.001			00:00:48:000		6.75454e+06		110.924		55.1311		0		0.0986049		309.411		
00:00:47:899		1.54085e+07		0.057219		2.55848		538.6		6.89388e+06		538.998			00:00:47:899		6.75466e+06		110.924		55.0134		0		0.0980856		309.412		
00:00:47:799		1.54086e+07		0.0574579		2.55926		538.596		6.89399e+06		539			00:00:47:799		6.75478e+06		110.924		55.0134		0		0.0980856		309.412		
00:00:47:600		1.54089e+07		0.0579367		2.56077		538.587		6.89422e+06		539.007			00:00:47:600		6.75501e+06		110.867		54.8958		0		0.0975664		309.414		
00:00:47:500		1.5409e+07		0.0581765		2.56154		538.583		6.89434e+06		538.995			00:00:47:500		6.75513e+06		110.809		54.8958		0		0.0975664		309.415		
00:00:47:399		1.54091e+07		0.0584164		2.56223		538.578		6.89445e+06		538.993			00:00:47:399		6.75524e+06		110.809		54.7783		0		0.0970471		309.416		
00:00:47:299		1.54092e+07		0.0586557		2.56291		538.572		6.89457e+06		538.999			00:00:47:299		6.75536e+06		110.809		54.7783		0		0.0970471		309.416		
00:00:47:299		1.54092e+07		0.0586557		2.56291		538.572		6.89457e+06		538.999			00:00:47:299		6.75536e+06		110.809		54.7783		0		0.0970471		309.416		
00:00:47:200		1.54093e+07		0.0588961		2.56378		538.567		6.89469e+06		538.999			00:00:47:200		6.75548e+06		110.751		54.6609		0		0.0965278		309.417		
00:00:47:000		1.54095e+07		0.0593767		2.56514		538.556		6.89492e+06		538.997			00:00:47:000		6.75572e+06		110.694		54.6609		0		0.0965278		309.419		
00:00:46:899		1.54096e+07		0.059617		2.56592		538.553		6.89503e+06		538.993			00:00:46:899		6.75584e+06		110.694		54.5437		0		0.0960085		309.42		
00:00:46:899		1.54096e+07		0.059617		2.56592		538.553		6.89503e+06		538.993			00:00:46:899		6.75584e+06		110.694		54.5437		0		0.0960085		309.42		
00:00:46:799		1.54097e+07		0.0598583		2.5666		538.547		6.89515e+06		538.995			00:00:46:799		6.75595e+06		110.694		54.5437		0		0.0960085		309.42		
00:00:46:600		1.541e+07		0.0603399		2.56801		538.538		6.89538e+06		538.995			00:00:46:600		6.75619e+06		110.636		54.4267		0		0.0954891		309.422		
00:00:46:600		1.541e+07		0.0603399		2.56801		538.538		6.89538e+06		538.995			00:00:46:600		6.75619e+06		110.636		54.4267		0		0.0954891		309.422		
00:00:46:500		1.54101e+07		0.0605812		2.56879		538.533		6.8955e+06		538.995			00:00:46:500		6.7563e+06		110.579		54.4267		0		0.0954891		309.423		
00:00:46:399		1.54102e+07		0.0608234		2.56951		538.527		6.89562e+06		538.994			00:00:46:399		6.75642e+06		110.579		54.3098		0		0.0949697		309.424		
00:00:46:299		1.54103e+07		0.0610647		2.5702		538.522		6.89574e+06		538.994			00:00:46:299		6.75654e+06		110.579		54.3098		0		0.0949697		309.424		
00:00:46:100		1.54105e+07		0.0615487		2.5717		538.513		6.89597e+06		538.984			00:00:46:100		6.75678e+06		110.521		54.1931		0		0.0944504		309.426		
00:00:46:100		1.54105e+07		0.0615487		2.5717		538.513		6.89597e+06		538.984			00:00:46:100		6.75678e+06		110.521		54.1931		0		0.0944504		309.426		
00:00:45:950		1.54107e+07		0.0619121		2.57274		538.505		6.89614e+06		538.984			00:00:45:950		6.75696e+06		110.463		54.0766		0		0.0939309		309.427		
00:00:45:899		1.54107e+07		0.0620332		2.57306		538.502		6.8962e+06		538.98			00:00:45:899		6.75702e+06		110.463		54.0766		0		0.0939309		309.428		
00:00:45:750		1.54109e+07		0.062397		2.5742		538.495		6.89638e+06		538.985			00:00:45:750		6.7572e+06		110.406		54.0766		0		0.0939309		309.429		
00:00:45:700		1.5411e+07		0.0625186		2.57457		538.493		6.89644e+06		538.975			00:00:45:700		6.75726e+06		110.406		53.9603		0		0.0934115		309.429		
00:00:45:600		1.54111e+07		0.0627613		2.57529		538.487		6.89656e+06		538.971			00:00:45:600		6.75738e+06		110.406		53.9603		0		0.0934115		309.43		
00:00:45:500		1.54112e+07		0.063004		2.57597		538.48		6.89667e+06		538.97			00:00:45:500		6.7575e+06		110.348		53.9603		0		0.0934115		309.431		
00:00:45:399		1.54113e+07		0.0632467		2.5767		538.475		6.89679e+06		538.967			00:00:45:399		6.75762e+06		110.348		53.8442		0		0.092892		309.432		
00:00:45:250		1.54115e+07		0.0636115		2.57784		538.466		6.89697e+06		538.963			00:00:45:250		6.7578e+06		110.29		53.8442		0		0.092892		309.433		
00:00:45:149		1.54116e+07		0.0638547		2.57847		538.46		6.89709e+06		538.96			00:00:45:149		6.75792e+06		110.29		53.7283		0		0.0923725		309.434		
00:00:45:049		1.54117e+07		0.0640979		2.57925		538.453		6.8972e+06		538.96			00:00:45:049		6.75804e+06		110.29		53.7283		0		0.0923725		309.434		
00:00:44:950		1.54118e+07		0.0643415		2.58002		538.449		6.89732e+06		538.962			00:00:44:950		6.75816e+06		110.233		53.6125		0		0.091853		309.435		
00:00:44:850		1.54119e+07		0.0645847		2.5807		538.444		6.89744e+06		538.963			00:00:44:850		6.75828e+06		110.233		53.6125		0		0.091853		309.436		
00:00:44:750		1.5412e+07		0.0648279		2.58143		538.438		6.89756e+06		538.965			00:00:44:750		6.7584e+06		110.175		53.6125		0		0.091853		309.437		
00:00:44:649		1.54121e+07		0.0650721		2.58211		538.433		6.89768e+06		538.958			00:00:44:649		6.75852e+06		110.175		53.4969		0		0.0913335		309.438		
00:00:44:549		1.54123e+07		0.0653157		2.58288		538.427		6.8978e+06		538.966			00:00:44:549		6.75864e+06		110.175		53.4969		0		0.0913335		309.438		
00:00:44:450		1.54124e+07		0.0655594		2.58361		538.42		6.89792e+06		538.955			00:00:44:450		6.75877e+06		110.118		53.3814		0		0.0908139		309.439		
00:00:44:350		1.54125e+07		0.0658031		2.58429		538.415		6.89804e+06		538.957			00:00:44:350		6.75888e+06		110.118		53.3814		0		0.0908139		309.44		
00:00:44:250		1.54126e+07		0.0660472		2.58507		538.409		6.89815e+06		538.959			00:00:44:250		6.75901e+06		110.06		53.3814		0		0.0908139		309.441		
00:00:44:149		1.54127e+07		0.0662918		2.5857		538.404		6.89827e+06		538.958			00:00:44:149		6.75913e+06		110.06		53.2661		0		0.0902943		309.442		
00:00:44:049		1.54128e+07		0.0665359		2.58647		538.399		6.89839e+06		538.96			00:00:44:049		6.75925e+06		110.06		53.2661		0		0.0902943		309.442		
00:00:43:950		1.54129e+07		0.0667801		2.58715		538.391		6.89851e+06		538.964			00:00:43:950		6.75937e+06		110.002		53.151		0		0.0897747		309.443		
00:00:43:850		1.5413e+07		0.0670247		2.58792		538.386		6.89863e+06		538.948			00:00:43:850		6.75949e+06		110.002		53.151		0		0.0897747		309.444		
00:00:43:750		1.54132e+07		0.0672688		2.58865		538.379		6.89875e+06		538.953			00:00:43:750		6.75962e+06		109.945		53.151		0		0.0897747		309.445		
00:00:43:649		1.54133e+07		0.0675135		2.58933		538.373		6.89887e+06		538.945			00:00:43:649		6.75974e+06		109.945		53.0361		0		0.0892551		309.446		
00:00:43:500		1.54134e+07		0.0678806		2.59047		538.364		6.89905e+06		538.95			00:00:43:500		6.75992e+06		109.887		53.0361		0		0.0892551		309.447		
00:00:43:399		1.54136e+07		0.0681252		2.5911		538.359		6.89917e+06		538.944			00:00:43:399		6.76004e+06		109.887		52.9213		0		0.0887354		309.448		
00:00:43:299		1.54137e+07		0.0683703		2.59192		538.353		6.89929e+06		538.935			00:00:43:299		6.76016e+06		109.887		52.9213		0		0.0887354		309.449		
00:00:43:200		1.54138e+07		0.0686154		2.5926		538.346		6.89941e+06		538.956			00:00:43:200		6.76028e+06		109.83		52.8067		0		0.0882158		309.449		
00:00:43:100		1.54139e+07		0.0688605		2.59328		538.341		6.89953e+06		538.955			00:00:43:100		6.7604e+06		109.83		52.8067		0		0.0882158		309.45		
00:00:43:000		1.5414e+07		0.0691056		2.59405		538.333		6.89965e+06		538.942			00:00:43:000		6.76052e+06		109.772		52.8067		0		0.0882158		309.451		
00:00:42:899		1.54141e+07		0.0693507		2.59478		538.328		6.89978e+06		538.955			00:00:42:899		6.76065e+06		109.772		52.6924		0		0.087696		309.452		
00:00:42:899		1.54141e+07		0.0693507		2.59478		538.328		6.89978e+06		538.955			00:00:42:899		6.76065e+06		109.772		52.6924		0		0.087696		309.452		
00:00:42:799		1.54142e+07		0.0695958		2.5955		538.322		6.8999e+06		538.945			00:00:42:799		6.76077e+06		109.772		52.6924		0		0.087696		309.453		
00:00:42:700		1.54143e+07		0.0698419		2.59618		538.313		6.90002e+06		538.937			00:00:42:700		6.7609e+06		109.714		52.5782		0		0.0871763		309.453		
00:00:42:600		1.54145e+07		0.070087		2.5969		538.308		6.90014e+06		538.943			00:00:42:600		6.76102e+06		109.714		52.5782		0		0.0871763		309.454		
00:00:42:500		1.54146e+07		0.070333		2.59763		538.302		6.90026e+06		538.927			00:00:42:500		6.76114e+06		109.657		52.5782		0		0.0871763		309.455		
00:00:42:399		1.54147e+07		0.0705786		2.59836		538.295		6.90038e+06		538.947			00:00:42:399		6.76127e+06		109.657		52.4642		0		0.0866566		309.456		
00:00:42:299		1.54148e+07		0.0708241		2.59913		538.29		6.9005e+06		538.93			00:00:42:299		6.7614e+06		109.657		52.4642		0		0.0866566		309.457		
00:00:42:100		1.5415e+07		0.0713162		2.60053		538.277		6.90074e+06		538.94			00:00:42:100		6.76164e+06		109.599		52.3505		0		0.0861368		309.458		
00:00:42:000		1.54151e+07		0.0715618		2.60121		538.27		6.90087e+06		538.931			00:00:42:000		6.76176e+06		109.542		52.3505		0		0.0861368		309.459		
00:00:42:000		1.54151e+07		0.0715618		2.60121		538.27		6.90087e+06		538.931			00:00:42:000		6.76176e+06		109.542		52.3505		0		0.0861368		309.459		
00:00:41:899		1.54153e+07		0.0718079		2.60193		538.264		6.90099e+06		538.933			00:00:41:899		6.76188e+06		109.542		52.2369		0		0.085617		309.46		
00:00:41:799		1.54154e+07		0.0720544		2.60275		538.257		6.90111e+06		538.93			00:00:41:799		6.76201e+06		109.542		52.2369		0		0.085617		309.461		
00:00:41:700		1.54155e+07		0.0723004		2.60343		538.25		6.90123e+06		538.928			00:00:41:700		6.76213e+06		109.484		52.1235		0		0.0850971		309.462		
00:00:41:600		1.54156e+07		0.072547		2.60416		538.245		6.90135e+06		538.924			00:00:41:600		6.76226e+06		109.484		52.1235		0		0.0850971		309.463		
00:00:41:500		1.54157e+07		0.0727935		2.60488		538.234		6.90148e+06		538.912			00:00:41:500		6.76239e+06		109.426		52.1235		0		0.0850971		309.463		
00:00:41:399		1.54158e+07		0.07304		2.60556		538.228		6.9016e+06		538.912			00:00:41:399		6.76251e+06		109.426		52.0104		0		0.0845773		309.464		
00:00:41:299		1.54159e+07		0.0732865		2.60633		538.221		6.90172e+06		538.912			00:00:41:299		6.76263e+06		109.426		52.0104		0		0.0845773		309.465		
00:00:41:200		1.54161e+07		0.0735331		2.60705		538.214		6.90184e+06		538.909			00:00:41:200		6.76276e+06		109.369		51.8974		0		0.0840574		309.466		
00:00:41:000		1.54163e+07		0.0740271		2.60846		538.201		6.90209e+06		538.919			00:00:41:000		6.763e+06		109.311		51.8974		0		0.0840574		309.468		
00:00:41:000		1.54163e+07		0.0740271		2.60846		538.201		6.90209e+06		538.919			00:00:41:000		6.763e+06		109.311		51.8974		0		0.0840574		309.468		
00:00:40:899		1.54164e+07		0.0742741		2.60918		538.194		6.90221e+06		538.898			00:00:40:899		6.76313e+06		109.311		51.7846		0		0.0835375		309.468		
00:00:40:799		1.54166e+07		0.0746446		2.61031		538.183		6.90239e+06		538.904			00:00:40:799		6.76332e+06		109.254		51.7846		0		0.0835375		309.47		
00:00:40:700		1.54167e+07		0.0748911		2.61099		538.176		6.90252e+06		538.92			00:00:40:700		6.76344e+06		109.254		51.672		0		0.0830176		309.47		
00:00:40:549		1.54168e+07		0.0751386		2.61171		538.168		6.90264e+06		538.909			00:00:40:549		6.76357e+06		109.254		51.672		0		0.0830176		309.471		
00:00:40:450		1.54169e+07		0.0753856		2.61244		538.161		6.90276e+06		538.898			00:00:40:450		6.76369e+06		109.196		51.5596		0		0.0824976		309.472		
00:00:40:350		1.5417e+07		0.0756335		2.61316		538.154		6.90289e+06		538.908			00:00:40:350		6.76382e+06		109.196		51.5596		0		0.0824976		309.473		
00:00:40:250		1.54172e+07		0.0758805		2.61389		538.147		6.90301e+06		538.908			00:00:40:250		6.76394e+06		109.138		51.5596		0		0.0824976		309.474		
00:00:40:049		1.54174e+07		0.076376		2.61533		538.132		6.90326e+06		538.899			00:00:40:049		6.76419e+06		109.138		51.4474		0		0.0819777		309.475		
00:00:39:950		1.54175e+07		0.0766234		2.61601		538.125		6.90338e+06		538.903			00:00:39:950		6.76432e+06		109.081		51.3354		0		0.0814577		309.476		
00:00:39:950		1.54175e+07		0.0766234		2.61601		538.125		6.90338e+06		538.903			00:00:39:950		6.76432e+06		109.081		51.3354		0		0.0814577		309.476		
00:00:39:850		1.54176e+07		0.0768714		2.61673		538.119		6.9035e+06		538.895			00:00:39:850		6.76444e+06		109.081		51.3354		0		0.0814577		309.477		
00:00:39:750		1.54177e+07		0.0771194		2.61745		538.112		6.90363e+06		538.911			00:00:39:750		6.76457e+06		109.023		51.3354		0		0.0814577		309.478		
00:00:39:649		1.54178e+07		0.0773668		2.61818		538.105		6.90375e+06		538.902			00:00:39:649		6.76469e+06		109.023		51.2236		0		0.0809377		309.479		
00:00:39:549		1.5418e+07		0.0776148		2.61885		538.098		6.90388e+06		538.905			00:00:39:549		6.76482e+06		109.023		51.2236		0		0.0809377		309.48		
00:00:39:500		1.5418e+07		0.0777388		2.61926		538.094		6.90394e+06		538.899			00:00:39:500		6.76488e+06		108.966		51.2236		0		0.0809377		309.48		
00:00:39:350		1.54182e+07		0.0781112		2.6203		538.083		6.90412e+06		538.889			00:00:39:350		6.76507e+06		108.966		51.1119		0		0.0804176		309.481		
00:00:39:250		1.54183e+07		0.0783591		2.62112		538.076		6.90425e+06		538.887			00:00:39:250		6.7652e+06		108.908		51.1119		0		0.0804176		309.482		
00:00:39:149		1.54184e+07		0.0786076		2.62174		538.067		6.90437e+06		538.881			00:00:39:149		6.76533e+06		108.908		51.0004		0		0.0798975		309.483		
00:00:39:049		1.54185e+07		0.078856		2.62247		538.06		6.9045e+06		538.877			00:00:39:049		6.76545e+06		108.908		51.0004		0		0.0798975		309.484		
00:00:38:950		1.54187e+07		0.0791044		2.62324		538.051		6.90462e+06		538.888			00:00:38:950		6.76558e+06		108.85		50.8891		0		0.0793774		309.485		
00:00:38:850		1.54188e+07		0.0793529		2.62391		538.043		6.90475e+06		538.879			00:00:38:850		6.76571e+06		108.85		50.8891		0		0.0793774		309.485		
00:00:38:750		1.54189e+07		0.0796018		2.62463		538.036		6.90487e+06		538.892			00:00:38:750		6.76583e+06		108.793		50.8891		0		0.0793774		309.486		
00:00:38:649		1.5419e+07		0.0798502		2.6254		538.029		6.905e+06		538.879			00:00:38:649		6.76596e+06		108.793		50.778		0		0.0788573		309.487		
00:00:38:549		1.54191e+07		0.0800991		2.62603		538.022		6.90512e+06		538.891			00:00:38:549		6.76608e+06		108.793		50.778		0		0.0788573		309.488		
00:00:38:450		1.54192e+07		0.0803475		2.62675		538.012		6.90525e+06		538.874			00:00:38:450		6.76622e+06		108.735		50.6671		0		0.0783372		309.489		
00:00:38:350		1.54193e+07		0.0805964		2.62748		538.003		6.90537e+06		538.874			00:00:38:350		6.76634e+06		108.735		50.6671		0		0.0783372		309.49		
00:00:38:250		1.54195e+07		0.0808454		2.6282		537.996		6.9055e+06		538.871			00:00:38:250		6.76647e+06		108.678		50.6671		0		0.0783372		309.491		
00:00:38:149		1.54196e+07		0.0810947		2.62897		537.987		6.90562e+06		538.862			00:00:38:149		6.7666e+06		108.678		50.5563		0		0.077817		309.491		
00:00:38:049		1.54197e+07		0.0813437		2.62964		537.976		6.90575e+06		538.862			00:00:38:049		6.76673e+06		108.678		50.5563		0		0.077817		309.492		
00:00:37:950		1.54198e+07		0.081593		2.63032		537.969		6.90587e+06		538.859			00:00:37:950		6.76685e+06		108.62		50.4457		0		0.0772968		309.493		
00:00:37:850		1.54199e+07		0.0818419		2.63104		537.96		6.906e+06		538.867			00:00:37:850		6.76698e+06		108.62		50.4457		0		0.0772968		309.494		
00:00:37:700		1.54201e+07		0.0822163		2.63217		537.947		6.90618e+06		538.862			00:00:37:700		6.76717e+06		108.562		50.3352		0		0.0767766		309.495		
00:00:37:600		1.54202e+07		0.0824652		2.63289		537.938		6.90631e+06		538.871			00:00:37:600		6.7673e+06		108.562		50.3352		0		0.0767766		309.496		
00:00:37:500		1.54203e+07		0.082715		2.63356		537.931		6.90644e+06		538.856			00:00:37:500		6.76743e+06		108.505		50.3352		0		0.0767766		309.497		
00:00:37:500		1.54203e+07		0.082715		2.63356		537.931		6.90644e+06		538.856			00:00:37:500		6.76743e+06		108.505		50.3352		0		0.0767766		309.497		
00:00:37:299		1.54206e+07		0.0832143		2.635		537.913		6.90669e+06		538.86			00:00:37:299		6.76768e+06		108.505		50.2249		0		0.0762563		309.499		
00:00:37:299		1.54206e+07		0.0832143		2.635		537.913		6.90669e+06		538.86			00:00:37:299		6.76768e+06		108.505		50.2249		0		0.0762563		309.499		
00:00:37:200		1.54207e+07		0.0834637		2.63572		537.904		6.90681e+06		538.842			00:00:37:200		6.76781e+06		108.447		50.1147		0		0.075736		309.499		
00:00:37:000		1.54209e+07		0.0839634		2.63717		537.885		6.90707e+06		538.853			00:00:37:000		6.76806e+06		108.389		50.1147		0		0.075736		309.501		
00:00:37:000		1.54209e+07		0.0839634		2.63717		537.885		6.90707e+06		538.853			00:00:37:000		6.76806e+06		108.389		50.1147		0		0.075736		309.501		
00:00:36:899		1.5421e+07		0.0842133		2.63789		537.876		6.90719e+06		538.849			00:00:36:899		6.76819e+06		108.389		50.0048		0		0.0752157		309.502		
00:00:36:799		1.54212e+07		0.0844631		2.63861		537.867		6.90732e+06		538.857			00:00:36:799		6.76832e+06		108.389		50.0048		0		0.0752157		309.503		
00:00:36:700		1.54213e+07		0.0847135		2.63933		537.858		6.90745e+06		538.854			00:00:36:700		6.76845e+06		108.332		49.8949		0		0.0746954		309.504		
00:00:36:600		1.54214e+07		0.0849633		2.64		537.849		6.90757e+06		538.847			00:00:36:600		6.76858e+06		108.332		49.8949		0		0.0746954		309.505		
00:00:36:500		1.54215e+07		0.0852137		2.64072		537.84		6.9077e+06		538.842			00:00:36:500		6.76871e+06		108.274		49.8949		0		0.0746954		309.505		
00:00:36:399		1.54216e+07		0.085464		2.64144		537.831		6.90783e+06		538.849			00:00:36:399		6.76884e+06		108.274		49.7852		0		0.0741751		309.506		
00:00:36:299		1.54217e+07		0.0857143		2.64212		537.822		6.90795e+06		538.83			00:00:36:299		6.76896e+06		108.274		49.7852		0		0.0741751		309.507		
00:00:36:200		1.54219e+07		0.0859652		2.64284		537.813		6.90808e+06		538.845			00:00:36:200		6.7691e+06		108.216		49.6756		0		0.0736547		309.508		
00:00:36:000		1.54221e+07		0.0864658		2.64428		537.793		6.90833e+06		538.828			00:00:36:000		6.76936e+06		108.159		49.6756		0		0.0736547		309.51		
00:00:36:000		1.54221e+07		0.0864658		2.64428		537.793		6.90833e+06		538.828			00:00:36:000		6.76936e+06		108.159		49.6756		0		0.0736547		309.51		
00:00:35:899		1.54222e+07		0.0867167		2.645		537.784		6.90846e+06		538.827			00:00:35:899		6.76948e+06		108.159		49.5662		0		0.0731343		309.511		
00:00:35:700		1.54224e+07		0.0872178		2.64644		537.766		6.90872e+06		538.827			00:00:35:700		6.76974e+06		108.101		49.457		0		0.0726139		309.512		
00:00:35:700		1.54224e+07		0.0872178		2.64644		537.766		6.90872e+06		538.827			00:00:35:700		6.76974e+06		108.101		49.457		0		0.0726139		309.512		
00:00:35:600		1.54226e+07		0.0874691		2.64711		537.757		6.90884e+06		538.836			00:00:35:600		6.76987e+06		108.101		49.457		0		0.0726139		309.513		
00:00:35:450		1.54227e+07		0.0878448		2.6481		537.742		6.90903e+06		538.831			00:00:35:450		6.77007e+06		108.043		49.3478		0		0.0720934		309.514		
00:00:35:350		1.54229e+07		0.0880966		2.64881		537.731		6.90916e+06		538.822			00:00:35:350		6.7702e+06		108.043		49.3478		0		0.0720934		309.515		
00:00:35:299		1.54229e+07		0.088222		2.64917		537.726		6.90923e+06		538.82			00:00:35:299		6.77026e+06		108.043		49.3478		0		0.0720934		309.516		
00:00:35:200		1.5423e+07		0.0884728		2.64991		537.717		6.90935e+06		538.82			00:00:35:200		6.77039e+06		107.986		49.2388		0		0.0715729		309.517		
00:00:35:000		1.54233e+07		0.0889754		2.65124		537.697		6.90961e+06		538.822			00:00:35:000		6.77065e+06		107.928		49.2388		0		0.0715729		309.518		
00:00:35:000		1.54233e+07		0.0889754		2.65124		537.697		6.90961e+06		538.822			00:00:35:000		6.77065e+06		107.928		49.2388		0		0.0715729		309.518		
00:00:34:899		1.54234e+07		0.0892267		2.65191		537.686		6.90974e+06		538.817			00:00:34:899		6.77077e+06		107.928		49.1299		0		0.0710524		309.519		
00:00:34:799		1.54235e+07		0.089478		2.65263		537.675		6.90987e+06		538.818			00:00:34:799		6.77091e+06		107.928		49.1299		0		0.0710524		309.52		
00:00:34:700		1.54236e+07		0.0897298		2.6533		537.666		6.90999e+06		538.814			00:00:34:700		6.77104e+06		107.87		49.0211		0		0.0705319		309.521		
00:00:34:549		1.54238e+07		0.090107		2.65438		537.65		6.91019e+06		538.812			00:00:34:549		6.77123e+06		107.87		49.0211		0		0.0705319		309.522		
00:00:34:450		1.54239e+07		0.0903587		2.65501		537.639		6.91031e+06		538.817			00:00:34:450		6.77136e+06		107.813		48.9125		0		0.0700114		309.523		
00:00:34:350		1.5424e+07		0.0906105		2.65573		537.63		6.91044e+06		538.825			00:00:34:350		6.7715e+06		107.813		48.9125		0		0.0700114		309.524		
00:00:34:250		1.54242e+07		0.0908623		2.6564		537.621		6.91057e+06		538.812			00:00:34:250		6.77162e+06		107.755		48.9125		0		0.0700114		309.525		
00:00:34:049		1.54244e+07		0.0913663		2.65783		537.599		6.91083e+06		538.81			00:00:34:049		6.77189e+06		107.755		48.804		0		0.0694908		309.526		
00:00:33:950		1.54245e+07		0.0916181		2.65851		537.588		6.91096e+06		538.806			00:00:33:950		6.77202e+06		107.697		48.6955		0		0.0689702		309.527		
00:00:33:950		1.54245e+07		0.0916181		2.65851		537.588		6.91096e+06		538.806			00:00:33:950		6.77202e+06		107.697		48.6955		0		0.0689702		309.527		
00:00:33:850		1.54246e+07		0.0918698		2.65918		537.577		6.91109e+06		538.816			00:00:33:850		6.77215e+06		107.697		48.6955		0		0.0689702		309.528		
00:00:33:750		1.54248e+07		0.0921221		2.65985		537.566		6.91122e+06		538.808			00:00:33:750		6.77228e+06		107.64		48.6955		0		0.0689702		309.529		
00:00:33:649		1.54249e+07		0.0923738		2.66057		537.555		6.91135e+06		538.807			00:00:33:649		6.77241e+06		107.64		48.5872		0		0.0684495		309.53		
00:00:33:549		1.5425e+07		0.0926261		2.66128		537.544		6.91148e+06		538.817			00:00:33:549		6.77254e+06		107.64		48.5872		0		0.0684495		309.531		
00:00:33:450		1.54251e+07		0.0928788		2.66196		537.534		6.91161e+06		538.803			00:00:33:450		6.77267e+06		107.582		48.4789		0		0.0679289		309.532		
00:00:33:350		1.54252e+07		0.0931311		2.66263		537.521		6.91173e+06		538.804			00:00:33:350		6.7728e+06		107.582		48.4789		0		0.0679289		309.533		
00:00:33:250		1.54253e+07		0.0933833		2.6633		537.51		6.91186e+06		538.802			00:00:33:250		6.77294e+06		107.524		48.4789		0		0.0679289		309.533		
00:00:33:149		1.54255e+07		0.0936356		2.66402		537.499		6.91199e+06		538.794			00:00:33:149		6.77307e+06		107.524		48.3707		0		0.0674082		309.534		
00:00:33:049		1.54256e+07		0.0938883		2.66478		537.486		6.91212e+06		538.807			00:00:33:049		6.7732e+06		107.524		48.3707		0		0.0674082		309.535		
00:00:32:950		1.54257e+07		0.094141		2.66536		537.474		6.91225e+06		538.796			00:00:32:950		6.77333e+06		107.467		48.2626		0		0.0668875		309.536		
00:00:32:850		1.54258e+07		0.0943933		2.66608		537.463		6.91238e+06		538.798			00:00:32:850		6.77346e+06		107.467		48.2626		0		0.0668875		309.537		
00:00:32:750		1.54259e+07		0.0946465		2.66675		537.45		6.91251e+06		538.805			00:00:32:750		6.77359e+06		107.409		48.2626		0		0.0668875		309.538		
00:00:32:649		1.54261e+07		0.0948992		2.66747		537.439		6.91264e+06		538.8			00:00:32:649		6.77372e+06		107.409		48.1546		0		0.0663668		309.539		
00:00:32:549		1.54262e+07		0.0951519		2.66818		537.428		6.91277e+06		538.793			00:00:32:549		6.77385e+06		107.409		48.1546		0		0.0663668		309.54		
00:00:32:450		1.54264e+07		0.095531		2.66921		537.41		6.91297e+06		538.796			00:00:32:450		6.77405e+06		107.351		48.0466		0		0.065846		309.541		
00:00:32:299		1.54265e+07		0.0957842		2.66984		537.397		6.9131e+06		538.792			00:00:32:299		6.77418e+06		107.351		48.0466		0		0.065846		309.542		
00:00:32:200		1.54266e+07		0.0960374		2.67055		537.386		6.91323e+06		538.793			00:00:32:200		6.77432e+06		107.294		47.9386		0		0.0653252		309.543		
00:00:32:100		1.54267e+07		0.0962901		2.67122		537.376		6.91336e+06		538.786			00:00:32:100		6.77445e+06		107.294		47.9386		0		0.0653252		309.544		
00:00:32:000		1.54268e+07		0.0965433		2.67194		537.363		6.91349e+06		538.797			00:00:32:000		6.77458e+06		107.236		47.9386		0		0.0653252		309.544		
00:00:31:899		1.5427e+07		0.096797		2.67261		537.352		6.91362e+06		538.789			00:00:31:899		6.77472e+06		107.236		47.8306		0		0.0648044		309.545		
00:00:31:899		1.5427e+07		0.096797		2.67261		537.352		6.91362e+06		538.789			00:00:31:899		6.77472e+06		107.236		47.8306		0		0.0648044		309.545		
00:00:31:800		1.54271e+07		0.0970497		2.67337		537.341		6.91375e+06		538.786			00:00:31:800		6.77485e+06		107.236		47.8306		0		0.0648044		309.546		
00:00:31:699		1.54272e+07		0.0973029		2.674		537.328		6.91389e+06		538.775			00:00:31:699		6.77498e+06		107.178		47.7227		0		0.0642836		309.547		
00:00:31:600		1.54273e+07		0.0975566		2.67462		537.316		6.91402e+06		538.787			00:00:31:600		6.77511e+06		107.178		47.7227		0		0.0642836		309.548		
00:00:31:449		1.54275e+07		0.0979366		2.6757		537.298		6.91421e+06		538.791			00:00:31:449		6.77531e+06		107.121		47.6148		0		0.0637627		309.549		
00:00:31:350		1.54276e+07		0.0981903		2.67641		537.285		6.91434e+06		538.788			00:00:31:350		6.77544e+06		107.121		47.6148		0		0.0637627		309.55		
00:00:31:250		1.54277e+07		0.098444		2.67708		537.272		6.91448e+06		538.786			00:00:31:250		6.77557e+06		107.063		47.6148		0		0.0637627		309.551		
00:00:31:149		1.54279e+07		0.0986977		2.67775		537.261		6.91461e+06		538.796			00:00:31:149		6.77571e+06		107.063		47.5068		0		0.0632418		309.552		
00:00:31:000		1.5428e+07		0.0990782		2.67878		537.241		6.9148e+06		538.793			00:00:31:000		6.7759e+06		107.005		47.5068		0		0.0632418		309.553		
00:00:30:899		1.54282e+07		0.0993323		2.6795		537.229		6.91494e+06		538.801			00:00:30:899		6.77604e+06		107.005		47.3988		0		0.0627209		309.554		
00:00:30:800		1.54283e+07		0.0995855		2.68021		537.214		6.91507e+06		538.779			00:00:30:800		6.77618e+06		107.005		47.3988		0		0.0627209		309.555		
00:00:30:699		1.54284e+07		0.0998402		2.68084		537.201		6.9152e+06		538.774			00:00:30:699		6.77631e+06		106.948		47.2908		0		0.0622		309.556		
00:00:30:699		1.54284e+07		0.0998402		2.68084		537.201		6.9152e+06		538.774			00:00:30:699		6.77631e+06		106.948		47.2908		0		0.0622		309.556		
00:00:30:600		1.54285e+07		0.100094		2.68155		537.189		6.91533e+06		538.777			00:00:30:600		6.77644e+06		106.948		47.2908		0		0.0622		309.557		
00:00:30:500		1.54286e+07		0.100348		2.68224		537.176		6.91546e+06		538.781			00:00:30:500		6.77658e+06		106.89		47.2908		0		0.0622		309.558		
00:00:30:399		1.54288e+07		0.100602		2.68289		537.163		6.9156e+06		538.787			00:00:30:399		6.77671e+06		106.89		47.1827		0		0.061679		309.559		
00:00:30:199		1.5429e+07		0.10111		2.68428		537.136		6.91586e+06		538.777			00:00:30:199		6.77698e+06		106.832		47.0746		0		0.061158		309.56		
00:00:30:199		1.5429e+07		0.10111		2.68428		537.136		6.91586e+06		538.777			00:00:30:199		6.77698e+06		106.832		47.0746		0		0.061158		309.56		
00:00:30:000		1.54292e+07		0.101618		2.68566		537.111		6.91613e+06		538.78			00:00:30:000		6.77724e+06		106.775		47.0746		0		0.061158		309.562		
00:00:30:000		1.54292e+07		0.101618		2.68566		537.111		6.91613e+06		538.78			00:00:30:000		6.77724e+06		106.775		47.0746		0		0.061158		309.562		
00:00:29:899		1.54294e+07		0.101873		2.68633		537.098		6.91626e+06		538.792			00:00:29:899		6.77737e+06		106.775		46.9663		0		0.060637		309.563		
00:00:29:800		1.54295e+07		0.102127		2.68704		537.085		6.91639e+06		538.799			00:00:29:800		6.77751e+06		106.775		46.9663		0		0.060637		309.564		
00:00:29:699		1.54296e+07		0.102382		2.68767		537.071		6.91652e+06		538.799			00:00:29:699		6.77764e+06		106.717		46.858		0		0.0601159		309.565		
00:00:29:600		1.54297e+07		0.102636		2.68835		537.058		6.91666e+06		538.789			00:00:29:600		6.77778e+06		106.717		46.858		0		0.0601159		309.566		
00:00:29:449		1.54299e+07		0.103018		2.68936		537.038		6.91686e+06		538.797			00:00:29:449		6.77797e+06		106.659		46.7495		0		0.0595948		309.567		
00:00:29:350		1.543e+07		0.103272		2.69003		537.025		6.91699e+06		538.803			00:00:29:350		6.7781e+06		106.659		46.7495		0		0.0595948		309.568		
00:00:29:300		1.54301e+07		0.103528		2.69072		537.011		6.91712e+06		538.798			00:00:29:300		6.77824e+06		106.602		46.7495		0		0.0595948		309.569		
00:00:29:050		1.54304e+07		0.104037		2.69215		536.982		6.91739e+06		538.775			00:00:29:050		6.77852e+06		106.602		46.6408		0		0.0590737		309.571		
00:00:28:949		1.54305e+07		0.104292		2.6928		536.967		6.91752e+06		538.783			00:00:28:949		6.77866e+06		106.544		46.532		0		0.0585526		309.572		
00:00:28:949		1.54305e+07		0.104292		2.6928		536.967		6.91752e+06		538.783			00:00:28:949		6.77866e+06		106.544		46.532		0		0.0585526		309.572		
00:00:28:850		1.54306e+07		0.104547		2.69351		536.952		6.91766e+06		538.783			00:00:28:850		6.77879e+06		106.544		46.532		0		0.0585526		309.573		
00:00:28:750		1.54307e+07		0.104801		2.69414		536.94		6.91779e+06		538.774			00:00:28:750		6.77893e+06		106.486		46.532		0		0.0585526		309.574		
00:00:28:649		1.54309e+07		0.105056		2.69485		536.925		6.91793e+06		538.778			00:00:28:649		6.77906e+06		106.486		46.4229		0		0.0580315		309.574		
00:00:28:550		1.5431e+07		0.105311		2.69552		536.911		6.91806e+06		538.783			00:00:28:550		6.7792e+06		106.486		46.4229		0		0.0580315		309.575		
00:00:28:449		1.54311e+07		0.105567		2.69623		536.896		6.91819e+06		538.784			00:00:28:449		6.77933e+06		106.429		46.3137		0		0.0575103		309.576		
00:00:28:350		1.54312e+07		0.105822		2.6969		536.882		6.91833e+06		538.775			00:00:28:350		6.77947e+06		106.429		46.3137		0		0.0575103		309.577		
00:00:28:250		1.54314e+07		0.106077		2.69757		536.867		6.91846e+06		538.779			00:00:28:250		6.7796e+06		106.371		46.3137		0		0.0575103		309.578		
00:00:28:100		1.54315e+07		0.10646		2.69855		536.845		6.91866e+06		538.777			00:00:28:100		6.7798e+06		106.371		46.2042		0		0.0569891		309.579		
00:00:27:949		1.54317e+07		0.106843		2.69962		536.823		6.91887e+06		538.782			00:00:27:949		6.78001e+06		106.313		46.0944		0		0.0564678		309.581		
00:00:27:949		1.54317e+07		0.106843		2.69962		536.823		6.91887e+06		538.782			00:00:27:949		6.78001e+06		106.313		46.0944		0		0.0564678		309.581		
00:00:27:850		1.54318e+07		0.107098		2.70029		536.809		6.919e+06		538.782			00:00:27:850		6.78015e+06		106.313		46.0944		0		0.0564678		309.582		
00:00:27:750		1.5432e+07		0.107354		2.70091		536.793		6.91914e+06		538.78			00:00:27:750		6.78028e+06		106.256		46.0944		0		0.0564678		309.583		
00:00:27:649		1.54321e+07		0.107609		2.70162		536.778		6.91927e+06		538.771			00:00:27:649		6.78042e+06		106.256		45.9842		0		0.0559466		309.584		
00:00:27:550		1.54322e+07		0.107865		2.70234		536.763		6.91941e+06		538.772			00:00:27:550		6.78056e+06		106.256		45.9842		0		0.0559466		309.585		
00:00:27:449		1.54323e+07		0.10812		2.703		536.747		6.91954e+06		538.771			00:00:27:449		6.78069e+06		106.198		45.8738		0		0.0554253		309.585		
00:00:27:350		1.54324e+07		0.108376		2.70362		536.731		6.91968e+06		538.771			00:00:27:350		6.78083e+06		106.198		45.8738		0		0.0554253		309.586		
00:00:27:250		1.54326e+07		0.108632		2.70434		536.714		6.91981e+06		538.776			00:00:27:250		6.78096e+06		106.14		45.8738		0		0.0554253		309.587		
00:00:27:149		1.54327e+07		0.108887		2.70496		536.7		6.91995e+06		538.773			00:00:27:149		6.7811e+06		106.14		45.763		0		0.054904		309.588		
00:00:27:050		1.54328e+07		0.109143		2.70567		536.685		6.92008e+06		538.781			00:00:27:050		6.78124e+06		106.14		45.763		0		0.054904		309.589		
00:00:26:949		1.54329e+07		0.109399		2.70639		536.671		6.92022e+06		538.782			00:00:26:949		6.78137e+06		106.083		45.6518		0		0.0543826		309.59		
00:00:26:850		1.54331e+07		0.109655		2.70705		536.654		6.92035e+06		538.779			00:00:26:850		6.78151e+06		106.083		45.6518		0		0.0543826		309.591		
00:00:26:750		1.54332e+07		0.109911		2.70763		536.638		6.92049e+06		538.773			00:00:26:750		6.78165e+06		106.025		45.6518		0		0.0543826		309.592		
00:00:26:649		1.54334e+07		0.110295		2.70861		536.614		6.92069e+06		538.767			00:00:26:649		6.78186e+06		106.025		45.5402		0		0.0538613		309.593		
00:00:26:500		1.54335e+07		0.110552		2.70932		536.598		6.92083e+06		538.77			00:00:26:500		6.78199e+06		105.967		45.5402		0		0.0538613		309.594		
00:00:26:399		1.54336e+07		0.110808		2.70994		536.583		6.92097e+06		538.768			00:00:26:399		6.78213e+06		105.967		45.4285		0		0.0533399		309.595		
00:00:26:300		1.54337e+07		0.111064		2.71061		536.567		6.9211e+06		538.77			00:00:26:300		6.78226e+06		105.967		45.4285		0		0.0533399		309.596		
00:00:26:300		1.54337e+07		0.111064		2.71061		536.567		6.9211e+06		538.77			00:00:26:300		6.78226e+06		105.967		45.4285		0		0.0533399		309.596		
00:00:26:100		1.5434e+07		0.111578		2.71194		536.534		6.92138e+06		538.776			00:00:26:100		6.78254e+06		105.91		45.3169		0		0.0528184		309.598		
00:00:26:000		1.54341e+07		0.111834		2.71266		536.518		6.92151e+06		538.773			00:00:26:000		6.78268e+06		105.852		45.3169		0		0.0528184		309.599		
00:00:25:899		1.54342e+07		0.112091		2.71328		536.502		6.92165e+06		538.776			00:00:25:899		6.78281e+06		105.852		45.2062		0		0.052297		309.6		
00:00:25:800		1.54344e+07		0.112348		2.7139		536.485		6.92179e+06		538.783			00:00:25:800		6.78295e+06		105.852		45.2062		0		0.052297		309.6		
00:00:25:800		1.54344e+07		0.112348		2.7139		536.485		6.92179e+06		538.783			00:00:25:800		6.78295e+06		105.852		45.2062		0		0.052297		309.601		
00:00:25:699		1.54345e+07		0.112604		2.71452		536.467		6.92192e+06		538.78			00:00:25:699		6.78309e+06		105.794		45.0963		0		0.0517755		309.602		
00:00:25:600		1.54346e+07		0.112861		2.71519		536.451		6.92206e+06		538.769			00:00:25:600		6.78323e+06		105.794		45.0963		0		0.0517755		309.603		
00:00:25:449		1.54348e+07		0.113246		2.71621		536.427		6.92227e+06		538.777			00:00:25:449		6.78344e+06		105.737		44.9873		0		0.051254		309.604		
00:00:25:350		1.54349e+07		0.113503		2.71683		536.409		6.9224e+06		538.781			00:00:25:350		6.78358e+06		105.737		44.9873		0		0.051254		309.605		
00:00:25:199		1.54351e+07		0.113889		2.71786		536.383		6.92261e+06		538.767			00:00:25:199		6.78379e+06		105.679		44.8792		0		0.0507325		309.606		
00:00:25:199		1.54351e+07		0.113889		2.71786		536.383		6.92261e+06		538.767			00:00:25:199		6.78379e+06		105.679		44.8792		0		0.0507325		309.606		
00:00:25:000		1.54353e+07		0.114404		2.7191		536.351		6.92289e+06		538.777			00:00:25:000		6.78406e+06		105.621		44.8792		0		0.0507325		309.608		
00:00:24:899		1.54353e+07		0.114404		2.7191		536.351		6.92289e+06		538.777			00:00:24:899		6.78406e+06		105.621		44.8792		0		0.0507325		309.608		
00:00:24:899		1.54355e+07		0.114662		2.71981		536.333		6.92303e+06		538.773			00:00:24:899		6.7842e+06		105.621		44.7717		0		0.0502109		309.609		
00:00:24:699		1.54357e+07		0.115177		2.72114		536.3		6.9233e+06		538.782			00:00:24:699		6.78448e+06		105.563		44.6648		0		0.0496893		309.611		
00:00:24:699		1.54357e+07		0.115177		2.72114		536.3		6.9233e+06		538.782			00:00:24:699		6.78448e+06		105.563		44.6648		0		0.0496893		309.611		
00:00:24:600		1.54358e+07		0.115434		2.72172		536.282		6.92344e+06		538.781			00:00:24:600		6.78462e+06		105.563		44.6648		0		0.0496893		309.612		
00:00:24:500		1.5436e+07		0.115692		2.72239		536.265		6.92358e+06		538.776			00:00:24:500		6.78476e+06		105.506		44.6648		0		0.0496893		309.613		
00:00:24:399		1.54361e+07		0.11595		2.72301		536.249		6.92372e+06		538.779			00:00:24:399		6.78489e+06		105.506		44.5584		0		0.0491677		309.614		
00:00:24:300		1.54362e+07		0.116208		2.72368		536.229		6.92386e+06		538.778			00:00:24:300		6.78504e+06		105.506		44.5584		0		0.0491677		309.615		
00:00:24:100		1.54365e+07		0.116724		2.72501		536.193		6.92413e+06		538.771			00:00:24:100		6.78532e+06		105.448		44.4523		0		0.0486461		309.617		
00:00:24:000		1.54366e+07		0.116982		2.72572		536.176		6.92427e+06		538.773			00:00:24:000		6.78546e+06		105.39		44.4523		0		0.0486461		309.618		
00:00:24:000		1.54366e+07		0.116982		2.72572		536.176		6.92427e+06		538.773			00:00:24:000		6.78546e+06		105.39		44.4523		0		0.0486461		309.618		
00:00:23:899		1.54368e+07		0.11737		2.72661		536.149		6.92448e+06		538.779			00:00:23:899		6.78567e+06		105.39		44.3464		0		0.0481244		309.619		
00:00:23:750		1.54369e+07		0.117629		2.72719		536.132		6.92462e+06		538.778			00:00:23:750		6.78581e+06		105.333		44.3464		0		0.0481244		309.62		
00:00:23:649		1.5437e+07		0.117887		2.72794		536.116		6.92476e+06		538.787			00:00:23:649		6.78595e+06		105.333		44.2408		0		0.0476027		309.621		
00:00:23:550		1.54372e+07		0.118146		2.72861		536.098		6.9249e+06		538.776			00:00:23:550		6.78609e+06		105.333		44.2408		0		0.0476027		309.622		
00:00:23:449		1.54373e+07		0.118405		2.72919		536.08		6.92504e+06		538.777			00:00:23:449		6.78623e+06		105.275		44.1355		0		0.047081		309.623		
00:00:23:399		1.54374e+07		0.118534		2.7295		536.071		6.92511e+06		538.778			00:00:23:399		6.7863e+06		105.275		44.1355		0		0.047081		309.623		
00:00:23:300		1.54375e+07		0.118793		2.73016		536.052		6.92525e+06		538.784			00:00:23:300		6.78644e+06		105.275		44.1355		0		0.047081		309.624		
00:00:23:050		1.54378e+07		0.119441		2.73196		536.007		6.9256e+06		538.79			00:00:23:050		6.78679e+06		105.217		44.0304		0		0.0465592		309.627		
00:00:22:949		1.54379e+07		0.1197		2.73239		535.989		6.92574e+06		538.777			00:00:22:949		6.78693e+06		105.16		43.9256		0		0.0460374		309.628		
00:00:22:949		1.54379e+07		0.1197		2.73239		535.989		6.92574e+06		538.777			00:00:22:949		6.78693e+06		105.16		43.9256		0		0.0460374		309.628		
00:00:22:850		1.54381e+07		0.11996		2.7331		535.969		6.92588e+06		538.784			00:00:22:850		6.78707e+06		105.16		43.9256		0		0.0460374		309.629		
00:00:22:750		1.54382e+07		0.120219		2.73265		535.95		6.92602e+06		538.782			00:00:22:750		6.78722e+06		105.102		43.9256		0		0.0460374		309.63		
00:00:22:649		1.54383e+07		0.120479		2.73467		535.93		6.92616e+06		538.772			00:00:22:649		6.78736e+06		105.102		43.8211		0		0.0455156		309.631		
00:00:22:550		1.54385e+07		0.120739		2.73532		535.912		6.9263e+06		538.774			00:00:22:550		6.7875e+06		105.102		43.8211		0		0.0455156		309.632		
00:00:22:449		1.54386e+07		0.120999		2.73535		535.894		6.92644e+06		538.777			00:00:22:449		6.78764e+06		105.044		43.7169		0		0.0449938		309.633		
00:00:22:350		1.54387e+07		0.121259		2.73597		535.874		6.92658e+06		538.789			00:00:22:350		6.78778e+06		105.044		43.7169		0		0.0449938		309.634		
00:00:22:250		1.54389e+07		0.121518		2.73664		535.856		6.92672e+06		538.788			00:00:22:250		6.78793e+06		104.987		43.7169		0		0.0449938		309.635		
00:00:22:050		1.54391e+07		0.122039		2.73798		535.816		6.92701e+06		538.785			00:00:22:050		6.78821e+06		104.987		43.6129		0		0.0444719		309.637		
00:00:21:949		1.54392e+07		0.1223		2.7386		535.798		6.92715e+06		538.788			00:00:21:949		6.78835e+06		104.929		43.5093		0		0.04395		309.638		
00:00:21:949		1.54392e+07		0.1223		2.7386		535.798		6.92715e+06		538.788			00:00:21:949		6.78835e+06		104.929		43.5093		0		0.04395		309.638		
00:00:21:850		1.54394e+07		0.12256		2.73927		535.778		6.92729e+06		538.787			00:00:21:850		6.78849e+06		104.929		43.5093		0		0.04395		309.639		
00:00:21:750		1.54395e+07		0.12282		2.73994		535.759		6.92743e+06		538.788			00:00:21:750		6.78864e+06		104.871		43.5093		0		0.04395		309.64		
00:00:21:649		1.54396e+07		0.123081		2.74056		535.739		6.92757e+06		538.794			00:00:21:649		6.78878e+06		104.871		43.4059		0		0.0434281		309.641		
00:00:21:550		1.54398e+07		0.123342		2.74119		535.717		6.92772e+06		538.788			00:00:21:550		6.78892e+06		104.871		43.4059		0		0.0434281		309.642		
00:00:21:449		1.54399e+07		0.123602		2.74181		535.697		6.92786e+06		538.795			00:00:21:449		6.78906e+06		104.814		43.3029		0		0.0429062		309.643		
00:00:21:350		1.544e+07		0.123863		2.74248		535.677		6.928e+06		538.793			00:00:21:350		6.7892e+06		104.814		43.3029		0		0.0429062		309.644		
00:00:21:250		1.54402e+07		0.124124		2.74315		535.657		6.92814e+06		538.796			00:00:21:250		6.78935e+06		104.756		43.3029		0		0.0429062		309.645		
00:00:21:149		1.54403e+07		0.124385		2.74377		535.637		6.92829e+06		538.792			00:00:21:149		6.78949e+06		104.756		43.2002		0		0.0423842		309.646		
00:00:21:050		1.54404e+07		0.124646		2.7444		535.617		6.92843e+06		538.802			00:00:21:050		6.78963e+06		104.756		43.2002		0		0.0423842		309.647		
00:00:20:899		1.54406e+07		0.125038		2.74538		535.586		6.92864e+06		538.809			00:00:20:899		6.78984e+06		104.698		43.0978		0		0.0418622		309.648		
00:00:20:800		1.54408e+07		0.125299		2.746		535.566		6.92879e+06		538.807			00:00:20:800		6.78999e+06		104.698		43.0978		0		0.0418622		309.649		
00:00:20:699		1.54409e+07		0.125561		2.74672		535.544		6.92893e+06		538.8			00:00:20:699		6.79014e+06		104.641		42.9957		0		0.0413402		309.65		
00:00:20:600		1.5441e+07		0.125822		2.74734		535.524		6.92907e+06		538.797			00:00:20:600		6.79028e+06		104.641		42.9957		0		0.0413402		309.651		
00:00:20:500		1.54412e+07		0.126083		2.74797		535.504		6.92922e+06		538.8			00:00:20:500		6.79042e+06		104.583		42.9957		0		0.0413402		309.652		
00:00:20:399		1.54413e+07		0.126345		2.74864		535.484		6.92936e+06		538.809			00:00:20:399		6.79057e+06		104.583		42.894		0		0.0408181		309.653		
00:00:20:399		1.54413e+07		0.126345		2.74864		535.484		6.92936e+06		538.809			00:00:20:399		6.79057e+06		104.583		42.894		0		0.0408181		309.653		
00:00:20:199		1.54416e+07		0.126868		2.74989		535.441		6.92965e+06		538.818			00:00:20:199		6.79086e+06		104.525		42.7926		0		0.040296		309.655		
00:00:20:100		1.54417e+07		0.12713		2.75056		535.419		6.92979e+06		538.811			00:00:20:100		6.791e+06		104.525		42.7926		0		0.040296		309.656		
00:00:20:000		1.54419e+07		0.127392		2.75123		535.399		6.92994e+06		538.812			00:00:20:000		6.79115e+06		104.467		42.7926		0		0.040296		309.657		
00:00:20:000		1.54419e+07		0.127392		2.75123		535.399		6.92994e+06		538.812			00:00:20:000		6.79115e+06		104.467		42.7926		0		0.040296		309.657		
00:00:19:899		1.5442e+07		0.127654		2.75186		535.377		6.93008e+06		538.809			00:00:19:899		6.79129e+06		104.467		42.6916		0		0.0397739		309.658		
00:00:19:800		1.54421e+07		0.127916		2.75248		535.355		6.93023e+06		538.806			00:00:19:800		6.79144e+06		104.467		42.6916		0		0.0397739		309.659		
00:00:19:699		1.54423e+07		0.128178		2.75311		535.335		6.93037e+06		538.81			00:00:19:699		6.79158e+06		104.41		42.5909		0		0.0392517		309.66		
00:00:19:600		1.54424e+07		0.12844		2.75378		535.313		6.93052e+06		538.814			00:00:19:600		6.79173e+06		104.41		42.5909		0		0.0392517		309.661		
00:00:19:500		1.54426e+07		0.128702		2.75441		535.291		6.93066e+06		538.812			00:00:19:500		6.79188e+06		104.352		42.5909		0		0.0392517		309.662		
00:00:19:399		1.54427e+07		0.128964		2.75503		535.271		6.93081e+06		538.812			00:00:19:399		6.79202e+06		104.352		42.4906		0		0.0387296		309.663		
00:00:19:300		1.54428e+07		0.129227		2.75571		535.249		6.93095e+06		538.805			00:00:19:300		6.79217e+06		104.352		42.4906		0		0.0387296		309.665		
00:00:19:199		1.5443e+07		0.129489		2.75633		535.226		6.9311e+06		538.818			00:00:19:199		6.79232e+06		104.294		42.3906		0		0.0382074		309.666		
00:00:19:000		1.54433e+07		0.130014		2.75759		535.182		6.93139e+06		538.817			00:00:19:000		6.79261e+06		104.237		42.3906		0		0.0382074		309.668		
00:00:19:000		1.54433e+07		0.130014		2.75759		535.182		6.93139e+06		538.817			00:00:19:000		6.79261e+06		104.237		42.3906		0		0.0382074		309.668		
00:00:18:899		1.54434e+07		0.130277		2.75826		535.16		6.93154e+06		538.812			00:00:18:899		6.79276e+06		104.237		42.291		0		0.0376851		309.669		
00:00:18:800		1.54435e+07		0.130539		2.75889		535.138		6.93168e+06		538.816			00:00:18:800		6.7929e+06		104.237		42.291		0		0.0376851		309.67		
00:00:18:699		1.54437e+07		0.130802		2.75951		535.116		6.93183e+06		538.833			00:00:18:699		6.79304e+06		104.179		42.1918		0		0.0371629		309.671		
00:00:18:600		1.54438e+07		0.131064		2.76014		535.092		6.93198e+06		538.82			00:00:18:600		6.79319e+06		104.179		42.1918		0		0.0371629		309.672		
00:00:18:500		1.5444e+07		0.131458		2.76104		535.058		6.9322e+06		538.834			00:00:18:500		6.79341e+06		104.121		42.093		0		0.0366406		309.673		
00:00:18:399		1.54441e+07		0.13159		2.76135		535.045		6.93227e+06		538.822			00:00:18:399		6.79348e+06		104.121		42.093		0		0.0366406		309.674		
00:00:18:300		1.54442e+07		0.131852		2.76202		535.023		6.93242e+06		538.829			00:00:18:300		6.79363e+06		104.121		42.093		0		0.0366406		309.675		
00:00:18:199		1.54444e+07		0.132116		2.7627		535		6.93257e+06		538.834			00:00:18:199		6.79378e+06		104.064		41.9945		0		0.0361183		309.676		
00:00:17:949		1.54448e+07		0.132773		2.76409		534.941		6.93294e+06		538.838			00:00:17:949		6.79415e+06		104.006		41.8965		0		0.0355959		309.679		
00:00:17:949		1.54448e+07		0.132773		2.76409		534.941		6.93294e+06		538.838			00:00:17:949		6.79415e+06		104.006		41.8965		0		0.0355959		309.679		
00:00:17:850		1.54449e+07		0.133037		2.76472		534.917		6.93309e+06		538.836			00:00:17:850		6.7943e+06		104.006		41.8965		0		0.0355959		309.68		
00:00:17:750		1.5445e+07		0.1333		2.76539		534.896		6.93323e+06		538.841			00:00:17:750		6.79445e+06		103.948		41.8965		0		0.0355959		309.681		
00:00:17:649		1.54452e+07		0.133563		2.76598		534.872		6.93338e+06		538.847			00:00:17:649		6.7946e+06		103.948		41.7988		0		0.0350735		309.682		
00:00:17:600		1.54453e+07		0.133695		2.76633		534.859		6.93346e+06		538.836			00:00:17:600		6.79467e+06		103.948		41.7988		0		0.0350735		309.682		
00:00:17:500		1.54454e+07		0.133958		2.76687		534.835		6.93361e+06		538.834			00:00:17:500		6.79482e+06		103.89		41.7988		0		0.0350735		309.683		
00:00:17:399		1.54456e+07		0.134354		2.76782		534.801		6.93383e+06		538.849			00:00:17:399		6.79505e+06		103.89		41.7016		0		0.0345511		309.685		
00:00:17:250		1.54458e+07		0.134618		2.76845		534.775		6.93398e+06		538.84			00:00:17:250		6.7952e+06		103.833		41.7016		0		0.0345511		309.686		
00:00:17:050		1.54461e+07		0.135147		2.76971		534.728		6.93428e+06		538.839			00:00:17:050		6.7955e+06		103.833		41.6047		0		0.0340287		309.688		
00:00:16:949		1.54462e+07		0.135411		2.77025		534.704		6.93443e+06		538.834			00:00:16:949		6.79565e+06		103.775		41.5083		0		0.0335062		309.689		
00:00:16:949		1.54462e+07		0.135411		2.77025		534.704		6.93443e+06		538.834			00:00:16:949		6.79565e+06		103.775		41.5083		0		0.0335062		309.689		
00:00:16:850		1.54464e+07		0.135676		2.77083		534.68		6.93458e+06		538.85			00:00:16:850		6.7958e+06		103.775		41.5083		0		0.0335062		309.69		
00:00:16:750		1.54465e+07		0.135941		2.7715		534.657		6.93473e+06		538.843			00:00:16:750		6.79595e+06		103.717		41.5083		0		0.0335062		309.691		
00:00:16:649		1.54467e+07		0.136205		2.77209		534.631		6.93488e+06		538.851			00:00:16:649		6.7961e+06		103.717		41.4123		0		0.0329837		309.692		
00:00:16:550		1.54468e+07		0.136471		2.77263		534.607		6.93503e+06		538.833			00:00:16:550		6.79625e+06		103.717		41.4123		0		0.0329837		309.693		
00:00:16:449		1.5447e+07		0.136736		2.77326		534.582		6.93518e+06		538.843			00:00:16:449		6.79641e+06		103.659		41.3167		0		0.0324612		309.695		
00:00:16:350		1.54471e+07		0.137002		2.77389		534.556		6.93533e+06		538.848			00:00:16:350		6.79656e+06		103.659		41.3167		0		0.0324612		309.696		
00:00:16:250		1.54473e+07		0.137269		2.77448		534.532		6.93548e+06		538.86			00:00:16:250		6.79671e+06		103.602		41.3167		0		0.0324612		309.697		
00:00:16:050		1.54476e+07		0.137802		2.7757		534.483		6.93579e+06		538.86			00:00:16:050		6.79701e+06		103.602		41.2215		0		0.0319386		309.699		
00:00:15:949		1.54477e+07		0.138069		2.77624		534.458		6.93594e+06		538.859			00:00:15:949		6.79716e+06		103.544		41.1268		0		0.0314161		309.7		
00:00:15:949		1.54477e+07		0.138069		2.77624		534.458		6.93594e+06		538.859			00:00:15:949		6.79716e+06		103.544		41.1268		0		0.0314161		309.7		
00:00:15:849		1.54479e+07		0.138337		2.77683		534.432		6.93609e+06		538.865			00:00:15:849		6.79731e+06		103.544		41.1268		0		0.0314161		309.701		
00:00:15:750		1.5448e+07		0.138605		2.77746		534.408		6.93624e+06		538.851			00:00:15:750		6.79747e+06		103.486		41.1268		0		0.0314161		309.702		
00:00:15:650		1.54482e+07		0.138873		2.778		534.383		6.9364e+06		538.863			00:00:15:650		6.79762e+06		103.486		41.0326		0		0.0308934		309.703		
00:00:15:500		1.54484e+07		0.139277		2.7789		534.346		6.93663e+06		538.867			00:00:15:500		6.79785e+06		103.428		41.0326		0		0.0308934		309.705		
00:00:15:400		1.54486e+07		0.139546		2.77954		534.321		6.93678e+06		538.867			00:00:15:400		6.798e+06		103.428		40.9388		0		0.0303708		309.706		
00:00:15:300		1.54487e+07		0.139816		2.78012		534.295		6.93693e+06		538.865			00:00:15:300		6.79815e+06		103.428		40.9388		0		0.0303708		309.707		
00:00:15:250		1.54488e+07		0.139952		2.7804		534.282		6.93701e+06		538.868			00:00:15:250		6.79823e+06		103.371		40.9388		0		0.0303708		309.707		
00:00:15:150		1.5449e+07		0.140223		2.78094		534.257		6.93716e+06		538.871			00:00:15:150		6.79839e+06		103.371		40.8454		0		0.0298481		309.709		
00:00:15:050		1.54491e+07		0.140494		2.78157		534.229		6.93732e+06		538.866			00:00:15:050		6.79854e+06		103.371		40.8454		0		0.0298481		309.71		
00:00:14:949		1.54493e+07		0.140766		2.78221		534.206		6.93747e+06		538.874			00:00:14:949		6.79869e+06		103.313		40.7524		0		0.0293254		309.711		
00:00:14:849		1.54494e+07		0.141038		2.7828		534.18		6.93762e+06		538.874			00:00:14:849		6.79885e+06		103.313		40.7524		0		0.0293254		309.712		
00:00:14:750		1.54496e+07		0.141312		2.78339		534.153		6.93778e+06		538.868			00:00:14:750		6.799e+06		103.255		40.7524		0		0.0293254		309.713		
00:00:14:650		1.54498e+07		0.141724		2.78425		534.114		6.93801e+06		538.865			00:00:14:650		6.79924e+06		103.255		40.6599		0		0.0288027		309.715		
00:00:14:500		1.545e+07		0.141999		2.7848		534.089		6.93816e+06		538.872			00:00:14:500		6.79939e+06		103.198		40.6599		0		0.0288027		309.716		
00:00:14:400		1.54502e+07		0.142275		2.78539		534.063		6.93832e+06		538.867			00:00:14:400		6.79955e+06		103.198		40.5678		0		0.0282799		309.717		
00:00:14:300		1.54503e+07		0.142551		2.78599		534.036		6.93847e+06		538.883			00:00:14:300		6.7997e+06		103.198		40.5678		0		0.0282799		309.718		
00:00:14:300		1.54503e+07		0.142551		2.78599		534.036		6.93847e+06		538.883			00:00:14:300		6.7997e+06		103.198		40.5678		0		0.0282799		309.718		
00:00:14:199		1.54505e+07		0.142829		2.78658		534.01		6.93863e+06		538.884			00:00:14:199		6.79986e+06		103.14		40.4762		0		0.0277571		309.719		
00:00:14:000		1.54508e+07		0.143387		2.78777		533.959		6.93894e+06		538.883			00:00:14:000		6.80016e+06		103.082		40.4762		0		0.0277571		309.721		
00:00:13:900		1.5451e+07		0.143667		2.78832		533.934		6.93909e+06		538.884			00:00:13:900		6.80032e+06		103.082		40.3849		0		0.0272343		309.722		
00:00:13:900		1.5451e+07		0.143667		2.78832		533.934		6.93909e+06		538.884			00:00:13:900		6.80032e+06		103.082		40.3849		0		0.0272343		309.722		
00:00:13:800		1.54512e+07		0.143948		2.78896		533.906		6.93925e+06		538.877			00:00:13:800		6.80047e+06		103.082		40.3849		0		0.0272343		309.724		
00:00:13:699		1.54513e+07		0.14423		2.78956		533.879		6.9394e+06		538.886			00:00:13:699		6.80063e+06		103.024		40.294		0		0.0267114		309.725		
00:00:13:599		1.54515e+07		0.144513		2.79011		533.853		6.93956e+06		538.881			00:00:13:599		6.80079e+06		103.024		40.294		0		0.0267114		309.726		
00:00:13:400		1.54519e+07		0.145082		2.79131		533.802		6.93987e+06		538.871			00:00:13:400		6.80111e+06		102.966		40.2036		0		0.0261885		309.728		
00:00:13:300		1.54521e+07		0.145368		2.79189		533.775		6.94003e+06		538.877			00:00:13:300		6.80126e+06		102.966		40.2036		0		0.0261885		309.729		
00:00:13:300		1.54521e+07		0.145368		2.79189		533.775		6.94003e+06		538.877			00:00:13:300		6.80126e+06		102.966		40.2036		0		0.0261885		309.729		
00:00:13:199		1.54522e+07		0.145655		2.79251		533.747		6.94018e+06		538.878			00:00:13:199		6.80142e+06		102.909		40.1136		0		0.0256656		309.73		
00:00:13:000		1.54526e+07		0.146232		2.79367		533.69		6.9405e+06		538.875			00:00:13:000		6.80173e+06		102.851		40.1136		0		0.0256656		309.733		
00:00:13:000		1.54526e+07		0.146232		2.79367		533.69		6.9405e+06		538.875			00:00:13:000		6.80173e+06		102.851		40.1136		0		0.0256656		309.733		
00:00:12:900		1.54528e+07		0.146522		2.79427		533.663		6.94065e+06		538.884			00:00:12:900		6.80189e+06		102.851		40.0239		0		0.0251426		309.734		
00:00:12:800		1.5453e+07		0.146813		2.79488		533.636		6.94081e+06		538.886			00:00:12:800		6.80205e+06		102.851		40.0239		0		0.0251426		309.735		
00:00:12:650		1.54533e+07		0.147252		2.79581		533.592		6.94105e+06		538.879			00:00:12:650		6.80229e+06		102.793		39.9347		0		0.0246197		309.737		
00:00:12:550		1.54535e+07		0.147545		2.79637		533.564		6.9412e+06		538.885			00:00:12:550		6.80244e+06		102.793		39.9347		0		0.0246197		309.738		
00:00:12:449		1.54536e+07		0.14784		2.79698		533.537		6.94136e+06		538.885			00:00:12:449		6.8026e+06		102.735		39.8459		0		0.0240966		309.74		
00:00:12:349		1.54538e+07		0.148136		2.79759		533.51		6.94152e+06		538.885			00:00:12:349		6.80276e+06		102.735		39.8459		0		0.0240966		309.741		
00:00:12:250		1.5454e+07		0.148433		2.79816		533.482		6.94168e+06		538.883			00:00:12:250		6.80291e+06		102.678		39.8459		0		0.0240966		309.742		
00:00:12:150		1.54542e+07		0.148731		2.79882		533.453		6.94183e+06		538.888			00:00:12:150		6.80307e+06		102.678		39.7575		0		0.0235736		309.743		
00:00:12:000		1.54546e+07		0.149179		2.79976		533.411		6.94207e+06		538.899			00:00:12:000		6.8033e+06		102.62		39.7575		0		0.0235736		309.745		
00:00:12:000		1.54546e+07		0.149179		2.79976		533.411		6.94207e+06		538.899			00:00:12:000		6.8033e+06		102.62		39.7575		0		0.0235736		309.745		
00:00:11:900		1.54548e+07		0.14948		2.80029		533.382		6.94223e+06		538.845			00:00:11:900		6.80346e+06		102.62		39.6694		0		0.0230505		309.746		
00:00:11:800		1.5455e+07		0.149781		2.80096		533.352		6.94239e+06		538.903			00:00:11:800		6.80362e+06		102.62		39.6694		0		0.0230505		309.748		
00:00:11:699		1.54552e+07		0.150083		2.80153		533.323		6.94254e+06		538.875			00:00:11:699		6.80382e+06		102.562		39.5817		0		0.0225274		309.749		
00:00:11:550		1.54555e+07		0.150537		2.80244		533.281		6.94278e+06		538.882			00:00:11:550		6.80403e+06		102.562		39.5817		0		0.0225274		309.751		
00:00:11:449		1.54557e+07		0.150842		2.80311		533.253		6.94294e+06		538.888			00:00:11:449		6.80418e+06		102.504		39.4945		0		0.0220043		309.752		
00:00:11:349		1.54559e+07		0.151147		2.80369		533.222		6.9431e+06		538.888			00:00:11:349		6.80435e+06		102.504		39.4945		0		0.0220043		309.754		
00:00:11:250		1.54562e+07		0.151452		2.80432		533.193		6.94326e+06		538.886			00:00:11:250		6.80451e+06		102.446		39.4945		0		0.0220043		309.755		
00:00:11:150		1.54564e+07		0.151758		2.80495		533.164		6.94342e+06		538.878			00:00:11:150		6.80467e+06		102.446		39.4076		0		0.0214811		309.756		
00:00:10:949		1.54568e+07		0.152372		2.80622		533.105		6.94374e+06		538.887			00:00:10:949		6.80499e+06		102.388		39.321		0		0.0209579		309.759		
00:00:10:949		1.54568e+07		0.152372		2.80622		533.105		6.94374e+06		538.887			00:00:10:949		6.80499e+06		102.388		39.321		0		0.0209579		309.759		
00:00:10:849		1.54571e+07		0.152679		2.80681		533.076		6.9439e+06		538.871			00:00:10:849		6.80515e+06		102.388		39.321		0		0.0209579		309.761		
00:00:10:750		1.54573e+07		0.152987		2.80749		533.045		6.94406e+06		538.87			00:00:10:750		6.80531e+06		102.331		39.321		0		0.0209579		309.762		
00:00:10:650		1.54575e+07		0.153296		2.80813		533.016		6.94422e+06		538.876			00:00:10:650		6.80547e+06		102.331		39.2348		0		0.0204347		309.763		
00:00:10:550		1.54578e+07		0.153604		2.80885		532.986		6.94438e+06		538.875			00:00:10:550		6.80564e+06		102.331		39.2348		0		0.0204347		309.765		
00:00:10:449		1.5458e+07		0.153913		2.80932		532.955		6.94454e+06		538.864			00:00:10:449		6.8058e+06		102.273		39.1489		0		0.0199114		309.766		
00:00:10:349		1.54583e+07		0.154222		2.80991		532.926		6.9447e+06		538.864			00:00:10:349		6.80596e+06		102.273		39.1489		0		0.0199114		309.768		
00:00:10:250		1.54585e+07		0.15453		2.81065		532.895		6.94486e+06		538.872			00:00:10:250		6.80612e+06		102.215		39.1489		0		0.0199114		309.769		
00:00:10:050		1.5459e+07		0.155146		2.81234		532.834		6.94518e+06		538.864			00:00:10:050		6.80645e+06		102.215		39.0634		0		0.0193881		309.772		
00:00:09:949		1.54593e+07		0.155454		2.81242		532.803		6.94534e+06		538.851			00:00:09:949		6.80662e+06		102.157		38.9781		0		0.0188648		309.773		
00:00:09:949		1.54593e+07		0.155454		2.81242		532.803		6.94534e+06		538.851			00:00:09:949		6.80662e+06		102.157		38.9781		0		0.0188648		309.773		
00:00:09:849		1.54595e+07		0.155761		2.81292		532.77		6.94551e+06		538.839			00:00:09:849		6.80678e+06		102.157		38.9781		0		0.0188648		309.775		
00:00:09:699		1.54599e+07		0.15622		2.81425		532.721		6.94575e+06		538.847			00:00:09:699		6.80703e+06		102.099		38.8932		0		0.0183414		309.777		
00:00:09:599		1.54601e+07		0.156526		2.8149		532.692		6.94591e+06		538.851			00:00:09:599		6.80719e+06		102.099		38.8932		0		0.0183414		309.779		
00:00:09:599		1.54601e+07		0.156526		2.8149		532.692		6.94591e+06		538.851			00:00:09:599		6.80719e+06		102.099		38.8932		0		0.0183414		309.779		
00:00:09:400		1.54607e+07		0.157135		2.81557		532.628		6.94624e+06		538.845			00:00:09:400		6.80752e+06		102.041		38.8085		0		0.017818		309.782		
00:00:09:300		1.54609e+07		0.157437		2.81614		532.595		6.9464e+06		538.832			00:00:09:300		6.80769e+06		102.041		38.8085		0		0.017818		309.783		
00:00:09:300		1.54609e+07		0.157437		2.81614		532.595		6.9464e+06		538.832			00:00:09:300		6.80769e+06		102.041		38.8085		0		0.017818		309.783		
00:00:09:199		1.54612e+07		0.157739		2.81679		532.562		6.94657e+06		538.836			00:00:09:199		6.80786e+06		101.983		38.724		0		0.0172946		309.785		
00:00:09:000		1.54617e+07		0.15834		2.81798		532.497		6.9469e+06		538.843			00:00:09:000		6.80818e+06		101.925		38.724		0		0.0172946		309.788		
00:00:09:000		1.54617e+07		0.15834		2.81798		532.497		6.9469e+06		538.843			00:00:09:000		6.80818e+06		101.925		38.724		0		0.0172946		309.788		
00:00:08:900		1.5462e+07		0.158638		2.81859		532.463		6.94706e+06		538.834			00:00:08:900		6.80835e+06		101.925		38.6397		0		0.0167711		309.789		
00:00:08:800		1.54622e+07		0.158935		2.81917		532.43		6.94723e+06		538.826			00:00:08:800		6.80852e+06		101.925		38.6397		0		0.0167711		309.791		
00:00:08:699		1.54625e+07		0.15923		2.81974		532.395		6.94739e+06		538.823			00:00:08:699		6.80869e+06		101.868		38.5557		0		0.0162476		309.792		
00:00:08:500		1.5463e+07		0.159814		2.82089		532.325		6.94773e+06		538.829			00:00:08:500		6.80902e+06		101.81		38.5557		0		0.0162476		309.795		
00:00:08:500		1.5463e+07		0.159814		2.82089		532.325		6.94773e+06		538.829			00:00:08:500		6.80902e+06		101.81		38.5557		0		0.0162476		309.795		
00:00:08:400		1.54633e+07		0.160103		2.82147		532.29		6.94789e+06		538.827			00:00:08:400		6.8092e+06		101.81		38.4717		0		0.0157241		309.797		
00:00:08:300		1.54635e+07		0.16039		2.82209		532.254		6.94806e+06		538.84			00:00:08:300		6.80936e+06		101.81		38.4717		0		0.0157241		309.798		
00:00:08:199		1.54638e+07		0.160676		2.82262		532.215		6.94823e+06		538.844			00:00:08:199		6.80953e+06		101.752		38.3878		0		0.0152005		309.8		
00:00:08:000		1.54643e+07		0.161239		2.82374		532.14		6.94857e+06		538.853			00:00:08:000		6.80986e+06		101.694		38.3878		0		0.0152005		309.803		
00:00:08:000		1.54643e+07		0.161239		2.82374		532.14		6.94857e+06		538.853			00:00:08:000		6.80986e+06		101.694		38.3878		0		0.0152005		309.803		
00:00:07:900		1.54646e+07		0.161519		2.82428		532.1		6.94873e+06		538.875			00:00:07:900		6.81002e+06		101.694		38.304		0		0.0146769		309.804		
00:00:07:700		1.54651e+07		0.162072		2.82534		532.023		6.94908e+06		538.924			00:00:07:700		6.81034e+06		101.636		38.2202		0		0.0141533		309.807		
00:00:07:599		1.54653e+07		0.162347		2.82582		531.984		6.94925e+06		538.878			00:00:07:599		6.81049e+06		101.636		38.2202		0		0.0141533		309.808		
00:00:07:599		1.54653e+07		0.162347		2.82582		531.984		6.94925e+06		538.878			00:00:07:599		6.81049e+06		101.636		38.2202		0		0.0141533		309.808		
00:00:07:500		1.54656e+07		0.162621		2.8263		531.944		6.94942e+06		538.968			00:00:07:500		6.81066e+06		101.578		38.2202		0		0.0141533		309.81		
00:00:07:400		1.54658e+07		0.162893		2.82683		531.907		6.94959e+06		539.01			00:00:07:400		6.81081e+06		101.578		38.1363		0		0.0136297		309.811		
00:00:07:299		1.54661e+07		0.163163		2.82735		531.872		6.94976e+06		539.05			00:00:07:299		6.81096e+06		101.578		38.1363		0		0.0136297		309.813		
00:00:07:200		1.54664e+07		0.163432		2.82783		531.839		6.94993e+06		539.092			00:00:07:200		6.81111e+06		101.52		38.0523		0		0.013106		309.814		
00:00:06:950		1.5467e+07		0.164093		2.82898		531.759		6.95035e+06		539.208			00:00:06:950		6.81147e+06		101.462		37.9682		0		0.0125822		309.817		
00:00:06:950		1.5467e+07		0.164093		2.82898		531.759		6.95035e+06		539.208			00:00:06:950		6.81147e+06		101.462		37.9682		0		0.0125822		309.817		
00:00:06:849		1.54673e+07		0.164353		2.82951		531.726		6.95052e+06		539.219			00:00:06:849		6.81162e+06		101.462		37.9682		0		0.0125822		309.819		
00:00:06:750		1.54676e+07		0.16461		2.82995		531.696		6.95067e+06		539.204			00:00:06:750		6.81177e+06		101.404		37.9682		0		0.0125822		309.82		
00:00:06:650		1.54678e+07		0.164865		2.8304		531.671		6.95082e+06		539.149			00:00:06:650		6.81195e+06		101.404		37.8838		0		0.0120585		309.821		
00:00:06:549		1.54681e+07		0.165116		2.83085		531.639		6.95096e+06		539.09			00:00:06:549		6.81211e+06		101.404		37.8838		0		0.0120585		309.822		
00:00:06:450		1.54683e+07		0.165364		2.83121		531.606		6.95109e+06		539			00:00:06:450		6.81228e+06		101.346		37.7993		0		0.0115347		309.824		
00:00:06:349		1.54686e+07		0.16561		2.83165		531.573		6.95121e+06		538.922			00:00:06:349		6.81245e+06		101.346		37.7993		0		0.0115347		309.825		
00:00:06:250		1.54689e+07		0.165853		2.83206		531.539		6.95135e+06		538.901			00:00:06:250		6.81263e+06		101.288		37.7993		0		0.0115347		309.826		
00:00:06:200		1.5469e+07		0.165973		2.83228		531.522		6.95144e+06		538.907			00:00:06:200		6.81272e+06		101.288		37.7144		0		0.0110109		309.827		
00:00:06:000		1.54695e+07		0.166448		2.83303		531.447		6.95181e+06		538.919			00:00:06:000		6.81309e+06		101.23		37.7144		0		0.0110109		309.829		
00:00:06:000		1.54695e+07		0.166448		2.83303		531.447		6.95181e+06		538.919			00:00:06:000		6.81309e+06		101.23		37.7144		0		0.0110109		309.829		
00:00:05:900		1.54698e+07		0.166681		2.83338		531.412		6.952e+06		538.92			00:00:05:900		6.81328e+06		101.23		37.6291		0		0.010487		309.83		
00:00:05:700		1.54703e+07		0.167139		2.83404		531.34		6.95237e+06		538.923			00:00:05:700		6.81365e+06		101.172		37.5434		0		0.00996314		309.832		
00:00:05:700		1.54703e+07		0.167139		2.83404		531.34		6.95237e+06		538.923			00:00:05:700		6.81365e+06		101.172		37.5434		0		0.00996314		309.832		
00:00:05:599		1.54705e+07		0.167363		2.83438		531.305		6.95257e+06		538.93			00:00:05:599		6.81384e+06		101.172		37.5434		0		0.00996314		309.833		
00:00:05:450		1.54709e+07		0.167694		2.83481		531.252		6.95286e+06		538.938			00:00:05:450		6.81413e+06		101.114		37.4572		0		0.00943921		309.834		
00:00:05:349		1.54711e+07		0.167911		2.83511		531.214		6.95305e+06		538.942			00:00:05:349		6.81433e+06		101.114		37.4572		0		0.00943921		309.835		
00:00:05:250		1.54714e+07		0.168124		2.83542		531.177		6.95325e+06		538.943			00:00:05:250		6.81452e+06		101.055		37.4572		0		0.00943921		309.836		
00:00:05:049		1.54719e+07		0.16854		2.83593		531.105		6.95365e+06		538.959			00:00:05:049		6.81492e+06		101.055		37.3703		0		0.00891523		309.838		
00:00:04:950		1.54721e+07		0.168744		2.83615		531.068		6.95385e+06		538.967			00:00:04:950		6.81512e+06		100.997		37.2828		0		0.00839122		309.839		
00:00:04:950		1.54721e+07		0.168744		2.83615		531.068		6.95385e+06		538.967			00:00:04:950		6.81512e+06		100.997		37.2828		0		0.00839122		309.839		
00:00:04:849		1.54723e+07		0.168943		2.83641		531.032		6.95405e+06		538.965			00:00:04:849		6.81533e+06		100.997		37.2828		0		0.00839122		309.839		
00:00:04:750		1.54726e+07		0.16914		2.83662		530.995		6.95426e+06		538.983			00:00:04:750		6.81553e+06		100.939		37.2828		0		0.00839122		309.84		
00:00:04:650		1.54728e+07		0.169334		2.83674		530.955		6.95447e+06		538.988			00:00:04:650		6.81574e+06		100.939		37.1946		0		0.00786716		309.841		
00:00:04:549		1.5473e+07		0.169525		2.8369		530.918		6.95468e+06		538.999			00:00:04:549		6.81595e+06		100.939		37.1946		0		0.00786716		309.841		
00:00:04:450		1.54733e+07		0.169713		2.83702		530.881		6.9549e+06		538.999			00:00:04:450		6.81616e+06		100.881		37.1054		0		0.00734306		309.842		
00:00:04:349		1.54735e+07		0.169897		2.83708		530.842		6.95511e+06		539.008			00:00:04:349		6.81638e+06		100.881		37.1054		0		0.00734306		309.843		
00:00:04:250		1.54737e+07		0.170079		2.83719		530.806		6.95533e+06		539.01			00:00:04:250		6.8166e+06		100.823		37.1054		0		0.00734306		309.843		
00:00:04:049		1.54742e+07		0.170431		2.83735		530.729		6.95577e+06		539.039			00:00:04:049		6.81703e+06		100.823		37.0153		0		0.00681891		309.844		
00:00:03:950		1.54745e+07		0.1706		2.83745		530.686		6.956e+06		539.048			00:00:03:950		6.81726e+06		100.765		36.9249		0		0.00629472		309.844		
00:00:03:950		1.54745e+07		0.1706		2.83745		530.686		6.956e+06		539.048			00:00:03:950		6.81726e+06		100.765		36.9249		0		0.00629472		309.844		
00:00:03:850		1.54747e+07		0.170765		2.83746		530.65		6.95623e+06		539.069			00:00:03:850		6.81748e+06		100.765		36.9249		0		0.00629472		309.845		
00:00:03:700		1.5475e+07		0.171002		2.83751		530.591		6.95658e+06		539.083			00:00:03:700		6.81783e+06		100.707		36.8401		0		0.00577048		309.845		
00:00:03:600		1.54753e+07		0.171153		2.83753		530.552		6.95682e+06		539.094			00:00:03:600		6.81806e+06		100.707		36.8401		0		0.00577048		309.845		
00:00:03:500		1.54755e+07		0.171298		2.83751		530.51		6.95706e+06		539.103			00:00:03:500		6.81831e+06		100.649		36.8401		0		0.00577048		309.846		
00:00:03:500		1.54755e+07		0.171298		2.83751		530.51		6.95706e+06		539.103			00:00:03:500		6.81831e+06		100.649		36.8401		0		0.00577048		309.846		
00:00:03:399		1.54757e+07		0.171437		2.83745		530.467		6.95731e+06		539.133			00:00:03:399		6.81854e+06		100.649		36.7614		0		0.0052462		309.846		
00:00:03:299		1.54759e+07		0.171572		2.83743		530.427		6.95756e+06		539.15			00:00:03:299		6.81879e+06		100.649		36.7614		0		0.0052462		309.846		
00:00:03:200		1.54761e+07		0.1717		2.83737		530.387		6.95781e+06		539.172			00:00:03:200		6.81904e+06		100.591		36.689		0		0.00472186		309.846		
00:00:03:000		1.54765e+07		0.171943		2.83704		530.296		6.95833e+06		539.206			00:00:03:000		6.81955e+06		100.533		36.689		0		0.00472186		309.846		
00:00:03:000		1.54765e+07		0.171943		2.83704		530.296		6.95833e+06		539.206			00:00:03:000		6.81955e+06		100.533		36.689		0		0.00472186		309.846		
00:00:02:899		1.54767e+07		0.172058		2.8369		530.25		6.9586e+06		539.217			00:00:02:899		6.81981e+06		100.533		36.6234		0		0.00419747		309.846		
00:00:02:799		1.54769e+07		0.172167		2.8368		530.203		6.95888e+06		539.259			00:00:02:799		6.82007e+06		100.533		36.6234		0		0.00419747		309.846		
00:00:02:700		1.54771e+07		0.172271		2.83673		530.153		6.95916e+06		539.287			00:00:02:700		6.82034e+06		100.475		36.565		0		0.00367302		309.846		
00:00:02:600		1.54773e+07		0.172368		2.83656		530.105		6.95944e+06		539.317			00:00:02:600		6.82062e+06		100.475		36.565		0		0.00367302		309.846		
00:00:02:500		1.54775e+07		0.172458		2.83643		530.052		6.95973e+06		539.355			00:00:02:500		6.8209e+06		100.418		36.565		0		0.00367302		309.846		
00:00:02:299		1.54779e+07		0.17261		2.83634		529.949		6.96034e+06		539.432			00:00:02:299		6.82147e+06		100.418		36.5143		0		0.00314852		309.846		
00:00:02:299		1.54779e+07		0.17261		2.83634		529.949		6.96034e+06		539.432			00:00:02:299		6.82147e+06		100.418		36.5143		0		0.00314852		309.846		
00:00:02:200		1.54781e+07		0.17267		2.8363		529.903		6.96065e+06		539.473			00:00:02:200		6.82177e+06		100.361		36.4715		0		0.00262396		309.846		
00:00:02:000		1.54784e+07		0.17276		2.83615		529.836		6.9613e+06		539.581			00:00:02:000		6.82238e+06		100.305		36.4715		0		0.00262396		309.846		
00:00:02:000		1.54784e+07		0.17276		2.83615		529.836		6.9613e+06		539.581			00:00:02:000		6.82238e+06		100.305		36.4715		0		0.00262396		309.846		
00:00:01:899		1.54785e+07		0.17279		2.83613		529.822		6.96164e+06		539.646			00:00:01:899		6.8227e+06		100.305		36.437		0		0.00209933		309.846		
00:00:01:800		1.54786e+07		0.172811		2.8361		529.825		6.96198e+06		539.716			00:00:01:800		6.82301e+06		100.305		36.437		0		0.00209933		309.846		
00:00:01:699		1.54786e+07		0.172825		2.83607		529.853		6.96233e+06		539.777			00:00:01:699		6.82334e+06		100.251		36.4112		0		0.00157464		309.846		
00:00:01:600		1.54786e+07		0.172834		2.83599		529.904		6.96269e+06		539.846			00:00:01:600		6.82366e+06		100.251		36.4112		0		0.00157464		309.846		
00:00:01:500		1.54786e+07		0.172837		2.83588		529.971		6.96305e+06		539.898			00:00:01:500		6.824e+06		100.199		36.4112		0		0.00157464		309.846		
00:00:01:399		1.54786e+07		0.172839		2.83583		530.052		6.96341e+06		539.91			00:00:01:399		6.82435e+06		100.199		36.3941		0		0.00104989		309.846		
00:00:01:300		1.54786e+07		0.172839		2.83581		530.129		6.96375e+06		539.842			00:00:01:300		6.82471e+06		100.199		36.3941		0		0.00104989		309.846		
00:00:01:149		1.54786e+07		0.172839		2.83572		530.19		6.96423e+06		539.44			00:00:01:149		6.82535e+06		100.151		36.3852		0		0.000525039		309.846		
00:00:00:949		1.54786e+07		0.172839		2.83571		530.197		6.96471e+06		537.581			00:00:00:949		6.82661e+06		100.108		36.3828		0		0		309.846		
00:00:00:949		1.54786e+07		0.172839		2.83571		530.197		6.96471e+06		537.581			00:00:00:949		6.82661e+06		100.108		36.3828		0		0		309.846		
00:00:00:849		1.54786e+07		0.172839		2.83575		530.201		6.96483e+06		535.36			00:00:00:849		6.82772e+06		100.108		36.3828		0		0		309.846		
00:00:00:750		1.54786e+07		0.17284		2.83574		530.203		6.96486e+06		526.823			00:00:00:750		6.82963e+06		100.069		36.3828		0		0		309.846		
00:00:00:650		1.54786e+07		0.172839		2.83569		530.206		6.96486e+06		526.824			00:00:00:650		6.83118e+06		100.069		36.3831		0		0		309.846		
00:00:00:550		1.54786e+07		0.17284		2.83569		530.21		6.96486e+06		526.824			00:00:00:550		6.83117e+06		100.069		36.3831		0		0		309.846		
00:00:00:450		1.54786e+07		0.17284		2.83569		530.212		6.96485e+06		526.824			00:00:00:450		6.83117e+06		100.069		36.3834		0		0		309.846		
00:00:00:400		1.54786e+07		0.17284		2.83568		530.214		6.96485e+06		526.824			00:00:00:400		6.83117e+06		100.069		36.3834		0		0		309.846		
00:00:00:200		1.54785e+07		0.17284		2.83568		530.219		6.96484e+06		526.826			00:00:00:200		6.83116e+06		100.069		36.3837		0		0		309.846		
00:00:00:200		1.54785e+07		0.17284		2.83568		530.219		6.96484e+06		526.826			00:00:00:200		6.83116e+06		100.069		36.3837		0		0		309.846		
00:00:00:000		1.54785e+07		0.17284		2.83571		530.225		6.96483e+06		526.826			00:00:00:000		6.83115e+06		100.069		36.3837		0		0		309.846		
00:00:00:000		1.54785e+07		0.17284		2.83571		530.225		6.96483e+06		526.826			00:00:00:000		6.83115e+06		100.069		36.3837		0		0		309.846		
00:00:00:000		1.54785e+07		0.17284		2.83571		530.225		6.96483e+06		526.826			00:00:00:000		6.83115e+06		100.069		36.3837		0		0		309.846		
00:00:00:000		1.54785e+07		0.17284		2.83571		530.225		6.96483e+06		526.826			00:00:00:000		6.83115e+06		100.069		36.3837		0		0		309.846		
00:00:00:000		1.54785e+07		0.17284		2.83571		530.225		6.96483e+06		526.826			00:00:00:000		6.83115e+06		100.069		36.3837		0		0		309.846		
00:00:00:000		1.54785e+07		0.17284		2.83571		530.225		6.96483e+06		526.826			00:00:00:000		6.83115e+06		100.069		36.3837		0		0		309.846		
