	time 		gpv001pnt10113ppntm	evf507ety101mpzoyout	chtcon(1)	chavg(1)	chlhsumpa	rcptavgn			time 		rcpppzr	rcp054rcp007mnzoyout	rcv501std0102fvol	fwfrcp001gv	rcppmssga	msfsg(1)	
00:01:08:900		6.48494e+06		252.787		127.565		0		2.58142		274.854			00:01:08:900		1.15882e+07		-5.32036		0		0		4.11143e+06		423.386		
00:01:08:799		6.48503e+06		252.787		127.565		0		2.58142		274.874			00:01:08:799		1.15916e+07		-5.31573		0		0		4.11515e+06		424.04		
00:01:08:700		6.48512e+06		252.598		127.745		0		2.56989		274.895			00:01:08:700		1.1595e+07		-5.31109		0		0		4.11744e+06		423.944		
00:01:08:500		6.4853e+06		252.41		127.745		0		2.56989		274.935			00:01:08:500		1.16018e+07		-5.30176		0		0		4.12245e+06		423.92		
00:01:08:500		6.4853e+06		252.41		127.745		0		2.56989		274.935			00:01:08:500		1.16018e+07		-5.30176		0		0		4.12245e+06		423.92		
00:01:08:400		6.48539e+06		252.41		127.931		0		2.55835		274.954			00:01:08:400		1.16052e+07		-5.29704		0		0		4.12523e+06		423.264		
00:01:08:299		6.48548e+06		252.41		127.931		0		2.55835		274.972			00:01:08:299		1.16086e+07		-5.29226		0		0		4.12872e+06		423.113		
00:01:08:200		6.48557e+06		252.221		128.124		0		2.54679		274.99			00:01:08:200		1.16121e+07		-5.28746		0		0		4.13436e+06		424.504		
00:01:08:099		6.48566e+06		252.221		128.124		0		2.54679		275.011			00:01:08:099		1.16157e+07		-5.28265		0		0		4.14018e+06		426.078		
00:01:08:000		6.48575e+06		252.033		128.124		0		2.54679		275.033			00:01:08:000		1.16193e+07		-5.27783		0		0		4.14449e+06		427.051		
00:01:07:900		6.48584e+06		252.033		128.324		0		2.53522		275.055			00:01:07:900		1.16228e+07		-5.273		0		0		4.14719e+06		427.182		
00:01:07:799		6.48593e+06		252.033		128.324		0		2.53522		275.077			00:01:07:799		1.16263e+07		-5.26814		0		0		4.14929e+06		427.101		
00:01:07:599		6.48611e+06		251.845		128.53		0		2.52365		275.121			00:01:07:599		1.16335e+07		-5.25832		0		0		4.15452e+06		426.403		
00:01:07:500		6.4862e+06		251.656		128.53		0		2.52365		275.141			00:01:07:500		1.16371e+07		-5.25335		0		0		4.1579e+06		426.277		
00:01:07:500		6.4862e+06		251.656		128.53		0		2.52365		275.141			00:01:07:500		1.16371e+07		-5.25335		0		0		4.1579e+06		426.277		
00:01:07:400		6.48629e+06		251.656		128.743		0		2.51205		275.161			00:01:07:400		1.16408e+07		-5.24834		0		0		4.16331e+06		427.569		
00:01:07:299		6.48638e+06		251.656		128.743		0		2.51205		275.184			00:01:07:299		1.16445e+07		-5.24331		0		0		4.16894e+06		429.078		
00:01:07:200		6.48652e+06		251.468		128.964		0		2.50045		275.219			00:01:07:200		1.16501e+07		-5.23574		0		0		4.17461e+06		430.025		
00:01:07:200		6.48652e+06		251.468		128.964		0		2.50045		275.219			00:01:07:200		1.16501e+07		-5.23574		0		0		4.17461e+06		430.025		
00:01:07:049		6.48661e+06		251.468		128.964		0		2.50045		275.242			00:01:07:049		1.16539e+07		-5.23066		0		0		4.17683e+06		429.825		
00:01:06:950		6.4867e+06		251.28		129.193		0		2.48883		275.266			00:01:06:950		1.16576e+07		-5.22556		0		0		4.17936e+06		429.83		
00:01:06:750		6.48688e+06		251.092		129.193		0		2.48883		275.313			00:01:06:750		1.16652e+07		-5.21528		0		0		4.18615e+06		430.516		
00:01:06:750		6.48688e+06		251.092		129.193		0		2.48883		275.313			00:01:06:750		1.16652e+07		-5.21528		0		0		4.18615e+06		430.516		
00:01:06:549		6.48706e+06		251.092		129.43		0		2.4772		275.362			00:01:06:549		1.16728e+07		-5.20492		0		0		4.19334e+06		431.529		
00:01:06:450		6.48715e+06		250.905		129.674		0		2.46556		275.387			00:01:06:450		1.16767e+07		-5.1997		0		0		4.19643e+06		431.737		
00:01:06:450		6.48715e+06		250.905		129.674		0		2.46556		275.387			00:01:06:450		1.16767e+07		-5.1997		0		0		4.19643e+06		431.737		
00:01:06:349		6.48724e+06		250.905		129.674		0		2.46556		275.412			00:01:06:349		1.16805e+07		-5.19447		0		0		4.19956e+06		432.013		
00:01:06:250		6.48733e+06		250.718		129.674		0		2.46556		275.437			00:01:06:250		1.16844e+07		-5.18921		0		0		4.20288e+06		432.358		
00:01:06:150		6.48742e+06		250.718		129.927		0		2.45391		275.462			00:01:06:150		1.16883e+07		-5.18393		0		0		4.20624e+06		432.742		
00:01:06:049		6.48751e+06		250.718		129.927		0		2.45391		275.488			00:01:06:049		1.16922e+07		-5.17862		0		0		4.2096e+06		433.136		
00:01:05:950		6.4876e+06		250.531		130.189		0		2.44225		275.514			00:01:05:950		1.16961e+07		-5.1733		0		0		4.21287e+06		433.478		
00:01:05:849		6.48769e+06		250.531		130.189		0		2.44225		275.54			00:01:05:849		1.17e+07		-5.16795		0		0		4.21608e+06		433.799		
00:01:05:750		6.48778e+06		250.344		130.189		0		2.44225		275.566			00:01:05:750		1.1704e+07		-5.16258		0		0		4.21931e+06		434.133		
00:01:05:549		6.48796e+06		250.344		130.46		0		2.43058		275.618			00:01:05:549		1.1712e+07		-5.15177		0		0		4.22579e+06		434.836		
00:01:05:549		6.48796e+06		250.344		130.46		0		2.43058		275.618			00:01:05:549		1.1712e+07		-5.15177		0		0		4.22579e+06		434.836		
00:01:05:450		6.48805e+06		250.159		130.74		0		2.41889		275.645			00:01:05:450		1.1716e+07		-5.14634		0		0		4.22901e+06		435.191		
00:01:05:250		6.48823e+06		249.974		130.74		0		2.41889		275.698			00:01:05:250		1.1724e+07		-5.1354		0		0		4.23535e+06		435.866		
00:01:05:150		6.48832e+06		249.974		131.029		0		2.4072		275.724			00:01:05:150		1.17281e+07		-5.1299		0		0		4.23848e+06		436.193		
00:01:05:150		6.48832e+06		249.974		131.029		0		2.4072		275.724			00:01:05:150		1.17281e+07		-5.1299		0		0		4.23848e+06		436.193		
00:01:05:049		6.48841e+06		249.974		131.029		0		2.4072		275.751			00:01:05:049		1.17322e+07		-5.12438		0		0		4.24161e+06		436.525		
00:01:04:950		6.4885e+06		249.79		131.328		0		2.39549		275.778			00:01:04:950		1.17363e+07		-5.11884		0		0		4.24474e+06		436.867		
00:01:04:849		6.48859e+06		249.79		131.328		0		2.39549		275.805			00:01:04:849		1.17404e+07		-5.11329		0		0		4.24785e+06		437.21		
00:01:04:750		6.48868e+06		249.606		131.328		0		2.39549		275.832			00:01:04:750		1.17445e+07		-5.10771		0		0		4.25093e+06		437.546		
00:01:04:549		6.48886e+06		249.606		131.637		0		2.38378		275.887			00:01:04:549		1.17528e+07		-5.09649		0		0		4.25701e+06		438.187		
00:01:04:549		6.48886e+06		249.606		131.637		0		2.38378		275.887			00:01:04:549		1.17528e+07		-5.09649		0		0		4.25701e+06		438.187		
00:01:04:450		6.48895e+06		249.422		131.956		0		2.37205		275.915			00:01:04:450		1.17569e+07		-5.09086		0		0		4.26002e+06		438.506		
00:01:04:349		6.48904e+06		249.422		131.956		0		2.37205		275.943			00:01:04:349		1.17611e+07		-5.08521		0		0		4.26303e+06		438.832		
00:01:04:200		6.48917e+06		249.239		132.286		0		2.36031		275.985			00:01:04:200		1.17674e+07		-5.0767		0		0		4.26752e+06		439.325		
00:01:04:099		6.48926e+06		249.239		132.286		0		2.36031		276.013			00:01:04:099		1.17716e+07		-5.071		0		0		4.27048e+06		439.642		
00:01:04:000		6.48935e+06		249.057		132.286		0		2.36031		276.041			00:01:04:000		1.17759e+07		-5.06529		0		0		4.27341e+06		439.949		
00:01:03:899		6.48944e+06		249.057		132.626		0		2.34857		276.07			00:01:03:899		1.17801e+07		-5.05956		0		0		4.27632e+06		440.253		
00:01:03:799		6.48953e+06		249.057		132.626		0		2.34857		276.099			00:01:03:799		1.17844e+07		-5.05381		0		0		4.27924e+06		440.561		
00:01:03:700		6.48962e+06		248.875		132.977		0		2.33681		276.128			00:01:03:700		1.17886e+07		-5.04805		0		0		4.28214e+06		440.874		
00:01:03:500		6.4898e+06		248.695		132.977		0		2.33681		276.186			00:01:03:500		1.17972e+07		-5.03648		0		0		4.28791e+06		441.488		
00:01:03:500		6.4898e+06		248.695		132.977		0		2.33681		276.186			00:01:03:500		1.17972e+07		-5.03648		0		0		4.28791e+06		441.488		
00:01:03:399		6.48989e+06		248.695		133.339		0		2.32505		276.216			00:01:03:399		1.18015e+07		-5.03067		0		0		4.29076e+06		441.78		
00:01:03:350		6.48994e+06		248.695		133.339		0		2.32505		276.231			00:01:03:350		1.18037e+07		-5.02777		0		0		4.29219e+06		441.924		
00:01:03:250		6.49003e+06		248.514		133.339		0		2.32505		276.261			00:01:03:250		1.18079e+07		-5.02194		0		0		4.29504e+06		442.213		
00:01:03:149		6.49012e+06		248.514		133.713		0		2.31327		276.29			00:01:03:149		1.18122e+07		-5.01611		0		0		4.29789e+06		442.511		
00:01:03:049		6.49021e+06		248.514		133.713		0		2.31327		276.32			00:01:03:049		1.18166e+07		-5.01027		0		0		4.30076e+06		442.812		
00:01:02:950		6.4903e+06		248.333		134.097		0		2.30148		276.35			00:01:02:950		1.18209e+07		-5.00441		0		0		4.30362e+06		443.111		
00:01:02:799		6.49043e+06		248.333		134.097		0		2.30148		276.395			00:01:02:799		1.18273e+07		-4.9956		0		0		4.30789e+06		443.546		
00:01:02:700		6.49052e+06		248.154		134.494		0		2.28969		276.425			00:01:02:700		1.18317e+07		-4.98971		0		0		4.31073e+06		443.833		
00:01:02:500		6.4907e+06		247.976		134.494		0		2.28969		276.486			00:01:02:500		1.18403e+07		-4.97791		0		0		4.31644e+06		444.419		
00:01:02:500		6.4907e+06		247.976		134.494		0		2.28969		276.486			00:01:02:500		1.18403e+07		-4.97791		0		0		4.31644e+06		444.419		
00:01:02:399		6.49079e+06		247.976		134.902		0		2.27788		276.517			00:01:02:399		1.18447e+07		-4.972		0		0		4.31931e+06		444.717		
00:01:02:299		6.49088e+06		247.976		134.902		0		2.27788		276.547			00:01:02:299		1.1849e+07		-4.96609		0		0		4.32217e+06		445.012		
00:01:02:200		6.49097e+06		247.797		135.322		0		2.26607		276.578			00:01:02:200		1.18533e+07		-4.96018		0		0		4.32503e+06		445.301		
00:01:02:100		6.49106e+06		247.797		135.322		0		2.26607		276.608			00:01:02:100		1.18577e+07		-4.95427		0		0		4.32789e+06		445.589		
00:01:02:000		6.49115e+06		247.618		135.322		0		2.26607		276.639			00:01:02:000		1.1862e+07		-4.94836		0		0		4.33076e+06		445.88		
00:01:01:899		6.49124e+06		247.618		135.754		0		2.25424		276.67			00:01:01:899		1.18663e+07		-4.94246		0		0		4.33364e+06		446.175		
00:01:01:799		6.49134e+06		247.618		135.754		0		2.25424		276.7			00:01:01:799		1.18706e+07		-4.93657		0		0		4.33653e+06		446.474		
00:01:01:700		6.49143e+06		247.441		136.198		0		2.24241		276.731			00:01:01:700		1.1875e+07		-4.93069		0		0		4.33942e+06		446.77		
00:01:01:600		6.49152e+06		247.441		136.198		0		2.24241		276.762			00:01:01:600		1.18793e+07		-4.92482		0		0		4.3423e+06		447.063		
00:01:01:500		6.49161e+06		247.268		136.198		0		2.24241		276.793			00:01:01:500		1.18836e+07		-4.91895		0		0		4.34519e+06		447.354		
00:01:01:399		6.4917e+06		247.268		136.654		0		2.23056		276.824			00:01:01:399		1.18879e+07		-4.9131		0		0		4.34809e+06		447.649		
00:01:01:299		6.49179e+06		247.268		136.654		0		2.23056		276.855			00:01:01:299		1.18922e+07		-4.90725		0		0		4.351e+06		447.947		
00:01:01:299		6.49179e+06		247.268		136.654		0		2.23056		276.855			00:01:01:299		1.18922e+07		-4.90725		0		0		4.351e+06		447.947		
00:01:01:149		6.49192e+06		247.095		137.121		0		2.2187		276.901			00:01:01:149		1.18987e+07		-4.89848		0		0		4.35536e+06		448.398		
00:01:01:049		6.49201e+06		247.095		137.121		0		2.2187		276.932			00:01:01:049		1.1903e+07		-4.89264		0		0		4.35828e+06		448.696		
00:01:00:950		6.4921e+06		246.924		137.6		0		2.20684		276.964			00:01:00:950		1.19073e+07		-4.88679		0		0		4.36119e+06		448.994		
00:01:00:850		6.49219e+06		246.924		137.6		0		2.20684		276.995			00:01:00:850		1.19116e+07		-4.88094		0		0		4.3641e+06		449.29		
00:01:00:750		6.49228e+06		246.757		137.6		0		2.20684		277.026			00:01:00:750		1.19159e+07		-4.87508		0		0		4.36702e+06		449.589		
00:01:00:600		6.49242e+06		246.757		138.089		0		2.19496		277.073			00:01:00:600		1.19224e+07		-4.8663		0		0		4.37141e+06		450.041		
00:01:00:500		6.49251e+06		246.589		138.089		0		2.19496		277.104			00:01:00:500		1.19267e+07		-4.86045		0		0		4.37433e+06		450.341		
00:01:00:399		6.4926e+06		246.589		138.586		0		2.18308		277.136			00:01:00:399		1.1931e+07		-4.85459		0		0		4.37725e+06		450.637		
00:01:00:299		6.49269e+06		246.589		138.586		0		2.18308		277.167			00:01:00:299		1.19352e+07		-4.84873		0		0		4.38018e+06		450.933		
00:01:00:200		6.49278e+06		246.418		139.092		0		2.17118		277.199			00:01:00:200		1.19395e+07		-4.84288		0		0		4.38312e+06		451.232		
00:01:00:100		6.49287e+06		246.418		139.092		0		2.17118		277.231			00:01:00:100		1.19438e+07		-4.83702		0		0		4.38606e+06		451.533		
00:01:00:000		6.49296e+06		246.241		139.092		0		2.17118		277.262			00:01:00:000		1.19481e+07		-4.83116		0		0		4.38901e+06		451.837		
00:00:59:899		6.49305e+06		246.241		139.607		0		2.15927		277.294			00:00:59:899		1.19523e+07		-4.8253		0		0		4.39196e+06		452.138		
00:00:59:899		6.49305e+06		246.241		139.607		0		2.15927		277.294			00:00:59:899		1.19523e+07		-4.8253		0		0		4.39196e+06		452.138		
00:00:59:799		6.49314e+06		246.241		139.607		0		2.15927		277.326			00:00:59:799		1.19566e+07		-4.81945		0		0		4.3949e+06		452.437		
00:00:59:600		6.49332e+06		246.055		140.131		0		2.14736		277.389			00:00:59:600		1.19651e+07		-4.80773		0		0		4.40082e+06		453.035		
00:00:59:600		6.49332e+06		246.055		140.131		0		2.14736		277.389			00:00:59:600		1.19651e+07		-4.80773		0		0		4.40082e+06		453.035		
00:00:59:500		6.49341e+06		245.851		140.131		0		2.14736		277.421			00:00:59:500		1.19694e+07		-4.80187		0		0		4.40379e+06		453.338		
00:00:59:399		6.4935e+06		245.851		140.667		0		2.13543		277.453			00:00:59:399		1.19736e+07		-4.79602		0		0		4.40676e+06		453.642		
00:00:59:299		6.49359e+06		245.851		140.667		0		2.13543		277.485			00:00:59:299		1.19779e+07		-4.79016		0		0		4.40974e+06		453.945		
00:00:59:200		6.49368e+06		245.616		141.217		0		2.12349		277.517			00:00:59:200		1.19821e+07		-4.78431		0		0		4.41272e+06		454.244		
00:00:59:000		6.49386e+06		245.325		141.217		0		2.12349		277.581			00:00:59:000		1.19906e+07		-4.7726		0		0		4.4187e+06		454.844		
00:00:59:000		6.49386e+06		245.325		141.217		0		2.12349		277.581			00:00:59:000		1.19906e+07		-4.7726		0		0		4.4187e+06		454.844		
00:00:58:799		6.49404e+06		245.325		141.782		0		2.11154		277.646			00:00:58:799		1.19991e+07		-4.76089		0		0		4.42472e+06		455.457		
00:00:58:799		6.49404e+06		245.325		141.782		0		2.11154		277.646			00:00:58:799		1.19991e+07		-4.76089		0		0		4.42472e+06		455.457		
00:00:58:700		6.49413e+06		245.423		142.35		0		2.09959		277.678			00:00:58:700		1.20033e+07		-4.75504		0		0		4.42774e+06		455.764		
00:00:58:600		6.49422e+06		245.423		142.35		0		2.09959		277.71			00:00:58:600		1.20076e+07		-4.74919		0		0		4.43077e+06		456.069		
00:00:58:450		6.49435e+06		245.523		142.92		0		2.08762		277.758			00:00:58:450		1.20139e+07		-4.74041		0		0		4.43532e+06		456.527		
00:00:58:350		6.49444e+06		245.523		142.92		0		2.08762		277.79			00:00:58:350		1.20181e+07		-4.73456		0		0		4.43836e+06		456.834		
00:00:58:250		6.49453e+06		245.626		142.92		0		2.08762		277.822			00:00:58:250		1.20224e+07		-4.7287		0		0		4.44142e+06		457.145		
00:00:58:149		6.49462e+06		245.626		143.492		0		2.07564		277.854			00:00:58:149		1.20266e+07		-4.72286		0		0		4.44448e+06		457.456		
00:00:58:049		6.49471e+06		245.626		143.492		0		2.07564		277.886			00:00:58:049		1.20308e+07		-4.71701		0		0		4.44755e+06		457.765		
00:00:57:950		6.4948e+06		245.731		144.066		0		2.06365		277.917			00:00:57:950		1.2035e+07		-4.71117		0		0		4.45062e+06		458.073		
00:00:57:850		6.49489e+06		245.731		144.066		0		2.06365		277.949			00:00:57:850		1.20392e+07		-4.70533		0		0		4.4537e+06		458.381		
00:00:57:750		6.49498e+06		245.838		144.066		0		2.06365		277.98			00:00:57:750		1.20434e+07		-4.69949		0		0		4.45679e+06		458.693		
00:00:57:649		6.49507e+06		245.838		144.642		0		2.05166		278.011			00:00:57:649		1.20476e+07		-4.69365		0		0		4.45989e+06		459.007		
00:00:57:549		6.49516e+06		245.838		144.642		0		2.05166		278.043			00:00:57:549		1.20518e+07		-4.68782		0		0		4.463e+06		459.321		
00:00:57:450		6.49525e+06		245.948		145.219		0		2.03965		278.073			00:00:57:450		1.2056e+07		-4.682		0		0		4.46612e+06		459.634		
00:00:57:350		6.49534e+06		245.948		145.219		0		2.03965		278.104			00:00:57:350		1.20601e+07		-4.67618		0		0		4.46924e+06		459.946		
00:00:57:250		6.49543e+06		246.059		145.219		0		2.03965		278.135			00:00:57:250		1.20643e+07		-4.67036		0		0		4.47238e+06		460.258		
00:00:57:149		6.49552e+06		246.059		145.796		0		2.02763		278.165			00:00:57:149		1.20685e+07		-4.66456		0		0		4.47553e+06		460.573		
00:00:57:049		6.49561e+06		246.059		145.796		0		2.02763		278.195			00:00:57:049		1.20726e+07		-4.65878		0		0		4.47869e+06		460.891		
00:00:56:950		6.4957e+06		246.173		146.375		0		2.0156		278.224			00:00:56:950		1.20768e+07		-4.65301		0		0		4.48187e+06		461.21		
00:00:56:850		6.49579e+06		246.173		146.375		0		2.0156		278.253			00:00:56:850		1.20809e+07		-4.64728		0		0		4.48505e+06		461.528		
00:00:56:649		6.49597e+06		246.287		146.954		0		2.00358		278.311			00:00:56:649		1.2089e+07		-4.63598		0		0		4.49145e+06		462.167		
00:00:56:549		6.49606e+06		246.287		146.954		0		2.00358		278.339			00:00:56:549		1.2093e+07		-4.6304		0		0		4.49467e+06		462.491		
00:00:56:549		6.49606e+06		246.287		146.954		0		2.00358		278.339			00:00:56:549		1.2093e+07		-4.6304		0		0		4.49467e+06		462.491		
00:00:56:450		6.49615e+06		246.401		147.533		0		1.99155		278.367			00:00:56:450		1.20968e+07		-4.62482		0		0		4.4979e+06		462.817		
00:00:56:350		6.49624e+06		246.401		147.533		0		1.99155		278.395			00:00:56:350		1.21007e+07		-4.61925		0		0		4.50115e+06		463.146		
00:00:56:250		6.49633e+06		246.516		147.533		0		1.99155		278.422			00:00:56:250		1.21046e+07		-4.61369		0		0		4.5044e+06		463.473		
00:00:56:149		6.49642e+06		246.516		148.112		0		1.97952		278.449			00:00:56:149		1.21084e+07		-4.60813		0		0		4.50766e+06		463.798		
00:00:56:049		6.49651e+06		246.516		148.112		0		1.97952		278.475			00:00:56:049		1.21122e+07		-4.60258		0		0		4.51092e+06		464.125		
00:00:55:950		6.4966e+06		246.631		148.691		0		1.9675		278.502			00:00:55:950		1.21161e+07		-4.59703		0		0		4.5142e+06		464.455		
00:00:55:799		6.49674e+06		246.631		148.691		0		1.9675		278.541			00:00:55:799		1.21218e+07		-4.58873		0		0		4.51915e+06		464.954		
00:00:55:799		6.49674e+06		246.631		148.691		0		1.9675		278.541			00:00:55:799		1.21218e+07		-4.58873		0		0		4.51915e+06		464.954		
00:00:55:700		6.49683e+06		246.747		149.27		0		1.95548		278.566			00:00:55:700		1.21256e+07		-4.58319		0		0		4.52245e+06		465.287		
00:00:55:500		6.49701e+06		246.862		149.27		0		1.95548		278.617			00:00:55:500		1.21332e+07		-4.57214		0		0		4.52909e+06		465.949		
00:00:55:500		6.49701e+06		246.862		149.27		0		1.95548		278.617			00:00:55:500		1.21332e+07		-4.57214		0		0		4.52909e+06		465.949		
00:00:55:299		6.49719e+06		246.862		149.847		0		1.94346		278.667			00:00:55:299		1.21408e+07		-4.56111		0		0		4.53578e+06		466.621		
00:00:55:299		6.49719e+06		246.862		149.847		0		1.94346		278.667			00:00:55:299		1.21408e+07		-4.56111		0		0		4.53578e+06		466.621		
00:00:55:200		6.49728e+06		246.977		150.424		0		1.93144		278.691			00:00:55:200		1.21446e+07		-4.5556		0		0		4.53914e+06		466.961		
00:00:55:100		6.49737e+06		246.977		150.424		0		1.93144		278.716			00:00:55:100		1.21483e+07		-4.55009		0		0		4.54251e+06		467.299		
00:00:55:000		6.49746e+06		247.091		150.424		0		1.93144		278.741			00:00:55:000		1.21521e+07		-4.5446		0		0		4.54589e+06		467.637		
00:00:54:899		6.49755e+06		247.091		150.999		0		1.91943		278.766			00:00:54:899		1.21558e+07		-4.53911		0		0		4.54928e+06		467.976		
00:00:54:799		6.49764e+06		247.091		150.999		0		1.91943		278.791			00:00:54:799		1.21595e+07		-4.53363		0		0		4.55268e+06		468.318		
00:00:54:600		6.49782e+06		247.206		151.573		0		1.90742		278.841			00:00:54:600		1.21669e+07		-4.52268		0		0		4.55952e+06		469.014		
00:00:54:500		6.49791e+06		247.319		151.573		0		1.90742		278.866			00:00:54:500		1.21706e+07		-4.51721		0		0		4.56295e+06		469.363		
00:00:54:500		6.49791e+06		247.319		151.573		0		1.90742		278.866			00:00:54:500		1.21706e+07		-4.51721		0		0		4.56295e+06		469.363		
00:00:54:299		6.49809e+06		247.319		152.144		0		1.89541		278.917			00:00:54:299		1.21779e+07		-4.50629		0		0		4.56984e+06		470.057		
00:00:54:299		6.49809e+06		247.319		152.144		0		1.89541		278.917			00:00:54:299		1.21779e+07		-4.50629		0		0		4.56984e+06		470.057		
00:00:54:200		6.49818e+06		247.432		152.713		0		1.88341		278.943			00:00:54:200		1.21815e+07		-4.50083		0		0		4.57331e+06		470.408		
00:00:54:000		6.49836e+06		247.545		152.713		0		1.88341		278.995			00:00:54:000		1.21887e+07		-4.48993		0		0		4.58027e+06		471.118		
00:00:54:000		6.49836e+06		247.545		152.713		0		1.88341		278.995			00:00:54:000		1.21887e+07		-4.48993		0		0		4.58027e+06		471.118		
00:00:53:899		6.49845e+06		247.545		153.279		0		1.87141		279.022			00:00:53:899		1.21923e+07		-4.48449		0		0		4.58375e+06		471.472		
00:00:53:750		6.49858e+06		247.656		153.279		0		1.87141		279.062			00:00:53:750		1.21977e+07		-4.47632		0		0		4.589e+06		472		
00:00:53:600		6.49872e+06		247.656		153.842		0		1.85942		279.102			00:00:53:600		1.22031e+07		-4.46817		0		0		4.59427e+06		472.533		
00:00:53:600		6.49872e+06		247.656		153.842		0		1.85942		279.102			00:00:53:600		1.22031e+07		-4.46817		0		0		4.59427e+06		472.533		
00:00:53:500		6.49881e+06		247.766		153.842		0		1.85942		279.129			00:00:53:500		1.22067e+07		-4.46274		0		0		4.5978e+06		472.894		
00:00:53:399		6.4989e+06		247.766		154.402		0		1.84743		279.156			00:00:53:399		1.22102e+07		-4.45731		0		0		4.60134e+06		473.254		
00:00:53:299		6.49899e+06		247.766		154.402		0		1.84743		279.184			00:00:53:299		1.22138e+07		-4.45188		0		0		4.60488e+06		473.611		
00:00:53:200		6.49908e+06		247.875		154.957		0		1.83545		279.211			00:00:53:200		1.22174e+07		-4.44646		0		0		4.60843e+06		473.967		
00:00:53:100		6.49917e+06		247.875		154.957		0		1.83545		279.238			00:00:53:100		1.22209e+07		-4.44104		0		0		4.612e+06		474.324		
00:00:52:950		6.4993e+06		247.983		155.508		0		1.82348		279.28			00:00:52:950		1.22263e+07		-4.43292		0		0		4.61737e+06		474.869		
00:00:52:850		6.49939e+06		247.983		155.508		0		1.82348		279.308			00:00:52:850		1.22298e+07		-4.42751		0		0		4.62097e+06		475.235		
00:00:52:750		6.49948e+06		248.09		155.508		0		1.82348		279.335			00:00:52:750		1.22334e+07		-4.4221		0		0		4.62458e+06		475.599		
00:00:52:649		6.49957e+06		248.09		156.054		0		1.81151		279.363			00:00:52:649		1.22369e+07		-4.41669		0		0		4.62819e+06		475.961		
00:00:52:549		6.49966e+06		248.09		156.054		0		1.81151		279.391			00:00:52:549		1.22405e+07		-4.41129		0		0		4.63182e+06		476.324		
00:00:52:450		6.49975e+06		248.194		156.595		0		1.79955		279.419			00:00:52:450		1.2244e+07		-4.40588		0		0		4.63546e+06		476.692		
00:00:52:350		6.49984e+06		248.194		156.595		0		1.79955		279.447			00:00:52:350		1.22475e+07		-4.40047		0		0		4.63912e+06		477.065		
00:00:52:250		6.49993e+06		248.298		156.595		0		1.79955		279.474			00:00:52:250		1.22511e+07		-4.39506		0		0		4.64279e+06		477.442		
00:00:52:149		6.50002e+06		248.298		157.129		0		1.7876		279.502			00:00:52:149		1.22546e+07		-4.38965		0		0		4.64646e+06		477.812		
00:00:52:049		6.50011e+06		248.298		157.129		0		1.7876		279.53			00:00:52:049		1.22582e+07		-4.38423		0		0		4.65013e+06		478.177		
00:00:51:950		6.5002e+06		248.399		157.657		0		1.77566		279.558			00:00:51:950		1.22617e+07		-4.37882		0		0		4.65382e+06		478.542		
00:00:51:850		6.50029e+06		248.399		157.657		0		1.77566		279.586			00:00:51:850		1.22652e+07		-4.3734		0		0		4.65753e+06		478.911		
00:00:51:750		6.50038e+06		248.498		157.657		0		1.77566		279.614			00:00:51:750		1.22688e+07		-4.36798		0		0		4.66126e+06		479.284		
00:00:51:649		6.50047e+06		248.498		158.178		0		1.76372		279.642			00:00:51:649		1.22723e+07		-4.36256		0		0		4.66501e+06		479.659		
00:00:51:549		6.50056e+06		248.498		158.178		0		1.76372		279.669			00:00:51:549		1.22759e+07		-4.35714		0		0		4.66877e+06		480.035		
00:00:51:450		6.50065e+06		248.595		158.691		0		1.7518		279.697			00:00:51:450		1.22794e+07		-4.35172		0		0		4.67255e+06		480.405		
00:00:51:350		6.50074e+06		248.595		158.691		0		1.7518		279.726			00:00:51:350		1.2283e+07		-4.3463		0		0		4.67634e+06		480.724		
00:00:51:250		6.50083e+06		248.688		158.691		0		1.7518		279.754			00:00:51:250		1.22865e+07		-4.34087		0		0		4.68016e+06		481.11		
00:00:51:149		6.50092e+06		248.688		159.196		0		1.73989		279.782			00:00:51:149		1.22901e+07		-4.33544		0		0		4.68399e+06		481.501		
00:00:51:049		6.50101e+06		248.688		159.196		0		1.73989		279.81			00:00:51:049		1.22936e+07		-4.33001		0		0		4.68782e+06		481.888		
00:00:50:950		6.5011e+06		248.778		159.691		0		1.72799		279.838			00:00:50:950		1.22972e+07		-4.32458		0		0		4.69166e+06		482.264		
00:00:50:850		6.50119e+06		248.778		159.691		0		1.72799		279.866			00:00:50:850		1.23007e+07		-4.31915		0		0		4.6955e+06		482.635		
00:00:50:750		6.50133e+06		248.865		160.177		0		1.7161		279.909			00:00:50:750		1.2306e+07		-4.311		0		0		4.7013e+06		483.216		
00:00:50:750		6.50133e+06		248.865		160.177		0		1.7161		279.909			00:00:50:750		1.2306e+07		-4.311		0		0		4.7013e+06		483.216		
00:00:50:500		6.50151e+06		248.948		160.177		0		1.7161		279.965			00:00:50:500		1.23131e+07		-4.30012		0		0		4.70909e+06		484.008		
00:00:50:500		6.50151e+06		248.948		160.177		0		1.7161		279.965			00:00:50:500		1.23131e+07		-4.30012		0		0		4.70909e+06		484.008		
00:00:50:299		6.50169e+06		248.948		160.653		0		1.70423		280.022			00:00:50:299		1.23202e+07		-4.28926		0		0		4.71691e+06		484.788		
00:00:50:299		6.50169e+06		248.948		160.653		0		1.70423		280.022			00:00:50:299		1.23202e+07		-4.28926		0		0		4.71691e+06		484.788		
00:00:50:200		6.50178e+06		249.027		161.117		0		1.69237		280.05			00:00:50:200		1.23237e+07		-4.28383		0		0		4.72084e+06		485.177		
00:00:50:100		6.50187e+06		249.027		161.117		0		1.69237		280.079			00:00:50:100		1.23273e+07		-4.2784		0		0		4.72479e+06		485.574		
00:00:50:000		6.50196e+06		249.103		161.117		0		1.69237		280.108			00:00:50:000		1.23308e+07		-4.27298		0		0		4.72877e+06		485.982		
00:00:49:899		6.50205e+06		249.103		161.57		0		1.68052		280.136			00:00:49:899		1.23343e+07		-4.26756		0		0		4.73276e+06		486.39		
00:00:49:799		6.50214e+06		249.103		161.57		0		1.68052		280.165			00:00:49:799		1.23379e+07		-4.26214		0		0		4.73675e+06		486.786		
00:00:49:600		6.50232e+06		249.174		162.01		0		1.6687		280.222			00:00:49:600		1.23449e+07		-4.2513		0		0		4.74475e+06		487.574		
00:00:49:500		6.50241e+06		249.241		162.01		0		1.6687		280.251			00:00:49:500		1.23485e+07		-4.24589		0		0		4.74879e+06		487.98		
00:00:49:500		6.50241e+06		249.241		162.01		0		1.6687		280.251			00:00:49:500		1.23485e+07		-4.24589		0		0		4.74879e+06		487.98		
00:00:49:299		6.50259e+06		249.241		162.437		0		1.65689		280.308			00:00:49:299		1.23555e+07		-4.23505		0		0		4.75694e+06		488.811		
00:00:49:200		6.50268e+06		249.304		162.849		0		1.64509		280.337			00:00:49:200		1.23591e+07		-4.22962		0		0		4.76102e+06		489.219		
00:00:49:200		6.50268e+06		249.304		162.849		0		1.64509		280.337			00:00:49:200		1.23591e+07		-4.22962		0		0		4.76102e+06		489.219		
00:00:49:100		6.50277e+06		249.304		162.849		0		1.64509		280.365			00:00:49:100		1.23626e+07		-4.22418		0		0		4.76511e+06		489.619		
00:00:48:950		6.5029e+06		249.362		163.246		0		1.63332		280.408			00:00:48:950		1.23679e+07		-4.21601		0		0		4.77128e+06		490.229		
00:00:48:850		6.50299e+06		249.362		163.246		0		1.63332		280.437			00:00:48:850		1.23714e+07		-4.21054		0		0		4.77543e+06		490.652		
00:00:48:600		6.50322e+06		249.415		163.627		0		1.62157		280.509			00:00:48:600		1.23803e+07		-4.19681		0		0		4.78587e+06		491.715		
00:00:48:600		6.50322e+06		249.415		163.627		0		1.62157		280.509			00:00:48:600		1.23803e+07		-4.19681		0		0		4.78587e+06		491.715		
00:00:48:500		6.50331e+06		249.463		163.627		0		1.62157		280.537			00:00:48:500		1.23838e+07		-4.1913		0		0		4.79005e+06		492.125		
00:00:48:500		6.50331e+06		249.463		163.627		0		1.62157		280.537			00:00:48:500		1.23838e+07		-4.1913		0		0		4.79005e+06		492.125		
00:00:48:399		6.5034e+06		249.463		163.99		0		1.60984		280.566			00:00:48:399		1.23873e+07		-4.18577		0		0		4.79424e+06		492.536		
00:00:48:299		6.50349e+06		249.463		163.99		0		1.60984		280.595			00:00:48:299		1.23909e+07		-4.18023		0		0		4.79846e+06		492.961		
00:00:48:200		6.50358e+06		249.505		164.335		0		1.59813		280.623			00:00:48:200		1.23944e+07		-4.17469		0		0		4.80272e+06		493.395		
00:00:48:100		6.50367e+06		249.505		164.335		0		1.59813		280.652			00:00:48:100		1.23979e+07		-4.16914		0		0		4.80698e+06		493.829		
00:00:47:899		6.50385e+06		249.542		164.661		0		1.58645		280.709			00:00:47:899		1.2405e+07		-4.15805		0		0		4.81552e+06		494.669		
00:00:47:899		6.50385e+06		249.542		164.661		0		1.58645		280.709			00:00:47:899		1.2405e+07		-4.15805		0		0		4.81552e+06		494.669		
00:00:47:799		6.50394e+06		249.542		164.661		0		1.58645		280.738			00:00:47:799		1.24085e+07		-4.15251		0		0		4.81982e+06		495.09		
00:00:47:600		6.50412e+06		249.574		164.966		0		1.57479		280.795			00:00:47:600		1.24156e+07		-4.14141		0		0		4.82852e+06		495.979		
00:00:47:600		6.50412e+06		249.574		164.966		0		1.57479		280.795			00:00:47:600		1.24156e+07		-4.14141		0		0		4.82852e+06		495.979		
00:00:47:500		6.50421e+06		249.599		164.966		0		1.57479		280.823			00:00:47:500		1.24191e+07		-4.13587		0		0		4.83289e+06		496.426		
00:00:47:350		6.50434e+06		249.599		165.25		0		1.56316		280.866			00:00:47:350		1.24244e+07		-4.12755		0		0		4.83943e+06		497.072		
00:00:47:250		6.50443e+06		249.618		165.25		0		1.56316		280.894			00:00:47:250		1.24279e+07		-4.122		0		0		4.84381e+06		497.494		
00:00:47:149		6.50452e+06		249.618		165.511		0		1.55156		280.922			00:00:47:149		1.24314e+07		-4.11645		0		0		4.84823e+06		497.932		
00:00:47:049		6.50461e+06		249.618		165.511		0		1.55156		280.951			00:00:47:049		1.2435e+07		-4.11091		0		0		4.85269e+06		498.398		
00:00:46:950		6.5047e+06		249.63		165.747		0		1.53999		280.979			00:00:46:950		1.24385e+07		-4.10537		0		0		4.85718e+06		498.874		
00:00:46:850		6.50479e+06		249.63		165.747		0		1.53999		281.007			00:00:46:850		1.2442e+07		-4.09983		0		0		4.86163e+06		499.308		
00:00:46:750		6.50488e+06		249.636		165.747		0		1.53999		281.036			00:00:46:750		1.24455e+07		-4.09429		0		0		4.86606e+06		499.726		
00:00:46:649		6.50497e+06		249.636		165.958		0		1.52845		281.064			00:00:46:649		1.2449e+07		-4.08875		0		0		4.87056e+06		500.18		
00:00:46:549		6.50506e+06		249.636		165.958		0		1.52845		281.092			00:00:46:549		1.24526e+07		-4.08321		0		0		4.8751e+06		500.649		
00:00:46:450		6.50515e+06		249.635		166.142		0		1.51695		281.121			00:00:46:450		1.24561e+07		-4.07767		0		0		4.87967e+06		501.137		
00:00:46:350		6.50524e+06		249.635		166.142		0		1.51695		281.149			00:00:46:350		1.24597e+07		-4.07213		0		0		4.88422e+06		501.621		
00:00:46:250		6.50533e+06		249.626		166.142		0		1.51695		281.177			00:00:46:250		1.24632e+07		-4.06659		0		0		4.88874e+06		502.076		
00:00:46:149		6.50542e+06		249.626		166.297		0		1.50549		281.205			00:00:46:149		1.24668e+07		-4.06105		0		0		4.89325e+06		502.511		
00:00:46:049		6.50551e+06		249.626		166.297		0		1.50549		281.234			00:00:46:049		1.24703e+07		-4.05552		0		0		4.89778e+06		502.958		
00:00:45:950		6.5056e+06		249.605		166.424		0		1.49409		281.262			00:00:45:950		1.24738e+07		-4.04998		0		0		4.90237e+06		503.437		
00:00:45:799		6.50574e+06		249.605		166.424		0		1.49409		281.304			00:00:45:799		1.24791e+07		-4.04167		0		0		4.90927e+06		504.145		
00:00:45:799		6.50574e+06		249.605		166.424		0		1.49409		281.304			00:00:45:799		1.24791e+07		-4.04167		0		0		4.90927e+06		504.145		
00:00:45:700		6.50583e+06		249.551		166.521		0		1.48292		281.333			00:00:45:700		1.24827e+07		-4.03614		0		0		4.91385e+06		504.605		
00:00:45:549		6.50596e+06		249.551		166.521		0		1.48292		281.375			00:00:45:549		1.2488e+07		-4.02784		0		0		4.92084e+06		505.471		
00:00:45:450		6.50605e+06		249.464		166.59		0		1.47198		281.403			00:00:45:450		1.24915e+07		-4.0223		0		0		4.92543e+06		506.028		
00:00:45:350		6.50614e+06		249.464		166.59		0		1.47198		281.431			00:00:45:350		1.2495e+07		-4.01677		0		0		4.92977e+06		506.418		
00:00:45:250		6.50623e+06		249.345		166.59		0		1.47198		281.459			00:00:45:250		1.24986e+07		-4.01124		0		0		4.93401e+06		506.746		
00:00:45:149		6.50632e+06		249.345		166.631		0		1.46127		281.488			00:00:45:149		1.25021e+07		-4.00571		0		0		4.93841e+06		507.14		
00:00:45:049		6.50641e+06		249.345		166.631		0		1.46127		281.516			00:00:45:049		1.25056e+07		-4.00019		0		0		4.94297e+06		507.579		
00:00:44:950		6.5065e+06		249.192		166.644		0		1.45078		281.544			00:00:44:950		1.25092e+07		-3.99466		0		0		4.94759e+06		508.028		
00:00:44:850		6.50659e+06		249.192		166.644		0		1.45078		281.572			00:00:44:850		1.25128e+07		-3.98914		0		0		4.95225e+06		508.486		
00:00:44:750		6.50668e+06		249.005		166.644		0		1.45078		281.6			00:00:44:750		1.25163e+07		-3.98362		0		0		4.95697e+06		508.972		
00:00:44:649		6.50677e+06		249.005		166.631		0		1.44052		281.628			00:00:44:649		1.25199e+07		-3.9781		0		0		4.96172e+06		509.506		
00:00:44:549		6.50686e+06		249.005		166.631		0		1.44052		281.655			00:00:44:549		1.25235e+07		-3.97258		0		0		4.96648e+06		510.07		
00:00:44:549		6.50686e+06		249.005		166.631		0		1.44052		281.655			00:00:44:549		1.25235e+07		-3.97258		0		0		4.96648e+06		510.07		
00:00:44:399		6.507e+06		248.786		166.593		0		1.43049		281.697			00:00:44:399		1.25288e+07		-3.96431		0		0		4.97343e+06		510.842		
00:00:44:299		6.50709e+06		248.786		166.593		0		1.43049		281.725			00:00:44:299		1.25324e+07		-3.9588		0		0		4.97796e+06		511.347		
00:00:44:200		6.50718e+06		248.532		166.529		0		1.42069		281.753			00:00:44:200		1.2536e+07		-3.95329		0		0		4.98246e+06		511.851		
00:00:44:100		6.50727e+06		248.532		166.529		0		1.42069		281.78			00:00:44:100		1.25395e+07		-3.94779		0		0		4.98686e+06		512.315		
00:00:44:000		6.50736e+06		248.245		166.529		0		1.42069		281.808			00:00:44:000		1.25431e+07		-3.9423		0		0		4.99121e+06		512.754		
00:00:43:899		6.50745e+06		248.245		166.441		0		1.41113		281.836			00:00:43:899		1.25466e+07		-3.9368		0		0		4.99557e+06		513.208		
00:00:43:799		6.50754e+06		248.245		166.441		0		1.41113		281.863			00:00:43:799		1.25502e+07		-3.93132		0		0		4.99991e+06		513.639		
00:00:43:500		6.50781e+06		247.567		166.33		0		1.40179		281.946			00:00:43:500		1.25608e+07		-3.9149		0		0		5.01304e+06		514.837		
00:00:43:500		6.50781e+06		247.567		166.33		0		1.40179		281.946			00:00:43:500		1.25608e+07		-3.9149		0		0		5.01304e+06		514.837		
00:00:43:500		6.50781e+06		247.567		166.33		0		1.40179		281.946			00:00:43:500		1.25608e+07		-3.9149		0		0		5.01304e+06		514.837		
00:00:43:399		6.5079e+06		247.567		166.198		0		1.39269		281.974			00:00:43:399		1.25643e+07		-3.90943		0		0		5.01762e+06		515.338		
00:00:43:299		6.50799e+06		247.567		166.198		0		1.39269		282.001			00:00:43:299		1.25679e+07		-3.90397		0		0		5.02214e+06		515.703		
00:00:43:149		6.50812e+06		247.176		166.044		0		1.38383		282.042			00:00:43:149		1.25732e+07		-3.89578		0		0		5.02898e+06		516.267		
00:00:43:049		6.50821e+06		247.176		166.044		0		1.38383		282.069			00:00:43:049		1.25767e+07		-3.89032		0		0		5.03378e+06		516.715		
00:00:42:950		6.5083e+06		246.75		165.872		0		1.3752		282.097			00:00:42:950		1.25802e+07		-3.88487		0		0		5.0387e+06		517.283		
00:00:42:850		6.50839e+06		246.75		165.872		0		1.3752		282.124			00:00:42:850		1.25837e+07		-3.87941		0		0		5.04368e+06		517.85		
00:00:42:750		6.50848e+06		246.287		165.872		0		1.3752		282.151			00:00:42:750		1.25872e+07		-3.87394		0		0		5.04849e+06		518.271		
00:00:42:549		6.50866e+06		246.287		165.681		0		1.36682		282.206			00:00:42:549		1.25943e+07		-3.863		0		0		5.0582e+06		519.237		
00:00:42:450		6.50875e+06		245.786		165.475		0		1.3587		282.233			00:00:42:450		1.25978e+07		-3.85752		0		0		5.06314e+06		519.731		
00:00:42:450		6.50875e+06		245.786		165.475		0		1.3587		282.233			00:00:42:450		1.25978e+07		-3.85752		0		0		5.06314e+06		519.731		
00:00:42:350		6.50884e+06		245.786		165.475		0		1.3587		282.26			00:00:42:350		1.26013e+07		-3.85204		0		0		5.06809e+06		520.229		
00:00:42:250		6.50893e+06		245.244		165.475		0		1.3587		282.287			00:00:42:250		1.26048e+07		-3.84656		0		0		5.07307e+06		520.732		
00:00:42:149		6.50902e+06		245.244		165.256		0		1.35085		282.315			00:00:42:149		1.26083e+07		-3.84108		0		0		5.07807e+06		521.239		
00:00:42:100		6.50907e+06		245.244		165.256		0		1.35085		282.328			00:00:42:100		1.26101e+07		-3.83834		0		0		5.08058e+06		521.494		
00:00:42:000		6.50916e+06		244.657		165.256		0		1.35085		282.355			00:00:42:000		1.26136e+07		-3.83286		0		0		5.0856e+06		522.006		
00:00:41:899		6.50925e+06		244.657		165.025		0		1.34331		282.382			00:00:41:899		1.26171e+07		-3.8274		0		0		5.09063e+06		522.514		
00:00:41:799		6.50934e+06		244.657		165.025		0		1.34331		282.41			00:00:41:799		1.26206e+07		-3.82195		0		0		5.09567e+06		523.023		
00:00:41:549		6.50956e+06		243.992		164.788		0		1.33616		282.477			00:00:41:549		1.26293e+07		-3.80838		0		0		5.10834e+06		524.302		
00:00:41:549		6.50956e+06		243.992		164.788		0		1.33616		282.477			00:00:41:549		1.26293e+07		-3.80838		0		0		5.10834e+06		524.302		
00:00:41:450		6.50965e+06		243.275		164.55		0		1.32953		282.504			00:00:41:450		1.26328e+07		-3.80298		0		0		5.11343e+06		524.817		
00:00:41:350		6.50974e+06		243.275		164.55		0		1.32953		282.531			00:00:41:350		1.26363e+07		-3.7976		0		0		5.11855e+06		525.333		
00:00:41:250		6.50983e+06		242.556		164.55		0		1.32953		282.558			00:00:41:250		1.26398e+07		-3.79223		0		0		5.12368e+06		525.85		
00:00:41:149		6.50992e+06		242.556		164.31		0		1.32289		282.586			00:00:41:149		1.26433e+07		-3.78686		0		0		5.12882e+06		526.369		
00:00:41:049		6.51001e+06		242.556		164.31		0		1.32289		282.613			00:00:41:049		1.26468e+07		-3.7815		0		0		5.13399e+06		526.888		
00:00:40:950		6.5101e+06		241.835		164.068		0		1.31622		282.64			00:00:40:950		1.26502e+07		-3.77612		0		0		5.13917e+06		527.41		
00:00:40:850		6.51019e+06		241.835		164.068		0		1.31622		282.667			00:00:40:850		1.26537e+07		-3.77073		0		0		5.14437e+06		527.933		
00:00:40:750		6.51028e+06		241.112		164.068		0		1.31622		282.694			00:00:40:750		1.26572e+07		-3.76532		0		0		5.14959e+06		528.457		
00:00:40:649		6.51037e+06		241.112		163.824		0		1.30954		282.721			00:00:40:649		1.26607e+07		-3.75987		0		3.46914		5.15483e+06		528.982		
00:00:40:549		6.51046e+06		241.112		163.824		0		1.30954		282.748			00:00:40:549		1.26642e+07		-3.75438		0		0		5.16008e+06		529.506		
00:00:40:450		6.51055e+06		240.387		163.578		0		1.30284		282.775			00:00:40:450		1.26676e+07		-3.74885		0		0		5.16536e+06		530.031		
00:00:40:350		6.51064e+06		240.387		163.578		0		1.30284		282.802			00:00:40:350		1.26711e+07		-3.74328		0		0		5.17067e+06		530.563		
00:00:40:250		6.51073e+06		239.66		163.578		0		1.30284		282.83			00:00:40:250		1.26745e+07		-3.73766		0		0		5.17601e+06		531.098		
00:00:40:100		6.51073e+06		239.66		163.578		0		1.30284		282.83			00:00:40:100		1.26745e+07		-3.73766		0		0		5.17601e+06		531.098		
00:00:40:100		6.51087e+06		239.66		163.33		0		1.29613		282.87			00:00:40:100		1.26797e+07		-3.72917		0		0		5.18405e+06		531.905		
00:00:40:000		6.51096e+06		238.931		163.33		0		1.29613		282.898			00:00:40:000		1.26832e+07		-3.72348		0		0		5.18944e+06		532.445		
00:00:39:899		6.51105e+06		238.931		163.08		0		1.2894		282.925			00:00:39:899		1.26867e+07		-3.71778		0		0		5.19485e+06		532.988		
00:00:39:799		6.51114e+06		238.931		163.08		0		1.2894		282.952			00:00:39:799		1.26901e+07		-3.7121		0		0		5.20028e+06		533.534		
00:00:39:700		6.51123e+06		238.2		162.827		0		1.28264		282.979			00:00:39:700		1.26936e+07		-3.70645		0		0		5.20574e+06		534.081		
00:00:39:500		6.51141e+06		237.467		162.827		0		1.28264		283.033			00:00:39:500		1.27005e+07		-3.69538		0		0		5.21674e+06		535.182		
00:00:39:500		6.51141e+06		237.467		162.827		0		1.28264		283.033			00:00:39:500		1.27005e+07		-3.69538		0		0		5.21674e+06		535.182		
00:00:39:399		6.5115e+06		237.467		162.573		0		1.27587		283.061			00:00:39:399		1.2704e+07		-3.68999		0		0		5.22227e+06		535.741		
00:00:39:200		6.51168e+06		236.732		162.316		0		1.26909		283.115			00:00:39:200		1.2711e+07		-3.67955		0		0		5.23342e+06		536.88		
00:00:39:200		6.51168e+06		236.732		162.316		0		1.26909		283.115			00:00:39:200		1.2711e+07		-3.67955		0		0		5.23342e+06		536.88		
00:00:39:100		6.51177e+06		236.732		162.316		0		1.26909		283.142			00:00:39:100		1.27145e+07		-3.67449		0		0		5.23901e+06		537.45		
00:00:39:000		6.51186e+06		235.995		162.316		0		1.26909		283.169			00:00:39:000		1.2718e+07		-3.66953		0		0		5.2446e+06		538.015		
00:00:38:899		6.51195e+06		235.995		162.057		0		1.26228		283.197			00:00:38:899		1.27215e+07		-3.66463		0		0		5.25021e+06		538.581		
00:00:38:799		6.51204e+06		235.995		162.057		0		1.26228		283.224			00:00:38:799		1.2725e+07		-3.65977		0		0		5.25584e+06		539.149		
00:00:38:600		6.51222e+06		235.256		161.795		0		1.25546		283.278			00:00:38:600		1.2732e+07		-3.6501		0		0		5.26716e+06		540.291		
00:00:38:500		6.51231e+06		234.514		161.795		0		1.25546		283.305			00:00:38:500		1.27355e+07		-3.64525		0		0		5.27285e+06		540.865		
00:00:38:500		6.51231e+06		234.514		161.795		0		1.25546		283.305			00:00:38:500		1.27355e+07		-3.64525		0		0		5.27285e+06		540.865		
00:00:38:399		6.5124e+06		234.514		161.531		0		1.24861		283.333			00:00:38:399		1.2739e+07		-3.64035		0		0		5.27856e+06		541.441		
00:00:38:299		6.51249e+06		234.514		161.531		0		1.24861		283.36			00:00:38:299		1.27425e+07		-3.63541		0		0		5.28429e+06		542.018		
00:00:38:200		6.51258e+06		233.771		161.264		0		1.24175		283.387			00:00:38:200		1.2746e+07		-3.63041		0		0		5.29004e+06		542.598		
00:00:38:100		6.51267e+06		233.771		161.264		0		1.24175		283.414			00:00:38:100		1.27496e+07		-3.62535		0		0		5.29581e+06		543.18		
00:00:38:000		6.51276e+06		233.026		161.264		0		1.24175		283.441			00:00:38:000		1.27531e+07		-3.62022		0		0		5.3016e+06		543.765		
00:00:37:899		6.51285e+06		233.026		160.995		0		1.23487		283.469			00:00:37:899		1.27567e+07		-3.61503		0		0		5.30741e+06		544.352		
00:00:37:799		6.51294e+06		233.026		160.995		0		1.23487		283.496			00:00:37:799		1.27603e+07		-3.60978		0		0		5.31325e+06		544.941		
00:00:37:700		6.51303e+06		232.278		160.722		0		1.22797		283.523			00:00:37:700		1.27638e+07		-3.60448		0		0		5.3191e+06		545.53		
00:00:37:450		6.51325e+06		231.528		160.446		0		1.22105		283.591			00:00:37:450		1.27728e+07		-3.59098		0		0		5.33383e+06		547.014		
00:00:37:450		6.51325e+06		231.528		160.446		0		1.22105		283.591			00:00:37:450		1.27728e+07		-3.59098		0		0		5.33383e+06		547.014		
00:00:37:350		6.51334e+06		231.528		160.446		0		1.22105		283.618			00:00:37:350		1.27764e+07		-3.58549		0		0		5.33976e+06		547.611		
00:00:37:250		6.51343e+06		230.776		160.446		0		1.22105		283.645			00:00:37:250		1.278e+07		-3.57996		0		0		5.34571e+06		548.209		
00:00:37:149		6.51352e+06		230.776		160.168		0		1.21412		283.672			00:00:37:149		1.27835e+07		-3.57439		0		0		5.35169e+06		548.81		
00:00:37:049		6.51361e+06		230.776		160.168		0		1.21412		283.699			00:00:37:049		1.27871e+07		-3.56878		0		0		5.35769e+06		549.412		
00:00:36:950		6.5137e+06		230.022		159.886		0		1.20716		283.726			00:00:36:950		1.27907e+07		-3.56312		0		0		5.36372e+06		550.017		
00:00:36:850		6.51379e+06		230.022		159.886		0		1.20716		283.753			00:00:36:850		1.27943e+07		-3.55743		0		0		5.36977e+06		550.625		
00:00:36:799		6.51384e+06		230.022		159.886		0		1.20716		283.766			00:00:36:799		1.27961e+07		-3.55457		0		0		5.37281e+06		550.931		
00:00:36:600		6.51402e+06		229.265		159.601		0		1.20018		283.82			00:00:36:600		1.28033e+07		-3.54307		0		0		5.38503e+06		552.178		
00:00:36:500		6.51411e+06		228.506		159.601		0		1.20018		283.846			00:00:36:500		1.28068e+07		-3.53727		0		0		5.39118e+06		552.808		
00:00:36:500		6.51411e+06		228.506		159.601		0		1.20018		283.846			00:00:36:500		1.28068e+07		-3.53727		0		0		5.39118e+06		552.808		
00:00:36:399		6.5142e+06		228.506		159.312		0		1.19318		283.873			00:00:36:399		1.28105e+07		-3.53146		0		0		5.39733e+06		553.431		
00:00:36:299		6.51429e+06		228.506		159.312		0		1.19318		283.9			00:00:36:299		1.28142e+07		-3.52563		0		0		5.40349e+06		554.052		
00:00:36:200		6.51438e+06		227.745		159.02		0		1.18617		283.926			00:00:36:200		1.28178e+07		-3.51979		0		0		5.40968e+06		554.679		
00:00:36:100		6.51447e+06		227.745		159.02		0		1.18617		283.953			00:00:36:100		1.28214e+07		-3.51393		0		0		5.41591e+06		555.315		
00:00:35:950		6.5146e+06		226.982		158.724		0		1.17913		283.992			00:00:35:950		1.28269e+07		-3.5051		0		0		5.42528e+06		556.275		
00:00:35:850		6.51469e+06		226.982		158.724		0		1.17913		284.018			00:00:35:850		1.28305e+07		-3.4992		0		0		5.43156e+06		556.921		
00:00:35:750		6.51478e+06		226.216		158.724		0		1.17913		284.045			00:00:35:750		1.28342e+07		-3.49328		0		0		5.43786e+06		557.572		
00:00:35:549		6.51496e+06		226.216		158.425		0		1.17207		284.097			00:00:35:549		1.28415e+07		-3.48137		0		0		5.45052e+06		558.883		
00:00:35:450		6.51505e+06		225.448		158.122		0		1.16499		284.123			00:00:35:450		1.28452e+07		-3.47539		0		0		5.45688e+06		559.543		
00:00:35:450		6.51505e+06		225.448		158.122		0		1.16499		284.123			00:00:35:450		1.28452e+07		-3.47539		0		0		5.45688e+06		559.543		
00:00:35:350		6.51514e+06		225.448		158.122		0		1.16499		284.148			00:00:35:350		1.28489e+07		-3.46939		0		0		5.46327e+06		560.209		
00:00:35:250		6.51523e+06		224.678		158.122		0		1.16499		284.174			00:00:35:250		1.28526e+07		-3.46337		0		0		5.46968e+06		560.881		
00:00:35:149		6.51532e+06		224.678		157.815		0		1.1579		284.2			00:00:35:149		1.28563e+07		-3.45733		0		0		5.47611e+06		561.562		
00:00:35:049		6.51541e+06		224.678		157.815		0		1.1579		284.225			00:00:35:049		1.286e+07		-3.45127		0		0		5.48257e+06		562.25		
00:00:34:950		6.5155e+06		223.905		157.504		0		1.15078		284.251			00:00:34:950		1.28637e+07		-3.44518		0		0		5.48905e+06		562.946		
00:00:34:850		6.51559e+06		223.905		157.504		0		1.15078		284.276			00:00:34:850		1.28675e+07		-3.43908		0		0		5.49556e+06		563.647		
00:00:34:750		6.51568e+06		223.13		157.504		0		1.15078		284.301			00:00:34:750		1.28712e+07		-3.43295		0		0		5.50209e+06		564.342		
00:00:34:500		6.51591e+06		222.353		157.19		0		1.14364		284.364			00:00:34:500		1.28806e+07		-3.41754		0		0		5.51853e+06		566.022		
00:00:34:399		6.516e+06		222.353		156.871		0		1.13648		284.389			00:00:34:399		1.28844e+07		-3.41134		0		11.0286		5.52516e+06		566.689		
00:00:34:399		6.516e+06		222.353		156.871		0		1.13648		284.389			00:00:34:399		1.28844e+07		-3.41134		0		11.0286		5.52516e+06		566.689		
00:00:34:399		6.516e+06		222.353		156.871		0		1.13648		284.389			00:00:34:399		1.28844e+07		-3.41134		0		11.0286		5.52516e+06		566.689		
00:00:34:200		6.51618e+06		221.573		156.549		0		1.1293		284.438			00:00:34:200		1.2892e+07		-3.39885		0		0		5.53852e+06		568.057		
00:00:34:200		6.51618e+06		221.573		156.549		0		1.1293		284.438			00:00:34:200		1.2892e+07		-3.39885		0		0		5.53852e+06		568.057		
00:00:34:049		6.51632e+06		221.573		156.549		0		1.1293		284.475			00:00:34:049		1.28978e+07		-3.38941		0		0		5.5486e+06		569.097		
00:00:33:950		6.51641e+06		220.791		156.222		0		1.1221		284.5			00:00:33:950		1.29016e+07		-3.38308		0		11.4176		5.55532e+06		569.782		
00:00:33:850		6.5165e+06		220.791		156.222		0		1.1221		284.524			00:00:33:850		1.29055e+07		-3.37671		0		0		5.56206e+06		570.466		
00:00:33:750		6.51659e+06		220.006		156.222		0		1.1221		284.549			00:00:33:750		1.29093e+07		-3.37031		0		11.5452		5.56881e+06		571.148		
00:00:33:649		6.51668e+06		220.006		155.891		0		1.11487		284.573			00:00:33:649		1.29132e+07		-3.36389		0		0		5.5756e+06		571.836		
00:00:33:549		6.51677e+06		220.006		155.891		0		1.11487		284.598			00:00:33:549		1.29171e+07		-3.35743		0		11.7345		5.5824e+06		572.527		
00:00:33:450		6.51687e+06		219.219		155.555		0		1.10763		284.623			00:00:33:450		1.29211e+07		-3.35095		0		0		5.58924e+06		573.228		
00:00:33:299		6.517e+06		219.219		155.555		0		1.10763		284.66			00:00:33:299		1.2927e+07		-3.34118		0		0		5.59954e+06		574.292		
00:00:33:299		6.517e+06		219.219		155.555		0		1.10763		284.66			00:00:33:299		1.2927e+07		-3.34118		0		0		5.59954e+06		574.292		
00:00:33:100		6.51719e+06		218.429		155.215		0		1.10035		284.71			00:00:33:100		1.2935e+07		-3.32805		0		0		5.6133e+06		575.702		
00:00:33:000		6.51728e+06		217.637		155.215		0		1.10035		284.736			00:00:33:000		1.2939e+07		-3.32144		0		0		5.62019e+06		576.401		
00:00:33:000		6.51728e+06		217.637		155.215		0		1.10035		284.736			00:00:33:000		1.2939e+07		-3.32144		0		0		5.62019e+06		576.401		
00:00:32:899		6.51737e+06		217.637		154.871		0		1.09306		284.761			00:00:32:899		1.29431e+07		-3.3148		0		0		5.6271e+06		577.089		
00:00:32:799		6.51746e+06		217.637		154.871		0		1.09306		284.786			00:00:32:799		1.29471e+07		-3.30813		0		0		5.63404e+06		577.79		
00:00:32:700		6.51756e+06		216.842		154.521		0		1.08575		284.812			00:00:32:700		1.29512e+07		-3.30143		0		0		5.64102e+06		578.496		
00:00:32:500		6.51774e+06		216.044		154.521		0		1.08575		284.863			00:00:32:500		1.29594e+07		-3.28793		0		0		5.65506e+06		579.9		
00:00:32:500		6.51774e+06		216.044		154.521		0		1.08575		284.863			00:00:32:500		1.29594e+07		-3.28793		0		0		5.65506e+06		579.9		
00:00:32:299		6.51792e+06		216.044		154.166		0		1.07841		284.914			00:00:32:299		1.29677e+07		-3.2743		0		0		5.66925e+06		581.327		
00:00:32:299		6.51792e+06		216.044		154.166		0		1.07841		284.914			00:00:32:299		1.29677e+07		-3.2743		0		0		5.66925e+06		581.327		
00:00:32:200		6.51802e+06		215.244		153.806		0		1.07105		284.94			00:00:32:200		1.29718e+07		-3.26743		0		0		5.67641e+06		582.048		
00:00:32:100		6.51811e+06		215.244		153.806		0		1.07105		284.966			00:00:32:100		1.2976e+07		-3.26053		0		0		5.68359e+06		582.78		
00:00:32:000		6.5182e+06		214.441		153.806		0		1.07105		284.991			00:00:32:000		1.29802e+07		-3.25359		0		9.8667		5.69081e+06		583.517		
00:00:31:899		6.51829e+06		214.441		153.441		0		1.06366		285.017			00:00:31:899		1.29845e+07		-3.24662		0		9.93773		5.69806e+06		584.264		
00:00:31:800		6.51838e+06		214.441		153.441		0		1.06366		285.043			00:00:31:800		1.29888e+07		-3.23961		0		9.93773		5.70534e+06		585.016		
00:00:31:649		6.51852e+06		213.636		153.069		0		1.05625		285.081			00:00:31:649		1.29952e+07		-3.22903		0		0		5.71628e+06		586.14		
00:00:31:449		6.51871e+06		212.828		152.692		0		1.04882		285.133			00:00:31:449		1.30039e+07		-3.21479		0		0		5.73093e+06		587.641		
00:00:31:449		6.51871e+06		212.828		152.692		0		1.04882		285.133			00:00:31:449		1.30039e+07		-3.21479		0		0		5.73093e+06		587.641		
00:00:31:350		6.5188e+06		212.828		152.692		0		1.04882		285.159			00:00:31:350		1.30082e+07		-3.20761		0		0		5.73828e+06		588.395		
00:00:31:250		6.51889e+06		212.017		152.692		0		1.04882		285.186			00:00:31:250		1.30127e+07		-3.20039		0		0		5.74566e+06		589.152		
00:00:31:149		6.51898e+06		212.017		152.309		0		1.04136		285.212			00:00:31:149		1.30171e+07		-3.19314		0		0		5.75306e+06		589.909		
00:00:31:050		6.51907e+06		212.017		152.309		0		1.04136		285.239			00:00:31:050		1.30215e+07		-3.18584		0		0		5.76048e+06		590.669		
00:00:30:949		6.51917e+06		211.204		151.92		0		1.03388		285.265			00:00:30:949		1.3026e+07		-3.1785		0		0		5.76793e+06		591.432		
00:00:30:850		6.51926e+06		211.204		151.92		0		1.03388		285.292			00:00:30:850		1.30305e+07		-3.17112		0		0		5.7754e+06		592.196		
00:00:30:750		6.51935e+06		210.388		151.92		0		1.03388		285.319			00:00:30:750		1.30351e+07		-3.16369		0		0		5.78289e+06		592.962		
00:00:30:649		6.51944e+06		210.388		151.524		0		1.02637		285.346			00:00:30:649		1.30396e+07		-3.15622		0		0		5.79041e+06		593.73		
00:00:30:449		6.51963e+06		209.569		151.121		0		1.01884		285.4			00:00:30:449		1.30488e+07		-3.14111		0		0		5.80552e+06		595.272		
00:00:30:449		6.51963e+06		209.569		151.121		0		1.01884		285.4			00:00:30:449		1.30488e+07		-3.14111		0		0		5.80552e+06		595.272		
00:00:30:350		6.51972e+06		209.569		151.121		0		1.01884		285.427			00:00:30:350		1.30535e+07		-3.13348		0		0		5.81312e+06		596.045		
00:00:30:250		6.51981e+06		208.747		151.121		0		1.01884		285.454			00:00:30:250		1.30582e+07		-3.1258		0		0		5.82074e+06		596.821		
00:00:30:149		6.5199e+06		208.747		150.712		0		1.01128		285.481			00:00:30:149		1.30629e+07		-3.11808		0		0		5.82839e+06		597.6		
00:00:30:050		6.51999e+06		208.747		150.712		0		1.01128		285.509			00:00:30:050		1.30677e+07		-3.11031		0		0		5.83607e+06		598.382		
00:00:29:949		6.52009e+06		207.923		150.295		0		1.0037		285.537			00:00:29:949		1.30725e+07		-3.1025		0		0		5.84378e+06		599.168		
00:00:29:850		6.52018e+06		207.923		150.295		0		1.0037		285.565			00:00:29:850		1.30773e+07		-3.09464		0		0		5.85152e+06		599.962		
00:00:29:750		6.52027e+06		207.095		150.295		0		1.0037		285.593			00:00:29:750		1.30821e+07		-3.08672		0		0		5.85929e+06		600.767		
00:00:29:550		6.52045e+06		207.095		149.871		0		0.996094		285.65			00:00:29:550		1.30919e+07		-3.07073		0		0		5.87487e+06		602.386		
00:00:29:399		6.52059e+06		206.265		149.439		0		0.988462		285.692			00:00:29:399		1.30994e+07		-3.0586		0		11.0286		5.88655e+06		603.589		
00:00:29:399		6.52059e+06		206.265		149.439		0		0.988462		285.692			00:00:29:399		1.30994e+07		-3.0586		0		11.0286		5.88655e+06		603.589		
00:00:29:300		6.52068e+06		206.265		149.439		0		0.988462		285.721			00:00:29:300		1.31044e+07		-3.05044		0		11.0286		5.89435e+06		604.386		
00:00:29:300		6.52068e+06		206.265		149.439		0		0.988462		285.721			00:00:29:300		1.31044e+07		-3.05044		0		11.0286		5.89435e+06		604.386		
00:00:29:199		6.52078e+06		205.432		149		0		0.980804		285.75			00:00:29:199		1.31095e+07		-3.04223		0		11.0286		5.90217e+06		605.182		
00:00:29:100		6.52087e+06		205.432		149		0		0.980804		285.779			00:00:29:100		1.31146e+07		-3.03396		0		11.0286		5.91002e+06		605.975		
00:00:29:000		6.52096e+06		204.595		149		0		0.980804		285.808			00:00:29:000		1.31197e+07		-3.02563		0		11.0286		5.91788e+06		606.77		
00:00:28:899		6.52105e+06		204.595		148.552		0		0.97312		285.838			00:00:28:899		1.31249e+07		-3.01725		0		11.0286		5.92579e+06		607.577		
00:00:28:800		6.52114e+06		204.595		148.552		0		0.97312		285.867			00:00:28:800		1.31301e+07		-3.00881		0		11.0286		5.93373e+06		608.385		
00:00:28:699		6.52124e+06		203.756		148.095		0		0.96541		285.897			00:00:28:699		1.31354e+07		-3.0003		0		11.0286		5.9417e+06		609.195		
00:00:28:600		6.52133e+06		203.756		148.095		0		0.96541		285.927			00:00:28:600		1.31407e+07		-2.99174		0		11.0286		5.94969e+06		610.008		
00:00:28:500		6.52142e+06		202.914		148.095		0		0.96541		285.957			00:00:28:500		1.31461e+07		-2.98312		0		11.0286		5.95771e+06		610.823		
00:00:28:300		6.5216e+06		202.914		147.63		0		0.957674		286.018			00:00:28:300		1.31569e+07		-2.96569		0		11.0286		5.97384e+06		612.465		
00:00:28:300		6.5216e+06		202.914		147.63		0		0.957674		286.018			00:00:28:300		1.31569e+07		-2.96569		0		11.0286		5.97384e+06		612.465		
00:00:28:199		6.5217e+06		202.068		147.156		0		0.949912		286.048			00:00:28:199		1.31624e+07		-2.95689		0		11.0286		5.98195e+06		613.295		
00:00:28:100		6.52179e+06		202.068		147.156		0		0.949912		286.079			00:00:28:100		1.31679e+07		-2.94802		0		10.9627		5.99008e+06		614.134		
00:00:28:000		6.52188e+06		201.22		147.156		0		0.949912		286.11			00:00:28:000		1.31735e+07		-2.93908		0		10.8966		5.99824e+06		614.981		
00:00:27:899		6.52197e+06		201.22		146.672		0		0.942122		286.141			00:00:27:899		1.31792e+07		-2.93009		0		10.8966		6.00641e+06		615.835		
00:00:27:800		6.52206e+06		201.22		146.672		0		0.942122		286.172			00:00:27:800		1.31848e+07		-2.92102		0		10.8302		6.01458e+06		616.694		
00:00:27:699		6.52216e+06		200.368		146.178		0		0.934307		286.203			00:00:27:699		1.31906e+07		-2.9119		0		10.7634		6.02275e+06		617.556		
00:00:27:500		6.52234e+06		199.514		146.178		0		0.934307		286.266			00:00:27:500		1.32022e+07		-2.89344		0		10.6291		6.03904e+06		619.254		
00:00:27:500		6.52234e+06		199.514		146.178		0		0.934307		286.266			00:00:27:500		1.32022e+07		-2.89344		0		10.6291		6.03904e+06		619.254		
00:00:27:399		6.52243e+06		199.514		145.674		0		0.926465		286.298			00:00:27:399		1.3208e+07		-2.88411		0		10.5614		6.04715e+06		620.086		
00:00:27:300		6.52253e+06		199.514		145.674		0		0.926465		286.33			00:00:27:300		1.32139e+07		-2.87471		0		10.5614		6.05528e+06		620.918		
00:00:27:149		6.52267e+06		198.656		145.159		0		0.918596		286.378			00:00:27:149		1.32229e+07		-2.86048		0		0		6.0675e+06		622.17		
00:00:27:050		6.52276e+06		198.656		145.159		0		0.918596		286.411			00:00:27:050		1.32289e+07		-2.85092		0		0		6.07566e+06		623.007		
00:00:27:000		6.52281e+06		197.794		145.159		0		0.918596		286.427			00:00:27:000		1.3232e+07		-2.84611		0		10.4252		6.07975e+06		623.426		
00:00:26:899		6.5229e+06		197.794		144.633		0		0.910701		286.46			00:00:26:899		1.32381e+07		-2.83644		0		10.3566		6.08794e+06		624.265		
00:00:26:800		6.52299e+06		197.794		144.633		0		0.910701		286.493			00:00:26:800		1.32443e+07		-2.82671		0		10.1487		6.09615e+06		625.105		
00:00:26:699		6.52308e+06		196.93		144.096		0		0.902779		286.526			00:00:26:699		1.32505e+07		-2.81691		0		10.0787		6.10437e+06		625.946		
00:00:26:550		6.52322e+06		196.93		144.096		0		0.902779		286.576			00:00:26:550		1.32599e+07		-2.80209		0		0		6.11674e+06		627.209		
00:00:26:449		6.52331e+06		196.062		143.548		0		0.89483		286.61			00:00:26:449		1.32663e+07		-2.79213		0		0		6.125e+06		628.053		
00:00:26:350		6.5234e+06		196.062		143.548		0		0.89483		286.644			00:00:26:350		1.32727e+07		-2.78211		0		0		6.13328e+06		628.899		
00:00:26:250		6.5235e+06		195.191		143.548		0		0.89483		286.678			00:00:26:250		1.32792e+07		-2.77202		0		0		6.14158e+06		629.743		
00:00:26:149		6.52359e+06		195.191		142.987		0		0.886853		286.712			00:00:26:149		1.32857e+07		-2.76187		0		0		6.1499e+06		630.59		
00:00:26:050		6.52368e+06		195.191		142.987		0		0.886853		286.747			00:00:26:050		1.32923e+07		-2.75164		0		0		6.15825e+06		631.439		
00:00:25:949		6.52377e+06		194.316		142.414		0		0.87885		286.781			00:00:25:949		1.3299e+07		-2.74135		0		0		6.16661e+06		632.287		
00:00:25:899		6.52382e+06		194.316		142.414		0		0.87885		286.799			00:00:25:899		1.33023e+07		-2.73618		0		0		6.1708e+06		632.711		
00:00:25:800		6.52391e+06		194.316		142.414		0		0.87885		286.834			00:00:25:800		1.3309e+07		-2.72579		0		0		6.1792e+06		633.555		
00:00:25:649		6.52405e+06		193.438		141.828		0		0.870819		286.886			00:00:25:649		1.33192e+07		-2.71008		0		0		6.19187e+06		634.847		
00:00:25:449		6.52414e+06		193.438		141.828		0		0.870819		286.922			00:00:25:449		1.33261e+07		-2.69952		0		12.0451		6.20036e+06		635.721		
00:00:25:449		6.52423e+06		192.556		141.228		0		0.86276		286.957			00:00:25:449		1.3333e+07		-2.68889		0		0		6.20886e+06		636.596		
00:00:25:350		6.52432e+06		192.556		141.228		0		0.86276		286.993			00:00:25:350		1.33399e+07		-2.67819		0		11.5452		6.21736e+06		637.465		
00:00:25:250		6.52442e+06		191.671		141.228		0		0.86276		287.029			00:00:25:250		1.3347e+07		-2.66743		0		0		6.22588e+06		638.335		
00:00:25:149		6.52451e+06		191.671		140.615		0		0.854673		287.065			00:00:25:149		1.3354e+07		-2.6566		0		0		6.2344e+06		639.207		
00:00:25:050		6.5246e+06		191.671		140.615		0		0.854673		287.102			00:00:25:050		1.33611e+07		-2.64571		0		10.8966		6.24294e+06		640.076		
00:00:24:949		6.52469e+06		190.782		139.988		0		0.846558		287.139			00:00:24:949		1.33683e+07		-2.63474		0		0		6.2515e+06		640.948		
00:00:24:850		6.52478e+06		190.782		139.988		0		0.846558		287.176			00:00:24:850		1.33755e+07		-2.62371		0		0		6.26008e+06		641.825		
00:00:24:750		6.52488e+06		189.89		139.988		0		0.846558		287.213			00:00:24:750		1.33827e+07		-2.61261		0		0		6.26867e+06		642.697		
00:00:24:649		6.52497e+06		189.89		139.347		0		0.838415		287.25			00:00:24:649		1.339e+07		-2.60143		0		0		6.27729e+06		643.56		
00:00:24:550		6.52506e+06		189.89		139.347		0		0.838415		287.288			00:00:24:550		1.33974e+07		-2.59019		0		0		6.28594e+06		644.409		
00:00:24:449		6.52515e+06		188.994		138.69		0		0.830242		287.326			00:00:24:449		1.34048e+07		-2.57889		0		0		6.29464e+06		645.241		
00:00:24:300		6.52529e+06		188.994		138.69		0		0.830242		287.383			00:00:24:300		1.3416e+07		-2.56181		0		0		6.30782e+06		646.459		
00:00:24:300		6.52529e+06		188.994		138.69		0		0.830242		287.383			00:00:24:300		1.3416e+07		-2.56181		0		0		6.30782e+06		646.459		
00:00:24:149		6.52543e+06		188.094		138.019		0		0.822038		287.441			00:00:24:149		1.34274e+07		-2.54459		0		0		6.3213e+06		647.706		
00:00:24:050		6.52552e+06		188.094		138.019		0		0.822038		287.48			00:00:24:050		1.34349e+07		-2.53303		0		0		6.33049e+06		648.591		
00:00:23:949		6.52561e+06		187.19		137.331		0		0.813804		287.519			00:00:23:949		1.34425e+07		-2.52142		0		0		6.3398e+06		649.482		
00:00:23:800		6.52575e+06		187.19		137.331		0		0.813804		287.579			00:00:23:800		1.34539e+07		-2.50389		0		0		6.35397e+06		650.854		
00:00:23:800		6.52575e+06		187.19		137.331		0		0.813804		287.579			00:00:23:800		1.34539e+07		-2.50389		0		0		6.35397e+06		650.854		
00:00:23:699		6.52584e+06		186.283		136.628		0		0.805537		287.619			00:00:23:699		1.34616e+07		-2.49212		0		0		6.36355e+06		651.847		
00:00:23:399		6.52612e+06		185.371		135.908		0		0.797239		287.739			00:00:23:399		1.34847e+07		-2.45645		0		0		6.39229e+06		655.06		
00:00:23:399		6.52612e+06		185.371		135.908		0		0.797239		287.739			00:00:23:399		1.34847e+07		-2.45645		0		0		6.39229e+06		655.06		
00:00:23:399		6.52612e+06		185.371		135.908		0		0.797239		287.739			00:00:23:399		1.34847e+07		-2.45645		0		0		6.39229e+06		655.06		
00:00:23:300		6.52621e+06		185.371		135.908		0		0.797239		287.78			00:00:23:300		1.34926e+07		-2.44442		0		0		6.40152e+06		655.954		
00:00:23:199		6.5263e+06		184.455		135.172		0		0.788909		287.821			00:00:23:199		1.35005e+07		-2.43231		0		0		6.41079e+06		656.844		
00:00:23:100		6.5264e+06		184.455		135.172		0		0.788909		287.863			00:00:23:100		1.35084e+07		-2.42013		0		0		6.42013e+06		657.742		
00:00:23:000		6.52661e+06		183.535		135.172		0		0.788909		287.905			00:00:23:000		1.35164e+07		-2.40787		0		0		6.42954e+06		658.64		
00:00:22:899		6.52699e+06		183.535		134.419		0		0.780547		287.948			00:00:22:899		1.35244e+07		-2.39555		0		0		6.43902e+06		659.539		
00:00:22:800		6.52753e+06		183.535		134.419		0		0.780547		287.991			00:00:22:800		1.35326e+07		-2.38316		0		0		6.44859e+06		660.444		
00:00:22:699		6.52824e+06		182.611		133.649		0		0.772151		288.034			00:00:22:699		1.35408e+07		-2.37071		0		0		6.45826e+06		661.362		
00:00:22:500		6.53014e+06		181.682		133.649		0		0.772151		288.123			00:00:22:500		1.35574e+07		-2.3456		0		0		6.47785e+06		663.223		
00:00:22:500		6.53014e+06		181.682		133.649		0		0.772151		288.123			00:00:22:500		1.35574e+07		-2.3456		0		0		6.47785e+06		663.223		
00:00:22:399		6.53134e+06		181.682		132.862		0		0.76372		288.168			00:00:22:399		1.35657e+07		-2.33296		0		0		6.48768e+06		663.918		
00:00:22:300		6.5327e+06		181.682		132.862		0		0.76372		288.213			00:00:22:300		1.35742e+07		-2.32027		0		0		6.49737e+06		663.695		
00:00:22:199		6.53422e+06		180.748		132.058		0		0.755221		288.259			00:00:22:199		1.35827e+07		-2.30753		0		0		6.50674e+06		660.363		
00:00:22:100		6.5359e+06		180.748		132.058		0		0.755221		288.305			00:00:22:100		1.35912e+07		-2.29474		0		0		6.51547e+06		647.324		
00:00:22:000		6.53776e+06		179.809		132.058		0		0.755221		288.351			00:00:22:000		1.35998e+07		-2.2819		0		0		6.5233e+06		594.4		
00:00:21:899		6.54004e+06		179.809		131.235		0		0.746617		288.398			00:00:21:899		1.36083e+07		-2.26903		0		0		6.53031e+06		549.665		
00:00:21:800		6.54233e+06		179.809		131.235		0		0.746617		288.445			00:00:21:800		1.36169e+07		-2.25612		0		0		6.53663e+06		511.705		
00:00:21:699		6.54439e+06		178.863		130.393		0		0.73795		288.493			00:00:21:699		1.36256e+07		-2.24319		0		0		6.54235e+06		479.438		
00:00:21:500		6.54786e+06		177.912		130.393		0		0.73795		288.589			00:00:21:500		1.36429e+07		-2.2172		0		0		6.55232e+06		428.637		
00:00:21:500		6.54786e+06		177.912		130.393		0		0.73795		288.589			00:00:21:500		1.36429e+07		-2.2172		0		0		6.55232e+06		428.637		
00:00:21:399		6.54935e+06		177.912		129.532		0		0.729242		288.638			00:00:21:399		1.36516e+07		-2.20417		0		0		6.55671e+06		408.764		
00:00:21:250		6.5514e+06		176.958		129.532		0		0.729242		288.713			00:00:21:250		1.36648e+07		-2.18456		0		0		6.56267e+06		384.381		
00:00:21:149		6.55269e+06		176.958		128.65		0		0.720506		288.763			00:00:21:149		1.36736e+07		-2.17148		0		0		6.56631e+06		371.117		
00:00:21:050		6.55395e+06		176.958		128.65		0		0.720506		288.813			00:00:21:050		1.36824e+07		-2.15839		0		0		6.56972e+06		359.83		
00:00:20:949		6.55521e+06		176.001		127.746		0		0.71175		288.864			00:00:20:949		1.36913e+07		-2.14529		0		0		6.57294e+06		350.223		
00:00:20:850		6.55647e+06		176.001		127.746		0		0.71175		288.916			00:00:20:850		1.37002e+07		-2.13219		0		0		6.57598e+06		342.066		
00:00:20:750		6.55772e+06		175.042		127.746		0		0.71175		288.968			00:00:20:750		1.37092e+07		-2.11908		0		0		6.57887e+06		335.152		
00:00:20:649		6.55896e+06		175.042		126.82		0		0.702977		289.02			00:00:20:649		1.37182e+07		-2.10597		0		0		6.58163e+06		329.383		
00:00:20:550		6.56016e+06		175.042		126.82		0		0.702977		289.074			00:00:20:550		1.37273e+07		-2.09287		0		0		6.58429e+06		324.551		
00:00:20:449		6.56138e+06		174.081		125.872		0		0.694191		289.127			00:00:20:449		1.37364e+07		-2.07977		0		0		6.58684e+06		320.468		
00:00:20:350		6.56263e+06		174.081		125.872		0		0.694191		289.181			00:00:20:350		1.37455e+07		-2.06668		0		0		6.5893e+06		317.038		
00:00:20:250		6.5639e+06		173.119		125.872		0		0.694191		289.236			00:00:20:250		1.37547e+07		-2.05361		0		0		6.59169e+06		314.158		
00:00:20:149		6.56518e+06		173.119		124.9		0		0.685393		289.291			00:00:20:149		1.37639e+07		-2.04055		0		0		6.594e+06		311.774		
00:00:20:050		6.56647e+06		173.119		124.9		0		0.685393		289.347			00:00:20:050		1.37732e+07		-2.02751		0		0		6.59626e+06		309.802		
00:00:19:949		6.56778e+06		172.155		123.905		0		0.676586		289.404			00:00:19:949		1.37825e+07		-2.01451		0		0		6.59847e+06		308.185		
00:00:19:850		6.56909e+06		172.155		123.905		0		0.676586		289.46			00:00:19:850		1.37919e+07		-2.00154		0		0		6.60063e+06		306.874		
00:00:19:750		6.57042e+06		171.189		123.905		0		0.676586		289.518			00:00:19:750		1.38013e+07		-1.98861		0		0		6.60275e+06		305.85		
00:00:19:649		6.57176e+06		171.189		122.886		0		0.667771		289.576			00:00:19:649		1.38108e+07		-1.9757		0		0		6.60483e+06		305.048		
00:00:19:550		6.57312e+06		171.189		122.886		0		0.667771		289.634			00:00:19:550		1.38203e+07		-1.96284		0		0		6.60689e+06		304.438		
00:00:19:449		6.57448e+06		170.223		121.842		0		0.658949		289.693			00:00:19:449		1.38299e+07		-1.95002		0		0		6.60891e+06		303.995		
00:00:19:350		6.57585e+06		170.223		121.842		0		0.658949		289.753			00:00:19:350		1.38394e+07		-1.93724		0		0		6.61091e+06		303.702		
00:00:19:250		6.57723e+06		169.254		121.842		0		0.658949		289.813			00:00:19:250		1.38491e+07		-1.92451		0		0		6.61289e+06		303.53		
00:00:19:100		6.57931e+06		169.254		120.774		0		0.650121		289.905			00:00:19:100		1.38636e+07		-1.90551		0		0		6.61581e+06		303.474		
00:00:19:100		6.57931e+06		169.254		120.774		0		0.650121		289.905			00:00:19:100		1.38636e+07		-1.90551		0		0		6.61581e+06		303.474		
00:00:19:000		6.58071e+06		168.285		120.774		0		0.650121		289.967			00:00:19:000		1.38733e+07		-1.8929		0		0		6.61773e+06		303.54		
00:00:18:899		6.58212e+06		168.285		119.68		0		0.641286		290.029			00:00:18:899		1.38832e+07		-1.88035		0		0		6.61963e+06		303.685		
00:00:18:800		6.58353e+06		168.285		119.68		0		0.641286		290.092			00:00:18:800		1.38931e+07		-1.86784		0		0		6.62152e+06		303.88		
00:00:18:699		6.58495e+06		167.314		118.563		0		0.632444		290.156			00:00:18:699		1.3903e+07		-1.85539		0		0		6.6234e+06		304.143		
00:00:18:500		6.58783e+06		166.341		118.563		0		0.632444		290.284			00:00:18:500		1.39231e+07		-1.83056		0		0		6.62713e+06		304.782		
00:00:18:399		6.58929e+06		166.341		117.427		0		0.623597		290.349			00:00:18:399		1.39332e+07		-1.81816		0		0		6.62898e+06		305.157		
00:00:18:399		6.58929e+06		166.341		117.427		0		0.623597		290.349			00:00:18:399		1.39332e+07		-1.81816		0		0		6.62898e+06		305.157		
00:00:18:300		6.59076e+06		166.341		117.427		0		0.623597		290.415			00:00:18:300		1.39435e+07		-1.80574		0		0		6.63084e+06		305.592		
00:00:18:199		6.59223e+06		165.368		116.273		0		0.614744		290.48			00:00:18:199		1.39538e+07		-1.7933		0		0		6.63271e+06		306.139		
00:00:18:100		6.5937e+06		165.368		116.273		0		0.614744		290.547			00:00:18:100		1.39643e+07		-1.78083		0		0		6.6346e+06		306.881		
00:00:18:000		6.59511e+06		164.393		116.273		0		0.614744		290.614			00:00:18:000		1.39749e+07		-1.7683		0		0		6.63654e+06		308.831		
00:00:17:899		6.59642e+06		164.393		115.1		0		0.605886		290.682			00:00:17:899		1.39857e+07		-1.75571		0		0		6.63852e+06		311.038		
00:00:17:800		6.59778e+06		164.393		115.1		0		0.605886		290.749			00:00:17:800		1.39967e+07		-1.74305		0		0		6.64055e+06		313.275		
00:00:17:699		6.59917e+06		163.416		113.908		0		0.597023		290.818			00:00:17:699		1.40079e+07		-1.73029		0		0		6.64264e+06		315.572		
00:00:17:500		6.60204e+06		162.438		113.908		0		0.597023		290.957			00:00:17:500		1.40311e+07		-1.70452		0		0		6.64701e+06		320.412		
00:00:17:500		6.60204e+06		162.438		113.908		0		0.597023		290.957			00:00:17:500		1.40311e+07		-1.70452		0		0		6.64701e+06		320.412		
00:00:17:399		6.60348e+06		162.438		112.698		0		0.588155		291.028			00:00:17:399		1.40432e+07		-1.69151		0		0		6.64917e+06		322.348		
00:00:17:300		6.60491e+06		162.438		112.698		0		0.588155		291.099			00:00:17:300		1.40556e+07		-1.67844		0		0		6.65107e+06		323.618		
00:00:17:199		6.6064e+06		161.459		111.47		0		0.579282		291.171			00:00:17:199		1.4068e+07		-1.66527		0		0		6.65294e+06		325.141		
00:00:17:100		6.60797e+06		161.459		111.47		0		0.579282		291.244			00:00:17:100		1.40804e+07		-1.65199		0		0		6.65506e+06		327.146		
00:00:16:899		6.60959e+06		160.478		111.47		0		0.579282		291.317			00:00:16:899		1.40927e+07		-1.63859		0		0		6.65736e+06		329.334		
00:00:16:899		6.61125e+06		160.478		110.223		0		0.570402		291.391			00:00:16:899		1.41048e+07		-1.62504		0		0		6.65972e+06		331.564		
00:00:16:800		6.61294e+06		160.478		110.223		0		0.570402		291.466			00:00:16:800		1.41166e+07		-1.61131		0		0		6.66213e+06		333.817		
00:00:16:649		6.6155e+06		159.495		108.959		0		0.561517		291.58			00:00:16:649		1.41333e+07		-1.59042		0		0		6.66577e+06		337.064		
00:00:16:550		6.61722e+06		159.495		108.959		0		0.561517		291.657			00:00:16:550		1.41441e+07		-1.57641		0		0		6.66816e+06		339.034		
00:00:16:449		6.61896e+06		158.511		107.676		0		0.552625		291.735			00:00:16:449		1.41548e+07		-1.56227		0		0		6.67052e+06		340.93		
00:00:16:399		6.61983e+06		158.511		107.676		0		0.552625		291.775			00:00:16:399		1.416e+07		-1.55518		0		0		6.6717e+06		341.896		
00:00:16:300		6.62152e+06		158.511		107.676		0		0.552625		291.854			00:00:16:300		1.41704e+07		-1.54097		0		0		6.67406e+06		343.966		
00:00:16:199		6.62314e+06		157.525		106.376		0		0.543728		291.934			00:00:16:199		1.41808e+07		-1.5267		0		0		6.67643e+06		346.342		
00:00:16:100		6.62473e+06		157.525		106.376		0		0.543728		292.015			00:00:16:100		1.41911e+07		-1.51239		0		0		6.67882e+06		348.733		
00:00:16:000		6.62643e+06		156.537		106.376		0		0.543728		292.097			00:00:16:000		1.42014e+07		-1.49801		0		0		6.68123e+06		350.721		
00:00:15:849		6.62915e+06		156.537		105.058		0		0.534825		292.222			00:00:15:849		1.42169e+07		-1.47637		0		0		6.68485e+06		353.369		
00:00:15:750		6.631e+06		155.548		105.058		0		0.534825		292.306			00:00:15:750		1.42273e+07		-1.46188		0		0		6.68728e+06		355.113		
00:00:15:650		6.63286e+06		155.548		103.72		0		0.525914		292.392			00:00:15:650		1.42376e+07		-1.44735		0		0		6.68972e+06		356.875		
00:00:15:550		6.63471e+06		155.548		103.72		0		0.525914		292.478			00:00:15:550		1.42479e+07		-1.43278		0		0		6.69216e+06		358.628		
00:00:15:449		6.63655e+06		154.557		102.363		0		0.516998		292.564			00:00:15:449		1.42582e+07		-1.41817		0		0		6.69463e+06		360.606		
00:00:15:349		6.63839e+06		154.557		102.363		0		0.516998		292.651			00:00:15:349		1.42685e+07		-1.40351		0		0		6.69717e+06		362.652		
00:00:15:300		6.63931e+06		154.557		102.363		0		0.516998		292.694			00:00:15:300		1.42736e+07		-1.39617		0		0		6.69844e+06		363.685		
00:00:15:150		6.64208e+06		153.564		100.989		0		0.508075		292.827			00:00:15:150		1.4289e+07		-1.37408		0		0		6.70228e+06		366.792		
00:00:15:050		6.64394e+06		153.564		100.989		0		0.508075		292.916			00:00:15:050		1.42992e+07		-1.3593		0		0		6.70486e+06		368.862		
00:00:14:949		6.64583e+06		152.569		99.598		0		0.499145		293.006			00:00:14:949		1.43094e+07		-1.34447		0		0		6.70745e+06		370.917		
00:00:14:849		6.64773e+06		152.569		99.598		0		0.499145		293.097			00:00:14:849		1.43196e+07		-1.32959		0		0		6.71007e+06		373.003		
00:00:14:750		6.64963e+06		151.572		99.598		0		0.499145		293.189			00:00:14:750		1.43297e+07		-1.31467		0		0		6.71271e+06		375.115		
00:00:14:650		6.65156e+06		151.572		98.1915		0		0.490209		293.282			00:00:14:650		1.43398e+07		-1.29971		0		0		6.71539e+06		377.245		
00:00:14:550		6.65351e+06		151.572		98.1915		0		0.490209		293.375			00:00:14:550		1.43499e+07		-1.2847		0		0		6.71809e+06		379.398		
00:00:14:449		6.6555e+06		150.574		96.7696		0		0.481265		293.469			00:00:14:449		1.43599e+07		-1.26963		0		0		6.72083e+06		381.542		
00:00:14:349		6.65752e+06		150.574		96.7696		0		0.481265		293.564			00:00:14:349		1.43699e+07		-1.25451		0		0		6.72361e+06		383.696		
00:00:14:250		6.65956e+06		149.574		96.7696		0		0.481265		293.659			00:00:14:250		1.43798e+07		-1.23934		0		0		6.72643e+06		385.869		
00:00:14:150		6.66162e+06		149.574		95.3331		0		0.472314		293.754			00:00:14:150		1.43897e+07		-1.22412		0		0		6.72927e+06		388.048		
00:00:14:050		6.66369e+06		149.574		95.3331		0		0.472314		293.849			00:00:14:050		1.43995e+07		-1.20885		0		0		6.73213e+06		390.235		
00:00:13:949		6.66578e+06		148.572		93.8829		0		0.463355		293.944			00:00:13:949		1.44092e+07		-1.19352		0.13324		0		6.73501e+06		392.412		
00:00:13:849		6.6679e+06		148.572		93.8829		0		0.463355		294.039			00:00:13:849		1.44188e+07		-1.17813		0.266078		0		6.73792e+06		394.599		
00:00:13:750		6.67002e+06		147.567		93.8829		0		0.463355		294.135			00:00:13:750		1.44282e+07		-1.16267		0.397723		0		6.74084e+06		396.787		
00:00:13:650		6.67216e+06		147.567		92.4199		0		0.45439		294.23			00:00:13:650		1.44374e+07		-1.14714		0.527549		0		6.74378e+06		398.954		
00:00:13:550		6.67433e+06		147.567		92.4199		0		0.45439		294.325			00:00:13:550		1.44463e+07		-1.13155		0.654757		0		6.74673e+06		401.101		
00:00:13:449		6.67652e+06		146.56		90.9449		0		0.445416		294.42			00:00:13:449		1.44548e+07		-1.11595		0.778755		0		6.7497e+06		403.202		
00:00:13:349		6.67874e+06		146.56		90.9449		0		0.445416		294.514			00:00:13:349		1.44635e+07		-1.10039		0.898962		0		6.75269e+06		405.25		
00:00:13:250		6.681e+06		145.551		90.9449		0		0.445416		294.609			00:00:13:250		1.44724e+07		-1.08488		1.01485		0		6.75568e+06		407.217		
00:00:13:150		6.68331e+06		145.551		89.459		0		0.436435		294.703			00:00:13:150		1.44817e+07		-1.06944		1.12602		0		6.75868e+06		409.017		
00:00:13:050		6.68568e+06		145.551		89.459		0		0.436435		294.797			00:00:13:050		1.44915e+07		-1.05402		1.23218		0		6.76168e+06		410.75		
00:00:12:949		6.68805e+06		144.54		87.9634		0		0.427445		294.891			00:00:12:949		1.45013e+07		-1.03843		1.33287		0		6.7647e+06		412.48		
00:00:12:800		6.69162e+06		144.54		87.9634		0		0.427445		295.033			00:00:12:800		1.45149e+07		-1.01504		1.47376		0		6.76923e+06		415.075		
00:00:12:699		6.694e+06		143.526		86.4593		0		0.418447		295.128			00:00:12:699		1.4524e+07		-0.99928		1.56079		0		6.77225e+06		416.795		
00:00:12:699		6.694e+06		143.526		86.4593		0		0.418447		295.128			00:00:12:699		1.4524e+07		-0.99928		1.56079		0		6.77225e+06		416.795		
00:00:12:500		6.69877e+06		142.509		86.4593		0		0.418447		295.319			00:00:12:500		1.45395e+07		-0.967489		1.71715		0		6.77831e+06		420.259		
00:00:12:400		6.70114e+06		142.509		84.9484		0		0.409442		295.416			00:00:12:400		1.45467e+07		-0.951709		1.78593		0		6.78135e+06		422.05		
00:00:12:400		6.70114e+06		142.509		84.9484		0		0.409442		295.416			00:00:12:400		1.45467e+07		-0.951709		1.78593		0		6.78135e+06		422.05		
00:00:12:300		6.70348e+06		142.509		84.9484		0		0.409442		295.513			00:00:12:300		1.45542e+07		-0.936078		1.85125		0		6.78438e+06		423.855		
00:00:12:199		6.70584e+06		141.49		83.4323		0		0.400427		295.611			00:00:12:199		1.45621e+07		-0.920613		1.91538		0		6.78742e+06		425.641		
00:00:12:099		6.70821e+06		141.49		83.4323		0		0.400427		295.709			00:00:12:099		1.45707e+07		-0.905339		1.97806		0		6.79046e+06		427.393		
00:00:12:000		6.71058e+06		140.468		83.4323		0		0.400427		295.808			00:00:12:000		1.458e+07		-0.890232		2.03763		0		6.79349e+06		429.117		
00:00:11:800		6.71539e+06		140.468		81.9124		0		0.391405		296.01			00:00:11:800		1.46002e+07		-0.860222		2.1695		0		6.79953e+06		432.237		
00:00:11:699		6.71786e+06		139.445		80.3898		0		0.382374		296.112			00:00:11:699		1.46103e+07		-0.845228		2.22264		3.85735		6.80253e+06		433.642		
00:00:11:699		6.71786e+06		139.445		80.3898		0		0.382374		296.112			00:00:11:699		1.46103e+07		-0.845228		2.22264		3.85735		6.80253e+06		433.642		
00:00:11:599		6.72032e+06		139.445		80.3898		0		0.382374		296.215			00:00:11:599		1.46204e+07		-0.830235		2.27673		0		6.80552e+06		435.049		
00:00:11:500		6.72277e+06		138.418		78.867		0		0.373336		296.319			00:00:11:500		1.46306e+07		-0.815244		2.32092		0		6.8085e+06		436.44		
00:00:11:400		6.7252e+06		138.418		78.867		0		0.373336		296.424			00:00:11:400		1.46407e+07		-0.800259		2.36237		0		6.81146e+06		437.816		
00:00:11:300		6.72762e+06		138.418		78.867		0		0.373336		296.531			00:00:11:300		1.46508e+07		-0.785282		2.40122		0		6.81439e+06		439.176		
00:00:11:199		6.73001e+06		137.39		77.3467		0		0.364289		296.639			00:00:11:199		1.46609e+07		-0.770319		2.43808		0		6.81731e+06		440.528		
00:00:11:099		6.73238e+06		137.39		77.3467		0		0.364289		296.748			00:00:11:099		1.4671e+07		-0.755374		2.47331		0		6.8202e+06		441.878		
00:00:10:949		6.7359e+06		136.36		75.8321		0		0.355234		296.915			00:00:10:949		1.46861e+07		-0.732995		2.52043		0		6.82449e+06		443.892		
00:00:10:849		6.7382e+06		136.36		75.8321		0		0.355234		297.029			00:00:10:849		1.46961e+07		-0.718105		2.54957		0		6.82731e+06		445.198		
00:00:10:750		6.7405e+06		135.328		75.8321		0		0.355234		297.144			00:00:10:750		1.47061e+07		-0.703239		2.57714		3.73013		6.83009e+06		446.434		
00:00:10:650		6.74278e+06		135.328		74.3266		0		0.346171		297.26			00:00:10:650		1.47161e+07		-0.688405		2.60313		3.46914		6.83282e+06		447.534		
00:00:10:550		6.74507e+06		135.328		74.3266		0		0.346171		297.375			00:00:10:550		1.47261e+07		-0.673613		2.62775		0		6.83551e+06		448.578		
00:00:10:449		6.74732e+06		134.294		72.834		0		0.337101		297.491			00:00:10:449		1.4736e+07		-0.658855		2.65108		0		6.83817e+06		449.647		
00:00:10:349		6.74954e+06		134.294		72.834		0		0.337101		297.609			00:00:10:349		1.4746e+07		-0.644137		2.6731		0		6.84081e+06		450.777		
00:00:10:250		6.75175e+06		133.258		72.834		0		0.337101		297.729			00:00:10:250		1.47559e+07		-0.629461		2.69389		0		6.84347e+06		452.043		
00:00:10:150		6.75395e+06		133.258		71.3583		0		0.328023		297.85			00:00:10:150		1.47657e+07		-0.614831		2.71345		0		6.84619e+06		453.377		
00:00:10:050		6.75616e+06		133.258		71.3583		0		0.328023		297.972			00:00:10:050		1.47756e+07		-0.60025		2.7324		0		6.84892e+06		454.701		
00:00:09:949		6.75836e+06		132.221		69.9037		0		0.318938		298.096			00:00:09:949		1.47855e+07		-0.58573		2.75062		0		6.85163e+06		456.004		
00:00:09:849		6.76054e+06		132.221		69.9037		0		0.318938		298.221			00:00:09:849		1.47953e+07		-0.571267		2.76723		0		6.85433e+06		457.316		
00:00:09:750		6.76268e+06		131.182		69.9037		0		0.318938		298.348			00:00:09:750		1.48051e+07		-0.556867		2.78289		0		6.857e+06		458.63		
00:00:09:650		6.76479e+06		131.182		68.4746		0		0.309846		298.477			00:00:09:650		1.48149e+07		-0.542531		2.79755		0		6.85963e+06		459.945		
00:00:09:550		6.76687e+06		131.182		68.4746		0		0.309846		298.607			00:00:09:550		1.48246e+07		-0.52826		2.81128		0		6.86224e+06		461.268		
00:00:09:449		6.7689e+06		130.142		67.075		0		0.300747		298.739			00:00:09:449		1.48343e+07		-0.514069		2.82419		0		6.86481e+06		462.593		
00:00:09:349		6.7709e+06		130.142		67.075		0		0.300747		298.873			00:00:09:349		1.48441e+07		-0.499955		2.83654		0		6.86734e+06		463.916		
00:00:09:250		6.77286e+06		129.101		67.075		0		0.300747		299.008			00:00:09:250		1.48538e+07		-0.485925		2.8485		0		6.86984e+06		465.244		
00:00:09:150		6.77478e+06		129.101		65.7089		0		0.291641		299.145			00:00:09:150		1.48634e+07		-0.47198		2.85952		0		6.8723e+06		466.556		
00:00:09:050		6.77666e+06		129.101		65.7089		0		0.291641		299.283			00:00:09:050		1.48731e+07		-0.45812		2.86986		0		6.87472e+06		467.867		
00:00:08:949		6.7785e+06		128.059		64.379		0		0.28253		299.423			00:00:08:949		1.48827e+07		-0.444357		2.88019		0		6.8771e+06		469.192		
00:00:08:849		6.7803e+06		128.059		64.379		0		0.28253		299.563			00:00:08:849		1.48924e+07		-0.430686		2.89015		0		6.87944e+06		470.509		
00:00:08:750		6.78206e+06		127.017		64.379		0		0.28253		299.706			00:00:08:750		1.49021e+07		-0.417114		2.89878		0		6.88175e+06		471.841		
00:00:08:550		6.78547e+06		127.017		63.0856		0		0.273412		299.997			00:00:08:550		1.49213e+07		-0.390264		2.91442		0		6.88626e+06		474.495		
00:00:08:400		6.78796e+06		125.974		61.8231		0		0.264289		300.22			00:00:08:400		1.49358e+07		-0.370409		2.92316		0		6.88957e+06		476.455		
00:00:08:400		6.78796e+06		125.974		61.8231		0		0.264289		300.22			00:00:08:400		1.49358e+07		-0.370409		2.92316		0		6.88957e+06		476.455		
00:00:08:400		6.78796e+06		125.974		61.8231		0		0.264289		300.22			00:00:08:400		1.49358e+07		-0.370409		2.92316		0		6.88957e+06		476.455		
00:00:08:300		6.7896e+06		125.974		61.8231		0		0.264289		300.371			00:00:08:300		1.49454e+07		-0.357309		2.9289		0		6.89174e+06		477.73		
00:00:08:099		6.79296e+06		124.932		60.5734		0		0.255161		300.678			00:00:08:099		1.49646e+07		-0.331494		2.94019		0		6.89608e+06		480.081		
00:00:08:099		6.79296e+06		124.932		60.5734		0		0.255161		300.678			00:00:08:099		1.49646e+07		-0.331494		2.94019		0		6.89608e+06		480.081		
00:00:08:000		6.79477e+06		123.891		60.5734		0		0.255161		300.831			00:00:08:000		1.49742e+07		-0.31876		2.94546		0		6.89825e+06		480.821		
00:00:07:900		6.7967e+06		123.891		59.3372		0		0.246026		300.987			00:00:07:900		1.49838e+07		-0.306126		2.94975		0		6.90038e+06		481.345		
00:00:07:799		6.79859e+06		123.891		59.3372		0		0.246026		301.145			00:00:07:799		1.49935e+07		-0.293602		2.95351		0		6.90246e+06		481.813		
00:00:07:700		6.80044e+06		122.851		58.115		0		0.236885		301.304			00:00:07:700		1.50032e+07		-0.281193		2.95702		0		6.90446e+06		482.194		
00:00:07:599		6.80225e+06		122.851		58.115		0		0.236885		301.466			00:00:07:599		1.5013e+07		-0.268923		2.95963		0		6.90639e+06		482.491		
00:00:07:450		6.80488e+06		121.813		56.9077		0		0.227739		301.713			00:00:07:450		1.50278e+07		-0.250731		2.96254		0		6.90913e+06		482.8		
00:00:07:349		6.80655e+06		121.813		56.9077		0		0.227739		301.88			00:00:07:349		1.50377e+07		-0.238739		2.96427		0		6.91085e+06		482.974		
00:00:07:200		6.80891e+06		120.778		55.7161		0		0.218588		302.135			00:00:07:200		1.50528e+07		-0.220939		2.96607		0		6.91329e+06		483.245		
00:00:07:200		6.80891e+06		120.778		55.7161		0		0.218588		302.135			00:00:07:200		1.50528e+07		-0.220939		2.96607		0		6.91329e+06		483.245		
00:00:07:000		6.81174e+06		119.747		55.7161		0		0.218588		302.482			00:00:07:000		1.5073e+07		-0.1975		2.96456		0		6.91628e+06		483.687		
00:00:07:000		6.81174e+06		119.747		55.7161		0		0.218588		302.482			00:00:07:000		1.5073e+07		-0.1975		2.96456		0		6.91628e+06		483.687		
00:00:06:900		6.81302e+06		119.747		54.5409		0		0.209433		302.657			00:00:06:900		1.50832e+07		-0.185857		2.96346		0		6.91765e+06		483.929		
00:00:06:799		6.81421e+06		119.747		54.5409		0		0.209433		302.835			00:00:06:799		1.50928e+07		-0.174167		2.96117		0		6.91893e+06		484.152		
00:00:06:700		6.8153e+06		118.721		53.383		0		0.200275		303.015			00:00:06:700		1.51014e+07		-0.162526		2.9586		0		6.92011e+06		484.353		
00:00:06:500		6.81724e+06		117.7		53.383		0		0.200275		303.382			00:00:06:500		1.51186e+07		-0.139719		2.95339		0		6.92219e+06		484.738		
00:00:06:400		6.81806e+06		117.7		52.2433		0		0.191114		303.566			00:00:06:400		1.51274e+07		-0.128519		2.94928		0		6.9231e+06		484.943		
00:00:06:400		6.81806e+06		117.7		52.2433		0		0.191114		303.566			00:00:06:400		1.51274e+07		-0.128519		2.94928		0		6.9231e+06		484.943		
00:00:06:299		6.8188e+06		117.7		52.2433		0		0.191114		303.751			00:00:06:299		1.51363e+07		-0.117441		2.94439		0		6.92392e+06		485.145		
00:00:06:200		6.81944e+06		116.685		51.1227		0		0.181952		303.939			00:00:06:200		1.5145e+07		-0.106498		2.93936		0		6.92465e+06		485.348		
00:00:06:099		6.81999e+06		116.685		51.1227		0		0.181952		304.128			00:00:06:099		1.51538e+07		-0.0956974		2.93403		0		6.92529e+06		485.554		
00:00:06:000		6.82044e+06		115.679		51.1227		0		0.181952		304.32			00:00:06:000		1.51627e+07		-0.0850477		2.92846		0		6.92584e+06		485.766		
00:00:05:900		6.82082e+06		115.679		50.0223		0		0.172789		304.514			00:00:05:900		1.51718e+07		-0.0745654		2.92147		0		6.9263e+06		485.953		
00:00:05:799		6.82112e+06		115.679		50.0223		0		0.172789		304.71			00:00:05:799		1.51809e+07		-0.0642443		2.91343		0		6.92667e+06		486.13		
00:00:05:700		6.82133e+06		114.682		48.9433		0		0.163626		304.908			00:00:05:700		1.51901e+07		-0.0540433		2.90425		0		6.92697e+06		486.305		
00:00:05:500		6.82153e+06		113.696		48.9433		0		0.163626		305.306			00:00:05:500		1.52084e+07		-0.0339952		2.88759		0		6.92732e+06		486.623		
00:00:05:349		6.82148e+06		113.696		47.887		0		0.154463		305.608			00:00:05:349		1.52221e+07		-0.0192866		2.87301		0		6.92738e+06		486.835		
00:00:05:349		6.82148e+06		113.696		47.887		0		0.154463		305.608			00:00:05:349		1.52221e+07		-0.0192866		2.87301		0		6.92738e+06		486.835		
00:00:05:250		6.82136e+06		112.722		47.887		0		0.154463		305.81			00:00:05:250		1.52312e+07		-0.00964928		2.86061		0		6.92732e+06		486.961		
00:00:05:150		6.82117e+06		112.722		46.8549		0		0.145302		306.012			00:00:05:150		1.52403e+07		-0.000151157		2.84838		3.46914		6.92719e+06		487.065		
00:00:05:049		6.8209e+06		112.722		46.8549		0		0.145302		306.214			00:00:05:049		1.52493e+07		0.00920391		2.83826		15.5384		6.92697e+06		487.135		
00:00:04:950		6.82055e+06		111.763		45.8489		0		0.136142		306.417			00:00:04:950		1.52583e+07		0.0184088		2.8288		27.2871		6.92665e+06		487.165		
00:00:04:849		6.82013e+06		111.763		45.8489		0		0.136142		306.621			00:00:04:849		1.52673e+07		0.0274434		2.81544		37.6773		6.92625e+06		487.15		
00:00:04:750		6.81963e+06		110.819		45.8489		0		0.136142		306.825			00:00:04:750		1.52762e+07		0.0362773		2.79659		47.2895		6.92573e+06		487.043		
00:00:04:650		6.81907e+06		110.819		44.8726		0		0.126985		307.03			00:00:04:650		1.5285e+07		0.044898		2.77853		56.2353		6.9251e+06		486.805		
00:00:04:500		6.81811e+06		109.893		44.8726		0		0.126985		307.335			00:00:04:500		1.52981e+07		0.0574746		2.76693		68.7377		6.92388e+06		486.024		
00:00:04:500		6.81811e+06		109.893		44.8726		0		0.126985		307.335			00:00:04:500		1.52981e+07		0.0574746		2.76693		68.7377		6.92388e+06		486.024		
00:00:04:349		6.81714e+06		109.893		43.9314		0		0.11783		307.638			00:00:04:349		1.53114e+07		0.0696793		2.75329		80.7418		6.92225e+06		484.224		
00:00:04:250		6.81666e+06		108.987		43.9314		0		0.11783		307.836			00:00:04:250		1.53204e+07		0.0775752		2.72307		88.3286		6.92087e+06		481.83		
00:00:04:150		6.81661e+06		108.987		43.0361		0		0.108676		308.03			00:00:04:150		1.53296e+07		0.0851946		2.69087		95.1788		6.91918e+06		477.564		
00:00:04:049		6.81749e+06		108.987		43.0361		0		0.108676		308.22			00:00:04:049		1.53386e+07		0.0924349		2.68116		102.789		6.91711e+06		469.152		
00:00:03:950		6.81948e+06		108.104		42.1894		0		0.0995178		308.404			00:00:03:950		1.5347e+07		0.0992246		2.70095		110.09		6.91465e+06		458.796		
00:00:03:850		6.82099e+06		108.104		42.1894		0		0.0995178		308.579			00:00:03:850		1.53544e+07		0.105618		2.7037		117.267		6.9118e+06		448.456		
00:00:03:750		6.82204e+06		107.246		42.1894		0		0.0995178		308.747			00:00:03:750		1.53611e+07		0.111716		2.64355		124.12		6.90861e+06		438.207		
00:00:03:649		6.82265e+06		107.246		41.3927		0		0.0903608		308.907			00:00:03:649		1.53682e+07		0.117666		2.56687		131.032		6.90511e+06		428.116		
00:00:03:549		6.82286e+06		107.246		41.3927		0		0.0903608		309.057			00:00:03:549		1.53762e+07		0.12361		2.55988		138.513		6.90139e+06		418.304		
00:00:03:450		6.82268e+06		106.416		40.6474		0		0.0812085		309.196			00:00:03:450		1.53847e+07		0.129344		2.6792		147.04		6.89753e+06		409.097		
00:00:03:350		6.82205e+06		106.416		40.6474		0		0.0812085		309.322			00:00:03:350		1.53931e+07		0.134814		2.75504		158.171		6.89366e+06		401.115		
00:00:03:250		6.82089e+06		105.618		40.6474		0		0.0812085		309.432			00:00:03:250		1.54014e+07		0.140028		2.79266		176.427		6.88997e+06		395.179		
00:00:03:149		6.81867e+06		105.618		39.9544		0		0.0720694		309.528			00:00:03:149		1.54097e+07		0.144998		2.82302		209.759		6.88682e+06		394.383		
00:00:03:049		6.81379e+06		105.618		39.9544		0		0.0720694		309.608			00:00:03:049		1.5418e+07		0.149718		2.84586		257.417		6.88462e+06		404.924		
00:00:02:950		6.80254e+06		104.854		39.3139		0		0.0630096		309.672			00:00:02:950		1.54264e+07		0.154157		2.86059		306.461		6.88385e+06		438.12		
00:00:02:850		6.77768e+06		104.854		39.3139		0		0.0630096		309.722			00:00:02:850		1.54349e+07		0.158245		2.86885		351.848		6.88493e+06		511.182		
00:00:02:750		6.73222e+06		104.13		39.3139		0		0.0630096		309.759			00:00:02:750		1.54433e+07		0.161885		2.8728		391.813		6.88776e+06		630.221		
00:00:02:649		6.69456e+06		104.13		38.7255		0		0.0540555		309.785			00:00:02:649		1.54515e+07		0.164978		2.8745		425.849		6.89162e+06		668.237		
00:00:02:549		6.67136e+06		104.13		38.7255		0		0.0540555		309.803			00:00:02:549		1.54589e+07		0.167464		2.87363		454.09		6.89622e+06		716.184		
00:00:02:450		6.65408e+06		103.448		38.1886		0		0.0451136		309.816			00:00:02:450		1.54651e+07		0.169342		2.86981		477.03		6.90123e+06		744.991		
00:00:02:299		6.65106e+06		103.448		38.1886		0		0.0451136		309.829			00:00:02:299		1.54717e+07		0.17116		2.86044		502.316		6.90882e+06		750.727		
00:00:02:200		6.65955e+06		102.812		37.7031		0		0.036147		309.835			00:00:02:200		1.54744e+07		0.17186		2.85253		512.33		6.91379e+06		745.93		
00:00:02:200		6.65955e+06		102.812		37.7031		0		0.036147		309.835			00:00:02:200		1.54744e+07		0.17186		2.85253		512.33		6.91379e+06		745.93		
00:00:02:100		6.66681e+06		102.812		37.7031		0		0.036147		309.839			00:00:02:100		1.54762e+07		0.172293		2.84531		516.038		6.91867e+06		742.983		
00:00:02:000		6.67242e+06		102.227		37.7031		0		0.036147		309.842			00:00:02:000		1.54773e+07		0.172558		2.84211		517.589		6.9234e+06		742.73		
00:00:01:899		6.67758e+06		102.227		37.2688		0		0.0271606		309.843			00:00:01:899		1.5478e+07		0.172717		2.84096		519.357		6.92787e+06		741.487		
00:00:01:800		6.68326e+06		102.227		37.2688		0		0.0271606		309.844			00:00:01:800		1.54784e+07		0.172801		2.83956		521.397		6.93252e+06		740.66		
00:00:01:699		6.6894e+06		101.695		36.8871		0		0.0181499		309.845			00:00:01:699		1.54786e+07		0.172838		2.83823		523.61		6.93796e+06		739.648		
00:00:01:600		6.69609e+06		101.695		36.8871		0		0.0181499		309.846			00:00:01:600		1.54786e+07		0.172848		2.83698		525.813		6.94339e+06		737.712		
00:00:01:399		6.71219e+06		101.229		36.5672		0		0.00910597		309.846			00:00:01:399		1.54786e+07		0.172841		2.83569		529.262		6.95369e+06		728.178		
00:00:01:399		6.71219e+06		101.229		36.5672		0		0.00910597		309.846			00:00:01:399		1.54786e+07		0.172841		2.83569		529.262		6.95369e+06		728.178		
00:00:01:300		6.72266e+06		101.229		36.5672		0		0.00910597		309.846			00:00:01:300		1.54786e+07		0.172839		2.83564		530.028		6.95809e+06		717.975		
00:00:01:199		6.73612e+06		100.751		36.3825		0		0		309.846			00:00:01:199		1.54786e+07		0.172838		2.83573		530.197		6.96162e+06		701.011		
00:00:01:100		6.75467e+06		100.751		36.3825		0		0		309.846			00:00:01:100		1.54786e+07		0.172839		2.83576		530.193		6.96396e+06		672.755		
00:00:01:000		6.78279e+06		100.069		36.3825		0		0		309.846			00:00:01:000		1.54786e+07		0.172839		2.83566		530.197		6.96487e+06		625.271		
00:00:00:900		6.83119e+06		100.069		36.3828		0		0		309.846			00:00:00:900		1.54786e+07		0.17284		2.8357		530.199		6.96487e+06		526.823		
00:00:00:800		6.83118e+06		100.069		36.3828		0		0		309.846			00:00:00:800		1.54786e+07		0.172839		2.8357		530.203		6.96486e+06		526.823		
00:00:00:500		6.83118e+06		100.069		36.3831		0		0		309.846			00:00:00:500		1.54786e+07		0.17284		2.8357		530.204		6.96486e+06		526.824		
00:00:00:500		6.83117e+06		100.069		36.3831		0		0		309.846			00:00:00:500		1.54786e+07		0.172839		2.83573		530.21		6.96485e+06		526.825		
00:00:00:400		6.83117e+06		100.069		36.3834		0		0		309.846			00:00:00:400		1.54786e+07		0.17284		2.83568		530.214		6.96485e+06		526.825		
00:00:00:400		6.83117e+06		100.069		36.3834		0		0		309.846			00:00:00:400		1.54786e+07		0.17284		2.83568		530.214		6.96485e+06		526.825		
00:00:00:299		6.83116e+06		100.069		36.3834		0		0		309.846			00:00:00:299		1.54786e+07		0.17284		2.83568		530.216		6.96485e+06		526.826		
00:00:00:200		6.83116e+06		100.069		36.3837		0		0		309.846			00:00:00:200		1.54785e+07		0.17284		2.83572		530.219		6.96484e+06		526.82		
00:00:00:100		6.83115e+06		100.069		36.3837		0		0		309.846			00:00:00:100		1.54785e+07		0.17284		2.83572		530.221		6.96484e+06		526.828		
00:00:00:000		6.83115e+06		100.069		36.3837		0		0		309.846			00:00:00:000		1.54785e+07		0.17284		2.83571		530.225		6.96483e+06		526.826		
00:00:00:000		6.83115e+06		100.069		36.3837		0		0		309.846			00:00:00:000		1.54785e+07		0.17284		2.83571		530.225		6.96483e+06		526.826		
00:00:00:000		6.83115e+06		100.069		36.3837		0		0		309.846			00:00:00:000		1.54785e+07		0.17284		2.83571		530.225		6.96483e+06		526.826		
00:00:00:000		6.83115e+06		100.069		36.3837		0		0		309.846			00:00:00:000		1.54785e+07		0.17284		2.83571		530.225		6.96483e+06		526.826		
00:00:00:000		6.83115e+06		100.069		36.3837		0		0		309.846			00:00:00:000		1.54785e+07		0.17284		2.83571		530.225		6.96483e+06		526.826		
00:00:00:000		6.83115e+06		100.069		36.3837		0		0		309.846			00:00:00:000		1.54785e+07		0.17284		2.83571		530.225		6.96483e+06		526.826		
