	time 		gpv001pnt10113ppntm	evf507ety101mpzoyout	chtcon(1)	chavg(1)	chlhsumpa	rcptavgn			time 		rcpppzr	rcp054rcp007mnzoyout	rcv501std0102fvol	fwfrcp001gv	rcppmssga	msfsg(1)	
00:01:04:599		6.45102e+06		251.337		130.526		0		2.45237		275.412			00:01:04:599		1.16809e+07		-5.17941		0		0		4.17812e+06		441.429		
00:01:04:500		6.45111e+06		251.144		130.526		0		2.45237		275.439			00:01:04:500		1.1685e+07		-5.17392		0		0		4.18126e+06		441.65		
00:01:04:400		6.4512e+06		251.144		130.797		0		2.4406		275.466			00:01:04:400		1.16891e+07		-5.16841		0		0		4.1848e+06		442.15		
00:01:04:299		6.4513e+06		251.144		130.797		0		2.4406		275.493			00:01:04:299		1.16932e+07		-5.16287		0		0		4.18853e+06		442.816		
00:01:04:200		6.45139e+06		250.95		131.078		0		2.42882		275.52			00:01:04:200		1.16974e+07		-5.15732		0		0		4.19189e+06		443.231		
00:01:04:099		6.45148e+06		250.95		131.078		0		2.42882		275.547			00:01:04:099		1.17015e+07		-5.15174		0		0		4.19478e+06		443.393		
00:01:04:099		6.45148e+06		250.95		131.078		0		2.42882		275.547			00:01:04:099		1.17015e+07		-5.15174		0		0		4.19478e+06		443.393		
00:01:04:000		6.45157e+06		250.757		131.368		0		2.41703		275.575			00:01:04:000		1.17057e+07		-5.14614		0		0		4.19776e+06		443.652		
00:01:03:850		6.45171e+06		250.757		131.368		0		2.41703		275.616			00:01:03:850		1.17119e+07		-5.1377		0		0		4.20259e+06		444.194		
00:01:03:750		6.4518e+06		250.563		131.368		0		2.41703		275.644			00:01:03:750		1.17161e+07		-5.13205		0		0		4.20586e+06		444.608		
00:01:03:600		6.45194e+06		250.563		131.668		0		2.40522		275.685			00:01:03:600		1.17225e+07		-5.12353		0		0		4.21061e+06		445.137		
00:01:03:500		6.45203e+06		250.371		131.668		0		2.40522		275.713			00:01:03:500		1.17267e+07		-5.11783		0		0		4.21366e+06		445.446		
00:01:03:399		6.45212e+06		250.371		131.978		0		2.39341		275.742			00:01:03:399		1.1731e+07		-5.11211		0		0		4.21673e+06		445.766		
00:01:03:299		6.45222e+06		250.371		131.978		0		2.39341		275.77			00:01:03:299		1.17352e+07		-5.10636		0		0		4.21983e+06		446.106		
00:01:03:299		6.45222e+06		250.371		131.978		0		2.39341		275.77			00:01:03:299		1.17352e+07		-5.10636		0		0		4.21983e+06		446.106		
00:01:03:149		6.45235e+06		250.178		132.299		0		2.38159		275.812			00:01:03:149		1.17417e+07		-5.09772		0		0		4.22449e+06		446.649		
00:01:03:049		6.45244e+06		250.178		132.299		0		2.38159		275.841			00:01:03:049		1.1746e+07		-5.09193		0		0		4.22755e+06		446.996		
00:01:02:950		6.45254e+06		249.986		132.629		0		2.36975		275.87			00:01:02:950		1.17503e+07		-5.08613		0		0		4.23055e+06		447.318		
00:01:02:850		6.45263e+06		249.986		132.629		0		2.36975		275.899			00:01:02:850		1.17547e+07		-5.08031		0		0		4.23352e+06		447.625		
00:01:02:750		6.45272e+06		249.795		132.629		0		2.36975		275.928			00:01:02:750		1.1759e+07		-5.07447		0		0		4.2365e+06		447.94		
00:01:02:649		6.45281e+06		249.795		132.971		0		2.35791		275.958			00:01:02:649		1.17634e+07		-5.06862		0		0		4.23949e+06		448.273		
00:01:02:549		6.45290e+06		249.795		132.971		0		2.35791		275.987			00:01:02:549		1.17677e+07		-5.06275		0		0		4.24249e+06		448.615		
00:01:02:450		6.453e+06		249.603		133.323		0		2.34605		276.017			00:01:02:450		1.17721e+07		-5.05686		0		0		4.24545e+06		448.946		
00:01:02:250		6.45318e+06		249.414		133.323		0		2.34605		276.078			00:01:02:250		1.1781e+07		-5.04503		0		0		4.25127e+06		449.553		
00:01:02:250		6.45318e+06		249.414		133.323		0		2.34605		276.078			00:01:02:250		1.1781e+07		-5.04503		0		0		4.25127e+06		449.553		
00:01:02:149		6.45327e+06		249.414		133.687		0		2.33419		276.108			00:01:02:149		1.17854e+07		-5.03909		0		0		4.25417e+06		449.855		
00:01:02:049		6.45336e+06		249.414		133.687		0		2.33419		276.139			00:01:02:049		1.17898e+07		-5.03314		0		0		4.25709e+06		450.174		
00:01:01:950		6.45346e+06		249.224		134.062		0		2.32231		276.17			00:01:01:950		1.17943e+07		-5.02717		0		0		4.26002e+06		450.501		
00:01:01:850		6.45355e+06		249.224		134.062		0		2.32231		276.201			00:01:01:850		1.17987e+07		-5.02119		0		0		4.26294e+06		450.82		
00:01:01:750		6.45364e+06		249.035		134.062		0		2.32231		276.232			00:01:01:750		1.18032e+07		-5.0152		0		0		4.26581e+06		451.121		
00:01:01:649		6.45373e+06		249.035		134.448		0		2.31042		276.263			00:01:01:649		1.18076e+07		-5.0092		0		0		4.26868e+06		451.412		
00:01:01:549		6.45382e+06		249.035		134.448		0		2.31042		276.294			00:01:01:549		1.18121e+07		-5.00319		0		0		4.27156e+06		451.708		
00:01:01:450		6.45392e+06		248.845		134.846		0		2.29853		276.326			00:01:01:450		1.18165e+07		-4.99717		0		0		4.27446e+06		452.02		
00:01:01:250		6.4541e+06		248.657		134.846		0		2.29853		276.388			00:01:01:250		1.18254e+07		-4.98511		0		0		4.28027e+06		452.654		
00:01:01:250		6.4541e+06		248.657		134.846		0		2.29853		276.388			00:01:01:250		1.18254e+07		-4.98511		0		0		4.28027e+06		452.654		
00:01:01:149		6.45419e+06		248.657		135.255		0		2.28662		276.42			00:01:01:149		1.18299e+07		-4.97906		0		0		4.28315e+06		452.953		
00:01:01:049		6.45428e+06		248.657		135.255		0		2.28662		276.452			00:01:01:049		1.18343e+07		-4.97302		0		0		4.28602e+06		453.243		
00:01:00:950		6.45438e+06		248.468		135.676		0		2.2747		276.483			00:01:00:950		1.18388e+07		-4.96698		0		0		4.2889e+06		453.54		
00:01:00:850		6.45447e+06		248.468		135.676		0		2.2747		276.515			00:01:00:850		1.18432e+07		-4.96094		0		0		4.29181e+06		453.848		
00:01:00:750		6.45456e+06		248.28		135.676		0		2.2747		276.547			00:01:00:750		1.18477e+07		-4.9549		0		0		4.29473e+06		454.164		
00:01:00:649		6.45465e+06		248.28		136.11		0		2.26277		276.578			00:01:00:649		1.18521e+07		-4.94887		0		0		4.29764e+06		454.476		
00:01:00:549		6.45474e+06		248.28		136.11		0		2.26277		276.61			00:01:00:549		1.18566e+07		-4.94285		0		0		4.30054e+06		454.777		
00:01:00:450		6.45488e+06		248.092		136.556		0		2.25083		276.658			00:01:00:450		1.18632e+07		-4.93383		0		0		4.30488e+06		455.22		
00:01:00:200		6.45507e+06		247.908		137.012		0		2.23889		276.722			00:01:00:200		1.18721e+07		-4.92185		0		0		4.31074e+06		455.842		
00:01:00:200		6.45507e+06		247.908		137.012		0		2.23889		276.722			00:01:00:200		1.18721e+07		-4.92185		0		0		4.31074e+06		455.842		
00:01:00:149		6.45511e+06		247.908		137.012		0		2.23889		276.738			00:01:00:149		1.18743e+07		-4.91886		0		0		4.31221e+06		456.001		
00:01:00:049		6.45520e+06		247.908		137.012		0		2.23889		276.77			00:01:00:049		1.18787e+07		-4.91288		0		0		4.31514e+06		456.314		
00:01:00:000		6.45525e+06		247.724		137.012		0		2.23889		276.786			00:01:00:000		1.1881e+07		-4.90989		0		0		4.3166e+06		456.466		
00:00:59:899		6.45534e+06		247.724		137.479		0		2.22693		276.819			00:00:59:899		1.18854e+07		-4.90392		0		0		4.31951e+06		456.765		
00:00:59:750		6.45548e+06		247.542		137.479		0		2.22693		276.867			00:00:59:750		1.1892e+07		-4.89497		0		0		4.3239e+06		457.216		
00:00:59:649		6.45557e+06		247.542		137.959		0		2.21496		276.899			00:00:59:649		1.18964e+07		-4.88899		0		0		4.32685e+06		457.529		
00:00:59:549		6.45566e+06		247.542		137.959		0		2.21496		276.932			00:00:59:549		1.19008e+07		-4.88302		0		0		4.32981e+06		457.845		
00:00:59:450		6.45576e+06		247.364		138.446		0		2.20298		276.964			00:00:59:450		1.19052e+07		-4.87704		0		0		4.33276e+06		458.156		
00:00:59:250		6.45594e+06		247.181		138.446		0		2.20298		277.029			00:00:59:250		1.1914e+07		-4.86509		0		0		4.33866e+06		458.761		
00:00:59:250		6.45594e+06		247.181		138.446		0		2.20298		277.029			00:00:59:250		1.1914e+07		-4.86509		0		0		4.33866e+06		458.761		
00:00:59:149		6.45603e+06		247.181		138.943		0		2.19099		277.062			00:00:59:149		1.19184e+07		-4.85912		0		0		4.34162e+06		459.067		
00:00:59:100		6.45608e+06		247.181		138.943		0		2.19099		277.078			00:00:59:100		1.19206e+07		-4.85613		0		0		4.34311e+06		459.224		
00:00:58:950		6.45622e+06		246.994		139.448		0		2.17899		277.128			00:00:58:950		1.19272e+07		-4.84716		0		0		4.3476e+06		459.702		
00:00:58:899		6.45626e+06		246.994		139.448		0		2.17899		277.144			00:00:58:899		1.19294e+07		-4.84417		0		0		4.34909e+06		459.86		
00:00:58:750		6.4564e+06		246.797		139.448		0		2.17899		277.193			00:00:58:750		1.1936e+07		-4.83521		0		0		4.35357e+06		460.325		
00:00:58:700		6.45645e+06		246.797		139.964		0		2.16697		277.21			00:00:58:700		1.19381e+07		-4.83222		0		0		4.35506e+06		460.477		
00:00:58:549		6.45658e+06		246.797		139.964		0		2.16697		277.259			00:00:58:549		1.19447e+07		-4.82326		0		0		4.35955e+06		460.944		
00:00:58:450		6.45668e+06		246.583		140.491		0		2.15495		277.292			00:00:58:450		1.19491e+07		-4.81728		0		0		4.36257e+06		461.266		
00:00:58:350		6.45677e+06		246.583		140.491		0		2.15495		277.325			00:00:58:350		1.19534e+07		-4.81131		0		0		4.36559e+06		461.587		
00:00:58:250		6.45686e+06		246.338		140.491		0		2.15495		277.358			00:00:58:250		1.19578e+07		-4.80534		0		0		4.3686e+06		461.904		
00:00:58:149		6.45695e+06		246.338		141.032		0		2.14292		277.391			00:00:58:149		1.19621e+07		-4.79936		0		0		4.37161e+06		462.215		
00:00:58:049		6.45704e+06		246.338		141.032		0		2.14292		277.425			00:00:58:049		1.19665e+07		-4.79339		0		0		4.37462e+06		462.522		
00:00:57:950		6.45714e+06		246.039		141.589		0		2.13087		277.458			00:00:57:950		1.19708e+07		-4.78742		0		0		4.37764e+06		462.835		
00:00:57:850		6.45723e+06		246.039		141.589		0		2.13087		277.491			00:00:57:850		1.19751e+07		-4.78146		0		0		4.38068e+06		463.155		
00:00:57:750		6.45732e+06		246.124		141.589		0		2.13087		277.524			00:00:57:750		1.19794e+07		-4.77549		0		0		4.38373e+06		463.478		
00:00:57:649		6.45741e+06		246.124		142.149		0		2.11882		277.557			00:00:57:649		1.19838e+07		-4.76953		0		0		4.38678e+06		463.795		
00:00:57:549		6.45750e+06		246.124		142.149		0		2.11882		277.59			00:00:57:549		1.19881e+07		-4.76356		0		0		4.38983e+06		464.107		
00:00:57:450		6.4576e+06		246.211		142.711		0		2.10675		277.623			00:00:57:450		1.19924e+07		-4.7576		0		0		4.39288e+06		464.416		
00:00:57:350		6.45769e+06		246.211		142.711		0		2.10675		277.656			00:00:57:350		1.19967e+07		-4.75164		0		0		4.39595e+06		464.733		
00:00:57:250		6.45778e+06		246.3		142.711		0		2.10675		277.689			00:00:57:250		1.2001e+07		-4.74568		0		0		4.39904e+06		465.058		
00:00:57:149		6.45787e+06		246.3		143.275		0		2.09468		277.722			00:00:57:149		1.20054e+07		-4.73972		0		0		4.40215e+06		465.385		
00:00:57:149		6.45787e+06		246.3		143.275		0		2.09468		277.722			00:00:57:149		1.20054e+07		-4.73972		0		0		4.40215e+06		465.385		
00:00:56:950		6.45806e+06		246.391		143.842		0		2.08259		277.787			00:00:56:950		1.2014e+07		-4.7278		0		0		4.40835e+06		466.026		
00:00:56:850		6.45815e+06		246.391		143.842		0		2.08259		277.82			00:00:56:850		1.20183e+07		-4.72185		0		0		4.41146e+06		466.344		
00:00:56:750		6.45824e+06		246.484		143.842		0		2.08259		277.852			00:00:56:750		1.20226e+07		-4.7159		0		0		4.41459e+06		466.667		
00:00:56:750		6.45824e+06		246.484		143.842		0		2.08259		277.852			00:00:56:750		1.20226e+07		-4.7159		0		0		4.41459e+06		466.667		
00:00:56:649		6.45833e+06		246.484		144.41		0		2.0705		277.884			00:00:56:649		1.20269e+07		-4.70995		0		0		4.41773e+06		466.996		
00:00:56:500		6.45847e+06		246.58		144.41		0		2.0705		277.931			00:00:56:500		1.20333e+07		-4.70103		0		0		4.42245e+06		467.492		
00:00:56:250		6.4587e+06		246.678		144.98		0		2.05839		278.01			00:00:56:250		1.20439e+07		-4.68619		0		0		4.43034e+06		468.299		
00:00:56:250		6.4587e+06		246.678		144.98		0		2.05839		278.01			00:00:56:250		1.20439e+07		-4.68619		0		0		4.43034e+06		468.299		
00:00:56:149		6.45879e+06		246.678		145.551		0		2.04628		278.04			00:00:56:149		1.20482e+07		-4.68026		0		0		4.43352e+06		468.627		
00:00:56:049		6.45888e+06		246.678		145.551		0		2.04628		278.071			00:00:56:049		1.20525e+07		-4.67434		0		0		4.43672e+06		468.962		
00:00:55:950		6.45898e+06		246.777		146.123		0		2.03415		278.101			00:00:55:950		1.20567e+07		-4.66842		0		0		4.43992e+06		469.297		
00:00:55:850		6.45907e+06		246.777		146.123		0		2.03415		278.131			00:00:55:850		1.2061e+07		-4.66252		0		0		4.44312e+06		469.627		
00:00:55:750		6.45916e+06		246.879		146.123		0		2.03415		278.16			00:00:55:750		1.20652e+07		-4.65664		0		0		4.44633e+06		469.954		
00:00:55:649		6.45925e+06		246.879		146.696		0		2.02201		278.189			00:00:55:649		1.20694e+07		-4.65079		0		0		4.44955e+06		470.282		
00:00:55:649		6.45925e+06		246.879		146.696		0		2.02201		278.189			00:00:55:649		1.20694e+07		-4.65079		0		0		4.44955e+06		470.282		
00:00:55:500		6.45939e+06		246.981		146.696		0		2.02201		278.232			00:00:55:500		1.20757e+07		-4.64209		0		0		4.45442e+06		470.786		
00:00:55:299		6.45958e+06		246.981		147.269		0		2.00987		278.288			00:00:55:299		1.20838e+07		-4.63068		0		0		4.46095e+06		471.465		
00:00:55:299		6.45958e+06		246.981		147.269		0		2.00987		278.288			00:00:55:299		1.20838e+07		-4.63068		0		0		4.46095e+06		471.465		
00:00:55:200		6.45967e+06		247.084		147.842		0		1.99773		278.316			00:00:55:200		1.20878e+07		-4.62499		0		0		4.46422e+06		471.797		
00:00:55:100		6.45976e+06		247.084		147.842		0		1.99773		278.343			00:00:55:100		1.20917e+07		-4.61932		0		0		4.4675e+06		472.129		
00:00:55:000		6.45985e+06		247.186		147.842		0		1.99773		278.37			00:00:55:000		1.20956e+07		-4.61365		0		0		4.4708e+06		472.467		
00:00:54:899		6.45994e+06		247.186		148.416		0		1.9856		278.396			00:00:54:899		1.20996e+07		-4.60799		0		0		4.47413e+06		472.811		
00:00:54:799		6.46004e+06		247.186		148.416		0		1.9856		278.422			00:00:54:799		1.21035e+07		-4.60233		0		0		4.47746e+06		473.156		
00:00:54:700		6.46013e+06		247.289		148.989		0		1.97346		278.449			00:00:54:700		1.21074e+07		-4.59668		0		0		4.48081e+06		473.5		
00:00:54:600		6.46022e+06		247.289		148.989		0		1.97346		278.474			00:00:54:600		1.21113e+07		-4.59103		0		0		4.48416e+06		473.841		
00:00:54:500		6.46031e+06		247.392		148.989		0		1.97346		278.5			00:00:54:500		1.21152e+07		-4.58539		0		0		4.48752e+06		474.183		
00:00:54:299		6.4605e+06		247.392		149.562		0		1.96133		278.551			00:00:54:299		1.2123e+07		-4.57411		0		0		4.49431e+06		474.886		
00:00:54:299		6.4605e+06		247.392		149.562		0		1.96133		278.551			00:00:54:299		1.2123e+07		-4.57411		0		0		4.49431e+06		474.886		
00:00:54:200		6.46059e+06		247.495		150.134		0		1.94919		278.577			00:00:54:200		1.21269e+07		-4.56849		0		0		4.49773e+06		475.243		
00:00:54:100		6.46068e+06		247.495		150.134		0		1.94919		278.602			00:00:54:100		1.21307e+07		-4.56286		0		0		4.50115e+06		475.599		
00:00:54:000		6.46077e+06		247.597		150.134		0		1.94919		278.628			00:00:54:000		1.21346e+07		-4.55724		0		0		4.50458e+06		475.949		
00:00:53:899		6.46086e+06		247.597		150.705		0		1.93706		278.654			00:00:53:899		1.21384e+07		-4.55162		0		0		4.50801e+06		476.299		
00:00:53:700		6.46105e+06		247.7		151.274		0		1.92493		278.705			00:00:53:700		1.21461e+07		-4.5404		0		0		4.51493e+06		477.02		
00:00:53:700		6.46105e+06		247.7		151.274		0		1.92493		278.705			00:00:53:700		1.21461e+07		-4.5404		0		0		4.51493e+06		477.02		
00:00:53:600		6.46114e+06		247.7		151.274		0		1.92493		278.731			00:00:53:600		1.21499e+07		-4.5348		0		0		4.51841e+06		477.384		
00:00:53:500		6.46123e+06		247.801		151.274		0		1.92493		278.757			00:00:53:500		1.21537e+07		-4.5292		0		0		4.52188e+06		477.744		
00:00:53:399		6.46132e+06		247.801		151.842		0		1.91281		278.784			00:00:53:399		1.21575e+07		-4.52361		0		0		4.52536e+06		478.099		
00:00:53:299		6.46142e+06		247.801		151.842		0		1.91281		278.81			00:00:53:299		1.21613e+07		-4.51803		0		0		4.52886e+06		478.457		
00:00:53:200		6.46151e+06		247.902		152.408		0		1.90069		278.837			00:00:53:200		1.21651e+07		-4.51245		0		0		4.53237e+06		478.822		
00:00:53:100		6.46161e+06		247.902		152.408		0		1.90069		278.864			00:00:53:100		1.21688e+07		-4.50687		0		0		4.5359e+06		479.194		
00:00:53:000		6.4617e+06		248.003		152.408		0		1.90069		278.891			00:00:53:000		1.21725e+07		-4.50129		0		0		4.53943e+06		479.565		
00:00:52:899		6.46179e+06		248.003		152.971		0		1.88857		278.918			00:00:52:899		1.21763e+07		-4.49572		0		0		4.54296e+06		479.93		
00:00:52:799		6.46189e+06		248.003		152.971		0		1.88857		278.946			00:00:52:799		1.218e+07		-4.49015		0		0		4.54649e+06		480.29		
00:00:52:700		6.46198e+06		248.102		153.532		0		1.87645		278.974			00:00:52:700		1.21836e+07		-4.48459		0		0		4.55003e+06		480.654		
00:00:52:600		6.46208e+06		248.102		153.532		0		1.87645		279.001			00:00:52:600		1.21873e+07		-4.47902		0		0		4.55359e+06		481.026		
00:00:52:500		6.46217e+06		248.201		153.532		0		1.87645		279.029			00:00:52:500		1.2191e+07		-4.47346		0		0		4.55717e+06		481.401		
00:00:52:299		6.46236e+06		248.201		154.089		0		1.86434		279.086			00:00:52:299		1.21984e+07		-4.46235		0		0		4.56431e+06		482.082		
00:00:52:299		6.46236e+06		248.201		154.089		0		1.86434		279.086			00:00:52:299		1.21984e+07		-4.46235		0		0		4.56431e+06		482.082		
00:00:52:200		6.46245e+06		248.298		154.643		0		1.85224		279.114			00:00:52:200		1.2202e+07		-4.4568		0		0		4.56788e+06		482.447		
00:00:52:100		6.46255e+06		248.298		154.643		0		1.85224		279.142			00:00:52:100		1.22057e+07		-4.45126		0		0		4.57147e+06		482.814		
00:00:52:000		6.46264e+06		248.394		154.643		0		1.85224		279.171			00:00:52:000		1.22093e+07		-4.44571		0		0		4.57508e+06		483.184		
00:00:51:850		6.46278e+06		248.394		155.193		0		1.84014		279.214			00:00:51:850		1.22148e+07		-4.4374		0		0		4.58051e+06		483.748		
00:00:51:750		6.46288e+06		248.489		155.193		0		1.84014		279.242			00:00:51:750		1.22184e+07		-4.43185		0		0		4.58413e+06		484.122		
00:00:51:700		6.46292e+06		248.489		155.738		0		1.82805		279.257			00:00:51:700		1.22203e+07		-4.42908		0		0		4.58594e+06		484.306		
00:00:51:600		6.46302e+06		248.489		155.738		0		1.82805		279.285			00:00:51:600		1.22239e+07		-4.42354		0		0		4.58957e+06		484.674		
00:00:51:450		6.46316e+06		248.582		156.278		0		1.81596		279.328			00:00:51:450		1.22294e+07		-4.41523		0		0		4.59505e+06		485.241		
00:00:51:350		6.46325e+06		248.582		156.278		0		1.81596		279.356			00:00:51:350		1.2233e+07		-4.40969		0		0		4.59873e+06		485.629		
00:00:51:250		6.46335e+06		248.674		156.278		0		1.81596		279.384			00:00:51:250		1.22366e+07		-4.40414		0		0		4.60242e+06		486.014		
00:00:51:149		6.46344e+06		248.674		156.813		0		1.80388		279.413			00:00:51:149		1.22403e+07		-4.3986		0		0		4.60611e+06		486.389		
00:00:51:049		6.46353e+06		248.674		156.813		0		1.80388		279.441			00:00:51:049		1.22439e+07		-4.39305		0		0		4.60981e+06		486.759		
00:00:50:950		6.46363e+06		248.764		157.342		0		1.79181		279.47			00:00:50:950		1.22475e+07		-4.3875		0		0		4.61353e+06		487.136		
00:00:50:850		6.46372e+06		248.764		157.342		0		1.79181		279.498			00:00:50:850		1.22512e+07		-4.38195		0		0		4.61729e+06		487.523		
00:00:50:750		6.46382e+06		248.852		157.342		0		1.79181		279.527			00:00:50:750		1.22548e+07		-4.37639		0		0		4.62108e+06		487.916		
00:00:50:700		6.46386e+06		248.852		157.865		0		1.77975		279.541			00:00:50:700		1.22566e+07		-4.37361		0		0		4.62297e+06		488.112		
00:00:50:600		6.46396e+06		248.852		157.865		0		1.77975		279.569			00:00:50:600		1.22603e+07		-4.36805		0		0		4.62677e+06		488.501		
00:00:50:450		6.4641e+06		248.938		158.38		0		1.76769		279.612			00:00:50:450		1.22657e+07		-4.3597		0		0		4.6325e+06		489.079		
00:00:50:350		6.46419e+06		248.938		158.38		0		1.76769		279.641			00:00:50:350		1.22694e+07		-4.35413		0		0		4.63635e+06		489.477		
00:00:50:250		6.46429e+06		249.021		158.38		0		1.76769		279.67			00:00:50:250		1.2273e+07		-4.34857		0		0		4.64024e+06		489.891		
00:00:50:149		6.46438e+06		249.021		158.887		0		1.75565		279.698			00:00:50:149		1.22767e+07		-4.34299		0		0		4.64413e+06		490.309		
00:00:50:049		6.46447e+06		249.021		158.887		0		1.75565		279.727			00:00:50:049		1.22803e+07		-4.33742		0		0		4.64801e+06		490.715		
00:00:49:950		6.46457e+06		249.1		159.387		0		1.74361		279.756			00:00:49:950		1.2284e+07		-4.33185		0		0		4.65188e+06		491.106		
00:00:49:850		6.46466e+06		249.1		159.387		0		1.74361		279.785			00:00:49:850		1.22876e+07		-4.32627		0		0		4.65576e+06		491.498		
00:00:49:750		6.46476e+06		249.177		159.387		0		1.74361		279.814			00:00:49:750		1.22913e+07		-4.3207		0		0		4.65968e+06		491.903		
00:00:49:649		6.46485e+06		249.177		159.877		0		1.73159		279.843			00:00:49:649		1.22949e+07		-4.31512		0		0		4.66363e+06		492.324		
00:00:49:549		6.46494e+06		249.177		159.877		0		1.73159		279.872			00:00:49:549		1.22986e+07		-4.30955		0		0		4.66758e+06		492.746		
00:00:49:450		6.46504e+06		249.25		160.357		0		1.71958		279.901			00:00:49:450		1.23022e+07		-4.30398		0		0		4.67152e+06		493.155		
00:00:49:350		6.46513e+06		249.25		160.357		0		1.71958		279.93			00:00:49:350		1.23058e+07		-4.29841		0		0		4.67546e+06		493.552		
00:00:49:250		6.46522e+06		249.319		160.357		0		1.71958		279.959			00:00:49:250		1.23095e+07		-4.29284		0		0		4.67941e+06		493.949		
00:00:49:149		6.46532e+06		249.319		160.828		0		1.70758		279.988			00:00:49:149		1.23131e+07		-4.28727		0		0		4.6834e+06		494.365		
00:00:49:049		6.46541e+06		249.319		160.828		0		1.70758		280.017			00:00:49:049		1.23168e+07		-4.28171		0		0		4.68743e+06		494.799		
00:00:48:950		6.46551e+06		249.384		161.287		0		1.6956		280.046			00:00:48:950		1.23204e+07		-4.27615		0		0		4.69145e+06		495.231		
00:00:48:850		6.4656e+06		249.384		161.287		0		1.6956		280.075			00:00:48:850		1.23241e+07		-4.27058		0		0		4.69545e+06		495.639		
00:00:48:750		6.4657e+06		249.446		161.287		0		1.6956		280.105			00:00:48:750		1.23277e+07		-4.26502		0		0		4.69945e+06		496.035		
00:00:48:649		6.46579e+06		249.446		161.734		0		1.68362		280.134			00:00:48:649		1.23314e+07		-4.25946		0		0		4.70347e+06		496.438		
00:00:48:549		6.46588e+06		249.446		161.734		0		1.68362		280.163			00:00:48:549		1.2335e+07		-4.25389		0		0		4.70754e+06		496.862		
00:00:48:350		6.46607e+06		249.503		162.169		0		1.67167		280.222			00:00:48:350		1.23423e+07		-4.24273		0		0		4.71574e+06		497.735		
00:00:48:350		6.46607e+06		249.503		162.169		0		1.67167		280.222			00:00:48:350		1.23423e+07		-4.24273		0		0		4.71574e+06		497.735		
00:00:48:250		6.46616e+06		249.556		162.169		0		1.67167		280.252			00:00:48:250		1.23459e+07		-4.23714		0		0		4.71983e+06		498.149		
00:00:48:149		6.46626e+06		249.556		162.591		0		1.65973		280.281			00:00:48:149		1.23496e+07		-4.23154		0		0		4.72392e+06		498.549		
00:00:48:049		6.46635e+06		249.556		162.591		0		1.65973		280.311			00:00:48:049		1.23532e+07		-4.22592		0		0		4.72804e+06		498.961		
00:00:47:950		6.46645e+06		249.604		162.998		0		1.64781		280.34			00:00:47:950		1.23569e+07		-4.22029		0		0		4.73221e+06		499.4		
00:00:47:850		6.46655e+06		249.604		162.998		0		1.64781		280.37			00:00:47:850		1.23605e+07		-4.21464		0		0		4.73642e+06		499.854		
00:00:47:850		6.46655e+06		249.604		162.998		0		1.64781		280.37			00:00:47:850		1.23605e+07		-4.21464		0		0		4.73642e+06		499.854		
00:00:47:700		6.4667e+06		249.648		163.389		0		1.63591		280.414			00:00:47:700		1.23659e+07		-4.20614		0		0		4.74271e+06		500.507		
00:00:47:600		6.4668e+06		249.648		163.389		0		1.63591		280.444			00:00:47:600		1.23696e+07		-4.20046		0		0		4.74688e+06		500.914		
00:00:47:500		6.46689e+06		249.687		163.389		0		1.63591		280.473			00:00:47:500		1.23732e+07		-4.19477		0		0		4.75108e+06		501.324		
00:00:47:299		6.46708e+06		249.687		163.765		0		1.62403		280.532			00:00:47:299		1.23805e+07		-4.18338		0		0		4.75965e+06		502.225		
00:00:47:200		6.46717e+06		249.72		164.123		0		1.61217		280.562			00:00:47:200		1.23842e+07		-4.17768		0		0		4.76397e+06		502.687		
00:00:47:200		6.46717e+06		249.72		164.123		0		1.61217		280.562			00:00:47:200		1.23842e+07		-4.17768		0		0		4.76397e+06		502.687		
00:00:47:100		6.46727e+06		249.72		164.123		0		1.61217		280.591			00:00:47:100		1.23878e+07		-4.17199		0		0		4.76827e+06		503.124		
00:00:47:000		6.46736e+06		249.748		164.123		0		1.61217		280.621			00:00:47:000		1.23914e+07		-4.16629		0		0		4.77256e+06		503.539		
00:00:46:899		6.46746e+06		249.748		164.463		0		1.60033		280.65			00:00:46:899		1.23951e+07		-4.16059		0		0		4.77688e+06		503.963		
00:00:46:799		6.46755e+06		249.748		164.463		0		1.60033		280.68			00:00:46:799		1.23987e+07		-4.1549		0		0		4.78127e+06		504.424		
00:00:46:700		6.46764e+06		249.771		164.784		0		1.58851		280.709			00:00:46:700		1.24024e+07		-4.1492		0		0		4.78572e+06		504.917		
00:00:46:600		6.46774e+06		249.771		164.784		0		1.58851		280.738			00:00:46:600		1.2406e+07		-4.1435		0		0		4.79015e+06		505.4		
00:00:46:500		6.46783e+06		249.787		164.784		0		1.58851		280.768			00:00:46:500		1.24096e+07		-4.1378		0		0		4.79453e+06		505.844		
00:00:46:299		6.46802e+06		249.787		165.084		0		1.57673		280.826			00:00:46:299		1.24169e+07		-4.1264		0		0		4.8033e+06		506.698		
00:00:46:299		6.46802e+06		249.787		165.084		0		1.57673		280.826			00:00:46:299		1.24169e+07		-4.1264		0		0		4.8033e+06		506.698		
00:00:46:200		6.46811e+06		249.798		165.363		0		1.56496		280.855			00:00:46:200		1.24206e+07		-4.12069		0		0		4.80777e+06		507.164		
00:00:46:100		6.46821e+06		249.798		165.363		0		1.56496		280.885			00:00:46:100		1.24242e+07		-4.11499		0		0		4.81229e+06		507.666		
00:00:46:000		6.4683e+06		249.802		165.363		0		1.56496		280.914			00:00:46:000		1.24278e+07		-4.10928		0		0		4.81682e+06		508.172		
00:00:45:899		6.4684e+06		249.802		165.618		0		1.55323		280.943			00:00:45:899		1.24315e+07		-4.10358		0		0		4.82128e+06		508.609		
00:00:45:799		6.46849e+06		249.802		165.618		0		1.55323		280.972			00:00:45:799		1.24351e+07		-4.09787		0		0		4.82568e+06		508.984		
00:00:45:700		6.46858e+06		249.8		165.85		0		1.54153		281.001			00:00:45:700		1.24388e+07		-4.09217		0		0		4.8302e+06		509.437		
00:00:45:600		6.46868e+06		249.8		165.85		0		1.54153		281.03			00:00:45:600		1.24424e+07		-4.08647		0		0		4.83485e+06		509.952		
00:00:45:450		6.46882e+06		249.79		166.056		0		1.52985		281.074			00:00:45:450		1.24479e+07		-4.07792		0		0		4.84185e+06		510.75		
00:00:45:350		6.46891e+06		249.79		166.056		0		1.52985		281.103			00:00:45:350		1.24515e+07		-4.07222		0		0		4.84642e+06		511.22		
00:00:45:250		6.46901e+06		249.774		166.056		0		1.52985		281.132			00:00:45:250		1.24552e+07		-4.06652		0		0		4.85094e+06		511.645		
00:00:45:200		6.46905e+06		249.774		166.235		0		1.51822		281.147			00:00:45:200		1.2457e+07		-4.06367		0		0		4.85321e+06		511.862		
00:00:45:100		6.46919e+06		249.774		166.235		0		1.51822		281.19			00:00:45:100		1.24625e+07		-4.05512		0		0		4.86017e+06		512.602		
00:00:44:950		6.46929e+06		249.75		166.385		0		1.50661		281.22			00:00:44:950		1.24661e+07		-4.04942		0		0		4.86487e+06		513.132		
00:00:44:850		6.46938e+06		249.75		166.385		0		1.50661		281.249			00:00:44:850		1.24698e+07		-4.04372		0		0		4.86953e+06		513.632		
00:00:44:750		6.46948e+06		249.714		166.385		0		1.50661		281.278			00:00:44:750		1.24734e+07		-4.03802		0		0		4.87414e+06		514.145		
00:00:44:649		6.46957e+06		249.714		166.506		0		1.49508		281.307			00:00:44:649		1.24771e+07		-4.03232		0		0		4.87879e+06		514.722		
00:00:44:549		6.46966e+06		249.714		166.506		0		1.49508		281.336			00:00:44:549		1.24807e+07		-4.02662		0		0		4.88336e+06		515.255		
00:00:44:450		6.46976e+06		249.646		166.598		0		1.48378		281.365			00:00:44:450		1.24844e+07		-4.02092		0		0		4.88776e+06		515.679		
00:00:44:350		6.46985e+06		249.646		166.598		0		1.48378		281.394			00:00:44:350		1.24881e+07		-4.01523		0		0		4.89212e+06		516.068		
00:00:44:250		6.46995e+06		249.544		166.598		0		1.48378		281.423			00:00:44:250		1.24917e+07		-4.00953		0		0		4.89657e+06		516.487		
00:00:44:149		6.47004e+06		249.544		166.662		0		1.4727		281.452			00:00:44:149		1.24954e+07		-4.00384		0		0		4.90113e+06		516.924		
00:00:44:049		6.47013e+06		249.544		166.662		0		1.4727		281.481			00:00:44:049		1.24991e+07		-3.99814		0		0		4.90575e+06		517.37		
00:00:43:950		6.47023e+06		249.409		166.698		0		1.46185		281.51			00:00:43:950		1.25028e+07		-3.99244		0		0		4.91046e+06		517.845		
00:00:43:850		6.47032e+06		249.409		166.698		0		1.46185		281.538			00:00:43:850		1.25065e+07		-3.98674		0		0		4.91522e+06		518.352		
00:00:43:750		6.47042e+06		249.24		166.698		0		1.46185		281.567			00:00:43:750		1.25101e+07		-3.98105		0		0		4.92004e+06		518.911		
00:00:43:649		6.47051e+06		249.24		166.706		0		1.45122		281.596			00:00:43:649		1.25138e+07		-3.97535		0		0		4.92486e+06		519.499		
00:00:43:549		6.4706e+06		249.24		166.706		0		1.45122		281.625			00:00:43:549		1.25175e+07		-3.96967		0		0		4.92957e+06		520.04		
00:00:43:450		6.4707e+06		249.039		166.688		0		1.44082		281.653			00:00:43:450		1.25212e+07		-3.96398		0		0		4.93415e+06		520.543		
00:00:43:350		6.47079e+06		249.039		166.688		0		1.44082		281.682			00:00:43:350		1.25249e+07		-3.9583		0		0		4.93873e+06		521.104		
00:00:43:250		6.47089e+06		248.803		166.688		0		1.44082		281.711			00:00:43:250		1.25286e+07		-3.95263		0		0		4.94324e+06		521.618		
00:00:43:149		6.47098e+06		248.803		166.644		0		1.43065		281.739			00:00:43:149		1.25323e+07		-3.94696		0		0		4.94763e+06		522.074		
00:00:43:049		6.47107e+06		248.803		166.644		0		1.43065		281.768			00:00:43:049		1.2536e+07		-3.94129		0		0		4.95196e+06		522.503		
00:00:42:950		6.47117e+06		248.534		166.575		0		1.42072		281.796			00:00:42:950		1.25397e+07		-3.93564		0		0		4.95637e+06		523.013		
00:00:42:850		6.47126e+06		248.534		166.575		0		1.42072		281.825			00:00:42:850		1.25433e+07		-3.92998		0		0		4.96075e+06		523.452		
00:00:42:750		6.47136e+06		248.232		166.575		0		1.42072		281.853			00:00:42:750		1.2547e+07		-3.92433		0		0		4.96502e+06		523.768		
00:00:42:649		6.47145e+06		248.232		166.481		0		1.41101		281.882			00:00:42:649		1.25507e+07		-3.91868		0		0		4.96938e+06		524.126		
00:00:42:649		6.47145e+06		248.232		166.481		0		1.41101		281.882			00:00:42:649		1.25507e+07		-3.91868		0		0		4.96938e+06		524.126		
00:00:42:549		6.47159e+06		247.894		166.481		0		1.41101		281.924			00:00:42:549		1.25562e+07		-3.91021		0		0		4.9764e+06		524.96		
00:00:42:299		6.47178e+06		247.894		166.365		0		1.40153		281.981			00:00:42:299		1.25635e+07		-3.89891		0		0		4.98553e+06		525.696		
00:00:42:250		6.47183e+06		247.523		166.365		0		1.40153		281.995			00:00:42:250		1.25653e+07		-3.89608		0		0		4.98784e+06		525.88		
00:00:42:149		6.47192e+06		247.523		166.226		0		1.39229		282.023			00:00:42:149		1.2569e+07		-3.89042		0		0		4.99267e+06		526.371		
00:00:42:049		6.47201e+06		247.523		166.226		0		1.39229		282.051			00:00:42:049		1.25727e+07		-3.88476		0		0		4.99771e+06		526.986		
00:00:42:049		6.47201e+06		247.523		166.226		0		1.39229		282.051			00:00:42:049		1.25727e+07		-3.88476		0		0		4.99771e+06		526.986		
00:00:41:899		6.47216e+06		247.116		166.067		0		1.38328		282.094			00:00:41:899		1.25781e+07		-3.87625		0		0		5.00515e+06		527.787		
00:00:41:799		6.47225e+06		247.116		166.067		0		1.38328		282.122			00:00:41:799		1.25818e+07		-3.87058		0		0		5.00992e+06		528.227		
00:00:41:700		6.47234e+06		246.673		165.888		0		1.37451		282.15			00:00:41:700		1.25854e+07		-3.86491		0		0		5.01482e+06		528.738		
00:00:41:600		6.47244e+06		246.673		165.888		0		1.37451		282.178			00:00:41:600		1.25891e+07		-3.85924		0		0		5.01977e+06		529.251		
00:00:41:350		6.47267e+06		246.194		165.692		0		1.36599		282.248			00:00:41:350		1.25982e+07		-3.84509		0		0		5.03222e+06		530.539		
00:00:41:350		6.47267e+06		246.194		165.692		0		1.36599		282.248			00:00:41:350		1.25982e+07		-3.84509		0		0		5.03222e+06		530.539		
00:00:41:200		6.47281e+06		245.677		165.48		0		1.35772		282.29			00:00:41:200		1.26036e+07		-3.83664		0		0		5.03975e+06		531.317		
00:00:41:200		6.47281e+06		245.677		165.48		0		1.35772		282.29			00:00:41:200		1.26036e+07		-3.83664		0		0		5.03975e+06		531.317		
00:00:41:100		6.47291e+06		245.677		165.48		0		1.35772		282.318			00:00:41:100		1.26073e+07		-3.83103		0		0		5.04479e+06		531.837		
00:00:41:000		6.473e+06		245.119		165.48		0		1.35772		282.346			00:00:41:000		1.26109e+07		-3.82544		0		0		5.04985e+06		532.36		
00:00:40:899		6.4731e+06		245.119		165.253		0		1.34972		282.374			00:00:40:899		1.26146e+07		-3.81986		0		0		5.05493e+06		532.884		
00:00:40:799		6.47319e+06		245.119		165.253		0		1.34972		282.402			00:00:40:799		1.26182e+07		-3.81429		0		0		5.06003e+06		533.409		
00:00:40:700		6.47328e+06		244.516		165.016		0		1.34203		282.43			00:00:40:700		1.26218e+07		-3.80874		0		0		5.06515e+06		533.936		
00:00:40:500		6.47347e+06		243.834		165.016		0		1.34203		282.486			00:00:40:500		1.26291e+07		-3.79763		0		0		5.07547e+06		535.005		
00:00:40:500		6.47347e+06		243.834		165.016		0		1.34203		282.486			00:00:40:500		1.26291e+07		-3.79763		0		0		5.07547e+06		535.005		
00:00:40:299		6.47366e+06		243.834		164.773		0		1.33473		282.542			00:00:40:299		1.26364e+07		-3.78647		0		0		5.08586e+06		536.089		
00:00:40:200		6.47375e+06		243.1		164.527		0		1.32795		282.57			00:00:40:200		1.264e+07		-3.78084		0		0		5.09107e+06		536.629		
00:00:40:200		6.47375e+06		243.1		164.527		0		1.32795		282.57			00:00:40:200		1.264e+07		-3.78084		0		0		5.09107e+06		536.629		
00:00:40:100		6.47385e+06		243.1		164.527		0		1.32795		282.598			00:00:40:100		1.26436e+07		-3.77518		0		0		5.0963e+06		537.17		
00:00:40:000		6.47394e+06		242.364		164.527		0		1.32795		282.626			00:00:40:000		1.26472e+07		-3.76948		0		0		5.10155e+06		537.713		
00:00:39:899		6.47404e+06		242.364		164.28		0		1.32115		282.654			00:00:39:899		1.26509e+07		-3.76373		0		3.46914		5.10682e+06		538.257		
00:00:39:799		6.47413e+06		242.364		164.28		0		1.32115		282.682			00:00:39:799		1.26545e+07		-3.75793		0		0		5.11211e+06		538.805		
00:00:39:700		6.47422e+06		241.626		164.031		0		1.31434		282.71			00:00:39:700		1.26581e+07		-3.75209		0		0		5.11742e+06		539.355		
00:00:39:600		6.47432e+06		241.626		164.031		0		1.31434		282.738			00:00:39:600		1.26617e+07		-3.74621		0		0		5.12274e+06		539.907		
00:00:39:500		6.47441e+06		240.886		164.031		0		1.31434		282.766			00:00:39:500		1.26653e+07		-3.74031		0		0		5.12809e+06		540.46		
00:00:39:399		6.47450e+06		240.886		163.779		0		1.30751		282.794			00:00:39:399		1.26689e+07		-3.73441		0		0		5.13346e+06		541.017		
00:00:39:250		6.47465e+06		240.144		163.779		0		1.30751		282.836			00:00:39:250		1.26744e+07		-3.72561		0		0		5.14154e+06		541.855		
00:00:39:149		6.47474e+06		240.144		163.526		0		1.30066		282.864			00:00:39:149		1.2678e+07		-3.71981		0		0		5.14696e+06		542.416		
00:00:39:049		6.47483e+06		240.144		163.526		0		1.30066		282.892			00:00:39:049		1.26816e+07		-3.71409		0		0		5.15239e+06		542.979		
00:00:39:000		6.47488e+06		239.4		163.526		0		1.30066		282.906			00:00:39:000		1.26834e+07		-3.71127		0		0		5.15511e+06		543.261		
00:00:38:899		6.47498e+06		239.4		163.27		0		1.29379		282.934			00:00:38:899		1.2687e+07		-3.70571		0		0		5.16057e+06		543.823		
00:00:38:799		6.47507e+06		239.4		163.27		0		1.29379		282.962			00:00:38:799		1.26906e+07		-3.70028		0		0		5.16606e+06		544.388		
00:00:38:649		6.47521e+06		238.654		163.012		0		1.2869		283.005			00:00:38:649		1.26961e+07		-3.69233		0		0		5.17434e+06		545.249		
00:00:38:549		6.4753e+06		238.654		163.012		0		1.2869		283.033			00:00:38:549		1.26997e+07		-3.68716		0		0		5.17988e+06		545.828		
00:00:38:450		6.4754e+06		237.906		162.751		0		1.27999		283.061			00:00:38:450		1.27033e+07		-3.68207		0		0		5.18545e+06		546.408		
00:00:38:350		6.47549e+06		237.906		162.751		0		1.27999		283.089			00:00:38:350		1.2707e+07		-3.67703		0		0		5.19103e+06		546.988		
00:00:38:250		6.47559e+06		237.156		162.751		0		1.27999		283.117			00:00:38:250		1.27106e+07		-3.67201		0		0		5.19664e+06		547.572		
00:00:38:200		6.47563e+06		237.156		162.488		0		1.27307		283.131			00:00:38:200		1.27124e+07		-3.66951		0		0		5.19945e+06		547.864		
00:00:38:100		6.47573e+06		237.156		162.488		0		1.27307		283.159			00:00:38:100		1.27161e+07		-3.66449		0		0		5.20508e+06		548.452		
00:00:38:000		6.47582e+06		236.406		162.488		0		1.27307		283.187			00:00:38:000		1.27197e+07		-3.65945		0		0		5.21075e+06		549.042		
00:00:37:899		6.47592e+06		236.406		162.222		0		1.2661		283.216			00:00:37:899		1.27234e+07		-3.65436		0		0		5.21643e+06		549.636		
00:00:37:799		6.47601e+06		236.406		162.222		0		1.2661		283.244			00:00:37:799		1.2727e+07		-3.64922		0		0		5.22215e+06		550.238		
00:00:37:700		6.4761e+06		235.651		161.954		0		1.25914		283.272			00:00:37:700		1.27307e+07		-3.64403		0		0		5.2279e+06		550.848		
00:00:37:549		6.47624e+06		235.651		161.954		0		1.25914		283.314			00:00:37:549		1.27362e+07		-3.63611		0		0		5.23656e+06		551.775		
00:00:37:450		6.47634e+06		234.894		161.682		0		1.25216		283.342			00:00:37:450		1.27399e+07		-3.63076		0		0		5.24235e+06		552.394		
00:00:37:350		6.47643e+06		234.894		161.682		0		1.25216		283.371			00:00:37:350		1.27436e+07		-3.62534		0		0		5.24815e+06		553.016		
00:00:37:250		6.47653e+06		234.136		161.682		0		1.25216		283.399			00:00:37:250		1.27473e+07		-3.61985		0		0		5.25398e+06		553.644		
00:00:37:149		6.47662e+06		234.136		161.408		0		1.24516		283.427			00:00:37:149		1.2751e+07		-3.61431		0		0		5.25983e+06		554.278		
00:00:37:049		6.47671e+06		234.136		161.408		0		1.24516		283.455			00:00:37:049		1.27548e+07		-3.60872		0		0		5.26569e+06		554.919		
00:00:36:950		6.47681e+06		233.375		161.131		0		1.23814		283.483			00:00:36:950		1.27585e+07		-3.60307		0		0		5.27158e+06		555.566		
00:00:36:850		6.4769e+06		233.375		161.131		0		1.23814		283.512			00:00:36:850		1.27622e+07		-3.59738		0		0		5.27749e+06		556.222		
00:00:36:750		6.477e+06		232.611		161.131		0		1.23814		283.54			00:00:36:750		1.27659e+07		-3.59164		0		0		5.28342e+06		556.883		
00:00:36:649		6.47709e+06		232.611		160.851		0		1.2311		283.568			00:00:36:649		1.27697e+07		-3.58586		0		0		5.28937e+06		557.553		
00:00:36:549		6.47718e+06		232.611		160.851		0		1.2311		283.596			00:00:36:549		1.27734e+07		-3.58004		0		0		5.29535e+06		558.2		
00:00:36:350		6.47737e+06		231.846		160.567		0		1.22405		283.652			00:00:36:350		1.27809e+07		-3.56829		0		0		5.30735e+06		559.457		
00:00:36:250		6.47747e+06		231.078		160.567		0		1.22405		283.68			00:00:36:250		1.27846e+07		-3.56236		0		0		5.31339e+06		560.083		
00:00:36:250		6.47747e+06		231.078		160.567		0		1.22405		283.68			00:00:36:250		1.27846e+07		-3.56236		0		0		5.31339e+06		560.083		
00:00:36:250		6.47747e+06		231.078		160.567		0		1.22405		283.68			00:00:36:250		1.27846e+07		-3.56236		0		0		5.31339e+06		560.083		
00:00:36:100		6.47761e+06		231.078		160.28		0		1.21697		283.722			00:00:36:100		1.27902e+07		-3.55342		0		0		5.32248e+06		561.023		
00:00:36:000		6.4777e+06		230.308		160.28		0		1.21697		283.75			00:00:36:000		1.27939e+07		-3.54743		0		0		5.32857e+06		561.653		
00:00:35:899		6.4778e+06		230.308		159.99		0		1.20987		283.778			00:00:35:899		1.27978e+07		-3.54142		0		0		5.33468e+06		562.284		
00:00:35:799		6.47789e+06		230.308		159.99		0		1.20987		283.806			00:00:35:799		1.28015e+07		-3.53539		0		0		5.34081e+06		562.918		
00:00:35:700		6.47798e+06		229.536		159.696		0		1.20275		283.834			00:00:35:700		1.28053e+07		-3.52935		0		0		5.34697e+06		563.553		
00:00:35:600		6.47808e+06		229.536		159.696		0		1.20275		283.861			00:00:35:600		1.28091e+07		-3.52329		0		0		5.35316e+06		564.191		
00:00:35:500		6.47817e+06		228.761		159.696		0		1.20275		283.889			00:00:35:500		1.28129e+07		-3.51722		0		0		5.35937e+06		564.83		
00:00:35:399		6.47826e+06		228.761		159.398		0		1.19561		283.917			00:00:35:399		1.28167e+07		-3.51112		0		0		5.36561e+06		565.471		
00:00:35:200		6.47845e+06		227.984		159.097		0		1.18845		283.972			00:00:35:200		1.28243e+07		-3.49888		0		0		5.37817e+06		566.771		
00:00:35:200		6.47845e+06		227.984		159.097		0		1.18845		283.972			00:00:35:200		1.28243e+07		-3.49888		0		0		5.37817e+06		566.771		
00:00:35:100		6.47855e+06		227.984		159.097		0		1.18845		283.999			00:00:35:100		1.28281e+07		-3.49273		0		0		5.3845e+06		567.433		
00:00:35:000		6.47864e+06		227.204		159.097		0		1.18845		284.027			00:00:35:000		1.28319e+07		-3.48656		0		0		5.39084e+06		568.096		
00:00:34:899		6.47874e+06		227.204		158.792		0		1.18127		284.054			00:00:34:899		1.28358e+07		-3.48037		0		0		5.39719e+06		568.752		
00:00:34:799		6.47883e+06		227.204		158.792		0		1.18127		284.081			00:00:34:799		1.28396e+07		-3.47416		0		0		5.40356e+06		569.404		
00:00:34:700		6.47892e+06		226.422		158.482		0		1.17407		284.108			00:00:34:700		1.28435e+07		-3.46793		0		0		5.40995e+06		570.065		
00:00:34:600		6.47902e+06		226.422		158.482		0		1.17407		284.135			00:00:34:600		1.28473e+07		-3.46168		0		0		5.41638e+06		570.731		
00:00:34:500		6.47911e+06		225.637		158.482		0		1.17407		284.162			00:00:34:500		1.28512e+07		-3.45541		0		0		5.42283e+06		571.398		
00:00:34:299		6.4793e+06		225.637		158.169		0		1.16685		284.215			00:00:34:299		1.2859e+07		-3.44279		0		0		5.4358e+06		572.745		
00:00:34:200		6.47939e+06		224.85		157.852		0		1.1596		284.242			00:00:34:200		1.28629e+07		-3.43645		0		0		5.44232e+06		573.422		
00:00:34:100		6.47949e+06		224.85		157.852		0		1.1596		284.268			00:00:34:100		1.28668e+07		-3.43009		0		0		5.44886e+06		574.1		
00:00:34:100		6.47949e+06		224.85		157.852		0		1.1596		284.268			00:00:34:100		1.28668e+07		-3.43009		0		0		5.44886e+06		574.1		
00:00:34:000		6.47958e+06		224.06		157.852		0		1.1596		284.294			00:00:34:000		1.28707e+07		-3.42371		0		0		5.45541e+06		574.781		
00:00:33:899		6.47968e+06		224.06		157.531		0		1.15233		284.32			00:00:33:899		1.28747e+07		-3.41731		0		0		5.46199e+06		575.461		
00:00:33:799		6.47977e+06		224.06		157.531		0		1.15233		284.346			00:00:33:799		1.28786e+07		-3.41088		0		10.8966		5.46859e+06		576.144		
00:00:33:700		6.47986e+06		223.268		157.206		0		1.14504		284.372			00:00:33:700		1.28826e+07		-3.40443		0		0		5.47522e+06		576.829		
00:00:33:600		6.47996e+06		223.268		157.206		0		1.14504		284.398			00:00:33:600		1.28865e+07		-3.39794		0		0		5.48186e+06		577.517		
00:00:33:500		6.48005e+06		222.474		157.206		0		1.14504		284.424			00:00:33:500		1.28905e+07		-3.39143		0		11.3535		5.48853e+06		578.208		
00:00:33:350		6.48019e+06		222.474		156.876		0		1.13773		284.463			00:00:33:350		1.28965e+07		-3.38159		0		0		5.49859e+06		579.248		
00:00:33:250		6.48029e+06		221.677		156.876		0		1.13773		284.488			00:00:33:250		1.29005e+07		-3.37499		0		0		5.50532e+06		579.944		
00:00:33:149		6.48038e+06		221.677		156.542		0		1.1304		284.514			00:00:33:149		1.29046e+07		-3.36837		0		0		5.51207e+06		580.637		
00:00:33:049		6.48047e+06		221.677		156.542		0		1.1304		284.539			00:00:33:049		1.29086e+07		-3.36172		0		0		5.51885e+06		581.334		
00:00:32:950		6.48057e+06		220.877		156.203		0		1.12304		284.565			00:00:32:950		1.29127e+07		-3.35504		0		0		5.52567e+06		582.035		
00:00:32:850		6.48066e+06		220.877		156.203		0		1.12304		284.59			00:00:32:850		1.29168e+07		-3.34834		0		0		5.53251e+06		582.75		
00:00:32:750		6.48076e+06		220.075		156.203		0		1.12304		284.615			00:00:32:750		1.29209e+07		-3.3416		0		0		5.5394e+06		583.476		
00:00:32:649		6.48085e+06		220.075		155.86		0		1.11566		284.64			00:00:32:649		1.2925e+07		-3.33483		0		0		5.5463e+06		584.208		
00:00:32:549		6.48094e+06		220.075		155.86		0		1.11566		284.666			00:00:32:549		1.29292e+07		-3.32803		0		0		5.55322e+06		584.935		
00:00:32:450		6.48104e+06		219.27		155.512		0		1.10825		284.691			00:00:32:450		1.29333e+07		-3.3212		0		0		5.56014e+06		585.659		
00:00:32:350		6.48113e+06		219.27		155.512		0		1.10825		284.716			00:00:32:350		1.29375e+07		-3.31434		0		0		5.56708e+06		586.383		
00:00:32:250		6.48123e+06		218.462		155.512		0		1.10825		284.741			00:00:32:250		1.29417e+07		-3.30745		0		0		5.57404e+06		587.107		
00:00:32:149		6.48132e+06		218.462		155.159		0		1.10083		284.767			00:00:32:149		1.2946e+07		-3.30052		0		0		5.58103e+06		587.836		
00:00:32:049		6.48141e+06		218.462		155.159		0		1.10083		284.793			00:00:32:049		1.29502e+07		-3.29356		0		0		5.58804e+06		588.569		
00:00:31:949		6.48151e+06		217.652		154.801		0		1.09337		284.818			00:00:31:949		1.29545e+07		-3.28656		0		0		5.59509e+06		589.308		
00:00:31:850		6.4816e+06		217.652		154.801		0		1.09337		284.844			00:00:31:850		1.29588e+07		-3.27953		0		0		5.60215e+06		590.052		
00:00:31:750		6.4817e+06		216.839		154.801		0		1.09337		284.87			00:00:31:750		1.29631e+07		-3.27247		0		0		5.60923e+06		590.797		
00:00:31:649		6.48179e+06		216.839		154.437		0		1.0859		284.896			00:00:31:649		1.29675e+07		-3.26537		0		0		5.61632e+06		591.54		
00:00:31:550		6.48189e+06		216.839		154.437		0		1.0859		284.923			00:00:31:550		1.29718e+07		-3.25823		0		9.8667		5.62343e+06		592.278		
00:00:31:350		6.48208e+06		216.023		154.068		0		1.0784		284.975			00:00:31:350		1.29806e+07		-3.24384		0		10.0084		5.63772e+06		593.757		
00:00:31:250		6.48218e+06		215.205		154.068		0		1.0784		285.001			00:00:31:250		1.29851e+07		-3.23659		0		9.93773		5.64491e+06		594.501		
00:00:31:250		6.48218e+06		215.205		154.068		0		1.0784		285.001			00:00:31:250		1.29851e+07		-3.23659		0		9.93773		5.64491e+06		594.501		
00:00:31:149		6.48227e+06		215.205		153.693		0		1.07088		285.028			00:00:31:149		1.29896e+07		-3.2293		0		10.0787		5.65213e+06		595.252		
00:00:31:050		6.48227e+06		215.205		153.693		0		1.07088		285.028			00:00:31:050		1.29896e+07		-3.2293		0		10.0787		5.65213e+06		595.252		
00:00:31:050		6.48237e+06		215.205		153.693		0		1.07088		285.055			00:00:31:050		1.2994e+07		-3.22197		0		10.1487		5.65939e+06		596.015		
00:00:30:949		6.48246e+06		214.383		153.312		0		1.06333		285.081			00:00:30:949		1.29986e+07		-3.21461		0		10.1487		5.66668e+06		596.784		
00:00:30:800		6.48261e+06		214.383		153.312		0		1.06333		285.122			00:00:30:800		1.30054e+07		-3.20348		0		0		5.67764e+06		597.928		
00:00:30:699		6.4827e+06		213.559		152.925		0		1.05576		285.149			00:00:30:699		1.301e+07		-3.196		0		0		5.68496e+06		598.689		
00:00:30:500		6.4829e+06		212.733		152.925		0		1.05576		285.203			00:00:30:500		1.30193e+07		-3.18094		0		0		5.69971e+06		600.228		
00:00:30:500		6.4829e+06		212.733		152.925		0		1.05576		285.203			00:00:30:500		1.30193e+07		-3.18094		0		0		5.69971e+06		600.228		
00:00:30:300		6.48309e+06		212.733		152.532		0		1.04816		285.258			00:00:30:300		1.30287e+07		-3.16571		0		0		5.71461e+06		601.805		
00:00:30:199		6.48318e+06		211.903		152.132		0		1.04054		285.285			00:00:30:199		1.30334e+07		-3.15802		0		0		5.72208e+06		602.59		
00:00:30:199		6.48318e+06		211.903		152.132		0		1.04054		285.285			00:00:30:199		1.30334e+07		-3.15802		0		0		5.72208e+06		602.59		
00:00:30:050		6.48333e+06		211.903		152.132		0		1.04054		285.326			00:00:30:050		1.30406e+07		-3.14641		0		10.7634		5.73333e+06		603.771		
00:00:29:949		6.48342e+06		211.071		151.725		0		1.03289		285.355			00:00:29:949		1.30454e+07		-3.13861		0		10.8302		5.74087e+06		604.565		
00:00:29:850		6.48352e+06		211.071		151.725		0		1.03289		285.382			00:00:29:850		1.30502e+07		-3.13077		0		10.8302		5.74842e+06		605.361		
00:00:29:750		6.48362e+06		210.236		151.725		0		1.03289		285.41			00:00:29:750		1.3055e+07		-3.12288		0		10.8966		5.75601e+06		606.159		
00:00:29:649		6.48371e+06		210.236		151.312		0		1.02522		285.438			00:00:29:649		1.30599e+07		-3.11494		0		10.9627		5.76361e+06		606.959		
00:00:29:550		6.48381e+06		210.236		151.312		0		1.02522		285.466			00:00:29:550		1.30649e+07		-3.10696		0		11.0286		5.77124e+06		607.761		
00:00:29:449		6.4839e+06		209.398		150.891		0		1.01752		285.495			00:00:29:449		1.30698e+07		-3.09892		0		11.0286		5.77889e+06		608.566		
00:00:29:350		6.484e+06		209.398		150.891		0		1.01752		285.523			00:00:29:350		1.30748e+07		-3.09084		0		11.0941		5.78656e+06		609.373		
00:00:29:199		6.48414e+06		208.557		150.463		0		1.0098		285.566			00:00:29:199		1.30824e+07		-3.07861		0		0		5.79812e+06		610.586		
00:00:29:199		6.48414e+06		208.557		150.463		0		1.0098		285.566			00:00:29:199		1.30824e+07		-3.07861		0		0		5.79812e+06		610.586		
00:00:29:100		6.48424e+06		208.557		150.463		0		1.0098		285.594			00:00:29:100		1.30874e+07		-3.0704		0		0		5.80585e+06		611.397		
00:00:29:000		6.48434e+06		207.713		150.463		0		1.0098		285.623			00:00:29:000		1.30926e+07		-3.06213		0		0		5.81362e+06		612.21		
00:00:28:899		6.48443e+06		207.713		150.027		0		1.00205		285.652			00:00:28:899		1.30977e+07		-3.0538		0		0		5.82141e+06		613.025		
00:00:28:800		6.48453e+06		207.713		150.027		0		1.00205		285.681			00:00:28:800		1.31029e+07		-3.04542		0		0		5.82923e+06		613.844		
00:00:28:699		6.48462e+06		206.866		149.583		0		0.994269		285.71			00:00:28:699		1.31081e+07		-3.03698		0		0		5.83707e+06		614.667		
00:00:28:600		6.48472e+06		206.866		149.583		0		0.994269		285.739			00:00:28:600		1.31134e+07		-3.02848		0		0		5.84495e+06		615.494		
00:00:28:500		6.48482e+06		206.016		149.583		0		0.994269		285.769			00:00:28:500		1.31187e+07		-3.01993		0		0		5.85286e+06		616.33		
00:00:28:300		6.48501e+06		206.016		149.13		0		0.986466		285.828			00:00:28:300		1.31295e+07		-3.00264		0		0		5.86874e+06		618.027		
00:00:28:199		6.4851e+06		205.163		148.67		0		0.978636		285.858			00:00:28:199		1.31349e+07		-2.99391		0		0		5.87669e+06		618.872		
00:00:28:199		6.4851e+06		205.163		148.67		0		0.978636		285.858			00:00:28:199		1.31349e+07		-2.99391		0		0		5.87669e+06		618.872		
00:00:28:100		6.4852e+06		205.163		148.67		0		0.978636		285.887			00:00:28:100		1.31404e+07		-2.98511		0		0		5.88464e+06		619.709		
00:00:27:949		6.48534e+06		204.307		148.2		0		0.970779		285.933			00:00:27:949		1.31488e+07		-2.97181		0		11.6085		5.89659e+06		620.961		
00:00:27:850		6.48544e+06		204.307		148.2		0		0.970779		285.963			00:00:27:850		1.31544e+07		-2.96286		0		11.6085		5.90457e+06		621.794		
00:00:27:750		6.48554e+06		203.448		148.2		0		0.970779		285.994			00:00:27:750		1.316e+07		-2.95385		0		11.6085		5.91258e+06		622.625		
00:00:27:649		6.48563e+06		203.448		147.721		0		0.962896		286.024			00:00:27:649		1.31657e+07		-2.94477		0		11.6085		5.92063e+06		623.464		
00:00:27:550		6.48573e+06		203.448		147.721		0		0.962896		286.055			00:00:27:550		1.31715e+07		-2.93564		0		11.6716		5.92871e+06		624.309		
00:00:27:500		6.48578e+06		202.585		147.721		0		0.962896		286.071			00:00:27:500		1.31743e+07		-2.93104		0		0		5.93276e+06		624.734		
00:00:27:399		6.48588e+06		202.585		147.232		0		0.954985		286.102			00:00:27:399		1.31802e+07		-2.9218		0		0		5.94089e+06		625.583		
00:00:27:300		6.48598e+06		202.585		147.232		0		0.954985		286.133			00:00:27:300		1.3186e+07		-2.9125		0		0		5.94904e+06		626.434		
00:00:27:199		6.48608e+06		201.719		146.734		0		0.947047		286.164			00:00:27:199		1.31919e+07		-2.90313		0		0		5.95722e+06		627.287		
00:00:27:100		6.48618e+06		201.719		146.734		0		0.947047		286.195			00:00:27:100		1.31979e+07		-2.89369		0		0		5.96543e+06		628.143		
00:00:26:949		6.48634e+06		200.85		146.225		0		0.939081		286.243			00:00:26:949		1.32069e+07		-2.87941		0		11.6085		5.97781e+06		629.437		
00:00:26:899		6.48639e+06		200.85		146.225		0		0.939081		286.259			00:00:26:899		1.321e+07		-2.87461		0		0		5.98195e+06		629.87		
00:00:26:750		6.48655e+06		199.978		146.225		0		0.939081		286.307			00:00:26:750		1.32191e+07		-2.86012		0		11.4815		5.99442e+06		631.186		
00:00:26:649		6.48666e+06		199.978		145.705		0		0.931087		286.339			00:00:26:649		1.32253e+07		-2.85037		0		11.4815		6.00277e+06		632.074		
00:00:26:550		6.48676e+06		199.978		145.705		0		0.931087		286.371			00:00:26:550		1.32316e+07		-2.84056		0		11.4176		6.01113e+06		632.973		
00:00:26:449		6.48685e+06		199.102		145.175		0		0.923065		286.404			00:00:26:449		1.32379e+07		-2.83068		0		11.3535		6.0195e+06		633.881		
00:00:26:350		6.48695e+06		199.102		145.175		0		0.923065		286.437			00:00:26:350		1.32442e+07		-2.82073		0		11.2244		6.02786e+06		634.794		
00:00:26:250		6.48704e+06		198.223		145.175		0		0.923065		286.47			00:00:26:250		1.32506e+07		-2.81071		0		11.1594		6.03619e+06		635.698		
00:00:26:149		6.48714e+06		198.223		144.633		0		0.915015		286.503			00:00:26:149		1.3257e+07		-2.80063		0		11.0941		6.0445e+06		636.581		
00:00:26:050		6.48724e+06		198.223		144.633		0		0.915015		286.537			00:00:26:050		1.32635e+07		-2.79049		0		11.0286		6.05278e+06		637.454		
00:00:25:949		6.48733e+06		197.341		144.079		0		0.906938		286.57			00:00:25:949		1.32701e+07		-2.78028		0		11.0286		6.06107e+06		638.326		
00:00:25:850		6.48743e+06		197.341		144.079		0		0.906938		286.604			00:00:25:850		1.32767e+07		-2.77		0		10.8966		6.06937e+06		639.199		
00:00:25:750		6.48752e+06		196.455		144.079		0		0.906938		286.639			00:00:25:750		1.32834e+07		-2.75965		0		10.8302		6.0777e+06		640.074		
00:00:25:649		6.48762e+06		196.455		143.513		0		0.898833		286.673			00:00:25:649		1.32902e+07		-2.74924		0		10.7634		6.08604e+06		640.952		
00:00:25:550		6.48772e+06		196.455		143.513		0		0.898833		286.708			00:00:25:550		1.3297e+07		-2.73876		0		10.7634		6.09439e+06		641.831		
00:00:25:449		6.48781e+06		195.566		142.935		0		0.8907		286.743			00:00:25:449		1.33038e+07		-2.7282		0		10.6964		6.10276e+06		642.71		
00:00:25:350		6.48791e+06		195.566		142.935		0		0.8907		286.778			00:00:25:350		1.33107e+07		-2.71758		0		10.5614		6.11115e+06		643.591		
00:00:25:250		6.488e+06		194.673		142.935		0		0.8907		286.813			00:00:25:250		1.33177e+07		-2.70689		0		10.4935		6.11955e+06		644.472		
00:00:25:149		6.4881e+06		194.673		142.343		0		0.882539		286.849			00:00:25:149		1.33247e+07		-2.69612		0		10.3566		6.12797e+06		645.355		
00:00:25:149		6.4881e+06		194.673		142.343		0		0.882539		286.849			00:00:25:149		1.33247e+07		-2.69612		0		10.3566		6.12797e+06		645.355		
00:00:25:000		6.48824e+06		193.777		142.343		0		0.882539		286.902			00:00:25:000		1.33353e+07		-2.67985		0		0		6.14064e+06		646.684		
00:00:24:899		6.48834e+06		193.777		141.738		0		0.874349		286.939			00:00:24:899		1.33425e+07		-2.66891		0		0		6.14911e+06		647.571		
00:00:24:800		6.48844e+06		193.777		141.738		0		0.874349		286.975			00:00:24:800		1.33497e+07		-2.6579		0		0		6.1576e+06		648.457		
00:00:24:699		6.48853e+06		192.876		141.12		0		0.866131		287.012			00:00:24:699		1.33569e+07		-2.64683		0		0		6.1661e+06		649.341		
00:00:24:500		6.48872e+06		191.972		141.12		0		0.866131		287.086			00:00:24:500		1.33716e+07		-2.62447		0		0		6.18319e+06		651.108		
00:00:24:500		6.48872e+06		191.972		141.12		0		0.866131		287.086			00:00:24:500		1.33716e+07		-2.62447		0		0		6.18319e+06		651.108		
00:00:24:399		6.48882e+06		191.972		140.487		0		0.857884		287.124			00:00:24:399		1.3379e+07		-2.61318		0		0		6.19179e+06		652.01		
00:00:24:199		6.48901e+06		191.065		139.839		0		0.849608		287.2			00:00:24:199		1.33939e+07		-2.5904		0		0		6.20907e+06		653.835		
00:00:24:199		6.48901e+06		191.065		139.839		0		0.849608		287.2			00:00:24:199		1.33939e+07		-2.5904		0		0		6.20907e+06		653.835		
00:00:24:100		6.48911e+06		191.065		139.839		0		0.849608		287.238			00:00:24:100		1.34015e+07		-2.57891		0		0		6.21772e+06		654.743		
00:00:23:899		6.4893e+06		190.154		139.176		0		0.841303		287.315			00:00:23:899		1.34168e+07		-2.55573		0		0		6.23506e+06		656.558		
00:00:23:899		6.4893e+06		190.154		139.176		0		0.841303		287.315			00:00:23:899		1.34168e+07		-2.55573		0		0		6.23506e+06		656.558		
00:00:23:800		6.4894e+06		190.154		139.176		0		0.841303		287.354			00:00:23:800		1.34245e+07		-2.54404		0		0		6.24375e+06		657.469		
00:00:23:699		6.48949e+06		189.239		138.498		0		0.832968		287.394			00:00:23:699		1.34322e+07		-2.53229		0		11.0941		6.25246e+06		658.376		
00:00:23:600		6.48959e+06		189.239		138.498		0		0.832968		287.433			00:00:23:600		1.344e+07		-2.52048		0		0		6.26118e+06		659.287		
00:00:23:500		6.48968e+06		188.32		138.498		0		0.832968		287.473			00:00:23:500		1.34477e+07		-2.50861		0		0		6.26993e+06		660.204		
00:00:23:399		6.48978e+06		188.32		137.804		0		0.824604		287.513			00:00:23:399		1.34555e+07		-2.49668		0		0		6.27869e+06		661.117		
00:00:23:199		6.48997e+06		187.398		137.093		0		0.816209		287.595			00:00:23:199		1.34712e+07		-2.47261		0		0		6.29629e+06		662.927		
00:00:23:199		6.48997e+06		187.398		137.093		0		0.816209		287.595			00:00:23:199		1.34712e+07		-2.47261		0		0		6.29629e+06		662.927		
00:00:23:100		6.49007e+06		187.398		137.093		0		0.816209		287.636			00:00:23:100		1.34791e+07		-2.46048		0		0		6.30513e+06		663.817		
00:00:23:000		6.49016e+06		186.471		137.093		0		0.816209		287.677			00:00:23:000		1.34871e+07		-2.44826		0		0		6.31402e+06		664.69		
00:00:22:899		6.49026e+06		186.471		136.366		0		0.807784		287.719			00:00:22:899		1.34951e+07		-2.43598		0		0		6.32299e+06		665.544		
00:00:22:800		6.49036e+06		186.471		136.366		0		0.807784		287.762			00:00:22:800		1.35032e+07		-2.42363		0		0		6.33206e+06		666.39		
00:00:22:699		6.49049e+06		185.541		135.621		0		0.799325		287.805			00:00:22:699		1.35114e+07		-2.4112		0		0		6.34127e+06		667.257		
00:00:22:550		6.491e+06		185.541		135.621		0		0.799325		287.87			00:00:22:550		1.35238e+07		-2.39244		0		0		6.35544e+06		668.647		
00:00:22:500		6.49125e+06		184.606		135.621		0		0.799325		287.893			00:00:22:500		1.35279e+07		-2.38616		0		0		6.36023e+06		669.118		
00:00:22:300		6.49268e+06		184.606		134.859		0		0.790834		287.982			00:00:22:300		1.35448e+07		-2.3609		0		0		6.37966e+06		671.058		
00:00:22:149		6.49417e+06		183.667		134.08		0		0.782309		288.05			00:00:22:149		1.35575e+07		-2.3418		0		0		6.39455e+06		672.733		
00:00:22:149		6.49417e+06		183.667		134.08		0		0.782309		288.05			00:00:22:149		1.35575e+07		-2.3418		0		0		6.39455e+06		672.733		
00:00:22:050		6.49537e+06		183.667		134.08		0		0.782309		288.096			00:00:22:050		1.35661e+07		-2.32901		0		0		6.40447e+06		673.876		
00:00:22:000		6.49603e+06		182.723		134.08		0		0.782309		288.119			00:00:22:000		1.35704e+07		-2.32259		0		0		6.40936e+06		674.407		
00:00:21:899		6.49746e+06		182.723		133.282		0		0.77375		288.165			00:00:21:899		1.3579e+07		-2.30973		0		0		6.419e+06		675.381		
00:00:21:800		6.49906e+06		182.723		133.282		0		0.77375		288.212			00:00:21:800		1.35876e+07		-2.29682		0		0		6.42858e+06		676.326		
00:00:21:699		6.50083e+06		181.775		132.466		0		0.765157		288.26			00:00:21:699		1.35962e+07		-2.28387		0		0		6.43823e+06		677.278		
00:00:21:600		6.50276e+06		181.775		132.466		0		0.765157		288.307			00:00:21:600		1.36049e+07		-2.27086		0		0		6.44796e+06		678.234		
00:00:21:500		6.50485e+06		180.823		132.466		0		0.765157		288.355			00:00:21:500		1.36136e+07		-2.25781		0		0		6.45777e+06		679.201		
00:00:21:300		6.50977e+06		180.823		131.632		0		0.756529		288.453			00:00:21:300		1.36312e+07		-2.23159		0		0		6.47764e+06		681.143		
00:00:21:199		6.51272e+06		179.866		130.778		0		0.747864		288.502			00:00:21:199		1.364e+07		-2.21843		0		0		6.4876e+06		681.866		
00:00:21:199		6.51272e+06		179.866		130.778		0		0.747864		288.502			00:00:21:199		1.364e+07		-2.21843		0		0		6.4876e+06		681.866		
00:00:21:050		6.51776e+06		179.866		130.778		0		0.747864		288.577			00:00:21:050		1.36533e+07		-2.19864		0		0		6.50221e+06		680.614		
00:00:20:949		6.52153e+06		178.903		129.905		0		0.739109		288.628			00:00:20:949		1.36622e+07		-2.1854		0		0		6.51142e+06		673.671		
00:00:20:850		6.52563e+06		178.903		129.905		0		0.739109		288.679			00:00:20:850		1.36712e+07		-2.17216		0		0		6.51982e+06		637.721		
00:00:20:750		6.52991e+06		177.934		129.905		0		0.739109		288.731			00:00:20:750		1.36802e+07		-2.1589		0		0		6.52733e+06		589.172		
00:00:20:649		6.53375e+06		177.934		129.011		0		0.730254		288.783			00:00:20:649		1.36892e+07		-2.14565		0		0		6.53408e+06		547.855		
00:00:20:550		6.53701e+06		177.934		129.011		0		0.730254		288.835			00:00:20:550		1.36982e+07		-2.13239		0		0		6.54017e+06		512.65		
00:00:20:449		6.53971e+06		176.959		128.096		0		0.721339		288.888			00:00:20:449		1.37073e+07		-2.11912		0		0		6.5457e+06		482.685		
00:00:20:350		6.54193e+06		176.959		128.096		0		0.721339		288.942			00:00:20:350		1.37165e+07		-2.10586		0		0		6.55075e+06		457.23		
00:00:20:250		6.54383e+06		175.978		128.096		0		0.721339		288.996			00:00:20:250		1.37257e+07		-2.0926		0		0		6.55539e+06		435.579		
00:00:20:149		6.54552e+06		175.978		127.158		0		0.712384		289.051			00:00:20:149		1.37349e+07		-2.07935		0		0		6.55966e+06		417.168		
00:00:20:050		6.54707e+06		175.978		127.158		0		0.712384		289.106			00:00:20:050		1.37442e+07		-2.06611		0		0		6.56363e+06		401.524		
00:00:19:949		6.54853e+06		174.995		126.197		0		0.703402		289.162			00:00:19:949		1.37535e+07		-2.05288		0		0		6.56732e+06		388.243		
00:00:19:850		6.54992e+06		174.995		126.197		0		0.703402		289.218			00:00:19:850		1.37628e+07		-2.03967		0		0		6.57079e+06		376.973		
00:00:19:750		6.55127e+06		174.008		126.197		0		0.703402		289.275			00:00:19:750		1.37722e+07		-2.02649		0		0		6.57406e+06		367.426		
00:00:19:649		6.55261e+06		174.008		125.213		0		0.694399		289.332			00:00:19:649		1.37817e+07		-2.01334		0		0		6.57716e+06		359.331		
00:00:19:649		6.55261e+06		174.008		125.213		0		0.694399		289.332			00:00:19:649		1.37817e+07		-2.01334		0		0		6.57716e+06		359.331		
00:00:19:500		6.55459e+06		173.02		125.213		0		0.694399		289.419			00:00:19:500		1.37959e+07		-1.99369		0		0		6.58152e+06		349.451		
00:00:19:350		6.55658e+06		173.02		124.205		0		0.685381		289.508			00:00:19:350		1.38103e+07		-1.97411		0		0		6.58562e+06		341.78		
00:00:19:250		6.55792e+06		172.03		124.205		0		0.685381		289.567			00:00:19:250		1.38199e+07		-1.96111		0		0		6.58822e+06		337.662		
00:00:19:149		6.55926e+06		172.03		123.172		0		0.67635		289.627			00:00:19:149		1.38296e+07		-1.94816		0		0		6.59074e+06		334.202		
00:00:19:050		6.56062e+06		172.03		123.172		0		0.67635		289.688			00:00:19:050		1.38393e+07		-1.93526		0		0		6.59319e+06		331.308		
00:00:18:949		6.56199e+06		171.038		122.114		0		0.667309		289.749			00:00:18:949		1.38491e+07		-1.9224		0		0		6.59558e+06		328.904		
00:00:18:850		6.56337e+06		171.038		122.114		0		0.667309		289.811			00:00:18:850		1.38588e+07		-1.9096		0		0		6.59791e+06		326.919		
00:00:18:750		6.56476e+06		170.044		122.114		0		0.667309		289.874			00:00:18:750		1.38687e+07		-1.89685		0		0		6.60018e+06		325.297		
00:00:18:649		6.56616e+06		170.044		121.031		0		0.658258		289.937			00:00:18:649		1.38786e+07		-1.88415		0		0		6.60241e+06		323.984		
00:00:18:550		6.56616e+06		170.044		121.031		0		0.658258		289.937			00:00:18:550		1.38786e+07		-1.88415		0		0		6.60241e+06		323.984		
00:00:18:550		6.56757e+06		170.044		121.031		0		0.658258		290			00:00:18:550		1.38886e+07		-1.87151		0		0		6.60461e+06		322.938		
00:00:18:300		6.57114e+06		169.049		119.922		0		0.649198		290.162			00:00:18:300		1.39137e+07		-1.84011		0		0		6.60997e+06		321.304		
00:00:18:199		6.57259e+06		168.052		118.788		0		0.64013		290.228			00:00:18:199		1.39239e+07		-1.8276		0		0		6.61207e+06		320.962		
00:00:18:199		6.57259e+06		168.052		118.788		0		0.64013		290.228			00:00:18:199		1.39239e+07		-1.8276		0		0		6.61207e+06		320.962		
00:00:18:100		6.57405e+06		168.052		118.788		0		0.64013		290.294			00:00:18:100		1.39342e+07		-1.81508		0		0		6.61416e+06		320.809		
00:00:18:000		6.57551e+06		167.054		118.788		0		0.64013		290.36			00:00:18:000		1.39446e+07		-1.80256		0		0		6.61625e+06		320.824		
00:00:17:899		6.57697e+06		167.054		117.633		0		0.631056		290.427			00:00:17:899		1.3955e+07		-1.79002		0		0		6.61834e+06		321.09		
00:00:17:800		6.57837e+06		167.054		117.633		0		0.631056		290.494			00:00:17:800		1.39657e+07		-1.77743		0		0		6.62045e+06		321.819		
00:00:17:699		6.57967e+06		166.054		116.458		0		0.621975		290.563			00:00:17:699		1.39764e+07		-1.7648		0		0		6.62258e+06		322.96		
00:00:17:600		6.581e+06		166.054		116.458		0		0.621975		290.632			00:00:17:600		1.39873e+07		-1.7521		0		0		6.62474e+06		324.197		
00:00:17:500		6.58237e+06		165.052		116.458		0		0.621975		290.701			00:00:17:500		1.39985e+07		-1.73932		0		0		6.62693e+06		325.561		
00:00:17:399		6.58377e+06		165.052		115.264		0		0.612889		290.771			00:00:17:399		1.40098e+07		-1.72646		0		0		6.62916e+06		327.046		
00:00:17:199		6.58661e+06		164.05		114.051		0		0.603797		290.912			00:00:17:199		1.40333e+07		-1.70045		0		0		6.63332e+06		328.688		
00:00:17:199		6.58661e+06		164.05		114.051		0		0.603797		290.912			00:00:17:199		1.40333e+07		-1.70045		0		0		6.63332e+06		328.688		
00:00:17:100		6.58809e+06		164.05		114.051		0		0.603797		290.984			00:00:17:100		1.40457e+07		-1.68732		0		0		6.63521e+06		329.363		
00:00:17:000		6.58964e+06		163.045		114.051		0		0.603797		291.057			00:00:17:000		1.40582e+07		-1.67413		0		0		6.6373e+06		330.535		
00:00:16:899		6.59124e+06		163.045		112.819		0		0.594699		291.13			00:00:16:899		1.40708e+07		-1.66084		0		0		6.63955e+06		331.92		
00:00:16:800		6.59288e+06		163.045		112.819		0		0.594699		291.204			00:00:16:800		1.40833e+07		-1.64743		0		0		6.64187e+06		334.11		
00:00:16:649		6.5954e+06		162.039		111.568		0		0.585594		291.316			00:00:16:649		1.41018e+07		-1.62706		0		0		6.64548e+06		337.459		
00:00:16:550		6.59712e+06		162.039		111.568		0		0.585594		291.392			00:00:16:550		1.41138e+07		-1.61328		0		0		6.64792e+06		339.627		
00:00:16:449		6.59886e+06		161.031		110.299		0		0.576483		291.469			00:00:16:449		1.41253e+07		-1.59932		0		0		6.65034e+06		341.631		
00:00:16:350		6.60061e+06		161.031		110.299		0		0.576483		291.546			00:00:16:350		1.41364e+07		-1.58525		0		0		6.65273e+06		343.54		
00:00:16:149		6.60404e+06		160.021		109.01		0		0.567365		291.704			00:00:16:149		1.41578e+07		-1.55681		0		0		6.65752e+06		347.701		
00:00:16:149		6.60404e+06		160.021		109.01		0		0.567365		291.704			00:00:16:149		1.41578e+07		-1.55681		0		0		6.65752e+06		347.701		
00:00:16:050		6.60565e+06		160.021		109.01		0		0.567365		291.784			00:00:16:050		1.41683e+07		-1.5425		0		0		6.65993e+06		350.127		
00:00:15:949		6.60731e+06		159.009		107.704		0		0.558241		291.865			00:00:15:949		1.41787e+07		-1.52814		0		0		6.66237e+06		352.366		
00:00:15:849		6.6091e+06		159.009		107.704		0		0.558241		291.947			00:00:15:849		1.41892e+07		-1.51374		0		0		6.66481e+06		354.221		
00:00:15:750		6.61096e+06		157.995		107.704		0		0.558241		292.03			00:00:15:750		1.41996e+07		-1.49927		0		0		6.66727e+06		355.969		
00:00:15:650		6.61285e+06		157.995		106.379		0		0.549111		292.114			00:00:15:650		1.421e+07		-1.48476		0		0		6.66974e+06		357.711		
00:00:15:550		6.61476e+06		157.995		106.379		0		0.549111		292.198			00:00:15:550		1.42204e+07		-1.4702		0		0		6.67223e+06		359.481		
00:00:15:449		6.61665e+06		156.98		105.035		0		0.539973		292.284			00:00:15:449		1.42308e+07		-1.4556		0		0		6.67474e+06		361.27		
00:00:15:250		6.62041e+06		155.963		105.035		0		0.539973		292.458			00:00:15:250		1.42516e+07		-1.42628		0		0		6.67982e+06		365.25		
00:00:15:150		6.6223e+06		155.963		103.671		0		0.530828		292.545			00:00:15:150		1.4262e+07		-1.41155		0		0		6.68242e+06		367.314		
00:00:15:150		6.6223e+06		155.963		103.671		0		0.530828		292.545			00:00:15:150		1.4262e+07		-1.41155		0		0		6.68242e+06		367.314		
00:00:15:050		6.62419e+06		155.963		103.671		0		0.530828		292.633			00:00:15:050		1.42723e+07		-1.39678		0		0		6.68504e+06		369.397		
00:00:14:949		6.6261e+06		154.944		102.288		0		0.521676		292.722			00:00:14:949		1.42826e+07		-1.38198		0		0		6.68767e+06		371.465		
00:00:14:849		6.62802e+06		154.944		102.288		0		0.521676		292.811			00:00:14:849		1.4293e+07		-1.36713		0		0		6.69031e+06		373.53		
00:00:14:750		6.62996e+06		153.922		102.288		0		0.521676		292.902			00:00:14:750		1.43032e+07		-1.35223		0		0		6.69298e+06		375.614		
00:00:14:650		6.63191e+06		153.922		100.888		0		0.512516		292.993			00:00:14:650		1.43135e+07		-1.33729		0		0		6.69567e+06		377.708		
00:00:14:550		6.63388e+06		153.922		100.888		0		0.512516		293.086			00:00:14:550		1.43237e+07		-1.32231		0		0		6.69838e+06		379.831		
00:00:14:449		6.63586e+06		152.899		99.4707		0		0.503348		293.179			00:00:14:449		1.43339e+07		-1.30728		0		0		6.70113e+06		381.972		
00:00:14:349		6.63788e+06		152.899		99.4707		0		0.503348		293.273			00:00:14:349		1.43441e+07		-1.2922		0		0		6.7039e+06		384.103		
00:00:14:250		6.63993e+06		151.873		99.4707		0		0.503348		293.367			00:00:14:250		1.43542e+07		-1.27708		0		0		6.70672e+06		386.245		
00:00:14:150		6.63993e+06		151.873		99.4707		0		0.503348		293.367			00:00:14:150		1.43542e+07		-1.27708		0		0		6.70672e+06		386.245		
00:00:14:150		6.642e+06		151.873		98.0371		0		0.494171		293.462			00:00:14:150		1.43642e+07		-1.2619		0		0		6.70957e+06		388.401		
00:00:14:000		6.64514e+06		150.846		98.0371		0		0.494171		293.605			00:00:14:000		1.43793e+07		-1.23904		0		0		6.71388e+06		391.649		
00:00:13:900		6.64725e+06		150.846		96.5878		0		0.484985		293.701			00:00:13:900		1.43892e+07		-1.22373		0		0		6.71679e+06		393.826		
00:00:13:800		6.64939e+06		150.846		96.5878		0		0.484985		293.797			00:00:13:800		1.43991e+07		-1.20838		0		0		6.71972e+06		395.992		
00:00:13:699		6.65154e+06		149.817		95.1237		0		0.475791		293.893			00:00:13:699		1.44089e+07		-1.19297		0.133267		0		6.72267e+06		398.166		
00:00:13:599		6.65371e+06		149.817		95.1237		0		0.475791		293.989			00:00:13:599		1.44185e+07		-1.17749		0.266125		0		6.72564e+06		400.325		
00:00:13:500		6.65590e+06		148.785		95.1237		0		0.475791		294.086			00:00:13:500		1.4428e+07		-1.16195		0.397762		0		6.72863e+06		402.5		
00:00:13:400		6.65811e+06		148.785		93.6455		0		0.466589		294.182			00:00:13:400		1.44373e+07		-1.14634		0.52755		0		6.73164e+06		404.658		
00:00:13:199		6.6626e+06		147.751		92.1543		0		0.457379		294.373			00:00:13:199		1.44549e+07		-1.115		0.778879		0		6.73772e+06		408.879		
00:00:13:199		6.6626e+06		147.751		92.1543		0		0.457379		294.373			00:00:13:199		1.44549e+07		-1.115		0.778879		0		6.73772e+06		408.879		
00:00:13:099		6.66488e+06		147.751		92.1543		0		0.457379		294.469			00:00:13:099		1.44636e+07		-1.09937		0.899117		0		6.74077e+06		410.929		
00:00:13:000		6.66719e+06		146.715		92.1543		0		0.457379		294.564			00:00:13:000		1.44727e+07		-1.0838		1.01512		0		6.74384e+06		412.938		
00:00:12:800		6.67191e+06		146.715		90.651		0		0.44816		294.755			00:00:12:800		1.44921e+07		-1.05278		1.23268		0		6.74999e+06		416.677		
00:00:12:800		6.67191e+06		146.715		90.651		0		0.44816		294.755			00:00:12:800		1.44921e+07		-1.05278		1.23268		0		6.74999e+06		416.677		
00:00:12:699		6.67435e+06		145.676		89.1368		0		0.438933		294.85			00:00:12:699		1.45017e+07		-1.03711		1.3337		0		6.75307e+06		418.403		
00:00:12:599		6.67678e+06		145.676		89.1368		0		0.438933		294.946			00:00:12:599		1.45111e+07		-1.02141		1.42922		0		6.75616e+06		420.131		
00:00:12:400		6.68166e+06		144.634		87.6128		0		0.429698		295.138			00:00:12:400		1.45285e+07		-0.989674		1.60403		0		6.76234e+06		423.594		
00:00:12:400		6.68166e+06		144.634		87.6128		0		0.429698		295.138			00:00:12:400		1.45285e+07		-0.989674		1.60403		0		6.76234e+06		423.594		
00:00:12:199		6.68653e+06		143.59		86.0805		0		0.420453		295.333			00:00:12:199		1.45433e+07		-0.957718		1.75546		0		6.76855e+06		427.159		
00:00:12:199		6.68653e+06		143.59		86.0805		0		0.420453		295.333			00:00:12:199		1.45433e+07		-0.957718		1.75546		0		6.76855e+06		427.159		
00:00:12:099		6.68894e+06		143.59		86.0805		0		0.420453		295.43			00:00:12:099		1.45507e+07		-0.941948		1.82214		0		6.77167e+06		428.975		
00:00:12:000		6.69136e+06		142.542		86.0805		0		0.420453		295.529			00:00:12:000		1.45585e+07		-0.926341		1.88557		0		6.77478e+06		430.786		
00:00:11:900		6.69378e+06		142.542		84.5415		0		0.411201		295.628			00:00:11:900		1.45668e+07		-0.910917		1.94941		0		6.7779e+06		432.58		
00:00:11:800		6.69621e+06		142.542		84.5415		0		0.411201		295.728			00:00:11:800		1.45759e+07		-0.895678		2.00999		0		6.78101e+06		434.338		
00:00:11:650		6.69987e+06		141.493		82.9975		0		0.401939		295.88			00:00:11:650		1.45908e+07		-0.873042		2.10561		8.11772		6.78566e+06		436.861		
00:00:11:550		6.70234e+06		141.493		82.9975		0		0.401939		295.983			00:00:11:550		1.46011e+07		-0.857975		2.17059		3.98252		6.78875e+06		438.444		
00:00:11:449		6.70486e+06		140.441		81.4501		0		0.392669		296.087			00:00:11:449		1.46112e+07		-0.842916		2.22659		0		6.79183e+06		439.84		
00:00:11:349		6.70738e+06		140.441		81.4501		0		0.392669		296.191			00:00:11:349		1.46214e+07		-0.827857		2.28091		5.66615		6.79489e+06		441.224		
00:00:11:199		6.71116e+06		139.387		79.9007		0		0.38339		296.35			00:00:11:199		1.46366e+07		-0.80528		2.34626		0		6.79945e+06		443.282		
00:00:11:199		6.71116e+06		139.387		79.9007		0		0.38339		296.35			00:00:11:199		1.46366e+07		-0.80528		2.34626		0		6.79945e+06		443.282		
00:00:11:050		6.7149e+06		139.387		79.9007		0		0.38339		296.511			00:00:11:050		1.46519e+07		-0.782716		2.40598		0		6.80398e+06		445.289		
00:00:10:949		6.71737e+06		138.33		78.3517		0		0.374102		296.621			00:00:10:949		1.46621e+07		-0.767692		2.44309		0		6.80697e+06		446.627		
00:00:10:849		6.71982e+06		138.33		78.3517		0		0.374102		296.731			00:00:10:849		1.46722e+07		-0.752687		2.47841		0		6.80994e+06		447.96		
00:00:10:750		6.72224e+06		137.271		78.3517		0		0.374102		296.844			00:00:10:750		1.46823e+07		-0.737703		2.51049		4.10574		6.81288e+06		449.286		
00:00:10:650		6.72462e+06		137.271		76.8061		0		0.364806		296.959			00:00:10:650		1.46924e+07		-0.722743		2.54072		4.10574		6.81579e+06		450.661		
00:00:10:550		6.72698e+06		137.271		76.8061		0		0.364806		297.074			00:00:10:550		1.47025e+07		-0.707809		2.56919		0		6.81867e+06		451.956		
00:00:10:449		6.72934e+06		136.21		75.2673		0		0.355502		297.192			00:00:10:449		1.47125e+07		-0.692902		2.59601		0		6.82152e+06		453.145		
00:00:10:250		6.73399e+06		135.148		75.2673		0		0.355502		297.425			00:00:10:250		1.47325e+07		-0.663213		2.64546		3.85735		6.82707e+06		455.454		
00:00:10:150		6.73626e+06		135.148		73.739		0		0.34619		297.544			00:00:10:150		1.47425e+07		-0.648426		2.66818		0		6.82979e+06		456.605		
00:00:10:150		6.73626e+06		135.148		73.739		0		0.34619		297.544			00:00:10:150		1.47425e+07		-0.648426		2.66818		0		6.82979e+06		456.605		
00:00:10:050		6.7385e+06		135.148		73.739		0		0.34619		297.664			00:00:10:050		1.47525e+07		-0.633681		2.68975		0		6.8325e+06		457.85		
00:00:09:949		6.74073e+06		134.083		72.2251		0		0.33687		297.786			00:00:09:949		1.47624e+07		-0.618982		2.71003		0		6.83524e+06		459.212		
00:00:09:849		6.74296e+06		134.083		72.2251		0		0.33687		297.91			00:00:09:849		1.47723e+07		-0.60433		2.72915		0		6.83803e+06		460.635		
00:00:09:750		6.74518e+06		133.017		72.2251		0		0.33687		298.034			00:00:09:750		1.47822e+07		-0.589739		2.74767		0		6.84082e+06		462.035		
00:00:09:650		6.74740e+06		133.017		70.73		0		0.327543		298.161			00:00:09:650		1.47921e+07		-0.575207		2.76522		0		6.8436e+06		463.4		
00:00:09:550		6.74961e+06		133.017		70.73		0		0.327543		298.289			00:00:09:550		1.4802e+07		-0.560737		2.78135		0		6.84635e+06		464.757		
00:00:09:449		6.75177e+06		131.949		69.258		0		0.318207		298.419			00:00:09:449		1.48118e+07		-0.546333		2.79649		0		6.84907e+06		466.114		
00:00:09:250		6.756e+06		130.88		69.258		0		0.318207		298.683			00:00:09:250		1.48314e+07		-0.517728		2.82399		0		6.8544e+06		468.81		
00:00:09:150		6.75806e+06		130.88		67.8136		0		0.308865		298.818			00:00:09:150		1.48411e+07		-0.503544		2.83656		0		6.85701e+06		470.134		
00:00:09:150		6.75806e+06		130.88		67.8136		0		0.308865		298.818			00:00:09:150		1.48411e+07		-0.503544		2.83656		0		6.85701e+06		470.134		
00:00:09:050		6.76009e+06		130.88		67.8136		0		0.308865		298.954			00:00:09:050		1.48509e+07		-0.489444		2.84893		3.60076		6.85958e+06		471.452		
00:00:08:949		6.76207e+06		129.81		66.4011		0		0.299516		299.092			00:00:08:949		1.48606e+07		-0.47543		2.86033		0		6.8621e+06		472.756		
00:00:08:849		6.76402e+06		129.81		66.4011		0		0.299516		299.232			00:00:08:849		1.48703e+07		-0.461501		2.87064		0		6.86459e+06		474.079		
00:00:08:750		6.76593e+06		128.739		66.4011		0		0.299516		299.372			00:00:08:750		1.488e+07		-0.447669		2.88098		0		6.86706e+06		475.411		
00:00:08:650		6.76779e+06		128.739		65.0241		0		0.290161		299.514			00:00:08:650		1.48897e+07		-0.43393		2.89153		0		6.86948e+06		476.756		
00:00:08:550		6.76962e+06		128.739		65.0241		0		0.290161		299.657			00:00:08:550		1.48994e+07		-0.420288		2.90048		0		6.87187e+06		478.087		
00:00:08:449		6.77141e+06		127.668		63.6847		0		0.280799		299.803			00:00:08:449		1.49091e+07		-0.406743		2.90864		0		6.87422e+06		479.42		
00:00:08:349		6.77315e+06		127.668		63.6847		0		0.280799		299.95			00:00:08:349		1.49187e+07		-0.393302		2.91663		0		6.87653e+06		480.749		
00:00:08:250		6.77571e+06		126.597		62.381		0		0.271432		300.175			00:00:08:250		1.49332e+07		-0.373347		2.92604		0		6.87992e+06		482.702		
00:00:08:250		6.77571e+06		126.597		62.381		0		0.271432		300.175			00:00:08:250		1.49332e+07		-0.373347		2.92604		0		6.87992e+06		482.702		
00:00:08:099		6.77739e+06		126.597		62.381		0		0.271432		300.328			00:00:08:099		1.49429e+07		-0.36018		2.93152		0		6.88213e+06		483.961		
00:00:08:000		6.77906e+06		125.527		62.381		0		0.271432		300.482			00:00:08:000		1.49525e+07		-0.347146		2.93714		0		6.88431e+06		485.139		
00:00:07:900		6.78076e+06		125.527		61.1028		0		0.262059		300.637			00:00:07:900		1.49621e+07		-0.334231		2.94274		0		6.88645e+06		486.143		
00:00:07:799		6.78258e+06		125.527		61.1028		0		0.262059		300.791			00:00:07:799		1.49718e+07		-0.321433		2.94864		0		6.88857e+06		486.788		
00:00:07:700		6.78454e+06		124.457		59.8383		0		0.252678		300.948			00:00:07:700		1.49815e+07		-0.308742		2.95324		0		6.89068e+06		487.173		
00:00:07:500		6.78844e+06		123.389		59.8383		0		0.252678		301.267			00:00:07:500		1.50009e+07		-0.283687		2.96049		0		6.89481e+06		487.82		
00:00:07:500		6.78844e+06		123.389		59.8383		0		0.252678		301.267			00:00:07:500		1.50009e+07		-0.283687		2.96049		0		6.89481e+06		487.82		
00:00:07:400		6.79034e+06		123.389		58.5883		0		0.243292		301.43			00:00:07:400		1.50108e+07		-0.271357		2.96316		0		6.8968e+06		488.056		
00:00:07:200		6.79394e+06		122.323		57.3535		0		0.2339		301.762			00:00:07:200		1.50305e+07		-0.247046		2.96705		0		6.90053e+06		488.48		
00:00:07:200		6.79394e+06		122.323		57.3535		0		0.2339		301.762			00:00:07:200		1.50305e+07		-0.247046		2.96705		0		6.90053e+06		488.48		
00:00:07:099		6.79562e+06		122.323		57.3535		0		0.2339		301.932			00:00:07:099		1.50405e+07		-0.235056		2.9688		0		6.90228e+06		488.694		
00:00:07:000		6.79722e+06		121.261		57.3535		0		0.2339		302.103			00:00:07:000		1.50506e+07		-0.223166		2.96998		0		6.90396e+06		488.922		
00:00:06:900		6.79873e+06		121.261		56.135		0		0.224503		302.277			00:00:06:900		1.50607e+07		-0.211358		2.96906		0		6.90556e+06		489.172		
00:00:06:799		6.80017e+06		121.261		56.135		0		0.224503		302.452			00:00:06:799		1.50709e+07		-0.199636		2.96837		0		6.90709e+06		489.415		
00:00:06:599		6.80278e+06		120.202		54.9335		0		0.215102		302.807			00:00:06:599		1.5091e+07		-0.17625		2.9652		0		6.90989e+06		489.9		
00:00:06:599		6.80278e+06		120.202		54.9335		0		0.215102		302.807			00:00:06:599		1.5091e+07		-0.17625		2.9652		0		6.90989e+06		489.9		
00:00:06:500		6.80396e+06		119.148		54.9335		0		0.215102		302.988			00:00:06:500		1.50997e+07		-0.164556		2.96255		0		6.91116e+06		490.104		
00:00:06:400		6.80506e+06		119.148		53.7499		0		0.205697		303.171			00:00:06:400		1.51082e+07		-0.153019		2.96023		0		6.91233e+06		490.307		
00:00:06:200		6.80699e+06		118.1		52.5851		0		0.19629		303.541			00:00:06:200		1.51257e+07		-0.130392		2.95323		0		6.91443e+06		490.718		
00:00:06:200		6.80699e+06		118.1		52.5851		0		0.19629		303.541			00:00:06:200		1.51257e+07		-0.130392		2.95323		0		6.91443e+06		490.718		
00:00:06:099		6.80782e+06		118.1		52.5851		0		0.19629		303.728			00:00:06:099		1.51346e+07		-0.119274		2.94832		0		6.91535e+06		490.945		
00:00:06:000		6.80855e+06		117.059		52.5851		0		0.19629		303.916			00:00:06:000		1.51435e+07		-0.108282		2.94343		0		6.91618e+06		491.166		
00:00:05:900		6.8092e+06		117.059		51.4401		0		0.186881		304.107			00:00:05:900		1.51522e+07		-0.097434		2.93822		0		6.91692e+06		491.37		
00:00:05:799		6.80976e+06		117.059		51.4401		0		0.186881		304.299			00:00:05:799		1.51611e+07		-0.0867367		2.93235		0		6.91757e+06		491.567		
00:00:05:650		6.81045e+06		116.027		50.3162		0		0.177471		304.592			00:00:05:650		1.51747e+07		-0.0710006		2.92121		0		6.91838e+06		491.852		
00:00:05:549		6.8108e+06		116.027		50.3162		0		0.177471		304.79			00:00:05:549		1.51839e+07		-0.0607033		2.9126		0		6.91882e+06		492.028		
00:00:05:450		6.81108e+06		115.004		49.2145		0		0.16806		304.989			00:00:05:450		1.51931e+07		-0.0505247		2.90355		0		6.91918e+06		492.207		
00:00:05:250		6.8114e+06		113.993		49.2145		0		0.16806		305.39			00:00:05:250		1.52115e+07		-0.0305266		2.88694		0		6.91966e+06		492.539		
00:00:05:150		6.81145e+06		113.993		48.1363		0		0.15865		305.592			00:00:05:150		1.52206e+07		-0.0207181		2.87583		0		6.91979e+06		492.71		
00:00:05:150		6.81145e+06		113.993		48.1363		0		0.15865		305.592			00:00:05:150		1.52206e+07		-0.0207181		2.87583		0		6.91979e+06		492.71		
00:00:05:049		6.81144e+06		113.993		48.1363		0		0.15865		305.795			00:00:05:049		1.52298e+07		-0.0110459		2.8637		0		6.91985e+06		492.851		
00:00:04:950		6.81135e+06		112.995		47.0831		0		0.14924		305.997			00:00:04:950		1.52388e+07		-0.00151348		2.85093		0		6.91983e+06		492.971		
00:00:04:849		6.81119e+06		112.995		47.0831		0		0.14924		306.2			00:00:04:849		1.52479e+07		0.00787497		2.84331		15.7392		6.91971e+06		493.044		
00:00:04:750		6.81095e+06		112.012		47.0831		0		0.14924		306.404			00:00:04:750		1.5257e+07		0.0171146		2.83284		27.538		6.91951e+06		493.081		
00:00:04:650		6.81064e+06		112.012		46.0569		0		0.139832		306.609			00:00:04:650		1.5266e+07		0.0261865		2.81737		37.9363		6.91921e+06		493.06		
00:00:04:549		6.81025e+06		112.012		46.0569		0		0.139832		306.814			00:00:04:549		1.52749e+07		0.0350604		2.79795		47.5001		6.91881e+06		492.957		
00:00:04:450		6.8098e+06		111.045		45.0605		0		0.130427		307.019			00:00:04:450		1.52838e+07		0.0437202		2.7823		56.3985		6.91829e+06		492.723		
00:00:04:250		6.80875e+06		110.096		45.0605		0		0.130427		307.426			00:00:04:250		1.53013e+07		0.0604711		2.7705		72.905		6.9168e+06		491.479		
00:00:04:150		6.80824e+06		110.096		44.0987		0		0.121023		307.629			00:00:04:150		1.53102e+07		0.0685983		2.75294		80.8462		6.91578e+06		490.115		
00:00:04:150		6.80824e+06		110.096		44.0987		0		0.121023		307.629			00:00:04:150		1.53102e+07		0.0685983		2.75294		80.8462		6.91578e+06		490.115		
00:00:04:049		6.8079e+06		110.096		44.0987		0		0.121023		307.827			00:00:04:049		1.53192e+07		0.0765319		2.71852		88.4457		6.91452e+06		487.7		
00:00:03:950		6.808e+06		109.169		43.1803		0		0.111617		308.022			00:00:03:950		1.53284e+07		0.0841985		2.69331		95.7029		6.91294e+06		483.415		
00:00:03:850		6.80905e+06		109.169		43.1803		0		0.111617		308.213			00:00:03:850		1.53374e+07		0.0914989		2.69962		102.881		6.911e+06		475.022		
00:00:03:750		6.81121e+06		108.266		43.1803		0		0.111617		308.397			00:00:03:750		1.53459e+07		0.0983496		2.71508		110.142		6.90866e+06		464.712		
00:00:03:649		6.81289e+06		108.266		42.3119		0		0.102209		308.574			00:00:03:649		1.53535e+07		0.104787		2.69981		117.186		6.90594e+06		454.418		
00:00:03:549		6.81412e+06		108.266		42.3119		0		0.102209		308.742			00:00:03:549		1.53603e+07		0.110892		2.61733		123.92		6.90288e+06		444.22		
00:00:03:450		6.81491e+06		107.388		41.4953		0		0.0928014		308.902			00:00:03:450		1.53673e+07		0.116833		2.56197		130.784		6.89952e+06		434.188		
00:00:03:350		6.8153e+06		107.388		41.4953		0		0.0928014		309.052			00:00:03:350		1.53752e+07		0.122788		2.61717		138.168		6.89594e+06		424.478		
00:00:03:250		6.81528e+06		106.54		41.4953		0		0.0928014		309.192			00:00:03:250		1.53836e+07		0.128551		2.73091		146.506		6.89223e+06		415.391		
00:00:03:149		6.8148e+06		106.54		40.7318		0		0.0833994		309.318			00:00:03:149		1.53921e+07		0.13405		2.77192		157.478		6.8885e+06		407.544		
00:00:03:049		6.81376e+06		106.54		40.7318		0		0.0833994		309.429			00:00:03:049		1.54004e+07		0.13929		2.80505		175.777		6.88496e+06		401.837		
00:00:02:950		6.81159e+06		105.724		40.0224		0		0.0740162		309.525			00:00:02:950		1.54087e+07		0.144279		2.83151		209.197		6.88196e+06		401.347		
00:00:02:850		6.80666e+06		105.724		40.0224		0		0.0740162		309.606			00:00:02:850		1.5417e+07		0.149013		2.85167		256.92		6.8799e+06		412.233		
00:00:02:750		6.79525e+06		104.945		40.0224		0		0.0740162		309.671			00:00:02:750		1.54254e+07		0.153462		2.86496		306.08		6.87928e+06		445.632		
00:00:02:649		6.77014e+06		104.945		39.3674		0		0.0647606		309.721			00:00:02:649		1.54338e+07		0.157564		2.8722		351.607		6.88047e+06		518.336		
00:00:02:500		6.69599e+06		104.206		39.3674		0		0.0647606		309.772			00:00:02:500		1.54462e+07		0.162865		2.87548		409.414		6.88528e+06		653.837		
00:00:02:500		6.69599e+06		104.206		39.3674		0		0.0647606		309.772			00:00:02:500		1.54462e+07		0.162865		2.87548		409.414		6.88528e+06		653.837		
00:00:02:399		6.6758e+06		104.206		38.7659		0		0.0555704		309.795			00:00:02:399		1.54539e+07		0.165705		2.87565		440.46		6.88963e+06		698.306		
00:00:02:200		6.6408e+06		103.511		38.2177		0		0.0463775		309.821			00:00:02:200		1.54664e+07		0.169619		2.86826		486.415		6.89975e+06		761.714		
00:00:02:200		6.6408e+06		103.511		38.2177		0		0.0463775		309.821			00:00:02:200		1.54664e+07		0.169619		2.86826		486.415		6.89975e+06		761.714		
00:00:02:100		6.64344e+06		103.511		38.2177		0		0.0463775		309.829			00:00:02:100		1.54705e+07		0.170795		2.86094		502.079		6.9049e+06		756.026		
00:00:02:049		6.64784e+06		103.511		38.2177		0		0.0463775		309.832			00:00:02:049		1.54721e+07		0.171231		2.85667		507.903		6.90745e+06		753.5		
00:00:01:949		6.65596e+06		102.862		37.7231		0		0.0371613		309.837			00:00:01:949		1.54746e+07		0.17187		2.84883		514.656		6.91253e+06		749.865		
00:00:01:800		6.66504e+06		102.862		37.7231		0		0.0371613		309.841			00:00:01:800		1.54767e+07		0.172433		2.84303		517.514		6.92001e+06		748.675		
00:00:01:699		6.67012e+06		102.266		37.2821		0		0.0279243		309.842			00:00:01:699		1.54776e+07		0.172645		2.84181		519.365		6.92477e+06		747.981		
00:00:01:600		6.67564e+06		102.266		37.2821		0		0.0279243		309.843			00:00:01:600		1.54782e+07		0.172765		2.84045		521.466		6.92927e+06		746.594		
00:00:01:500		6.68173e+06		101.725		37.2821		0		0.0279243		309.844			00:00:01:500		1.54785e+07		0.172824		2.839		523.732		6.93451e+06		745.849		
00:00:01:399		6.68831e+06		101.725		36.8952		0		0.0186617		309.845			00:00:01:399		1.54786e+07		0.172847		2.83755		525.967		6.94008e+06		744.344		
00:00:01:300		6.69557e+06		101.725		36.8952		0		0.0186617		309.846			00:00:01:300		1.54786e+07		0.172849		2.83641		527.942		6.94561e+06		741.631		
00:00:01:199		6.70382e+06		101.25		36.57		0		0.00936373		309.846			00:00:01:199		1.54786e+07		0.172844		2.8358		529.411		6.95091e+06		736.847		
00:00:01:100		6.71357e+06		101.25		36.57		0		0.00936373		309.846			00:00:01:100		1.54786e+07		0.172841		2.83562		530.127		6.95576e+06		728.694		
00:00:01:000		6.72575e+06		100.766		36.57		0		0.00936373		309.846			00:00:01:000		1.54786e+07		0.172839		2.83569		530.245		6.95986e+06		715.121		
00:00:00:900		6.74191e+06		100.766		36.3828		0		0		309.846			00:00:00:900		1.54786e+07		0.172839		2.83571		530.203		6.9629e+06		692.672		
00:00:00:800		6.76515e+06		100.766		36.3828		0		0		309.846			00:00:00:800		1.54786e+07		0.172839		2.8357		530.203		6.96458e+06		654.941		
00:00:00:699		6.80276e+06		100.069		36.3831		0		0		309.846			00:00:00:699		1.54786e+07		0.17284		2.8357		530.204		6.96486e+06		526.821		
00:00:00:599		6.83118e+06		100.069		36.3831		0		0		309.846			00:00:00:599		1.54786e+07		0.172839		2.83569		530.208		6.96486e+06		526.823		
00:00:00:299		6.83117e+06		100.069		36.3831		0		0		309.846			00:00:00:299		1.54786e+07		0.172839		2.83569		530.21		6.96485e+06		526.823		
00:00:00:299		6.83116e+06		100.069		36.3834		0		0		309.846			00:00:00:299		1.54786e+07		0.17284		2.83568		530.216		6.96485e+06		526.829		
00:00:00:200		6.83116e+06		100.069		36.3837		0		0		309.846			00:00:00:200		1.54785e+07		0.17284		2.83568		530.219		6.96484e+06		526.828		
00:00:00:200		6.83116e+06		100.069		36.3837		0		0		309.846			00:00:00:200		1.54785e+07		0.17284		2.83568		530.219		6.96484e+06		526.828		
00:00:00:100		6.83115e+06		100.069		36.3837		0		0		309.846			00:00:00:100		1.54785e+07		0.17284		2.83572		530.221		6.96484e+06		526.827		
00:00:00:000		6.83115e+06		100.069		36.3837		0		0		309.846			00:00:00:000		1.54785e+07		0.17284		2.83571		530.225		6.96483e+06		526.826		
00:00:00:000		6.83115e+06		100.069		36.3837		0		0		309.846			00:00:00:000		1.54785e+07		0.17284		2.83571		530.225		6.96483e+06		526.826		
00:00:00:000		6.83115e+06		100.069		36.3837		0		0		309.846			00:00:00:000		1.54785e+07		0.17284		2.83571		530.225		6.96483e+06		526.826		
00:00:00:000		6.83115e+06		100.069		36.3837		0		0		309.846			00:00:00:000		1.54785e+07		0.17284		2.83571		530.225		6.96483e+06		526.826		
00:00:00:000		6.83115e+06		100.069		36.3837		0		0		309.846			00:00:00:000		1.54785e+07		0.17284		2.83571		530.225		6.96483e+06		526.826		
00:00:00:000		6.83115e+06		100.069		36.3837		0		0		309.846			00:00:00:000		1.54785e+07		0.17284		2.83571		530.225		6.96483e+06		526.826		
