	time 		gpv001pnt10113ppntm	evf507ety101mpzoyout	chtcon(1)	chavg(1)	chlhsumpa	rcptavgn			time 		rcpppzr	rcp054rcp007mnzoyout	rcv501std0102fvol	fwfrcp001gv	rcppmssga	msfsg(1)	
00:01:04:349		6.33583e+06		254.81		129.645		0		2.55499		274.815			00:01:04:349		1.15965e+07		-5.26995		0		0		4.04587e+06		448.842		
00:01:04:349		6.33583e+06		254.81		129.645		0		2.55499		274.815			00:01:04:349		1.15965e+07		-5.26995		0		0		4.04587e+06		448.842		
00:01:04:250		6.33592e+06		254.597		129.645		0		2.55499		274.836			00:01:04:250		1.16004e+07		-5.2647		0		0		4.04887e+06		449.342		
00:01:04:150		6.33601e+06		254.597		129.862		0		2.54311		274.856			00:01:04:150		1.16044e+07		-5.2594		0		0		4.05409e+06		450.703		
00:01:04:049		6.3361e+06		254.597		129.862		0		2.54311		274.879			00:01:04:049		1.16084e+07		-5.25409		0		0		4.06021e+06		452.255		
00:01:03:799		6.33632e+06		254.385		130.086		0		2.53123		274.942			00:01:03:799		1.16183e+07		-5.24079		0		0		4.06924e+06		453.15		
00:01:03:799		6.33632e+06		254.385		130.086		0		2.53123		274.942			00:01:03:799		1.16183e+07		-5.24079		0		0		4.06924e+06		453.15		
00:01:03:700		6.33641e+06		254.173		130.319		0		2.51933		274.967			00:01:03:700		1.16223e+07		-5.23543		0		0		4.07106e+06		453.012		
00:01:03:600		6.3365e+06		254.173		130.319		0		2.51933		274.992			00:01:03:600		1.16263e+07		-5.23003		0		0		4.07335e+06		452.114		
00:01:03:500		6.33659e+06		253.96		130.319		0		2.51933		275.017			00:01:03:500		1.16304e+07		-5.2246		0		0		4.07574e+06		451.814		
00:01:03:350		6.33673e+06		253.96		130.559		0		2.50742		275.052			00:01:03:350		1.16365e+07		-5.21637		0		0		4.08327e+06		454.116		
00:01:03:350		6.33673e+06		253.96		130.559		0		2.50742		275.052			00:01:03:350		1.16365e+07		-5.21637		0		0		4.08327e+06		454.116		
00:01:03:200		6.33686e+06		253.748		130.808		0		2.49549		275.092			00:01:03:200		1.16427e+07		-5.20811		0		0		4.09186e+06		456.216		
00:01:03:100		6.33695e+06		253.748		130.808		0		2.49549		275.12			00:01:03:100		1.16468e+07		-5.20259		0		0		4.0956e+06		456.4		
00:01:03:000		6.33704e+06		253.535		130.808		0		2.49549		275.148			00:01:03:000		1.16509e+07		-5.19706		0		0		4.09758e+06		456.219		
00:01:02:899		6.33713e+06		253.535		131.066		0		2.48356		275.176			00:01:02:899		1.1655e+07		-5.19149		0		0		4.09954e+06		456.042		
00:01:02:799		6.33722e+06		253.535		131.066		0		2.48356		275.204			00:01:02:799		1.16592e+07		-5.1859		0		0		4.10193e+06		455.099		
00:01:02:700		6.33731e+06		253.323		131.332		0		2.4716		275.23			00:01:02:700		1.16634e+07		-5.18025		0		0		4.10449e+06		455.025		
00:01:02:600		6.3374e+06		253.323		131.332		0		2.4716		275.255			00:01:02:600		1.16676e+07		-5.17456		0		0		4.1093e+06		456.618		
00:01:02:500		6.33749e+06		253.11		131.332		0		2.4716		275.283			00:01:02:500		1.16719e+07		-5.16886		0		0		4.1157e+06		458.372		
00:01:02:299		6.33767e+06		253.11		131.608		0		2.45964		275.343			00:01:02:299		1.16804e+07		-5.15742		0		0		4.12435e+06		459.471		
00:01:02:299		6.33767e+06		253.11		131.608		0		2.45964		275.343			00:01:02:299		1.16804e+07		-5.15742		0		0		4.12435e+06		459.471		
00:01:02:200		6.33776e+06		252.899		131.893		0		2.44767		275.372			00:01:02:200		1.16847e+07		-5.15168		0		0		4.12611e+06		459.344		
00:01:02:100		6.33785e+06		252.899		131.893		0		2.44767		275.402			00:01:02:100		1.1689e+07		-5.1459		0		0		4.12824e+06		459.144		
00:01:02:000		6.33794e+06		252.688		131.893		0		2.44767		275.431			00:01:02:000		1.16933e+07		-5.14009		0		0		4.1307e+06		458.249		
00:01:01:899		6.33803e+06		252.688		132.188		0		2.43567		275.459			00:01:01:899		1.16977e+07		-5.13422		0		0		4.13346e+06		458.542		
00:01:01:799		6.33812e+06		252.688		132.188		0		2.43567		275.485			00:01:01:799		1.17021e+07		-5.12833		0		0		4.1386e+06		460.339		
00:01:01:649		6.33826e+06		252.475		132.493		0		2.42367		275.529			00:01:01:649		1.17088e+07		-5.11945		0		0		4.14731e+06		462.439		
00:01:01:600		6.3383e+06		252.475		132.493		0		2.42367		275.544			00:01:01:600		1.1711e+07		-5.11648		0		0		4.14934e+06		462.549		
00:01:01:500		6.33839e+06		252.265		132.493		0		2.42367		275.574			00:01:01:500		1.17154e+07		-5.11054		0		0		4.15183e+06		462.178		
00:01:01:299		6.33857e+06		252.265		132.808		0		2.41165		275.634			00:01:01:299		1.17244e+07		-5.09858		0		0		4.15618e+06		462.321		
00:01:01:299		6.33857e+06		252.265		132.808		0		2.41165		275.634			00:01:01:299		1.17244e+07		-5.09858		0		0		4.15618e+06		462.321		
00:01:01:200		6.33866e+06		252.054		133.133		0		2.39963		275.664			00:01:01:200		1.17289e+07		-5.09257		0		0		4.15945e+06		462.878		
00:01:01:100		6.33875e+06		252.054		133.133		0		2.39963		275.694			00:01:01:100		1.17335e+07		-5.08654		0		0		4.16309e+06		463.586		
00:01:01:000		6.33884e+06		251.844		133.133		0		2.39963		275.725			00:01:01:000		1.1738e+07		-5.0805		0		0		4.16657e+06		463.948		
00:01:00:850		6.33898e+06		251.844		133.468		0		2.38759		275.771			00:01:00:850		1.17448e+07		-5.0714		0		0		4.17077e+06		464.205		
00:01:00:750		6.33907e+06		251.634		133.468		0		2.38759		275.802			00:01:00:750		1.17494e+07		-5.06532		0		0		4.17364e+06		464.523		
00:01:00:649		6.33916e+06		251.634		133.815		0		2.37554		275.833			00:01:00:649		1.1754e+07		-5.05921		0		0		4.17674e+06		464.925		
00:01:00:549		6.33925e+06		251.634		133.815		0		2.37554		275.865			00:01:00:549		1.17586e+07		-5.05309		0		0		4.17992e+06		465.36		
00:01:00:350		6.33943e+06		251.424		134.172		0		2.36348		275.929			00:01:00:350		1.17678e+07		-5.04078		0		0		4.18602e+06		466.005		
00:01:00:250		6.33952e+06		251.216		134.172		0		2.36348		275.961			00:01:00:250		1.17724e+07		-5.0346		0		0		4.18893e+06		466.292		
00:01:00:250		6.33952e+06		251.216		134.172		0		2.36348		275.961			00:01:00:250		1.17724e+07		-5.0346		0		0		4.18893e+06		466.292		
00:01:00:149		6.33961e+06		251.216		134.54		0		2.35141		275.993			00:01:00:149		1.17771e+07		-5.0284		0		0		4.19188e+06		466.617		
00:01:00:049		6.3397e+06		251.216		134.54		0		2.35141		276.026			00:01:00:049		1.17817e+07		-5.02218		0		0		4.19492e+06		466.991		
00:01:00:000		6.33974e+06		251.008		134.54		0		2.35141		276.043			00:01:00:000		1.17841e+07		-5.01906		0		0		4.19645e+06		467.185		
00:00:59:899		6.33983e+06		251.008		134.919		0		2.33932		276.075			00:00:59:899		1.17887e+07		-5.01282		0		0		4.19952e+06		467.55		
00:00:59:799		6.33992e+06		251.008		134.919		0		2.33932		276.108			00:00:59:799		1.17934e+07		-5.00656		0		0		4.20251e+06		467.864		
00:00:59:700		6.34001e+06		250.8		135.309		0		2.32723		276.142			00:00:59:700		1.17981e+07		-5.00029		0		0		4.20543e+06		468.151		
00:00:59:600		6.34001e+06		250.8		135.309		0		2.32723		276.142			00:00:59:600		1.17981e+07		-5.00029		0		0		4.20543e+06		468.151		
00:00:59:600		6.3401e+06		250.8		135.309		0		2.32723		276.175			00:00:59:600		1.18028e+07		-4.99401		0		0		4.20836e+06		468.457		
00:00:59:399		6.34028e+06		250.591		135.711		0		2.31512		276.242			00:00:59:399		1.18121e+07		-4.98144		0		0		4.21441e+06		469.181		
00:00:59:299		6.34037e+06		250.591		135.711		0		2.31512		276.276			00:00:59:299		1.18168e+07		-4.97516		0		0		4.21746e+06		469.535		
00:00:59:200		6.34046e+06		250.383		136.125		0		2.30301		276.31			00:00:59:200		1.18214e+07		-4.96887		0		0		4.22045e+06		469.848		
00:00:59:100		6.34055e+06		250.383		136.125		0		2.30301		276.344			00:00:59:100		1.18261e+07		-4.96259		0		0		4.22339e+06		470.144		
00:00:59:000		6.34064e+06		250.175		136.125		0		2.30301		276.378			00:00:59:000		1.18308e+07		-4.95632		0		0		4.22634e+06		470.46		
00:00:58:899		6.34073e+06		250.175		136.551		0		2.29088		276.412			00:00:58:899		1.18354e+07		-4.95006		0		0		4.22936e+06		470.816		
00:00:58:799		6.34082e+06		250.175		136.551		0		2.29088		276.447			00:00:58:799		1.18401e+07		-4.94381		0		0		4.23241e+06		471.187		
00:00:58:700		6.34091e+06		249.971		136.988		0		2.27874		276.481			00:00:58:700		1.18447e+07		-4.93757		0		0		4.23545e+06		471.531		
00:00:58:600		6.341e+06		249.971		136.988		0		2.27874		276.515			00:00:58:600		1.18494e+07		-4.93135		0		0		4.23844e+06		471.839		
00:00:58:500		6.34109e+06		249.769		136.988		0		2.27874		276.55			00:00:58:500		1.1854e+07		-4.92513		0		0		4.24139e+06		472.14		
00:00:58:399		6.34118e+06		249.769		137.436		0		2.26659		276.584			00:00:58:399		1.18587e+07		-4.91892		0		0		4.24436e+06		472.466		
00:00:58:399		6.34118e+06		249.769		137.436		0		2.26659		276.584			00:00:58:399		1.18587e+07		-4.91892		0		0		4.24436e+06		472.466		
00:00:58:299		6.34127e+06		249.769		137.436		0		2.26659		276.619			00:00:58:299		1.18633e+07		-4.91271		0		0		4.24739e+06		472.823		
00:00:58:200		6.34136e+06		249.572		137.895		0		2.25443		276.654			00:00:58:200		1.1868e+07		-4.9065		0		0		4.25045e+06		473.186		
00:00:58:000		6.34154e+06		249.374		137.895		0		2.25443		276.723			00:00:58:000		1.18772e+07		-4.89409		0		0		4.25648e+06		473.831		
00:00:58:000		6.34154e+06		249.374		137.895		0		2.25443		276.723			00:00:58:000		1.18772e+07		-4.89409		0		0		4.25648e+06		473.831		
00:00:57:750		6.34177e+06		249.175		138.361		0		2.24225		276.811			00:00:57:750		1.18888e+07		-4.87858		0		0		4.26397e+06		474.649		
00:00:57:750		6.34177e+06		249.175		138.361		0		2.24225		276.811			00:00:57:750		1.18888e+07		-4.87858		0		0		4.26397e+06		474.649		
00:00:57:649		6.34186e+06		249.175		138.835		0		2.23007		276.846			00:00:57:649		1.18934e+07		-4.87237		0		0		4.26703e+06		475.008		
00:00:57:549		6.34195e+06		249.175		138.835		0		2.23007		276.881			00:00:57:549		1.1898e+07		-4.86617		0		0		4.27009e+06		475.35		
00:00:57:350		6.34213e+06		248.972		139.318		0		2.21787		276.951			00:00:57:350		1.19071e+07		-4.85376		0		0		4.27612e+06		475.896		
00:00:57:350		6.34213e+06		248.972		139.318		0		2.21787		276.951			00:00:57:350		1.19071e+07		-4.85376		0		0		4.27612e+06		475.896		
00:00:57:250		6.34222e+06		248.764		139.318		0		2.21787		276.986			00:00:57:250		1.19117e+07		-4.84756		0		0		4.27914e+06		476.224		
00:00:57:149		6.34231e+06		248.764		139.81		0		2.20567		277.021			00:00:57:149		1.19163e+07		-4.84136		0		0		4.2822e+06		476.576		
00:00:57:049		6.3424e+06		248.764		139.81		0		2.20567		277.057			00:00:57:049		1.19208e+07		-4.83516		0		0		4.28528e+06		476.934		
00:00:56:950		6.34249e+06		248.546		140.312		0		2.19345		277.092			00:00:56:950		1.19254e+07		-4.82896		0		0		4.28836e+06		477.275		
00:00:56:850		6.34258e+06		248.546		140.312		0		2.19345		277.127			00:00:56:850		1.193e+07		-4.82277		0		0		4.29141e+06		477.59		
00:00:56:750		6.34267e+06		248.311		140.312		0		2.19345		277.162			00:00:56:750		1.19345e+07		-4.81658		0		0		4.29444e+06		477.906		
00:00:56:649		6.34276e+06		248.311		140.826		0		2.18122		277.197			00:00:56:649		1.1939e+07		-4.81039		0		0		4.2975e+06		478.242		
00:00:56:549		6.34285e+06		248.311		140.826		0		2.18122		277.232			00:00:56:549		1.19436e+07		-4.8042		0		0		4.30061e+06		478.599		
00:00:56:350		6.34303e+06		248.046		141.353		0		2.16898		277.302			00:00:56:350		1.19526e+07		-4.79183		0		0		4.30685e+06		479.295		
00:00:56:350		6.34303e+06		248.046		141.353		0		2.16898		277.302			00:00:56:350		1.19526e+07		-4.79183		0		0		4.30685e+06		479.295		
00:00:56:250		6.34312e+06		247.728		141.353		0		2.16898		277.337			00:00:56:250		1.19571e+07		-4.78565		0		0		4.30994e+06		479.617		
00:00:56:149		6.34321e+06		247.728		141.896		0		2.15672		277.371			00:00:56:149		1.19616e+07		-4.77947		0		0		4.31303e+06		479.941		
00:00:56:000		6.34334e+06		247.787		141.896		0		2.15672		277.423			00:00:56:000		1.19683e+07		-4.77021		0		0		4.31773e+06		480.465		
00:00:55:899		6.34343e+06		247.787		142.441		0		2.14446		277.457			00:00:55:899		1.19728e+07		-4.76404		0		0		4.3209e+06		480.827		
00:00:55:850		6.34348e+06		247.787		142.441		0		2.14446		277.474			00:00:55:850		1.1975e+07		-4.76095		0		0		4.32249e+06		481.003		
00:00:55:750		6.34357e+06		247.849		142.441		0		2.14446		277.508			00:00:55:750		1.19795e+07		-4.75479		0		0		4.32565e+06		481.341		
00:00:55:649		6.34366e+06		247.849		142.989		0		2.13218		277.541			00:00:55:649		1.1984e+07		-4.74862		0		0		4.3288e+06		481.667		
00:00:55:549		6.34375e+06		247.849		142.989		0		2.13218		277.575			00:00:55:549		1.19884e+07		-4.74246		0		0		4.33195e+06		481.999		
00:00:55:350		6.34393e+06		247.913		143.54		0		2.11989		277.64			00:00:55:350		1.19973e+07		-4.73015		0		0		4.33837e+06		482.717		
00:00:55:350		6.34393e+06		247.913		143.54		0		2.11989		277.64			00:00:55:350		1.19973e+07		-4.73015		0		0		4.33837e+06		482.717		
00:00:55:250		6.34402e+06		247.979		143.54		0		2.11989		277.673			00:00:55:250		1.20018e+07		-4.72399		0		0		4.34162e+06		483.075		
00:00:55:100		6.34415e+06		247.979		144.092		0		2.10759		277.721			00:00:55:100		1.20085e+07		-4.71476		0		0		4.34646e+06		483.583		
00:00:55:000		6.34424e+06		248.047		144.092		0		2.10759		277.752			00:00:55:000		1.20129e+07		-4.70861		0		0		4.34969e+06		483.924		
00:00:54:899		6.34433e+06		248.047		144.647		0		2.09528		277.783			00:00:54:899		1.20173e+07		-4.70246		0		0		4.35296e+06		484.283		
00:00:54:799		6.34442e+06		248.047		144.647		0		2.09528		277.814			00:00:54:799		1.20218e+07		-4.69631		0		0		4.35626e+06		484.66		
00:00:54:700		6.34451e+06		248.117		145.203		0		2.08296		277.845			00:00:54:700		1.20262e+07		-4.69018		0		0		4.35959e+06		485.037		
00:00:54:600		6.3446e+06		248.117		145.203		0		2.08296		277.875			00:00:54:600		1.20306e+07		-4.68404		0		0		4.3629e+06		485.393		
00:00:54:399		6.34478e+06		248.188		145.761		0		2.07063		277.934			00:00:54:399		1.20395e+07		-4.6718		0		0		4.36948e+06		486.087		
00:00:54:299		6.34487e+06		248.188		145.761		0		2.07063		277.962			00:00:54:299		1.20439e+07		-4.66569		0		0		4.37281e+06		486.456		
00:00:54:299		6.34487e+06		248.188		145.761		0		2.07063		277.962			00:00:54:299		1.20439e+07		-4.66569		0		0		4.37281e+06		486.456		
00:00:54:200		6.34496e+06		248.262		146.32		0		2.05828		277.991			00:00:54:200		1.20483e+07		-4.6596		0		0		4.37618e+06		486.838		
00:00:54:100		6.34505e+06		248.262		146.32		0		2.05828		278.019			00:00:54:100		1.20526e+07		-4.65354		0		0		4.37955e+06		487.213		
00:00:54:000		6.34514e+06		248.337		146.32		0		2.05828		278.048			00:00:54:000		1.2057e+07		-4.64751		0		0		4.38291e+06		487.571		
00:00:53:899		6.34523e+06		248.337		146.88		0		2.04592		278.075			00:00:53:899		1.20613e+07		-4.64155		0		0		4.38626e+06		487.921		
00:00:53:799		6.34532e+06		248.337		146.88		0		2.04592		278.103			00:00:53:799		1.20656e+07		-4.63564		0		0		4.38963e+06		488.283		
00:00:53:700		6.34541e+06		248.414		147.44		0		2.03356		278.131			00:00:53:700		1.20697e+07		-4.62975		0		0		4.39304e+06		488.663		
00:00:53:700		6.34541e+06		248.414		147.44		0		2.03356		278.131			00:00:53:700		1.20697e+07		-4.62975		0		0		4.39304e+06		488.663		
00:00:53:600		6.3455e+06		248.414		147.44		0		2.03356		278.158			00:00:53:600		1.20738e+07		-4.62386		0		0		4.39647e+06		489.052		
00:00:53:299		6.34577e+06		248.492		148.001		0		2.02119		278.24			00:00:53:299		1.20861e+07		-4.60623		0		0		4.40676e+06		490.149		
00:00:53:299		6.34577e+06		248.492		148.001		0		2.02119		278.24			00:00:53:299		1.20861e+07		-4.60623		0		0		4.40676e+06		490.149		
00:00:53:299		6.34577e+06		248.492		148.001		0		2.02119		278.24			00:00:53:299		1.20861e+07		-4.60623		0		0		4.40676e+06		490.149		
00:00:53:100		6.34595e+06		248.569		148.562		0		2.00882		278.295			00:00:53:100		1.20942e+07		-4.5945		0		0		4.41368e+06		490.917		
00:00:53:000		6.34604e+06		248.646		148.562		0		2.00882		278.322			00:00:53:000		1.20983e+07		-4.58864		0		0		4.41719e+06		491.314		
00:00:52:899		6.34613e+06		248.646		149.123		0		1.99645		278.35			00:00:52:899		1.21023e+07		-4.58279		0		0		4.42069e+06		491.701		
00:00:52:899		6.34613e+06		248.646		149.123		0		1.99645		278.35			00:00:52:899		1.21023e+07		-4.58279		0		0		4.42069e+06		491.701		
00:00:52:799		6.34622e+06		248.646		149.123		0		1.99645		278.377			00:00:52:799		1.21064e+07		-4.57693		0		0		4.42417e+06		492.084		
00:00:52:700		6.34631e+06		248.724		149.684		0		1.98408		278.405			00:00:52:700		1.21104e+07		-4.57109		0		0		4.42766e+06		492.506		
00:00:52:600		6.3464e+06		248.724		149.684		0		1.98408		278.433			00:00:52:600		1.21145e+07		-4.56524		0		0		4.43117e+06		491.934		
00:00:52:350		6.34663e+06		248.801		150.244		0		1.97171		278.504			00:00:52:350		1.21245e+07		-4.55065		0		0		4.44007e+06		493.812		
00:00:52:350		6.34663e+06		248.801		150.244		0		1.97171		278.504			00:00:52:350		1.21245e+07		-4.55065		0		0		4.44007e+06		493.812		
00:00:52:250		6.34672e+06		248.878		150.244		0		1.97171		278.533			00:00:52:250		1.21285e+07		-4.54481		0		0		4.44361e+06		494.187		
00:00:52:149		6.34681e+06		248.878		150.803		0		1.95934		278.562			00:00:52:149		1.21325e+07		-4.53898		0		0		4.44715e+06		494.558		
00:00:51:950		6.34699e+06		248.954		151.362		0		1.94697		278.62			00:00:51:950		1.21405e+07		-4.52732		0		0		4.45431e+06		495.355		
00:00:51:899		6.34703e+06		248.954		151.362		0		1.94697		278.635			00:00:51:899		1.21425e+07		-4.52441		0		0		4.45612e+06		495.561		
00:00:51:899		6.34703e+06		248.954		151.362		0		1.94697		278.635			00:00:51:899		1.21425e+07		-4.52441		0		0		4.45612e+06		495.561		
00:00:51:750		6.34717e+06		249.03		151.362		0		1.94697		278.679			00:00:51:750		1.21485e+07		-4.51568		0		0		4.46154e+06		496.156		
00:00:51:649		6.34726e+06		249.03		151.918		0		1.9346		278.709			00:00:51:649		1.21524e+07		-4.50986		0		0		4.46513e+06		496.532		
00:00:51:549		6.34735e+06		249.03		151.918		0		1.9346		278.738			00:00:51:549		1.21564e+07		-4.50405		0		0		4.46872e+06		496.911		
00:00:51:350		6.34744e+06		249.105		152.473		0		1.92224		278.768			00:00:51:350		1.21603e+07		-4.49824		0		0		4.47234e+06		497.312		
00:00:51:350		6.34753e+06		249.105		152.473		0		1.92224		278.798			00:00:51:350		1.21642e+07		-4.49243		0		0		4.47601e+06		497.73		
00:00:51:250		6.34762e+06		249.18		152.473		0		1.92224		278.827			00:00:51:250		1.21681e+07		-4.48663		0		0		4.47969e+06		498.144		
00:00:51:200		6.34766e+06		249.18		153.026		0		1.90988		278.842			00:00:51:200		1.21701e+07		-4.48372		0		0		4.48152e+06		498.343		
00:00:51:049		6.3478e+06		249.18		153.026		0		1.90988		278.887			00:00:51:049		1.21759e+07		-4.47501		0		0		4.48699e+06		498.915		
00:00:50:950		6.34789e+06		249.253		153.577		0		1.89751		278.917			00:00:50:950		1.21797e+07		-4.46921		0		0		4.49064e+06		499.305		
00:00:50:850		6.34798e+06		249.253		153.577		0		1.89751		278.947			00:00:50:850		1.21836e+07		-4.46341		0		0		4.49433e+06		499.718		
00:00:50:750		6.34807e+06		249.326		153.577		0		1.89751		278.977			00:00:50:750		1.21874e+07		-4.4576		0		0		4.49805e+06		500.148		
00:00:50:549		6.34825e+06		249.326		154.125		0		1.88516		279.036			00:00:50:549		1.21951e+07		-4.44598		0		0		4.50549e+06		500.951		
00:00:50:549		6.34825e+06		249.326		154.125		0		1.88516		279.036			00:00:50:549		1.21951e+07		-4.44598		0		0		4.50549e+06		500.951		
00:00:50:350		6.34843e+06		249.397		154.669		0		1.8728		279.095			00:00:50:350		1.22028e+07		-4.43437		0		0		4.51287e+06		501.733		
00:00:50:350		6.34843e+06		249.397		154.669		0		1.8728		279.095			00:00:50:350		1.22028e+07		-4.43437		0		0		4.51287e+06		501.733		
00:00:50:250		6.34852e+06		249.467		154.669		0		1.8728		279.125			00:00:50:250		1.22067e+07		-4.42855		0		0		4.51663e+06		502.157		
00:00:50:149		6.34861e+06		249.467		155.21		0		1.86045		279.155			00:00:50:149		1.22105e+07		-4.42274		0		0		4.52042e+06		502.59		
00:00:50:049		6.3487e+06		249.467		155.21		0		1.86045		279.185			00:00:50:049		1.22144e+07		-4.41693		0		0		4.5242e+06		502.998		
00:00:49:950		6.34879e+06		249.536		155.746		0		1.84811		279.215			00:00:49:950		1.22182e+07		-4.41111		0		0		4.52794e+06		503.381		
00:00:49:850		6.34888e+06		249.536		155.746		0		1.84811		279.244			00:00:49:850		1.2222e+07		-4.4053		0		0		4.53169e+06		503.766		
00:00:49:750		6.34897e+06		249.603		155.746		0		1.84811		279.274			00:00:49:750		1.22259e+07		-4.39948		0		0		4.53548e+06		504.179		
00:00:49:600		6.3491e+06		249.603		156.279		0		1.83577		279.319			00:00:49:600		1.22316e+07		-4.39075		0		0		4.54127e+06		504.836		
00:00:49:500		6.34919e+06		249.668		156.279		0		1.83577		279.349			00:00:49:500		1.22354e+07		-4.38492		0		0		4.54514e+06		505.255		
00:00:49:399		6.34928e+06		249.668		156.806		0		1.82343		279.379			00:00:49:399		1.22393e+07		-4.3791		0		0		4.54899e+06		505.649		
00:00:49:299		6.34937e+06		249.668		156.806		0		1.82343		279.409			00:00:49:299		1.22431e+07		-4.37327		0		0		4.55283e+06		506.044		
00:00:49:200		6.34946e+06		249.732		157.327		0		1.8111		279.439			00:00:49:200		1.22469e+07		-4.36744		0		0		4.55672e+06		506.47		
00:00:49:100		6.34955e+06		249.732		157.327		0		1.8111		279.469			00:00:49:100		1.22508e+07		-4.36161		0		0		4.56067e+06		506.928		
00:00:49:000		6.34964e+06		249.793		157.327		0		1.8111		279.499			00:00:49:000		1.22546e+07		-4.35577		0		0		4.56465e+06		507.383		
00:00:48:899		6.34973e+06		249.793		157.843		0		1.79878		279.529			00:00:48:899		1.22584e+07		-4.34994		0		0		4.5686e+06		507.803		
00:00:48:799		6.34982e+06		249.793		157.843		0		1.79878		279.559			00:00:48:799		1.22623e+07		-4.3441		0		0		4.57251e+06		508.197		
00:00:48:700		6.34991e+06		249.853		158.352		0		1.78647		279.589			00:00:48:700		1.22661e+07		-4.33827		0		0		4.57643e+06		508.605		
00:00:48:600		6.35e+06		249.853		158.352		0		1.78647		279.619			00:00:48:600		1.227e+07		-4.33243		0		0		4.58041e+06		509.055		
00:00:48:500		6.35009e+06		249.91		158.352		0		1.78647		279.649			00:00:48:500		1.22738e+07		-4.3266		0		0		4.58446e+06		509.532		
00:00:48:399		6.35018e+06		249.91		158.853		0		1.77416		279.679			00:00:48:399		1.22776e+07		-4.32078		0		0		4.58851e+06		509.99		
00:00:48:299		6.35028e+06		249.91		158.853		0		1.77416		279.71			00:00:48:299		1.22815e+07		-4.31495		0		0		4.59253e+06		510.404		
00:00:48:200		6.35037e+06		249.963		159.347		0		1.76186		279.74			00:00:48:200		1.22853e+07		-4.30913		0		0		4.5965e+06		510.8		
00:00:48:149		6.35041e+06		249.963		159.347		0		1.76186		279.755			00:00:48:149		1.22873e+07		-4.30622		0		0		4.5985e+06		511.007		
00:00:48:000		6.35055e+06		250.014		159.347		0		1.76186		279.8			00:00:48:000		1.2293e+07		-4.29748		0		0		4.6046e+06		511.701		
00:00:47:899		6.35064e+06		250.014		159.833		0		1.74957		279.831			00:00:47:899		1.22969e+07		-4.29165		0		0		4.60875e+06		512.196		
00:00:47:799		6.35073e+06		250.014		159.833		0		1.74957		279.861			00:00:47:799		1.23007e+07		-4.28581		0		0		4.61289e+06		512.652		
00:00:47:799		6.35073e+06		250.014		159.833		0		1.74957		279.861			00:00:47:799		1.23007e+07		-4.28581		0		0		4.61289e+06		512.652		
00:00:47:700		6.35082e+06		250.061		160.309		0		1.73729		279.891			00:00:47:700		1.23046e+07		-4.27997		0		0		4.61697e+06		513.059		
00:00:47:600		6.35091e+06		250.061		160.309		0		1.73729		279.922			00:00:47:600		1.23084e+07		-4.27412		0		0		4.62102e+06		513.462		
00:00:47:399		6.35109e+06		250.104		160.776		0		1.72502		279.983			00:00:47:399		1.23161e+07		-4.26238		0		0		4.62933e+06		514.41		
00:00:47:250		6.35123e+06		250.143		160.776		0		1.72502		280.029			00:00:47:250		1.23219e+07		-4.25354		0		0		4.6357e+06		515.148		
00:00:47:250		6.35123e+06		250.143		160.776		0		1.72502		280.029			00:00:47:250		1.23219e+07		-4.25354		0		0		4.6357e+06		515.148		
00:00:47:149		6.35132e+06		250.143		161.233		0		1.71276		280.06			00:00:47:149		1.23257e+07		-4.24763		0		0		4.63988e+06		515.576		
00:00:47:000		6.35146e+06		250.178		161.233		0		1.71276		280.106			00:00:47:000		1.23315e+07		-4.23872		0		0		4.64608e+06		516.195		
00:00:47:000		6.35146e+06		250.178		161.233		0		1.71276		280.106			00:00:47:000		1.23315e+07		-4.23872		0		0		4.64608e+06		516.195		
00:00:46:750		6.35169e+06		250.209		161.678		0		1.70051		280.183			00:00:46:750		1.23411e+07		-4.22381		0		0		4.65677e+06		517.455		
00:00:46:750		6.35169e+06		250.209		161.678		0		1.70051		280.183			00:00:46:750		1.23411e+07		-4.22381		0		0		4.65677e+06		517.455		
00:00:46:649		6.35178e+06		250.209		162.111		0		1.68828		280.214			00:00:46:649		1.23449e+07		-4.21784		0		0		4.66108e+06		517.931		
00:00:46:549		6.35187e+06		250.209		162.111		0		1.68828		280.245			00:00:46:549		1.23488e+07		-4.21186		0		0		4.6653e+06		518.345		
00:00:46:450		6.35196e+06		250.236		162.532		0		1.67606		280.276			00:00:46:450		1.23527e+07		-4.20588		0		0		4.66948e+06		518.753		
00:00:46:350		6.35205e+06		250.236		162.532		0		1.67606		280.307			00:00:46:350		1.23565e+07		-4.19991		0		0		4.67373e+06		519.221		
00:00:46:250		6.35214e+06		250.258		162.532		0		1.67606		280.338			00:00:46:250		1.23603e+07		-4.19393		0		0		4.67809e+06		519.754		
00:00:46:149		6.35223e+06		250.258		162.939		0		1.66385		280.369			00:00:46:149		1.23642e+07		-4.18795		0		0		4.68251e+06		520.284		
00:00:46:100		6.35228e+06		250.258		162.939		0		1.66385		280.384			00:00:46:100		1.23661e+07		-4.18497		0		0		4.68471e+06		520.525		
00:00:46:000		6.35237e+06		250.276		163.331		0		1.65167		280.415			00:00:46:000		1.237e+07		-4.17899		0		0		4.68901e+06		520.948		
00:00:45:850		6.35251e+06		250.276		163.331		0		1.65167		280.462			00:00:45:850		1.23757e+07		-4.17002		0		0		4.69539e+06		521.563		
00:00:45:799		6.35256e+06		250.276		163.331		0		1.65167		280.477			00:00:45:799		1.23777e+07		-4.16703		0		0		4.69755e+06		521.801		
00:00:45:700		6.35265e+06		250.288		163.708		0		1.6395		280.508			00:00:45:700		1.23815e+07		-4.16106		0		0		4.70198e+06		522.337		
00:00:45:549		6.35279e+06		250.288		163.708		0		1.6395		280.554			00:00:45:549		1.23873e+07		-4.15208		0		0		4.70876e+06		523.148		
00:00:45:450		6.35289e+06		250.295		164.069		0		1.62735		280.585			00:00:45:450		1.23912e+07		-4.1461		0		0		4.71318e+06		523.59		
00:00:45:350		6.35299e+06		250.295		164.069		0		1.62735		280.616			00:00:45:350		1.2395e+07		-4.14012		0		0		4.71751e+06		523.983		
00:00:45:250		6.35309e+06		250.297		164.069		0		1.62735		280.647			00:00:45:250		1.23989e+07		-4.13413		0		0		4.72187e+06		524.42		
00:00:45:149		6.35318e+06		250.297		164.412		0		1.61522		280.678			00:00:45:149		1.24027e+07		-4.12814		0		0		4.72638e+06		524.952		
00:00:45:049		6.35328e+06		250.297		164.412		0		1.61522		280.709			00:00:45:049		1.24066e+07		-4.12215		0		0		4.73102e+06		525.531		
00:00:44:950		6.35338e+06		250.294		164.737		0		1.60311		280.74			00:00:44:950		1.24104e+07		-4.11616		0		0		4.73565e+06		526.067		
00:00:44:850		6.35347e+06		250.294		164.737		0		1.60311		280.771			00:00:44:850		1.24143e+07		-4.11016		0		0		4.74018e+06		526.515		
00:00:44:750		6.35357e+06		250.285		164.737		0		1.60311		280.802			00:00:44:750		1.24181e+07		-4.10417		0		0		4.74462e+06		526.887		
00:00:44:649		6.35367e+06		250.285		165.043		0		1.59102		280.832			00:00:44:649		1.2422e+07		-4.09816		0		0		4.74907e+06		527.3		
00:00:44:549		6.35376e+06		250.285		165.043		0		1.59102		280.863			00:00:44:549		1.24259e+07		-4.09216		0		0		4.75373e+06		527.921		
00:00:44:450		6.35386e+06		250.269		165.327		0		1.57895		280.894			00:00:44:450		1.24297e+07		-4.08616		0		0		4.75863e+06		528.567		
00:00:44:350		6.35396e+06		250.269		165.327		0		1.57895		280.925			00:00:44:350		1.24336e+07		-4.08015		0		0		4.76342e+06		529.075		
00:00:44:250		6.35406e+06		250.247		165.327		0		1.57895		280.956			00:00:44:250		1.24374e+07		-4.07415		0		0		4.76799e+06		529.466		
00:00:44:100		6.3542e+06		250.247		165.59		0		1.56692		281.002			00:00:44:100		1.24432e+07		-4.06514		0		0		4.77482e+06		530.132		
00:00:44:000		6.3543e+06		250.219		165.59		0		1.56692		281.032			00:00:44:000		1.24471e+07		-4.05914		0		0		4.77962e+06		530.748		
00:00:43:899		6.3544e+06		250.219		165.829		0		1.5549		281.063			00:00:43:899		1.24509e+07		-4.05313		0		0		4.78457e+06		531.388		
00:00:43:799		6.3545e+06		250.219		165.829		0		1.5549		281.094			00:00:43:799		1.24548e+07		-4.04712		0		0		4.78944e+06		531.947		
00:00:43:700		6.3546e+06		250.184		166.044		0		1.54292		281.125			00:00:43:700		1.24587e+07		-4.04112		0		0		4.79414e+06		532.474		
00:00:43:600		6.3547e+06		250.184		166.044		0		1.54292		281.156			00:00:43:600		1.24626e+07		-4.03511		0		0		4.79878e+06		532.994		
00:00:43:500		6.3548e+06		250.142		166.044		0		1.54292		281.186			00:00:43:500		1.24665e+07		-4.02909		0		0		4.80341e+06		533.488		
00:00:43:399		6.3549e+06		250.142		166.233		0		1.53097		281.217			00:00:43:399		1.24704e+07		-4.02308		0		0		4.80801e+06		534.028		
00:00:43:299		6.35499e+06		250.142		166.233		0		1.53097		281.248			00:00:43:299		1.24743e+07		-4.01707		0		0		4.81267e+06		534.555		
00:00:43:250		6.35504e+06		250.093		166.233		0		1.53097		281.263			00:00:43:250		1.24763e+07		-4.01406		0		0		4.81498e+06		534.787		
00:00:43:149		6.35514e+06		250.093		166.395		0		1.51906		281.294			00:00:43:149		1.24802e+07		-4.00805		0		0		4.81955e+06		535.197		
00:00:43:049		6.35523e+06		250.093		166.395		0		1.51906		281.325			00:00:43:049		1.24841e+07		-4.00204		0		0		4.82411e+06		535.632		
00:00:42:899		6.35537e+06		250.036		166.528		0		1.50717		281.37			00:00:42:899		1.249e+07		-3.99303		0		0		4.83124e+06		536.414		
00:00:42:799		6.35546e+06		250.036		166.528		0		1.50717		281.401			00:00:42:799		1.24939e+07		-3.98702		0		0		4.83611e+06		536.969		
00:00:42:700		6.35555e+06		249.961		166.632		0		1.4954		281.432			00:00:42:700		1.24978e+07		-3.98101		0		0		4.84104e+06		537.616		
00:00:42:600		6.35564e+06		249.961		166.632		0		1.4954		281.462			00:00:42:600		1.25018e+07		-3.97501		0		0		4.84599e+06		538.216		
00:00:42:500		6.35573e+06		249.854		166.632		0		1.4954		281.493			00:00:42:500		1.25057e+07		-3.969		0		0		4.85079e+06		538.691		
00:00:42:399		6.35583e+06		249.854		166.707		0		1.48385		281.523			00:00:42:399		1.25096e+07		-3.96299		0		0		4.85544e+06		539.206		
00:00:42:299		6.35592e+06		249.854		166.707		0		1.48385		281.554			00:00:42:299		1.25136e+07		-3.95699		0		0		4.86019e+06		539.823		
00:00:42:200		6.35601e+06		249.713		166.753		0		1.47252		281.584			00:00:42:200		1.25175e+07		-3.95099		0		0		4.86499e+06		540.345		
00:00:42:100		6.3561e+06		249.713		166.753		0		1.47252		281.614			00:00:42:100		1.25214e+07		-3.94499		0		0		4.86962e+06		540.839		
00:00:42:000		6.35619e+06		249.539		166.753		0		1.47252		281.645			00:00:42:000		1.25254e+07		-3.93899		0		0		4.87426e+06		541.779		
00:00:41:899		6.35629e+06		249.539		166.772		0		1.46142		281.675			00:00:41:899		1.25293e+07		-3.93298		0		0		4.87913e+06		542.038		
00:00:41:899		6.35629e+06		249.539		166.772		0		1.46142		281.675			00:00:41:899		1.25293e+07		-3.93298		0		0		4.87913e+06		542.038		
00:00:41:799		6.35638e+06		249.539		166.772		0		1.46142		281.706			00:00:41:799		1.25332e+07		-3.92697		0		0		4.8831e+06		542.397		
00:00:41:700		6.35647e+06		249.332		166.763		0		1.45055		281.736			00:00:41:700		1.25371e+07		-3.92096		0		0		4.88738e+06		542.64		
00:00:41:600		6.35656e+06		249.332		166.763		0		1.45055		281.766			00:00:41:600		1.25411e+07		-3.91494		0		0		4.89177e+06		543.221		
00:00:41:350		6.35679e+06		249.091		166.727		0		1.4399		281.842			00:00:41:350		1.25509e+07		-3.89989		0		0		4.90377e+06		544.515		
00:00:41:299		6.35684e+06		249.091		166.727		0		1.4399		281.857			00:00:41:299		1.25528e+07		-3.89688		0		0		4.906e+06		544.651		
00:00:41:299		6.35684e+06		249.091		166.727		0		1.4399		281.857			00:00:41:299		1.25528e+07		-3.89688		0		0		4.906e+06		544.651		
00:00:41:200		6.35693e+06		248.816		166.666		0		1.42948		281.887			00:00:41:200		1.25567e+07		-3.89086		0		0		4.91052e+06		545.104		
00:00:41:049		6.35707e+06		248.816		166.666		0		1.42948		281.932			00:00:41:049		1.25626e+07		-3.88185		0		0		4.91796e+06		546.032		
00:00:41:000		6.35711e+06		248.507		166.666		0		1.42948		281.947			00:00:41:000		1.25646e+07		-3.87885		0		0		4.92051e+06		546.344		
00:00:40:850		6.35725e+06		248.507		166.579		0		1.41929		281.993			00:00:40:850		1.25704e+07		-3.86988		0		0		4.92802e+06		547.073		
00:00:40:649		6.35744e+06		248.164		166.468		0		1.40933		282.053			00:00:40:649		1.25782e+07		-3.85798		0		0		4.93788e+06		548.154		
00:00:40:649		6.35744e+06		248.164		166.468		0		1.40933		282.053			00:00:40:649		1.25782e+07		-3.85798		0		0		4.93788e+06		548.154		
00:00:40:549		6.35753e+06		248.164		166.468		0		1.40933		282.083			00:00:40:549		1.25821e+07		-3.85205		0		0		4.94293e+06		548.704		
00:00:40:299		6.35767e+06		247.787		166.335		0		1.39959		282.127			00:00:40:299		1.2588e+07		-3.8432		0		0		4.95054e+06		549.535		
00:00:40:299		6.35776e+06		247.787		166.335		0		1.39959		282.157			00:00:40:299		1.25919e+07		-3.83731		0		0		4.95563e+06		550.09		
00:00:40:299		6.35776e+06		247.787		166.335		0		1.39959		282.157			00:00:40:299		1.25919e+07		-3.83731		0		0		4.95563e+06		550.09		
00:00:40:149		6.3579e+06		247.375		166.179		0		1.39009		282.202			00:00:40:149		1.25977e+07		-3.82846		0		0		4.9633e+06		550.925		
00:00:40:049		6.35799e+06		247.375		166.179		0		1.39009		282.232			00:00:40:049		1.26016e+07		-3.82256		0		0		4.96843e+06		551.483		
00:00:39:950		6.35808e+06		246.927		166.002		0		1.38082		282.262			00:00:39:950		1.26055e+07		-3.81663		0		0		4.97358e+06		552.042		
00:00:39:850		6.35817e+06		246.927		166.002		0		1.38082		282.292			00:00:39:850		1.26094e+07		-3.81067		0		0		4.97875e+06		552.604		
00:00:39:750		6.35826e+06		246.443		166.002		0		1.38082		282.322			00:00:39:750		1.26133e+07		-3.80468		0		0		4.98393e+06		553.166		
00:00:39:649		6.35836e+06		246.443		165.805		0		1.37179		282.351			00:00:39:649		1.26172e+07		-3.79864		0		0		4.98914e+06		553.731		
00:00:39:549		6.35845e+06		246.443		165.805		0		1.37179		282.381			00:00:39:549		1.26211e+07		-3.79256		0		0		4.99436e+06		554.296		
00:00:39:350		6.35863e+06		245.922		165.591		0		1.363		282.441			00:00:39:350		1.26289e+07		-3.78024		0		0		5.00487e+06		555.438		
00:00:39:350		6.35863e+06		245.922		165.591		0		1.363		282.441			00:00:39:350		1.26289e+07		-3.78024		0		0		5.00487e+06		555.438		
00:00:39:250		6.35872e+06		245.362		165.591		0		1.363		282.471			00:00:39:250		1.26328e+07		-3.77403		0		3.46914		5.01015e+06		556.015		
00:00:39:149		6.35882e+06		245.362		165.361		0		1.35447		282.501			00:00:39:149		1.26367e+07		-3.76778		0		0		5.01546e+06		556.595		
00:00:39:049		6.35891e+06		245.362		165.361		0		1.35447		282.531			00:00:39:049		1.26405e+07		-3.76153		0		0		5.02079e+06		557.177		
00:00:38:950		6.359e+06		244.761		165.118		0		1.34622		282.56			00:00:38:950		1.26444e+07		-3.7553		0		0		5.02614e+06		557.761		
00:00:38:850		6.35909e+06		244.761		165.118		0		1.34622		282.59			00:00:38:850		1.26483e+07		-3.74912		0		0		5.03151e+06		558.347		
00:00:38:750		6.35918e+06		244.112		165.118		0		1.34622		282.62			00:00:38:750		1.26522e+07		-3.74301		0		0		5.0369e+06		558.937		
00:00:38:649		6.35928e+06		244.112		164.864		0		1.33827		282.65			00:00:38:649		1.26561e+07		-3.73699		0		0		5.04231e+06		559.529		
00:00:38:549		6.35937e+06		244.112		164.864		0		1.33827		282.68			00:00:38:549		1.266e+07		-3.73109		0		0		5.04775e+06		560.123		
00:00:38:450		6.35946e+06		243.385		164.604		0		1.33076		282.71			00:00:38:450		1.26639e+07		-3.72532		0		0		5.05322e+06		560.72		
00:00:38:350		6.35955e+06		243.385		164.604		0		1.33076		282.74			00:00:38:350		1.26677e+07		-3.71967		0		0		5.0587e+06		561.32		
00:00:38:250		6.35964e+06		242.615		164.604		0		1.33076		282.77			00:00:38:250		1.26716e+07		-3.71414		0		0		5.06422e+06		561.926		
00:00:38:149		6.35974e+06		242.615		164.341		0		1.32366		282.8			00:00:38:149		1.26755e+07		-3.70871		0		0		5.06976e+06		562.54		
00:00:38:000		6.35987e+06		241.843		164.341		0		1.32366		282.845			00:00:38:000		1.26813e+07		-3.70069		0		0		5.07812e+06		563.474		
00:00:37:899		6.35997e+06		241.843		164.076		0		1.31654		282.875			00:00:37:899		1.26852e+07		-3.69538		0		0		5.08372e+06		564.102		
00:00:37:799		6.36006e+06		241.843		164.076		0		1.31654		282.905			00:00:37:799		1.26891e+07		-3.69008		0		0		5.08933e+06		564.729		
00:00:37:700		6.36015e+06		241.068		163.809		0		1.3094		282.935			00:00:37:700		1.2693e+07		-3.68476		0		0		5.09495e+06		565.36		
00:00:37:649		6.3602e+06		241.068		163.809		0		1.3094		282.95			00:00:37:649		1.26949e+07		-3.68209		0		0		5.09777e+06		565.676		
00:00:37:500		6.36033e+06		240.292		163.809		0		1.3094		282.995			00:00:37:500		1.27008e+07		-3.674		0		0		5.10624e+06		566.629		
00:00:37:399		6.36043e+06		240.292		163.539		0		1.30223		283.025			00:00:37:399		1.27047e+07		-3.66853		0		0		5.11191e+06		567.27		
00:00:37:299		6.36052e+06		240.292		163.539		0		1.30223		283.054			00:00:37:299		1.27086e+07		-3.663		0		0		5.1176e+06		567.918		
00:00:37:200		6.36061e+06		239.513		163.266		0		1.29505		283.084			00:00:37:200		1.27125e+07		-3.6574		0		0		5.12331e+06		568.573		
00:00:37:100		6.3607e+06		239.513		163.266		0		1.29505		283.114			00:00:37:100		1.27164e+07		-3.65173		0		0		5.12905e+06		569.236		
00:00:37:000		6.36079e+06		238.732		163.266		0		1.29505		283.144			00:00:37:000		1.27204e+07		-3.646		0		0		5.1348e+06		569.907		
00:00:36:950		6.36084e+06		238.732		162.991		0		1.28785		283.159			00:00:36:950		1.27223e+07		-3.64311		0		0		5.13769e+06		570.245		
00:00:36:850		6.36093e+06		238.732		162.991		0		1.28785		283.189			00:00:36:850		1.27263e+07		-3.63729		0		0		5.14348e+06		570.928		
00:00:36:750		6.36102e+06		237.948		162.991		0		1.28785		283.219			00:00:36:750		1.27302e+07		-3.63141		0		0		5.14929e+06		571.615		
00:00:36:649		6.36112e+06		237.948		162.712		0		1.28064		283.249			00:00:36:649		1.27342e+07		-3.62547		0		0		5.15512e+06		572.279		
00:00:36:500		6.36125e+06		237.163		162.712		0		1.28064		283.293			00:00:36:500		1.27401e+07		-3.61648		0		0		5.16391e+06		573.233		
00:00:36:399		6.36135e+06		237.163		162.431		0		1.2734		283.323			00:00:36:399		1.27441e+07		-3.61042		0		0		5.1698e+06		573.878		
00:00:36:299		6.36144e+06		237.163		162.431		0		1.2734		283.353			00:00:36:299		1.2748e+07		-3.60432		0		0		5.17572e+06		574.524		
00:00:36:200		6.36153e+06		236.375		162.147		0		1.26614		283.383			00:00:36:200		1.2752e+07		-3.59818		0		0		5.18167e+06		575.173		
00:00:36:100		6.36162e+06		236.375		162.147		0		1.26614		283.412			00:00:36:100		1.27559e+07		-3.592		0		0		5.18764e+06		575.823		
00:00:36:000		6.36171e+06		235.584		162.147		0		1.26614		283.442			00:00:36:000		1.27599e+07		-3.58578		0		0		5.19364e+06		576.476		
00:00:35:899		6.36181e+06		235.584		161.859		0		1.25885		283.472			00:00:35:899		1.27639e+07		-3.57954		0		0		5.19966e+06		577.13		
00:00:35:799		6.3619e+06		235.584		161.859		0		1.25885		283.501			00:00:35:799		1.27678e+07		-3.57326		0		0		5.20571e+06		577.786		
00:00:35:700		6.3619e+06		235.584		161.859		0		1.25885		283.501			00:00:35:700		1.27678e+07		-3.57326		0		0		5.20571e+06		577.786		
00:00:35:700		6.36199e+06		234.792		161.568		0		1.25155		283.53			00:00:35:700		1.27718e+07		-3.56696		0		0		5.21179e+06		578.448		
00:00:35:600		6.36208e+06		234.792		161.568		0		1.25155		283.56			00:00:35:600		1.27759e+07		-3.56065		0		0		5.2179e+06		579.115		
00:00:35:500		6.36217e+06		233.996		161.568		0		1.25155		283.589			00:00:35:500		1.27799e+07		-3.55432		0		0		5.22404e+06		579.791		
00:00:35:250		6.3624e+06		233.199		161.274		0		1.24423		283.662			00:00:35:250		1.27899e+07		-3.53842		0		0		5.2395e+06		581.495		
00:00:35:250		6.3624e+06		233.199		161.274		0		1.24423		283.662			00:00:35:250		1.27899e+07		-3.53842		0		0		5.2395e+06		581.495		
00:00:35:149		6.3625e+06		233.199		160.976		0		1.23688		283.691			00:00:35:149		1.2794e+07		-3.53203		0		0		5.24571e+06		582.176		
00:00:35:100		6.36254e+06		233.199		160.976		0		1.23688		283.705			00:00:35:100		1.2796e+07		-3.52883		0		0		5.24882e+06		582.517		
00:00:35:000		6.36263e+06		232.398		160.976		0		1.23688		283.734			00:00:35:000		1.28e+07		-3.52241		0		0		5.25506e+06		583.2		
00:00:34:850		6.36277e+06		232.398		160.674		0		1.22951		283.777			00:00:34:850		1.28061e+07		-3.51276		0		0		5.26446e+06		584.23		
00:00:34:750		6.36286e+06		231.596		160.674		0		1.22951		283.806			00:00:34:750		1.28101e+07		-3.5063		0		0		5.27075e+06		584.919		
00:00:34:649		6.36296e+06		231.596		160.368		0		1.22212		283.834			00:00:34:649		1.28142e+07		-3.49982		0		0		5.27706e+06		585.611		
00:00:34:549		6.36305e+06		231.596		160.368		0		1.22212		283.863			00:00:34:549		1.28183e+07		-3.49332		0		0		5.28339e+06		586.306		
00:00:34:350		6.36323e+06		230.79		160.059		0		1.21471		283.92			00:00:34:350		1.28265e+07		-3.48026		0		0		5.29613e+06		587.701		
00:00:34:250		6.36332e+06		229.982		160.059		0		1.21471		283.948			00:00:34:250		1.28306e+07		-3.4737		0		0		5.30253e+06		588.4		
00:00:34:250		6.36332e+06		229.982		160.059		0		1.21471		283.948			00:00:34:250		1.28306e+07		-3.4737		0		0		5.30253e+06		588.4		
00:00:34:149		6.36342e+06		229.982		159.745		0		1.20727		283.976			00:00:34:149		1.28347e+07		-3.46712		0		0		5.30895e+06		589.102		
00:00:34:049		6.36351e+06		229.982		159.745		0		1.20727		284.004			00:00:34:049		1.28388e+07		-3.46051		0		0		5.31539e+06		589.81		
00:00:33:950		6.3636e+06		229.172		159.427		0		1.19981		284.033			00:00:33:950		1.2843e+07		-3.45389		0		0		5.32186e+06		590.514		
00:00:33:850		6.36369e+06		229.172		159.427		0		1.19981		284.061			00:00:33:850		1.28471e+07		-3.44724		0		0		5.32835e+06		591.22		
00:00:33:750		6.36378e+06		228.358		159.427		0		1.19981		284.089			00:00:33:750		1.28513e+07		-3.44057		0		0		5.33486e+06		591.929		
00:00:33:649		6.36388e+06		228.358		159.105		0		1.19233		284.117			00:00:33:649		1.28554e+07		-3.43387		0		0		5.3414e+06		592.644		
00:00:33:549		6.36397e+06		228.358		159.105		0		1.19233		284.146			00:00:33:549		1.28596e+07		-3.42715		0		0		5.34797e+06		593.358		
00:00:33:350		6.36415e+06		227.542		158.778		0		1.18482		284.202			00:00:33:350		1.2868e+07		-3.41364		0		0		5.36119e+06		594.796		
00:00:33:250		6.36424e+06		226.724		158.778		0		1.18482		284.23			00:00:33:250		1.28722e+07		-3.40684		0		0		5.36784e+06		595.521		
00:00:33:250		6.36424e+06		226.724		158.778		0		1.18482		284.23			00:00:33:250		1.28722e+07		-3.40684		0		0		5.36784e+06		595.521		
00:00:33:149		6.36434e+06		226.724		158.447		0		1.1773		284.259			00:00:33:149		1.28764e+07		-3.40001		0		11.2244		5.37452e+06		596.257		
00:00:33:049		6.36443e+06		226.724		158.447		0		1.1773		284.287			00:00:33:049		1.28806e+07		-3.39315		0		0		5.38123e+06		596.997		
00:00:32:950		6.36452e+06		225.902		158.111		0		1.16974		284.315			00:00:32:950		1.28849e+07		-3.38627		0		0		5.38796e+06		597.74		
00:00:32:850		6.36461e+06		225.902		158.111		0		1.16974		284.343			00:00:32:850		1.28891e+07		-3.37936		0		0		5.3947e+06		598.471		
00:00:32:750		6.3647e+06		225.078		158.111		0		1.16974		284.372			00:00:32:750		1.28934e+07		-3.37242		0		3.46914		5.40145e+06		599.204		
00:00:32:600		6.36484e+06		225.078		157.771		0		1.16217		284.414			00:00:32:600		1.28998e+07		-3.36196		0		0		5.41162e+06		600.315		
00:00:32:549		6.36489e+06		225.078		157.771		0		1.16217		284.428			00:00:32:549		1.2902e+07		-3.35846		0		0		5.41503e+06		600.689		
00:00:32:350		6.36507e+06		224.251		157.426		0		1.15457		284.484			00:00:32:350		1.29107e+07		-3.34439		0		0		5.42871e+06		602.185		
00:00:32:250		6.36516e+06		223.421		157.426		0		1.15457		284.512			00:00:32:250		1.2915e+07		-3.3373		0		0		5.43559e+06		602.938		
00:00:32:250		6.36516e+06		223.421		157.426		0		1.15457		284.512			00:00:32:250		1.2915e+07		-3.3373		0		0		5.43559e+06		602.938		
00:00:32:149		6.36526e+06		223.421		157.075		0		1.14694		284.541			00:00:32:149		1.29194e+07		-3.33019		0		0		5.4425e+06		603.693		
00:00:32:049		6.36535e+06		223.421		157.075		0		1.14694		284.569			00:00:32:049		1.29238e+07		-3.32304		0		0		5.44942e+06		604.45		
00:00:31:949		6.36544e+06		222.589		156.72		0		1.1393		284.597			00:00:31:949		1.29283e+07		-3.31587		0		0		5.45637e+06		605.211		
00:00:31:800		6.36558e+06		222.589		156.72		0		1.1393		284.64			00:00:31:800		1.2935e+07		-3.30504		0		0		5.46683e+06		606.354		
00:00:31:699		6.36567e+06		221.754		156.36		0		1.13162		284.668			00:00:31:699		1.29394e+07		-3.29779		0		0		5.47384e+06		607.116		
00:00:31:600		6.36576e+06		221.754		156.36		0		1.13162		284.697			00:00:31:600		1.29439e+07		-3.2905		0		0		5.48086e+06		607.885		
00:00:31:500		6.36585e+06		220.916		156.36		0		1.13162		284.725			00:00:31:500		1.29485e+07		-3.28318		0		0		5.48792e+06		608.653		
00:00:31:399		6.36595e+06		220.916		155.995		0		1.12392		284.754			00:00:31:399		1.2953e+07		-3.27582		0		0		5.495e+06		609.422		
00:00:31:300		6.36604e+06		220.916		155.995		0		1.12392		284.783			00:00:31:300		1.29576e+07		-3.26844		0		0		5.50211e+06		610.196		
00:00:31:199		6.36613e+06		220.075		155.624		0		1.1162		284.812			00:00:31:199		1.29621e+07		-3.26102		0		0		5.50924e+06		610.972		
00:00:31:100		6.36622e+06		220.075		155.624		0		1.1162		284.84			00:00:31:100		1.29667e+07		-3.25355		0		0		5.51641e+06		611.75		
00:00:31:000		6.36631e+06		219.231		155.624		0		1.1162		284.867			00:00:31:000		1.29714e+07		-3.24604		0		0		5.52361e+06		612.538		
00:00:31:000		6.36631e+06		219.231		155.624		0		1.1162		284.867			00:00:31:000		1.29714e+07		-3.24604		0		0		5.52361e+06		612.538		
00:00:30:800		6.3665e+06		219.231		155.247		0		1.10845		284.923			00:00:30:800		1.29807e+07		-3.2309		0		0		5.5381e+06		614.133		
00:00:30:699		6.36659e+06		218.384		154.865		0		1.10068		284.951			00:00:30:699		1.29854e+07		-3.22327		0		0		5.54538e+06		614.94		
00:00:30:600		6.36668e+06		218.384		154.865		0		1.10068		284.979			00:00:30:600		1.29902e+07		-3.21559		0		0		5.55267e+06		615.744		
00:00:30:399		6.36687e+06		217.534		154.476		0		1.09288		285.036			00:00:30:399		1.29998e+07		-3.20013		0		0		5.56731e+06		617.364		
00:00:30:300		6.36696e+06		217.534		154.476		0		1.09288		285.064			00:00:30:300		1.30046e+07		-3.19233		0		0		5.57467e+06		618.178		
00:00:30:300		6.36696e+06		217.534		154.476		0		1.09288		285.064			00:00:30:300		1.30046e+07		-3.19233		0		0		5.57467e+06		618.178		
00:00:30:199		6.36705e+06		216.682		154.081		0		1.08505		285.093			00:00:30:199		1.30095e+07		-3.18448		0		0		5.58204e+06		618.992		
00:00:30:100		6.36714e+06		216.682		154.081		0		1.08505		285.122			00:00:30:100		1.30144e+07		-3.17659		0		0		5.58942e+06		619.808		
00:00:30:000		6.36723e+06		215.826		154.081		0		1.08505		285.15			00:00:30:000		1.30193e+07		-3.16866		0		0		5.59683e+06		620.624		
00:00:29:899		6.36733e+06		215.826		153.68		0		1.0772		285.179			00:00:29:899		1.30243e+07		-3.16068		0		0		5.60425e+06		621.441		
00:00:29:800		6.36742e+06		215.826		153.68		0		1.0772		285.207			00:00:29:800		1.30293e+07		-3.15265		0		0		5.6117e+06		622.261		
00:00:29:699		6.36751e+06		214.967		153.272		0		1.06932		285.236			00:00:29:699		1.30343e+07		-3.14457		0		0		5.61917e+06		623.088		
00:00:29:600		6.3676e+06		214.967		153.272		0		1.06932		285.265			00:00:29:600		1.30394e+07		-3.13644		0		0		5.62667e+06		623.917		
00:00:29:600		6.3676e+06		214.967		153.272		0		1.06932		285.265			00:00:29:600		1.30394e+07		-3.13644		0		0		5.62667e+06		623.917		
00:00:29:500		6.36769e+06		214.106		153.272		0		1.06932		285.294			00:00:29:500		1.30444e+07		-3.12827		0		0		5.63419e+06		624.748		
00:00:29:250		6.36792e+06		213.241		152.856		0		1.06142		285.366			00:00:29:250		1.30573e+07		-3.10761		0		11.4176		5.65306e+06		626.796		
00:00:29:250		6.36792e+06		213.241		152.856		0		1.06142		285.366			00:00:29:250		1.30573e+07		-3.10761		0		11.4176		5.65306e+06		626.796		
00:00:29:149		6.36802e+06		213.241		152.434		0		1.05349		285.395			00:00:29:149		1.30625e+07		-3.09926		0		11.4176		5.66066e+06		627.625		
00:00:29:050		6.36811e+06		213.241		152.434		0		1.05349		285.424			00:00:29:050		1.30678e+07		-3.09086		0		11.4815		5.66831e+06		628.461		
00:00:28:949		6.3682e+06		212.373		152.004		0		1.04553		285.454			00:00:28:949		1.3073e+07		-3.08242		0		11.6085		5.67601e+06		629.309		
00:00:28:850		6.36829e+06		212.373		152.004		0		1.04553		285.483			00:00:28:850		1.30783e+07		-3.07392		0		11.6085		5.68374e+06		630.173		
00:00:28:750		6.36838e+06		211.502		152.004		0		1.04553		285.512			00:00:28:750		1.30837e+07		-3.06537		0		11.6716		5.69151e+06		631.048		
00:00:28:649		6.36848e+06		211.502		151.567		0		1.03754		285.542			00:00:28:649		1.30891e+07		-3.05676		0		11.7345		5.6993e+06		631.924		
00:00:28:550		6.36857e+06		211.502		151.567		0		1.03754		285.571			00:00:28:550		1.30945e+07		-3.04809		0		11.7971		5.7071e+06		632.792		
00:00:28:449		6.36866e+06		210.628		151.121		0		1.02952		285.601			00:00:28:449		1.31e+07		-3.03937		0		11.8595		5.71491e+06		633.649		
00:00:28:250		6.36884e+06		209.751		151.121		0		1.02952		285.661			00:00:28:250		1.3111e+07		-3.02175		0		11.8595		5.73057e+06		635.377		
00:00:28:250		6.36884e+06		209.751		151.121		0		1.02952		285.661			00:00:28:250		1.3111e+07		-3.02175		0		11.8595		5.73057e+06		635.377		
00:00:28:149		6.36894e+06		209.751		150.668		0		1.02148		285.69			00:00:28:149		1.31166e+07		-3.01286		0		12.0451		5.73846e+06		636.259		
00:00:28:050		6.36903e+06		209.751		150.668		0		1.02148		285.721			00:00:28:050		1.31222e+07		-3.0039		0		11.9834		5.74638e+06		637.154		
00:00:27:949		6.36912e+06		208.871		150.206		0		1.01341		285.751			00:00:27:949		1.31279e+07		-2.99489		0		12.1065		5.75433e+06		638.054		
00:00:27:850		6.36921e+06		208.871		150.206		0		1.01341		285.781			00:00:27:850		1.31336e+07		-2.98581		0		12.1065		5.76229e+06		638.947		
00:00:27:750		6.3693e+06		207.987		150.206		0		1.01341		285.811			00:00:27:750		1.31394e+07		-2.97668		0		12.1676		5.77023e+06		639.828		
00:00:27:649		6.3694e+06		207.987		149.735		0		1.00532		285.842			00:00:27:649		1.31452e+07		-2.96748		0		12.2286		5.77818e+06		640.7		
00:00:27:550		6.36949e+06		207.987		149.735		0		1.00532		285.872			00:00:27:550		1.31511e+07		-2.95822		0		12.2893		5.78614e+06		641.556		
00:00:27:350		6.36967e+06		207.1		149.255		0		0.997189		285.934			00:00:27:350		1.31629e+07		-2.93951		0		12.3497		5.80218e+06		643.327		
00:00:27:250		6.36976e+06		206.21		149.255		0		0.997189		285.965			00:00:27:250		1.31689e+07		-2.93006		0		12.41		5.81027e+06		644.217		
00:00:27:250		6.36976e+06		206.21		149.255		0		0.997189		285.965			00:00:27:250		1.31689e+07		-2.93006		0		12.41		5.81027e+06		644.217		
00:00:27:149		6.36986e+06		206.21		148.766		0		0.989034		285.996			00:00:27:149		1.3175e+07		-2.92054		0		12.47		5.81839e+06		645.112		
00:00:27:000		6.36999e+06		205.317		148.766		0		0.989034		286.044			00:00:27:000		1.31841e+07		-2.90614		0		0		5.83063e+06		646.464		
00:00:26:949		6.37004e+06		205.317		148.267		0		0.98085		286.059			00:00:26:949		1.31872e+07		-2.90131		0		12.5298		5.83473e+06		646.919		
00:00:26:850		6.37013e+06		205.317		148.267		0		0.98085		286.091			00:00:26:850		1.31934e+07		-2.89159		0		12.5298		5.84295e+06		647.831		
00:00:26:750		6.37022e+06		204.42		148.267		0		0.98085		286.122			00:00:26:750		1.31996e+07		-2.88181		0		12.5298		5.85119e+06		648.753		
00:00:26:649		6.37032e+06		204.42		147.758		0		0.972637		286.153			00:00:26:649		1.32059e+07		-2.87196		0		12.5894		5.85946e+06		649.678		
00:00:26:500		6.37045e+06		203.519		147.758		0		0.972637		286.201			00:00:26:500		1.32154e+07		-2.85705		0		0		5.87189e+06		651.064		
00:00:26:399		6.37055e+06		203.519		147.238		0		0.964395		286.233			00:00:26:399		1.32218e+07		-2.84703		0		0		5.88017e+06		651.974		
00:00:26:300		6.37064e+06		203.519		147.238		0		0.964395		286.266			00:00:26:300		1.32283e+07		-2.83694		0		0		5.88846e+06		652.889		
00:00:26:199		6.37073e+06		202.615		146.708		0		0.956123		286.298			00:00:26:199		1.32348e+07		-2.82678		0		0		5.89677e+06		653.801		
00:00:26:100		6.37082e+06		202.615		146.708		0		0.956123		286.331			00:00:26:100		1.32414e+07		-2.81656		0		0		5.9051e+06		654.71		
00:00:26:000		6.37091e+06		201.707		146.708		0		0.956123		286.364			00:00:26:000		1.3248e+07		-2.80626		0		0		5.91346e+06		655.623		
00:00:25:899		6.37101e+06		201.707		146.167		0		0.947821		286.397			00:00:25:899		1.32547e+07		-2.7959		0		0		5.92186e+06		656.548		
00:00:25:800		6.3711e+06		201.707		146.167		0		0.947821		286.43			00:00:25:800		1.32614e+07		-2.78548		0		0		5.9303e+06		657.477		
00:00:25:699		6.37119e+06		200.796		145.614		0		0.93949		286.464			00:00:25:699		1.32682e+07		-2.77499		0		0		5.93876e+06		658.407		
00:00:25:600		6.37128e+06		200.796		145.614		0		0.93949		286.497			00:00:25:600		1.32751e+07		-2.76443		0		0		5.94726e+06		659.341		
00:00:25:500		6.37137e+06		199.881		145.614		0		0.93949		286.531			00:00:25:500		1.3282e+07		-2.75381		0		0		5.95579e+06		660.276		
00:00:25:399		6.37147e+06		199.881		145.049		0		0.931128		286.566			00:00:25:399		1.32889e+07		-2.74312		0		0		5.96435e+06		661.215		
00:00:25:300		6.37156e+06		199.881		145.049		0		0.931128		286.6			00:00:25:300		1.3296e+07		-2.73235		0		0		5.97294e+06		662.162		
00:00:25:199		6.37165e+06		198.963		144.471		0		0.922736		286.635			00:00:25:199		1.3303e+07		-2.72152		0		0		5.98157e+06		663.112		
00:00:25:100		6.37174e+06		198.963		144.471		0		0.922736		286.67			00:00:25:100		1.33102e+07		-2.71061		0		0		5.99023e+06		664.07		
00:00:25:000		6.37183e+06		198.041		144.471		0		0.922736		286.705			00:00:25:000		1.33174e+07		-2.69963		0		0		5.99893e+06		665.034		
00:00:24:899		6.37193e+06		198.041		143.881		0		0.914313		286.741			00:00:24:899		1.33246e+07		-2.68859		0		0		6.00765e+06		666.015		
00:00:24:899		6.37193e+06		198.041		143.881		0		0.914313		286.741			00:00:24:899		1.33246e+07		-2.68859		0		0		6.00765e+06		666.015		
00:00:24:800		6.37202e+06		198.041		143.881		0		0.914313		286.777			00:00:24:800		1.33319e+07		-2.67747		0		0		6.0164e+06		667.014		
00:00:24:600		6.3722e+06		197.115		143.277		0		0.90586		286.849			00:00:24:600		1.33466e+07		-2.65502		0		0		6.03392e+06		669.028		
00:00:24:600		6.3722e+06		197.115		143.277		0		0.90586		286.849			00:00:24:600		1.33466e+07		-2.65502		0		0		6.03392e+06		669.028		
00:00:24:399		6.37239e+06		196.185		142.659		0		0.897376		286.923			00:00:24:399		1.33616e+07		-2.63228		0		0		6.05129e+06		670.975		
00:00:24:300		6.37248e+06		196.185		142.659		0		0.897376		286.96			00:00:24:300		1.33692e+07		-2.6208		0		0		6.05993e+06		671.931		
00:00:24:199		6.37257e+06		195.252		142.028		0		0.888862		286.998			00:00:24:199		1.33768e+07		-2.60925		0		0		6.06857e+06		672.888		
00:00:24:100		6.37266e+06		195.252		142.028		0		0.888862		287.036			00:00:24:100		1.33845e+07		-2.59763		0		0		6.07722e+06		673.845		
00:00:24:100		6.37266e+06		195.252		142.028		0		0.888862		287.036			00:00:24:100		1.33845e+07		-2.59763		0		0		6.07722e+06		673.845		
00:00:24:000		6.37276e+06		194.314		142.028		0		0.888862		287.074			00:00:24:000		1.33922e+07		-2.58593		0		0		6.08589e+06		674.801		
00:00:23:899		6.37285e+06		194.314		141.381		0		0.880317		287.112			00:00:23:899		1.34e+07		-2.57417		0		0		6.09457e+06		675.761		
00:00:23:800		6.37294e+06		194.314		141.381		0		0.880317		287.151			00:00:23:800		1.34078e+07		-2.56234		0		0		6.10327e+06		676.722		
00:00:23:649		6.37308e+06		193.372		140.72		0		0.871741		287.21			00:00:23:649		1.34196e+07		-2.54446		0		11.4176		6.11635e+06		678.168		
00:00:23:550		6.37317e+06		193.372		140.72		0		0.871741		287.249			00:00:23:550		1.34276e+07		-2.53244		0		11.2244		6.1251e+06		679.132		
00:00:23:449		6.37327e+06		192.427		140.043		0		0.863135		287.289			00:00:23:449		1.34355e+07		-2.52036		0		11.0941		6.13386e+06		680.098		
00:00:23:250		6.37345e+06		191.477		140.043		0		0.863135		287.37			00:00:23:250		1.34515e+07		-2.496		0		10.8302		6.15144e+06		682.036		
00:00:23:250		6.37345e+06		191.477		140.043		0		0.863135		287.37			00:00:23:250		1.34515e+07		-2.496		0		10.8302		6.15144e+06		682.036		
00:00:23:149		6.37355e+06		191.477		139.35		0		0.854497		287.411			00:00:23:149		1.34595e+07		-2.48373		0		10.7634		6.16026e+06		683.005		
00:00:23:050		6.37364e+06		191.477		139.35		0		0.854497		287.452			00:00:23:050		1.34676e+07		-2.47139		0		10.4935		6.1691e+06		683.968		
00:00:22:850		6.37382e+06		190.524		138.641		0		0.845828		287.537			00:00:22:850		1.34841e+07		-2.44652		0		10.3566		6.18686e+06		685.919		
00:00:22:850		6.37382e+06		190.524		138.641		0		0.845828		287.537			00:00:22:850		1.34841e+07		-2.44652		0		10.3566		6.18686e+06		685.919		
00:00:22:750		6.37392e+06		189.566		138.641		0		0.845828		287.58			00:00:22:750		1.34924e+07		-2.43399		0		10.0787		6.1958e+06		686.912		
00:00:22:649		6.37401e+06		189.566		137.915		0		0.837128		287.624			00:00:22:649		1.35007e+07		-2.42139		0		9.8667		6.20476e+06		687.904		
00:00:22:550		6.37415e+06		189.566		137.915		0		0.837128		287.668			00:00:22:550		1.35092e+07		-2.40874		0		0		6.21372e+06		688.893		
00:00:22:500		6.37428e+06		188.605		137.915		0		0.837128		287.69			00:00:22:500		1.35134e+07		-2.40239		0		0		6.21821e+06		689.392		
00:00:22:250		6.37551e+06		187.639		137.171		0		0.828396		287.802			00:00:22:250		1.35348e+07		-2.37046		0		0		6.24069e+06		691.925		
00:00:22:250		6.37551e+06		187.639		137.171		0		0.828396		287.802			00:00:22:250		1.35348e+07		-2.37046		0		0		6.24069e+06		691.925		
00:00:22:149		6.37629e+06		187.639		136.41		0		0.819633		287.848			00:00:22:149		1.35434e+07		-2.3576		0		0		6.24971e+06		693.051		
00:00:22:050		6.37723e+06		187.639		136.41		0		0.819633		287.894			00:00:22:050		1.35521e+07		-2.34469		0		0		6.25875e+06		691.611		
00:00:21:949		6.37832e+06		186.67		135.63		0		0.810837		287.941			00:00:21:949		1.35608e+07		-2.33172		0		0		6.26781e+06		694.828		
00:00:21:850		6.37958e+06		186.67		135.63		0		0.810837		287.987			00:00:21:850		1.35695e+07		-2.3187		0		11.0941		6.2769e+06		695.821		
00:00:21:750		6.38099e+06		185.695		135.63		0		0.810837		288.035			00:00:21:750		1.35783e+07		-2.30563		0		0		6.28601e+06		696.821		
00:00:21:649		6.38256e+06		185.695		134.831		0		0.802008		288.083			00:00:21:649		1.35871e+07		-2.29249		0		0		6.29514e+06		697.821		
00:00:21:550		6.38429e+06		185.695		134.831		0		0.802008		288.131			00:00:21:550		1.35959e+07		-2.2793		0		0		6.3043e+06		698.816		
00:00:21:350		6.38823e+06		184.717		134.013		0		0.793146		288.229			00:00:21:350		1.36138e+07		-2.25276		0		0		6.32272e+06		700.799		
00:00:21:250		6.39057e+06		183.733		134.013		0		0.793146		288.279			00:00:21:250		1.36228e+07		-2.23944		0		0		6.33198e+06		701.776		
00:00:21:250		6.39057e+06		183.733		134.013		0		0.793146		288.279			00:00:21:250		1.36228e+07		-2.23944		0		0		6.33198e+06		701.776		
00:00:21:149		6.39322e+06		183.733		133.176		0		0.784249		288.329			00:00:21:149		1.36318e+07		-2.22607		0		0		6.3413e+06		702.737		
00:00:21:050		6.3962e+06		183.733		133.176		0		0.784249		288.38			00:00:21:050		1.36408e+07		-2.21266		0		0		6.35067e+06		703.687		
00:00:20:899		6.40127e+06		182.745		132.319		0		0.775318		288.457			00:00:20:899		1.36545e+07		-2.19249		0		0		6.36493e+06		705.12		
00:00:20:800		6.40506e+06		182.745		132.319		0		0.775318		288.509			00:00:20:800		1.36636e+07		-2.17901		0		0		6.37462e+06		706.11		
00:00:20:699		6.40916e+06		181.753		131.442		0		0.76635		288.562			00:00:20:699		1.36728e+07		-2.16551		0		0		6.38447e+06		707.143		
00:00:20:600		6.41359e+06		181.753		131.442		0		0.76635		288.615			00:00:20:600		1.3682e+07		-2.15201		0		0		6.39447e+06		708.177		
00:00:20:500		6.41834e+06		180.755		131.442		0		0.76635		288.669			00:00:20:500		1.36912e+07		-2.13851		0		0		6.40456e+06		709.214		
00:00:20:399		6.42342e+06		180.755		130.544		0		0.757344		288.723			00:00:20:399		1.37005e+07		-2.125		0		0		6.41476e+06		710.286		
00:00:20:300		6.42883e+06		180.755		130.544		0		0.757344		288.778			00:00:20:300		1.37098e+07		-2.11149		0		0		6.42508e+06		711.416		
00:00:20:199		6.43468e+06		179.752		129.625		0		0.7483		288.833			00:00:20:199		1.37192e+07		-2.09798		0		0		6.43552e+06		712.517		
00:00:20:100		6.44102e+06		179.752		129.625		0		0.7483		288.889			00:00:20:100		1.37286e+07		-2.08449		0		0		6.44598e+06		713.723		
00:00:20:050		6.44438e+06		179.752		129.625		0		0.7483		288.918			00:00:20:050		1.37333e+07		-2.07774		0		0		6.45127e+06		714.324		
00:00:19:899		6.45518e+06		178.744		128.683		0		0.739217		289.003			00:00:19:899		1.37476e+07		-2.05753		0		0		6.46708e+06		716.074		
00:00:19:800		6.463e+06		178.744		128.683		0		0.739217		289.061			00:00:19:800		1.37571e+07		-2.04408		0		0		6.47753e+06		717.089		
00:00:19:699		6.47131e+06		177.731		127.719		0		0.730092		289.119			00:00:19:699		1.37667e+07		-2.03066		0		0		6.48785e+06		717.568		
00:00:19:600		6.48012e+06		177.731		127.719		0		0.730092		289.178			00:00:19:600		1.37763e+07		-2.01727		0		0		6.49795e+06		716.232		
00:00:19:500		6.48943e+06		176.712		127.719		0		0.730092		289.238			00:00:19:500		1.37859e+07		-2.00391		0		0		6.50764e+06		709.161		
00:00:19:399		6.49923e+06		176.712		126.732		0		0.720852		289.298			00:00:19:399		1.37957e+07		-1.9906		0		0		6.51661e+06		673.6		
00:00:19:300		6.50885e+06		176.712		126.732		0		0.720852		289.358			00:00:19:300		1.38054e+07		-1.97733		0		0		6.52465e+06		625.355		
00:00:19:199		6.51638e+06		175.684		125.721		0		0.711513		289.42			00:00:19:199		1.38152e+07		-1.9641		0		0		6.53187e+06		583.84		
00:00:19:100		6.52227e+06		175.684		125.721		0		0.711513		289.481			00:00:19:100		1.38251e+07		-1.95093		0		0		6.5384e+06		548.199		
00:00:19:000		6.52691e+06		174.65		125.721		0		0.711513		289.544			00:00:19:000		1.3835e+07		-1.9378		0		0		6.54433e+06		517.679		
00:00:18:899		6.53064e+06		174.65		124.685		0		0.702111		289.606			00:00:18:899		1.38449e+07		-1.92473		0		0		6.54974e+06		491.604		
00:00:18:800		6.5337e+06		174.65		124.685		0		0.702111		289.67			00:00:18:800		1.38548e+07		-1.91171		0		0		6.55471e+06		469.357		
00:00:18:699		6.53629e+06		173.612		123.623		0		0.692667		289.734			00:00:18:699		1.38648e+07		-1.89875		0		0		6.55928e+06		450.41		
00:00:18:699		6.53629e+06		173.612		123.623		0		0.692667		289.734			00:00:18:699		1.38648e+07		-1.89875		0		0		6.55928e+06		450.41		
00:00:18:600		6.53854e+06		173.612		123.623		0		0.692667		289.799			00:00:18:600		1.38748e+07		-1.88584		0		0		6.56353e+06		434.301		
00:00:18:399		6.5424e+06		172.57		122.535		0		0.683194		289.93			00:00:18:399		1.38952e+07		-1.8602		0		0		6.5712e+06		409.011		
00:00:18:300		6.54414e+06		172.57		122.535		0		0.683194		289.996			00:00:18:300		1.39054e+07		-1.84747		0		0		6.57471e+06		399.173		
00:00:18:199		6.54662e+06		171.525		121.421		0		0.673699		290.097			00:00:18:199		1.39209e+07		-1.82843		0		0		6.57965e+06		387.211		
00:00:18:199		6.54662e+06		171.525		121.421		0		0.673699		290.097			00:00:18:199		1.39209e+07		-1.82843		0		0		6.57965e+06		387.211		
00:00:18:050		6.54821e+06		171.525		121.421		0		0.673699		290.166			00:00:18:050		1.39313e+07		-1.81574		0		0		6.58277e+06		380.806		
00:00:17:949		6.54975e+06		170.477		120.28		0		0.664188		290.234			00:00:17:949		1.39419e+07		-1.80306		0		0		6.58578e+06		375.519		
00:00:17:850		6.55121e+06		170.477		120.28		0		0.664188		290.302			00:00:17:850		1.39525e+07		-1.79036		0		0		6.58869e+06		371.294		
00:00:17:649		6.55375e+06		169.428		119.112		0		0.654664		290.441			00:00:17:649		1.39741e+07		-1.76485		0		0		6.59423e+06		365.362		
00:00:17:649		6.55375e+06		169.428		119.112		0		0.654664		290.441			00:00:17:649		1.39741e+07		-1.76485		0		0		6.59423e+06		365.362		
00:00:17:550		6.55503e+06		169.428		119.112		0		0.654664		290.512			00:00:17:550		1.39852e+07		-1.75201		0		0		6.59675e+06		362.916		
00:00:17:449		6.55636e+06		168.376		117.918		0		0.645128		290.583			00:00:17:449		1.39965e+07		-1.73909		0		0		6.59914e+06		361.005		
00:00:17:250		6.55922e+06		167.322		117.918		0		0.645128		290.728			00:00:17:250		1.40197e+07		-1.713		0		0		6.60409e+06		358.945		
00:00:17:250		6.55922e+06		167.322		117.918		0		0.645128		290.728			00:00:17:250		1.40197e+07		-1.713		0		0		6.60409e+06		358.945		
00:00:17:149		6.56073e+06		167.322		116.701		0		0.635583		290.801			00:00:17:149		1.40317e+07		-1.69981		0		0		6.60669e+06		358.53		
00:00:17:050		6.56228e+06		167.322		116.701		0		0.635583		290.874			00:00:17:050		1.40442e+07		-1.68652		0		0		6.6093e+06		358.412		
00:00:16:949		6.56389e+06		166.266		115.464		0		0.626027		290.949			00:00:16:949		1.4057e+07		-1.67318		0		0		6.61194e+06		358.549		
00:00:16:850		6.56554e+06		166.266		115.464		0		0.626027		291.023			00:00:16:850		1.40697e+07		-1.65973		0		0		6.6146e+06		358.884		
00:00:16:750		6.56724e+06		165.208		115.464		0		0.626027		291.099			00:00:16:750		1.40825e+07		-1.64618		0		0		6.61726e+06		359.307		
00:00:16:649		6.56896e+06		165.208		114.207		0		0.616463		291.176			00:00:16:649		1.40951e+07		-1.63249		0		0		6.6199e+06		359.795		
00:00:16:550		6.5707e+06		165.208		114.207		0		0.616463		291.253			00:00:16:550		1.41075e+07		-1.61864		0		0		6.6225e+06		360.416		
00:00:16:449		6.57239e+06		164.149		112.929		0		0.60689		291.331			00:00:16:449		1.41196e+07		-1.60461		0		0		6.62508e+06		361.229		
00:00:16:250		6.57568e+06		163.087		112.929		0		0.60689		291.49			00:00:16:250		1.41421e+07		-1.57608		0		0		6.63018e+06		363.61		
00:00:16:250		6.57568e+06		163.087		112.929		0		0.60689		291.49			00:00:16:250		1.41421e+07		-1.57608		0		0		6.63018e+06		363.61		
00:00:16:149		6.57747e+06		163.087		111.632		0		0.597309		291.57			00:00:16:149		1.41527e+07		-1.56166		0		0		6.63276e+06		364.586		
00:00:16:000		6.58034e+06		162.023		111.632		0		0.597309		291.693			00:00:16:000		1.41687e+07		-1.53997		0		0		6.63663e+06		365.789		
00:00:15:949		6.58132e+06		162.023		110.314		0		0.587719		291.734			00:00:15:949		1.4174e+07		-1.53271		0		0		6.63793e+06		366.204		
00:00:15:800		6.5843e+06		162.023		110.314		0		0.587719		291.859			00:00:15:800		1.41898e+07		-1.51087		0		0		6.64182e+06		367.568		
00:00:15:750		6.5853e+06		160.957		110.314		0		0.587719		291.901			00:00:15:750		1.41951e+07		-1.50356		0		0		6.64312e+06		368.078		
00:00:15:650		6.58729e+06		160.957		108.977		0		0.57812		291.987			00:00:15:650		1.42056e+07		-1.4889		0		0		6.64575e+06		369.13		
00:00:15:550		6.58927e+06		160.957		108.977		0		0.57812		292.073			00:00:15:550		1.42162e+07		-1.4742		0		0		6.64836e+06		370.402		
00:00:15:300		6.59422e+06		159.889		107.62		0		0.568514		292.292			00:00:15:300		1.42425e+07		-1.43727		0		0		6.6551e+06		374.979		
00:00:15:199		6.59621e+06		158.818		106.244		0		0.5589		292.381			00:00:15:199		1.4253e+07		-1.42243		0		0		6.65782e+06		377.056		
00:00:15:199		6.59621e+06		158.818		106.244		0		0.5589		292.381			00:00:15:199		1.4253e+07		-1.42243		0		0		6.65782e+06		377.056		
00:00:15:099		6.59822e+06		158.818		106.244		0		0.5589		292.47			00:00:15:099		1.42634e+07		-1.40754		0		0		6.66056e+06		379.139		
00:00:15:000		6.60025e+06		157.746		106.244		0		0.5589		292.56			00:00:15:000		1.42739e+07		-1.39261		0		0		6.66333e+06		381.249		
00:00:14:900		6.60229e+06		157.746		104.848		0		0.549278		292.65			00:00:14:900		1.42844e+07		-1.37765		0		0		6.66612e+06		383.373		
00:00:14:800		6.60434e+06		157.746		104.848		0		0.549278		292.742			00:00:14:800		1.42948e+07		-1.36264		0		0		6.66894e+06		385.53		
00:00:14:699		6.60642e+06		156.671		103.431		0		0.539648		292.834			00:00:14:699		1.43052e+07		-1.34759		0		0		6.67179e+06		387.707		
00:00:14:599		6.60853e+06		156.671		103.431		0		0.539648		292.927			00:00:14:599		1.43155e+07		-1.33249		0		0		6.67467e+06		389.869		
00:00:14:500		6.61067e+06		155.594		103.431		0		0.539648		293.022			00:00:14:500		1.43259e+07		-1.31734		0		0		6.67758e+06		392.04		
00:00:14:400		6.61283e+06		155.594		101.996		0		0.53001		293.116			00:00:14:400		1.43362e+07		-1.30216		0		0		6.68052e+06		394.19		
00:00:14:300		6.615e+06		155.594		101.996		0		0.53001		293.212			00:00:14:300		1.43464e+07		-1.28692		0		0		6.68349e+06		396.377		
00:00:14:300		6.615e+06		155.594		101.996		0		0.53001		293.212			00:00:14:300		1.43464e+07		-1.28692		0		0		6.68349e+06		396.377		
00:00:14:199		6.61718e+06		154.514		100.542		0		0.520363		293.308			00:00:14:199		1.43566e+07		-1.27164		0		0		6.68647e+06		398.57		
00:00:14:099		6.61937e+06		154.514		100.542		0		0.520363		293.405			00:00:14:099		1.43667e+07		-1.25631		0		0		6.68947e+06		400.757		
00:00:14:000		6.62158e+06		153.432		100.542		0		0.520363		293.502			00:00:14:000		1.43768e+07		-1.24092		0		0		6.69249e+06		402.95		
00:00:13:900		6.62381e+06		153.432		99.0711		0		0.510708		293.6			00:00:13:900		1.43869e+07		-1.22549		0		0		6.69553e+06		405.137		
00:00:13:800		6.62607e+06		153.432		99.0711		0		0.510708		293.698			00:00:13:800		1.43969e+07		-1.21		0.0666055		0		6.69859e+06		407.315		
00:00:13:699		6.62834e+06		152.348		97.5828		0		0.501044		293.796			00:00:13:699		1.44068e+07		-1.19446		0.19983		0		6.70167e+06		409.472		
00:00:13:599		6.63064e+06		152.348		97.5828		0		0.501044		293.894			00:00:13:599		1.44165e+07		-1.17886		0.332207		0		6.70478e+06		411.61		
00:00:13:400		6.63532e+06		151.262		96.0782		0		0.491371		294.09			00:00:13:400		1.44355e+07		-1.14746		0.591687		0		6.71104e+06		415.82		
00:00:13:250		6.63887e+06		150.173		96.0782		0		0.491371		294.237			00:00:13:250		1.4449e+07		-1.12376		0.779076		0		6.71578e+06		418.952		
00:00:13:250		6.63887e+06		150.173		96.0782		0		0.491371		294.237			00:00:13:250		1.4449e+07		-1.12376		0.779076		0		6.71578e+06		418.952		
00:00:13:199		6.64007e+06		150.173		94.5582		0		0.481689		294.286			00:00:13:199		1.44533e+07		-1.11586		0.839727		0		6.71737e+06		419.989		
00:00:13:099		6.64247e+06		150.173		94.5582		0		0.481689		294.384			00:00:13:099		1.44622e+07		-1.10011		0.957923		0		6.72056e+06		422.058		
00:00:13:000		6.64489e+06		149.081		94.5582		0		0.481689		294.481			00:00:13:000		1.44713e+07		-1.08442		1.0716		0		6.72377e+06		424.124		
00:00:12:900		6.64732e+06		149.081		93.0238		0		0.471998		294.579			00:00:12:900		1.44809e+07		-1.06879		1.1806		0		6.72699e+06		426.167		
00:00:12:699		6.65227e+06		147.987		91.4761		0		0.462296		294.774			00:00:12:699		1.4501e+07		-1.03736		1.38279		0		6.73347e+06		430.081		
00:00:12:699		6.65227e+06		147.987		91.4761		0		0.462296		294.774			00:00:12:699		1.4501e+07		-1.03736		1.38279		0		6.73347e+06		430.081		
00:00:12:550		6.65610e+06		147.987		91.4761		0		0.462296		294.921			00:00:12:550		1.45148e+07		-1.01357		1.52012		0		6.73835e+06		432.732		
00:00:12:449		6.65868e+06		146.89		89.9161		0		0.452585		295.019			00:00:12:449		1.45235e+07		-0.997573		1.60504		0		6.7416e+06		434.486		
00:00:12:250		6.66381e+06		145.79		89.9161		0		0.452585		295.218			00:00:12:250		1.4539e+07		-0.965368		1.75691		0		6.74812e+06		438.047		
00:00:12:250		6.66381e+06		145.79		89.9161		0		0.452585		295.218			00:00:12:250		1.4539e+07		-0.965368		1.75691		0		6.74812e+06		438.047		
00:00:12:150		6.66635e+06		145.79		88.3451		0		0.442864		295.318			00:00:12:150		1.45463e+07		-0.949406		1.82382		0		6.75138e+06		439.897		
00:00:12:050		6.66888e+06		145.79		88.3451		0		0.442864		295.418			00:00:12:050		1.45539e+07		-0.933601		1.88752		0		6.75465e+06		441.747		
00:00:11:949		6.67142e+06		144.688		86.7646		0		0.433132		295.519			00:00:11:949		1.4562e+07		-0.917972		1.95163		0		6.75791e+06		443.58		
00:00:11:849		6.67397e+06		144.688		86.7646		0		0.433132		295.621			00:00:11:849		1.45708e+07		-0.902542		2.01249		0		6.76119e+06		445.385		
00:00:11:750		6.67652e+06		143.582		86.7646		0		0.433132		295.724			00:00:11:750		1.45803e+07		-0.88728		2.07609		6.45306		6.76445e+06		447.177		
00:00:11:650		6.67908e+06		143.582		85.1761		0		0.42339		295.827			00:00:11:650		1.45905e+07		-0.872107		2.14135		0		6.76772e+06		448.925		
00:00:11:550		6.68165e+06		143.582		85.1761		0		0.42339		295.932			00:00:11:550		1.46008e+07		-0.856942		2.20252		0		6.77098e+06		450.609		
00:00:11:449		6.68425e+06		142.473		83.5815		0		0.413636		296.038			00:00:11:449		1.46111e+07		-0.841787		2.25508		0		6.77422e+06		452.191		
00:00:11:250		6.68954e+06		141.361		83.5815		0		0.413636		296.253			00:00:11:250		1.46316e+07		-0.811489		2.34952		0		6.78067e+06		455.023		
00:00:11:250		6.68954e+06		141.361		83.5815		0		0.413636		296.253			00:00:11:250		1.46316e+07		-0.811489		2.34952		0		6.78067e+06		455.023		
00:00:11:150		6.69217e+06		141.361		81.9828		0		0.403872		296.362			00:00:11:150		1.46418e+07		-0.796348		2.38979		0		6.78388e+06		456.433		
00:00:11:050		6.69478e+06		141.361		81.9828		0		0.403872		296.472			00:00:11:050		1.46521e+07		-0.781219		2.42776		0		6.78706e+06		457.838		
00:00:10:949		6.69737e+06		140.247		80.3819		0		0.394098		296.583			00:00:10:949		1.46623e+07		-0.766106		2.46396		0		6.79022e+06		459.241		
00:00:10:849		6.69994e+06		140.247		80.3819		0		0.394098		296.696			00:00:10:849		1.46725e+07		-0.75101		2.49911		0		6.79336e+06		460.648		
00:00:10:750		6.70248e+06		139.131		80.3819		0		0.394098		296.81			00:00:10:750		1.46827e+07		-0.735938		2.53049		0		6.79648e+06		462.051		
00:00:10:650		6.70499e+06		139.131		78.7802		0		0.384315		296.927			00:00:10:650		1.46929e+07		-0.720891		2.55998		0		6.79958e+06		463.445		
00:00:10:550		6.70747e+06		139.131		78.7802		0		0.384315		297.045			00:00:10:550		1.4703e+07		-0.705871		2.58783		0		6.80264e+06		464.838		
00:00:10:400		6.71115e+06		138.012		77.1808		0		0.374523		297.223			00:00:10:400		1.47182e+07		-0.683406		2.62656		0		6.80717e+06		466.82		
00:00:10:199		6.71602e+06		136.891		75.5872		0		0.364722		297.462			00:00:10:199		1.47383e+07		-0.653596		2.67337		0		6.81305e+06		469.171		
00:00:10:199		6.71602e+06		136.891		75.5872		0		0.364722		297.462			00:00:10:199		1.47383e+07		-0.653596		2.67337		0		6.81305e+06		469.171		
00:00:10:099		6.71839e+06		136.891		75.5872		0		0.364722		297.584			00:00:10:099		1.47483e+07		-0.638754		2.69495		0		6.81592e+06		470.341		
00:00:10:050		6.71956e+06		136.891		75.5872		0		0.364722		297.646			00:00:10:050		1.47534e+07		-0.631351		2.70535		0		6.81734e+06		470.937		
00:00:09:949		6.72189e+06		135.768		74.0032		0		0.354913		297.77			00:00:09:949		1.47634e+07		-0.61658		2.72518		0		6.82016e+06		472.199		
00:00:09:849		6.7242e+06		135.768		74.0032		0		0.354913		297.895			00:00:09:849		1.47733e+07		-0.601858		2.74401		0		6.82299e+06		473.579		
00:00:09:699		6.72768e+06		134.643		72.433		0		0.345095		298.087			00:00:09:699		1.47883e+07		-0.579894		2.7702		0		6.82732e+06		475.688		
00:00:09:599		6.72999e+06		134.643		72.433		0		0.345095		298.217			00:00:09:599		1.47982e+07		-0.565328		2.7866		0		6.83021e+06		477.054		
00:00:09:500		6.73228e+06		133.517		72.433		0		0.345095		298.348			00:00:09:500		1.48081e+07		-0.550828		2.80218		0		6.83308e+06		478.381		
00:00:09:300		6.73678e+06		133.517		70.8811		0		0.335269		298.615			00:00:09:300		1.48278e+07		-0.522031		2.82986		0		6.83871e+06		481.003		
00:00:09:199		6.73899e+06		132.39		69.3522		0		0.325434		298.752			00:00:09:199		1.48376e+07		-0.507752		2.84249		0		6.84148e+06		482.301		
00:00:09:199		6.73899e+06		132.39		69.3522		0		0.325434		298.752			00:00:09:199		1.48376e+07		-0.507752		2.84249		0		6.84148e+06		482.301		
00:00:09:099		6.74115e+06		132.39		69.3522		0		0.325434		298.89			00:00:09:099		1.48474e+07		-0.493556		2.85464		0		6.84421e+06		483.621		
00:00:09:000		6.74328e+06		131.261		69.3522		0		0.325434		299.029			00:00:09:000		1.48572e+07		-0.479448		2.86619		3.60076		6.84692e+06		484.944		
00:00:08:900		6.74537e+06		131.261		67.8512		0		0.315593		299.17			00:00:08:900		1.4867e+07		-0.465427		2.87651		0		6.84959e+06		486.272		
00:00:08:800		6.74742e+06		131.261		67.8512		0		0.315593		299.312			00:00:08:800		1.48767e+07		-0.451501		2.88648		0		6.85222e+06		487.592		
00:00:08:699		6.74943e+06		130.132		66.3827		0		0.305743		299.456			00:00:08:699		1.48865e+07		-0.437672		2.89686		0		6.85482e+06		488.911		
00:00:08:699		6.74943e+06		130.132		66.3827		0		0.305743		299.456			00:00:08:699		1.48865e+07		-0.437672		2.89686		0		6.85482e+06		488.911		
00:00:08:599		6.7514e+06		130.132		66.3827		0		0.305743		299.601			00:00:08:599		1.48962e+07		-0.423938		2.90634		0		6.85737e+06		490.217		
00:00:08:500		6.75333e+06		129.003		66.3827		0		0.305743		299.748			00:00:08:500		1.4906e+07		-0.410305		2.91453		0		6.85989e+06		491.506		
00:00:08:300		6.75712e+06		129.003		64.951		0		0.295887		300.048			00:00:08:300		1.49254e+07		-0.383354		2.92985		0		6.86478e+06		493.945		
00:00:08:300		6.75712e+06		129.003		64.951		0		0.295887		300.048			00:00:08:300		1.49254e+07		-0.383354		2.92985		0		6.86478e+06		493.945		
00:00:08:099		6.76079e+06		127.874		63.5589		0		0.286024		300.201			00:00:08:099		1.49448e+07		-0.356853		2.94057		0		6.86949e+06		496.187		
00:00:08:099		6.76079e+06		127.874		63.5589		0		0.286024		300.356			00:00:08:099		1.49448e+07		-0.356853		2.94057		0		6.86949e+06		496.187		
00:00:08:000		6.7626e+06		126.745		63.5589		0		0.286024		300.512			00:00:08:000		1.49545e+07		-0.343798		2.94584		0		6.87176e+06		497.176		
00:00:07:900		6.76442e+06		126.745		62.2061		0		0.276155		300.668			00:00:07:900		1.49642e+07		-0.330861		2.95127		0		6.87398e+06		497.972		
00:00:07:799		6.76633e+06		126.745		62.2061		0		0.276155		300.825			00:00:07:799		1.49739e+07		-0.318045		2.9569		0		6.87613e+06		498.365		
00:00:07:700		6.76834e+06		125.618		60.8848		0		0.266278		300.984			00:00:07:700		1.49837e+07		-0.30533		2.9611		0		6.87823e+06		498.582		
00:00:07:599		6.77029e+06		125.618		60.8848		0		0.266278		301.145			00:00:07:599		1.49934e+07		-0.29273		2.96447		0		6.88028e+06		498.817		
00:00:07:450		6.77313e+06		124.493		59.5785		0		0.256395		301.391			00:00:07:450		1.50082e+07		-0.274069		2.96882		0		6.88327e+06		499.261		
00:00:07:250		6.77679e+06		123.37		59.5785		0		0.256395		301.726			00:00:07:250		1.50281e+07		-0.249628		2.97252		0		6.88718e+06		499.879		
00:00:07:250		6.77679e+06		123.37		59.5785		0		0.256395		301.726			00:00:07:250		1.50281e+07		-0.249628		2.97252		0		6.88718e+06		499.879		
00:00:07:150		6.77855e+06		123.37		58.2883		0		0.246505		301.896			00:00:07:150		1.50381e+07		-0.237578		2.97384		0		6.88908e+06		500.173		
00:00:06:950		6.78188e+06		122.251		57.0151		0		0.23661		302.244			00:00:06:950		1.50584e+07		-0.213773		2.97436		0		6.89269e+06		500.744		
00:00:06:950		6.78188e+06		122.251		57.0151		0		0.23661		302.244			00:00:06:950		1.50584e+07		-0.213773		2.97436		0		6.89269e+06		500.744		
00:00:06:849		6.78344e+06		122.251		57.0151		0		0.23661		302.42			00:00:06:849		1.50686e+07		-0.202001		2.97351		0		6.89439e+06		501.019		
00:00:06:750		6.78492e+06		121.137		57.0151		0		0.23661		302.597			00:00:06:750		1.50789e+07		-0.190295		2.97214		0		6.89602e+06		501.28		
00:00:06:650		6.78633e+06		121.137		55.7599		0		0.226711		302.777			00:00:06:650		1.50889e+07		-0.178566		2.97005		0		6.89756e+06		501.541		
00:00:06:549		6.78765e+06		121.137		55.7599		0		0.226711		302.959			00:00:06:549		1.50979e+07		-0.166822		2.96725		0		6.89903e+06		501.785		
00:00:06:450		6.78889e+06		120.027		54.5238		0		0.216807		303.144			00:00:06:450		1.51064e+07		-0.155227		2.9646		0		6.90041e+06		502.026		
00:00:06:250		6.79113e+06		118.924		54.5238		0		0.216807		303.515			00:00:06:250		1.51238e+07		-0.132504		2.95764		0		6.90292e+06		502.513		
00:00:06:250		6.79113e+06		118.924		54.5238		0		0.216807		303.515			00:00:06:250		1.51238e+07		-0.132504		2.95764		0		6.90292e+06		502.513		
00:00:06:150		6.79212e+06		118.924		53.3078		0		0.206899		303.703			00:00:06:150		1.51327e+07		-0.121353		2.95268		0		6.90406e+06		502.756		
00:00:06:049		6.79303e+06		118.924		53.3078		0		0.206899		303.892			00:00:06:049		1.51417e+07		-0.110331		2.94747		0		6.90511e+06		502.99		
00:00:05:950		6.79386e+06		117.83		52.113		0		0.19699		304.083			00:00:05:950		1.51505e+07		-0.0994391		2.94213		0		6.90609e+06		503.218		
00:00:05:849		6.79462e+06		117.83		52.113		0		0.19699		304.277			00:00:05:849		1.51595e+07		-0.0887012		2.93611		0		6.90698e+06		503.438		
00:00:05:700		6.7956e+06		116.744		50.9406		0		0.187078		304.571			00:00:05:700		1.51731e+07		-0.0728989		2.92488		0		6.90816e+06		503.75		
00:00:05:650		6.79589e+06		116.744		50.9406		0		0.187078		304.67			00:00:05:650		1.51777e+07		-0.0677185		2.92058		0		6.90851e+06		503.842		
00:00:05:549		6.79665e+06		115.669		50.9406		0		0.187078		304.969			00:00:05:549		1.51916e+07		-0.0523667		2.90718		0		6.90946e+06		504.117		
00:00:05:400		6.79706e+06		115.669		49.7918		0		0.177165		305.169			00:00:05:400		1.52008e+07		-0.0422854		2.89903		0		6.90999e+06		504.3		
00:00:05:200		6.79768e+06		114.607		48.6682		0		0.167252		305.574			00:00:05:200		1.52192e+07		-0.0224943		2.87893		0		6.91084e+06		504.625		
00:00:05:200		6.79768e+06		114.607		48.6682		0		0.167252		305.574			00:00:05:200		1.52192e+07		-0.0224943		2.87893		0		6.91084e+06		504.625		
00:00:05:099		6.7979e+06		114.607		48.6682		0		0.167252		305.778			00:00:05:099		1.52284e+07		-0.0128026		2.86631		0		6.91116e+06		504.777		
00:00:05:000		6.79804e+06		113.559		48.6682		0		0.167252		305.981			00:00:05:000		1.52375e+07		-0.00325346		2.85491		0		6.91142e+06		504.905		
00:00:04:900		6.79812e+06		113.559		47.5712		0		0.157338		306.185			00:00:04:900		1.52465e+07		0.00615025		2.84561		9.28464		6.91159e+06		504.996		
00:00:04:799		6.79813e+06		113.559		47.5712		0		0.157338		306.389			00:00:04:799		1.52556e+07		0.0154033		2.83503		22.2165		6.91168e+06		505.051		
00:00:04:700		6.79806e+06		112.527		46.5025		0		0.147426		306.595			00:00:04:700		1.52646e+07		0.0244894		2.81938		33.1834		6.91168e+06		505.042		
00:00:04:599		6.79793e+06		112.527		46.5025		0		0.147426		306.8			00:00:04:599		1.52736e+07		0.0333829		2.79967		43.0673		6.91158e+06		504.956		
00:00:04:500		6.79773e+06		111.513		46.5025		0		0.147426		307.006			00:00:04:500		1.52825e+07		0.0420594		2.78396		52.2837		6.91138e+06		504.741		
00:00:04:299		6.7972e+06		111.513		45.4645		0		0.137515		307.415			00:00:04:299		1.53e+07		0.0588312		2.77191		69.0885		6.91058e+06		503.547		
00:00:04:200		6.79695e+06		110.519		44.4604		0		0.127605		307.619			00:00:04:200		1.53088e+07		0.0669618		2.75371		77.0641		6.90991e+06		502.181		
00:00:04:200		6.79695e+06		110.519		44.4604		0		0.127605		307.619			00:00:04:200		1.53088e+07		0.0669618		2.75371		77.0641		6.90991e+06		502.181		
00:00:04:099		6.79688e+06		110.519		44.4604		0		0.127605		307.818			00:00:04:099		1.53179e+07		0.0749016		2.71925		84.8548		6.90902e+06		499.766		
00:00:04:099		6.79688e+06		110.519		44.4604		0		0.127605		307.818			00:00:04:099		1.53179e+07		0.0749016		2.71925		84.8548		6.90902e+06		499.766		
00:00:03:899		6.79862e+06		109.548		43.4962		0		0.11769		308.205			00:00:03:899		1.5336e+07		0.0899024		2.70161		99.4114		6.90633e+06		487.149		
00:00:03:799		6.80111e+06		109.548		43.4962		0		0.11769		308.39			00:00:03:799		1.53445e+07		0.0967817		2.71602		106.615		6.90442e+06		476.927		
00:00:03:700		6.80314e+06		108.602		42.5822		0		0.107772		308.568			00:00:03:700		1.53522e+07		0.10324		2.69967		113.846		6.90213e+06		466.726		
00:00:03:600		6.8047e+06		108.602		42.5822		0		0.107772		308.736			00:00:03:600		1.5359e+07		0.109475		2.61685		120.776		6.89947e+06		456.601		
00:00:03:500		6.80583e+06		107.685		42.5822		0		0.107772		308.897			00:00:03:500		1.53658e+07		0.115442		2.56228		127.543		6.89649e+06		446.625		
00:00:03:299		6.80694e+06		107.685		41.7229		0		0.0978541		309.188			00:00:03:299		1.5382e+07		0.1272		2.73482		142.541		6.8898e+06		427.578		
00:00:03:200		6.80693e+06		106.799		40.92		0		0.0879414		309.313			00:00:03:200		1.53904e+07		0.132732		2.77581		152.047		6.88624e+06		419.075		
00:00:03:200		6.80693e+06		106.799		40.92		0		0.0879414		309.313			00:00:03:200		1.53904e+07		0.132732		2.77581		152.047		6.88624e+06		419.075		
00:00:03:100		6.80644e+06		106.799		40.92		0		0.0879414		309.425			00:00:03:100		1.53988e+07		0.138007		2.80896		166.083		6.8827e+06		412.287		
00:00:03:100		6.80644e+06		106.799		40.92		0		0.0879414		309.425			00:00:03:100		1.53988e+07		0.138007		2.80896		166.083		6.8827e+06		412.287		
00:00:03:000		6.80525e+06		105.948		40.92		0		0.0879414		309.522			00:00:03:000		1.54071e+07		0.143027		2.83551		191.253		6.87945e+06		408.925		
00:00:02:899		6.80229e+06		105.948		40.1747		0		0.0780479		309.602			00:00:02:899		1.54154e+07		0.147789		2.85549		233.871		6.87682e+06		413.501		
00:00:02:750		6.78813e+06		105.135		40.1747		0		0.0780479		309.695			00:00:02:750		1.54278e+07		0.15437		2.87242		306.907		6.87504e+06		455.252		
00:00:02:649		6.76294e+06		105.135		39.4874		0		0.0682889		309.739			00:00:02:649		1.54361e+07		0.158295		2.87663		351.743		6.87594e+06		527.915		
00:00:02:549		6.71708e+06		105.135		39.4874		0		0.0682889		309.772			00:00:02:549		1.54441e+07		0.161751		2.87796		391.182		6.87866e+06		644.64		
00:00:02:450		6.6793e+06		104.366		38.8573		0		0.0585987		309.794			00:00:02:450		1.54517e+07		0.164664		2.87787		424.759		6.88255e+06		682.445		
00:00:02:250		6.63878e+06		103.643		38.8573		0		0.0585987		309.821			00:00:02:250		1.54641e+07		0.168798		2.8691		475.268		6.89245e+06		758.405		
00:00:02:250		6.63878e+06		103.643		38.8573		0		0.0585987		309.821			00:00:02:250		1.54641e+07		0.168798		2.8691		475.268		6.89245e+06		758.405		
00:00:02:149		6.63127e+06		103.643		38.2843		0		0.0489061		309.829			00:00:02:149		1.54685e+07		0.170115		2.86157		493.152		6.89783e+06		767.13		
00:00:02:049		6.64011e+06		103.643		38.2843		0		0.0489061		309.834			00:00:02:049		1.54717e+07		0.17105		2.85342		506.052		6.90318e+06		762.534		
00:00:01:949		6.64769e+06		102.97		37.7689		0		0.0391903		309.838			00:00:01:949		1.5474e+07		0.171706		2.84659		512.728		6.90852e+06		759.945		
00:00:01:850		6.65352e+06		102.97		37.7689		0		0.0391903		309.84			00:00:01:850		1.54757e+07		0.172166		2.84414		514.711		6.91385e+06		760.335		
00:00:01:750		6.65873e+06		102.352		37.7689		0		0.0391903		309.841			00:00:01:750		1.54769e+07		0.172479		2.84311		516.391		6.9191e+06		760.144		
00:00:01:649		6.66428e+06		102.352		37.3112		0		0.0294516		309.842			00:00:01:649		1.54778e+07		0.172675		2.84175		518.387		6.92412e+06		758.924		
00:00:01:550		6.6704e+06		102.352		37.3112		0		0.0294516		309.844			00:00:01:550		1.54783e+07		0.172782		2.84037		520.655		6.92889e+06		758.006		
00:00:01:449		6.67702e+06		101.792		36.9118		0		0.0196846		309.845			00:00:01:449		1.54785e+07		0.172832		2.8387		523.104		6.93443e+06		756.92		
00:00:01:350		6.68423e+06		101.792		36.9118		0		0.0196846		309.845			00:00:01:350		1.54786e+07		0.172849		2.83724		525.524		6.94028e+06		754.815		
00:00:01:250		6.69229e+06		101.302		36.9118		0		0.0196846		309.846			00:00:01:250		1.54786e+07		0.172848		2.83621		527.667		6.94605e+06		751.007		
00:00:01:149		6.70162e+06		101.302		36.5768		0		0.00987881		309.846			00:00:01:149		1.54786e+07		0.172843		2.83568		529.265		6.95153e+06		744.356		
00:00:01:050		6.71296e+06		101.302		36.5768		0		0.00987881		309.846			00:00:01:050		1.54786e+07		0.17284		2.83561		530.065		6.95646e+06		733.135		
00:00:00:949		6.72759e+06		100.804		36.3828		0		0		309.846			00:00:00:949		1.54786e+07		0.172839		2.83568		530.223		6.96052e+06		714.538		
00:00:00:849		6.74782e+06		100.804		36.3828		0		0		309.846			00:00:00:849		1.54786e+07		0.172839		2.83575		530.201		6.96339e+06		683.709		
00:00:00:750		6.7785e+06		100.069		36.3828		0		0		309.846			00:00:00:750		1.54786e+07		0.17284		2.83574		530.203		6.96476e+06		632.509		
00:00:00:650		6.83118e+06		100.069		36.3831		0		0		309.846			00:00:00:650		1.54786e+07		0.172839		2.83569		530.206		6.96486e+06		526.823		
00:00:00:550		6.83117e+06		100.069		36.3831		0		0		309.846			00:00:00:550		1.54786e+07		0.17284		2.83569		530.208		6.96486e+06		526.823		
00:00:00:450		6.83117e+06		100.069		36.3834		0		0		309.846			00:00:00:450		1.54786e+07		0.17284		2.83569		530.212		6.96485e+06		526.822		
00:00:00:250		6.83116e+06		100.069		36.3834		0		0		309.846			00:00:00:250		1.54786e+07		0.17284		2.83572		530.217		6.96484e+06		526.826		
00:00:00:250		6.83116e+06		100.069		36.3834		0		0		309.846			00:00:00:250		1.54786e+07		0.17284		2.83572		530.217		6.96484e+06		526.826		
00:00:00:149		6.83116e+06		100.069		36.3837		0		0		309.846			00:00:00:149		1.54785e+07		0.17284		2.83572		530.221		6.96484e+06		526.825		
00:00:00:050		6.83115e+06		100.069		36.3837		0		0		309.846			00:00:00:050		1.54785e+07		0.17284		2.83567		530.223		6.96484e+06		526.826		
00:00:00:000		6.83115e+06		100.069		36.3837		0		0		309.846			00:00:00:000		1.54785e+07		0.17284		2.83571		530.225		6.96483e+06		526.826		
00:00:00:000		6.83115e+06		100.069		36.3837		0		0		309.846			00:00:00:000		1.54785e+07		0.17284		2.83571		530.225		6.96483e+06		526.826		
00:00:00:000		6.83115e+06		100.069		36.3837		0		0		309.846			00:00:00:000		1.54785e+07		0.17284		2.83571		530.225		6.96483e+06		526.826		
00:00:00:000		6.83115e+06		100.069		36.3837		0		0		309.846			00:00:00:000		1.54785e+07		0.17284		2.83571		530.225		6.96483e+06		526.826		
00:00:00:000		6.83115e+06		100.069		36.3837		0		0		309.846			00:00:00:000		1.54785e+07		0.17284		2.83571		530.225		6.96483e+06		526.826		
00:00:00:000		6.83115e+06		100.069		36.3837		0		0		309.846			00:00:00:000		1.54785e+07		0.17284		2.83571		530.225		6.96483e+06		526.826		
