	time 		gpv001pnt10113ppntm	evf507ety101mpzoyout	chtcon(1)	chavg(1)	chlhsumpa	rcptavgn			time 		rcpppzr	rcp054rcp007mnzoyout	rcv501std0102fvol	fwfrcp001gv	rcppmssga	msfsg(1)	
00:01:03:350		6.7053e+06		121.468		75.2856		0		0.194622		309.283			00:01:03:350		1.53811e+07		-0.00117683		2.44754		544.985		6.84795e+06		546.218		
00:01:03:250		6.7054e+06		121.383		75.2856		0		0.194622		309.284			00:01:03:250		1.53812e+07		-0.000969887		2.44819		544.972		6.84804e+06		546.209		
00:01:03:100		6.70555e+06		121.383		75.116		0		0.193849		309.284			00:01:03:100		1.53813e+07		-0.000660896		2.4491		544.955		6.84819e+06		546.198		
00:01:03:000		6.70565e+06		121.299		75.116		0		0.193849		309.285			00:01:03:000		1.53814e+07		-0.000454426		2.4497		544.944		6.84829e+06		546.195		
00:01:03:000		6.70565e+06		121.299		75.116		0		0.193849		309.285			00:01:03:000		1.53814e+07		-0.000454426		2.4497		544.944		6.84829e+06		546.195		
00:01:02:799		6.70585e+06		121.299		74.9462		0		0.193076		309.286			00:01:02:799		1.53816e+07		-4.19617e-05		2.45084		544.919		6.84848e+06		546.184		
00:01:02:700		6.70595e+06		121.215		74.7763		0		0.192303		309.287			00:01:02:700		1.53817e+07		0.000164032		2.45143		544.906		6.84858e+06		546.182		
00:01:02:700		6.70595e+06		121.215		74.7763		0		0.192303		309.287			00:01:02:700		1.53817e+07		0.000164032		2.45143		544.906		6.84858e+06		546.182		
00:01:02:600		6.70605e+06		121.215		74.7763		0		0.192303		309.288			00:01:02:600		1.53818e+07		0.000370502		2.45203		544.894		6.84868e+06		546.18		
00:01:02:500		6.70615e+06		121.13		74.7763		0		0.192303		309.288			00:01:02:500		1.53819e+07		0.000576019		2.45262		544.883		6.84878e+06		546.177		
00:01:02:399		6.70625e+06		121.13		74.6063		0		0.19153		309.289			00:01:02:399		1.5382e+07		0.000781536		2.45327		544.87		6.84888e+06		546.172		
00:01:02:299		6.70635e+06		121.13		74.6063		0		0.19153		309.289			00:01:02:299		1.53821e+07		0.00098753		2.45377		544.858		6.84897e+06		546.174		
00:01:02:200		6.70645e+06		121.046		74.4361		0		0.190757		309.29			00:01:02:200		1.53822e+07		0.00119305		2.45441		544.845		6.84907e+06		546.171		
00:01:02:100		6.70655e+06		121.046		74.4361		0		0.190757		309.291			00:01:02:100		1.53823e+07		0.00139856		2.45495		544.835		6.84917e+06		546.166		
00:01:01:899		6.70676e+06		120.962		74.2658		0		0.189983		309.292			00:01:01:899		1.53825e+07		0.0018096		2.45619		544.81		6.84937e+06		546.152		
00:01:01:799		6.70685e+06		120.962		74.2658		0		0.189983		309.292			00:01:01:799		1.53826e+07		0.00201464		2.45669		544.797		6.84946e+06		546.149		
00:01:01:799		6.70685e+06		120.962		74.2658		0		0.189983		309.292			00:01:01:799		1.53826e+07		0.00201464		2.45669		544.797		6.84946e+06		546.149		
00:01:01:700		6.70695e+06		120.877		74.0954		0		0.18921		309.293			00:01:01:700		1.53827e+07		0.00221968		2.45733		544.786		6.84956e+06		546.127		
00:01:01:600		6.70706e+06		120.877		74.0954		0		0.18921		309.294			00:01:01:600		1.53828e+07		0.00242472		2.45788		544.774		6.84966e+06		546.142		
00:01:01:500		6.70716e+06		120.793		74.0954		0		0.18921		309.294			00:01:01:500		1.53829e+07		0.00262928		2.45847		544.761		6.84976e+06		546.127		
00:01:01:399		6.70726e+06		120.793		73.9249		0		0.188437		309.295			00:01:01:399		1.5383e+07		0.00283432		2.45907		544.749		6.84986e+06		546.125		
00:01:01:299		6.70736e+06		120.793		73.9249		0		0.188437		309.295			00:01:01:299		1.53831e+07		0.00303841		2.45966		544.736		6.84996e+06		546.121		
00:01:01:149		6.70751e+06		120.709		73.7542		0		0.187664		309.296			00:01:01:149		1.53833e+07		0.00334549		2.46048		544.718		6.8501e+06		546.115		
00:01:01:100		6.70756e+06		120.709		73.7542		0		0.187664		309.297			00:01:01:100		1.53833e+07		0.00344753		2.4608		544.711		6.85015e+06		546.121		
00:01:01:000		6.70767e+06		120.624		73.7542		0		0.187664		309.297			00:01:01:000		1.53834e+07		0.00365162		2.46135		544.7		6.85025e+06		546.105		
00:01:00:799		6.70787e+06		120.624		73.5834		0		0.18689		309.298			00:01:00:799		1.53836e+07		0.00405931		2.46249		544.677		6.85045e+06		546.105		
00:01:00:799		6.70787e+06		120.624		73.5834		0		0.18689		309.298			00:01:00:799		1.53836e+07		0.00405931		2.46249		544.677		6.85045e+06		546.105		
00:01:00:700		6.70797e+06		120.54		73.4124		0		0.186117		309.299			00:01:00:700		1.53837e+07		0.00426292		2.46308		544.664		6.85055e+06		546.098		
00:01:00:549		6.70812e+06		120.54		73.4124		0		0.186117		309.3			00:01:00:549		1.53839e+07		0.00456762		2.46394		544.646		6.8507e+06		546.086		
00:01:00:500		6.70818e+06		120.456		73.4124		0		0.186117		309.3			00:01:00:500		1.53839e+07		0.00466919		2.46417		544.641		6.85075e+06		546.092		
00:01:00:350		6.70832e+06		120.456		73.2413		0		0.185344		309.301			00:01:00:350		1.53841e+07		0.00497389		2.46508		544.623		6.85089e+06		546.087		
00:01:00:250		6.70842e+06		120.371		73.2413		0		0.185344		309.302			00:01:00:250		1.53842e+07		0.00517702		2.46573		544.611		6.85099e+06		546.079		
00:01:00:149		6.70852e+06		120.371		73.0701		0		0.18457		309.302			00:01:00:149		1.53843e+07		0.00537968		2.46622		544.598		6.85109e+06		546.062		
00:01:00:049		6.70863e+06		120.371		73.0701		0		0.18457		309.303			00:01:00:049		1.53844e+07		0.00558186		2.46681		544.586		6.85119e+06		546.076		
00:01:00:000		6.70868e+06		120.287		73.0701		0		0.18457		309.303			00:01:00:000		1.53844e+07		0.00568295		2.46709		544.58		6.85124e+06		546.066		
00:00:59:799		6.70889e+06		120.287		72.8987		0		0.183797		309.304			00:00:59:799		1.53846e+07		0.0060873		2.46822		544.555		6.85144e+06		546.067		
00:00:59:799		6.70889e+06		120.287		72.8987		0		0.183797		309.304			00:00:59:799		1.53846e+07		0.0060873		2.46822		544.555		6.85144e+06		546.067		
00:00:59:700		6.70899e+06		120.202		72.7272		0		0.183023		309.305			00:00:59:700		1.53847e+07		0.00628901		2.46877		544.543		6.85154e+06		546.07		
00:00:59:600		6.70909e+06		120.202		72.7272		0		0.183023		309.306			00:00:59:600		1.53848e+07		0.00649023		2.46931		544.53		6.85164e+06		546.057		
00:00:59:500		6.70919e+06		120.118		72.7272		0		0.183023		309.306			00:00:59:500		1.53849e+07		0.00669146		2.46995		544.518		6.85174e+06		546.043		
00:00:59:399		6.7093e+06		120.118		72.5555		0		0.18225		309.307			00:00:59:399		1.5385e+07		0.00689268		2.47045		544.507		6.85184e+06		546.036		
00:00:59:299		6.7094e+06		120.118		72.5555		0		0.18225		309.307			00:00:59:299		1.53851e+07		0.00709391		2.47104		544.492		6.85194e+06		546.032		
00:00:59:200		6.7095e+06		120.033		72.3836		0		0.181476		309.308			00:00:59:200		1.53852e+07		0.00729465		2.47158		544.478		6.85204e+06		546.033		
00:00:59:100		6.70961e+06		120.033		72.3836		0		0.181476		309.308			00:00:59:100		1.53853e+07		0.00749493		2.47217		544.466		6.85214e+06		546.03		
00:00:58:899		6.70981e+06		119.949		72.2116		0		0.180703		309.31			00:00:58:899		1.53855e+07		0.00789499		2.47326		544.442		6.85234e+06		546.015		
00:00:58:799		6.70991e+06		119.949		72.2116		0		0.180703		309.31			00:00:58:799		1.53856e+07		0.00809479		2.47385		544.43		6.85244e+06		546.015		
00:00:58:799		6.70991e+06		119.949		72.2116		0		0.180703		309.31			00:00:58:799		1.53856e+07		0.00809479		2.47385		544.43		6.85244e+06		546.015		
00:00:58:700		6.71001e+06		119.864		72.0395		0		0.179929		309.311			00:00:58:700		1.53857e+07		0.00829411		2.4744		544.419		6.85254e+06		545.997		
00:00:58:600		6.71012e+06		119.864		72.0395		0		0.179929		309.311			00:00:58:600		1.53858e+07		0.00849342		2.47494		544.406		6.85264e+06		545.989		
00:00:58:500		6.71022e+06		119.78		72.0395		0		0.179929		309.312			00:00:58:500		1.53859e+07		0.00869274		2.47548		544.394		6.85274e+06		545.99		
00:00:58:399		6.71032e+06		119.78		71.8672		0		0.179156		309.312			00:00:58:399		1.5386e+07		0.00889158		2.47602		544.383		6.85284e+06		545.992		
00:00:58:299		6.71043e+06		119.78		71.8672		0		0.179156		309.313			00:00:58:299		1.53861e+07		0.00908995		2.47657		544.371		6.85294e+06		545.99		
00:00:58:200		6.71054e+06		119.695		71.6948		0		0.178382		309.314			00:00:58:200		1.53862e+07		0.00928831		2.47721		544.358		6.85304e+06		545.979		
00:00:58:100		6.71064e+06		119.695		71.6948		0		0.178382		309.314			00:00:58:100		1.53863e+07		0.00948668		2.47765		544.345		6.85314e+06		545.973		
00:00:57:899		6.71085e+06		119.61		71.5222		0		0.177608		309.315			00:00:57:899		1.53865e+07		0.00988197		2.47873		544.322		6.85334e+06		545.955		
00:00:57:799		6.71095e+06		119.61		71.5222		0		0.177608		309.316			00:00:57:799		1.53866e+07		0.0100794		2.47927		544.308		6.85344e+06		545.961		
00:00:57:799		6.71095e+06		119.61		71.5222		0		0.177608		309.316			00:00:57:799		1.53866e+07		0.0100794		2.47927		544.308		6.85344e+06		545.961		
00:00:57:700		6.71105e+06		119.526		71.3495		0		0.176835		309.316			00:00:57:700		1.53867e+07		0.0102763		2.47991		544.295		6.85354e+06		545.949		
00:00:57:600		6.71116e+06		119.526		71.3495		0		0.176835		309.317			00:00:57:600		1.53868e+07		0.0104733		2.48041		544.283		6.85364e+06		545.938		
00:00:57:500		6.71126e+06		119.441		71.3495		0		0.176835		309.317			00:00:57:500		1.53869e+07		0.0106697		2.48095		544.27		6.85374e+06		545.919		
00:00:57:399		6.71136e+06		119.441		71.1766		0		0.176061		309.318			00:00:57:399		1.5387e+07		0.0108657		2.48154		544.256		6.85384e+06		545.927		
00:00:57:299		6.71147e+06		119.441		71.1766		0		0.176061		309.319			00:00:57:299		1.53871e+07		0.0110621		2.48203		544.245		6.85394e+06		545.922		
00:00:57:200		6.71157e+06		119.356		71.0036		0		0.175287		309.319			00:00:57:200		1.53872e+07		0.0112576		2.48257		544.229		6.85404e+06		545.914		
00:00:57:100		6.71167e+06		119.356		71.0036		0		0.175287		309.32			00:00:57:100		1.53873e+07		0.0114532		2.48306		544.218		6.85414e+06		545.909		
00:00:56:899		6.71188e+06		119.272		70.8304		0		0.174514		309.321			00:00:56:899		1.53875e+07		0.0118437		2.48419		544.195		6.85434e+06		545.893		
00:00:56:799		6.71198e+06		119.272		70.8304		0		0.174514		309.321			00:00:56:799		1.53876e+07		0.0120382		2.48473		544.184		6.85444e+06		545.898		
00:00:56:799		6.71198e+06		119.272		70.8304		0		0.174514		309.321			00:00:56:799		1.53876e+07		0.0120382		2.48473		544.184		6.85444e+06		545.898		
00:00:56:700		6.71209e+06		119.187		70.6572		0		0.17374		309.322			00:00:56:700		1.53877e+07		0.0122328		2.48522		544.173		6.85454e+06		545.89		
00:00:56:600		6.7122e+06		119.187		70.6572		0		0.17374		309.322			00:00:56:600		1.53878e+07		0.0124269		2.48571		544.161		6.85464e+06		545.877		
00:00:56:500		6.7123e+06		119.103		70.6572		0		0.17374		309.323			00:00:56:500		1.53879e+07		0.0126204		2.4863		544.148		6.85474e+06		545.873		
00:00:56:350		6.71245e+06		119.103		70.4837		0		0.172966		309.324			00:00:56:350		1.5388e+07		0.0129113		2.48711		544.132		6.85489e+06		545.87		
00:00:56:350		6.71245e+06		119.103		70.4837		0		0.172966		309.324			00:00:56:350		1.5388e+07		0.0129113		2.48711		544.132		6.85489e+06		545.87		
00:00:56:250		6.71256e+06		119.018		70.4837		0		0.172966		309.324			00:00:56:250		1.53881e+07		0.0131044		2.4876		544.12		6.855e+06		545.869		
00:00:56:149		6.71266e+06		119.018		70.3102		0		0.172192		309.325			00:00:56:149		1.53882e+07		0.0132971		2.48814		544.109		6.8551e+06		545.861		
00:00:56:000		6.71282e+06		118.933		70.3102		0		0.172192		309.326			00:00:56:000		1.53884e+07		0.013586		2.4889		544.091		6.85525e+06		545.847		
00:00:55:899		6.71292e+06		118.933		70.1365		0		0.171418		309.326			00:00:55:899		1.53885e+07		0.0137777		2.48944		544.078		6.85535e+06		545.826		
00:00:55:799		6.71303e+06		118.933		70.1365		0		0.171418		309.327			00:00:55:799		1.53886e+07		0.0139699		2.49003		544.068		6.85545e+06		545.834		
00:00:55:649		6.71319e+06		118.849		69.9627		0		0.170644		309.327			00:00:55:649		1.53887e+07		0.0142574		2.49074		544.048		6.8556e+06		545.824		
00:00:55:549		6.71329e+06		118.849		69.9627		0		0.170644		309.328			00:00:55:549		1.53888e+07		0.0144486		2.49123		544.037		6.8557e+06		545.828		
00:00:55:549		6.71329e+06		118.849		69.9627		0		0.170644		309.328			00:00:55:549		1.53888e+07		0.0144486		2.49123		544.037		6.8557e+06		545.828		
00:00:55:450		6.7134e+06		118.764		69.7887		0		0.16987		309.328			00:00:55:450		1.53889e+07		0.0146394		2.49181		544.025		6.8558e+06		545.812		
00:00:55:350		6.7135e+06		118.764		69.7887		0		0.16987		309.329			00:00:55:350		1.5389e+07		0.0148301		2.4923		544.014		6.8559e+06		545.812		
00:00:55:250		6.7136e+06		118.679		69.7887		0		0.16987		309.329			00:00:55:250		1.53891e+07		0.0150204		2.49284		544.001		6.85601e+06		545.807		
00:00:55:149		6.71371e+06		118.679		69.6146		0		0.169096		309.33			00:00:55:149		1.53892e+07		0.0152106		2.49333		543.989		6.85611e+06		545.798		
00:00:55:049		6.71382e+06		118.679		69.6146		0		0.169096		309.33			00:00:55:049		1.53893e+07		0.0153999		2.49382		543.974		6.85621e+06		545.783		
00:00:54:850		6.71403e+06		118.595		69.4404		0		0.168322		309.331			00:00:54:850		1.53895e+07		0.0157781		2.4948		543.953		6.85641e+06		545.77		
00:00:54:850		6.71403e+06		118.595		69.4404		0		0.168322		309.331			00:00:54:850		1.53895e+07		0.0157781		2.4948		543.953		6.85641e+06		545.77		
00:00:54:750		6.71413e+06		118.51		69.4404		0		0.168322		309.332			00:00:54:750		1.53896e+07		0.0159669		2.49533		543.94		6.85651e+06		545.766		
00:00:54:649		6.71424e+06		118.51		69.2661		0		0.167548		309.332			00:00:54:649		1.53897e+07		0.0161552		2.49587		543.928		6.85662e+06		545.767		
00:00:54:549		6.71434e+06		118.51		69.2661		0		0.167548		309.333			00:00:54:549		1.53897e+07		0.0163431		2.49641		543.917		6.85672e+06		545.759		
00:00:54:450		6.71445e+06		118.425		69.0917		0		0.166774		309.333			00:00:54:450		1.53898e+07		0.016531		2.4969		543.904		6.85682e+06		545.752		
00:00:54:350		6.71456e+06		118.425		69.0917		0		0.166774		309.334			00:00:54:350		1.53899e+07		0.0167179		2.49733		543.892		6.85692e+06		545.747		
00:00:54:250		6.71466e+06		118.34		69.0917		0		0.166774		309.334			00:00:54:250		1.539e+07		0.0169053		2.49782		543.881		6.85702e+06		545.739		
00:00:54:149		6.71477e+06		118.34		68.9171		0		0.166		309.335			00:00:54:149		1.53901e+07		0.0170918		2.49836		543.87		6.85713e+06		545.73		
00:00:54:049		6.71487e+06		118.34		68.9171		0		0.166		309.335			00:00:54:049		1.53902e+07		0.0172782		2.49889		543.86		6.85723e+06		545.714		
00:00:53:850		6.71508e+06		118.256		68.7424		0		0.165226		309.336			00:00:53:850		1.53904e+07		0.0176497		2.49982		543.838		6.85743e+06		545.701		
00:00:53:850		6.71508e+06		118.256		68.7424		0		0.165226		309.336			00:00:53:850		1.53904e+07		0.0176497		2.49982		543.838		6.85743e+06		545.701		
00:00:53:750		6.71519e+06		118.171		68.7424		0		0.165226		309.337			00:00:53:750		1.53905e+07		0.0178342		2.50036		543.827		6.85753e+06		545.695		
00:00:53:549		6.7154e+06		118.171		68.5676		0		0.164452		309.338			00:00:53:549		1.53907e+07		0.0182033		2.50128		543.804		6.85774e+06		545.684		
00:00:53:549		6.7154e+06		118.171		68.5676		0		0.164452		309.338			00:00:53:549		1.53907e+07		0.0182033		2.50128		543.804		6.85774e+06		545.684		
00:00:53:450		6.71551e+06		118.086		68.3927		0		0.163677		309.338			00:00:53:450		1.53908e+07		0.0183873		2.50177		543.793		6.85784e+06		545.677		
00:00:53:350		6.71562e+06		118.086		68.3927		0		0.163677		309.339			00:00:53:350		1.53909e+07		0.0185704		2.50221		543.782		6.85794e+06		545.681		
00:00:53:250		6.71572e+06		118.001		68.3927		0		0.163677		309.339			00:00:53:250		1.53909e+07		0.0187535		2.50274		543.772		6.85805e+06		545.661		
00:00:53:149		6.71583e+06		118.001		68.2177		0		0.162903		309.34			00:00:53:149		1.5391e+07		0.0189362		2.50318		543.761		6.85815e+06		545.656		
00:00:53:049		6.71593e+06		118.001		68.2177		0		0.162903		309.34			00:00:53:049		1.53911e+07		0.0191183		2.50366		543.75		6.85825e+06		545.652		
00:00:52:850		6.71615e+06		117.917		68.0426		0		0.162129		309.341			00:00:52:850		1.53913e+07		0.0194807		2.50459		543.727		6.85846e+06		545.635		
00:00:52:850		6.71615e+06		117.917		68.0426		0		0.162129		309.341			00:00:52:850		1.53913e+07		0.0194807		2.50459		543.727		6.85846e+06		545.635		
00:00:52:750		6.71626e+06		117.832		68.0426		0		0.162129		309.341			00:00:52:750		1.53914e+07		0.0196614		2.50502		543.714		6.85856e+06		545.638		
00:00:52:649		6.71637e+06		117.832		67.8673		0		0.161355		309.342			00:00:52:649		1.53915e+07		0.0198417		2.50551		543.703		6.85867e+06		545.623		
00:00:52:549		6.71648e+06		117.832		67.8673		0		0.161355		309.342			00:00:52:549		1.53916e+07		0.020021		2.50595		543.691		6.85877e+06		545.609		
00:00:52:399		6.71664e+06		117.747		67.692		0		0.16058		309.343			00:00:52:399		1.53917e+07		0.0202894		2.5066		543.675		6.85892e+06		545.603		
00:00:52:299		6.71675e+06		117.747		67.692		0		0.16058		309.343			00:00:52:299		1.53918e+07		0.0204682		2.50704		543.66		6.85903e+06		545.6		
00:00:52:200		6.71686e+06		117.662		67.5166		0		0.159806		309.344			00:00:52:200		1.53919e+07		0.0206456		2.50752		543.648		6.85913e+06		545.579		
00:00:52:100		6.71696e+06		117.662		67.5166		0		0.159806		309.344			00:00:52:100		1.5392e+07		0.020823		2.508		543.637		6.85924e+06		545.58		
00:00:52:049		6.71702e+06		117.662		67.5166		0		0.159806		309.344			00:00:52:049		1.5392e+07		0.0209112		2.50827		543.63		6.85929e+06		545.57		
00:00:51:850		6.71723e+06		117.577		67.3412		0		0.159032		309.345			00:00:51:850		1.53922e+07		0.0212631		2.50914		543.608		6.8595e+06		545.558		
00:00:51:850		6.71723e+06		117.577		67.3412		0		0.159032		309.345			00:00:51:850		1.53922e+07		0.0212631		2.50914		543.608		6.8595e+06		545.558		
00:00:51:700		6.7174e+06		117.492		67.1656		0		0.158257		309.346			00:00:51:700		1.53923e+07		0.0215254		2.50984		543.592		6.85965e+06		545.554		
00:00:51:600		6.7175e+06		117.492		67.1656		0		0.158257		309.346			00:00:51:600		1.53924e+07		0.0216994		2.51027		543.581		6.85976e+06		545.546		
00:00:51:500		6.71762e+06		117.408		67.1656		0		0.158257		309.347			00:00:51:500		1.53925e+07		0.021873		2.51071		543.571		6.85986e+06		545.53		
00:00:51:399		6.71772e+06		117.408		66.99		0		0.157483		309.347			00:00:51:399		1.53926e+07		0.0220456		2.51119		543.558		6.85997e+06		545.526		
00:00:51:299		6.71783e+06		117.408		66.99		0		0.157483		309.348			00:00:51:299		1.53926e+07		0.0222178		2.51157		543.547		6.86007e+06		545.515		
00:00:51:200		6.71794e+06		117.323		66.8143		0		0.156708		309.348			00:00:51:200		1.53927e+07		0.0223894		2.51206		543.537		6.86018e+06		545.509		
00:00:51:100		6.71806e+06		117.323		66.8143		0		0.156708		309.348			00:00:51:100		1.53928e+07		0.0225601		2.51249		543.526		6.86029e+06		545.51		
00:00:51:000		6.71816e+06		117.238		66.8143		0		0.156708		309.349			00:00:51:000		1.53929e+07		0.0227304		2.51292		543.515		6.86039e+06		545.492		
00:00:50:799		6.71839e+06		117.238		66.6386		0		0.155934		309.35			00:00:50:799		1.53931e+07		0.023068		2.51378		543.493		6.8606e+06		545.478		
00:00:50:799		6.71839e+06		117.238		66.6386		0		0.155934		309.35			00:00:50:799		1.53931e+07		0.023068		2.51378		543.493		6.8606e+06		545.478		
00:00:50:700		6.7185e+06		117.153		66.4628		0		0.155159		309.35			00:00:50:700		1.53931e+07		0.0232358		2.51426		543.481		6.86071e+06		545.471		
00:00:50:600		6.71861e+06		117.153		66.4628		0		0.155159		309.35			00:00:50:600		1.53932e+07		0.0234032		2.51469		543.47		6.86082e+06		545.465		
00:00:50:500		6.71872e+06		117.068		66.4628		0		0.155159		309.351			00:00:50:500		1.53933e+07		0.0235696		2.51508		543.461		6.86092e+06		545.458		
00:00:50:399		6.71883e+06		117.068		66.287		0		0.154384		309.351			00:00:50:399		1.53934e+07		0.023735		2.5155		543.449		6.86103e+06		545.458		
00:00:50:350		6.71888e+06		117.068		66.287		0		0.154384		309.351			00:00:50:350		1.53934e+07		0.0238175		2.51567		543.443		6.86109e+06		545.449		
00:00:50:200		6.71906e+06		116.983		66.1111		0		0.15361		309.352			00:00:50:200		1.53935e+07		0.0240636		2.51636		543.427		6.86125e+06		545.437		
00:00:50:100		6.71917e+06		116.983		66.1111		0		0.15361		309.352			00:00:50:100		1.53936e+07		0.0242267		2.51684		543.416		6.86136e+06		545.435		
00:00:50:000		6.71928e+06		116.898		66.1111		0		0.15361		309.353			00:00:50:000		1.53937e+07		0.0243888		2.51722		543.406		6.86146e+06		545.422		
00:00:49:899		6.71939e+06		116.898		65.9352		0		0.152835		309.353			00:00:49:899		1.53937e+07		0.02455		2.51765		543.393		6.86157e+06		545.433		
00:00:49:799		6.71951e+06		116.898		65.9352		0		0.152835		309.353			00:00:49:799		1.53938e+07		0.0247102		2.51803		543.382		6.86168e+06		545.408		
00:00:49:700		6.71962e+06		116.813		65.7592		0		0.15206		309.354			00:00:49:700		1.53939e+07		0.0248694		2.51845		543.37		6.86179e+06		545.396		
00:00:49:600		6.71974e+06		116.813		65.7592		0		0.15206		309.354			00:00:49:600		1.5394e+07		0.0250278		2.51893		543.359		6.8619e+06		545.391		
00:00:49:500		6.71985e+06		116.728		65.7592		0		0.15206		309.354			00:00:49:500		1.5394e+07		0.0251861		2.5193		543.346		6.86201e+06		545.387		
00:00:49:399		6.71996e+06		116.728		65.5832		0		0.151286		309.354			00:00:49:399		1.53941e+07		0.0253425		2.51973		543.334		6.86212e+06		545.382		
00:00:49:299		6.72008e+06		116.728		65.5832		0		0.151286		309.355			00:00:49:299		1.53942e+07		0.0254984		2.5201		543.323		6.86223e+06		545.376		
00:00:49:200		6.72019e+06		116.643		65.4071		0		0.150511		309.355			00:00:49:200		1.53942e+07		0.0256538		2.52048		543.31		6.86235e+06		545.378		
00:00:49:100		6.7203e+06		116.643		65.4071		0		0.150511		309.355			00:00:49:100		1.53943e+07		0.0258079		2.5209		543.3		6.86246e+06		545.375		
00:00:49:000		6.72042e+06		116.558		65.4071		0		0.150511		309.356			00:00:49:000		1.53944e+07		0.0259609		2.52137		543.287		6.86257e+06		545.363		
00:00:48:899		6.72054e+06		116.558		65.2311		0		0.149736		309.356			00:00:48:899		1.53944e+07		0.026113		2.52174		543.276		6.86268e+06		545.344		
00:00:48:799		6.72066e+06		116.558		65.2311		0		0.149736		309.356			00:00:48:799		1.53945e+07		0.0262647		2.52206		543.265		6.8628e+06		545.346		
00:00:48:700		6.72078e+06		116.473		65.055		0		0.148961		309.356			00:00:48:700		1.53946e+07		0.0264149		2.52248		543.253		6.86291e+06		545.327		
00:00:48:600		6.72089e+06		116.473		65.055		0		0.148961		309.357			00:00:48:600		1.53946e+07		0.0265641		2.5229		543.242		6.86302e+06		545.324		
00:00:48:500		6.72102e+06		116.388		65.055		0		0.148961		309.357			00:00:48:500		1.53947e+07		0.0267124		2.52327		543.23		6.86314e+06		545.318		
00:00:48:399		6.72113e+06		116.388		64.8789		0		0.148187		309.357			00:00:48:399		1.53947e+07		0.0268598		2.52373		543.219		6.86325e+06		545.309		
00:00:48:299		6.72125e+06		116.388		64.8789		0		0.148187		309.357			00:00:48:299		1.53948e+07		0.0270061		2.52406		543.208		6.86337e+06		545.302		
00:00:48:200		6.72137e+06		116.303		64.7027		0		0.147412		309.358			00:00:48:200		1.53948e+07		0.0271516		2.52438		543.197		6.86348e+06		545.297		
00:00:48:100		6.72149e+06		116.303		64.7027		0		0.147412		309.358			00:00:48:100		1.53949e+07		0.0272961		2.52479		543.186		6.8636e+06		545.291		
00:00:47:899		6.72173e+06		116.218		64.5266		0		0.146637		309.358			00:00:47:899		1.5395e+07		0.0275841		2.52538		543.163		6.86383e+06		545.287		
00:00:47:799		6.72185e+06		116.218		64.5266		0		0.146637		309.358			00:00:47:799		1.5395e+07		0.0277267		2.52569		543.154		6.86395e+06		545.281		
00:00:47:799		6.72185e+06		116.218		64.5266		0		0.146637		309.358			00:00:47:799		1.5395e+07		0.0277267		2.52569		543.154		6.86395e+06		545.281		
00:00:47:700		6.72198e+06		116.133		64.3505		0		0.145862		309.358			00:00:47:700		1.53951e+07		0.0278687		2.52601		543.143		6.86407e+06		545.265		
00:00:47:600		6.7221e+06		116.133		64.3505		0		0.145862		309.359			00:00:47:600		1.53951e+07		0.0280104		2.52641		543.131		6.86418e+06		545.267		
00:00:47:500		6.72229e+06		116.048		64.1743		0		0.145087		309.359			00:00:47:500		1.53952e+07		0.0282216		2.52688		543.113		6.86436e+06		545.251		
00:00:47:350		6.72229e+06		116.048		64.1743		0		0.145087		309.359			00:00:47:350		1.53952e+07		0.0282216		2.52688		543.113		6.86436e+06		545.251		
00:00:47:350		6.72241e+06		116.048		64.1743		0		0.145087		309.359			00:00:47:350		1.53952e+07		0.0283618		2.52709		543.098		6.86448e+06		545.234		
00:00:47:250		6.72254e+06		115.963		64.1743		0		0.145087		309.359			00:00:47:250		1.53953e+07		0.028502		2.52749		543.089		6.8646e+06		545.229		
00:00:47:149		6.72266e+06		115.963		63.9982		0		0.144312		309.359			00:00:47:149		1.53953e+07		0.0286407		2.5277		543.077		6.86472e+06		545.224		
00:00:47:049		6.72278e+06		115.963		63.9982		0		0.144312		309.359			00:00:47:049		1.53953e+07		0.0287795		2.52806		543.064		6.86484e+06		545.22		
00:00:46:850		6.72303e+06		115.878		63.8221		0		0.143537		309.359			00:00:46:850		1.53954e+07		0.0290546		2.52863		543.041		6.86509e+06		545.215		
00:00:46:850		6.72303e+06		115.878		63.8221		0		0.143537		309.359			00:00:46:850		1.53954e+07		0.0290546		2.52863		543.041		6.86509e+06		545.215		
00:00:46:750		6.72316e+06		115.793		63.8221		0		0.143537		309.359			00:00:46:750		1.53954e+07		0.029192		2.52879		543.028		6.86521e+06		545.2		
00:00:46:649		6.72329e+06		115.793		63.646		0		0.142761		309.359			00:00:46:649		1.53954e+07		0.0293293		2.52905		543.018		6.86533e+06		545.2		
00:00:46:450		6.72354e+06		115.708		63.47		0		0.141986		309.359			00:00:46:450		1.53955e+07		0.0296049		2.52947		542.994		6.86558e+06		545.188		
00:00:46:450		6.72354e+06		115.708		63.47		0		0.141986		309.359			00:00:46:450		1.53955e+07		0.0296049		2.52947		542.994		6.86558e+06		545.188		
00:00:46:350		6.72367e+06		115.708		63.47		0		0.141986		309.359			00:00:46:350		1.53955e+07		0.0297441		2.52977		542.98		6.8657e+06		545.178		
00:00:46:250		6.7238e+06		115.623		63.47		0		0.141986		309.359			00:00:46:250		1.53955e+07		0.0298843		2.52992		542.969		6.86583e+06		545.177		
00:00:46:149		6.72393e+06		115.623		63.294		0		0.141211		309.359			00:00:46:149		1.53955e+07		0.030026		2.53012		542.956		6.86595e+06		545.163		
00:00:46:049		6.72406e+06		115.623		63.294		0		0.141211		309.359			00:00:46:049		1.53955e+07		0.030169		2.53032		542.944		6.86608e+06		545.157		
00:00:45:850		6.72432e+06		115.537		63.118		0		0.140436		309.358			00:00:45:850		1.53956e+07		0.0304589		2.53056		542.921		6.86633e+06		545.146		
00:00:45:850		6.72432e+06		115.537		63.118		0		0.140436		309.358			00:00:45:850		1.53956e+07		0.0304589		2.53056		542.921		6.86633e+06		545.146		
00:00:45:750		6.72445e+06		115.452		63.118		0		0.140436		309.358			00:00:45:750		1.53956e+07		0.0306063		2.53075		542.908		6.86646e+06		545.146		
00:00:45:649		6.72458e+06		115.452		62.9421		0		0.139661		309.358			00:00:45:649		1.53956e+07		0.0307541		2.5309		542.895		6.86658e+06		545.132		
00:00:45:549		6.72471e+06		115.452		62.9421		0		0.139661		309.358			00:00:45:549		1.53956e+07		0.0309029		2.53114		542.885		6.86671e+06		545.131		
00:00:45:450		6.72484e+06		115.367		62.7662		0		0.138885		309.358			00:00:45:450		1.53956e+07		0.0310531		2.53129		542.872		6.86684e+06		545.119		
00:00:45:250		6.7251e+06		115.282		62.7662		0		0.138885		309.357			00:00:45:250		1.53957e+07		0.0313573		2.53184		542.849		6.8671e+06		545.115		
00:00:45:250		6.7251e+06		115.282		62.7662		0		0.138885		309.357			00:00:45:250		1.53957e+07		0.0313573		2.53184		542.849		6.8671e+06		545.115		
00:00:45:149		6.72524e+06		115.282		62.5903		0		0.13811		309.357			00:00:45:149		1.53957e+07		0.0315113		2.5321		542.836		6.86722e+06		545.11		
00:00:45:049		6.72537e+06		115.282		62.5903		0		0.13811		309.357			00:00:45:049		1.53957e+07		0.0316682		2.53251		542.823		6.86735e+06		545.104		
00:00:44:850		6.72564e+06		115.197		62.4146		0		0.137334		309.357			00:00:44:850		1.53957e+07		0.0319924		2.53327		542.8		6.86761e+06		545.081		
00:00:44:850		6.72564e+06		115.197		62.4146		0		0.137334		309.357			00:00:44:850		1.53957e+07		0.0319924		2.53327		542.8		6.86761e+06		545.081		
00:00:44:750		6.72577e+06		115.112		62.4146		0		0.137334		309.357			00:00:44:750		1.53957e+07		0.0321608		2.53366		542.788		6.86774e+06		545.075		
00:00:44:649		6.72591e+06		115.112		62.2388		0		0.136559		309.358			00:00:44:649		1.53957e+07		0.0323339		2.53415		542.775		6.86787e+06		545.069		
00:00:44:549		6.72604e+06		115.112		62.2388		0		0.136559		309.358			00:00:44:549		1.53957e+07		0.0325127		2.53473		542.764		6.868e+06		545.065		
00:00:44:450		6.72618e+06		115.026		62.0632		0		0.135784		309.358			00:00:44:450		1.53958e+07		0.0326958		2.53515		542.752		6.86813e+06		545.056		
00:00:44:350		6.72631e+06		115.026		62.0632		0		0.135784		309.359			00:00:44:350		1.53958e+07		0.0328836		2.53567		542.737		6.86826e+06		545.06		
00:00:44:250		6.72645e+06		114.941		62.0632		0		0.135784		309.359			00:00:44:250		1.53959e+07		0.0330749		2.53618		542.725		6.8684e+06		545.058		
00:00:44:149		6.72658e+06		114.941		61.8876		0		0.135008		309.36			00:00:44:149		1.5396e+07		0.033268		2.53679		542.71		6.86853e+06		545.041		
00:00:44:049		6.72679e+06		114.856		61.8876		0		0.135008		309.36			00:00:44:049		1.53961e+07		0.0335598		2.53767		542.694		6.86873e+06		545.033		
00:00:43:899		6.72693e+06		114.856		61.7121		0		0.134233		309.361			00:00:43:899		1.53962e+07		0.0337534		2.53815		542.681		6.86886e+06		545.021		
00:00:43:850		6.727e+06		114.856		61.7121		0		0.134233		309.361			00:00:43:850		1.53962e+07		0.0338502		2.53836		542.676		6.86893e+06		545.028		
00:00:43:750		6.7272e+06		114.771		61.5366		0		0.133457		309.361			00:00:43:750		1.53963e+07		0.0341392		2.53915		542.658		6.86913e+06		545.018		
00:00:43:649		6.72727e+06		114.771		61.5366		0		0.133457		309.362			00:00:43:649		1.53964e+07		0.0342355		2.53945		542.651		6.86919e+06		545.009		
00:00:43:500		6.72748e+06		114.685		61.5366		0		0.133457		309.362			00:00:43:500		1.53965e+07		0.034523		2.54014		542.631		6.8694e+06		545.004		
00:00:43:399		6.72761e+06		114.685		61.3612		0		0.132681		309.363			00:00:43:399		1.53966e+07		0.0347137		2.54056		542.62		6.86953e+06		544.991		
00:00:43:350		6.72769e+06		114.685		61.3612		0		0.132681		309.363			00:00:43:350		1.53966e+07		0.0348091		2.54078		542.613		6.8696e+06		545		
00:00:43:250		6.72783e+06		114.6		61.3612		0		0.132681		309.363			00:00:43:250		1.53967e+07		0.0349989		2.5413		542.599		6.86973e+06		544.995		
00:00:43:149		6.72797e+06		114.6		61.1859		0		0.131906		309.363			00:00:43:149		1.53967e+07		0.0351887		2.54172		542.586		6.86987e+06		544.986		
00:00:43:049		6.72811e+06		114.6		61.1859		0		0.131906		309.364			00:00:43:049		1.53968e+07		0.0353775		2.54219		542.572		6.87001e+06		544.981		
00:00:42:850		6.72838e+06		114.515		61.0107		0		0.13113		309.364			00:00:42:850		1.53969e+07		0.0357537		2.54308		542.547		6.87028e+06		544.975		
00:00:42:850		6.72838e+06		114.515		61.0107		0		0.13113		309.364			00:00:42:850		1.53969e+07		0.0357537		2.54308		542.547		6.87028e+06		544.975		
00:00:42:750		6.72853e+06		114.429		61.0107		0		0.13113		309.365			00:00:42:750		1.5397e+07		0.0359421		2.54346		542.534		6.87042e+06		544.962		
00:00:42:600		6.72874e+06		114.429		60.8356		0		0.130354		309.365			00:00:42:600		1.53971e+07		0.0362244		2.54399		542.514		6.87063e+06		544.948		
00:00:42:500		6.72889e+06		114.344		60.8356		0		0.130354		309.365			00:00:42:500		1.53972e+07		0.0364127		2.54446		542.502		6.87077e+06		544.948		
00:00:42:399		6.72903e+06		114.344		60.6606		0		0.129578		309.366			00:00:42:399		1.53972e+07		0.036602		2.54492		542.489		6.87091e+06		544.938		
00:00:42:299		6.72917e+06		114.344		60.6606		0		0.129578		309.366			00:00:42:299		1.53973e+07		0.0367913		2.54528		542.473		6.87104e+06		544.942		
00:00:42:200		6.72932e+06		114.259		60.4857		0		0.128802		309.366			00:00:42:200		1.53973e+07		0.0369811		2.5456		542.46		6.87119e+06		544.942		
00:00:42:100		6.72946e+06		114.259		60.4857		0		0.128802		309.366			00:00:42:100		1.53974e+07		0.0371709		2.54596		542.448		6.87133e+06		544.921		
00:00:42:000		6.72961e+06		114.173		60.4857		0		0.128802		309.367			00:00:42:000		1.53975e+07		0.0373616		2.54637		542.435		6.87147e+06		544.925		
00:00:41:899		6.72975e+06		114.173		60.3109		0		0.128027		309.367			00:00:41:899		1.53975e+07		0.0375524		2.54678		542.421		6.87161e+06		544.922		
00:00:41:799		6.7299e+06		114.173		60.3109		0		0.128027		309.367			00:00:41:799		1.53976e+07		0.0377431		2.5471		542.406		6.87175e+06		544.916		
00:00:41:700		6.73004e+06		114.088		60.1362		0		0.127251		309.367			00:00:41:700		1.53976e+07		0.0379338		2.54756		542.392		6.87189e+06		544.903		
00:00:41:600		6.73019e+06		114.088		60.1362		0		0.127251		309.367			00:00:41:600		1.53977e+07		0.038125		2.54792		542.378		6.87203e+06		544.908		
00:00:41:500		6.73033e+06		114.003		60.1362		0		0.127251		309.367			00:00:41:500		1.53977e+07		0.0383167		2.54843		542.363		6.87218e+06		544.881		
00:00:41:399		6.73048e+06		114.003		59.9616		0		0.126475		309.368			00:00:41:399		1.53978e+07		0.0385084		2.5488		542.351		6.87232e+06		544.893		
00:00:41:299		6.73063e+06		114.003		59.9616		0		0.126475		309.368			00:00:41:299		1.53978e+07		0.0387015		2.54927		542.336		6.87246e+06		544.881		
00:00:41:200		6.73078e+06		113.917		59.7871		0		0.125699		309.368			00:00:41:200		1.53979e+07		0.0388961		2.54983		542.325		6.87261e+06		544.877		
00:00:41:100		6.73092e+06		113.917		59.7871		0		0.125699		309.369			00:00:41:100		1.53979e+07		0.0390921		2.55025		542.311		6.87275e+06		544.874		
00:00:40:899		6.73122e+06		113.832		59.6127		0		0.124923		309.369			00:00:40:899		1.5398e+07		0.0394912		2.5514		542.284		6.87304e+06		544.871		
00:00:40:799		6.73137e+06		113.832		59.6127		0		0.124923		309.37			00:00:40:799		1.53981e+07		0.0396943		2.5519		542.271		6.87319e+06		544.858		
00:00:40:799		6.73137e+06		113.832		59.6127		0		0.124923		309.37			00:00:40:799		1.53981e+07		0.0396943		2.5519		542.271		6.87319e+06		544.858		
00:00:40:700		6.73152e+06		113.747		59.4385		0		0.124146		309.37			00:00:40:700		1.53982e+07		0.0399003		2.5524		542.257		6.87334e+06		544.862		
00:00:40:600		6.73167e+06		113.747		59.4385		0		0.124146		309.371			00:00:40:600		1.53982e+07		0.0401087		2.55298		542.243		6.87348e+06		544.848		
00:00:40:500		6.73182e+06		113.661		59.4385		0		0.124146		309.371			00:00:40:500		1.53983e+07		0.0403185		2.55357		542.226		6.87363e+06		544.854		
00:00:40:399		6.73197e+06		113.661		59.2644		0		0.12337		309.372			00:00:40:399		1.53984e+07		0.0405293		2.5542		542.212		6.87378e+06		544.85		
00:00:40:299		6.73212e+06		113.661		59.2644		0		0.12337		309.372			00:00:40:299		1.53985e+07		0.04074		2.5548		542.198		6.87393e+06		544.847		
00:00:40:200		6.73227e+06		113.576		59.0904		0		0.122594		309.372			00:00:40:200		1.53985e+07		0.0409503		2.55522		542.185		6.87407e+06		544.844		
00:00:40:100		6.73243e+06		113.576		59.0904		0		0.122594		309.373			00:00:40:100		1.53986e+07		0.0411606		2.55584		542.171		6.87422e+06		544.826		
00:00:39:899		6.73274e+06		113.49		58.9166		0		0.121818		309.374			00:00:39:899		1.53988e+07		0.0415802		2.55682		542.144		6.87452e+06		544.822		
00:00:39:799		6.73289e+06		113.49		58.9166		0		0.121818		309.374			00:00:39:799		1.53988e+07		0.0417886		2.55729		542.129		6.87468e+06		544.824		
00:00:39:799		6.73289e+06		113.49		58.9166		0		0.121818		309.374			00:00:39:799		1.53988e+07		0.0417886		2.55729		542.129		6.87468e+06		544.824		
00:00:39:700		6.73312e+06		113.405		58.7429		0		0.121042		309.375			00:00:39:700		1.5399e+07		0.0421019		2.55802		542.108		6.8749e+06		544.815		
00:00:39:600		6.7332e+06		113.405		58.7429		0		0.121042		309.375			00:00:39:600		1.5399e+07		0.0422063		2.55832		542.1		6.87498e+06		544.813		
00:00:39:450		6.73343e+06		113.319		58.5693		0		0.120265		309.376			00:00:39:450		1.53991e+07		0.0425181		2.5591		542.077		6.87521e+06		544.804		
00:00:39:450		6.73343e+06		113.319		58.5693		0		0.120265		309.376			00:00:39:450		1.53991e+07		0.0425181		2.5591		542.077		6.87521e+06		544.804		
00:00:39:350		6.73359e+06		113.319		58.5693		0		0.120265		309.376			00:00:39:350		1.53992e+07		0.042726		2.55956		542.063		6.87536e+06		544.784		
00:00:39:200		6.73383e+06		113.234		58.3959		0		0.119489		309.376			00:00:39:200		1.53993e+07		0.0430374		2.56019		542.039		6.87559e+06		544.783		
00:00:39:100		6.73399e+06		113.234		58.3959		0		0.119489		309.377			00:00:39:100		1.53993e+07		0.0432453		2.56066		542.023		6.87574e+06		544.781		
00:00:39:000		6.73414e+06		113.148		58.3959		0		0.119489		309.377			00:00:39:000		1.53994e+07		0.0434537		2.56117		542.007		6.8759e+06		544.778		
00:00:38:899		6.7343e+06		113.148		58.2226		0		0.118712		309.377			00:00:38:899		1.53994e+07		0.043663		2.56168		541.989		6.87605e+06		544.777		
00:00:38:799		6.73446e+06		113.148		58.2226		0		0.118712		309.378			00:00:38:799		1.53995e+07		0.0438733		2.562		541.973		6.87621e+06		544.784		
00:00:38:700		6.73462e+06		113.063		58.0495		0		0.117936		309.378			00:00:38:700		1.53995e+07		0.0440845		2.56241		541.958		6.87636e+06		544.766		
00:00:38:600		6.73478e+06		113.063		58.0495		0		0.117936		309.378			00:00:38:600		1.53996e+07		0.0442972		2.56277		541.944		6.87652e+06		544.769		
00:00:38:450		6.73502e+06		112.977		57.8766		0		0.117159		309.378			00:00:38:450		1.53997e+07		0.0446191		2.56342		541.92		6.87676e+06		544.758		
00:00:38:450		6.73502e+06		112.977		57.8766		0		0.117159		309.378			00:00:38:450		1.53997e+07		0.0446191		2.56342		541.92		6.87676e+06		544.758		
00:00:38:350		6.73518e+06		112.977		57.8766		0		0.117159		309.379			00:00:38:350		1.53997e+07		0.0448356		2.56378		541.906		6.87691e+06		544.754		
00:00:38:250		6.73534e+06		112.892		57.8766		0		0.117159		309.379			00:00:38:250		1.53998e+07		0.045053		2.56413		541.89		6.87707e+06		544.752		
00:00:38:149		6.7355e+06		112.892		57.7038		0		0.116383		309.379			00:00:38:149		1.53999e+07		0.0452719		2.56448		541.874		6.87723e+06		544.752		
00:00:38:049		6.73566e+06		112.892		57.7038		0		0.116383		309.379			00:00:38:049		1.53999e+07		0.0454922		2.56488		541.859		6.87739e+06		544.753		
00:00:37:850		6.73599e+06		112.806		57.5312		0		0.115606		309.379			00:00:37:850		1.54e+07		0.0459366		2.5657		541.827		6.87771e+06		544.735		
00:00:37:850		6.73599e+06		112.806		57.5312		0		0.115606		309.379			00:00:37:850		1.54e+07		0.0459366		2.5657		541.827		6.87771e+06		544.735		
00:00:37:750		6.73615e+06		112.721		57.5312		0		0.115606		309.38			00:00:37:750		1.54001e+07		0.0461602		2.56611		541.811		6.87787e+06		544.737		
00:00:37:649		6.73631e+06		112.721		57.3587		0		0.11483		309.38			00:00:37:649		1.54001e+07		0.0463867		2.56657		541.794		6.87803e+06		544.732		
00:00:37:549		6.73648e+06		112.721		57.3587		0		0.11483		309.38			00:00:37:549		1.54002e+07		0.0466142		2.56713		541.78		6.87819e+06		544.736		
00:00:37:450		6.73664e+06		112.635		57.1865		0		0.114053		309.38			00:00:37:450		1.54002e+07		0.0468454		2.56769		541.762		6.87835e+06		544.733		
00:00:37:350		6.7368e+06		112.635		57.1865		0		0.114053		309.381			00:00:37:350		1.54003e+07		0.0470791		2.56825		541.748		6.87851e+06		544.723		
00:00:37:250		6.73697e+06		112.55		57.1865		0		0.114053		309.381			00:00:37:250		1.54003e+07		0.047317		2.5689		541.731		6.87867e+06		544.719		
00:00:37:149		6.73713e+06		112.55		57.0144		0		0.113276		309.382			00:00:37:149		1.54004e+07		0.0475597		2.5695		541.715		6.87883e+06		544.72		
00:00:37:049		6.73729e+06		112.55		57.0144		0		0.113276		309.382			00:00:37:049		1.54004e+07		0.0478067		2.57014		541.699		6.87899e+06		544.719		
00:00:36:850		6.73763e+06		112.464		56.8424		0		0.112499		309.384			00:00:36:850		1.54006e+07		0.0483141		2.57159		541.667		6.87932e+06		544.705		
00:00:36:750		6.73779e+06		112.379		56.8424		0		0.112499		309.384			00:00:36:750		1.54007e+07		0.048574		2.57226		541.65		6.87948e+06		544.701		
00:00:36:750		6.73779e+06		112.379		56.8424		0		0.112499		309.384			00:00:36:750		1.54007e+07		0.048574		2.57226		541.65		6.87948e+06		544.701		
00:00:36:649		6.73796e+06		112.379		56.6707		0		0.111722		309.385			00:00:36:649		1.54008e+07		0.0488362		2.57298		541.634		6.87964e+06		544.7		
00:00:36:549		6.73813e+06		112.379		56.6707		0		0.111722		309.386			00:00:36:549		1.54009e+07		0.0490999		2.57366		541.618		6.87981e+06		544.71		
00:00:36:450		6.73829e+06		112.293		56.4991		0		0.110946		309.387			00:00:36:450		1.5401e+07		0.0493641		2.57451		541.6		6.87997e+06		544.698		
00:00:36:250		6.73863e+06		112.207		56.4991		0		0.110946		309.388			00:00:36:250		1.54012e+07		0.0498924		2.57591		541.566		6.8803e+06		544.7		
00:00:36:250		6.73863e+06		112.207		56.4991		0		0.110946		309.388			00:00:36:250		1.54012e+07		0.0498924		2.57591		541.566		6.8803e+06		544.7		
00:00:36:149		6.7388e+06		112.207		56.3277		0		0.110169		309.389			00:00:36:149		1.54014e+07		0.0501561		2.57654		541.548		6.88047e+06		544.694		
00:00:36:049		6.73897e+06		112.207		56.3277		0		0.110169		309.39			00:00:36:049		1.54015e+07		0.0504193		2.57722		541.53		6.88064e+06		544.695		
00:00:35:850		6.73931e+06		112.122		56.1565		0		0.109392		309.391			00:00:35:850		1.54017e+07		0.0509448		2.57857		541.494		6.88097e+06		544.69		
00:00:35:850		6.73931e+06		112.122		56.1565		0		0.109392		309.391			00:00:35:850		1.54017e+07		0.0509448		2.57857		541.494		6.88097e+06		544.69		
00:00:35:750		6.73948e+06		112.036		56.1565		0		0.109392		309.392			00:00:35:750		1.54018e+07		0.0512071		2.57925		541.472		6.88114e+06		544.682		
00:00:35:649		6.73965e+06		112.036		55.9854		0		0.108614		309.392			00:00:35:649		1.54019e+07		0.0514693		2.57988		541.456		6.88131e+06		544.672		
00:00:35:549		6.73982e+06		112.036		55.9854		0		0.108614		309.393			00:00:35:549		1.5402e+07		0.0517311		2.58051		541.438		6.88147e+06		544.68		
00:00:35:450		6.73999e+06		111.951		55.8146		0		0.107837		309.394			00:00:35:450		1.54021e+07		0.0519924		2.58113		541.422		6.88164e+06		544.674		
00:00:35:350		6.74016e+06		111.951		55.8146		0		0.107837		309.394			00:00:35:350		1.54022e+07		0.0522537		2.58181		541.404		6.88181e+06		544.684		
00:00:35:250		6.74033e+06		111.865		55.8146		0		0.107837		309.395			00:00:35:250		1.54023e+07		0.0525155		2.58243		541.385		6.88198e+06		544.675		
00:00:35:100		6.7406e+06		111.865		55.6439		0		0.10706		309.396			00:00:35:100		1.54025e+07		0.0529084		2.58332		541.359		6.88224e+06		544.677		
00:00:35:049		6.74068e+06		111.865		55.6439		0		0.10706		309.396			00:00:35:049		1.54025e+07		0.0530391		2.58368		541.349		6.88232e+06		544.669		
00:00:34:950		6.74086e+06		111.779		55.4734		0		0.106283		309.397			00:00:34:950		1.54026e+07		0.0533023		2.5843		541.331		6.8825e+06		544.669		
00:00:34:850		6.74103e+06		111.779		55.4734		0		0.106283		309.398			00:00:34:850		1.54027e+07		0.053565		2.58488		541.312		6.88267e+06		544.656		
00:00:34:750		6.74121e+06		111.694		55.4734		0		0.106283		309.398			00:00:34:750		1.54028e+07		0.0538287		2.58545		541.294		6.88284e+06		544.662		
00:00:34:600		6.74147e+06		111.694		55.3031		0		0.105506		309.399			00:00:34:600		1.5403e+07		0.0542254		2.58632		541.267		6.8831e+06		544.648		
00:00:34:500		6.74165e+06		111.608		55.3031		0		0.105506		309.4			00:00:34:500		1.54031e+07		0.0544906		2.58694		541.249		6.88327e+06		544.643		
00:00:34:450		6.74174e+06		111.608		55.1329		0		0.104728		309.4			00:00:34:450		1.54031e+07		0.0546231		2.58724		541.24		6.88336e+06		544.65		
00:00:34:299		6.742e+06		111.608		55.1329		0		0.104728		309.401			00:00:34:299		1.54033e+07		0.0550222		2.58817		541.211		6.88362e+06		544.638		
00:00:34:200		6.74218e+06		111.522		54.963		0		0.103951		309.401			00:00:34:200		1.54034e+07		0.0552888		2.58873		541.193		6.88379e+06		544.634		
00:00:34:100		6.74235e+06		111.522		54.963		0		0.103951		309.402			00:00:34:100		1.54035e+07		0.0555558		2.58935		541.173		6.88397e+06		544.637		
00:00:34:000		6.74254e+06		111.436		54.963		0		0.103951		309.402			00:00:34:000		1.54035e+07		0.0558233		2.58997		541.155		6.88414e+06		544.636		
00:00:33:899		6.74271e+06		111.436		54.7932		0		0.103174		309.403			00:00:33:899		1.54036e+07		0.0560913		2.59068		541.135		6.88432e+06		544.625		
00:00:33:850		6.74289e+06		111.436		54.7932		0		0.103174		309.404			00:00:33:850		1.54037e+07		0.0563607		2.59135		541.117		6.88449e+06		544.623		
00:00:33:700		6.74307e+06		111.351		54.6236		0		0.102396		309.404			00:00:33:700		1.54038e+07		0.0566311		2.59197		541.097		6.88467e+06		544.626		
00:00:33:600		6.74325e+06		111.351		54.6236		0		0.102396		309.405			00:00:33:600		1.54039e+07		0.0569034		2.59274		541.079		6.88485e+06		544.625		
00:00:33:549		6.74334e+06		111.351		54.6236		0		0.102396		309.405			00:00:33:549		1.54039e+07		0.0570402		2.59305		541.068		6.88494e+06		544.628		
00:00:33:399		6.7436e+06		111.265		54.4542		0		0.101619		309.406			00:00:33:399		1.54041e+07		0.0574541		2.5942		541.039		6.8852e+06		544.636		
00:00:33:299		6.74378e+06		111.265		54.4542		0		0.101619		309.407			00:00:33:299		1.54042e+07		0.0577331		2.59495		541.021		6.88538e+06		544.632		
00:00:33:200		6.74397e+06		111.179		54.285		0		0.100841		309.408			00:00:33:200		1.54043e+07		0.0580144		2.59566		541.002		6.88556e+06		544.626		
00:00:33:149		6.74406e+06		111.179		54.285		0		0.100841		309.409			00:00:33:149		1.54044e+07		0.0582981		2.5963		540.982		6.88574e+06		544.624		
00:00:33:000		6.74433e+06		111.094		54.285		0		0.100841		309.41			00:00:33:000		1.54045e+07		0.0585837		2.59709		540.958		6.88592e+06		544.616		
00:00:32:899		6.74452e+06		111.094		54.1159		0		0.100063		309.41			00:00:32:899		1.54046e+07		0.0588703		2.59783		540.938		6.8861e+06		544.621		
00:00:32:799		6.7447e+06		111.094		54.1159		0		0.100063		309.411			00:00:32:799		1.54047e+07		0.0591578		2.59871		540.917		6.88628e+06		544.614		
00:00:32:700		6.74488e+06		111.008		53.947		0		0.0992857		309.412			00:00:32:700		1.54048e+07		0.0594459		2.59944		540.895		6.88646e+06		544.618		
00:00:32:600		6.74507e+06		111.008		53.947		0		0.0992857		309.413			00:00:32:600		1.5405e+07		0.0597334		2.60011		540.874		6.88664e+06		544.615		
00:00:32:500		6.74525e+06		110.922		53.947		0		0.0992857		309.414			00:00:32:500		1.54051e+07		0.0600214		2.60083		540.852		6.88682e+06		544.613		
00:00:32:399		6.74544e+06		110.922		53.7783		0		0.0985079		309.414			00:00:32:399		1.54052e+07		0.0603085		2.60151		540.832		6.88701e+06		544.607		
00:00:32:299		6.74562e+06		110.922		53.7783		0		0.0985079		309.415			00:00:32:299		1.54053e+07		0.060596		2.60223		540.812		6.88719e+06		544.616		
00:00:32:200		6.74580e+06		110.836		53.6098		0		0.0977301		309.416			00:00:32:200		1.54054e+07		0.0608835		2.60295		540.792		6.88737e+06		544.608		
00:00:32:100		6.74599e+06		110.836		53.6098		0		0.0977301		309.417			00:00:32:100		1.54055e+07		0.0611711		2.60362		540.771		6.88756e+06		544.615		
00:00:31:899		6.74636e+06		110.75		53.4415		0		0.0969523		309.418			00:00:31:899		1.54057e+07		0.0617456		2.605		540.729		6.88793e+06		544.608		
00:00:31:800		6.74656e+06		110.75		53.4415		0		0.0969523		309.419			00:00:31:800		1.54059e+07		0.0620332		2.60567		540.706		6.88811e+06		544.6		
00:00:31:800		6.74656e+06		110.75		53.4415		0		0.0969523		309.419			00:00:31:800		1.54059e+07		0.0620332		2.60567		540.706		6.88811e+06		544.6		
00:00:31:699		6.74674e+06		110.665		53.2734		0		0.0961744		309.42			00:00:31:699		1.5406e+07		0.0623207		2.6063		540.684		6.8883e+06		544.6		
00:00:31:600		6.74693e+06		110.665		53.2734		0		0.0961744		309.421			00:00:31:600		1.54061e+07		0.0626092		2.60701		540.666		6.88849e+06		544.601		
00:00:31:500		6.74712e+06		110.579		53.2734		0		0.0961744		309.421			00:00:31:500		1.54062e+07		0.0628982		2.60763		540.644		6.88867e+06		544.605		
00:00:31:399		6.74731e+06		110.579		53.1054		0		0.0953964		309.422			00:00:31:399		1.54063e+07		0.0631876		2.60825		540.623		6.88886e+06		544.604		
00:00:31:300		6.7475e+06		110.579		53.1054		0		0.0953964		309.423			00:00:31:300		1.54064e+07		0.063478		2.60892		540.601		6.88905e+06		544.608		
00:00:31:199		6.74769e+06		110.493		52.9377		0		0.0946184		309.423			00:00:31:199		1.54065e+07		0.0637698		2.60949		540.578		6.88924e+06		544.599		
00:00:31:100		6.74788e+06		110.493		52.9377		0		0.0946184		309.424			00:00:31:100		1.54066e+07		0.0640631		2.61014		540.558		6.88943e+06		544.606		
00:00:30:949		6.74817e+06		110.407		52.7703		0		0.0938403		309.425			00:00:30:949		1.54067e+07		0.0645051		2.61106		540.525		6.88971e+06		544.603		
00:00:30:949		6.74817e+06		110.407		52.7703		0		0.0938403		309.425			00:00:30:949		1.54067e+07		0.0645051		2.61106		540.525		6.88971e+06		544.603		
00:00:30:800		6.74845e+06		110.407		52.7703		0		0.0938403		309.426			00:00:30:800		1.54069e+07		0.0649519		2.61193		540.514		6.88999e+06		544.599		
00:00:30:699		6.74865e+06		110.322		52.603		0		0.0930621		309.426			00:00:30:699		1.5407e+07		0.0652509		2.6125		540.464		6.89018e+06		544.587		
00:00:30:600		6.74884e+06		110.322		52.603		0		0.0930621		309.427			00:00:30:600		1.54071e+07		0.0655518		2.61314		540.44		6.89038e+06		544.592		
00:00:30:500		6.74903e+06		110.236		52.603		0		0.0930621		309.428			00:00:30:500		1.54072e+07		0.0658541		2.61379		540.419		6.89057e+06		544.589		
00:00:30:399		6.74923e+06		110.236		52.436		0		0.0922839		309.428			00:00:30:399		1.54073e+07		0.0661578		2.61431		540.395		6.89076e+06		544.588		
00:00:30:300		6.74942e+06		110.236		52.436		0		0.0922839		309.429			00:00:30:300		1.54074e+07		0.0664635		2.61501		540.372		6.89095e+06		544.587		
00:00:30:149		6.74971e+06		110.15		52.2692		0		0.0915057		309.43			00:00:30:149		1.54075e+07		0.066925		2.61607		540.338		6.89124e+06		544.596		
00:00:30:050		6.7499e+06		110.15		52.2692		0		0.0915057		309.43			00:00:30:050		1.54076e+07		0.0672355		2.61678		540.314		6.89143e+06		544.598		
00:00:30:050		6.7499e+06		110.15		52.2692		0		0.0915057		309.43			00:00:30:050		1.54076e+07		0.0672355		2.61678		540.314		6.89143e+06		544.598		
00:00:29:850		6.75029e+06		110.064		52.1027		0		0.0907274		309.432			00:00:29:850		1.54078e+07		0.0678644		2.61825		540.267		6.89182e+06		544.598		
00:00:29:750		6.75049e+06		109.978		52.1027		0		0.0907274		309.433			00:00:29:750		1.54079e+07		0.0681839		2.6191		540.244		6.89201e+06		544.591		
00:00:29:750		6.75049e+06		109.978		52.1027		0		0.0907274		309.433			00:00:29:750		1.54079e+07		0.0681839		2.6191		540.244		6.89201e+06		544.591		
00:00:29:649		6.75069e+06		109.978		51.9364		0		0.089949		309.434			00:00:29:649		1.5408e+07		0.0685077		2.62		540.217		6.8922e+06		544.593		
00:00:29:550		6.75088e+06		109.978		51.9364		0		0.089949		309.435			00:00:29:550		1.54081e+07		0.0688353		2.62079		540.195		6.8924e+06		544.594		
00:00:29:350		6.75128e+06		109.892		51.7704		0		0.0891706		309.437			00:00:29:350		1.54083e+07		0.0695043		2.62251		540.148		6.89279e+06		544.585		
00:00:29:350		6.75128e+06		109.892		51.7704		0		0.0891706		309.437			00:00:29:350		1.54083e+07		0.0695043		2.62251		540.148		6.89279e+06		544.585		
00:00:29:250		6.75147e+06		109.807		51.7704		0		0.0891706		309.438			00:00:29:250		1.54084e+07		0.0698452		2.62347		540.124		6.89298e+06		544.595		
00:00:29:149		6.75167e+06		109.807		51.6046		0		0.0883921		309.439			00:00:29:149		1.54086e+07		0.070189		2.62439		540.101		6.89318e+06		544.593		
00:00:28:899		6.75216e+06		109.721		51.4392		0		0.0876136		309.442			00:00:28:899		1.5409e+07		0.0710568		2.62676		540.039		6.89367e+06		544.596		
00:00:28:899		6.75216e+06		109.721		51.4392		0		0.0876136		309.442			00:00:28:899		1.5409e+07		0.0710568		2.62676		540.039		6.89367e+06		544.596		
00:00:28:750		6.75246e+06		109.635		51.4392		0		0.0876136		309.444			00:00:28:750		1.54092e+07		0.0715799		2.62814		540.003		6.89396e+06		544.597		
00:00:28:750		6.75246e+06		109.635		51.4392		0		0.0876136		309.444			00:00:28:750		1.54092e+07		0.0715799		2.62814		540.003		6.89396e+06		544.597		
00:00:28:649		6.75266e+06		109.635		51.274		0		0.086835		309.445			00:00:28:649		1.54093e+07		0.071928		2.62897		539.978		6.89416e+06		544.593		
00:00:28:550		6.75286e+06		109.635		51.274		0		0.086835		309.446			00:00:28:550		1.54095e+07		0.0722771		2.62985		539.953		6.89436e+06		544.6		
00:00:28:449		6.75305e+06		109.549		51.1091		0		0.0860563		309.447			00:00:28:449		1.54096e+07		0.0726261		2.63073		539.927		6.89455e+06		544.597		
00:00:28:350		6.75325e+06		109.549		51.1091		0		0.0860563		309.448			00:00:28:350		1.54098e+07		0.0729752		2.6316		539.902		6.89475e+06		544.595		
00:00:28:250		6.75345e+06		109.463		51.1091		0		0.0860563		309.449			00:00:28:250		1.541e+07		0.0733242		2.63253		539.877		6.89495e+06		544.588		
00:00:28:149		6.75365e+06		109.463		50.9445		0		0.0852776		309.45			00:00:28:149		1.54101e+07		0.0736737		2.63336		539.852		6.89515e+06		544.587		
00:00:28:050		6.75385e+06		109.463		50.9445		0		0.0852776		309.452			00:00:28:050		1.54103e+07		0.0740237		2.63423		539.826		6.89535e+06		544.591		
00:00:27:850		6.75426e+06		109.377		50.7801		0		0.0844988		309.454			00:00:27:850		1.54106e+07		0.0747242		2.63593		539.774		6.89575e+06		544.594		
00:00:27:750		6.75446e+06		109.292		50.7801		0		0.0844988		309.455			00:00:27:750		1.54107e+07		0.0750747		2.63676		539.747		6.89595e+06		544.586		
00:00:27:750		6.75446e+06		109.292		50.7801		0		0.0844988		309.455			00:00:27:750		1.54107e+07		0.0750747		2.63676		539.747		6.89595e+06		544.586		
00:00:27:649		6.75466e+06		109.292		50.616		0		0.08372		309.456			00:00:27:649		1.54109e+07		0.0754266		2.63759		539.72		6.89615e+06		544.599		
00:00:27:550		6.75486e+06		109.292		50.616		0		0.08372		309.457			00:00:27:550		1.5411e+07		0.075778		2.63842		539.694		6.89635e+06		544.597		
00:00:27:449		6.75506e+06		109.206		50.4522		0		0.0829411		309.458			00:00:27:449		1.54112e+07		0.0761313		2.63928		539.667		6.89655e+06		544.595		
00:00:27:350		6.75536e+06		109.206		50.4522		0		0.0829411		309.46			00:00:27:350		1.54114e+07		0.0766621		2.64047		539.631		6.89685e+06		544.598		
00:00:27:250		6.75547e+06		109.12		50.4522		0		0.0829411		309.46			00:00:27:250		1.54114e+07		0.0768399		2.64084		539.617		6.89695e+06		544.592		
00:00:27:149		6.75567e+06		109.12		50.2886		0		0.0821621		309.461			00:00:27:149		1.54116e+07		0.0771956		2.64171		539.591		6.89715e+06		544.602		
00:00:27:050		6.75587e+06		109.12		50.2886		0		0.0821621		309.462			00:00:27:050		1.54117e+07		0.0775523		2.64248		539.564		6.89735e+06		544.599		
00:00:26:850		6.75628e+06		109.034		50.1253		0		0.0813831		309.465			00:00:26:850		1.5412e+07		0.078269		2.64403		539.51		6.89775e+06		544.596		
00:00:26:850		6.75628e+06		109.034		50.1253		0		0.0813831		309.465			00:00:26:850		1.5412e+07		0.078269		2.64403		539.51		6.89775e+06		544.596		
00:00:26:750		6.75648e+06		108.948		50.1253		0		0.0813831		309.466			00:00:26:750		1.54122e+07		0.078629		2.64485		539.483		6.89796e+06		544.602		
00:00:26:649		6.75669e+06		108.948		49.9622		0		0.080604		309.467			00:00:26:649		1.54123e+07		0.0789895		2.64571		539.454		6.89816e+06		544.602		
00:00:26:500		6.75699e+06		108.862		49.9622		0		0.080604		309.468			00:00:26:500		1.54126e+07		0.0795326		2.6469		539.414		6.89846e+06		544.602		
00:00:26:399		6.7572e+06		108.862		49.7993		0		0.0798249		309.469			00:00:26:399		1.54127e+07		0.0798955		2.64773		539.387		6.89867e+06		544.602		
00:00:26:350		6.75735e+06		108.862		49.7993		0		0.0798249		309.47			00:00:26:350		1.54128e+07		0.0800781		2.64818		539.372		6.89877e+06		544.606		
00:00:26:199		6.75761e+06		108.776		49.6367		0		0.0790457		309.472			00:00:26:199		1.5413e+07		0.0806265		2.64952		539.333		6.89907e+06		544.604		
00:00:26:100		6.75781e+06		108.776		49.6367		0		0.0790457		309.473			00:00:26:100		1.54132e+07		0.0809946		2.65039		539.306		6.89928e+06		544.598		
00:00:26:000		6.75801e+06		108.69		49.6367		0		0.0790457		309.474			00:00:26:000		1.54133e+07		0.0813651		2.65136		539.278		6.89948e+06		544.6		
00:00:25:899		6.75822e+06		108.69		49.4742		0		0.0782664		309.475			00:00:25:899		1.54135e+07		0.081737		2.65223		539.25		6.89968e+06		544.611		
00:00:25:800		6.75842e+06		108.69		49.4742		0		0.0782664		309.477			00:00:25:800		1.54136e+07		0.0821123		2.65323		539.221		6.89989e+06		544.604		
00:00:25:699		6.75863e+06		108.604		49.312		0		0.0774871		309.478			00:00:25:699		1.54138e+07		0.08249		2.65424		539.193		6.90009e+06		544.609		
00:00:25:600		6.75884e+06		108.604		49.312		0		0.0774871		309.479			00:00:25:600		1.54139e+07		0.08287		2.65519		539.164		6.9003e+06		544.603		
00:00:25:500		6.75904e+06		108.518		49.312		0		0.0774871		309.481			00:00:25:500		1.54141e+07		0.083252		2.65609		539.137		6.9005e+06		544.604		
00:00:25:399		6.75925e+06		108.518		49.1499		0		0.0767077		309.482			00:00:25:399		1.54143e+07		0.0836363		2.65709		539.108		6.90071e+06		544.609		
00:00:25:300		6.75946e+06		108.518		49.1499		0		0.0767077		309.483			00:00:25:300		1.54145e+07		0.084022		2.65814		539.083		6.90091e+06		544.612		
00:00:25:199		6.75966e+06		108.433		48.988		0		0.0759283		309.485			00:00:25:199		1.54147e+07		0.0844078		2.65915		539.054		6.90112e+06		544.608		
00:00:25:100		6.75986e+06		108.433		48.988		0		0.0759283		309.486			00:00:25:100		1.54148e+07		0.084794		2.66009		539.025		6.90132e+06		544.617		
00:00:25:000		6.76007e+06		108.347		48.988		0		0.0759283		309.488			00:00:25:000		1.5415e+07		0.0851803		2.66111		538.996		6.90153e+06		544.61		
00:00:24:899		6.76028e+06		108.347		48.8263		0		0.0751488		309.489			00:00:24:899		1.54152e+07		0.085567		2.66196		538.965		6.90173e+06		544.621		
00:00:24:800		6.76048e+06		108.347		48.8263		0		0.0751488		309.49			00:00:24:800		1.54154e+07		0.0859537		2.66299		538.936		6.90194e+06		544.62		
00:00:24:699		6.76069e+06		108.261		48.6647		0		0.0743692		309.492			00:00:24:699		1.54156e+07		0.08634		2.66397		538.907		6.90214e+06		544.619		
00:00:24:600		6.7609e+06		108.261		48.6647		0		0.0743692		309.493			00:00:24:600		1.54158e+07		0.0867271		2.66491		538.879		6.90235e+06		544.612		
00:00:24:500		6.76111e+06		108.175		48.6647		0		0.0743692		309.495			00:00:24:500		1.5416e+07		0.0871143		2.66594		538.85		6.90256e+06		544.625		
00:00:24:399		6.76131e+06		108.175		48.5032		0		0.0735896		309.496			00:00:24:399		1.54161e+07		0.0875015		2.66683		538.821		6.90276e+06		544.624		
00:00:24:300		6.76152e+06		108.175		48.5032		0		0.0735896		309.497			00:00:24:300		1.54163e+07		0.0878887		2.66781		538.792		6.90297e+06		544.622		
00:00:24:199		6.76173e+06		108.089		48.3419		0		0.0728099		309.499			00:00:24:199		1.54165e+07		0.0882759		2.66879		538.761		6.90318e+06		544.626		
00:00:24:100		6.76194e+06		108.089		48.3419		0		0.0728099		309.5			00:00:24:100		1.54167e+07		0.0886641		2.66977		538.732		6.90338e+06		544.624		
00:00:24:000		6.76215e+06		108.003		48.3419		0		0.0728099		309.502			00:00:24:000		1.54169e+07		0.0890517		2.67071		538.699		6.90359e+06		544.622		
00:00:23:899		6.76236e+06		108.003		48.1807		0		0.0720302		309.503			00:00:23:899		1.54171e+07		0.0894394		2.67173		538.67		6.9038e+06		544.62		
00:00:23:750		6.76267e+06		107.917		48.1807		0		0.0720302		309.505			00:00:23:750		1.54174e+07		0.0900216		2.67309		538.627		6.90411e+06		544.622		
00:00:23:750		6.76267e+06		107.917		48.1807		0		0.0720302		309.505			00:00:23:750		1.54174e+07		0.0900216		2.67309		538.627		6.90411e+06		544.622		
00:00:23:550		6.76309e+06		107.917		48.0196		0		0.0712503		309.508			00:00:23:550		1.54177e+07		0.0907984		2.67505		538.567		6.90453e+06		544.625		
00:00:23:550		6.76309e+06		107.917		48.0196		0		0.0712503		309.508			00:00:23:550		1.54177e+07		0.0907984		2.67505		538.567		6.90453e+06		544.625		
00:00:23:350		6.76351e+06		107.83		47.8585		0		0.0704705		309.511			00:00:23:350		1.54181e+07		0.0915756		2.67697		538.505		6.90494e+06		544.634		
00:00:23:350		6.76351e+06		107.83		47.8585		0		0.0704705		309.511			00:00:23:350		1.54181e+07		0.0915756		2.67697		538.505		6.90494e+06		544.634		
00:00:23:250		6.76372e+06		107.744		47.8585		0		0.0704705		309.512			00:00:23:250		1.54183e+07		0.0919647		2.67795		538.475		6.90515e+06		544.631		
00:00:23:149		6.76393e+06		107.744		47.6976		0		0.0696905		309.514			00:00:23:149		1.54185e+07		0.0923533		2.67884		538.444		6.90536e+06		544.631		
00:00:23:050		6.76414e+06		107.744		47.6976		0		0.0696905		309.515			00:00:23:050		1.54187e+07		0.0927429		2.67987		538.413		6.90557e+06		544.633		
00:00:22:850		6.76456e+06		107.658		47.5366		0		0.0689106		309.518			00:00:22:850		1.54191e+07		0.0935216		2.68178		538.35		6.90599e+06		544.631		
00:00:22:750		6.76477e+06		107.572		47.5366		0		0.0689106		309.52			00:00:22:750		1.54193e+07		0.0939112		2.68275		538.321		6.9062e+06		544.635		
00:00:22:750		6.76477e+06		107.572		47.5366		0		0.0689106		309.52			00:00:22:750		1.54193e+07		0.0939112		2.68275		538.321		6.9062e+06		544.635		
00:00:22:649		6.76498e+06		107.572		47.3757		0		0.0681305		309.521			00:00:22:649		1.54194e+07		0.0943007		2.6837		538.29		6.90641e+06		544.627		
00:00:22:550		6.76519e+06		107.572		47.3757		0		0.0681305		309.523			00:00:22:550		1.54196e+07		0.0946908		2.68463		538.259		6.90662e+06		544.637		
00:00:22:449		6.7654e+06		107.486		47.2148		0		0.0673504		309.524			00:00:22:449		1.54198e+07		0.0950809		2.68566		538.228		6.90683e+06		544.635		
00:00:22:350		6.76561e+06		107.486		47.2148		0		0.0673504		309.526			00:00:22:350		1.542e+07		0.0954709		2.68655		538.196		6.90704e+06		544.64		
00:00:22:250		6.76582e+06		107.4		47.2148		0		0.0673504		309.527			00:00:22:250		1.54202e+07		0.0958614		2.68753		538.165		6.90725e+06		544.644		
00:00:22:149		6.76603e+06		107.4		47.0539		0		0.0665702		309.528			00:00:22:149		1.54204e+07		0.0962515		2.68851		538.132		6.90746e+06		544.648		
00:00:22:050		6.76625e+06		107.4		47.0539		0		0.0665702		309.53			00:00:22:050		1.54206e+07		0.096642		2.6894		538.101		6.90767e+06		544.64		
00:00:21:850		6.76667e+06		107.314		46.8929		0		0.06579		309.533			00:00:21:850		1.5421e+07		0.0974236		2.69127		538.036		6.90809e+06		544.643		
00:00:21:850		6.76667e+06		107.314		46.8929		0		0.06579		309.533			00:00:21:850		1.5421e+07		0.0974236		2.69127		538.036		6.90809e+06		544.643		
00:00:21:750		6.76688e+06		107.228		46.8929		0		0.06579		309.534			00:00:21:750		1.54212e+07		0.0978146		2.69221		538.005		6.90831e+06		544.656		
00:00:21:649		6.7671e+06		107.228		46.7318		0		0.0650096		309.536			00:00:21:649		1.54214e+07		0.098206		2.69319		537.971		6.90852e+06		544.645		
00:00:21:550		6.76731e+06		107.228		46.7318		0		0.0650096		309.537			00:00:21:550		1.54216e+07		0.098597		2.69417		537.94		6.90873e+06		544.649		
00:00:21:449		6.76752e+06		107.142		46.5707		0		0.0642293		309.539			00:00:21:449		1.54218e+07		0.0989881		2.6951		537.907		6.90894e+06		544.655		
00:00:21:350		6.76773e+06		107.142		46.5707		0		0.0642293		309.54			00:00:21:350		1.5422e+07		0.09938		2.69595		537.875		6.90915e+06		544.657		
00:00:21:250		6.76795e+06		107.056		46.5707		0		0.0642293		309.542			00:00:21:250		1.54221e+07		0.0997715		2.69693		537.84		6.90937e+06		544.659		
00:00:21:149		6.76816e+06		107.056		46.4093		0		0.0634488		309.543			00:00:21:149		1.54223e+07		0.100163		2.69786		537.807		6.90958e+06		544.657		
00:00:21:050		6.76838e+06		107.056		46.4093		0		0.0634488		309.545			00:00:21:050		1.54225e+07		0.100555		2.69884		537.775		6.90979e+06		544.658		
00:00:20:850		6.76881e+06		106.97		46.2478		0		0.0626684		309.548			00:00:20:850		1.54229e+07		0.101339		2.70072		537.708		6.91022e+06		544.656		
00:00:20:750		6.76902e+06		106.884		46.2478		0		0.0626684		309.549			00:00:20:750		1.54231e+07		0.101731		2.70165		537.673		6.91043e+06		544.658		
00:00:20:750		6.76902e+06		106.884		46.2478		0		0.0626684		309.549			00:00:20:750		1.54231e+07		0.101731		2.70165		537.673		6.91043e+06		544.658		
00:00:20:649		6.76934e+06		106.884		46.0861		0		0.0618878		309.552			00:00:20:649		1.54234e+07		0.10232		2.70305		537.624		6.91076e+06		544.664		
00:00:20:500		6.76956e+06		106.798		46.0861		0		0.0618878		309.553			00:00:20:500		1.54236e+07		0.102713		2.70394		537.59		6.91097e+06		544.67		
00:00:20:399		6.76977e+06		106.798		45.9241		0		0.0611072		309.555			00:00:20:399		1.54238e+07		0.103105		2.70493		537.557		6.91118e+06		544.673		
00:00:20:300		6.76999e+06		106.798		45.9241		0		0.0611072		309.556			00:00:20:300		1.5424e+07		0.103498		2.70591		537.523		6.9114e+06		544.674		
00:00:20:199		6.7702e+06		106.712		45.7618		0		0.0603265		309.558			00:00:20:199		1.54242e+07		0.103891		2.70683		537.49		6.91161e+06		544.675		
00:00:20:100		6.77042e+06		106.712		45.7618		0		0.0603265		309.559			00:00:20:100		1.54244e+07		0.104284		2.70778		537.454		6.91183e+06		544.677		
00:00:20:000		6.77063e+06		106.626		45.7618		0		0.0603265		309.561			00:00:20:000		1.54246e+07		0.104677		2.70871		537.419		6.91204e+06		544.676		
00:00:19:899		6.77085e+06		106.626		45.5992		0		0.0595457		309.562			00:00:19:899		1.54248e+07		0.10507		2.7096		537.386		6.91226e+06		544.678		
00:00:19:800		6.77107e+06		106.626		45.5992		0		0.0595457		309.564			00:00:19:800		1.5425e+07		0.105464		2.71059		537.352		6.91248e+06		544.673		
00:00:19:699		6.77128e+06		106.539		45.4364		0		0.0587649		309.565			00:00:19:699		1.54252e+07		0.105857		2.71152		537.318		6.91269e+06		544.686		
00:00:19:600		6.7715e+06		106.539		45.4364		0		0.0587649		309.567			00:00:19:600		1.54254e+07		0.106251		2.7125		537.281		6.91291e+06		544.682		
00:00:19:500		6.77171e+06		106.453		45.4364		0		0.0587649		309.568			00:00:19:500		1.54256e+07		0.106644		2.71335		537.247		6.91313e+06		544.685		
00:00:19:399		6.77193e+06		106.453		45.2733		0		0.057984		309.57			00:00:19:399		1.54258e+07		0.107038		2.71428		537.21		6.91334e+06		544.694		
00:00:19:300		6.77215e+06		106.453		45.2733		0		0.057984		309.571			00:00:19:300		1.5426e+07		0.107432		2.71522		537.178		6.91356e+06		544.686		
00:00:19:149		6.77248e+06		106.367		45.1106		0		0.0572031		309.574			00:00:19:149		1.54263e+07		0.108024		2.71667		537.125		6.91389e+06		544.702		
00:00:19:100		6.77258e+06		106.367		45.1106		0		0.0572031		309.574			00:00:19:100		1.54264e+07		0.108221		2.71718		537.107		6.914e+06		544.693		
00:00:19:000		6.7728e+06		106.281		45.1106		0		0.0572031		309.576			00:00:19:000		1.54266e+07		0.108615		2.71803		537.072		6.91421e+06		544.702		
00:00:18:899		6.77302e+06		106.281		44.949		0		0.0564221		309.578			00:00:18:899		1.54268e+07		0.109009		2.71901		537.038		6.91443e+06		544.699		
00:00:18:800		6.77324e+06		106.281		44.949		0		0.0564221		309.579			00:00:18:800		1.5427e+07		0.109404		2.7199		537.003		6.91465e+06		544.702		
00:00:18:699		6.77346e+06		106.195		44.789		0		0.055641		309.581			00:00:18:699		1.54272e+07		0.109799		2.7208		536.967		6.91487e+06		544.714		
00:00:18:600		6.77367e+06		106.195		44.789		0		0.055641		309.582			00:00:18:600		1.54275e+07		0.110194		2.72191		536.932		6.91509e+06		544.714		
00:00:18:500		6.77389e+06		106.109		44.789		0		0.055641		309.584			00:00:18:500		1.54277e+07		0.11059		2.72267		536.898		6.91531e+06		544.719		
00:00:18:350		6.77422e+06		106.109		44.6305		0		0.0548599		309.586			00:00:18:350		1.5428e+07		0.111183		2.72385		536.845		6.91564e+06		544.722		
00:00:18:250		6.77444e+06		106.023		44.6305		0		0.0548599		309.588			00:00:18:250		1.54282e+07		0.111578		2.7251		536.811		6.91586e+06		544.717		
00:00:18:250		6.77444e+06		106.023		44.6305		0		0.0548599		309.588			00:00:18:250		1.54282e+07		0.111578		2.7251		536.811		6.91586e+06		544.717		
00:00:18:149		6.77466e+06		106.023		44.4737		0		0.0540787		309.589			00:00:18:149		1.54284e+07		0.111973		2.72609		536.774		6.91608e+06		544.723		
00:00:18:050		6.77488e+06		106.023		44.4737		0		0.0540787		309.591			00:00:18:050		1.54286e+07		0.11237		2.7268		536.74		6.9163e+06		544.722		
00:00:17:850		6.77533e+06		105.937		44.3183		0		0.0532974		309.594			00:00:17:850		1.5429e+07		0.113163		2.7276		536.665		6.91674e+06		544.728		
00:00:17:750		6.77555e+06		105.851		44.3183		0		0.0532974		309.596			00:00:17:750		1.54292e+07		0.113559		2.72988		536.627		6.91696e+06		544.729		
00:00:17:750		6.77555e+06		105.851		44.3183		0		0.0532974		309.596			00:00:17:750		1.54292e+07		0.113559		2.72988		536.627		6.91696e+06		544.729		
00:00:17:649		6.77577e+06		105.851		44.1642		0		0.0525161		309.597			00:00:17:649		1.54294e+07		0.113956		2.73085		536.593		6.91718e+06		544.73		
00:00:17:550		6.77599e+06		105.851		44.1642		0		0.0525161		309.599			00:00:17:550		1.54296e+07		0.114354		2.73115		536.554		6.9174e+06		544.744		
00:00:17:449		6.77621e+06		105.765		44.0112		0		0.0517347		309.6			00:00:17:449		1.54299e+07		0.11475		2.73208		536.52		6.91762e+06		544.744		
00:00:17:350		6.77643e+06		105.765		44.0112		0		0.0517347		309.602			00:00:17:350		1.54301e+07		0.115149		2.73298		536.484		6.91785e+06		544.742		
00:00:17:250		6.77666e+06		105.678		44.0112		0		0.0517347		309.603			00:00:17:250		1.54303e+07		0.115547		2.73383		536.445		6.91807e+06		544.745		
00:00:17:149		6.77688e+06		105.678		43.8594		0		0.0509532		309.605			00:00:17:149		1.54305e+07		0.115945		2.73482		536.411		6.91829e+06		544.753		
00:00:16:850		6.77755e+06		105.592		43.7088		0		0.0501717		309.61			00:00:16:850		1.54311e+07		0.117142		2.73754		536.298		6.91896e+06		544.754		
00:00:16:850		6.77755e+06		105.592		43.7088		0		0.0501717		309.61			00:00:16:850		1.54311e+07		0.117142		2.73754		536.298		6.91896e+06		544.754		
00:00:16:750		6.77777e+06		105.506		43.7088		0		0.0501717		309.611			00:00:16:750		1.54314e+07		0.117542		2.73844		536.262		6.91919e+06		544.763		
00:00:16:649		6.778e+06		105.506		43.5589		0		0.0493901		309.613			00:00:16:649		1.54316e+07		0.117942		2.73933		536.222		6.91941e+06		544.756		
00:00:16:649		6.778e+06		105.506		43.5589		0		0.0493901		309.613			00:00:16:649		1.54316e+07		0.117942		2.73933		536.222		6.91941e+06		544.756		
00:00:16:500		6.77834e+06		105.42		43.5589		0		0.0493901		309.615			00:00:16:500		1.54319e+07		0.118544		2.74074		536.167		6.91975e+06		544.772		
00:00:16:399		6.77856e+06		105.42		43.4098		0		0.0486084		309.617			00:00:16:399		1.54321e+07		0.118945		2.74159		536.129		6.91997e+06		544.769		
00:00:16:300		6.77878e+06		105.42		43.4098		0		0.0486084		309.619			00:00:16:300		1.54323e+07		0.119347		2.74254		536.091		6.9202e+06		544.781		
00:00:16:199		6.77901e+06		105.334		43.2614		0		0.0478267		309.62			00:00:16:199		1.54326e+07		0.11975		2.74339		536.052		6.92042e+06		544.781		
00:00:16:100		6.77924e+06		105.334		43.2614		0		0.0478267		309.622			00:00:16:100		1.54328e+07		0.120153		2.74428		536.014		6.92065e+06		544.783		
00:00:16:000		6.77946e+06		105.248		43.2614		0		0.0478267		309.623			00:00:16:000		1.5433e+07		0.120556		2.74518		535.974		6.92088e+06		544.778		
00:00:15:849		6.7798e+06		105.248		43.1139		0		0.0470449		309.626			00:00:15:849		1.54333e+07		0.121162		2.74655		535.916		6.92122e+06		544.786		
00:00:15:849		6.7798e+06		105.248		43.1139		0		0.0470449		309.626			00:00:15:849		1.54333e+07		0.121162		2.74655		535.916		6.92122e+06		544.786		
00:00:15:750		6.78003e+06		105.162		43.1139		0		0.0470449		309.628			00:00:15:750		1.54336e+07		0.121568		2.74745		535.878		6.92144e+06		544.797		
00:00:15:650		6.78026e+06		105.162		42.9671		0		0.046263		309.629			00:00:15:650		1.54338e+07		0.121973		2.74834		535.838		6.92167e+06		544.803		
00:00:15:550		6.78048e+06		105.162		42.9671		0		0.046263		309.631			00:00:15:550		1.5434e+07		0.12238		2.7492		535.799		6.9219e+06		544.805		
00:00:15:449		6.78071e+06		105.076		42.8212		0		0.0454811		309.632			00:00:15:449		1.54342e+07		0.122787		2.75005		535.761		6.92213e+06		544.806		
00:00:15:349		6.78094e+06		105.076		42.8212		0		0.0454811		309.634			00:00:15:349		1.54345e+07		0.123195		2.75099		535.721		6.92235e+06		544.802		
00:00:15:250		6.78116e+06		104.989		42.8212		0		0.0454811		309.636			00:00:15:250		1.54347e+07		0.123603		2.75185		535.683		6.92258e+06		544.811		
00:00:15:099		6.78151e+06		104.989		42.6761		0		0.0446991		309.638			00:00:15:099		1.54351e+07		0.124218		2.75322		535.623		6.92293e+06		544.816		
00:00:15:000		6.78174e+06		104.903		42.6761		0		0.0446991		309.64			00:00:15:000		1.54353e+07		0.124629		2.75412		535.584		6.92316e+06		544.81		
00:00:14:900		6.78197e+06		104.903		42.5318		0		0.043917		309.642			00:00:14:900		1.54355e+07		0.125041		2.75498		535.544		6.92339e+06		544.813		
00:00:14:800		6.7822e+06		104.903		42.5318		0		0.043917		309.643			00:00:14:800		1.54358e+07		0.125453		2.75588		535.506		6.92362e+06		544.823		
00:00:14:699		6.78243e+06		104.817		42.3884		0		0.0431349		309.645			00:00:14:699		1.5436e+07		0.125866		2.75679		535.466		6.92385e+06		544.818		
00:00:14:599		6.78266e+06		104.817		42.3884		0		0.0431349		309.647			00:00:14:599		1.54362e+07		0.126281		2.75769		535.428		6.92408e+06		544.823		
00:00:14:500		6.78289e+06		104.731		42.3884		0		0.0431349		309.648			00:00:14:500		1.54365e+07		0.126697		2.75855		535.39		6.92431e+06		544.831		
00:00:14:400		6.78312e+06		104.731		42.2459		0		0.0423527		309.65			00:00:14:400		1.54367e+07		0.127113		2.75945		535.351		6.92454e+06		544.835		
00:00:14:300		6.78335e+06		104.731		42.2459		0		0.0423527		309.652			00:00:14:300		1.5437e+07		0.127531		2.76031		535.311		6.92477e+06		544.835		
00:00:14:199		6.78358e+06		104.645		42.1044		0		0.0415704		309.653			00:00:14:199		1.54372e+07		0.12795		2.76127		535.273		6.925e+06		544.839		
00:00:14:099		6.78381e+06		104.645		42.1044		0		0.0415704		309.655			00:00:14:099		1.54375e+07		0.12837		2.76213		535.235		6.92523e+06		544.835		
00:00:14:000		6.78405e+06		104.558		42.1044		0		0.0415704		309.657			00:00:14:000		1.54377e+07		0.128791		2.76304		535.195		6.92546e+06		544.835		
00:00:13:900		6.78428e+06		104.558		41.9637		0		0.0407881		309.659			00:00:13:900		1.5438e+07		0.129213		2.76395		535.154		6.9257e+06		544.844		
00:00:13:800		6.78451e+06		104.558		41.9637		0		0.0407881		309.66			00:00:13:800		1.54382e+07		0.129636		2.76477		535.114		6.92593e+06		544.842		
00:00:13:699		6.78474e+06		104.472		41.824		0		0.0400057		309.662			00:00:13:699		1.54385e+07		0.130061		2.76577		535.074		6.92616e+06		544.85		
00:00:13:599		6.78498e+06		104.472		41.824		0		0.0400057		309.664			00:00:13:599		1.54387e+07		0.130486		2.76664		535.034		6.92639e+06		544.842		
00:00:13:500		6.78521e+06		104.386		41.824		0		0.0400057		309.666			00:00:13:500		1.5439e+07		0.130914		2.76755		534.996		6.92663e+06		544.856		
00:00:13:400		6.78544e+06		104.386		41.6853		0		0.0392232		309.667			00:00:13:400		1.54392e+07		0.131342		2.76842		534.954		6.92686e+06		544.858		
00:00:13:300		6.78567e+06		104.386		41.6853		0		0.0392232		309.669			00:00:13:300		1.54395e+07		0.131772		2.76925		534.914		6.92709e+06		544.86		
00:00:13:199		6.78591e+06		104.3		41.5475		0		0.0384407		309.671			00:00:13:199		1.54398e+07		0.132203		2.77025		534.874		6.92733e+06		544.858		
00:00:13:099		6.78615e+06		104.3		41.5475		0		0.0384407		309.673			00:00:13:099		1.544e+07		0.132635		2.77113		534.835		6.92756e+06		544.859		
00:00:13:000		6.78638e+06		104.214		41.5475		0		0.0384407		309.675			00:00:13:000		1.54403e+07		0.133069		2.772		534.795		6.9278e+06		544.854		
00:00:12:900		6.78662e+06		104.214		41.4107		0		0.0376581		309.676			00:00:12:900		1.54406e+07		0.133504		2.77284		534.755		6.92803e+06		544.854		
00:00:12:800		6.78685e+06		104.214		41.4107		0		0.0376581		309.678			00:00:12:800		1.54409e+07		0.13394		2.77376		534.715		6.92827e+06		544.857		
00:00:12:699		6.78708e+06		104.127		41.2749		0		0.0368754		309.68			00:00:12:699		1.54411e+07		0.134378		2.77473		534.675		6.9285e+06		544.868		
00:00:12:599		6.78732e+06		104.127		41.2749		0		0.0368754		309.682			00:00:12:599		1.54414e+07		0.134817		2.77561		534.633		6.92874e+06		544.868		
00:00:12:449		6.78768e+06		104.041		41.1401		0		0.0360926		309.685			00:00:12:449		1.54419e+07		0.135478		2.77699		534.573		6.92909e+06		544.872		
00:00:12:449		6.78768e+06		104.041		41.1401		0		0.0360926		309.685			00:00:12:449		1.54419e+07		0.135478		2.77699		534.573		6.92909e+06		544.872		
00:00:12:250		6.78815e+06		103.955		41.1401		0		0.0360926		309.689			00:00:12:250		1.54424e+07		0.136364		2.77885		534.492		6.92956e+06		544.863		
00:00:12:250		6.78815e+06		103.955		41.1401		0		0.0360926		309.689			00:00:12:250		1.54424e+07		0.136364		2.77885		534.492		6.92956e+06		544.863		
00:00:12:150		6.78839e+06		103.955		41.0064		0		0.0353098		309.691			00:00:12:150		1.54427e+07		0.13681		2.7797		534.449		6.9298e+06		544.873		
00:00:12:050		6.78862e+06		103.955		41.0064		0		0.0353098		309.692			00:00:12:050		1.5443e+07		0.137256		2.78064		534.408		6.93003e+06		544.872		
00:00:11:849		6.7891e+06		103.869		40.8737		0		0.0345269		309.696			00:00:11:849		1.54436e+07		0.138153		2.78252		534.326		6.93051e+06		544.865		
00:00:11:750		6.78934e+06		103.782		40.8737		0		0.0345269		309.698			00:00:11:750		1.54439e+07		0.138603		2.78346		534.284		6.93075e+06		544.865		
00:00:11:750		6.78934e+06		103.782		40.8737		0		0.0345269		309.698			00:00:11:750		1.54439e+07		0.138603		2.78346		534.284		6.93075e+06		544.865		
00:00:11:650		6.78958e+06		103.782		40.742		0		0.0337439		309.7			00:00:11:650		1.54443e+07		0.139053		2.78436		534.244		6.93098e+06		544.874		
00:00:11:550		6.78982e+06		103.782		40.742		0		0.0337439		309.702			00:00:11:550		1.54446e+07		0.139506		2.78527		534.202		6.93122e+06		544.869		
00:00:11:449		6.79006e+06		103.696		40.6114		0		0.0329609		309.704			00:00:11:449		1.54449e+07		0.139959		2.78618		534.162		6.93146e+06		544.878		
00:00:11:349		6.79029e+06		103.696		40.6114		0		0.0329609		309.706			00:00:11:349		1.54452e+07		0.140413		2.78713		534.12		6.9317e+06		544.88		
00:00:11:250		6.79053e+06		103.61		40.6114		0		0.0329609		309.708			00:00:11:250		1.54455e+07		0.140869		2.78809		534.078		6.93194e+06		544.869		
00:00:11:150		6.79077e+06		103.61		40.4819		0		0.0321778		309.711			00:00:11:150		1.54459e+07		0.141325		2.78909		534.038		6.93218e+06		544.877		
00:00:11:050		6.79101e+06		103.61		40.4819		0		0.0321778		309.713			00:00:11:050		1.54462e+07		0.141781		2.79001		533.996		6.93242e+06		544.87		
00:00:10:849		6.7915e+06		103.523		40.3535		0		0.0313946		309.717			00:00:10:849		1.54469e+07		0.142697		2.79185		533.912		6.9329e+06		544.866		
00:00:10:750		6.79174e+06		103.437		40.3535		0		0.0313946		309.719			00:00:10:750		1.54472e+07		0.143156		2.79286		533.871		6.93314e+06		544.867		
00:00:10:750		6.79174e+06		103.437		40.3535		0		0.0313946		309.719			00:00:10:750		1.54472e+07		0.143156		2.79286		533.871		6.93314e+06		544.867		
00:00:10:599		6.7921e+06		103.437		40.2262		0		0.0306114		309.722			00:00:10:599		1.54477e+07		0.143845		2.7943		533.807		6.9335e+06		544.878		
00:00:10:500		6.79235e+06		103.351		40.2262		0		0.0306114		309.724			00:00:10:500		1.54481e+07		0.144304		2.79519		533.767		6.93374e+06		544.867		
00:00:10:400		6.79259e+06		103.351		40.0999		0		0.029828		309.726			00:00:10:400		1.54484e+07		0.144764		2.79621		533.725		6.93398e+06		544.872		
00:00:10:300		6.79284e+06		103.351		40.0999		0		0.029828		309.729			00:00:10:300		1.54488e+07		0.145224		2.79706		533.681		6.93423e+06		544.873		
00:00:10:250		6.79296e+06		103.264		40.0999		0		0.029828		309.73			00:00:10:250		1.5449e+07		0.145454		2.79762		533.661		6.93435e+06		544.876		
00:00:10:150		6.7932e+06		103.264		39.9747		0		0.0290447		309.732			00:00:10:150		1.54493e+07		0.145913		2.79852		533.619		6.93459e+06		544.868		
00:00:10:050		6.79345e+06		103.264		39.9747		0		0.0290447		309.734			00:00:10:050		1.54497e+07		0.146373		2.79955		533.575		6.93483e+06		544.869		
00:00:09:800		6.79406e+06		103.178		39.8507		0		0.0282612		309.74			00:00:09:800		1.54506e+07		0.147521		2.80188		533.467		6.93545e+06		544.865		
00:00:09:800		6.79406e+06		103.178		39.8507		0		0.0282612		309.74			00:00:09:800		1.54506e+07		0.147521		2.80188		533.467		6.93545e+06		544.865		
00:00:09:699		6.79431e+06		103.091		39.7276		0		0.0274776		309.742			00:00:09:699		1.5451e+07		0.147978		2.80283		533.427		6.93569e+06		544.872		
00:00:09:599		6.79456e+06		103.091		39.7276		0		0.0274776		309.744			00:00:09:599		1.54513e+07		0.148435		2.80396		533.385		6.93594e+06		544.873		
00:00:09:500		6.79481e+06		103.005		39.7276		0		0.0274776		309.746			00:00:09:500		1.54517e+07		0.148891		2.80466		533.341		6.93619e+06		544.865		
00:00:09:400		6.79506e+06		103.005		39.6057		0		0.026694		309.748			00:00:09:400		1.54521e+07		0.149345		2.80552		533.301		6.93643e+06		544.861		
00:00:09:300		6.79531e+06		103.005		39.6057		0		0.026694		309.751			00:00:09:300		1.54525e+07		0.149799		2.80662		533.257		6.93668e+06		544.86		
00:00:09:199		6.79556e+06		102.919		39.4848		0		0.0259103		309.753			00:00:09:199		1.54529e+07		0.150251		2.8075		533.211		6.93693e+06		544.866		
00:00:09:099		6.79581e+06		102.919		39.4848		0		0.0259103		309.755			00:00:09:099		1.54532e+07		0.150702		2.80895		533.169		6.93718e+06		544.862		
00:00:09:000		6.79606e+06		102.832		39.4848		0		0.0259103		309.757			00:00:09:000		1.54536e+07		0.151151		2.80917		533.125		6.93743e+06		544.86		
00:00:08:800		6.79657e+06		102.832		39.365		0		0.0251266		309.762			00:00:08:800		1.54544e+07		0.152043		2.81125		533.038		6.93794e+06		544.855		
00:00:08:800		6.79657e+06		102.832		39.365		0		0.0251266		309.762			00:00:08:800		1.54544e+07		0.152043		2.81125		533.038		6.93794e+06		544.855		
00:00:08:750		6.7967e+06		102.746		39.365		0		0.0251266		309.763			00:00:08:750		1.54546e+07		0.152265		2.81173		533.016		6.93806e+06		544.852		
00:00:08:599		6.79709e+06		102.746		39.2462		0		0.0243427		309.766			00:00:08:599		1.54552e+07		0.152927		2.81309		532.948		6.93844e+06		544.846		
00:00:08:500		6.79734e+06		102.659		39.2462		0		0.0243427		309.769			00:00:08:500		1.54556e+07		0.153366		2.81327		532.902		6.9387e+06		544.851		
00:00:08:400		6.7976e+06		102.659		39.1285		0		0.0235588		309.771			00:00:08:400		1.5456e+07		0.153801		2.81412		532.86		6.93896e+06		544.851		
00:00:08:300		6.79786e+06		102.659		39.1285		0		0.0235588		309.773			00:00:08:300		1.54564e+07		0.154234		2.81497		532.818		6.93921e+06		544.841		
00:00:08:199		6.79812e+06		102.573		39.0118		0		0.0227748		309.775			00:00:08:199		1.54568e+07		0.154664		2.81582		532.774		6.93947e+06		544.846		
00:00:08:099		6.79838e+06		102.573		39.0118		0		0.0227748		309.777			00:00:08:099		1.54572e+07		0.155091		2.81666		532.73		6.93973e+06		544.849		
00:00:08:000		6.79865e+06		102.486		39.0118		0		0.0227748		309.779			00:00:08:000		1.54576e+07		0.155514		2.81743		532.681		6.93999e+06		544.848		
00:00:07:900		6.79891e+06		102.486		38.8962		0		0.0219907		309.782			00:00:07:900		1.54579e+07		0.155934		2.81823		532.637		6.94025e+06		544.84		
00:00:07:799		6.79917e+06		102.486		38.8962		0		0.0219907		309.784			00:00:07:799		1.54583e+07		0.156351		2.81908		532.593		6.94051e+06		544.841		
00:00:07:700		6.79943e+06		102.399		38.7815		0		0.0212066		309.786			00:00:07:700		1.54587e+07		0.156764		2.81978		532.547		6.94078e+06		544.848		
00:00:07:599		6.7997e+06		102.399		38.7815		0		0.0212066		309.788			00:00:07:599		1.54591e+07		0.157174		2.82057		532.501		6.94104e+06		544.848		
00:00:07:500		6.79997e+06		102.313		38.7815		0		0.0212066		309.79			00:00:07:500		1.54595e+07		0.15758		2.82133		532.453		6.94131e+06		544.855		
00:00:07:400		6.80023e+06		102.313		38.6679		0		0.0204224		309.792			00:00:07:400		1.54599e+07		0.157982		2.82204		532.406		6.94157e+06		544.846		
00:00:07:299		6.8005e+06		102.313		38.6679		0		0.0204224		309.794			00:00:07:299		1.54603e+07		0.158381		2.82275		532.36		6.94184e+06		544.854		
00:00:07:200		6.80078e+06		102.226		38.5552		0		0.0196381		309.796			00:00:07:200		1.54607e+07		0.158775		2.82346		532.314		6.94211e+06		544.857		
00:00:07:049		6.80118e+06		102.226		38.5552		0		0.0196381		309.799			00:00:07:049		1.54612e+07		0.15936		2.82457		532.243		6.94252e+06		544.859		
00:00:06:849		6.80173e+06		102.14		38.4435		0		0.0188537		309.803			00:00:06:849		1.5462e+07		0.160124		2.82598		532.146		6.94307e+06		544.862		
00:00:06:849		6.80173e+06		102.14		38.4435		0		0.0188537		309.803			00:00:06:849		1.5462e+07		0.160124		2.82598		532.146		6.94307e+06		544.862		
00:00:06:750		6.80201e+06		102.053		38.4435		0		0.0188537		309.805			00:00:06:750		1.54624e+07		0.160499		2.82664		532.096		6.94334e+06		544.867		
00:00:06:750		6.80201e+06		102.053		38.4435		0		0.0188537		309.805			00:00:06:750		1.54624e+07		0.160499		2.82664		532.096		6.94334e+06		544.867		
00:00:06:650		6.80229e+06		102.053		38.3326		0		0.0180692		309.807			00:00:06:650		1.54628e+07		0.16087		2.82726		532.048		6.94362e+06		544.877		
00:00:06:549		6.80256e+06		102.053		38.3326		0		0.0180692		309.809			00:00:06:549		1.54631e+07		0.161235		2.82788		531.999		6.9439e+06		544.874		
00:00:06:450		6.80284e+06		101.966		38.2226		0		0.0172846		309.811			00:00:06:450		1.54635e+07		0.161595		2.82859		531.946		6.94418e+06		544.889		
00:00:06:349		6.80312e+06		101.966		38.2226		0		0.0172846		309.812			00:00:06:349		1.54639e+07		0.161951		2.82926		531.893		6.94446e+06		544.897		
00:00:06:250		6.8034e+06		101.879		38.2226		0		0.0172846		309.814			00:00:06:250		1.54642e+07		0.162302		2.82983		531.839		6.94474e+06		544.914		
00:00:06:150		6.80367e+06		101.879		38.1135		0		0.0165		309.816			00:00:06:150		1.54645e+07		0.162649		2.8304		531.784		6.94503e+06		544.933		
00:00:06:049		6.80395e+06		101.879		38.1135		0		0.0165		309.818			00:00:06:049		1.54649e+07		0.162992		2.83098		531.731		6.94532e+06		544.953		
00:00:05:849		6.8045e+06		101.793		38.005		0		0.0157153		309.821			00:00:05:849		1.54656e+07		0.163668		2.8321		531.616		6.94589e+06		545.014		
00:00:05:750		6.80477e+06		101.706		38.005		0		0.0157153		309.823			00:00:05:750		1.54659e+07		0.164001		2.83256		531.56		6.94618e+06		545.05		
00:00:05:750		6.80477e+06		101.706		38.005		0		0.0157153		309.823			00:00:05:750		1.54659e+07		0.164001		2.83256		531.56		6.94618e+06		545.05		
00:00:05:650		6.80505e+06		101.706		37.8973		0		0.0149305		309.824			00:00:05:650		1.54663e+07		0.164332		2.83306		531.507		6.94648e+06		545.103		
00:00:05:549		6.80531e+06		101.706		37.8973		0		0.0149305		309.826			00:00:05:549		1.54666e+07		0.16466		2.83355		531.454		6.94677e+06		545.161		
00:00:05:450		6.80557e+06		101.619		37.7902		0		0.0141456		309.827			00:00:05:450		1.54669e+07		0.164984		2.83409		531.401		6.94706e+06		545.231		
00:00:05:349		6.80583e+06		101.619		37.7902		0		0.0141456		309.828			00:00:05:349		1.54673e+07		0.165305		2.83455		531.355		6.94736e+06		545.304		
00:00:05:250		6.80608e+06		101.532		37.7902		0		0.0141456		309.83			00:00:05:250		1.54676e+07		0.165621		2.83492		531.309		6.94765e+06		545.389		
00:00:05:150		6.80633e+06		101.532		37.6836		0		0.0133606		309.831			00:00:05:150		1.5468e+07		0.165933		2.83533		531.267		6.94794e+06		545.468		
00:00:05:049		6.80657e+06		101.532		37.6836		0		0.0133606		309.832			00:00:05:049		1.54683e+07		0.16624		2.83576		531.226		6.94822e+06		545.525		
00:00:04:799		6.80723e+06		101.445		37.5775		0		0.0125756		309.835			00:00:04:799		1.54692e+07		0.166986		2.83669		531.129		6.94888e+06		545.482		
00:00:04:700		6.80752e+06		101.358		37.4718		0		0.0117905		309.836			00:00:04:700		1.54695e+07		0.167276		2.8369		531.089		6.94912e+06		545.388		
00:00:04:700		6.80752e+06		101.358		37.4718		0		0.0117905		309.836			00:00:04:700		1.54695e+07		0.167276		2.8369		531.089		6.94912e+06		545.388		
00:00:04:599		6.80780e+06		101.358		37.4718		0		0.0117905		309.837			00:00:04:599		1.54699e+07		0.167562		2.8372		531.045		6.94935e+06		545.252		
00:00:04:500		6.8081e+06		101.271		37.4718		0		0.0117905		309.838			00:00:04:500		1.54702e+07		0.167843		2.83753		530.997		6.94958e+06		545.172		
00:00:04:400		6.80841e+06		101.271		37.3664		0		0.0110053		309.839			00:00:04:400		1.54706e+07		0.168121		2.83777		530.945		6.94988e+06		545.194		
00:00:04:299		6.80873e+06		101.271		37.3664		0		0.0110053		309.84			00:00:04:299		1.54709e+07		0.168394		2.83792		530.898		6.9502e+06		545.2		
00:00:04:200		6.80905e+06		101.184		37.2612		0		0.01022		309.841			00:00:04:200		1.54713e+07		0.168662		2.83801		530.85		6.95052e+06		545.21		
00:00:04:150		6.80921e+06		101.184		37.2612		0		0.01022		309.841			00:00:04:150		1.54714e+07		0.168794		2.83808		530.826		6.95068e+06		545.224		
00:00:04:000		6.8097e+06		101.097		37.2612		0		0.01022		309.842			00:00:04:000		1.54719e+07		0.169182		2.83828		530.754		6.95118e+06		545.25		
00:00:03:899		6.81002e+06		101.097		37.1562		0		0.00943455		309.843			00:00:03:899		1.54723e+07		0.169434		2.83842		530.705		6.95152e+06		545.268		
00:00:03:799		6.81036e+06		101.097		37.1562		0		0.00943455		309.844			00:00:03:799		1.54726e+07		0.169679		2.83846		530.657		6.95186e+06		545.286		
00:00:03:700		6.8107e+06		101.01		37.0512		0		0.00864904		309.844			00:00:03:700		1.5473e+07		0.169916		2.83847		530.607		6.9522e+06		545.308		
00:00:03:600		6.81104e+06		101.01		37.0512		0		0.00864904		309.844			00:00:03:600		1.54733e+07		0.170145		2.83857		530.559		6.95255e+06		545.332		
00:00:03:500		6.81138e+06		100.923		37.0512		0		0.00864904		309.845			00:00:03:500		1.54736e+07		0.170366		2.83854		530.51		6.9529e+06		545.363		
00:00:03:399		6.81173e+06		100.923		36.9462		0		0.00786341		309.845			00:00:03:399		1.5474e+07		0.170579		2.83856		530.456		6.95326e+06		545.372		
00:00:03:299		6.81209e+06		100.923		36.9462		0		0.00786341		309.846			00:00:03:299		1.54743e+07		0.170784		2.83849		530.409		6.95363e+06		545.406		
00:00:03:200		6.81246e+06		100.836		36.8416		0		0.00707768		309.846			00:00:03:200		1.54746e+07		0.170982		2.83833		530.355		6.954e+06		545.422		
00:00:03:100		6.81283e+06		100.836		36.8416		0		0.00707768		309.846			00:00:03:100		1.54749e+07		0.171173		2.83816		530.306		6.95438e+06		545.45		
00:00:03:000		6.8132e+06		100.75		36.8416		0		0.00707768		309.846			00:00:03:000		1.54752e+07		0.171357		2.83803		530.252		6.95476e+06		545.478		
00:00:02:899		6.81358e+06		100.75		36.7435		0		0.00629183		309.846			00:00:02:899		1.54755e+07		0.171534		2.83784		530.199		6.95515e+06		545.508		
00:00:02:799		6.81397e+06		100.75		36.7435		0		0.00629183		309.846			00:00:02:799		1.54758e+07		0.171704		2.83759		530.142		6.95555e+06		545.541		
00:00:02:700		6.81436e+06		100.664		36.6562		0		0.00550586		309.846			00:00:02:700		1.54761e+07		0.171867		2.83732		530.083		6.95596e+06		545.578		
00:00:02:600		6.81476e+06		100.664		36.6562		0		0.00550586		309.846			00:00:02:600		1.54764e+07		0.172021		2.83717		530.022		6.95638e+06		545.62		
00:00:02:500		6.81518e+06		100.579		36.6562		0		0.00550586		309.846			00:00:02:500		1.54767e+07		0.172166		2.837		529.958		6.95681e+06		545.663		
00:00:02:399		6.81559e+06		100.579		36.5801		0		0.00471976		309.846			00:00:02:399		1.5477e+07		0.172298		2.83687		529.897		6.95724e+06		545.703		
00:00:02:299		6.81602e+06		100.579		36.5801		0		0.00471976		309.846			00:00:02:299		1.54773e+07		0.172418		2.83674		529.833		6.95769e+06		545.756		
00:00:02:149		6.81668e+06		100.495		36.516		0		0.00393353		309.846			00:00:02:149		1.54777e+07		0.172568		2.83659		529.741		6.95838e+06		545.848		
00:00:02:149		6.81668e+06		100.495		36.516		0		0.00393353		309.846			00:00:02:149		1.54777e+07		0.172568		2.83659		529.741		6.95838e+06		545.848		
00:00:02:049		6.81713e+06		100.495		36.516		0		0.00393353		309.846			00:00:02:049		1.5478e+07		0.172647		2.83648		529.689		6.95886e+06		545.914		
00:00:01:949		6.81759e+06		100.414		36.4644		0		0.00314716		309.846			00:00:01:949		1.54782e+07		0.172709		2.83646		529.649		6.95935e+06		545.995		
00:00:01:750		6.81853e+06		100.334		36.4644		0		0.00314716		309.846			00:00:01:750		1.54785e+07		0.172791		2.83636		529.632		6.96036e+06		546.165		
00:00:01:750		6.81853e+06		100.334		36.4644		0		0.00314716		309.846			00:00:01:750		1.54785e+07		0.172791		2.83636		529.632		6.96036e+06		546.165		
00:00:01:649		6.81901e+06		100.334		36.4257		0		0.00236065		309.846			00:00:01:649		1.54786e+07		0.172815		2.83626		529.665		6.96089e+06		546.271		
00:00:01:550		6.81950e+06		100.334		36.4257		0		0.00236065		309.846			00:00:01:550		1.54786e+07		0.172829		2.83613		529.73		6.96142e+06		546.365		
00:00:01:449		6.82001e+06		100.259		36.4		0		0.00157399		309.846			00:00:01:449		1.54786e+07		0.172836		2.83603		529.825		6.96196e+06		546.428		
00:00:01:350		6.82053e+06		100.259		36.4		0		0.00157399		309.846			00:00:01:350		1.54786e+07		0.172839		2.83589		529.934		6.9625e+06		546.462		
00:00:01:250		6.82108e+06		100.19		36.4		0		0.00157399		309.846			00:00:01:250		1.54786e+07		0.17284		2.83584		530.054		6.96303e+06		546.417		
00:00:01:149		6.82167e+06		100.19		36.3865		0		0.000787144		309.846			00:00:01:149		1.54786e+07		0.172839		2.83572		530.151		6.96353e+06		546.203		
00:00:01:050		6.82234e+06		100.19		36.3865		0		0.000787144		309.846			00:00:01:050		1.54786e+07		0.172839		2.83567		530.199		6.96399e+06		545.699		
00:00:00:849		6.8243e+06		100.127		36.3828		0		0		309.846			00:00:00:849		1.54786e+07		0.172839		2.83575		530.201		6.96467e+06		542.887		
00:00:00:750		6.82597e+06		100.069		36.3828		0		0		309.846			00:00:00:750		1.54786e+07		0.17284		2.83574		530.203		6.96483e+06		539.558		
00:00:00:750		6.82597e+06		100.069		36.3828		0		0		309.846			00:00:00:750		1.54786e+07		0.17284		2.83574		530.203		6.96483e+06		539.558		
00:00:00:650		6.82885e+06		100.069		36.3831		0		0		309.846			00:00:00:650		1.54786e+07		0.172839		2.83569		530.206		6.96486e+06		526.824		
00:00:00:550		6.83117e+06		100.069		36.3831		0		0		309.846			00:00:00:550		1.54786e+07		0.17284		2.83569		530.208		6.96486e+06		526.824		
00:00:00:450		6.83117e+06		100.069		36.3834		0		0		309.846			00:00:00:450		1.54786e+07		0.17284		2.83569		530.212		6.96485e+06		526.825		
00:00:00:349		6.83117e+06		100.069		36.3834		0		0		309.846			00:00:00:349		1.54786e+07		0.17284		2.83568		530.214		6.96485e+06		526.826		
00:00:00:250		6.83116e+06		100.069		36.3834		0		0		309.846			00:00:00:250		1.54786e+07		0.17284		2.83572		530.217		6.96484e+06		526.826		
00:00:00:149		6.83116e+06		100.069		36.3837		0		0		309.846			00:00:00:149		1.54785e+07		0.17284		2.83572		530.221		6.96484e+06		526.817		
00:00:00:050		6.83115e+06		100.069		36.3837		0		0		309.846			00:00:00:050		1.54785e+07		0.17284		2.83567		530.223		6.96484e+06		526.826		
00:00:00:000		6.83115e+06		100.069		36.3837		0		0		309.846			00:00:00:000		1.54785e+07		0.17284		2.83571		530.225		6.96483e+06		526.826		
00:00:00:000		6.83115e+06		100.069		36.3837		0		0		309.846			00:00:00:000		1.54785e+07		0.17284		2.83571		530.225		6.96483e+06		526.826		
00:00:00:000		6.83115e+06		100.069		36.3837		0		0		309.846			00:00:00:000		1.54785e+07		0.17284		2.83571		530.225		6.96483e+06		526.826		
00:00:00:000		6.83115e+06		100.069		36.3837		0		0		309.846			00:00:00:000		1.54785e+07		0.17284		2.83571		530.225		6.96483e+06		526.826		
00:00:00:000		6.83115e+06		100.069		36.3837		0		0		309.846			00:00:00:000		1.54785e+07		0.17284		2.83571		530.225		6.96483e+06		526.826		
00:00:00:000		6.83115e+06		100.069		36.3837		0		0		309.846			00:00:00:000		1.54785e+07		0.17284		2.83571		530.225		6.96483e+06		526.826		
