	time 		rcpppzr	rcp054rcp007mnzoyout	rcv501std0102fvol	fwfrcp001gv	rcppmssga	msfsg(1)			time 		gpv001pnt10113ppntm	evf507ety101mpzoyout	chtcon(1)	chavg(1)	chlhsumpa	rcptavgn	
00:01:01:899		1.14154e+07		-5.43848		0		0		3.68613e+06		478.905			00:01:01:899		4.85039e+06		263.312		129.671		0		2.75162		273.538		
00:01:01:799		1.14198e+07		-5.43333		0		0		3.69129e+06		479.593			00:01:01:799		4.85045e+06		263.312		129.671		0		2.75162		273.558		
00:01:01:700		1.14241e+07		-5.42813		0		0		3.69726e+06		481.334			00:01:01:700		4.85051e+06		263.054		129.825		0		2.73939		273.58		
00:01:01:600		1.14284e+07		-5.42287		0		0		3.70333e+06		483.681			00:01:01:600		4.85058e+06		263.054		129.825		0		2.73939		273.604		
00:01:01:500		1.14327e+07		-5.41758		0		0		3.70713e+06		484.495			00:01:01:500		4.85064e+06		262.797		129.825		0		2.73939		273.629		
00:01:01:399		1.14369e+07		-5.41226		0		0		3.70773e+06		483.632			00:01:01:399		4.8507e+06		262.797		129.984		0		2.72714		273.654		
00:01:01:299		1.14412e+07		-5.4069		0		0		3.70909e+06		483.329			00:01:01:299		4.85076e+06		262.797		129.984		0		2.72714		273.678		
00:01:01:200		1.14454e+07		-5.40149		0		0		3.71131e+06		482.58			00:01:01:200		4.85082e+06		262.539		130.149		0		2.71489		273.702		
00:01:01:100		1.14497e+07		-5.39602		0		0		3.71452e+06		482.626			00:01:01:100		4.85088e+06		262.539		130.149		0		2.71489		273.723		
00:01:01:000		1.14541e+07		-5.39048		0		0		3.72003e+06		483.69			00:01:01:000		4.85095e+06		262.281		130.149		0		2.71489		273.742		
00:01:00:799		1.1463e+07		-5.37928		0		0		3.72999e+06		484.515			00:01:00:799		4.85107e+06		262.281		130.32		0		2.70261		273.783		
00:01:00:700		1.14675e+07		-5.37365		0		0		3.73541e+06		485.552			00:01:00:700		4.85113e+06		262.023		130.498		0		2.6903		273.804		
00:01:00:700		1.14675e+07		-5.37365		0		0		3.73541e+06		485.552			00:01:00:700		4.85113e+06		262.023		130.498		0		2.6903		273.804		
00:01:00:600		1.14719e+07		-5.36801		0		0		3.7417e+06		487.848			00:01:00:600		4.8512e+06		262.023		130.498		0		2.6903		273.827		
00:01:00:600		1.14719e+07		-5.36801		0		0		3.7417e+06		487.848			00:01:00:600		4.8512e+06		262.023		130.498		0		2.6903		273.827		
00:01:00:399		1.14808e+07		-5.35676		0		0		3.74921e+06		489.556			00:01:00:399		4.85132e+06		261.763		130.682		0		2.67799		273.879		
00:01:00:299		1.14873e+07		-5.34833		0		0		3.75042e+06		488.856			00:01:00:299		4.85141e+06		261.504		130.682		0		2.67799		273.918		
00:01:00:299		1.14873e+07		-5.34833		0		0		3.75042e+06		488.856			00:01:00:299		4.85141e+06		261.504		130.682		0		2.67799		273.918		
00:01:00:049		1.14962e+07		-5.33701		0		0		3.75525e+06		487.83			00:01:00:049		4.85154e+06		261.504		130.872		0		2.66567		273.965		
00:01:00:049		1.14962e+07		-5.33701		0		0		3.75525e+06		487.83			00:01:00:049		4.85154e+06		261.504		130.872		0		2.66567		273.965		
00:01:00:000		1.14984e+07		-5.33416		0		0		3.75769e+06		488.397			00:01:00:000		4.85157e+06		261.244		130.872		0		2.66567		273.975		
00:00:59:799		1.15075e+07		-5.32268		0		0		3.76824e+06		489.65			00:00:59:799		4.85169e+06		261.244		131.069		0		2.65333		274.019		
00:00:59:700		1.15121e+07		-5.3169		0		0		3.77311e+06		490.035			00:00:59:700		4.85175e+06		260.984		131.273		0		2.64096		274.042		
00:00:59:700		1.15121e+07		-5.3169		0		0		3.77311e+06		490.035			00:00:59:700		4.85175e+06		260.984		131.273		0		2.64096		274.042		
00:00:59:549		1.1519e+07		-5.30823		0		0		3.78196e+06		492.566			00:00:59:549		4.85185e+06		260.984		131.273		0		2.64096		274.078		
00:00:59:450		1.15235e+07		-5.30245		0		0		3.78819e+06		495.145			00:00:59:450		4.85191e+06		260.723		131.484		0		2.62858		274.106		
00:00:59:350		1.1528e+07		-5.29667		0		0		3.79118e+06		495.383			00:00:59:350		4.85197e+06		260.723		131.484		0		2.62858		274.135		
00:00:59:250		1.15325e+07		-5.29085		0		0		3.79119e+06		494.498			00:00:59:250		4.85203e+06		260.462		131.484		0		2.62858		274.164		
00:00:59:149		1.1537e+07		-5.28501		0		0		3.79256e+06		493.979			00:00:59:149		4.85209e+06		260.462		131.703		0		2.61619		274.192		
00:00:59:149		1.1537e+07		-5.28501		0		0		3.79256e+06		493.979			00:00:59:149		4.85209e+06		260.462		131.703		0		2.61619		274.192		
00:00:59:049		1.15416e+07		-5.27911		0		0		3.79451e+06		492.999			00:00:59:049		4.85216e+06		260.462		131.703		0		2.61619		274.219		
00:00:58:799		1.15533e+07		-5.26415		0		0		3.80677e+06		494.741			00:00:58:799		4.85231e+06		260.201		131.93		0		2.60378		274.282		
00:00:58:799		1.15533e+07		-5.26415		0		0		3.80677e+06		494.741			00:00:58:799		4.85231e+06		260.201		131.93		0		2.60378		274.282		
00:00:58:700		1.15581e+07		-5.25811		0		0		3.81161e+06		495.153			00:00:58:700		4.85237e+06		259.94		132.164		0		2.59134		274.308		
00:00:58:600		1.15629e+07		-5.25204		0		0		3.81708e+06		496.406			00:00:58:600		4.85244e+06		259.94		132.164		0		2.59134		274.336		
00:00:58:500		1.15677e+07		-5.24598		0		0		3.82342e+06		498.989			00:00:58:500		4.8525e+06		259.679		132.164		0		2.59134		274.367		
00:00:58:399		1.15725e+07		-5.23991		0		0		3.82828e+06		500.61			00:00:58:399		4.85256e+06		259.679		132.407		0		2.5789		274.4		
00:00:58:250		1.15796e+07		-5.23079		0		0		3.8292e+06		499.575			00:00:58:250		4.85265e+06		259.416		132.407		0		2.5789		274.45		
00:00:58:250		1.15796e+07		-5.23079		0		0		3.8292e+06		499.575			00:00:58:250		4.85265e+06		259.416		132.407		0		2.5789		274.45		
00:00:58:000		1.15914e+07		-5.21543		0		0		3.83357e+06		497.948			00:00:58:000		4.85281e+06		259.155		132.658		0		2.56645		274.531		
00:00:58:000		1.15914e+07		-5.21543		0		0		3.83357e+06		497.948			00:00:58:000		4.85281e+06		259.155		132.658		0		2.56645		274.531		
00:00:57:799		1.16011e+07		-5.20293		0		0		3.84402e+06		499.643			00:00:57:799		4.85293e+06		259.155		132.917		0		2.55397		274.59		
00:00:57:799		1.16011e+07		-5.20293		0		0		3.84402e+06		499.643			00:00:57:799		4.85293e+06		259.155		132.917		0		2.55397		274.59		
00:00:57:700		1.1606e+07		-5.19663		0		0		3.84873e+06		499.906			00:00:57:700		4.85299e+06		258.893		133.186		0		2.54147		274.621		
00:00:57:600		1.1611e+07		-5.1903		0		0		3.85399e+06		500.791			00:00:57:600		4.85306e+06		258.893		133.186		0		2.54147		274.653		
00:00:57:500		1.16159e+07		-5.18397		0		0		3.86053e+06		503.465			00:00:57:500		4.85312e+06		258.631		133.186		0		2.54147		274.687		
00:00:57:399		1.16208e+07		-5.17765		0		0		3.86638e+06		505.758			00:00:57:399		4.85318e+06		258.631		133.463		0		2.52896		274.724		
00:00:57:299		1.16257e+07		-5.17132		0		0		3.8678e+06		505.179			00:00:57:299		4.85324e+06		258.631		133.463		0		2.52896		274.761		
00:00:57:200		1.16306e+07		-5.16498		0		0		3.8678e+06		504.623			00:00:57:200		4.8533e+06		258.37		133.749		0		2.51645		274.798		
00:00:57:100		1.16354e+07		-5.15861		0		0		3.86915e+06		503.838			00:00:57:100		4.85336e+06		258.37		133.749		0		2.51645		274.835		
00:00:57:000		1.16404e+07		-5.15219		0		0		3.87086e+06		502.859			00:00:57:000		4.85343e+06		258.108		133.749		0		2.51645		274.869		
00:00:56:799		1.16504e+07		-5.13922		0		0		3.88085e+06		504.398			00:00:56:799		4.85355e+06		258.108		134.045		0		2.50391		274.933		
00:00:56:799		1.16504e+07		-5.13922		0		0		3.88085e+06		504.398			00:00:56:799		4.85355e+06		258.108		134.045		0		2.50391		274.933		
00:00:56:700		1.16554e+07		-5.1327		0		0		3.88574e+06		504.921			00:00:56:700		4.85361e+06		257.846		134.35		0		2.49135		274.967		
00:00:56:600		1.16605e+07		-5.12617		0		0		3.89143e+06		506.723			00:00:56:600		4.85368e+06		257.846		134.35		0		2.49135		275.002		
00:00:56:450		1.16681e+07		-5.11639		0		0		3.89982e+06		510.075			00:00:56:450		4.85377e+06		257.583		134.664		0		2.47878		275.058		
00:00:56:350		1.16731e+07		-5.10986		0		0		3.90093e+06		509.409			00:00:56:350		4.85384e+06		257.583		134.664		0		2.47878		275.096		
00:00:56:250		1.16781e+07		-5.10332		0		0		3.90117e+06		509.01			00:00:56:250		4.85391e+06		257.322		134.664		0		2.47878		275.133		
00:00:56:149		1.1683e+07		-5.09676		0		0		3.90247e+06		508.056			00:00:56:149		4.85398e+06		257.322		134.988		0		2.4662		275.17		
00:00:56:049		1.16881e+07		-5.09014		0		0		3.90419e+06		507.177			00:00:56:049		4.85405e+06		257.322		134.988		0		2.4662		275.204		
00:00:55:850		1.16983e+07		-5.07679		0		0		3.91433e+06		508.674			00:00:55:850		4.85418e+06		257.06		135.322		0		2.4536		275.268		
00:00:55:750		1.17035e+07		-5.07009		0		0		3.9194e+06		509.554			00:00:55:750		4.85425e+06		256.798		135.322		0		2.4536		275.302		
00:00:55:750		1.17035e+07		-5.07009		0		0		3.9194e+06		509.554			00:00:55:750		4.85425e+06		256.798		135.322		0		2.4536		275.302		
00:00:55:649		1.17086e+07		-5.06338		0		0		3.92552e+06		512.132			00:00:55:649		4.85431e+06		256.798		135.667		0		2.44098		275.338		
00:00:55:549		1.17137e+07		-5.05668		0		0		3.93095e+06		514.223			00:00:55:549		4.85437e+06		256.798		135.667		0		2.44098		275.375		
00:00:55:450		1.17188e+07		-5.04998		0		0		3.93196e+06		513.431			00:00:55:450		4.85443e+06		256.535		136.021		0		2.42835		275.412		
00:00:55:399		1.17213e+07		-5.04662		0		0		3.93171e+06		513.111			00:00:55:399		4.85446e+06		256.535		136.021		0		2.42835		275.43		
00:00:55:250		1.1729e+07		-5.0365		0		0		3.93333e+06		511.883			00:00:55:250		4.85456e+06		256.273		136.021		0		2.42835		275.484		
00:00:55:149		1.17341e+07		-5.02971		0		0		3.9352e+06		511.035			00:00:55:149		4.85462e+06		256.273		136.387		0		2.41571		275.516		
00:00:55:049		1.17392e+07		-5.02288		0		0		3.94026e+06		512.065			00:00:55:049		4.85468e+06		256.273		136.387		0		2.41571		275.546		
00:00:54:850		1.17496e+07		-5.00921		0		0		3.95168e+06		514.851			00:00:54:850		4.85480e+06		256.014		136.763		0		2.40304		275.612		
00:00:54:850		1.17496e+07		-5.00921		0		0		3.95168e+06		514.851			00:00:54:850		4.85480e+06		256.014		136.763		0		2.40304		275.612		
00:00:54:750		1.17548e+07		-5.0024		0		0		3.95757e+06		517.382			00:00:54:750		4.85487e+06		255.758		136.763		0		2.40304		275.647		
00:00:54:750		1.17548e+07		-5.0024		0		0		3.95757e+06		517.382			00:00:54:750		4.85487e+06		255.758		136.763		0		2.40304		275.647		
00:00:54:600		1.17625e+07		-4.99221		0		0		3.9599e+06		516.72			00:00:54:600		4.85496e+06		255.758		137.149		0		2.39037		275.7		
00:00:54:500		1.17676e+07		-4.98542		0		0		3.96058e+06		516.231			00:00:54:500		4.85502e+06		255.504		137.149		0		2.39037		275.734		
00:00:54:350		1.17753e+07		-4.97521		0		0		3.96323e+06		514.522			00:00:54:350		4.85512e+06		255.504		137.544		0		2.37769		275.783		
00:00:54:250		1.17805e+07		-4.96839		0		0		3.96786e+06		515.517			00:00:54:250		4.85518e+06		255.252		137.544		0		2.37769		275.812		
00:00:54:149		1.17857e+07		-4.9616		0		0		3.97447e+06		517.405			00:00:54:149		4.85524e+06		255.252		137.946		0		2.36498		275.844		
00:00:54:049		1.17909e+07		-4.95483		0		0		3.98039e+06		519.766			00:00:54:049		4.85531e+06		255.252		137.946		0		2.36498		275.879		
00:00:53:799		1.18037e+07		-4.93796		0		0		3.98509e+06		519.447			00:00:53:799		4.85547e+06		254.998		138.355		0		2.35226		275.965		
00:00:53:799		1.18037e+07		-4.93796		0		0		3.98509e+06		519.447			00:00:53:799		4.85547e+06		254.998		138.355		0		2.35226		275.965		
00:00:53:700		1.18087e+07		-4.93121		0		0		3.98696e+06		518.608			00:00:53:700		4.85553e+06		254.742		138.771		0		2.33953		275.998		
00:00:53:700		1.18087e+07		-4.93121		0		0		3.98696e+06		518.608			00:00:53:700		4.85553e+06		254.742		138.771		0		2.33953		275.998		
00:00:53:600		1.18138e+07		-4.92445		0		0		3.98938e+06		517.82			00:00:53:600		4.85559e+06		254.742		138.771		0		2.33953		276.03		
00:00:53:500		1.18189e+07		-4.91767		0		0		3.99485e+06		519.385			00:00:53:500		4.85565e+06		254.487		138.771		0		2.33953		276.061		
00:00:53:399		1.1824e+07		-4.91091		0		0		4.00163e+06		521.708			00:00:53:399		4.85571e+06		254.487		139.195		0		2.32678		276.096		
00:00:53:299		1.18291e+07		-4.90415		0		0		4.00666e+06		523.32			00:00:53:299		4.85578e+06		254.487		139.195		0		2.32678		276.132		
00:00:53:200		1.18342e+07		-4.8974		0		0		4.00852e+06		522.905			00:00:53:200		4.85584e+06		254.23		139.626		0		2.31402		276.167		
00:00:53:100		1.18392e+07		-4.89065		0		0		4.00968e+06		522.573			00:00:53:100		4.8559e+06		254.23		139.626		0		2.31402		276.203		
00:00:53:000		1.18442e+07		-4.88387		0		0		4.01179e+06		521.839			00:00:53:000		4.85596e+06		253.971		139.626		0		2.31402		276.238		
00:00:52:799		1.18544e+07		-4.87027		0		0		4.01972e+06		522.544			00:00:52:799		4.85608e+06		253.971		140.064		0		2.30124		276.305		
00:00:52:799		1.18544e+07		-4.87027		0		0		4.01972e+06		522.544			00:00:52:799		4.85608e+06		253.971		140.064		0		2.30124		276.305		
00:00:52:700		1.18595e+07		-4.86346		0		0		4.02662e+06		524.841			00:00:52:700		4.85614e+06		253.708		140.511		0		2.28844		276.341		
00:00:52:600		1.18645e+07		-4.85666		0		0		4.03166e+06		526.371			00:00:52:600		4.8562e+06		253.708		140.511		0		2.28844		276.379		
00:00:52:500		1.18696e+07		-4.84986		0		0		4.03374e+06		525.914			00:00:52:500		4.85626e+06		253.439		140.511		0		2.28844		276.416		
00:00:52:399		1.18746e+07		-4.84306		0		0		4.03523e+06		525.689			00:00:52:399		4.85632e+06		253.439		140.966		0		2.27563		276.453		
00:00:52:299		1.18796e+07		-4.83624		0		0		4.03789e+06		525.308			00:00:52:299		4.85638e+06		253.439		140.966		0		2.27563		276.49		
00:00:52:200		1.18847e+07		-4.8294		0		0		4.04079e+06		524.86			00:00:52:200		4.85644e+06		253.16		141.431		0		2.2628		276.526		
00:00:52:100		1.18897e+07		-4.82256		0		0		4.04607e+06		526.621			00:00:52:100		4.8565e+06		253.16		141.431		0		2.2628		276.561		
00:00:52:000		1.18948e+07		-4.81571		0		0		4.05216e+06		528.472			00:00:52:000		4.85656e+06		252.864		141.431		0		2.2628		276.599		
00:00:51:799		1.19049e+07		-4.80201		0		0		4.05767e+06		528.461			00:00:51:799		4.85668e+06		252.864		141.907		0		2.24996		276.675		
00:00:51:799		1.19049e+07		-4.80201		0		0		4.05767e+06		528.461			00:00:51:799		4.85668e+06		252.864		141.907		0		2.24996		276.675		
00:00:51:700		1.191e+07		-4.79515		0		0		4.06035e+06		528.558			00:00:51:700		4.85674e+06		252.541		142.396		0		2.2371		276.712		
00:00:51:600		1.1915e+07		-4.78829		0		0		4.064e+06		529.072			00:00:51:600		4.8568e+06		252.541		142.396		0		2.2371		276.75		
00:00:51:399		1.19251e+07		-4.77455		0		0		4.07192e+06		530.553			00:00:51:399		4.85692e+06		252.164		142.9		0		2.22423		276.825		
00:00:51:399		1.19251e+07		-4.77455		0		0		4.07192e+06		530.553			00:00:51:399		4.85692e+06		252.164		142.9		0		2.22423		276.825		
00:00:51:299		1.19301e+07		-4.76767		0		0		4.07506e+06		530.751			00:00:51:299		4.85698e+06		252.164		142.9		0		2.22423		276.863		
00:00:51:200		1.19351e+07		-4.76078		0		0		4.07821e+06		531.018			00:00:51:200		4.85704e+06		252.151		143.407		0		2.21134		276.901		
00:00:51:100		1.19401e+07		-4.75389		0		0		4.08173e+06		531.465			00:00:51:100		4.8571e+06		252.151		143.407		0		2.21134		276.939		
00:00:51:000		1.19452e+07		-4.74699		0		0		4.0855e+06		532.074			00:00:51:000		4.85716e+06		252.139		143.407		0		2.21134		276.976		
00:00:50:899		1.19502e+07		-4.74009		0		0		4.08923e+06		532.661			00:00:50:899		4.85722e+06		252.139		143.916		0		2.19844		277.014		
00:00:50:750		1.19577e+07		-4.72973		0		0		4.09433e+06		533.21			00:00:50:750		4.85731e+06		252.128		143.916		0		2.19844		277.071		
00:00:50:649		1.19627e+07		-4.72281		0		0		4.09767e+06		533.531			00:00:50:649		4.85737e+06		252.128		144.428		0		2.18552		277.108		
00:00:50:549		1.19678e+07		-4.71589		0		0		4.10124e+06		533.995			00:00:50:549		4.85743e+06		252.128		144.428		0		2.18552		277.146		
00:00:50:450		1.19728e+07		-4.70897		0		0		4.10501e+06		534.591			00:00:50:450		4.85749e+06		252.119		144.943		0		2.17259		277.184		
00:00:50:350		1.19778e+07		-4.70204		0		0		4.10873e+06		535.149			00:00:50:350		4.85755e+06		252.119		144.943		0		2.17259		277.222		
00:00:50:250		1.19828e+07		-4.69511		0		0		4.11221e+06		535.548			00:00:50:250		4.85761e+06		252.112		144.943		0		2.17259		277.259		
00:00:50:149		1.19879e+07		-4.68817		0		0		4.11557e+06		535.872			00:00:50:149		4.85767e+06		252.112		145.46		0		2.15964		277.297		
00:00:50:049		1.19929e+07		-4.68123		0		0		4.11908e+06		536.28			00:00:50:049		4.85773e+06		252.112		145.46		0		2.15964		277.334		
00:00:49:950		1.19979e+07		-4.67429		0		0		4.1228e+06		536.832			00:00:49:950		4.85779e+06		252.106		145.979		0		2.14668		277.372		
00:00:49:850		1.2003e+07		-4.66735		0		0		4.12658e+06		537.422			00:00:49:850		4.85785e+06		252.106		145.979		0		2.14668		277.41		
00:00:49:750		1.20081e+07		-4.66042		0		0		4.1302e+06		537.894			00:00:49:750		4.85791e+06		252.102		145.979		0		2.14668		277.447		
00:00:49:649		1.20131e+07		-4.65351		0		0		4.13363e+06		538.245			00:00:49:649		4.85797e+06		252.102		146.5		0		2.1337		277.485		
00:00:49:549		1.20182e+07		-4.64663		0		0		4.1371e+06		538.616			00:00:49:549		4.85803e+06		252.102		146.5		0		2.1337		277.522		
00:00:49:450		1.20232e+07		-4.63982		0		0		4.14078e+06		539.115			00:00:49:450		4.85809e+06		252.099		147.022		0		2.12071		277.56		
00:00:49:350		1.2028e+07		-4.63305		0		0		4.14459e+06		539.703			00:00:49:350		4.85815e+06		252.099		147.022		0		2.12071		277.597		
00:00:49:250		1.20329e+07		-4.62627		0		0		4.14831e+06		540.229			00:00:49:250		4.85821e+06		252.098		147.022		0		2.12071		277.635		
00:00:49:149		1.20377e+07		-4.6195		0		0		4.15184e+06		540.617			00:00:49:149		4.85827e+06		252.098		147.546		0		2.1077		277.672		
00:00:49:149		1.20377e+07		-4.6195		0		0		4.15184e+06		540.617			00:00:49:149		4.85827e+06		252.098		147.546		0		2.1077		277.672		
00:00:48:950		1.20473e+07		-4.60594		0		0		4.15894e+06		541.356			00:00:48:950		4.85839e+06		252.098		148.072		0		2.09468		277.747		
00:00:48:850		1.20521e+07		-4.59916		0		0		4.16275e+06		541.921			00:00:48:850		4.85845e+06		252.098		148.072		0		2.09468		277.784		
00:00:48:750		1.20569e+07		-4.59238		0		0		4.16656e+06		542.49			00:00:48:750		4.85851e+06		252.099		148.072		0		2.09468		277.821		
00:00:48:649		1.20617e+07		-4.5856		0		0		4.1702e+06		542.942			00:00:48:649		4.85857e+06		252.099		148.598		0		2.08165		277.859		
00:00:48:549		1.20665e+07		-4.57881		0		0		4.17372e+06		543.308			00:00:48:549		4.85863e+06		252.099		148.598		0		2.08165		277.896		
00:00:48:450		1.20714e+07		-4.57202		0		0		4.17732e+06		543.718			00:00:48:450		4.85869e+06		252.101		149.125		0		2.06859		277.933		
00:00:48:350		1.20762e+07		-4.56523		0		0		4.1811e+06		544.246			00:00:48:350		4.85875e+06		252.101		149.125		0		2.06859		277.97		
00:00:48:250		1.2081e+07		-4.55844		0		0		4.18497e+06		544.831			00:00:48:250		4.85881e+06		252.103		149.125		0		2.06859		278.007		
00:00:48:149		1.20858e+07		-4.55165		0		0		4.18873e+06		545.338			00:00:48:149		4.85887e+06		252.103		149.652		0		2.05553		278.044		
00:00:48:149		1.20858e+07		-4.55165		0		0		4.18873e+06		545.338			00:00:48:149		4.85887e+06		252.103		149.652		0		2.05553		278.044		
00:00:47:799		1.21026e+07		-4.52784		0		0		4.20165e+06		546.896			00:00:47:799		4.85908e+06		252.105		150.18		0		2.04247		278.173		
00:00:47:799		1.21026e+07		-4.52784		0		0		4.20165e+06		546.896			00:00:47:799		4.85908e+06		252.105		150.18		0		2.04247		278.173		
00:00:47:700		1.21074e+07		-4.52103		0		0		4.20557e+06		547.486			00:00:47:700		4.85914e+06		252.107		150.708		0		2.0294		278.21		
00:00:47:700		1.21074e+07		-4.52103		0		0		4.20557e+06		547.486			00:00:47:700		4.85914e+06		252.107		150.708		0		2.0294		278.21		
00:00:47:600		1.21121e+07		-4.51422		0		0		4.20936e+06		547.989			00:00:47:600		4.8592e+06		252.107		150.708		0		2.0294		278.247		
00:00:47:500		1.21169e+07		-4.5074		0		0		4.21301e+06		548.386			00:00:47:500		4.85926e+06		252.108		150.708		0		2.0294		278.284		
00:00:47:399		1.21217e+07		-4.50057		0		0		4.21667e+06		548.791			00:00:47:399		4.85932e+06		252.108		151.235		0		2.01633		278.321		
00:00:47:299		1.21265e+07		-4.49374		0		0		4.2205e+06		549.303			00:00:47:299		4.85938e+06		252.108		151.235		0		2.01633		278.357		
00:00:47:200		1.21313e+07		-4.48691		0		0		4.22445e+06		549.901			00:00:47:200		4.85944e+06		252.108		151.762		0		2.00326		278.394		
00:00:47:049		1.21385e+07		-4.47665		0		0		4.2302e+06		550.677			00:00:47:049		4.85953e+06		252.108		151.762		0		2.00326		278.449		
00:00:46:799		1.21504e+07		-4.45953		0		0		4.23948e+06		551.735			00:00:46:799		4.85968e+06		252.108		152.288		0		1.99019		278.54		
00:00:46:799		1.21504e+07		-4.45953		0		0		4.23948e+06		551.735			00:00:46:799		4.85968e+06		252.108		152.288		0		1.99019		278.54		
00:00:46:700		1.21551e+07		-4.45269		0		0		4.24343e+06		552.314			00:00:46:700		4.85974e+06		252.107		152.814		0		1.97711		278.576		
00:00:46:700		1.21551e+07		-4.45269		0		0		4.24343e+06		552.314			00:00:46:700		4.85974e+06		252.107		152.814		0		1.97711		278.576		
00:00:46:600		1.21598e+07		-4.44585		0		0		4.24739e+06		552.897			00:00:46:600		4.8598e+06		252.107		152.814		0		1.97711		278.612		
00:00:46:500		1.21645e+07		-4.43901		0		0		4.25119e+06		553.369			00:00:46:500		4.85986e+06		252.105		152.814		0		1.97711		278.649		
00:00:46:399		1.21692e+07		-4.43217		0		0		4.25488e+06		553.757			00:00:46:399		4.85992e+06		252.105		153.337		0		1.96403		278.685		
00:00:46:299		1.21738e+07		-4.42534		0		0		4.25865e+06		554.191			00:00:46:299		4.85998e+06		252.105		153.337		0		1.96403		278.721		
00:00:46:200		1.21785e+07		-4.4185		0		0		4.2626e+06		554.748			00:00:46:200		4.86004e+06		252.102		153.86		0		1.95095		278.757		
00:00:46:100		1.21832e+07		-4.41167		0		0		4.26664e+06		555.359			00:00:46:100		4.8601e+06		252.102		153.86		0		1.95095		278.793		
00:00:46:000		1.21878e+07		-4.40484		0		0		4.27054e+06		555.879			00:00:46:000		4.86016e+06		252.097		153.86		0		1.95095		278.829		
00:00:45:899		1.21925e+07		-4.39801		0		0		4.27428e+06		556.281			00:00:45:899		4.86022e+06		252.097		154.38		0		1.93786		278.865		
00:00:45:799		1.21971e+07		-4.39118		0		0		4.27804e+06		556.684			00:00:45:799		4.86028e+06		252.097		154.38		0		1.93786		278.901		
00:00:45:700		1.22018e+07		-4.38435		0		0		4.28198e+06		557.209			00:00:45:700		4.86034e+06		252.091		154.898		0		1.92478		278.937		
00:00:45:549		1.22087e+07		-4.3741		0		0		4.28809e+06		558.127			00:00:45:549		4.86043e+06		252.091		154.898		0		1.92478		278.991		
00:00:45:450		1.22134e+07		-4.36726		0		0		4.292e+06		558.619			00:00:45:450		4.86049e+06		252.084		155.413		0		1.9117		279.027		
00:00:45:350		1.2218e+07		-4.3604		0		0		4.29576e+06		559			00:00:45:350		4.86055e+06		252.084		155.413		0		1.9117		279.063		
00:00:45:250		1.22227e+07		-4.35354		0		0		4.2996e+06		559.42			00:00:45:250		4.86061e+06		252.075		155.413		0		1.9117		279.099		
00:00:45:149		1.22273e+07		-4.34667		0		0		4.30366e+06		559.982			00:00:45:149		4.86067e+06		252.075		155.925		0		1.89861		279.134		
00:00:45:049		1.2232e+07		-4.33978		0		0		4.30783e+06		560.621			00:00:45:049		4.86073e+06		252.075		155.925		0		1.89861		279.17		
00:00:44:950		1.22366e+07		-4.33287		0		0		4.31189e+06		561.166			00:00:44:950		4.86079e+06		252.065		156.434		0		1.88553		279.206		
00:00:44:799		1.22436e+07		-4.32247		0		0		4.31766e+06		561.747			00:00:44:799		4.86088e+06		252.065		156.434		0		1.88553		279.26		
00:00:44:799		1.22436e+07		-4.32247		0		0		4.31766e+06		561.747			00:00:44:799		4.86088e+06		252.065		156.434		0		1.88553		279.26		
00:00:44:700		1.22482e+07		-4.31552		0		0		4.32163e+06		562.198			00:00:44:700		4.86094e+06		252.053		156.938		0		1.87244		279.295		
00:00:44:600		1.22528e+07		-4.30855		0		0		4.32585e+06		562.812			00:00:44:600		4.861e+06		252.053		156.938		0		1.87244		279.331		
00:00:44:500		1.22575e+07		-4.30157		0		0		4.33015e+06		563.471			00:00:44:500		4.86106e+06		252.038		156.938		0		1.87244		279.367		
00:00:44:399		1.22621e+07		-4.29458		0		0		4.33426e+06		563.994			00:00:44:399		4.86112e+06		252.038		157.438		0		1.85936		279.402		
00:00:44:299		1.22668e+07		-4.2876		0		0		4.33819e+06		564.382			00:00:44:299		4.86118e+06		252.038		157.438		0		1.85936		279.438		
00:00:44:149		1.22738e+07		-4.27712		0		0		4.34428e+06		565.081			00:00:44:149		4.86127e+06		252.022		157.934		0		1.84628		279.492		
00:00:44:049		1.22784e+07		-4.27014		0		0		4.34864e+06		565.745			00:00:44:049		4.86133e+06		252.022		157.934		0		1.84628		279.527		
00:00:43:950		1.2283e+07		-4.26316		0		0		4.35301e+06		566.413			00:00:43:950		4.86139e+06		252.003		158.424		0		1.8332		279.563		
00:00:43:850		1.22877e+07		-4.25619		0		0		4.35714e+06		566.912			00:00:43:850		4.86145e+06		252.003		158.424		0		1.8332		279.599		
00:00:43:750		1.22923e+07		-4.24921		0		0		4.36111e+06		567.291			00:00:43:750		4.86151e+06		251.982		158.424		0		1.8332		279.634		
00:00:43:649		1.2297e+07		-4.24224		0		0		4.3652e+06		567.745			00:00:43:649		4.86157e+06		251.982		158.908		0		1.82012		279.67		
00:00:43:549		1.23016e+07		-4.23527		0		0		4.36957e+06		568.385			00:00:43:549		4.86163e+06		251.982		158.908		0		1.82012		279.706		
00:00:43:450		1.23062e+07		-4.2283		0		0		4.37405e+06		569.096			00:00:43:450		4.86169e+06		251.959		159.386		0		1.80705		279.741		
00:00:43:350		1.23109e+07		-4.22133		0		0		4.37832e+06		569.661			00:00:43:350		4.86175e+06		251.959		159.386		0		1.80705		279.777		
00:00:43:250		1.23155e+07		-4.21436		0		0		4.38234e+06		570.048			00:00:43:250		4.86181e+06		251.932		159.386		0		1.80705		279.813		
00:00:43:149		1.23201e+07		-4.2074		0		0		4.3864e+06		570.452			00:00:43:149		4.86187e+06		251.932		159.856		0		1.79398		279.849		
00:00:43:049		1.23248e+07		-4.20043		0		0		4.39076e+06		571.044			00:00:43:049		4.86193e+06		251.932		159.856		0		1.79398		279.884		
00:00:42:950		1.23294e+07		-4.19346		0		0		4.39532e+06		571.783			00:00:42:950		4.86199e+06		251.901		160.319		0		1.78092		279.92		
00:00:42:950		1.23294e+07		-4.19346		0		0		4.39532e+06		571.783			00:00:42:950		4.86199e+06		251.901		160.319		0		1.78092		279.92		
00:00:42:700		1.2341e+07		-4.17605		0		0		4.40589e+06		573.023			00:00:42:700		4.86214e+06		251.867		160.774		0		1.76786		280.01		
00:00:42:700		1.2341e+07		-4.17605		0		0		4.40589e+06		573.023			00:00:42:700		4.86214e+06		251.867		160.774		0		1.76786		280.01		
00:00:42:600		1.23456e+07		-4.16908		0		0		4.41004e+06		573.44			00:00:42:600		4.8622e+06		251.867		160.774		0		1.76786		280.046		
00:00:42:549		1.23479e+07		-4.16559		0		0		4.41224e+06		573.734			00:00:42:549		4.86223e+06		251.867		160.774		0		1.76786		280.064		
00:00:42:399		1.23549e+07		-4.15514		0		0		4.41921e+06		574.865			00:00:42:399		4.86232e+06		251.829		161.22		0		1.75481		280.118		
00:00:42:299		1.23595e+07		-4.14816		0		0		4.42368e+06		575.49			00:00:42:299		4.86238e+06		251.829		161.22		0		1.75481		280.154		
00:00:42:200		1.23641e+07		-4.14119		0		0		4.4278e+06		575.873			00:00:42:200		4.86244e+06		251.787		161.657		0		1.74176		280.19		
00:00:42:100		1.23687e+07		-4.13421		0		0		4.43191e+06		576.228			00:00:42:100		4.8625e+06		251.787		161.657		0		1.74176		280.226		
00:00:42:000		1.23734e+07		-4.12724		0		0		4.43637e+06		576.804			00:00:42:000		4.86256e+06		251.74		161.657		0		1.74176		280.262		
00:00:41:799		1.23826e+07		-4.1133		0		0		4.44583e+06		578.328			00:00:41:799		4.86268e+06		251.74		162.083		0		1.72872		280.335		
00:00:41:700		1.23873e+07		-4.10633		0		0		4.45012e+06		578.777			00:00:41:700		4.86274e+06		251.689		162.499		0		1.71569		280.371		
00:00:41:700		1.23873e+07		-4.10633		0		0		4.45012e+06		578.777			00:00:41:700		4.86274e+06		251.689		162.499		0		1.71569		280.371		
00:00:41:600		1.23919e+07		-4.09937		0		0		4.45423e+06		579.09			00:00:41:600		4.8628e+06		251.689		162.499		0		1.71569		280.408		
00:00:41:500		1.23966e+07		-4.0924		0		0		4.45863e+06		579.573			00:00:41:500		4.86286e+06		251.634		162.499		0		1.71569		280.444		
00:00:41:399		1.24012e+07		-4.08543		0		0		4.46345e+06		580.342			00:00:41:399		4.86292e+06		251.634		162.902		0		1.70267		280.481		
00:00:41:299		1.24059e+07		-4.07846		0		0		4.46836e+06		581.171			00:00:41:299		4.86298e+06		251.634		162.902		0		1.70267		280.518		
00:00:41:200		1.24106e+07		-4.07149		0		0		4.4729e+06		581.732			00:00:41:200		4.86304e+06		251.573		163.294		0		1.68966		280.554		
00:00:41:100		1.24152e+07		-4.06452		0		0		4.47709e+06		582.044			00:00:41:100		4.8631e+06		251.573		163.294		0		1.68966		280.591		
00:00:41:000		1.24199e+07		-4.05754		0		0		4.48143e+06		582.437			00:00:41:000		4.86316e+06		251.508		163.294		0		1.68966		280.628		
00:00:40:799		1.24291e+07		-4.04358		0		0		4.49132e+06		584.017			00:00:40:799		4.86328e+06		251.508		163.671		0		1.67666		280.702		
00:00:40:700		1.24338e+07		-4.03659		0		0		4.49614e+06		584.729			00:00:40:700		4.86334e+06		251.438		164.035		0		1.66367		280.739		
00:00:40:700		1.24338e+07		-4.03659		0		0		4.49614e+06		584.729			00:00:40:700		4.86334e+06		251.438		164.035		0		1.66367		280.739		
00:00:40:600		1.24384e+07		-4.02959		0		0		4.50052e+06		585.115			00:00:40:600		4.8634e+06		251.438		164.035		0		1.66367		280.776		
00:00:40:500		1.24431e+07		-4.02259		0		0		4.5048e+06		585.416			00:00:40:500		4.86346e+06		251.362		164.035		0		1.66367		280.813		
00:00:40:399		1.24478e+07		-4.01558		0		0		4.50952e+06		585.993			00:00:40:399		4.86352e+06		251.362		164.383		0		1.6507		280.85		
00:00:40:299		1.24524e+07		-4.00856		0		0		4.51471e+06		586.889			00:00:40:299		4.86358e+06		251.362		164.383		0		1.6507		280.888		
00:00:40:200		1.24571e+07		-4.00152		0		0		4.51985e+06		587.762			00:00:40:200		4.86364e+06		251.281		164.715		0		1.63774		280.925		
00:00:40:100		1.24618e+07		-3.99448		0		0		4.52447e+06		588.269			00:00:40:100		4.8637e+06		251.281		164.715		0		1.63774		280.963		
00:00:39:950		1.24688e+07		-3.9839		0		0		4.53096e+06		588.678			00:00:39:950		4.86379e+06		251.194		165.03		0		1.62479		281.018		
00:00:39:850		1.24735e+07		-3.97684		0		0		4.53582e+06		589.267			00:00:39:850		4.86385e+06		251.194		165.03		0		1.62479		281.056		
00:00:39:750		1.24782e+07		-3.96979		0		0		4.54124e+06		590.289			00:00:39:750		4.86391e+06		251.101		165.03		0		1.62479		281.093		
00:00:39:649		1.24829e+07		-3.96275		0		0		4.54658e+06		591.197			00:00:39:649		4.86397e+06		251.101		165.327		0		1.61187		281.13		
00:00:39:549		1.24876e+07		-3.95572		0		0		4.55115e+06		591.571			00:00:39:549		4.86403e+06		251.101		165.327		0		1.61187		281.168		
00:00:39:450		1.24923e+07		-3.9487		0		0		4.55548e+06		591.778			00:00:39:450		4.86409e+06		251.002		165.604		0		1.59895		281.205		
00:00:39:350		1.2497e+07		-3.94169		0		0		4.56036e+06		592.326			00:00:39:350		4.86415e+06		251.002		165.604		0		1.59895		281.243		
00:00:39:250		1.25017e+07		-3.93471		0		0		4.56587e+06		593.278			00:00:39:250		4.86421e+06		250.897		165.604		0		1.59895		281.28		
00:00:39:149		1.25065e+07		-3.92773		0		0		4.57147e+06		594.416			00:00:39:149		4.86427e+06		250.897		165.86		0		1.58606		281.318		
00:00:39:049		1.25112e+07		-3.92076		0		0		4.57653e+06		595.205			00:00:39:049		4.86433e+06		250.897		165.86		0		1.58606		281.356		
00:00:38:950		1.25159e+07		-3.9138		0		0		4.5807e+06		595.342			00:00:38:950		4.86439e+06		250.785		166.095		0		1.5732		281.393		
00:00:38:799		1.25231e+07		-3.90334		0		0		4.58735e+06		595.904			00:00:38:799		4.86448e+06		250.785		166.095		0		1.5732		281.45		
00:00:38:799		1.25231e+07		-3.90334		0		0		4.58735e+06		595.904			00:00:38:799		4.86448e+06		250.785		166.095		0		1.5732		281.45		
00:00:38:700		1.25278e+07		-3.89635		0		0		4.59265e+06		596.764			00:00:38:700		4.86454e+06		250.666		166.306		0		1.56035		281.488		
00:00:38:600		1.25326e+07		-3.88932		0		0		4.59807e+06		597.702			00:00:38:600		4.8646e+06		250.666		166.306		0		1.56035		281.525		
00:00:38:500		1.25373e+07		-3.88225		0		0		4.60303e+06		598.271			00:00:38:500		4.86466e+06		250.54		166.306		0		1.56035		281.563		
00:00:38:399		1.25421e+07		-3.87513		0		0		4.60756e+06		598.583			00:00:38:399		4.86472e+06		250.54		166.493		0		1.54753		281.601		
00:00:38:299		1.25469e+07		-3.86796		0		0		4.61246e+06		599.178			00:00:38:299		4.86478e+06		250.54		166.493		0		1.54753		281.638		
00:00:38:149		1.2554e+07		-3.85708		0		0		4.6204e+06		600.207			00:00:38:149		4.86487e+06		250.406		166.654		0		1.53473		281.695		
00:00:38:049		1.25588e+07		-3.84976		0		0		4.62568e+06		601.026			00:00:38:049		4.86493e+06		250.406		166.654		0		1.53473		281.732		
00:00:37:950		1.25636e+07		-3.84238		0		0		4.63112e+06		601.979			00:00:37:950		4.86499e+06		250.265		166.788		0		1.52197		281.769		
00:00:37:850		1.25684e+07		-3.83498		0		0		4.636e+06		602.34			00:00:37:850		4.86505e+06		250.265		166.788		0		1.52197		281.807		
00:00:37:750		1.25732e+07		-3.82756		0		0		4.64051e+06		602.545			00:00:37:750		4.86511e+06		250.116		166.788		0		1.52197		281.843		
00:00:37:649		1.2578e+07		-3.82017		0		0		4.64581e+06		603.11			00:00:37:649		4.86517e+06		250.116		166.893		0		1.50923		281.88		
00:00:37:549		1.25828e+07		-3.81283		0		0		4.65156e+06		603.888			00:00:37:549		4.86523e+06		250.116		166.893		0		1.50923		281.917		
00:00:37:450		1.25876e+07		-3.80559		0		3.46914		4.65772e+06		605.341			00:00:37:450		4.86529e+06		249.954		166.968		0		1.49655		281.954		
00:00:37:350		1.25924e+07		-3.79847		0		0		4.66434e+06		607.786			00:00:37:350		4.86535e+06		249.954		166.968		0		1.49655		281.992		
00:00:37:250		1.25972e+07		-3.79149		0		0		4.6683e+06		607.665			00:00:37:250		4.86541e+06		249.758		166.968		0		1.49655		282.03		
00:00:37:100		1.26044e+07		-3.78129		0		0		4.67194e+06		606.9			00:00:37:100		4.8655e+06		249.758		167.014		0		1.48411		282.085		
00:00:37:100		1.26044e+07		-3.78129		0		0		4.67194e+06		606.9			00:00:37:100		4.8655e+06		249.758		167.014		0		1.48411		282.085		
00:00:37:000		1.26092e+07		-3.77466		0		0		4.67634e+06		607.335			00:00:37:000		4.86556e+06		249.529		167.014		0		1.48411		282.121		
00:00:36:899		1.26141e+07		-3.76815		0		0		4.68216e+06		608.627			00:00:36:899		4.86562e+06		249.529		167.03		0		1.47188		282.158		
00:00:36:700		1.26237e+07		-3.75534		0		0		4.69202e+06		609.667			00:00:36:700		4.86574e+06		249.267		167.018		0		1.45987		282.232		
00:00:36:700		1.26237e+07		-3.75534		0		0		4.69202e+06		609.667			00:00:36:700		4.86574e+06		249.267		167.018		0		1.45987		282.232		
00:00:36:600		1.26285e+07		-3.74899		0		0		4.6966e+06		610.141			00:00:36:600		4.8658e+06		249.267		167.018		0		1.45987		282.268		
00:00:36:450		1.26357e+07		-3.73945		0		3.46914		4.70446e+06		611.264			00:00:36:450		4.86589e+06		248.97		166.978		0		1.44809		282.323		
00:00:36:350		1.26405e+07		-3.73304		0		0		4.7096e+06		611.845			00:00:36:350		4.86595e+06		248.97		166.978		0		1.44809		282.36		
00:00:36:250		1.26454e+07		-3.72658		0		3.46914		4.71466e+06		612.438			00:00:36:250		4.86601e+06		248.639		166.978		0		1.44809		282.396		
00:00:36:149		1.26502e+07		-3.72006		0		0		4.71997e+06		613.12			00:00:36:149		4.86607e+06		248.639		166.909		0		1.43652		282.432		
00:00:36:049		1.2655e+07		-3.71347		0		0		4.72532e+06		613.807			00:00:36:049		4.86613e+06		248.639		166.909		0		1.43652		282.468		
00:00:35:950		1.26598e+07		-3.70682		0		0		4.73069e+06		614.5			00:00:35:950		4.86619e+06		248.274		166.814		0		1.42518		282.504		
00:00:35:799		1.2667e+07		-3.6967		0		0		4.7388e+06		615.549			00:00:35:799		4.86628e+06		248.274		166.814		0		1.42518		282.558		
00:00:35:700		1.26719e+07		-3.68988		0		0		4.74424e+06		616.257			00:00:35:700		4.86634e+06		247.875		166.692		0		1.41406		282.594		
00:00:35:700		1.26719e+07		-3.68988		0		0		4.74424e+06		616.257			00:00:35:700		4.86634e+06		247.875		166.692		0		1.41406		282.594		
00:00:35:600		1.26767e+07		-3.68301		0		0		4.74971e+06		616.971			00:00:35:600		4.8664e+06		247.875		166.692		0		1.41406		282.629		
00:00:35:500		1.26815e+07		-3.67608		0		0		4.7552e+06		617.692			00:00:35:500		4.86646e+06		247.44		166.692		0		1.41406		282.665		
00:00:35:399		1.26863e+07		-3.6691		0		0		4.76071e+06		618.42			00:00:35:399		4.86652e+06		247.44		166.545		0		1.40317		282.7		
00:00:35:299		1.26911e+07		-3.66208		0		0		4.76626e+06		619.161			00:00:35:299		4.86658e+06		247.44		166.545		0		1.40317		282.736		
00:00:35:200		1.26959e+07		-3.655		0		0		4.77184e+06		619.914			00:00:35:200		4.86664e+06		246.971		166.373		0		1.3925		282.771		
00:00:35:100		1.27007e+07		-3.64789		0		0		4.77744e+06		620.678			00:00:35:100		4.8667e+06		246.971		166.373		0		1.3925		282.806		
00:00:35:000		1.27055e+07		-3.64074		0		0		4.78306e+06		621.441			00:00:35:000		4.86676e+06		246.466		166.373		0		1.3925		282.841		
00:00:34:799		1.27151e+07		-3.62632		0		0		4.79436e+06		622.939			00:00:34:799		4.86688e+06		246.466		166.178		0		1.38205		282.911		
00:00:34:700		1.27199e+07		-3.61907		0		0		4.80003e+06		623.663			00:00:34:700		4.86694e+06		245.926		165.96		0		1.37183		282.946		
00:00:34:700		1.27199e+07		-3.61907		0		0		4.80003e+06		623.663			00:00:34:700		4.86694e+06		245.926		165.96		0		1.37183		282.946		
00:00:34:600		1.27246e+07		-3.6118		0		0		4.80572e+06		624.389			00:00:34:600		4.867e+06		245.926		165.96		0		1.37183		282.98		
00:00:34:500		1.27294e+07		-3.6045		0		0		4.81144e+06		625.118			00:00:34:500		4.86706e+06		245.349		165.96		0		1.37183		283.015		
00:00:34:350		1.27367e+07		-3.59353		0		0		4.82004e+06		626.219			00:00:34:350		4.86715e+06		245.349		165.721		0		1.36185		283.067		
00:00:34:250		1.27415e+07		-3.58621		0		0		4.8258e+06		626.956			00:00:34:250		4.86721e+06		244.734		165.721		0		1.36185		283.102		
00:00:34:149		1.27463e+07		-3.57887		0		0		4.83157e+06		627.695			00:00:34:149		4.86727e+06		244.734		165.463		0		1.3521		283.136		
00:00:34:049		1.27511e+07		-3.57151		0		0		4.83736e+06		628.437			00:00:34:049		4.86733e+06		244.734		165.463		0		1.3521		283.171		
00:00:33:950		1.2756e+07		-3.56415		0		0		4.84316e+06		629.179			00:00:33:950		4.86739e+06		244.081		165.186		0		1.3426		283.206		
00:00:33:850		1.27608e+07		-3.55677		0		0		4.84898e+06		629.924			00:00:33:850		4.86745e+06		244.081		165.186		0		1.3426		283.24		
00:00:33:750		1.27656e+07		-3.54938		0		0		4.85482e+06		630.671			00:00:33:750		4.86751e+06		243.386		165.186		0		1.3426		283.275		
00:00:33:649		1.27705e+07		-3.54199		0		0		4.86067e+06		631.419			00:00:33:649		4.86757e+06		243.386		164.894		0		1.33336		283.31		
00:00:33:549		1.27754e+07		-3.53458		0		0		4.86654e+06		632.168			00:00:33:549		4.86763e+06		243.386		164.894		0		1.33336		283.345		
00:00:33:450		1.27802e+07		-3.52715		0		0		4.87242e+06		632.918			00:00:33:450		4.86769e+06		242.645		164.588		0		1.32441		283.38		
00:00:33:350		1.27851e+07		-3.51971		0		0		4.87832e+06		633.667			00:00:33:350		4.86775e+06		242.645		164.588		0		1.32441		283.415		
00:00:33:299		1.27875e+07		-3.51599		0		0		4.88128e+06		634.043			00:00:33:299		4.86778e+06		242.645		164.588		0		1.32441		283.432		
00:00:33:200		1.27924e+07		-3.50852		0		0		4.88722e+06		634.796			00:00:33:200		4.86784e+06		241.846		164.274		0		1.31585		283.468		
00:00:33:100		1.27973e+07		-3.50105		0		0		4.89318e+06		635.553			00:00:33:100		4.8679e+06		241.846		164.274		0		1.31585		283.503		
00:00:32:950		1.28046e+07		-3.4898		0		0		4.90216e+06		636.692			00:00:32:950		4.86799e+06		240.973		163.955		0		1.3078		283.555		
00:00:32:850		1.28095e+07		-3.48228		0		0		4.90818e+06		637.454			00:00:32:850		4.86805e+06		240.973		163.955		0		1.3078		283.591		
00:00:32:750		1.28144e+07		-3.47474		0		0		4.91423e+06		638.223			00:00:32:750		4.86811e+06		240.095		163.955		0		1.3078		283.626		
00:00:32:649		1.28193e+07		-3.46719		0		0		4.9203e+06		638.996			00:00:32:649		4.86817e+06		240.095		163.633		0		1.29974		283.661		
00:00:32:549		1.28242e+07		-3.45961		0		0		4.9264e+06		639.773			00:00:32:549		4.86823e+06		240.095		163.633		0		1.29974		283.696		
00:00:32:450		1.28292e+07		-3.45202		0		0		4.93252e+06		640.552			00:00:32:450		4.86829e+06		239.214		163.305		0		1.29166		283.732		
00:00:32:350		1.28341e+07		-3.4444		0		0		4.93866e+06		641.337			00:00:32:350		4.86835e+06		239.214		163.305		0		1.29166		283.767		
00:00:32:250		1.28391e+07		-3.43676		0		0		4.94482e+06		642.124			00:00:32:250		4.86841e+06		238.33		163.305		0		1.29166		283.803		
00:00:32:149		1.2844e+07		-3.42909		0		0		4.951e+06		642.916			00:00:32:149		4.86847e+06		238.33		162.974		0		1.28355		283.838		
00:00:32:049		1.2849e+07		-3.4214		0		0		4.9572e+06		643.708			00:00:32:049		4.86853e+06		238.33		162.974		0		1.28355		283.874		
00:00:31:949		1.28539e+07		-3.41369		0		0		4.96342e+06		644.502			00:00:31:949		4.86859e+06		237.443		162.638		0		1.27542		283.909		
00:00:31:850		1.28589e+07		-3.40596		0		0		4.96966e+06		645.299			00:00:31:850		4.86865e+06		237.443		162.638		0		1.27542		283.945		
00:00:31:699		1.28664e+07		-3.39433		0		0		4.97907e+06		646.502			00:00:31:699		4.86874e+06		236.553		162.297		0		1.26727		283.998		
00:00:31:699		1.28664e+07		-3.39433		0		0		4.97907e+06		646.502			00:00:31:699		4.86874e+06		236.553		162.297		0		1.26727		283.998		
00:00:31:600		1.28713e+07		-3.38656		0		0		4.98536e+06		647.308			00:00:31:600		4.8688e+06		236.553		162.297		0		1.26727		284.034		
00:00:31:500		1.28763e+07		-3.37877		0		0		4.99168e+06		648.117			00:00:31:500		4.86886e+06		235.66		162.297		0		1.26727		284.07		
00:00:31:399		1.28813e+07		-3.37097		0		0		4.99802e+06		648.926			00:00:31:399		4.86894e+06		235.66		161.951		0		1.25908		284.106		
00:00:31:300		1.28863e+07		-3.36314		0		0		5.00438e+06		649.738			00:00:31:300		4.869e+06		235.66		161.951		0		1.25908		284.142		
00:00:31:199		1.28913e+07		-3.35528		0		0		5.01075e+06		650.556			00:00:31:199		4.86907e+06		234.765		161.6		0		1.25087		284.177		
00:00:31:100		1.28964e+07		-3.3474		0		0		5.01716e+06		651.377			00:00:31:100		4.86913e+06		234.765		161.6		0		1.25087		284.213		
00:00:31:000		1.29014e+07		-3.3395		0		0		5.02359e+06		652.201			00:00:31:000		4.86919e+06		233.866		161.6		0		1.25087		284.249		
00:00:30:850		1.2909e+07		-3.32759		0		0		5.03328e+06		653.445			00:00:30:850		4.86928e+06		233.866		161.243		0		1.24264		284.303		
00:00:30:750		1.29141e+07		-3.31963		0		0		5.03978e+06		654.279			00:00:30:750		4.86934e+06		232.967		161.243		0		1.24264		284.338		
00:00:30:649		1.29193e+07		-3.31163		0		0		5.04631e+06		655.113			00:00:30:649		4.8694e+06		232.967		160.881		0		1.23435		284.375		
00:00:30:649		1.29193e+07		-3.31163		0		0		5.04631e+06		655.113			00:00:30:649		4.8694e+06		232.967		160.881		0		1.23435		284.375		
00:00:30:550		1.29244e+07		-3.30362		0		0		5.05286e+06		655.953			00:00:30:550		4.86946e+06		232.967		160.881		0		1.23435		284.411		
00:00:30:399		1.29321e+07		-3.29155		0		11.0286		5.06274e+06		657.225			00:00:30:399		4.86955e+06		232.064		160.513		0		1.22604		284.465		
00:00:30:300		1.29373e+07		-3.28346		0		0		5.06937e+06		658.081			00:00:30:300		4.86961e+06		232.064		160.513		0		1.22604		284.501		
00:00:30:199		1.29425e+07		-3.27535		0		0		5.07601e+06		658.94			00:00:30:199		4.86967e+06		231.156		160.138		0		1.21772		284.537		
00:00:30:100		1.29477e+07		-3.26721		0		11.4176		5.08268e+06		659.799			00:00:30:100		4.86973e+06		231.156		160.138		0		1.21772		284.573		
00:00:30:000		1.2953e+07		-3.25904		0		0		5.08935e+06		660.654			00:00:30:000		4.86979e+06		230.244		160.138		0		1.21772		284.609		
00:00:29:899		1.29582e+07		-3.25084		0		11.6085		5.09605e+06		661.515			00:00:29:899		4.86985e+06		230.244		159.758		0		1.20938		284.645		
00:00:29:699		1.29688e+07		-3.23435		0		11.6716		5.10954e+06		663.264			00:00:29:699		4.86997e+06		229.329		159.371		0		1.20101		284.717		
00:00:29:600		1.29741e+07		-3.22606		0		0		5.11631e+06		664.145			00:00:29:600		4.87003e+06		229.329		159.371		0		1.20101		284.753		
00:00:29:600		1.29741e+07		-3.22606		0		0		5.11631e+06		664.145			00:00:29:600		4.87003e+06		229.329		159.371		0		1.20101		284.753		
00:00:29:500		1.29794e+07		-3.21773		0		0		5.12309e+06		665.021			00:00:29:500		4.87009e+06		228.411		159.371		0		1.20101		284.789		
00:00:29:399		1.29848e+07		-3.20937		0		0		5.12987e+06		665.888			00:00:29:399		4.87015e+06		228.411		158.979		0		1.19261		284.825		
00:00:29:300		1.29902e+07		-3.20098		0		0		5.13666e+06		666.752			00:00:29:300		4.87021e+06		228.411		158.979		0		1.19261		284.861		
00:00:29:199		1.29955e+07		-3.19256		0		0		5.14349e+06		667.621			00:00:29:199		4.87027e+06		227.49		158.58		0		1.18418		284.898		
00:00:29:050		1.30037e+07		-3.17985		0		0		5.15382e+06		668.942			00:00:29:050		4.87036e+06		227.49		158.58		0		1.18418		284.952		
00:00:29:000		1.30091e+07		-3.17133		0		0		5.16074e+06		669.833			00:00:29:000		4.87042e+06		226.565		158.174		0		1.17573		284.988		
00:00:28:750		1.30201e+07		-3.15419		0		0		5.17467e+06		671.627			00:00:28:750		4.87054e+06		225.636		158.174		0		1.17573		285.061		
00:00:28:649		1.30257e+07		-3.14556		0		0		5.18166e+06		672.521			00:00:28:649		4.8706e+06		225.636		157.761		0		1.16725		285.097		
00:00:28:649		1.30257e+07		-3.14556		0		0		5.18166e+06		672.521			00:00:28:649		4.8706e+06		225.636		157.761		0		1.16725		285.097		
00:00:28:550		1.30312e+07		-3.13689		0		0		5.18867e+06		673.415			00:00:28:550		4.87065e+06		225.636		157.761		0		1.16725		285.133		
00:00:28:449		1.30368e+07		-3.12818		0		0		5.19571e+06		674.31			00:00:28:449		4.87071e+06		224.705		157.342		0		1.15873		285.169		
00:00:28:350		1.30424e+07		-3.11944		0		10.0084		5.20279e+06		675.213			00:00:28:350		4.87077e+06		224.705		157.342		0		1.15873		285.205		
00:00:28:300		1.30452e+07		-3.11505		0		0		5.20635e+06		675.666			00:00:28:300		4.8708e+06		224.705		157.342		0		1.15873		285.224		
00:00:28:199		1.30509e+07		-3.10624		0		0		5.21348e+06		676.58			00:00:28:199		4.87086e+06		223.77		156.915		0		1.15019		285.26		
00:00:28:100		1.30566e+07		-3.09739		0		0		5.22065e+06		677.502			00:00:28:100		4.87092e+06		223.77		156.915		0		1.15019		285.296		
00:00:28:000		1.30623e+07		-3.0885		0		0		5.22785e+06		678.433			00:00:28:000		4.87097e+06		222.831		156.915		0		1.15019		285.332		
00:00:27:899		1.3068e+07		-3.07958		0		0		5.23507e+06		679.366			00:00:27:899		4.87103e+06		222.831		156.481		0		1.14162		285.369		
00:00:27:800		1.30737e+07		-3.07061		0		0		5.2423e+06		680.295			00:00:27:800		4.87109e+06		222.831		156.481		0		1.14162		285.405		
00:00:27:649		1.30824e+07		-3.05708		0		10.4935		5.25317e+06		681.69			00:00:27:649		4.87118e+06		221.89		156.039		0		1.13302		285.459		
00:00:27:550		1.30882e+07		-3.048		0		10.4935		5.26045e+06		682.622			00:00:27:550		4.87123e+06		221.89		156.039		0		1.13302		285.495		
00:00:27:449		1.30941e+07		-3.03887		0		10.6291		5.26775e+06		683.557			00:00:27:449		4.87129e+06		220.944		155.589		0		1.12439		285.532		
00:00:27:350		1.31e+07		-3.0297		0		10.7634		5.27507e+06		684.495			00:00:27:350		4.87135e+06		220.944		155.589		0		1.12439		285.568		
00:00:27:250		1.31059e+07		-3.02047		0		10.8302		5.28241e+06		685.436			00:00:27:250		4.87141e+06		219.995		155.589		0		1.12439		285.604		
00:00:27:149		1.31118e+07		-3.01121		0		10.8966		5.28978e+06		686.38			00:00:27:149		4.87147e+06		219.995		155.131		0		1.11573		285.641		
00:00:27:050		1.31178e+07		-3.00189		0		11.0286		5.29716e+06		687.327			00:00:27:050		4.87152e+06		219.995		155.131		0		1.11573		285.677		
00:00:26:949		1.31238e+07		-2.99252		0		11.0941		5.30457e+06		688.275			00:00:26:949		4.87158e+06		219.043		154.664		0		1.10704		285.713		
00:00:26:850		1.31299e+07		-2.9831		0		11.2244		5.31201e+06		689.227			00:00:26:850		4.87164e+06		219.043		154.664		0		1.10704		285.749		
00:00:26:750		1.3136e+07		-2.97364		0		11.2891		5.31947e+06		690.18			00:00:26:750		4.8717e+06		218.086		154.664		0		1.10704		285.786		
00:00:26:649		1.31421e+07		-2.96412		0		11.4176		5.32695e+06		691.136			00:00:26:649		4.87176e+06		218.086		154.189		0		1.09832		285.822		
00:00:26:550		1.31483e+07		-2.95455		0		11.4815		5.33446e+06		692.093			00:00:26:550		4.87181e+06		218.086		154.189		0		1.09832		285.859		
00:00:26:449		1.31545e+07		-2.94493		0		11.6085		5.342e+06		693.054			00:00:26:449		4.87187e+06		217.127		153.704		0		1.08957		285.895		
00:00:26:350		1.31607e+07		-2.93526		0		11.7345		5.34956e+06		694.019			00:00:26:350		4.87193e+06		217.127		153.704		0		1.08957		285.931		
00:00:26:350		1.31607e+07		-2.93526		0		11.7345		5.34956e+06		694.019			00:00:26:350		4.87193e+06		217.127		153.704		0		1.08957		285.931		
00:00:26:199		1.31701e+07		-2.92064		0		0		5.36097e+06		695.47			00:00:26:199		4.87202e+06		216.163		153.21		0		1.08078		285.986		
00:00:26:100		1.31765e+07		-2.91083		0		0		5.36861e+06		696.448			00:00:26:100		4.87208e+06		216.163		153.21		0		1.08078		286.022		
00:00:26:000		1.31829e+07		-2.90096		0		0		5.37629e+06		697.433			00:00:26:000		4.87213e+06		215.196		153.21		0		1.08078		286.058		
00:00:25:850		1.31925e+07		-2.88605		0		12.0451		5.38784e+06		698.922			00:00:25:850		4.87222e+06		215.196		152.706		0		1.07197		286.112		
00:00:25:750		1.3199e+07		-2.87604		0		0		5.39557e+06		699.911			00:00:25:750		4.87228e+06		214.225		152.706		0		1.07197		286.148		
00:00:25:750		1.3199e+07		-2.87604		0		0		5.39557e+06		699.911			00:00:25:750		4.87228e+06		214.225		152.706		0		1.07197		286.148		
00:00:25:649		1.32055e+07		-2.86597		0		0		5.4033e+06		700.89			00:00:25:649		4.87234e+06		214.225		152.191		0		1.06312		286.184		
00:00:25:500		1.32153e+07		-2.85075		0		0		5.41496e+06		702.379			00:00:25:500		4.87242e+06		213.25		152.191		0		1.06312		286.237		
00:00:25:399		1.32219e+07		-2.84053		0		0		5.42277e+06		703.376			00:00:25:399		4.87248e+06		213.25		151.666		0		1.05424		286.272		
00:00:25:300		1.32285e+07		-2.83025		0		0		5.4306e+06		704.378			00:00:25:300		4.87254e+06		213.25		151.666		0		1.05424		286.308		
00:00:25:199		1.32352e+07		-2.81992		0		0		5.43846e+06		705.381			00:00:25:199		4.8726e+06		212.271		151.131		0		1.04533		286.343		
00:00:25:100		1.3242e+07		-2.80952		0		0		5.44634e+06		706.388			00:00:25:100		4.87266e+06		212.271		151.131		0		1.04533		286.378		
00:00:25:000		1.32488e+07		-2.79907		0		0		5.45425e+06		707.397			00:00:25:000		4.87271e+06		211.288		151.131		0		1.04533		286.414		
00:00:24:899		1.32556e+07		-2.78856		0		0		5.46219e+06		708.41			00:00:24:899		4.87277e+06		211.288		150.584		0		1.03639		286.449		
00:00:24:699		1.32694e+07		-2.76737		0		0		5.47815e+06		710.447			00:00:24:699		4.87289e+06		210.302		150.026		0		1.02741		286.52		
00:00:24:699		1.32694e+07		-2.76737		0		0		5.47815e+06		710.447			00:00:24:699		4.87289e+06		210.302		150.026		0		1.02741		286.52		
00:00:24:600		1.32764e+07		-2.75668		0		9.93773		5.48616e+06		711.468			00:00:24:600		4.87294e+06		210.302		150.026		0		1.02741		286.555		
00:00:24:500		1.32834e+07		-2.74594		0		10.0084		5.49421e+06		712.49			00:00:24:500		4.873e+06		209.311		150.026		0		1.02741		286.591		
00:00:24:399		1.32905e+07		-2.73513		0		10.0084		5.50228e+06		713.52			00:00:24:399		4.87306e+06		209.311		149.456		0		1.0184		286.626		
00:00:24:300		1.32977e+07		-2.72426		0		10.0787		5.51039e+06		714.547			00:00:24:300		4.87312e+06		209.311		149.456		0		1.0184		286.662		
00:00:24:199		1.33048e+07		-2.71333		0		10.2183		5.51852e+06		715.582			00:00:24:199		4.87318e+06		208.316		148.874		0		1.00936		286.697		
00:00:24:100		1.33121e+07		-2.70234		0		10.2183		5.5267e+06		716.627			00:00:24:100		4.87324e+06		208.316		148.874		0		1.00936		286.733		
00:00:24:000		1.33193e+07		-2.69128		0		10.4252		5.53491e+06		717.683			00:00:24:000		4.87329e+06		207.318		148.874		0		1.00936		286.769		
00:00:23:899		1.33267e+07		-2.68015		0		10.4935		5.54314e+06		718.743			00:00:23:899		4.87335e+06		207.318		148.279		0		1.00029		286.804		
00:00:23:699		1.33415e+07		-2.65771		0		10.6291		5.55965e+06		720.86			00:00:23:699		4.87347e+06		206.315		147.671		0		0.991176		286.876		
00:00:23:699		1.33415e+07		-2.65771		0		10.6291		5.55965e+06		720.86			00:00:23:699		4.87347e+06		206.315		147.671		0		0.991176		286.876		
00:00:23:600		1.33489e+07		-2.64638		0		10.6291		5.56793e+06		721.916			00:00:23:600		4.87352e+06		206.315		147.671		0		0.991176		286.912		
00:00:23:500		1.33564e+07		-2.635		0		10.8302		5.57622e+06		722.976			00:00:23:500		4.87358e+06		205.307		147.671		0		0.991176		286.948		
00:00:23:399		1.3364e+07		-2.62354		0		10.6291		5.58454e+06		724.04			00:00:23:399		4.87364e+06		205.307		147.049		0		0.982032		286.984		
00:00:23:300		1.33716e+07		-2.61202		0		16.9979		5.59289e+06		725.108			00:00:23:300		4.8737e+06		205.307		147.049		0		0.982032		287.02		
00:00:23:149		1.33831e+07		-2.5946		0		10.8302		5.60544e+06		726.707			00:00:23:149		4.87379e+06		204.296		146.414		0		0.972854		287.074		
00:00:23:100		1.3387e+07		-2.58876		0		0		5.60964e+06		727.241			00:00:23:100		4.87382e+06		204.296		146.414		0		0.972854		287.092		
00:00:22:949		1.33986e+07		-2.57113		0		10.9627		5.62226e+06		728.861			00:00:22:949		4.8739e+06		203.279		145.764		0		0.963642		287.147		
00:00:22:850		1.34064e+07		-2.5593		0		11.0286		5.63071e+06		729.942			00:00:22:850		4.87396e+06		203.279		145.764		0		0.963642		287.183		
00:00:22:649		1.34222e+07		-2.53543		0		11.1594		5.64768e+06		732.102			00:00:22:649		4.87408e+06		202.259		145.099		0		0.954394		287.256		
00:00:22:649		1.34222e+07		-2.53543		0		11.1594		5.64768e+06		732.102			00:00:22:649		4.87408e+06		202.259		145.099		0		0.954394		287.256		
00:00:22:600		1.34262e+07		-2.52942		0		0		5.65194e+06		732.637			00:00:22:600		4.87410e+06		202.259		145.099		0		0.954394		287.275		
00:00:22:500		1.34342e+07		-2.51735		0		0		5.66049e+06		733.724			00:00:22:500		4.87416e+06		201.234		145.099		0		0.954394		287.311		
00:00:22:399		1.34421e+07		-2.50521		0		0		5.66909e+06		734.819			00:00:22:399		4.87422e+06		201.234		144.418		0		0.94511		287.348		
00:00:22:300		1.34501e+07		-2.49302		0		0		5.67773e+06		735.921			00:00:22:300		4.87428e+06		201.234		144.418		0		0.94511		287.385		
00:00:22:199		1.34582e+07		-2.48076		0		0		5.68641e+06		737.038			00:00:22:199		4.87434e+06		200.204		143.721		0		0.935791		287.422		
00:00:22:100		1.34662e+07		-2.46845		0		0		5.69512e+06		738.166			00:00:22:100		4.8744e+06		200.204		143.721		0		0.935791		287.459		
00:00:21:949		1.34784e+07		-2.44984		0		11.5452		5.70825e+06		739.871			00:00:21:949		4.87448e+06		199.17		143.008		0		0.926436		287.516		
00:00:21:750		1.34949e+07		-2.42478		0		11.7345		5.72581e+06		742.136			00:00:21:750		4.8746e+06		198.132		143.008		0		0.926436		287.592		
00:00:21:649		1.35033e+07		-2.41214		0		11.7345		5.73462e+06		743.278			00:00:21:649		4.87466e+06		198.132		142.278		0		0.917045		287.631		
00:00:21:649		1.35033e+07		-2.41214		0		11.7345		5.73462e+06		743.278			00:00:21:649		4.87466e+06		198.132		142.278		0		0.917045		287.631		
00:00:21:550		1.35117e+07		-2.39943		0		11.7971		5.74346e+06		744.421			00:00:21:550		4.87471e+06		198.132		142.278		0		0.917045		287.67		
00:00:21:449		1.35202e+07		-2.38665		0		11.7971		5.75233e+06		745.567			00:00:21:449		4.87477e+06		197.089		141.53		0		0.907616		287.71		
00:00:21:350		1.35288e+07		-2.37382		0		11.8595		5.76121e+06		746.713			00:00:21:350		4.87486e+06		197.089		141.53		0		0.907616		287.749		
00:00:21:250		1.35374e+07		-2.36093		0		11.9216		5.77012e+06		747.861			00:00:21:250		4.87507e+06		196.04		141.53		0		0.907616		287.789		
00:00:21:149		1.35461e+07		-2.34798		0		11.9216		5.77904e+06		749.008			00:00:21:149		4.87541e+06		196.04		140.765		0		0.898152		287.83		
00:00:21:050		1.35548e+07		-2.33497		0		11.9834		5.788e+06		750.16			00:00:21:050		4.87587e+06		196.04		140.765		0		0.898152		287.871		
00:00:20:949		1.35636e+07		-2.32191		0		11.9834		5.79699e+06		751.319			00:00:20:949		4.87646e+06		194.988		139.98		0		0.88865		287.912		
00:00:20:850		1.35724e+07		-2.30879		0		12.0451		5.806e+06		752.484			00:00:20:850		4.87717e+06		194.988		139.98		0		0.88865		287.953		
00:00:20:750		1.35813e+07		-2.29562		0		12.0451		5.81505e+06		753.652			00:00:20:750		4.87801e+06		193.93		139.98		0		0.88865		287.995		
00:00:20:750		1.35813e+07		-2.29562		0		12.0451		5.81505e+06		753.652			00:00:20:750		4.87801e+06		193.93		139.98		0		0.88865		287.995		
00:00:20:649		1.35902e+07		-2.28238		0		12.0451		5.82412e+06		754.822			00:00:20:649		4.87897e+06		193.93		139.176		0		0.879111		288.037		
00:00:20:399		1.36125e+07		-2.24904		0		0		5.84688e+06		757.754			00:00:20:399		4.88192e+06		192.867		138.353		0		0.869534		288.144		
00:00:20:399		1.36125e+07		-2.24904		0		0		5.84688e+06		757.754			00:00:20:399		4.88192e+06		192.867		138.353		0		0.869534		288.144		
00:00:20:300		1.36215e+07		-2.23562		0		0		5.85605e+06		758.949			00:00:20:300		4.88331e+06		192.867		138.353		0		0.869534		288.187		
00:00:20:199		1.36306e+07		-2.22214		0		0		5.86523e+06		760.152			00:00:20:199		4.88494e+06		191.799		137.509		0		0.85992		288.231		
00:00:20:100		1.36397e+07		-2.20861		0		0		5.87442e+06		761.348			00:00:20:100		4.88681e+06		191.799		137.509		0		0.85992		288.276		
00:00:20:050		1.36443e+07		-2.20183		0		12.1676		5.879e+06		761.942			00:00:20:050		4.88784e+06		191.799		137.509		0		0.85992		288.298		
00:00:19:899		1.36581e+07		-2.18143		0		0		5.89277e+06		763.704			00:00:19:899		4.8913e+06		190.726		136.645		0		0.850268		288.366		
00:00:19:699		1.36766e+07		-2.15412		0		0		5.91123e+06		766.053			00:00:19:699		4.89681e+06		189.649		135.759		0		0.840577		288.459		
00:00:19:699		1.36766e+07		-2.15412		0		0		5.91123e+06		766.053			00:00:19:699		4.89681e+06		189.649		135.759		0		0.840577		288.459		
00:00:19:500		1.36953e+07		-2.12673		0		0		5.92989e+06		768.466			00:00:19:500		4.90332e+06		188.566		135.759		0		0.840577		288.553		
00:00:19:500		1.36953e+07		-2.12673		0		0		5.92989e+06		768.466			00:00:19:500		4.90332e+06		188.566		135.759		0		0.840577		288.553		
00:00:19:399		1.37047e+07		-2.11303		0		0		5.93926e+06		769.681			00:00:19:399		4.90695e+06		188.566		134.851		0		0.830849		288.602		
00:00:19:300		1.37141e+07		-2.09932		0		0		5.94865e+06		770.885			00:00:19:300		4.91086e+06		188.566		134.851		0		0.830849		288.651		
00:00:19:199		1.37236e+07		-2.08561		0		0		5.95804e+06		772.081			00:00:19:199		4.91516e+06		187.479		133.921		0		0.821082		288.7		
00:00:19:100		1.37331e+07		-2.0719		0		0		5.96748e+06		773.285			00:00:19:100		4.91983e+06		187.479		133.921		0		0.821082		288.75		
00:00:19:000		1.37427e+07		-2.0582		0		0		5.97697e+06		774.512			00:00:19:000		4.92489e+06		186.387		133.921		0		0.821082		288.801		
00:00:18:899		1.37523e+07		-2.04451		0		0		5.98651e+06		775.77			00:00:18:899		4.93033e+06		186.387		132.968		0		0.811275		288.852		
00:00:18:699		1.37717e+07		-2.01718		0		0		6.00564e+06		778.362			00:00:18:699		4.94233e+06		185.289		131.991		0		0.801431		288.957		
00:00:18:699		1.37717e+07		-2.01718		0		0		6.00564e+06		778.362			00:00:18:699		4.94233e+06		185.289		131.991		0		0.801431		288.957		
00:00:18:600		1.37815e+07		-2.00357		0		0		6.01513e+06		779.638			00:00:18:600		4.94891e+06		185.289		131.991		0		0.801431		289.01		
00:00:18:500		1.37914e+07		-1.98999		0		0		6.02452e+06		780.882			00:00:18:500		4.95587e+06		184.186		131.991		0		0.801431		289.064		
00:00:18:399		1.38012e+07		-1.97644		0		0		6.03386e+06		782.089			00:00:18:399		4.96323e+06		184.186		130.991		0		0.791548		289.119		
00:00:18:300		1.38112e+07		-1.96293		0		0		6.04317e+06		783.266			00:00:18:300		4.97097e+06		184.186		130.991		0		0.791548		289.174		
00:00:18:199		1.38212e+07		-1.94946		0		0		6.05252e+06		784.479			00:00:18:199		4.97911e+06		183.077		129.967		0		0.781627		289.23		
00:00:18:100		1.38312e+07		-1.93603		0		0		6.06191e+06		785.691			00:00:18:100		4.98765e+06		183.077		129.967		0		0.781627		289.287		
00:00:18:000		1.38413e+07		-1.92265		0		0		6.07131e+06		786.907			00:00:18:000		4.99657e+06		181.964		129.967		0		0.781627		289.345		
00:00:17:800		1.38615e+07		-1.89606		0		11.0286		6.09017e+06		789.347			00:00:17:800		5.01562e+06		181.964		128.917		0		0.771667		289.462		
00:00:17:699		1.38769e+07		-1.87626		0		0		6.10435e+06		791.178			00:00:17:699		5.03095e+06		180.845		127.842		0		0.761669		289.553		
00:00:17:699		1.38769e+07		-1.87626		0		0		6.10435e+06		791.178			00:00:17:699		5.03095e+06		180.845		127.842		0		0.761669		289.553		
00:00:17:550		1.38872e+07		-1.86313		0		0		6.11383e+06		792.401			00:00:17:550		5.04168e+06		180.845		127.842		0		0.761669		289.614		
00:00:17:449		1.38977e+07		-1.85007		0		10.8302		6.12331e+06		793.625			00:00:17:449		5.05282e+06		179.72		126.741		0		0.751632		289.676		
00:00:17:350		1.39081e+07		-1.83707		0		17.0448		6.1328e+06		794.849			00:00:17:350		5.06436e+06		179.72		126.741		0		0.751632		289.738		
00:00:17:250		1.39187e+07		-1.82409		0		14.0697		6.14232e+06		796.076			00:00:17:250		5.07632e+06		178.589		126.741		0		0.751632		289.802		
00:00:17:149		1.39293e+07		-1.81114		0		13.9051		6.15185e+06		797.303			00:00:17:149		5.0887e+06		178.589		125.611		0		0.741556		289.867		
00:00:17:050		1.394e+07		-1.79819		0		13.85		6.16139e+06		798.53			00:00:17:050		5.10148e+06		178.589		125.611		0		0.741556		289.932		
00:00:16:949		1.39509e+07		-1.78523		0		13.6834		6.17096e+06		799.756			00:00:16:949		5.11498e+06		177.452		124.453		0		0.731441		289.998		
00:00:16:750		1.3973e+07		-1.75921		0		13.4588		6.19016e+06		802.225			00:00:16:750		5.14443e+06		176.31		124.453		0		0.731441		290.132		
00:00:16:649		1.39843e+07		-1.74612		0		13.2313		6.19982e+06		803.482			00:00:16:649		5.16038e+06		176.31		123.266		0		0.721286		290.201		
00:00:16:649		1.39843e+07		-1.74612		0		13.2313		6.19982e+06		803.482			00:00:16:649		5.16038e+06		176.31		123.266		0		0.721286		290.201		
00:00:16:550		1.39958e+07		-1.73295		0		13.1164		6.20948e+06		804.733			00:00:16:550		5.17716e+06		176.31		123.266		0		0.721286		290.27		
00:00:16:449		1.40075e+07		-1.7197		0		12.9425		6.21914e+06		805.978			00:00:16:449		5.19478e+06		175.161		122.048		0		0.711092		290.341		
00:00:16:350		1.40195e+07		-1.70635		0		12.7669		6.2288e+06		807.225			00:00:16:350		5.21323e+06		175.161		122.048		0		0.711092		290.412		
00:00:16:250		1.40318e+07		-1.69288		0		12.5894		6.23848e+06		808.472			00:00:16:250		5.23254e+06		174.005		122.048		0		0.711092		290.485		
00:00:16:149		1.40444e+07		-1.6793		0		12.41		6.24817e+06		809.72			00:00:16:149		5.25271e+06		174.005		120.799		0		0.700859		290.558		
00:00:16:050		1.40575e+07		-1.66563		0		12.2286		6.25787e+06		810.968			00:00:16:050		5.27375e+06		174.005		120.799		0		0.700859		290.633		
00:00:15:949		1.40708e+07		-1.65188		0		12.0451		6.26758e+06		812.216			00:00:15:949		5.29567e+06		172.843		119.522		0		0.690585		290.709		
00:00:15:750		1.40974e+07		-1.62402		0		11.6716		6.28705e+06		814.716			00:00:15:750		5.34217e+06		171.675		119.522		0		0.690585		290.863		
00:00:15:650		1.41105e+07		-1.60989		0		11.4176		6.29681e+06		815.964			00:00:15:650		5.36678e+06		171.675		118.217		0		0.680272		290.941		
00:00:15:650		1.41105e+07		-1.60989		0		11.4176		6.29681e+06		815.964			00:00:15:650		5.36678e+06		171.675		118.217		0		0.680272		290.941		
00:00:15:650		1.41105e+07		-1.60989		0		11.4176		6.29681e+06		815.964			00:00:15:650		5.36678e+06		171.675		118.217		0		0.680272		290.941		
00:00:15:550		1.41236e+07		-1.59558		0		11.1594		6.30659e+06		817.212			00:00:15:550		5.3923e+06		171.675		118.217		0		0.680272		291.02		
00:00:15:400		1.41423e+07		-1.5737		0		0		6.32129e+06		819.083			00:00:15:400		5.43233e+06		170.5		116.884		0		0.669919		291.141		
00:00:15:300		1.41539e+07		-1.55885		0		0		6.33112e+06		820.334			00:00:15:300		5.46019e+06		170.5		116.884		0		0.669919		291.223		
00:00:15:150		1.41703e+07		-1.53633		0		10.1487		6.3459e+06		822.204			00:00:15:150		5.50378e+06		169.319		115.523		0		0.659525		291.349		
00:00:15:150		1.41703e+07		-1.53633		0		10.1487		6.3459e+06		822.204			00:00:15:150		5.50378e+06		169.319		115.523		0		0.659525		291.349		
00:00:15:050		1.4181e+07		-1.52122		0		0		6.3558e+06		823.462			00:00:15:050		5.53405e+06		169.319		115.523		0		0.659525		291.434		
00:00:14:949		1.4197e+07		-1.49845		0		0		6.37068e+06		825.37			00:00:14:949		5.58133e+06		168.13		114.135		0		0.64909		291.565		
00:00:14:699		1.42183e+07		-1.46788		0		11.6716		6.39055e+06		827.886			00:00:14:699		5.64792e+06		166.933		112.722		0		0.638612		291.743		
00:00:14:699		1.42183e+07		-1.46788		0		11.6716		6.39055e+06		827.886			00:00:14:699		5.64792e+06		166.933		112.722		0		0.638612		291.743		
00:00:14:599		1.42289e+07		-1.45254		0		0		6.4005e+06		829.123			00:00:14:599		5.68277e+06		166.933		112.722		0		0.638612		291.834		
00:00:14:500		1.42396e+07		-1.43714		0		0		6.41049e+06		830.345			00:00:14:500		5.71867e+06		165.729		112.722		0		0.638612		291.926		
00:00:14:400		1.42501e+07		-1.42169		0		0		6.42052e+06		831.554			00:00:14:400		5.75563e+06		165.729		111.284		0		0.628092		292.019		
00:00:14:300		1.42607e+07		-1.40617		0		0		6.43063e+06		832.745			00:00:14:300		5.79369e+06		165.729		111.284		0		0.628092		292.113		
00:00:14:199		1.42712e+07		-1.39067		0		0		6.44084e+06		833.907			00:00:14:199		5.83285e+06		164.517		109.819		0		0.617527		292.207		
00:00:14:099		1.42814e+07		-1.3751		0		0		6.45121e+06		835.045			00:00:14:099		5.87313e+06		164.517		109.819		0		0.617527		292.302		
00:00:14:000		1.42922e+07		-1.35957		0		0		6.46178e+06		836.179			00:00:14:000		5.91455e+06		163.298		109.819		0		0.617527		292.399		
00:00:13:900		1.4303e+07		-1.34399		0		0		6.47264e+06		837.339			00:00:13:900		5.95714e+06		163.298		108.33		0		0.606914		292.497		
00:00:13:800		1.43137e+07		-1.32837		0		0		6.48382e+06		838.536			00:00:13:800		6.00092e+06		163.298		108.33		0		0.606914		292.595		
00:00:13:699		1.43245e+07		-1.31271		0		0		6.49534e+06		839.787			00:00:13:699		6.04589e+06		162.07		106.815		0		0.596249		292.695		
00:00:13:599		1.43352e+07		-1.297		0		0		6.5072e+06		841.093			00:00:13:599		6.09209e+06		162.07		106.815		0		0.596249		292.796		
00:00:13:500		1.43458e+07		-1.28124		0		0		6.51934e+06		842.37			00:00:13:500		6.13953e+06		160.834		106.815		0		0.596249		292.897		
00:00:13:400		1.43564e+07		-1.26545		0		0		6.53164e+06		843.232			00:00:13:400		6.18824e+06		160.834		105.275		0		0.585527		292.999		
00:00:13:300		1.43669e+07		-1.2496		0		0		6.54381e+06		842.524			00:00:13:300		6.23825e+06		160.834		105.275		0		0.585527		293.102		
00:00:13:199		1.43774e+07		-1.2337		0.133335		0		6.55561e+06		837.079			00:00:13:199		6.28959e+06		159.588		103.71		0		0.574686		293.206		
00:00:13:099		1.43879e+07		-1.21776		0.266256		0		6.5667e+06		810.971			00:00:13:099		6.34231e+06		159.588		103.71		0		0.574686		293.31		
00:00:13:000		1.43982e+07		-1.20177		0.397941		0		6.57695e+06		771.578			00:00:13:000		6.39232e+06		158.333		103.71		0		0.574686		293.414		
00:00:12:900		1.44085e+07		-1.18572		0.527839		0		6.58639e+06		734.061			00:00:12:900		6.42919e+06		158.333		102.122		0		0.563694		293.518		
00:00:12:699		1.44286e+07		-1.15347		0.779416		0		6.60312e+06		669.854			00:00:12:699		6.47787e+06		157.068		100.513		0		0.552597		293.728		
00:00:12:699		1.44286e+07		-1.15347		0.779416		0		6.60312e+06		669.854			00:00:12:699		6.47787e+06		157.068		100.513		0		0.552597		293.728		
00:00:12:599		1.44382e+07		-1.13725		0.899895		0		6.61056e+06		643.627			00:00:12:599		6.49422e+06		157.068		100.513		0		0.552597		293.833		
00:00:12:500		1.44476e+07		-1.121		1.01617		0		6.61751e+06		621.082			00:00:12:500		6.50721e+06		155.795		100.513		0		0.552597		293.937		
00:00:12:349		1.44619e+07		-1.09674		1.1819		0		6.62718e+06		593.384			00:00:12:349		6.52232e+06		155.795		98.882		0		0.541426		294.094		
00:00:12:250		1.4472e+07		-1.08063		1.28615		0		6.63321e+06		578.449			00:00:12:250		6.53037e+06		154.515		98.882		0		0.541426		294.199		
00:00:12:150		1.44825e+07		-1.06446		1.38506		0		6.63897e+06		565.893			00:00:12:150		6.5373e+06		154.515		97.2306		0		0.530204		294.304		
00:00:12:050		1.4492e+07		-1.04818		1.4786		0		6.64448e+06		555.387			00:00:12:050		6.54339e+06		154.515		97.2306		0		0.530204		294.408		
00:00:11:949		1.45018e+07		-1.03183		1.56686		0		6.6498e+06		546.633			00:00:11:949		6.54884e+06		153.229		95.56		0		0.518942		294.514		
00:00:11:900		1.45067e+07		-1.0236		1.60899		0		6.65239e+06		542.833			00:00:11:900		6.55138e+06		153.229		95.56		0		0.518942		294.566		
00:00:11:650		1.45283e+07		-0.982202		1.79713		0		6.66479e+06		528.494			00:00:11:650		6.56273e+06		151.939		93.8712		0		0.507649		294.832		
00:00:11:650		1.45283e+07		-0.982202		1.79713		0		6.66479e+06		528.494			00:00:11:650		6.56273e+06		151.939		93.8712		0		0.507649		294.832		
00:00:11:550		1.45356e+07		-0.965612		1.86339		0		6.66954e+06		524.453			00:00:11:550		6.56684e+06		151.939		93.8712		0		0.507649		294.938		
00:00:11:500		1.45393e+07		-0.957374		1.89562		0		6.67188e+06		522.706			00:00:11:500		6.56884e+06		150.645		93.8712		0		0.507649		294.992		
00:00:11:349		1.45508e+07		-0.932911		1.992		0		6.67875e+06		518.303			00:00:11:349		6.57472e+06		150.645		92.1658		0		0.496329		295.154		
00:00:11:250		1.45591e+07		-0.916838		2.05344		3.46914		6.68322e+06		516.074			00:00:11:250		6.5785e+06		149.347		92.1658		0		0.496329		295.263		
00:00:11:150		1.4568e+07		-0.900979		2.11993		0		6.68763e+06		514.323			00:00:11:150		6.58218e+06		149.347		90.4451		0		0.484987		295.373		
00:00:11:050		1.45778e+07		-0.885307		2.18574		4.46457		6.69196e+06		512.954			00:00:11:050		6.58578e+06		149.347		90.4451		0		0.484987		295.484		
00:00:10:949		1.45884e+07		-0.869739		2.24314		5.96858		6.69623e+06		511.907			00:00:10:949		6.58932e+06		148.045		88.7108		0		0.473624		295.596		
00:00:10:849		1.4599e+07		-0.854187		2.29852		6.45306		6.70044e+06		511.135			00:00:10:849		6.59279e+06		148.045		88.7108		0		0.473624		295.709		
00:00:10:750		1.46096e+07		-0.838652		2.34335		0		6.70459e+06		510.591			00:00:10:750		6.59623e+06		146.74		88.7108		0		0.473624		295.823		
00:00:10:650		1.46202e+07		-0.823126		2.38527		0		6.7087e+06		510.227			00:00:10:650		6.59964e+06		146.74		86.9646		0		0.462243		295.939		
00:00:10:550		1.46307e+07		-0.807613		2.42484		0		6.71275e+06		509.997			00:00:10:550		6.60302e+06		146.74		86.9646		0		0.462243		296.056		
00:00:10:449		1.46413e+07		-0.792109		2.46227		0		6.71676e+06		509.847			00:00:10:449		6.6064e+06		145.43		85.2087		0		0.450843		296.174		
00:00:10:349		1.46518e+07		-0.776625		2.4978		0		6.72072e+06		509.678			00:00:10:349		6.6098e+06		145.43		85.2087		0		0.450843		296.293		
00:00:10:250		1.46623e+07		-0.761162		2.53145		0		6.72462e+06		509.533			00:00:10:250		6.61322e+06		144.117		85.2087		0		0.450843		296.413		
00:00:10:150		1.46728e+07		-0.745724		2.56349		0		6.72848e+06		509.485			00:00:10:150		6.61661e+06		144.117		83.4451		0		0.439427		296.535		
00:00:10:050		1.46833e+07		-0.730314		2.5938		0		6.73228e+06		509.742			00:00:10:050		6.61989e+06		144.117		83.4451		0		0.439427		296.659		
00:00:10:050		1.46833e+07		-0.730314		2.5938		0		6.73228e+06		509.742			00:00:10:050		6.61989e+06		144.117		83.4451		0		0.439427		296.659		
00:00:09:949		1.46937e+07		-0.714936		2.62146		6.16516		6.73603e+06		510.083			00:00:09:949		6.62305e+06		142.8		81.6764		0		0.427995		296.784		
00:00:09:750		1.47145e+07		-0.684284		2.67175		5.24743		6.74338e+06		510.859			00:00:09:750		6.62931e+06		141.48		81.6764		0		0.427995		297.037		
00:00:09:599		1.47301e+07		-0.661415		2.70614		0		6.74874e+06		511.521			00:00:09:599		6.63391e+06		141.48		79.9056		0		0.416548		297.228		
00:00:09:599		1.47301e+07		-0.661415		2.70614		0		6.74874e+06		511.521			00:00:09:599		6.63391e+06		141.48		79.9056		0		0.416548		297.228		
00:00:09:500		1.47404e+07		-0.646226		2.72802		0		6.75225e+06		511.971			00:00:09:500		6.63694e+06		140.159		79.9056		0		0.416548		297.357		
00:00:09:400		1.47507e+07		-0.631089		2.7488		4.2271		6.7557e+06		512.38			00:00:09:400		6.63992e+06		140.159		78.1357		0		0.405087		297.488		
00:00:09:300		1.47609e+07		-0.616004		2.76797		3.98252		6.75908e+06		512.868			00:00:09:300		6.64286e+06		140.159		78.1357		0		0.405087		297.621		
00:00:09:199		1.47712e+07		-0.600978		2.78613		3.60076		6.76239e+06		513.596			00:00:09:199		6.64565e+06		138.835		76.3697		0		0.393613		297.755		
00:00:09:099		1.47814e+07		-0.586021		2.80317		0		6.76567e+06		514.58			00:00:09:099		6.6484e+06		138.835		76.3697		0		0.393613		297.891		
00:00:09:000		1.47916e+07		-0.571131		2.81895		0		6.76889e+06		515.82			00:00:09:000		6.65106e+06		137.509		76.3697		0		0.393613		298.028		
00:00:08:800		1.48118e+07		-0.541561		2.84795		0		6.77528e+06		518.376			00:00:08:800		6.65634e+06		137.509		74.6109		0		0.382127		298.308		
00:00:08:699		1.48219e+07		-0.526885		2.86115		0		6.77854e+06		519.779			00:00:08:699		6.65898e+06		136.182		72.8644		0		0.37063		298.45		
00:00:08:699		1.48219e+07		-0.526885		2.86115		0		6.77854e+06		519.779			00:00:08:699		6.65898e+06		136.182		72.8644		0		0.37063		298.45		
00:00:08:599		1.4832e+07		-0.512296		2.87392		0		6.78182e+06		521.179			00:00:08:599		6.66163e+06		136.182		72.8644		0		0.37063		298.594		
00:00:08:500		1.4842e+07		-0.497793		2.88639		0		6.7851e+06		522.537			00:00:08:500		6.66428e+06		134.855		72.8644		0		0.37063		298.739		
00:00:08:400		1.4852e+07		-0.483385		2.89801		0		6.78835e+06		523.881			00:00:08:400		6.66692e+06		134.855		71.1354		0		0.359122		298.886		
00:00:08:300		1.4862e+07		-0.469074		2.90847		0		6.79156e+06		525.216			00:00:08:300		6.66951e+06		134.855		71.1354		0		0.359122		299.034		
00:00:08:199		1.4872e+07		-0.454862		2.91834		3.73013		6.79473e+06		526.538			00:00:08:199		6.67208e+06		133.527		69.4298		0		0.347602		299.183		
00:00:08:099		1.48819e+07		-0.440755		2.9279		3.98252		6.79786e+06		527.864			00:00:08:099		6.6746e+06		133.527		69.4298		0		0.347602		299.334		
00:00:08:000		1.48919e+07		-0.42675		2.93641		0		6.80096e+06		529.195			00:00:08:000		6.67708e+06		132.201		69.4298		0		0.347602		299.487		
00:00:07:900		1.49019e+07		-0.412849		2.94427		0		6.80402e+06		530.526			00:00:07:900		6.67952e+06		132.201		67.7535		0		0.336071		299.641		
00:00:07:799		1.49118e+07		-0.399056		2.95179		0		6.80705e+06		531.851			00:00:07:799		6.68193e+06		132.201		67.7535		0		0.336071		299.797		
00:00:07:700		1.49217e+07		-0.385379		2.95905		0		6.81003e+06		533.162			00:00:07:700		6.68429e+06		130.875		66.1125		0		0.32453		299.955		
00:00:07:599		1.49316e+07		-0.37182		2.96543		3.60076		6.81296e+06		534.459			00:00:07:599		6.68662e+06		130.875		66.1125		0		0.32453		300.115		
00:00:07:500		1.49415e+07		-0.358384		2.97125		0		6.81586e+06		535.728			00:00:07:500		6.68891e+06		129.551		66.1125		0		0.32453		300.277		
00:00:07:400		1.49514e+07		-0.345092		2.9764		0		6.8187e+06		536.94			00:00:07:400		6.69118e+06		129.551		64.5127		0		0.312979		300.44		
00:00:07:299		1.49613e+07		-0.331928		2.9801		0		6.8215e+06		538.049			00:00:07:299		6.69344e+06		129.551		64.5127		0		0.312979		300.602		
00:00:07:200		1.49712e+07		-0.318891		2.98406		0		6.82423e+06		538.964			00:00:07:200		6.69572e+06		128.231		62.9585		0		0.301418		300.766		
00:00:07:099		1.49811e+07		-0.305962		2.98774		0		6.8269e+06		539.494			00:00:07:099		6.69809e+06		128.231		62.9585		0		0.301418		300.931		
00:00:06:950		1.49961e+07		-0.286794		2.99344		0		6.83079e+06		540.026			00:00:06:950		6.70177e+06		126.915		61.4516		0		0.289846		301.184		
00:00:06:849		1.50061e+07		-0.274188		2.99557		0		6.83329e+06		540.375			00:00:06:849		6.70414e+06		126.915		61.4516		0		0.289846		301.355		
00:00:06:750		1.50162e+07		-0.261714		2.99737		0		6.83573e+06		540.715			00:00:06:750		6.70644e+06		125.604		61.4516		0		0.289846		301.527		
00:00:06:650		1.50264e+07		-0.249362		2.99917		0		6.83809e+06		541.047			00:00:06:650		6.70867e+06		125.604		59.988		0		0.278265		301.702		
00:00:06:549		1.50366e+07		-0.237127		3.00026		0		6.84039e+06		541.379			00:00:06:549		6.71084e+06		125.604		59.988		0		0.278265		301.879		
00:00:06:450		1.50469e+07		-0.225003		3.00027		0		6.84263e+06		541.705			00:00:06:450		6.71295e+06		124.299		58.5512		0		0.266675		302.058		
00:00:06:349		1.50573e+07		-0.212963		2.99981		0		6.8448e+06		542.036			00:00:06:349		6.71499e+06		124.299		58.5512		0		0.266675		302.237		
00:00:06:250		1.50678e+07		-0.201012		2.99971		0		6.84692e+06		542.371			00:00:06:250		6.71697e+06		123.001		58.5512		0		0.266675		302.419		
00:00:06:150		1.50783e+07		-0.189116		2.99773		0		6.84897e+06		542.694			00:00:06:150		6.71888e+06		123.001		57.1363		0		0.255076		302.603		
00:00:06:049		1.50884e+07		-0.177171		2.99512		0		6.85095e+06		543.008			00:00:06:049		6.72073e+06		123.001		57.1363		0		0.255076		302.788		
00:00:05:950		1.50973e+07		-0.165233		2.99236		0		6.85286e+06		543.315			00:00:05:950		6.72251e+06		121.712		55.7449		0		0.243471		302.976		
00:00:05:849		1.51059e+07		-0.153461		2.98917		0		6.8547e+06		543.609			00:00:05:849		6.72422e+06		121.712		55.7449		0		0.243471		303.166		
00:00:05:750		1.51146e+07		-0.141858		2.98564		0		6.85647e+06		543.9			00:00:05:750		6.72587e+06		120.434		55.7449		0		0.243471		303.356		
00:00:05:650		1.51234e+07		-0.130408		2.98176		0		6.85818e+06		544.168			00:00:05:650		6.72746e+06		120.434		54.3786		0		0.231858		303.546		
00:00:05:549		1.51324e+07		-0.11912		2.9767		0		6.85982e+06		544.422			00:00:05:549		6.72899e+06		120.434		54.3786		0		0.231858		303.739		
00:00:05:450		1.51416e+07		-0.107986		2.97094		0		6.8614e+06		544.67			00:00:05:450		6.73047e+06		119.168		53.0391		0		0.220239		303.933		
00:00:05:349		1.51508e+07		-0.0969791		2.96512		0		6.86293e+06		544.893			00:00:05:349		6.7319e+06		119.168		53.0391		0		0.220239		304.13		
00:00:05:250		1.51599e+07		-0.0861044		2.95878		0		6.8644e+06		545.111			00:00:05:250		6.73329e+06		117.916		53.0391		0		0.220239		304.328		
00:00:05:150		1.51691e+07		-0.075386		2.95081		0		6.86584e+06		545.333			00:00:05:150		6.73464e+06		117.916		51.728		0		0.208615		304.529		
00:00:05:150		1.51691e+07		-0.075386		2.95081		0		6.86584e+06		545.333			00:00:05:150		6.73464e+06		117.916		51.728		0		0.208615		304.529		
00:00:04:950		1.51879e+07		-0.0544491		2.93277		0		6.86862e+06		545.821			00:00:04:950		6.73721e+06		116.679		50.4474		0		0.196985		304.933		
00:00:04:950		1.51879e+07		-0.0544491		2.93277		0		6.86862e+06		545.821			00:00:04:950		6.73721e+06		116.679		50.4474		0		0.196985		304.933		
00:00:04:750		1.52067e+07		-0.0340652		2.91468		0		6.87122e+06		546.327			00:00:04:750		6.73958e+06		115.461		50.4474		0		0.196985		305.342		
00:00:04:650		1.5216e+07		-0.0240684		2.90449		0		6.87244e+06		546.551			00:00:04:650		6.74069e+06		115.461		49.199		0		0.18535		305.548		
00:00:04:650		1.5216e+07		-0.0240684		2.90449		0		6.87244e+06		546.551			00:00:04:650		6.74069e+06		115.461		49.199		0		0.18535		305.548		
00:00:04:450		1.52346e+07		-0.00449944		2.8789		0		6.87472e+06		546.973			00:00:04:450		6.74277e+06		114.264		47.9847		0		0.173711		305.959		
00:00:04:299		1.52485e+07		0.00978851		2.86371		24.6238		6.87624e+06		547.198			00:00:04:299		6.74418e+06		114.264		47.9847		0		0.173711		306.269		
00:00:04:299		1.52485e+07		0.00978851		2.86371		24.6238		6.87624e+06		547.198			00:00:04:299		6.74418e+06		114.264		47.9847		0		0.173711		306.269		
00:00:04:250		1.52531e+07		0.0144749		2.8587		30.233		6.87671e+06		547.247			00:00:04:250		6.74462e+06		113.09		47.9847		0		0.173711		306.372		
00:00:04:099		1.52669e+07		0.028275		2.83617		45.2337		6.87799e+06		547.271			00:00:04:099		6.74587e+06		113.09		46.8069		0		0.162067		306.683		
00:00:04:000		1.5276e+07		0.0372205		2.81596		54.293		6.87872e+06		547.15			00:00:04:000		6.74664e+06		111.942		46.8069		0		0.162067		306.891		
00:00:03:899		1.52851e+07		0.0459442		2.79955		62.7432		6.87934e+06		546.829			00:00:03:899		6.74739e+06		111.942		45.6676		0		0.150421		307.098		
00:00:03:750		1.52984e+07		0.0586581		2.79032		74.6876		6.88001e+06		545.767			00:00:03:750		6.74852e+06		110.822		45.6676		0		0.150421		307.406		
00:00:03:649		1.53074e+07		0.0669165		2.77887		82.4537		6.88025e+06		544.341			00:00:03:649		6.74938e+06		110.822		44.5697		0		0.138769		307.611		
00:00:03:649		1.53074e+07		0.0669165		2.77887		82.4537		6.88025e+06		544.341			00:00:03:649		6.74938e+06		110.822		44.5697		0		0.138769		307.611		
00:00:03:549		1.53212e+07		0.0789442		2.7318		93.5089		6.88015e+06		539.968			00:00:03:549		6.75123e+06		109.734		44.5697		0		0.138769		307.91		
00:00:03:399		1.53305e+07		0.0866227		2.70702		100.49		6.8797e+06		534.3			00:00:03:399		6.75332e+06		109.734		43.5171		0		0.127106		308.105		
00:00:03:299		1.53397e+07		0.0939083		2.71428		107.501		6.87888e+06		524.435			00:00:03:299		6.75686e+06		109.734		43.5171		0		0.127106		308.295		
00:00:03:200		1.53483e+07		0.100723		2.72867		114.545		6.87771e+06		514.627			00:00:03:200		6.76054e+06		108.681		42.5155		0		0.11543		308.477		
00:00:03:100		1.53558e+07		0.107127		2.70798		121.248		6.87623e+06		504.973			00:00:03:100		6.76376e+06		108.681		42.5155		0		0.11543		308.652		
00:00:03:000		1.53626e+07		0.11323		2.62337		127.729		6.87447e+06		495.565			00:00:03:000		6.76652e+06		107.666		42.5155		0		0.11543		308.817		
00:00:02:899		1.53698e+07		0.11919		2.56825		134.49		6.87248e+06		486.501			00:00:02:899		6.76883e+06		107.666		41.5754		0		0.10375		308.973		
00:00:02:700		1.53865e+07		0.130862		2.74271		150.808		6.86807e+06		470.717			00:00:02:700		6.77195e+06		106.695		40.7041		0		0.0920719		309.253		
00:00:02:700		1.53865e+07		0.130862		2.74271		150.808		6.86807e+06		470.717			00:00:02:700		6.77195e+06		106.695		40.7041		0		0.0920719		309.253		
00:00:02:600		1.5395e+07		0.136318		2.78382		163.743		6.86598e+06		465.559			00:00:02:600		6.7725e+06		106.695		40.7041		0		0.0920719		309.372		
00:00:02:500		1.54034e+07		0.141517		2.81716		187.111		6.86429e+06		464.426			00:00:02:500		6.77193e+06		105.77		40.7041		0		0.0920719		309.477		
00:00:02:399		1.54118e+07		0.146471		2.8433		227.657		6.86333e+06		471.495			00:00:02:399		6.7689e+06		105.77		39.9033		0		0.0804161		309.565		
00:00:02:299		1.54203e+07		0.151166		2.86213		275.712		6.8635e+06		494.325			00:00:02:299		6.76068e+06		105.77		39.9033		0		0.0804161		309.638		
00:00:02:200		1.54288e+07		0.155561		2.87307		322.412		6.86523e+06		543.97			00:00:02:200		6.74193e+06		104.897		39.1737		0		0.0689241		309.696		
00:00:02:100		1.54374e+07		0.159571		2.87798		364.747		6.86871e+06		628.623			00:00:02:100		6.70417e+06		104.897		39.1737		0		0.0689241		309.739		
00:00:02:000		1.5446e+07		0.163087		2.8798		401.629		6.87349e+06		710.807			00:00:02:000		6.64996e+06		104.082		39.1737		0		0.0689241		309.771		
00:00:01:899		1.54541e+07		0.166017		2.88012		432.83		6.87907e+06		752.848			00:00:01:899		6.62991e+06		104.082		38.5149		0		0.0575111		309.793		
00:00:01:800		1.54613e+07		0.168316		2.87853		458.624		6.88521e+06		788.181			00:00:01:800		6.60744e+06		104.082		38.5149		0		0.0575111		309.808		
00:00:01:699		1.54672e+07		0.170005		2.87352		479.541		6.8916e+06		812.223			00:00:01:699		6.59629e+06		103.327		37.927		0		0.0460893		309.819		
00:00:01:600		1.54715e+07		0.171161		2.86699		495.784		6.89797e+06		806.859			00:00:01:600		6.6002e+06		103.327		37.927		0		0.0460893		309.827		
00:00:01:500		1.54744e+07		0.171898		2.85851		506.563		6.9043e+06		802.391			00:00:01:500		6.61016e+06		102.637		37.927		0		0.0460893		309.834		
00:00:01:399		1.54762e+07		0.172343		2.85033		511.143		6.91058e+06		799.649			00:00:01:399		6.61891e+06		102.637		37.4107		0		0.0346321		309.838		
00:00:01:300		1.54774e+07		0.172605		2.8445		513.663		6.91673e+06		799.315			00:00:01:300		6.62603e+06		102.637		37.4107		0		0.0346321		309.841		
00:00:01:199		1.54781e+07		0.172751		2.84251		516.489		6.92255e+06		797.734			00:00:01:199		6.63278e+06		102.015		36.9674		0		0.0231407		309.843		
00:00:01:100		1.54784e+07		0.172822		2.84066		519.573		6.92816e+06		795.65			00:00:01:100		6.64027e+06		102.015		36.9674		0		0.0231407		309.844		
00:00:01:000		1.54786e+07		0.172849		2.83887		522.744		6.93478e+06		793.452			00:00:01:000		6.64861e+06		101.473		36.9674		0		0.0231407		309.845		
00:00:00:900		1.54786e+07		0.172852		2.83721		525.687		6.94146e+06		789.662			00:00:00:900		6.6579e+06		101.473		36.6009		0		0.0116047		309.846		
00:00:00:699		1.54786e+07		0.172842		2.83562		529.606		6.95376e+06		772.927			00:00:00:699		6.68125e+06		100.934		36.3831		0		0		309.846		
00:00:00:699		1.54786e+07		0.172842		2.83562		529.606		6.95376e+06		772.927			00:00:00:699		6.68125e+06		100.934		36.3831		0		0		309.846		
00:00:00:599		1.54786e+07		0.17284		2.8356		530.166		6.95875e+06		755.979			00:00:00:599		6.6971e+06		100.934		36.3831		0		0		309.846		
00:00:00:500		1.54786e+07		0.172839		2.83569		530.216		6.96245e+06		728.422			00:00:00:500		6.71808e+06		100.069		36.3831		0		0		309.846		
00:00:00:400		1.54786e+07		0.17284		2.83568		530.214		6.9645e+06		682.713			00:00:00:400		6.74796e+06		100.069		36.3834		0		0		309.846		
00:00:00:299		1.54786e+07		0.17284		2.83568		530.216		6.96485e+06		526.826			00:00:00:299		6.79563e+06		100.069		36.3834		0		0		309.846		
00:00:00:200		1.54785e+07		0.17284		2.83572		530.219		6.96484e+06		526.826			00:00:00:200		6.83116e+06		100.069		36.3837		0		0		309.846		
00:00:00:100		1.54785e+07		0.17284		2.83572		530.221		6.96484e+06		526.821			00:00:00:100		6.83116e+06		100.069		36.3837		0		0		309.846		
00:00:00:000		1.54785e+07		0.17284		2.83571		530.225		6.96483e+06		526.826			00:00:00:000		6.83115e+06		100.069		36.3837		0		0		309.846		
00:00:00:000		1.54785e+07		0.17284		2.83571		530.225		6.96483e+06		526.826			00:00:00:000		6.83115e+06		100.069		36.3837		0		0		309.846		
00:00:00:000		1.54785e+07		0.17284		2.83571		530.225		6.96483e+06		526.826			00:00:00:000		6.83115e+06		100.069		36.3837		0		0		309.846		
00:00:00:000		1.54785e+07		0.17284		2.83571		530.225		6.96483e+06		526.826			00:00:00:000		6.83115e+06		100.069		36.3837		0		0		309.846		
00:00:00:000		1.54785e+07		0.17284		2.83571		530.225		6.96483e+06		526.826			00:00:00:000		6.83115e+06		100.069		36.3837		0		0		309.846		
