	time 		rcpppzr	rcp054rcp007mnzoyout	rcv501std0102fvol	fwfrcp001gv	rcppmssga	msfsg(1)			time 		gpv001pnt10113ppntm	evf507ety101mpzoyout	chtcon(1)	chavg(1)	chlhsumpa	rcptavgn	
00:01:05:150		1.12403e+07		-5.60858		0		0		3.49233e+06		463.738			00:01:05:150		4.44572e+06		268.374		128.114		0		2.95496		272.524		
00:01:05:049		1.12444e+07		-5.60516		0		0		3.49847e+06		465.895			00:01:05:049		4.44578e+06		268.374		128.114		0		2.95496		272.549		
00:01:04:950		1.12485e+07		-5.6017		0		0		3.50322e+06		467.463			00:01:04:950		4.44583e+06		268.124		128.201		0		2.94296		272.576		
00:01:04:750		1.12564e+07		-5.5947		0		0		3.50574e+06		466.576			00:01:04:750		4.44594e+06		267.871		128.201		0		2.94296		272.631		
00:01:04:650		1.12603e+07		-5.59114		0		0		3.50813e+06		466.603			00:01:04:650		4.44599e+06		267.871		128.291		0		2.93094		272.658		
00:01:04:650		1.12603e+07		-5.59114		0		0		3.50813e+06		466.603			00:01:04:650		4.44599e+06		267.871		128.291		0		2.93094		272.658		
00:01:04:549		1.12643e+07		-5.58754		0		0		3.51065e+06		466.072			00:01:04:549		4.44604e+06		267.871		128.291		0		2.93094		272.684		
00:01:04:450		1.12682e+07		-5.58391		0		0		3.51401e+06		466.36			00:01:04:450		4.4461e+06		267.619		128.384		0		2.9189		272.708		
00:01:04:349		1.12722e+07		-5.58023		0		0		3.51916e+06		467.226			00:01:04:349		4.44615e+06		267.619		128.384		0		2.9189		272.73		
00:01:04:349		1.12722e+07		-5.58023		0		0		3.51916e+06		467.226			00:01:04:349		4.44615e+06		267.619		128.384		0		2.9189		272.73		
00:01:04:150		1.12804e+07		-5.57276		0		0		3.52841e+06		468.031			00:01:04:150		4.44626e+06		267.365		128.481		0		2.90683		272.774		
00:01:04:150		1.12804e+07		-5.57276		0		0		3.52841e+06		468.031			00:01:04:150		4.44626e+06		267.365		128.481		0		2.90683		272.774		
00:01:03:950		1.12888e+07		-5.56513		0		0		3.53865e+06		469.037			00:01:03:950		4.44637e+06		267.112		128.582		0		2.89475		272.818		
00:01:03:750		1.12972e+07		-5.55737		0		0		3.55131e+06		472.999			00:01:03:750		4.44648e+06		266.857		128.582		0		2.89475		272.865		
00:01:03:750		1.12972e+07		-5.55737		0		0		3.55131e+06		472.999			00:01:03:750		4.44648e+06		266.857		128.582		0		2.89475		272.865		
00:01:03:649		1.13014e+07		-5.55343		0		0		3.55622e+06		474.591			00:01:03:649		4.44653e+06		266.857		128.686		0		2.88265		272.892		
00:01:03:549		1.13055e+07		-5.54946		0		0		3.55768e+06		473.989			00:01:03:549		4.44658e+06		266.857		128.686		0		2.88265		272.919		
00:01:03:450		1.13096e+07		-5.54546		0		0		3.55832e+06		473.544			00:01:03:450		4.44664e+06		266.601		128.794		0		2.87054		272.946		
00:01:03:350		1.13137e+07		-5.54141		0		0		3.56058e+06		473.325			00:01:03:350		4.44669e+06		266.601		128.794		0		2.87054		272.972		
00:01:03:250		1.13177e+07		-5.53732		0		0		3.56304e+06		472.681			00:01:03:250		4.44675e+06		266.345		128.794		0		2.87054		272.997		
00:01:03:149		1.13219e+07		-5.53319		0		0		3.56705e+06		473.357			00:01:03:149		4.4468e+06		266.345		128.906		0		2.85841		273.019		
00:01:03:049		1.1326e+07		-5.52901		0		0		3.57254e+06		474.261			00:01:03:049		4.44685e+06		266.345		128.906		0		2.85841		273.041		
00:01:03:049		1.1326e+07		-5.52901		0		0		3.57254e+06		474.261			00:01:03:049		4.44685e+06		266.345		128.906		0		2.85841		273.041		
00:01:02:899		1.13324e+07		-5.52267		0		0		3.57959e+06		474.952			00:01:02:899		4.44693e+06		266.088		129.023		0		2.84626		273.073		
00:01:02:700		1.1341e+07		-5.51405		0		0		3.58943e+06		475.854			00:01:02:700		4.44703e+06		265.83		129.143		0		2.83408		273.115		
00:01:02:700		1.1341e+07		-5.51405		0		0		3.58943e+06		475.854			00:01:02:700		4.44703e+06		265.83		129.143		0		2.83408		273.115		
00:01:02:600		1.13453e+07		-5.50968		0		0		3.59533e+06		477.325			00:01:02:600		4.44709e+06		265.83		129.143		0		2.83408		273.138		
00:01:02:500		1.13496e+07		-5.50528		0		0		3.60171e+06		479.793			00:01:02:500		4.44714e+06		265.572		129.143		0		2.83408		273.163		
00:01:02:399		1.13538e+07		-5.50083		0		0		3.60645e+06		481.261			00:01:02:399		4.44719e+06		265.572		129.269		0		2.8219		273.189		
00:01:02:299		1.1358e+07		-5.49635		0		0		3.60761e+06		480.492			00:01:02:299		4.44724e+06		265.572		129.269		0		2.8219		273.215		
00:01:02:200		1.13622e+07		-5.49181		0		0		3.60841e+06		480.189			00:01:02:200		4.44729e+06		265.312		129.398		0		2.8097		273.242		
00:01:02:100		1.13664e+07		-5.48724		0		0		3.61068e+06		479.865			00:01:02:100		4.44735e+06		265.312		129.398		0		2.8097		273.267		
00:01:02:000		1.13705e+07		-5.48261		0		0		3.61312e+06		479.228			00:01:02:000		4.4474e+06		265.052		129.398		0		2.8097		273.291		
00:01:01:899		1.13748e+07		-5.47793		0		0		3.61742e+06		480.066			00:01:01:899		4.44745e+06		265.052		129.533		0		2.79748		273.312		
00:01:01:799		1.13791e+07		-5.47319		0		0		3.62285e+06		480.865			00:01:01:799		4.4475e+06		265.052		129.533		0		2.79748		273.334		
00:01:01:700		1.13834e+07		-5.46841		0		0		3.62754e+06		481.294			00:01:01:700		4.44755e+06		264.791		129.673		0		2.78524		273.355		
00:01:01:600		1.13878e+07		-5.46357		0		0		3.63225e+06		481.59			00:01:01:600		4.44761e+06		264.791		129.673		0		2.78524		273.375		
00:01:01:500		1.13922e+07		-5.45868		0		0		3.63732e+06		482.09			00:01:01:500		4.44766e+06		264.53		129.673		0		2.78524		273.396		
00:01:01:399		1.13966e+07		-5.45374		0		0		3.64327e+06		483.49			00:01:01:399		4.44771e+06		264.53		129.817		0		2.77298		273.418		
00:01:01:299		1.1401e+07		-5.44876		0		0		3.64977e+06		485.949			00:01:01:299		4.44776e+06		264.53		129.817		0		2.77298		273.442		
00:01:01:200		1.14053e+07		-5.44372		0		0		3.65497e+06		487.849			00:01:01:200		4.44781e+06		264.269		129.968		0		2.76071		273.468		
00:01:01:100		1.14097e+07		-5.43861		0		0		3.65644e+06		487.176			00:01:01:100		4.44787e+06		264.269		129.968		0		2.76071		273.494		
00:01:01:000		1.14139e+07		-5.43343		0		0		3.65681e+06		486.692			00:01:01:000		4.44792e+06		264.008		129.968		0		2.76071		273.52		
00:01:00:899		1.14182e+07		-5.42819		0		0		3.6588e+06		486.297			00:01:00:899		4.44797e+06		264.008		130.123		0		2.74843		273.546		
00:01:00:700		1.14269e+07		-5.41752		0		0		3.6652e+06		486.322			00:01:00:700		4.44807e+06		263.745		130.284		0		2.73612		273.591		
00:01:00:700		1.14269e+07		-5.41752		0		0		3.6652e+06		486.322			00:01:00:700		4.44807e+06		263.745		130.284		0		2.73612		273.591		
00:01:00:600		1.14313e+07		-5.41209		0		0		3.67074e+06		487.192			00:01:00:600		4.44813e+06		263.745		130.284		0		2.73612		273.611		
00:01:00:500		1.14357e+07		-5.4066		0		0		3.67549e+06		487.615			00:01:00:500		4.44818e+06		263.481		130.451		0		2.72379		273.632		
00:01:00:350		1.14425e+07		-5.39826		0		0		3.68267e+06		488.082			00:01:00:350		4.44826e+06		263.481		130.451		0		2.72379		273.664		
00:01:00:299		1.14471e+07		-5.39263		0		0		3.68823e+06		489.105			00:01:00:299		4.44831e+06		263.218		130.451		0		2.72379		273.685		
00:01:00:149		1.14516e+07		-5.38699		0		0		3.69475e+06		491.411			00:01:00:149		4.44836e+06		263.218		130.624		0		2.71144		273.709		
00:01:00:049		1.14561e+07		-5.38133		0		0		3.7007e+06		493.834			00:01:00:049		4.44841e+06		263.218		130.624		0		2.71144		273.735		
00:01:00:000		1.14584e+07		-5.37851		0		0		3.70253e+06		494.164			00:01:00:000		4.44844e+06		262.954		130.624		0		2.71144		273.749		
00:00:59:899		1.14628e+07		-5.37285		0		0		3.70312e+06		493.234			00:00:59:899		4.44849e+06		262.954		130.804		0		2.69909		273.775		
00:00:59:799		1.14673e+07		-5.36718		0		0		3.70382e+06		492.929			00:00:59:799		4.44854e+06		262.954		130.804		0		2.69909		273.802		
00:00:59:700		1.14717e+07		-5.36149		0		0		3.70572e+06		492.28			00:00:59:700		4.44859e+06		262.688		130.989		0		2.68672		273.828		
00:00:59:600		1.14762e+07		-5.35577		0		0		3.70804e+06		491.702			00:00:59:600		4.44865e+06		262.688		130.989		0		2.68672		273.853		
00:00:59:500		1.14807e+07		-5.35002		0		0		3.71275e+06		492.742			00:00:59:500		4.4487e+06		262.423		130.989		0		2.68672		273.874		
00:00:59:399		1.14853e+07		-5.34423		0		0		3.71811e+06		493.441			00:00:59:399		4.44875e+06		262.423		131.182		0		2.67432		273.897		
00:00:59:299		1.14899e+07		-5.33842		0		0		3.72272e+06		493.787			00:00:59:299		4.4488e+06		262.423		131.182		0		2.67432		273.92		
00:00:59:200		1.14946e+07		-5.33259		0		0		3.72743e+06		494.023			00:00:59:200		4.44885e+06		262.156		131.381		0		2.66191		273.942		
00:00:59:100		1.14993e+07		-5.32675		0		0		3.73274e+06		494.756			00:00:59:100		4.44891e+06		262.156		131.381		0		2.66191		273.966		
00:00:59:000		1.1504e+07		-5.32092		0		0		3.73921e+06		496.975			00:00:59:000		4.44896e+06		261.89		131.381		0		2.66191		273.991		
00:00:58:950		1.15063e+07		-5.31801		0		0		3.74266e+06		498.49			00:00:58:950		4.44898e+06		261.89		131.588		0		2.64948		274.005		
00:00:58:750		1.15155e+07		-5.30636		0		0		3.74878e+06		499.484			00:00:58:750		4.44909e+06		261.624		131.588		0		2.64948		274.065		
00:00:58:750		1.15155e+07		-5.30636		0		0		3.74878e+06		499.484			00:00:58:750		4.44909e+06		261.624		131.588		0		2.64948		274.065		
00:00:58:649		1.15201e+07		-5.30054		0		0		3.74895e+06		499.043			00:00:58:649		4.44914e+06		261.624		131.802		0		2.63704		274.095		
00:00:58:549		1.15245e+07		-5.29467		0		0		3.75064e+06		498.383			00:00:58:549		4.44919e+06		261.624		131.802		0		2.63704		274.125		
00:00:58:450		1.15291e+07		-5.28875		0		0		3.75261e+06		497.578			00:00:58:450		4.44924e+06		261.357		132.024		0		2.62458		274.153		
00:00:58:299		1.15361e+07		-5.27975		0		0		3.75995e+06		499.039			00:00:58:299		4.44932e+06		261.357		132.024		0		2.62458		274.191		
00:00:58:200		1.15409e+07		-5.2737		0		0		3.76493e+06		499.536			00:00:58:200		4.44937e+06		261.09		132.253		0		2.6121		274.218		
00:00:58:100		1.15457e+07		-5.2676		0		0		3.76953e+06		499.798			00:00:58:100		4.44943e+06		261.09		132.253		0		2.6121		274.245		
00:00:58:000		1.15506e+07		-5.26146		0		0		3.7744e+06		500.065			00:00:58:000		4.44948e+06		260.822		132.253		0		2.6121		274.272		
00:00:57:899		1.15555e+07		-5.25531		0		0		3.78021e+06		501.4			00:00:57:899		4.44953e+06		260.822		132.49		0		2.5996		274.301		
00:00:57:799		1.15604e+07		-5.24916		0		0		3.78723e+06		504.414			00:00:57:799		4.44958e+06		260.822		132.49		0		2.5996		274.333		
00:00:57:700		1.15653e+07		-5.24301		0		0		3.79269e+06		506.397			00:00:57:700		4.44963e+06		260.554		132.736		0		2.58709		274.367		
00:00:57:600		1.15701e+07		-5.23685		0		0		3.79343e+06		505.47			00:00:57:600		4.44969e+06		260.554		132.736		0		2.58709		274.402		
00:00:57:500		1.15749e+07		-5.23067		0		0		3.79342e+06		504.989			00:00:57:500		4.44974e+06		260.287		132.736		0		2.58709		274.437		
00:00:57:399		1.15797e+07		-5.22447		0		0		3.79496e+06		504.231			00:00:57:399		4.44979e+06		260.287		132.989		0		2.57457		274.472		
00:00:57:299		1.15846e+07		-5.21821		0		0		3.7968e+06		503.388			00:00:57:299		4.44984e+06		260.287		132.989		0		2.57457		274.504		
00:00:57:200		1.15895e+07		-5.2119		0		0		3.80137e+06		504.433			00:00:57:200		4.44989e+06		260.02		133.252		0		2.56203		274.534		
00:00:57:100		1.15944e+07		-5.20554		0		0		3.80685e+06		505.134			00:00:57:100		4.44995e+06		260.02		133.252		0		2.56203		274.566		
00:00:57:000		1.15994e+07		-5.19914		0		0		3.81144e+06		505.413			00:00:57:000		4.45e+06		259.752		133.252		0		2.56203		274.597		
00:00:56:799		1.16096e+07		-5.18627		0		0		3.822e+06		507.153			00:00:56:799		4.4501e+06		259.752		133.523		0		2.54946		274.662		
00:00:56:700		1.16146e+07		-5.17983		0		0		3.829e+06		510.302			00:00:56:700		4.45015e+06		259.483		133.803		0		2.53688		274.698		
00:00:56:700		1.16146e+07		-5.17983		0		0		3.829e+06		510.302			00:00:56:700		4.45015e+06		259.483		133.803		0		2.53688		274.698		
00:00:56:600		1.16196e+07		-5.1734		0		0		3.83392e+06		511.881			00:00:56:600		4.45021e+06		259.483		133.803		0		2.53688		274.735		
00:00:56:600		1.16196e+07		-5.1734		0		0		3.83392e+06		511.881			00:00:56:600		4.45021e+06		259.483		133.803		0		2.53688		274.735		
00:00:56:500		1.16246e+07		-5.16696		0		0		3.83405e+06		510.804			00:00:56:500		4.45026e+06		259.214		133.803		0		2.53688		274.773		
00:00:56:399		1.16296e+07		-5.1605		0		0		3.83426e+06		510.322			00:00:56:399		4.45031e+06		259.214		134.093		0		2.52429		274.81		
00:00:56:200		1.16396e+07		-5.14747		0		0		3.83792e+06		508.875			00:00:56:200		4.45041e+06		258.947		134.391		0		2.51168		274.879		
00:00:56:200		1.16396e+07		-5.14747		0		0		3.83792e+06		508.875			00:00:56:200		4.45041e+06		258.947		134.391		0		2.51168		274.879		
00:00:56:100		1.16447e+07		-5.14089		0		0		3.84317e+06		509.953			00:00:56:100		4.45047e+06		258.947		134.391		0		2.51168		274.909		
00:00:55:950		1.16524e+07		-5.13095		0		0		3.85066e+06		510.531			00:00:55:950		4.45054e+06		258.679		134.699		0		2.49905		274.957		
00:00:55:750		1.16628e+07		-5.11767		0		0		3.86241e+06		514.428			00:00:55:750		4.45065e+06		258.411		134.699		0		2.49905		275.025		
00:00:55:649		1.16679e+07		-5.11104		0		0		3.86757e+06		516.286			00:00:55:649		4.4507e+06		258.411		135.017		0		2.48641		275.062		
00:00:55:649		1.16679e+07		-5.11104		0		0		3.86757e+06		516.286			00:00:55:649		4.4507e+06		258.411		135.017		0		2.48641		275.062		
00:00:55:549		1.1673e+07		-5.1044		0		0		3.86835e+06		515.529			00:00:55:549		4.45075e+06		258.411		135.017		0		2.48641		275.099		
00:00:55:450		1.16781e+07		-5.09776		0		0		3.86853e+06		515.214			00:00:55:450		4.4508e+06		258.143		135.344		0		2.47376		275.135		
00:00:55:350		1.16832e+07		-5.09109		0		0		3.8698e+06		514.357			00:00:55:350		4.45086e+06		258.143		135.344		0		2.47376		275.171		
00:00:55:250		1.16883e+07		-5.08438		0		0		3.87121e+06		513.296			00:00:55:250		4.45091e+06		257.875		135.344		0		2.47376		275.204		
00:00:55:149		1.16934e+07		-5.07761		0		0		3.87552e+06		514.251			00:00:55:149		4.45096e+06		257.875		135.681		0		2.46109		275.233		
00:00:55:049		1.16986e+07		-5.0708		0		0		3.88096e+06		514.828			00:00:55:049		4.45101e+06		257.875		135.681		0		2.46109		275.263		
00:00:54:950		1.17039e+07		-5.06396		0		0		3.88562e+06		515.072			00:00:54:950		4.45106e+06		257.606		136.028		0		2.4484		275.294		
00:00:54:750		1.17144e+07		-5.05027		0		0		3.89781e+06		519.547			00:00:54:750		4.45117e+06		257.338		136.028		0		2.4484		275.36		
00:00:54:750		1.17144e+07		-5.05027		0		0		3.89781e+06		519.547			00:00:54:750		4.45117e+06		257.338		136.028		0		2.4484		275.36		
00:00:54:649		1.17196e+07		-5.04343		0		0		3.90283e+06		521.158			00:00:54:649		4.45122e+06		257.338		136.386		0		2.4357		275.395		
00:00:54:500		1.17274e+07		-5.03317		0		0		3.90233e+06		519.581			00:00:54:500		4.4513e+06		257.072		136.386		0		2.4357		275.447		
00:00:54:500		1.17274e+07		-5.03317		0		0		3.90233e+06		519.581			00:00:54:500		4.4513e+06		257.072		136.386		0		2.4357		275.447		
00:00:54:399		1.17326e+07		-5.0263		0		0		3.90329e+06		518.601			00:00:54:399		4.45135e+06		257.072		136.753		0		2.42299		275.481		
00:00:54:299		1.17378e+07		-5.0194		0		0		3.90492e+06		517.565			00:00:54:299		4.4514e+06		257.072		136.753		0		2.42299		275.512		
00:00:54:200		1.1743e+07		-5.01247		0		0		3.90951e+06		518.454			00:00:54:200		4.45145e+06		256.809		137.132		0		2.41025		275.54		
00:00:54:100		1.17483e+07		-5.00553		0		0		3.91537e+06		519.308			00:00:54:100		4.45151e+06		256.809		137.132		0		2.41025		275.57		
00:00:53:950		1.17562e+07		-4.99517		0		0		3.92412e+06		522.445			00:00:53:950		4.45158e+06		256.549		137.518		0		2.3975		275.62		
00:00:53:750		1.17667e+07		-4.98143		0		0		3.93029e+06		523.492			00:00:53:750		4.45169e+06		256.289		137.518		0		2.3975		275.69		
00:00:53:750		1.17667e+07		-4.98143		0		0		3.93029e+06		523.492			00:00:53:750		4.45169e+06		256.289		137.518		0		2.3975		275.69		
00:00:53:649		1.17719e+07		-4.97458		0		0		3.93081e+06		523.099			00:00:53:649		4.45174e+06		256.289		137.911		0		2.38474		275.724		
00:00:53:549		1.17771e+07		-4.96772		0		0		3.93232e+06		522.021			00:00:53:549		4.45179e+06		256.289		137.911		0		2.38474		275.758		
00:00:53:450		1.17823e+07		-4.96085		0		0		3.93452e+06		521.389			00:00:53:450		4.45184e+06		256.028		138.311		0		2.37196		275.79		
00:00:53:350		1.17876e+07		-4.95396		0		0		3.93994e+06		522.543			00:00:53:350		4.4519e+06		256.028		138.311		0		2.37196		275.819		
00:00:53:250		1.17928e+07		-4.94708		0		0		3.94576e+06		523.609			00:00:53:250		4.45195e+06		255.768		138.311		0		2.37196		275.852		
00:00:53:149		1.17981e+07		-4.94022		0		0		3.95163e+06		525.868			00:00:53:149		4.452e+06		255.768		138.719		0		2.35916		275.887		
00:00:53:049		1.18033e+07		-4.93336		0		0		3.95688e+06		527.772			00:00:53:049		4.45205e+06		255.768		138.719		0		2.35916		275.924		
00:00:52:950		1.18084e+07		-4.92652		0		0		3.95828e+06		527.014			00:00:52:950		4.4521e+06		255.507		139.133		0		2.34636		275.961		
00:00:52:750		1.18187e+07		-4.91281		0		0		3.9608e+06		525.468			00:00:52:750		4.45221e+06		255.246		139.133		0		2.34636		276.032		
00:00:52:750		1.18187e+07		-4.91281		0		0		3.9608e+06		525.468			00:00:52:750		4.45221e+06		255.246		139.133		0		2.34636		276.032		
00:00:52:649		1.18239e+07		-4.90593		0		0		3.96364e+06		525.184			00:00:52:649		4.45226e+06		255.246		139.554		0		2.33353		276.067		
00:00:52:549		1.18291e+07		-4.89903		0		0		3.96965e+06		526.848			00:00:52:549		4.45231e+06		255.246		139.554		0		2.33353		276.101		
00:00:52:450		1.18343e+07		-4.89215		0		0		3.97595e+06		528.947			00:00:52:450		4.45236e+06		254.982		139.982		0		2.32069		276.138		
00:00:52:350		1.18394e+07		-4.88527		0		0		3.98093e+06		530.569			00:00:52:350		4.45242e+06		254.982		139.982		0		2.32069		276.177		
00:00:52:250		1.18445e+07		-4.8784		0		0		3.98281e+06		530.129			00:00:52:250		4.45247e+06		254.716		139.982		0		2.32069		276.215		
00:00:52:149		1.18497e+07		-4.87151		0		0		3.98401e+06		529.747			00:00:52:149		4.45252e+06		254.716		140.419		0		2.30783		276.254		
00:00:52:049		1.18548e+07		-4.86461		0		0		3.98605e+06		528.757			00:00:52:049		4.45257e+06		254.716		140.419		0		2.30783		276.291		
00:00:51:899		1.18625e+07		-4.85423		0		0		3.99167e+06		529.206			00:00:51:899		4.45265e+06		254.446		140.863		0		2.29496		276.345		
00:00:51:799		1.18677e+07		-4.8473		0		0		3.99874e+06		531.615			00:00:51:799		4.4527e+06		254.446		140.863		0		2.29496		276.383		
00:00:51:700		1.18728e+07		-4.84038		0		0		4.00441e+06		533.545			00:00:51:700		4.45275e+06		254.17		141.315		0		2.28207		276.423		
00:00:51:600		1.1878e+07		-4.83347		0		0		4.00709e+06		533.459			00:00:51:600		4.45281e+06		254.17		141.315		0		2.28207		276.462		
00:00:51:500		1.18831e+07		-4.82655		0		0		4.00818e+06		533.059			00:00:51:500		4.45286e+06		253.884		141.315		0		2.28207		276.501		
00:00:51:399		1.18882e+07		-4.81961		0		0		4.01042e+06		532.65			00:00:51:399		4.45291e+06		253.884		141.777		0		2.26916		276.54		
00:00:51:299		1.18933e+07		-4.81264		0		0		4.01281e+06		531.569			00:00:51:299		4.45296e+06		253.884		141.777		0		2.26916		276.578		
00:00:51:200		1.18984e+07		-4.80566		0		0		4.01745e+06		532.59			00:00:51:200		4.45301e+06		253.581		142.25		0		2.25624		276.614		
00:00:51:100		1.19036e+07		-4.79867		0		0		4.02455e+06		534.926			00:00:51:100		4.45307e+06		253.581		142.25		0		2.25624		276.651		
00:00:51:000		1.19088e+07		-4.79168		0		0		4.03027e+06		536.826			00:00:51:000		4.45312e+06		253.25		142.25		0		2.25624		276.691		
00:00:50:899		1.19139e+07		-4.78468		0		0		4.03311e+06		536.656			00:00:50:899		4.45317e+06		253.25		142.735		0		2.2433		276.73		
00:00:50:700		1.19242e+07		-4.77065		0		0		4.03716e+06		536.065			00:00:50:700		4.45327e+06		252.866		143.235		0		2.23034		276.807		
00:00:50:700		1.19242e+07		-4.77065		0		0		4.03716e+06		536.065			00:00:50:700		4.45327e+06		252.866		143.235		0		2.23034		276.807		
00:00:50:600		1.19293e+07		-4.76362		0		0		4.04034e+06		535.93			00:00:50:600		4.45333e+06		252.866		143.235		0		2.23034		276.845		
00:00:50:500		1.19345e+07		-4.75658		0		0		4.04535e+06		537.539			00:00:50:500		4.45338e+06		252.844		143.235		0		2.23034		276.883		
00:00:50:399		1.19397e+07		-4.74954		0		0		4.05077e+06		539.025			00:00:50:399		4.45343e+06		252.844		143.738		0		2.21737		276.921		
00:00:50:299		1.19448e+07		-4.74248		0		0		4.05398e+06		539.18			00:00:50:299		4.45348e+06		252.844		143.738		0		2.21737		276.96		
00:00:50:200		1.195e+07		-4.73542		0		0		4.05618e+06		538.956			00:00:50:200		4.45353e+06		252.823		144.244		0		2.20439		276.999		
00:00:50:100		1.19551e+07		-4.72836		0		0		4.05927e+06		539.21			00:00:50:100		4.45359e+06		252.823		144.244		0		2.20439		277.037		
00:00:50:000		1.19603e+07		-4.72129		0		0		4.0631e+06		539.838			00:00:50:000		4.45364e+06		252.804		144.244		0		2.20439		277.076		
00:00:50:000		1.19603e+07		-4.72129		0		0		4.0631e+06		539.838			00:00:50:000		4.45364e+06		252.804		144.244		0		2.20439		277.076		
00:00:49:899		1.19654e+07		-4.71421		0		0		4.06718e+06		540.646			00:00:49:899		4.45369e+06		252.804		144.752		0		2.19139		277.114		
00:00:49:700		1.19758e+07		-4.70004		0		0		4.07409e+06		541.39			00:00:49:700		4.45379e+06		252.786		145.262		0		2.17837		277.191		
00:00:49:600		1.19809e+07		-4.69295		0		0		4.07744e+06		541.728			00:00:49:600		4.45385e+06		252.786		145.262		0		2.17837		277.23		
00:00:49:500		1.19861e+07		-4.68585		0		0		4.08112e+06		542.244			00:00:49:500		4.4539e+06		252.77		145.262		0		2.17837		277.269		
00:00:49:399		1.19913e+07		-4.67875		0		0		4.08497e+06		542.888			00:00:49:399		4.45395e+06		252.77		145.775		0		2.16534		277.307		
00:00:49:299		1.19964e+07		-4.67165		0		0		4.08871e+06		543.449			00:00:49:299		4.454e+06		252.77		145.775		0		2.16534		277.346		
00:00:49:200		1.20016e+07		-4.66456		0		0		4.09217e+06		543.823			00:00:49:200		4.45405e+06		252.755		146.29		0		2.15229		277.384		
00:00:49:100		1.20069e+07		-4.65748		0		0		4.09555e+06		544.141			00:00:49:100		4.45411e+06		252.755		146.29		0		2.15229		277.423		
00:00:49:000		1.2012e+07		-4.65042		0		0		4.09914e+06		544.588			00:00:49:000		4.45416e+06		252.742		146.29		0		2.15229		277.461		
00:00:48:899		1.20172e+07		-4.64341		0		0		4.10296e+06		545.195			00:00:48:899		4.45421e+06		252.742		146.807		0		2.13923		277.5		
00:00:48:899		1.20172e+07		-4.64341		0		0		4.10296e+06		545.195			00:00:48:899		4.45421e+06		252.742		146.807		0		2.13923		277.5		
00:00:48:700		1.20273e+07		-4.62953		0		0		4.11038e+06		546.239			00:00:48:700		4.45431e+06		252.73		147.326		0		2.12615		277.577		
00:00:48:700		1.20273e+07		-4.62953		0		0		4.11038e+06		546.239			00:00:48:700		4.45431e+06		252.73		147.326		0		2.12615		277.577		
00:00:48:549		1.20347e+07		-4.61913		0		0		4.11555e+06		546.757			00:00:48:549		4.45439e+06		252.73		147.326		0		2.12615		277.634		
00:00:48:450		1.20397e+07		-4.61219		0		0		4.11922e+06		547.24			00:00:48:450		4.45444e+06		252.719		147.846		0		2.11306		277.673		
00:00:48:350		1.20446e+07		-4.60525		0		0		4.12308e+06		547.854			00:00:48:350		4.4545e+06		252.719		147.846		0		2.11306		277.711		
00:00:48:200		1.20471e+07		-4.60177		0		0		4.12501e+06		548.161			00:00:48:200		4.45452e+06		252.719		147.846		0		2.11306		277.73		
00:00:48:200		1.20521e+07		-4.59483		0		0		4.12872e+06		548.67			00:00:48:200		4.45457e+06		252.71		148.367		0		2.09995		277.769		
00:00:48:100		1.2057e+07		-4.58788		0		0		4.13223e+06		549.038			00:00:48:100		4.45463e+06		252.71		148.367		0		2.09995		277.807		
00:00:48:000		1.2062e+07		-4.58093		0		0		4.13575e+06		549.411			00:00:48:000		4.45468e+06		252.702		148.367		0		2.09995		277.845		
00:00:47:899		1.20669e+07		-4.57398		0		0		4.13949e+06		549.914			00:00:47:899		4.45473e+06		252.702		148.889		0		2.08683		277.883		
00:00:47:649		1.20793e+07		-4.55658		0		0		4.14902e+06		551.245			00:00:47:649		4.45486e+06		252.695		149.412		0		2.07369		277.979		
00:00:47:649		1.20793e+07		-4.55658		0		0		4.14902e+06		551.245			00:00:47:649		4.45486e+06		252.695		149.412		0		2.07369		277.979		
00:00:47:549		1.20842e+07		-4.54962		0		0		4.15256e+06		551.615			00:00:47:549		4.45491e+06		252.695		149.412		0		2.07369		278.017		
00:00:47:450		1.20892e+07		-4.54265		0		0		4.15615e+06		552.015			00:00:47:450		4.45496e+06		252.688		149.936		0		2.06054		278.055		
00:00:47:350		1.20941e+07		-4.53568		0		0		4.15995e+06		552.551			00:00:47:350		4.45502e+06		252.688		149.936		0		2.06054		278.093		
00:00:47:250		1.20991e+07		-4.52871		0		0		4.16388e+06		553.17			00:00:47:250		4.45507e+06		252.68		149.936		0		2.06054		278.131		
00:00:47:149		1.2104e+07		-4.52173		0		0		4.1677e+06		553.712			00:00:47:149		4.45512e+06		252.68		150.459		0		2.04739		278.17		
00:00:47:049		1.21089e+07		-4.51474		0		0		4.17132e+06		554.116			00:00:47:049		4.45517e+06		252.68		150.459		0		2.04739		278.207		
00:00:46:950		1.21139e+07		-4.50775		0		0		4.17491e+06		554.497			00:00:46:950		4.45522e+06		252.672		150.983		0		2.03424		278.245		
00:00:46:750		1.21238e+07		-4.49376		0		0		4.18263e+06		555.598			00:00:46:750		4.45533e+06		252.664		150.983		0		2.03424		278.321		
00:00:46:649		1.21287e+07		-4.48676		0		0		4.18654e+06		556.183			00:00:46:649		4.45538e+06		252.664		151.506		0		2.02108		278.359		
00:00:46:649		1.21287e+07		-4.48676		0		0		4.18654e+06		556.183			00:00:46:649		4.45538e+06		252.664		151.506		0		2.02108		278.359		
00:00:46:549		1.21336e+07		-4.47975		0		0		4.19027e+06		556.634			00:00:46:549		4.45543e+06		252.664		151.506		0		2.02108		278.397		
00:00:46:450		1.21385e+07		-4.47274		0		0		4.1939e+06		557.013			00:00:46:450		4.45548e+06		252.654		152.029		0		2.00792		278.434		
00:00:46:250		1.21483e+07		-4.45871		0		0		4.2016e+06		558.054			00:00:46:250		4.45559e+06		252.644		152.029		0		2.00792		278.509		
00:00:46:250		1.21483e+07		-4.45871		0		0		4.2016e+06		558.054			00:00:46:250		4.45559e+06		252.644		152.029		0		2.00792		278.509		
00:00:46:149		1.21532e+07		-4.45171		0		0		4.2056e+06		558.673			00:00:46:149		4.45564e+06		252.644		152.551		0		1.99475		278.547		
00:00:46:049		1.21581e+07		-4.44471		0		0		4.20943e+06		559.178			00:00:46:049		4.45569e+06		252.644		152.551		0		1.99475		278.585		
00:00:45:950		1.21629e+07		-4.4377		0		0		4.21311e+06		559.57			00:00:45:950		4.45574e+06		252.633		153.072		0		1.98159		278.622		
00:00:45:750		1.21725e+07		-4.42371		0		0		4.22077e+06		560.552			00:00:45:750		4.45585e+06		252.621		153.072		0		1.98159		278.697		
00:00:45:649		1.21773e+07		-4.41672		0		0		4.22482e+06		561.189			00:00:45:649		4.4559e+06		252.621		153.592		0		1.96842		278.734		
00:00:45:649		1.21773e+07		-4.41672		0		0		4.22482e+06		561.189			00:00:45:649		4.4559e+06		252.621		153.592		0		1.96842		278.734		
00:00:45:549		1.21821e+07		-4.40973		0		0		4.22874e+06		561.74			00:00:45:549		4.45595e+06		252.621		153.592		0		1.96842		278.772		
00:00:45:450		1.21869e+07		-4.40273		0		0		4.23247e+06		562.153			00:00:45:450		4.456e+06		252.608		154.11		0		1.95524		278.809		
00:00:45:350		1.21917e+07		-4.39574		0		0		4.23618e+06		562.549			00:00:45:350		4.45605e+06		252.608		154.11		0		1.95524		278.846		
00:00:45:250		1.21965e+07		-4.38874		0		0		4.24008e+06		563.066			00:00:45:250		4.4561e+06		252.594		154.11		0		1.95524		278.883		
00:00:45:149		1.22013e+07		-4.38173		0		0		4.24415e+06		563.7			00:00:45:149		4.45615e+06		252.594		154.626		0		1.94207		278.921		
00:00:45:049		1.22061e+07		-4.37472		0		0		4.24817e+06		564.295			00:00:45:049		4.4562e+06		252.594		154.626		0		1.94207		278.958		
00:00:44:950		1.22109e+07		-4.3677		0		0		4.25198e+06		564.739			00:00:44:950		4.45625e+06		252.578		155.14		0		1.92889		278.995		
00:00:44:799		1.2218e+07		-4.35715		0		0		4.25761e+06		565.339			00:00:44:799		4.45632e+06		252.578		155.14		0		1.92889		279.05		
00:00:44:700		1.22228e+07		-4.35009		0		0		4.26162e+06		565.899			00:00:44:700		4.45637e+06		252.56		155.651		0		1.91572		279.087		
00:00:44:600		1.22276e+07		-4.34301		0		0		4.26576e+06		566.556			00:00:44:600		4.45642e+06		252.56		155.651		0		1.91572		279.125		
00:00:44:500		1.22324e+07		-4.33592		0		0		4.2698e+06		567.129			00:00:44:500		4.45647e+06		252.541		155.651		0		1.91572		279.162		
00:00:44:399		1.22372e+07		-4.32881		0		0		4.27361e+06		567.54			00:00:44:399		4.45652e+06		252.541		156.159		0		1.90254		279.199		
00:00:44:299		1.22419e+07		-4.32168		0		0		4.2774e+06		567.927			00:00:44:299		4.45657e+06		252.541		156.159		0		1.90254		279.236		
00:00:44:200		1.22467e+07		-4.31454		0		0		4.2814e+06		568.453			00:00:44:200		4.45662e+06		252.521		156.663		0		1.88936		279.273		
00:00:44:100		1.22515e+07		-4.30739		0		0		4.2856e+06		569.115			00:00:44:100		4.45667e+06		252.521		156.663		0		1.88936		279.31		
00:00:44:000		1.22563e+07		-4.30023		0		0		4.28976e+06		569.729			00:00:44:000		4.45672e+06		252.498		156.663		0		1.88936		279.347		
00:00:43:899		1.22611e+07		-4.29308		0		0		4.29368e+06		570.164			00:00:43:899		4.45677e+06		252.498		157.164		0		1.87619		279.384		
00:00:43:799		1.22659e+07		-4.28592		0		0		4.29751e+06		570.53			00:00:43:799		4.45682e+06		252.498		157.164		0		1.87619		279.42		
00:00:43:700		1.22706e+07		-4.27877		0		0		4.30155e+06		571.028			00:00:43:700		4.45687e+06		252.474		157.66		0		1.86301		279.457		
00:00:43:600		1.22754e+07		-4.27162		0		0		4.30586e+06		571.702			00:00:43:600		4.45692e+06		252.474		157.66		0		1.86301		279.494		
00:00:43:500		1.22802e+07		-4.26447		0		0		4.31018e+06		572.373			00:00:43:500		4.45697e+06		252.447		157.66		0		1.86301		279.531		
00:00:43:399		1.2285e+07		-4.25733		0		0		4.31425e+06		572.862			00:00:43:399		4.45702e+06		252.447		158.151		0		1.84984		279.568		
00:00:43:299		1.22898e+07		-4.25019		0		0		4.31816e+06		573.233			00:00:43:299		4.45707e+06		252.447		158.151		0		1.84984		279.605		
00:00:43:200		1.22946e+07		-4.24304		0		0		4.32223e+06		573.7			00:00:43:200		4.45712e+06		252.418		158.637		0		1.83667		279.642		
00:00:43:100		1.22993e+07		-4.2359		0		0		4.32659e+06		574.362			00:00:43:100		4.45717e+06		252.418		158.637		0		1.83667		279.679		
00:00:43:000		1.23041e+07		-4.22877		0		0		4.33103e+06		575.079			00:00:43:000		4.45722e+06		252.387		158.637		0		1.83667		279.716		
00:00:42:899		1.23089e+07		-4.22163		0		0		4.33525e+06		575.63			00:00:42:899		4.45727e+06		252.387		159.117		0		1.8235		279.753		
00:00:42:799		1.23137e+07		-4.21449		0		0		4.33923e+06		576.009			00:00:42:799		4.45732e+06		252.387		159.117		0		1.8235		279.789		
00:00:42:700		1.23185e+07		-4.20735		0		0		4.34329e+06		576.432			00:00:42:700		4.45737e+06		252.353		159.591		0		1.81033		279.826		
00:00:42:600		1.23185e+07		-4.20735		0		0		4.34329e+06		576.432			00:00:42:600		4.45737e+06		252.353		159.591		0		1.81033		279.826		
00:00:42:600		1.23232e+07		-4.20021		0		0		4.34766e+06		577.063			00:00:42:600		4.45742e+06		252.353		159.591		0		1.81033		279.863		
00:00:42:399		1.23328e+07		-4.18594		0		0		4.3566e+06		578.447			00:00:42:399		4.45752e+06		252.315		160.058		0		1.79716		279.937		
00:00:42:399		1.23328e+07		-4.18594		0		0		4.3566e+06		578.447			00:00:42:399		4.45752e+06		252.315		160.058		0		1.79716		279.937		
00:00:42:200		1.23423e+07		-4.17165		0		0		4.36471e+06		579.241			00:00:42:200		4.45762e+06		252.274		160.517		0		1.784		280.011		
00:00:42:200		1.23423e+07		-4.17165		0		0		4.36471e+06		579.241			00:00:42:200		4.45762e+06		252.274		160.517		0		1.784		280.011		
00:00:42:100		1.23471e+07		-4.16451		0		0		4.36905e+06		579.815			00:00:42:100		4.45767e+06		252.274		160.517		0		1.784		280.048		
00:00:42:000		1.23519e+07		-4.15737		0		0		4.37367e+06		580.587			00:00:42:000		4.45772e+06		252.228		160.517		0		1.784		280.085		
00:00:41:850		1.2359e+07		-4.14665		0		0		4.38034e+06		581.549			00:00:41:850		4.4578e+06		252.228		160.968		0		1.77085		280.14		
00:00:41:649		1.23685e+07		-4.13236		0		0		4.38851e+06		582.306			00:00:41:649		4.4579e+06		252.179		161.41		0		1.7577		280.214		
00:00:41:649		1.23685e+07		-4.13236		0		0		4.38851e+06		582.306			00:00:41:649		4.4579e+06		252.179		161.41		0		1.7577		280.214		
00:00:41:549		1.23733e+07		-4.12522		0		0		4.39301e+06		582.955			00:00:41:549		4.45795e+06		252.179		161.41		0		1.7577		280.251		
00:00:41:450		1.23781e+07		-4.11809		0		0		4.39776e+06		583.774			00:00:41:450		4.458e+06		252.126		161.842		0		1.74456		280.289		
00:00:41:350		1.23829e+07		-4.11095		0		0		4.40231e+06		584.447			00:00:41:350		4.45805e+06		252.126		161.842		0		1.74456		280.326		
00:00:41:250		1.23877e+07		-4.10382		0		0		4.40646e+06		584.839			00:00:41:250		4.4581e+06		252.069		161.842		0		1.74456		280.363		
00:00:41:149		1.23925e+07		-4.09669		0		0		4.41055e+06		585.179			00:00:41:149		4.45815e+06		252.069		162.265		0		1.73142		280.4		
00:00:41:049		1.23973e+07		-4.08955		0		0		4.41501e+06		585.758			00:00:41:049		4.4582e+06		252.069		162.265		0		1.73142		280.437		
00:00:40:950		1.24021e+07		-4.08242		0		0		4.41984e+06		586.59			00:00:40:950		4.45825e+06		252.007		162.676		0		1.71829		280.475		
00:00:40:850		1.24069e+07		-4.07529		0		0		4.4246e+06		587.363			00:00:40:850		4.4583e+06		252.007		162.676		0		1.71829		280.512		
00:00:40:649		1.24165e+07		-4.06102		0		0		4.43301e+06		588.119			00:00:40:649		4.4584e+06		251.941		163.076		0		1.70518		280.587		
00:00:40:649		1.24165e+07		-4.06102		0		0		4.43301e+06		588.119			00:00:40:649		4.4584e+06		251.941		163.076		0		1.70518		280.587		
00:00:40:549		1.24213e+07		-4.05388		0		0		4.43741e+06		588.606			00:00:40:549		4.45845e+06		251.941		163.076		0		1.70518		280.625		
00:00:40:350		1.24308e+07		-4.03957		0		0		4.44727e+06		590.288			00:00:40:350		4.45855e+06		251.869		163.463		0		1.69207		280.7		
00:00:40:350		1.24308e+07		-4.03957		0		0		4.44727e+06		590.288			00:00:40:350		4.45855e+06		251.869		163.463		0		1.69207		280.7		
00:00:40:250		1.24356e+07		-4.03241		0		0		4.45182e+06		590.853			00:00:40:250		4.4586e+06		251.793		163.463		0		1.69207		280.738		
00:00:40:149		1.24404e+07		-4.02524		0		0		4.45599e+06		591.144			00:00:40:149		4.45865e+06		251.793		163.837		0		1.67897		280.775		
00:00:40:049		1.24452e+07		-4.01807		0		0		4.46034e+06		591.537			00:00:40:049		4.4587e+06		251.793		163.837		0		1.67897		280.813		
00:00:39:950		1.245e+07		-4.01089		0		0		4.46523e+06		592.29			00:00:39:950		4.45875e+06		251.712		164.196		0		1.66588		280.851		
00:00:39:750		1.24596e+07		-3.99651		0		0		4.47523e+06		593.933			00:00:39:750		4.45885e+06		251.625		164.196		0		1.66588		280.928		
00:00:39:649		1.24644e+07		-3.98931		0		0		4.47955e+06		594.281			00:00:39:649		4.4589e+06		251.625		164.541		0		1.65281		280.966		
00:00:39:649		1.24644e+07		-3.98931		0		0		4.47955e+06		594.281			00:00:39:649		4.4589e+06		251.625		164.541		0		1.65281		280.966		
00:00:39:549		1.24692e+07		-3.98211		0		0		4.48385e+06		594.582			00:00:39:549		4.45895e+06		251.625		164.541		0		1.65281		281.004		
00:00:39:450		1.2474e+07		-3.97492		0		0		4.48866e+06		595.214			00:00:39:450		4.459e+06		251.532		164.869		0		1.63975		281.042		
00:00:39:350		1.24789e+07		-3.96774		0		0		4.49395e+06		596.174			00:00:39:350		4.45905e+06		251.532		164.869		0		1.63975		281.081		
00:00:39:250		1.24837e+07		-3.96058		0		0		4.49912e+06		597.055			00:00:39:250		4.4591e+06		251.434		164.869		0		1.63975		281.119		
00:00:39:149		1.24885e+07		-3.95343		0		0		4.50372e+06		597.539			00:00:39:149		4.45915e+06		251.434		165.18		0		1.6267		281.158		
00:00:39:000		1.24957e+07		-3.94274		0		0		4.51021e+06		597.903			00:00:39:000		4.45922e+06		251.33		165.18		0		1.6267		281.216		
00:00:38:950		1.24982e+07		-3.93918		0		0		4.51261e+06		598.169			00:00:38:950		4.45925e+06		251.33		165.472		0		1.61367		281.235		
00:00:38:750		1.25078e+07		-3.92498		0		0		4.5236e+06		600.261			00:00:38:750		4.45935e+06		251.22		165.472		0		1.61367		281.312		
00:00:38:649		1.25127e+07		-3.91788		0		0		4.52844e+06		600.801			00:00:38:649		4.4594e+06		251.22		165.745		0		1.60066		281.35		
00:00:38:649		1.25127e+07		-3.91788		0		0		4.52844e+06		600.801			00:00:38:649		4.4594e+06		251.22		165.745		0		1.60066		281.35		
00:00:38:549		1.25176e+07		-3.91077		0		0		4.53269e+06		600.948			00:00:38:549		4.45945e+06		251.22		165.745		0		1.60066		281.389		
00:00:38:450		1.25224e+07		-3.90364		0		0		4.53735e+06		601.371			00:00:38:450		4.4595e+06		251.103		165.998		0		1.58767		281.428		
00:00:38:350		1.25273e+07		-3.89648		0		0		4.54279e+06		602.265			00:00:38:350		4.45955e+06		251.103		165.998		0		1.58767		281.466		
00:00:38:250		1.25322e+07		-3.88928		0		0		4.54856e+06		603.539			00:00:38:250		4.4596e+06		250.979		165.998		0		1.58767		281.505		
00:00:38:149		1.2537e+07		-3.88203		0		0		4.55388e+06		604.499			00:00:38:149		4.45965e+06		250.979		166.228		0		1.5747		281.544		
00:00:38:049		1.25419e+07		-3.87473		0		0		4.558e+06		604.57			00:00:38:049		4.4597e+06		250.979		166.228		0		1.5747		281.583		
00:00:37:899		1.25492e+07		-3.86365		0		0		4.56447e+06		605.092			00:00:37:899		4.45977e+06		250.849		166.436		0		1.56175		281.641		
00:00:37:799		1.25541e+07		-3.8562		0		0		4.56973e+06		605.892			00:00:37:799		4.45982e+06		250.849		166.436		0		1.56175		281.68		
00:00:37:700		1.2559e+07		-3.84869		0		0		4.5752e+06		606.856			00:00:37:700		4.45987e+06		250.711		166.619		0		1.54883		281.718		
00:00:37:600		1.25639e+07		-3.84115		0		0		4.58034e+06		607.562			00:00:37:600		4.45992e+06		250.711		166.619		0		1.54883		281.757		
00:00:37:500		1.25688e+07		-3.83361		0		0		4.58498e+06		607.918			00:00:37:500		4.45997e+06		250.566		166.619		0		1.54883		281.796		
00:00:37:399		1.25737e+07		-3.82607		0		0		4.58977e+06		608.461			00:00:37:399		4.46002e+06		250.566		166.776		0		1.53593		281.835		
00:00:37:299		1.25786e+07		-3.81859		0		0		4.59508e+06		609.212			00:00:37:299		4.46007e+06		250.566		166.776		0		1.53593		281.874		
00:00:37:200		1.25835e+07		-3.81119		0		0		4.60036e+06		609.885			00:00:37:200		4.46012e+06		250.414		166.906		0		1.52306		281.912		
00:00:37:100		1.25885e+07		-3.80391		0		0		4.60569e+06		610.796			00:00:37:100		4.46017e+06		250.414		166.906		0		1.52306		281.951		
00:00:37:000		1.25934e+07		-3.79675		0		0		4.61108e+06		611.654			00:00:37:000		4.46022e+06		250.253		166.906		0		1.52306		281.989		
00:00:36:899		1.25983e+07		-3.78974		0		0		4.61581e+06		611.895			00:00:36:899		4.46027e+06		250.253		167.007		0		1.51022		282.027		
00:00:36:799		1.26033e+07		-3.78287		0		0		4.62054e+06		612.263			00:00:36:799		4.46032e+06		250.253		167.007		0		1.51022		282.065		
00:00:36:700		1.26082e+07		-3.77613		0		0		4.6261e+06		612.971			00:00:36:700		4.46037e+06		250.079		167.078		0		1.49744		282.103		
00:00:36:600		1.26132e+07		-3.76949		0		0		4.63198e+06		613.96			00:00:36:600		4.46042e+06		250.079		167.078		0		1.49744		282.141		
00:00:36:500		1.26182e+07		-3.76294		0		0		4.6382e+06		615.985			00:00:36:500		4.46047e+06		249.872		167.078		0		1.49744		282.18		
00:00:36:399		1.26231e+07		-3.75643		0		0		4.64427e+06		617.576			00:00:36:399		4.46052e+06		249.872		167.119		0		1.48489		282.219		
00:00:36:299		1.26281e+07		-3.74993		0		0		4.64687e+06		616.851			00:00:36:299		4.46057e+06		249.872		167.119		0		1.48489		282.257		
00:00:36:200		1.2633e+07		-3.74342		0		0		4.64933e+06		616.502			00:00:36:200		4.46062e+06		249.632		167.131		0		1.47256		282.295		
00:00:36:100		1.2638e+07		-3.73687		0		0		4.65372e+06		616.972			00:00:36:100		4.46067e+06		249.632		167.131		0		1.47256		282.333		
00:00:36:000		1.26429e+07		-3.73027		0		0		4.65962e+06		618.351			00:00:36:000		4.46072e+06		249.357		167.131		0		1.47256		282.371		
00:00:35:899		1.26478e+07		-3.72361		0		0		4.66502e+06		619.173			00:00:35:899		4.46077e+06		249.357		167.114		0		1.46045		282.409		
00:00:35:799		1.26528e+07		-3.71689		0		0		4.6696e+06		619.553			00:00:35:799		4.46082e+06		249.357		167.114		0		1.46045		282.446		
00:00:35:700		1.26577e+07		-3.71008		0		0		4.67423e+06		620.051			00:00:35:700		4.46087e+06		249.049		167.069		0		1.44856		282.484		
00:00:35:600		1.26627e+07		-3.70321		0		0		4.67948e+06		620.826			00:00:35:600		4.46092e+06		249.049		167.069		0		1.44856		282.521		
00:00:35:600		1.26627e+07		-3.70321		0		0		4.67948e+06		620.826			00:00:35:600		4.46092e+06		249.049		167.069		0		1.44856		282.521		
00:00:35:500		1.26676e+07		-3.69628		0		0		4.68473e+06		621.5			00:00:35:500		4.46097e+06		248.707		167.069		0		1.44856		282.559		
00:00:35:399		1.26726e+07		-3.68928		0		0		4.68981e+06		622.054			00:00:35:399		4.46102e+06		248.707		166.996		0		1.4369		282.596		
00:00:35:299		1.26775e+07		-3.68223		0		0		4.69506e+06		622.74			00:00:35:299		4.46107e+06		248.707		166.996		0		1.4369		282.633		
00:00:35:200		1.26825e+07		-3.67513		0		0		4.70042e+06		623.436			00:00:35:200		4.46112e+06		248.33		166.896		0		1.42545		282.67		
00:00:34:950		1.26948e+07		-3.65716		0		0		4.71393e+06		625.181			00:00:34:950		4.46125e+06		247.919		166.769		0		1.41423		282.762		
00:00:34:950		1.26948e+07		-3.65716		0		0		4.71393e+06		625.181			00:00:34:950		4.46125e+06		247.919		166.769		0		1.41423		282.762		
00:00:34:799		1.27022e+07		-3.64625		0		0		4.72213e+06		626.244			00:00:34:799		4.46132e+06		247.919		166.769		0		1.41423		282.817		
00:00:34:700		1.27072e+07		-3.63893		0		0		4.72762e+06		626.956			00:00:34:700		4.46137e+06		247.473		166.617		0		1.40323		282.854		
00:00:34:600		1.27121e+07		-3.63158		0		0		4.73314e+06		627.671			00:00:34:600		4.46142e+06		247.473		166.617		0		1.40323		282.89		
00:00:34:500		1.2717e+07		-3.62419		0		0		4.73868e+06		628.389			00:00:34:500		4.46147e+06		246.991		166.617		0		1.40323		282.926		
00:00:34:399		1.27219e+07		-3.61678		0		0		4.74425e+06		629.11			00:00:34:399		4.46152e+06		246.991		166.44		0		1.39245		282.962		
00:00:34:299		1.27268e+07		-3.60934		0		0		4.74984e+06		629.833			00:00:34:299		4.46157e+06		246.991		166.44		0		1.39245		282.998		
00:00:34:200		1.27317e+07		-3.6019		0		0		4.75546e+06		630.559			00:00:34:200		4.46162e+06		246.475		166.239		0		1.38189		283.034		
00:00:34:100		1.27367e+07		-3.59443		0		0		4.7611e+06		631.287			00:00:34:100		4.46167e+06		246.475		166.239		0		1.38189		283.07		
00:00:34:100		1.27367e+07		-3.59443		0		0		4.7611e+06		631.287			00:00:34:100		4.46167e+06		246.475		166.239		0		1.38189		283.07		
00:00:33:899		1.27466e+07		-3.57947		0		0		4.77248e+06		632.763			00:00:33:899		4.46177e+06		245.922		166.015		0		1.37157		283.142		
00:00:33:799		1.27515e+07		-3.57198		0		0		4.7782e+06		633.511			00:00:33:799		4.46182e+06		245.922		166.015		0		1.37157		283.177		
00:00:33:700		1.27565e+07		-3.56447		0		0		4.78395e+06		634.264			00:00:33:700		4.46187e+06		245.332		165.771		0		1.36147		283.213		
00:00:33:700		1.27565e+07		-3.56447		0		0		4.78395e+06		634.264			00:00:33:700		4.46187e+06		245.332		165.771		0		1.36147		283.213		
00:00:33:549		1.27639e+07		-3.55318		0		0		4.7926e+06		635.393			00:00:33:549		4.46195e+06		245.332		165.771		0		1.36147		283.266		
00:00:33:450		1.27689e+07		-3.54565		0		0		4.79839e+06		636.147			00:00:33:450		4.462e+06		244.705		165.506		0		1.35161		283.301		
00:00:33:350		1.27739e+07		-3.53811		0		0		4.80419e+06		636.904			00:00:33:350		4.46205e+06		244.705		165.506		0		1.35161		283.337		
00:00:33:250		1.27789e+07		-3.53055		0		0		4.81001e+06		637.665			00:00:33:250		4.4621e+06		244.039		165.506		0		1.35161		283.372		
00:00:33:149		1.27839e+07		-3.52298		0		0		4.81585e+06		638.429			00:00:33:149		4.46215e+06		244.039		165.224		0		1.342		283.407		
00:00:33:049		1.27889e+07		-3.5154		0		0		4.82171e+06		639.195			00:00:33:049		4.4622e+06		244.039		165.224		0		1.342		283.443		
00:00:32:950		1.27939e+07		-3.50781		0		0		4.82758e+06		639.961			00:00:32:950		4.46225e+06		243.332		164.925		0		1.33265		283.478		
00:00:32:850		1.27989e+07		-3.5002		0		0		4.83346e+06		640.728			00:00:32:850		4.4623e+06		243.332		164.925		0		1.33265		283.514		
00:00:32:649		1.28089e+07		-3.48494		0		0		4.84528e+06		642.27			00:00:32:649		4.4624e+06		242.579		164.613		0		1.32359		283.585		
00:00:32:649		1.28089e+07		-3.48494		0		0		4.84528e+06		642.27			00:00:32:649		4.4624e+06		242.579		164.613		0		1.32359		283.585		
00:00:32:549		1.28139e+07		-3.47729		0		0		4.85122e+06		643.045			00:00:32:549		4.46245e+06		242.579		164.613		0		1.32359		283.62		
00:00:32:450		1.28189e+07		-3.46962		0		0		4.85717e+06		643.822			00:00:32:450		4.4625e+06		241.767		164.292		0		1.31492		283.656		
00:00:32:350		1.2824e+07		-3.46193		0		0		4.86314e+06		644.602			00:00:32:350		4.46255e+06		241.767		164.292		0		1.31492		283.691		
00:00:32:250		1.2829e+07		-3.45423		0		0		4.86913e+06		645.381			00:00:32:250		4.4626e+06		240.881		164.292		0		1.31492		283.727		
00:00:32:100		1.28366e+07		-3.44263		0		0		4.87814e+06		646.55			00:00:32:100		4.46267e+06		240.881		163.967		0		1.30675		283.781		
00:00:32:049		1.28391e+07		-3.43876		0		0		4.88115e+06		646.941			00:00:32:049		4.4627e+06		240.881		163.967		0		1.30675		283.799		
00:00:31:949		1.28441e+07		-3.43098		0		0		4.88719e+06		647.725			00:00:31:949		4.46275e+06		239.99		163.637		0		1.29858		283.835		
00:00:31:850		1.28492e+07		-3.42318		0		0		4.89326e+06		648.511			00:00:31:850		4.4628e+06		239.99		163.637		0		1.29858		283.871		
00:00:31:649		1.28593e+07		-3.40753		0		0		4.90547e+06		650.091			00:00:31:649		4.4629e+06		239.096		163.302		0		1.29038		283.944		
00:00:31:649		1.28593e+07		-3.40753		0		0		4.90547e+06		650.091			00:00:31:649		4.4629e+06		239.096		163.302		0		1.29038		283.944		
00:00:31:550		1.28644e+07		-3.39969		0		0		4.91162e+06		650.888			00:00:31:550		4.46295e+06		239.096		163.302		0		1.29038		283.98		
00:00:31:449		1.28695e+07		-3.39182		0		0		4.91779e+06		651.691			00:00:31:449		4.46299e+06		238.199		162.963		0		1.28216		284.016		
00:00:31:300		1.28771e+07		-3.38		0		0		4.92709e+06		652.9			00:00:31:300		4.46307e+06		238.199		162.963		0		1.28216		284.071		
00:00:31:199		1.28822e+07		-3.3721		0		0		4.93332e+06		653.71			00:00:31:199		4.46311e+06		237.299		162.619		0		1.27392		284.108		
00:00:31:149		1.28848e+07		-3.36815		0		0		4.93644e+06		654.117			00:00:31:149		4.46314e+06		237.299		162.619		0		1.27392		284.126		
00:00:31:000		1.28924e+07		-3.35624		0		0		4.94584e+06		655.339			00:00:31:000		4.46321e+06		236.396		162.619		0		1.27392		284.181		
00:00:30:899		1.28976e+07		-3.34828		0		0		4.95213e+06		656.158			00:00:30:899		4.46326e+06		236.396		162.269		0		1.26564		284.218		
00:00:30:800		1.29027e+07		-3.34029		0		0		4.95844e+06		656.982			00:00:30:800		4.46331e+06		236.396		162.269		0		1.26564		284.254		
00:00:30:699		1.29078e+07		-3.33229		0		0		4.96477e+06		657.809			00:00:30:699		4.46335e+06		235.489		161.915		0		1.25735		284.291		
00:00:30:600		1.2913e+07		-3.32426		0		0		4.97112e+06		658.638			00:00:30:600		4.4634e+06		235.489		161.915		0		1.25735		284.327		
00:00:30:500		1.29182e+07		-3.3162		0		0		4.97749e+06		659.469			00:00:30:500		4.46345e+06		234.58		161.915		0		1.25735		284.364		
00:00:30:399		1.29234e+07		-3.30813		0		0		4.98388e+06		660.303			00:00:30:399		4.4635e+06		234.58		161.555		0		1.24902		284.401		
00:00:30:300		1.29287e+07		-3.30004		0		0		4.9903e+06		661.139			00:00:30:300		4.46355e+06		234.58		161.555		0		1.24902		284.438		
00:00:30:199		1.29339e+07		-3.29192		0		0		4.99674e+06		661.978			00:00:30:199		4.46359e+06		233.668		161.189		0		1.24067		284.475		
00:00:30:100		1.29391e+07		-3.28378		0		0		5.00319e+06		662.819			00:00:30:100		4.46364e+06		233.668		161.189		0		1.24067		284.512		
00:00:30:000		1.29444e+07		-3.27561		0		0		5.00967e+06		663.669			00:00:30:000		4.46369e+06		232.756		161.189		0		1.24067		284.549		
00:00:29:899		1.29497e+07		-3.26741		0		0		5.01618e+06		664.521			00:00:29:899		4.46374e+06		232.756		160.817		0		1.23226		284.585		
00:00:29:899		1.29497e+07		-3.26741		0		0		5.01618e+06		664.521			00:00:29:899		4.46374e+06		232.756		160.817		0		1.23226		284.585		
00:00:29:699		1.29603e+07		-3.25095		0		0		5.02926e+06		666.237			00:00:29:699		4.46383e+06		231.839		160.439		0		1.22383		284.659		
00:00:29:699		1.29603e+07		-3.25095		0		0		5.02926e+06		666.237			00:00:29:699		4.46383e+06		231.839		160.439		0		1.22383		284.659		
00:00:29:600		1.29656e+07		-3.24267		0		11.0286		5.03584e+06		667.1			00:00:29:600		4.46388e+06		231.839		160.439		0		1.22383		284.696		
00:00:29:399		1.29763e+07		-3.22604		0		0		5.04908e+06		668.829			00:00:29:399		4.46398e+06		230.917		160.055		0		1.2154		284.77		
00:00:29:399		1.29763e+07		-3.22604		0		0		5.04908e+06		668.829			00:00:29:399		4.46398e+06		230.917		160.055		0		1.2154		284.77		
00:00:29:250		1.29844e+07		-3.21348		0		11.4176		5.05907e+06		670.133			00:00:29:250		4.46405e+06		229.992		160.055		0		1.2154		284.825		
00:00:29:149		1.29898e+07		-3.20507		0		0		5.06578e+06		671.013			00:00:29:149		4.4641e+06		229.992		159.664		0		1.20694		284.863		
00:00:29:050		1.29953e+07		-3.19663		0		11.6085		5.07252e+06		671.902			00:00:29:050		4.46415e+06		229.992		159.664		0		1.20694		284.9		
00:00:28:949		1.30007e+07		-3.18815		0		0		5.07929e+06		672.8			00:00:28:949		4.46419e+06		229.063		159.267		0		1.19845		284.937		
00:00:28:850		1.30062e+07		-3.17964		0		11.7971		5.08607e+06		673.696			00:00:28:850		4.46424e+06		229.063		159.267		0		1.19845		284.974		
00:00:28:649		1.30172e+07		-3.16251		0		0		5.09965e+06		675.481			00:00:28:649		4.46434e+06		228.131		158.863		0		1.18993		285.048		
00:00:28:649		1.30172e+07		-3.16251		0		0		5.09965e+06		675.481			00:00:28:649		4.46434e+06		228.131		158.863		0		1.18993		285.048		
00:00:28:550		1.30228e+07		-3.1539		0		0		5.10648e+06		676.377			00:00:28:550		4.46439e+06		228.131		158.863		0		1.18993		285.085		
00:00:28:449		1.30284e+07		-3.14525		0		0		5.11332e+06		677.274			00:00:28:449		4.46443e+06		227.195		158.453		0		1.18138		285.122		
00:00:28:350		1.30339e+07		-3.13657		0		0		5.12019e+06		678.176			00:00:28:350		4.46448e+06		227.195		158.453		0		1.18138		285.16		
00:00:28:250		1.30396e+07		-3.12784		0		0		5.12708e+06		679.081			00:00:28:250		4.46453e+06		226.256		158.453		0		1.18138		285.197		
00:00:28:149		1.30452e+07		-3.11908		0		0		5.134e+06		679.989			00:00:28:149		4.46458e+06		226.256		158.036		0		1.1728		285.234		
00:00:28:050		1.30509e+07		-3.11029		0		0		5.14094e+06		680.899			00:00:28:050		4.46463e+06		226.256		158.036		0		1.1728		285.271		
00:00:27:949		1.30566e+07		-3.10145		0		0		5.1479e+06		681.811			00:00:27:949		4.46467e+06		225.314		157.611		0		1.1642		285.309		
00:00:27:850		1.30623e+07		-3.09258		0		0		5.15489e+06		682.725			00:00:27:850		4.46472e+06		225.314		157.611		0		1.1642		285.346		
00:00:27:649		1.30738e+07		-3.07474		0		0		5.16893e+06		684.561			00:00:27:649		4.46482e+06		224.368		157.179		0		1.15556		285.421		
00:00:27:649		1.30738e+07		-3.07474		0		0		5.16893e+06		684.561			00:00:27:649		4.46482e+06		224.368		157.179		0		1.15556		285.421		
00:00:27:550		1.30795e+07		-3.06576		0		0		5.176e+06		685.484			00:00:27:550		4.46487e+06		224.368		157.179		0		1.15556		285.458		
00:00:27:449		1.30853e+07		-3.05674		0		0		5.18309e+06		686.402			00:00:27:449		4.46491e+06		223.419		156.739		0		1.1469		285.496		
00:00:27:350		1.30912e+07		-3.04768		0		0		5.19021e+06		687.322			00:00:27:350		4.46496e+06		223.419		156.739		0		1.1469		285.533		
00:00:27:250		1.3097e+07		-3.03857		0		0		5.19737e+06		688.25			00:00:27:250		4.46501e+06		222.466		156.739		0		1.1469		285.57		
00:00:27:149		1.31029e+07		-3.02942		0		0		5.20458e+06		689.191			00:00:27:149		4.46506e+06		222.466		156.292		0		1.13821		285.608		
00:00:27:050		1.31088e+07		-3.02023		0		0		5.21183e+06		690.147			00:00:27:050		4.46511e+06		222.466		156.292		0		1.13821		285.646		
00:00:26:949		1.31148e+07		-3.01099		0		0		5.2191e+06		691.112			00:00:26:949		4.46515e+06		221.509		155.837		0		1.12948		285.683		
00:00:26:850		1.31208e+07		-3.00171		0		0		5.22639e+06		692.075			00:00:26:850		4.4652e+06		221.509		155.837		0		1.12948		285.721		
00:00:26:649		1.31328e+07		-2.98302		0		0		5.24096e+06		693.968			00:00:26:649		4.4653e+06		220.549		155.373		0		1.12073		285.796		
00:00:26:649		1.31328e+07		-2.98302		0		0		5.24096e+06		693.968			00:00:26:649		4.4653e+06		220.549		155.373		0		1.12073		285.796		
00:00:26:550		1.31389e+07		-2.97361		0		0		5.24827e+06		694.908			00:00:26:550		4.46535e+06		220.549		155.373		0		1.12073		285.834		
00:00:26:399		1.31481e+07		-2.9594		0		10.8966		5.25933e+06		696.351			00:00:26:399		4.46542e+06		219.586		154.9		0		1.11194		285.89		
00:00:26:350		1.31542e+07		-2.94986		0		11.0286		5.26675e+06		697.328			00:00:26:350		4.46547e+06		219.586		154.9		0		1.11194		285.928		
00:00:26:199		1.31604e+07		-2.94028		0		11.0941		5.27419e+06		698.311			00:00:26:199		4.46551e+06		218.618		154.419		0		1.10313		285.966		
00:00:26:100		1.31666e+07		-2.93065		0		11.2244		5.28163e+06		699.293			00:00:26:100		4.46556e+06		218.618		154.419		0		1.10313		286.003		
00:00:26:050		1.31698e+07		-2.92582		0		0		5.28535e+06		699.78			00:00:26:050		4.46559e+06		218.618		154.419		0		1.10313		286.022		
00:00:25:899		1.31792e+07		-2.91124		0		11.4176		5.29653e+06		701.233			00:00:25:899		4.46566e+06		217.647		153.927		0		1.09428		286.078		
00:00:25:800		1.31855e+07		-2.90146		0		11.6085		5.30401e+06		702.204			00:00:25:800		4.46571e+06		217.647		153.927		0		1.09428		286.115		
00:00:25:600		1.31982e+07		-2.88174		0		11.6716		5.31907e+06		704.168			00:00:25:600		4.4658e+06		216.673		153.426		0		1.0854		286.19		
00:00:25:600		1.31982e+07		-2.88174		0		11.6716		5.31907e+06		704.168			00:00:25:600		4.4658e+06		216.673		153.426		0		1.0854		286.19		
00:00:25:550		1.32015e+07		-2.87677		0		0		5.32286e+06		704.66			00:00:25:550		4.46583e+06		216.673		153.426		0		1.0854		286.209		
00:00:25:449		1.32079e+07		-2.8668		0		0		5.33045e+06		705.649			00:00:25:449		4.46587e+06		215.694		152.915		0		1.07649		286.246		
00:00:25:350		1.32144e+07		-2.85677		0		0		5.33806e+06		706.645			00:00:25:350		4.46592e+06		215.694		152.915		0		1.07649		286.283		
00:00:25:250		1.32209e+07		-2.84669		0		0		5.34571e+06		707.637			00:00:25:250		4.46597e+06		214.712		152.915		0		1.07649		286.321		
00:00:25:100		1.32307e+07		-2.83146		0		12.0451		5.35722e+06		709.13			00:00:25:100		4.46604e+06		214.712		152.394		0		1.06755		286.377		
00:00:25:000		1.32374e+07		-2.82124		0		12.1676		5.36494e+06		710.136			00:00:25:000		4.46609e+06		213.725		152.394		0		1.06755		286.414		
00:00:24:899		1.3244e+07		-2.81097		0		12.2286		5.37269e+06		711.149			00:00:24:899		4.46614e+06		213.725		151.862		0		1.05857		286.452		
00:00:24:699		1.32575e+07		-2.79026		0		12.41		5.38828e+06		713.196			00:00:24:699		4.46623e+06		212.735		151.319		0		1.04956		286.526		
00:00:24:600		1.32642e+07		-2.77982		0		12.47		5.3961e+06		714.217			00:00:24:600		4.46628e+06		212.735		151.319		0		1.04956		286.564		
00:00:24:600		1.32642e+07		-2.77982		0		12.47		5.3961e+06		714.217			00:00:24:600		4.46628e+06		212.735		151.319		0		1.04956		286.564		
00:00:24:500		1.32711e+07		-2.76933		0		12.5894		5.40392e+06		715.231			00:00:24:500		4.46633e+06		211.741		151.319		0		1.04956		286.601		
00:00:24:399		1.3278e+07		-2.75878		0		12.6488		5.41179e+06		716.256			00:00:24:399		4.46638e+06		211.741		150.764		0		1.04052		286.637		
00:00:24:300		1.32849e+07		-2.74818		0		12.7669		5.41968e+06		717.287			00:00:24:300		4.46643e+06		211.741		150.764		0		1.04052		286.674		
00:00:24:199		1.32919e+07		-2.73752		0		12.7669		5.4276e+06		718.319			00:00:24:199		4.46647e+06		210.743		150.198		0		1.03145		286.711		
00:00:24:100		1.32989e+07		-2.72679		0		12.9425		5.43554e+06		719.357			00:00:24:100		4.46652e+06		210.743		150.198		0		1.03145		286.748		
00:00:24:000		1.3306e+07		-2.71601		0		13.0007		5.44351e+06		720.397			00:00:24:000		4.46657e+06		209.74		150.198		0		1.03145		286.785		
00:00:24:000		1.3306e+07		-2.71601		0		13.0007		5.44351e+06		720.397			00:00:24:000		4.46657e+06		209.74		150.198		0		1.03145		286.785		
00:00:23:899		1.33131e+07		-2.70517		0		13.0586		5.45149e+06		721.437			00:00:23:899		4.46662e+06		209.74		149.62		0		1.02234		286.822		
00:00:23:699		1.33275e+07		-2.68329		0		13.2313		5.46754e+06		723.529			00:00:23:699		4.46671e+06		208.734		149.029		0		1.0132		286.896		
00:00:23:699		1.33275e+07		-2.68329		0		13.2313		5.46754e+06		723.529			00:00:23:699		4.46671e+06		208.734		149.029		0		1.0132		286.896		
00:00:23:449		1.33457e+07		-2.6556		0		0		5.48775e+06		726.154			00:00:23:449		4.46683e+06		207.724		148.425		0		1.00403		286.989		
00:00:23:449		1.33457e+07		-2.6556		0		0		5.48775e+06		726.154			00:00:23:449		4.46683e+06		207.724		148.425		0		1.00403		286.989		
00:00:23:350		1.3353e+07		-2.64441		0		0		5.49588e+06		727.21			00:00:23:350		4.46688e+06		207.724		148.425		0		1.00403		287.026		
00:00:23:250		1.33604e+07		-2.63316		0		0		5.50405e+06		728.269			00:00:23:250		4.46693e+06		206.709		148.425		0		1.00403		287.063		
00:00:23:100		1.33716e+07		-2.61616		0		13.7391		5.51635e+06		729.867			00:00:23:100		4.467e+06		206.709		147.808		0		0.99482		287.119		
00:00:23:000		1.33829e+07		-2.59901		0		0		5.52874e+06		731.482			00:00:23:000		4.46707e+06		205.69		147.176		0		0.985577		287.174		
00:00:23:000		1.33829e+07		-2.59901		0		0		5.52874e+06		731.482			00:00:23:000		4.46707e+06		205.69		147.176		0		0.985577		287.174		
00:00:22:850		1.33905e+07		-2.58748		0		0		5.53705e+06		732.57			00:00:22:850		4.46712e+06		205.69		147.176		0		0.985577		287.212		
00:00:22:649		1.34059e+07		-2.56425		0		0		5.55371e+06		734.756			00:00:22:649		4.46722e+06		204.666		146.531		0		0.976299		287.286		
00:00:22:649		1.34059e+07		-2.56425		0		0		5.55371e+06		734.756			00:00:22:649		4.46722e+06		204.666		146.531		0		0.976299		287.286		
00:00:22:550		1.34136e+07		-2.55254		0		10.8966		5.56205e+06		735.844			00:00:22:550		4.46727e+06		204.666		146.531		0		0.976299		287.324		
00:00:22:449		1.34214e+07		-2.54076		0		0		5.57042e+06		736.935			00:00:22:449		4.46731e+06		203.638		145.871		0		0.966987		287.361		
00:00:22:350		1.34292e+07		-2.52892		0		0		5.57881e+06		738.029			00:00:22:350		4.46736e+06		203.638		145.871		0		0.966987		287.398		
00:00:22:250		1.3437e+07		-2.51703		0		0		5.58722e+06		739.127			00:00:22:250		4.46741e+06		202.605		145.871		0		0.966987		287.436		
00:00:22:149		1.34448e+07		-2.50507		0		0		5.59566e+06		740.225			00:00:22:149		4.46746e+06		202.605		145.195		0		0.957639		287.473		
00:00:21:949		1.34606e+07		-2.48097		0		0		5.61259e+06		742.43			00:00:21:949		4.46755e+06		201.568		144.503		0		0.948256		287.548		
00:00:21:949		1.34606e+07		-2.48097		0		0		5.61259e+06		742.43			00:00:21:949		4.46755e+06		201.568		144.503		0		0.948256		287.548		
00:00:21:850		1.34685e+07		-2.46883		0		0		5.62109e+06		743.535			00:00:21:850		4.4676e+06		201.568		144.503		0		0.948256		287.586		
00:00:21:649		1.34845e+07		-2.44433		0		0		5.63817e+06		745.758			00:00:21:649		4.4677e+06		200.526		143.796		0		0.938837		287.662		
00:00:21:649		1.34845e+07		-2.44433		0		0		5.63817e+06		745.758			00:00:21:649		4.4677e+06		200.526		143.796		0		0.938837		287.662		
00:00:21:550		1.34926e+07		-2.43198		0		0		5.64675e+06		746.868			00:00:21:550		4.46775e+06		200.526		143.796		0		0.938837		287.7		
00:00:21:449		1.35007e+07		-2.41955		0		0		5.65536e+06		747.981			00:00:21:449		4.46779e+06		199.48		143.071		0		0.929381		287.738		
00:00:21:350		1.35089e+07		-2.40706		0		0		5.66402e+06		749.108			00:00:21:350		4.46784e+06		199.48		143.071		0		0.929381		287.777		
00:00:21:250		1.35172e+07		-2.39448		0		0		5.67272e+06		750.239			00:00:21:250		4.46789e+06		198.429		143.071		0		0.929381		287.816		
00:00:21:149		1.35256e+07		-2.38184		0		0		5.68146e+06		751.384			00:00:21:149		4.46794e+06		198.429		142.329		0		0.919889		287.855		
00:00:21:050		1.3534e+07		-2.36914		0		0		5.69023e+06		752.541			00:00:21:050		4.46799e+06		198.429		142.329		0		0.919889		287.895		
00:00:20:949		1.35425e+07		-2.35638		0		0		5.69904e+06		753.708			00:00:20:949		4.46812e+06		197.373		141.569		0		0.91036		287.935		
00:00:20:800		1.35553e+07		-2.33712		0		11.9216		5.71228e+06		755.463			00:00:20:800		4.46854e+06		197.373		141.569		0		0.91036		287.995		
00:00:20:600		1.35727e+07		-2.31123		0		11.9834		5.72999e+06		757.794			00:00:20:600		4.46949e+06		196.312		140.79		0		0.900793		288.076		
00:00:20:600		1.35727e+07		-2.31123		0		11.9834		5.72999e+06		757.794			00:00:20:600		4.46949e+06		196.312		140.79		0		0.900793		288.076		
00:00:20:550		1.3577e+07		-2.30472		0		0		5.73443e+06		758.375			00:00:20:550		4.4698e+06		196.312		140.79		0		0.900793		288.097		
00:00:20:399		1.35902e+07		-2.28511		0		12.1065		5.74779e+06		760.13			00:00:20:399		4.4709e+06		195.247		139.992		0		0.89119		288.159		
00:00:20:300		1.35989e+07		-2.27198		0		12.1676		5.75673e+06		761.304			00:00:20:300		4.47177e+06		195.247		139.992		0		0.89119		288.2		
00:00:20:199		1.36078e+07		-2.2588		0		12.1676		5.7657e+06		762.481			00:00:20:199		4.47277e+06		194.176		139.175		0		0.881548		288.242		
00:00:20:100		1.36166e+07		-2.24557		0		12.2286		5.77471e+06		763.665			00:00:20:100		4.47388e+06		194.176		139.175		0		0.881548		288.284		
00:00:20:050		1.3621e+07		-2.23894		0		0		5.77922e+06		764.258			00:00:20:050		4.47447e+06		194.176		139.175		0		0.881548		288.305		
00:00:19:949		1.36299e+07		-2.22564		0		0		5.78827e+06		765.449			00:00:19:949		4.47578e+06		193.1		138.338		0		0.871869		288.348		
00:00:19:850		1.36389e+07		-2.21228		0		0		5.79734e+06		766.641			00:00:19:850		4.47732e+06		193.1		138.338		0		0.871869		288.391		
00:00:19:649		1.3657e+07		-2.18545		0		0		5.81556e+06		769.033			00:00:19:649		4.4811e+06		192.019		137.48		0		0.862151		288.478		
00:00:19:649		1.3657e+07		-2.18545		0		0		5.81556e+06		769.033			00:00:19:649		4.4811e+06		192.019		137.48		0		0.862151		288.478		
00:00:19:500		1.36706e+07		-2.16524		0		12.41		5.82929e+06		770.838			00:00:19:500		4.48453e+06		190.934		137.48		0		0.862151		288.545		
00:00:19:399		1.36797e+07		-2.15173		0		12.3497		5.83849e+06		772.05			00:00:19:399		4.48711e+06		190.934		136.601		0		0.852394		288.59		
00:00:19:300		1.36889e+07		-2.1382		0		12.47		5.84772e+06		773.273			00:00:19:300		4.48993e+06		190.934		136.601		0		0.852394		288.635		
00:00:19:199		1.36981e+07		-2.12467		0		12.41		5.85698e+06		774.505			00:00:19:199		4.49297e+06		189.843		135.7		0		0.842599		288.681		
00:00:19:100		1.37073e+07		-2.11112		0		12.47		5.86625e+06		775.737			00:00:19:100		4.49625e+06		189.843		135.7		0		0.842599		288.727		
00:00:19:000		1.37166e+07		-2.09757		0		12.41		5.87551e+06		776.956			00:00:19:000		4.49975e+06		188.747		135.7		0		0.842599		288.774		
00:00:18:899		1.3726e+07		-2.08402		0		12.41		5.88477e+06		778.168			00:00:18:899		4.50359e+06		188.747		134.776		0		0.832765		288.821		
00:00:18:800		1.37354e+07		-2.07047		0		12.41		5.89407e+06		779.386			00:00:18:800		4.50776e+06		188.747		134.776		0		0.832765		288.869		
00:00:18:699		1.37448e+07		-2.05693		0		12.47		5.9034e+06		780.611			00:00:18:699		4.51228e+06		187.646		133.83		0		0.822892		288.917		
00:00:18:600		1.37543e+07		-2.04339		0		12.41		5.91275e+06		781.834			00:00:18:600		4.51716e+06		187.646		133.83		0		0.822892		288.966		
00:00:18:500		1.37639e+07		-2.02987		0		12.41		5.92214e+06		783.067			00:00:18:500		4.52239e+06		186.54		133.83		0		0.822892		289.016		
00:00:18:399		1.37734e+07		-2.01636		0		12.3497		5.93157e+06		784.299			00:00:18:399		4.52798e+06		186.54		132.861		0		0.81298		289.066		
00:00:18:300		1.37831e+07		-2.00289		0		12.3497		5.94102e+06		785.532			00:00:18:300		4.53392e+06		186.54		132.861		0		0.81298		289.117		
00:00:18:199		1.37928e+07		-1.98945		0		12.3497		5.95051e+06		786.777			00:00:18:199		4.54022e+06		185.429		131.867		0		0.803028		289.168		
00:00:18:100		1.38026e+07		-1.97603		0		12.3497		5.96005e+06		788.041			00:00:18:100		4.54688e+06		185.429		131.867		0		0.803028		289.22		
00:00:18:000		1.38124e+07		-1.96266		0		12.2893		5.96962e+06		789.328			00:00:18:000		4.55389e+06		184.312		131.867		0		0.803028		289.273		
00:00:18:000		1.38124e+07		-1.96266		0		12.2893		5.96962e+06		789.328			00:00:18:000		4.55389e+06		184.312		131.867		0		0.803028		289.273		
00:00:17:899		1.38223e+07		-1.94932		0		12.2286		5.97921e+06		790.628			00:00:17:899		4.56127e+06		184.312		130.85		0		0.793036		289.326		
00:00:17:699		1.38421e+07		-1.92278		0		12.1065		5.99831e+06		793.207			00:00:17:699		4.57712e+06		183.19		129.808		0		0.783004		289.434		
00:00:17:699		1.38421e+07		-1.92278		0		12.1065		5.99831e+06		793.207			00:00:17:699		4.57712e+06		183.19		129.808		0		0.783004		289.434		
00:00:17:600		1.38521e+07		-1.90958		0		11.9834		6.0078e+06		794.477			00:00:17:600		4.58559e+06		183.19		129.808		0		0.783004		289.489		
00:00:17:350		1.38773e+07		-1.8768		0		0		6.03149e+06		797.645			00:00:17:350		4.60837e+06		182.062		128.741		0		0.772934		289.631		
00:00:17:350		1.38773e+07		-1.8768		0		0		6.03149e+06		797.645			00:00:17:350		4.60837e+06		182.062		128.741		0		0.772934		289.631		
00:00:17:250		1.38875e+07		-1.86379		0		0		6.04096e+06		798.926			00:00:17:250		4.61814e+06		180.929		128.741		0		0.772934		289.689		
00:00:17:149		1.38978e+07		-1.85084		0		0		6.05041e+06		800.201			00:00:17:149		4.62829e+06		180.929		127.647		0		0.762824		289.747		
00:00:17:050		1.39082e+07		-1.83794		0		0		6.05982e+06		801.453			00:00:17:050		4.63881e+06		180.929		127.647		0		0.762824		289.807		
00:00:16:949		1.39186e+07		-1.82507		0		0		6.0692e+06		802.685			00:00:16:949		4.6497e+06		179.79		126.527		0		0.752675		289.867		
00:00:16:850		1.39291e+07		-1.81221		0		0		6.07857e+06		803.906			00:00:16:850		4.66098e+06		179.79		126.527		0		0.752675		289.928		
00:00:16:649		1.39504e+07		-1.7865		0		0		6.09741e+06		806.361			00:00:16:649		4.68477e+06		178.645		125.378		0		0.742486		290.052		
00:00:16:649		1.39504e+07		-1.7865		0		0		6.09741e+06		806.361			00:00:16:649		4.68477e+06		178.645		125.378		0		0.742486		290.052		
00:00:16:550		1.39613e+07		-1.77362		0		0		6.1069e+06		807.607			00:00:16:550		4.69766e+06		178.645		125.378		0		0.742486		290.115		
00:00:16:500		1.39668e+07		-1.76716		0		11.3535		6.11165e+06		808.231			00:00:16:500		4.70438e+06		177.494		125.378		0		0.742486		290.147		
00:00:16:350		1.39834e+07		-1.7477		0		0		6.12594e+06		810.114			00:00:16:350		4.72569e+06		177.494		124.201		0		0.732258		290.244		
00:00:16:250		1.39948e+07		-1.73464		0		11.0941		6.13547e+06		811.37			00:00:16:250		4.74085e+06		176.337		124.201		0		0.732258		290.31		
00:00:16:149		1.40063e+07		-1.72149		0		11.0941		6.14503e+06		812.623			00:00:16:149		4.75678e+06		176.337		122.993		0		0.721991		290.377		
00:00:16:050		1.40181e+07		-1.70825		0		17.324		6.1546e+06		813.88			00:00:16:050		4.77348e+06		176.337		122.993		0		0.721991		290.444		
00:00:15:949		1.40303e+07		-1.69489		0		10.8302		6.16419e+06		815.138			00:00:15:949		4.79097e+06		175.173		121.756		0		0.711683		290.513		
00:00:15:849		1.40428e+07		-1.68142		0		17.0916		6.17379e+06		816.392			00:00:15:849		4.80924e+06		175.173		121.756		0		0.711683		290.583		
00:00:15:650		1.40688e+07		-1.6542		0		13.9602		6.19307e+06		818.93			00:00:15:650		4.84821e+06		174.003		120.486		0		0.701335		290.726		
00:00:15:650		1.40688e+07		-1.6542		0		13.9602		6.19307e+06		818.93			00:00:15:650		4.84821e+06		174.003		120.486		0		0.701335		290.726		
00:00:15:550		1.4082e+07		-1.64044		0		13.85		6.20276e+06		820.216			00:00:15:550		4.86891e+06		174.003		120.486		0		0.701335		290.799		
00:00:15:449		1.40951e+07		-1.62655		0		13.6834		6.21244e+06		821.494			00:00:15:449		4.89043e+06		172.827		119.188		0		0.690947		290.873		
00:00:15:349		1.41081e+07		-1.61251		0		13.5152		6.22212e+06		822.772			00:00:15:349		4.91279e+06		172.827		119.188		0		0.690947		290.948		
00:00:15:250		1.4121e+07		-1.5983		0		13.4588		6.2318e+06		824.048			00:00:15:250		4.93599e+06		171.644		119.188		0		0.690947		291.025		
00:00:15:150		1.41335e+07		-1.58387		0		13.2313		6.2415e+06		825.324			00:00:15:150		4.96004e+06		171.644		117.861		0		0.680518		291.102		
00:00:15:050		1.41453e+07		-1.56922		0		13.1164		6.2512e+06		826.6			00:00:15:050		4.98496e+06		171.644		117.861		0		0.680518		291.181		
00:00:14:949		1.41565e+07		-1.55441		0		12.9425		6.26092e+06		827.876			00:00:14:949		5.01075e+06		170.455		116.506		0		0.670049		291.261		
00:00:14:849		1.41673e+07		-1.53951		0		12.7669		6.27064e+06		829.152			00:00:14:849		5.03743e+06		170.455		116.506		0		0.670049		291.342		
00:00:14:650		1.41886e+07		-1.50947		0		12.41		6.29013e+06		831.7			00:00:14:650		5.09348e+06		169.258		115.123		0		0.65954		291.508		
00:00:14:650		1.41886e+07		-1.50947		0		12.41		6.29013e+06		831.7			00:00:14:650		5.09348e+06		169.258		115.123		0		0.65954		291.508		
00:00:14:550		1.41992e+07		-1.49434		0		12.1676		6.29989e+06		832.976			00:00:14:550		5.12289e+06		169.258		115.123		0		0.65954		291.593		
00:00:14:400		1.42151e+07		-1.47159		0		0		6.31456e+06		834.891			00:00:14:400		5.16875e+06		168.055		113.713		0		0.648989		291.723		
00:00:14:300		1.42257e+07		-1.45634		0		0		6.32436e+06		836.168			00:00:14:300		5.20052e+06		168.055		113.713		0		0.648989		291.812		
00:00:14:199		1.42364e+07		-1.44102		0		0		6.33418e+06		837.445			00:00:14:199		5.23326e+06		166.843		112.278		0		0.638398		291.901		
00:00:14:099		1.4247e+07		-1.42563		0		0		6.34401e+06		838.717			00:00:14:099		5.26697e+06		166.843		112.278		0		0.638398		291.993		
00:00:14:050		1.4252e+07		-1.41795		0		11.1594		6.34894e+06		839.36			00:00:14:050		5.28421e+06		166.843		112.278		0		0.638398		292.039		
00:00:13:900		1.42676e+07		-1.39477		0		0		6.36374e+06		841.283			00:00:13:900		5.33742e+06		165.625		110.817		0		0.627765		292.176		
00:00:13:800		1.42784e+07		-1.37934		0		0		6.37362e+06		842.565			00:00:13:800		5.37418e+06		165.625		110.817		0		0.627765		292.269		
00:00:13:599		1.42999e+07		-1.34832		0		0		6.39339e+06		845.086			00:00:13:599		5.45086e+06		164.399		109.33		0		0.61709		292.46		
00:00:13:599		1.42999e+07		-1.34832		0		0		6.39339e+06		845.086			00:00:13:599		5.45086e+06		164.399		109.33		0		0.61709		292.46		
00:00:13:500		1.43106e+07		-1.33272		0		0		6.40331e+06		846.322			00:00:13:500		5.49081e+06		163.165		109.33		0		0.61709		292.556		
00:00:13:400		1.43213e+07		-1.31708		0		0		6.41328e+06		847.536			00:00:13:400		5.53185e+06		163.165		107.819		0		0.606372		292.654		
00:00:13:300		1.4332e+07		-1.30139		0		0		6.42334e+06		848.738			00:00:13:300		5.57402e+06		163.165		107.819		0		0.606372		292.753		
00:00:13:199		1.43426e+07		-1.28565		0		0		6.43352e+06		849.911			00:00:13:199		5.61731e+06		161.923		106.282		0		0.595608		292.853		
00:00:13:099		1.43532e+07		-1.26985		0		0		6.44387e+06		851.069			00:00:13:099		5.66177e+06		161.923		106.282		0		0.595608		292.954		
00:00:13:000		1.43637e+07		-1.254		0.0665219		0		6.45445e+06		852.22			00:00:13:000		5.70741e+06		160.672		106.282		0		0.595608		293.056		
00:00:12:900		1.43742e+07		-1.2381		0.199629		0		6.46534e+06		853.397			00:00:12:900		5.75424e+06		160.672		104.719		0		0.584795		293.158		
00:00:12:800		1.43847e+07		-1.22214		0.33191		0		6.47659e+06		854.632			00:00:12:800		5.80229e+06		160.672		104.719		0		0.584795		293.261		
00:00:12:800		1.43847e+07		-1.22214		0.33191		0		6.47659e+06		854.632			00:00:12:800		5.80229e+06		160.672		104.719		0		0.584795		293.261		
00:00:12:599		1.44054e+07		-1.19006		0.591337		0		6.50024e+06		857.374			00:00:12:599		5.90214e+06		159.412		103.133		0		0.573929		293.467		
00:00:12:599		1.44054e+07		-1.19006		0.591337		0		6.50024e+06		857.374			00:00:12:599		5.90214e+06		159.412		103.133		0		0.573929		293.467		
00:00:12:400		1.44256e+07		-1.15776		0.839559		0		6.52512e+06		860.449			00:00:12:400		6.00717e+06		158.144		101.524		0		0.563008		293.676		
00:00:12:300		1.44354e+07		-1.14152		0.958022		0		6.53777e+06		861.991			00:00:12:300		6.06169e+06		158.144		101.524		0		0.563008		293.781		
00:00:12:300		1.44354e+07		-1.14152		0.958022		0		6.53777e+06		861.991			00:00:12:300		6.06169e+06		158.144		101.524		0		0.563008		293.781		
00:00:12:099		1.44543e+07		-1.10898		1.18137		0		6.563e+06		863.78			00:00:12:099		6.17489e+06		156.867		99.8917		0		0.552028		293.99		
00:00:12:000		1.4464e+07		-1.0928		1.28554		0		6.57523e+06		861.659			00:00:12:000		6.23362e+06		155.581		99.8917		0		0.552028		294.095		
00:00:11:900		1.44743e+07		-1.07665		1.38447		0		6.58688e+06		852.045			00:00:11:900		6.29385e+06		155.581		98.2358		0		0.54093		294.2		
00:00:11:800		1.44847e+07		-1.06039		1.478		0		6.59769e+06		816.223			00:00:11:800		6.35574e+06		155.581		98.2358		0		0.54093		294.305		
00:00:11:699		1.44944e+07		-1.04406		1.56626		0		6.60763e+06		778.738			00:00:11:699		6.40528e+06		154.285		96.558		0		0.529676		294.411		
00:00:11:599		1.45041e+07		-1.02761		1.6491		0		6.61682e+06		743.29			00:00:11:599		6.44213e+06		154.285		96.558		0		0.529676		294.516		
00:00:11:599		1.45041e+07		-1.02761		1.6491		0		6.61682e+06		743.29			00:00:11:599		6.44213e+06		154.285		96.558		0		0.529676		294.516		
00:00:11:500		1.45131e+07		-1.01112		1.72606		0		6.62534e+06		711.231			00:00:11:500		6.47002e+06		152.978		96.558		0		0.529676		294.623		
00:00:11:400		1.4522e+07		-0.994564		1.79663		0		6.63327e+06		682.955			00:00:11:400		6.49151e+06		152.978		94.86		0		0.518311		294.73		
00:00:11:300		1.45299e+07		-0.977844		1.86301		0		6.64069e+06		658.438			00:00:11:300		6.50837e+06		152.978		94.86		0		0.518311		294.837		
00:00:11:150		1.4541e+07		-0.953011		1.96049		0		6.65099e+06		628.092			00:00:11:150		6.52766e+06		151.663		93.1433		0		0.506867		294.999		
00:00:11:050		1.45487e+07		-0.936664		2.02246		0		6.6574e+06		611.489			00:00:11:050		6.53782e+06		151.663		93.1433		0		0.506867		295.108		
00:00:10:949		1.45569e+07		-0.920506		2.08702		0		6.66349e+06		597.424			00:00:10:949		6.54648e+06		150.343		91.4095		0		0.495367		295.218		
00:00:10:849		1.45657e+07		-0.904561		2.15329		6.16516		6.66931e+06		585.565			00:00:10:849		6.554e+06		150.343		91.4095		0		0.495367		295.329		
00:00:10:699		1.45804e+07		-0.880999		2.2428		0		6.67761e+06		571.223			00:00:10:699		6.56369e+06		149.017		89.6605		0		0.483825		295.497		
00:00:10:599		1.4591e+07		-0.865404		2.29813		3.73013		6.6829e+06		563.552			00:00:10:599		6.5694e+06		149.017		89.6605		0		0.483825		295.497		
00:00:10:599		1.4591e+07		-0.865404		2.29813		3.73013		6.6829e+06		563.552			00:00:10:599		6.5694e+06		149.017		89.6605		0		0.483825		295.61		
00:00:10:400		1.46123e+07		-0.834262		2.38538		3.98252		6.69299e+06		551.729			00:00:10:400		6.57956e+06		147.686		87.8981		0		0.472249		295.84		
00:00:10:400		1.46123e+07		-0.834262		2.38538		3.98252		6.69299e+06		551.729			00:00:10:400		6.57956e+06		147.686		87.8981		0		0.472249		295.84		
00:00:10:300		1.46229e+07		-0.818708		2.42502		3.98252		6.69782e+06		547.19			00:00:10:300		6.58421e+06		147.686		87.8981		0		0.472249		295.956		
00:00:10:199		1.46335e+07		-0.803168		2.46234		3.85735		6.70253e+06		543.348			00:00:10:199		6.58865e+06		146.35		86.1242		0		0.460644		296.074		
00:00:09:949		1.46599e+07		-0.764393		2.54768		0		6.71384e+06		536.066			00:00:09:949		6.59919e+06		145.01		84.341		0		0.449016		296.375		
00:00:09:949		1.46599e+07		-0.764393		2.54768		0		6.71384e+06		536.066			00:00:09:949		6.59919e+06		145.01		84.341		0		0.449016		296.375		
00:00:09:849		1.46704e+07		-0.748925		2.57901		0		6.71821e+06		534.19			00:00:09:849		6.60307e+06		145.01		84.341		0		0.449016		296.497		
00:00:09:650		1.46914e+07		-0.718078		2.63427		0		6.7267e+06		531.358			00:00:09:650		6.61054e+06		143.667		82.5511		0		0.437365		296.748		
00:00:09:650		1.46914e+07		-0.718078		2.63427		0		6.7267e+06		531.358			00:00:09:650		6.61054e+06		143.667		82.5511		0		0.437365		296.748		
00:00:09:550		1.47018e+07		-0.702701		2.65943		0		6.73083e+06		530.384			00:00:09:550		6.61412e+06		143.667		82.5511		0		0.437365		296.875		
00:00:09:449		1.47122e+07		-0.687366		2.68307		0		6.73488e+06		529.625			00:00:09:449		6.61763e+06		142.319		80.7572		0		0.425696		297.002		
00:00:09:349		1.47226e+07		-0.67208		2.70552		0		6.73885e+06		529.053			00:00:09:349		6.62107e+06		142.319		80.7572		0		0.425696		297.13		
00:00:09:250		1.4733e+07		-0.656838		2.72725		0		6.74276e+06		528.648			00:00:09:250		6.62445e+06		140.969		80.7572		0		0.425696		297.259		
00:00:09:150		1.47433e+07		-0.641644		2.74804		0		6.74661e+06		528.346			00:00:09:150		6.62778e+06		140.969		78.9625		0		0.414008		297.389		
00:00:09:050		1.47536e+07		-0.626503		2.76737		0		6.75039e+06		528.079			00:00:09:050		6.63107e+06		140.969		78.9625		0		0.414008		297.521		
00:00:08:949		1.47639e+07		-0.611416		2.78554		0		6.75408e+06		527.906			00:00:08:949		6.63431e+06		139.617		77.1705		0		0.402305		297.654		
00:00:08:849		1.47741e+07		-0.596392		2.80267		0		6.7577e+06		527.985			00:00:08:849		6.63743e+06		139.617		77.1705		0		0.402305		297.789		
00:00:08:650		1.47945e+07		-0.566549		2.83339		0		6.76472e+06		528.48			00:00:08:650		6.64335e+06		138.263		75.3842		0		0.390586		298.065		
00:00:08:650		1.47945e+07		-0.566549		2.83339		0		6.76472e+06		528.48			00:00:08:650		6.64335e+06		138.263		75.3842		0		0.390586		298.065		
00:00:08:550		1.48047e+07		-0.551733		2.84743		3.73013		6.76813e+06		528.681			00:00:08:550		6.64629e+06		138.263		75.3842		0		0.390586		298.205		
00:00:08:400		1.48199e+07		-0.529644		2.86698		3.73013		6.7732e+06		529.153			00:00:08:400		6.65068e+06		136.908		73.6081		0		0.378852		298.417		
00:00:08:300		1.48299e+07		-0.515021		2.87951		3.46914		6.77661e+06		529.63			00:00:08:300		6.6536e+06		136.908		73.6081		0		0.378852		298.561		
00:00:08:199		1.484e+07		-0.500485		2.89169		0		6.78004e+06		530.132			00:00:08:199		6.65652e+06		135.552		71.8478		0		0.367104		298.706		
00:00:08:099		1.485e+07		-0.486042		2.90277		0		6.78344e+06		530.67			00:00:08:099		6.65942e+06		135.552		71.8478		0		0.367104		298.853		
00:00:08:000		1.486e+07		-0.471697		2.9129		0		6.78679e+06		531.257			00:00:08:000		6.66227e+06		134.196		71.8478		0		0.367104		299.001		
00:00:07:900		1.487e+07		-0.45745		2.9226		0		6.7901e+06		531.947			00:00:07:900		6.66506e+06		134.196		70.1085		0		0.355343		299.15		
00:00:07:799		1.488e+07		-0.443308		2.93177		0		6.79338e+06		533.291			00:00:07:799		6.66774e+06		134.196		70.1085		0		0.355343		299.301		
00:00:07:700		1.489e+07		-0.429269		2.93988		0		6.79662e+06		534.632			00:00:07:700		6.67036e+06		132.84		68.3961		0		0.343571		299.453		
00:00:07:599		1.48999e+07		-0.415335		2.94741		3.85735		6.79983e+06		535.967			00:00:07:599		6.67293e+06		132.84		68.3961		0		0.343571		299.607		
00:00:07:500		1.49099e+07		-0.401505		2.95476		3.85735		6.80298e+06		537.304			00:00:07:500		6.67546e+06		131.486		68.3961		0		0.343571		299.763		
00:00:07:400		1.49198e+07		-0.387792		2.96176		0		6.80611e+06		538.638			00:00:07:400		6.67796e+06		131.486		66.7165		0		0.331787		299.921		
00:00:07:299		1.49297e+07		-0.374196		2.96801		0		6.8092e+06		539.967			00:00:07:299		6.68041e+06		131.486		66.7165		0		0.331787		300.08		
00:00:07:250		1.49347e+07		-0.367443		2.97091		0		6.81072e+06		540.623			00:00:07:250		6.68162e+06		130.134		66.7165		0		0.331787		300.161		
00:00:07:150		1.49446e+07		-0.354036		2.97624		0		6.81375e+06		541.908			00:00:07:150		6.68403e+06		130.134		65.0756		0		0.319993		300.323		
00:00:07:000		1.49594e+07		-0.334186		2.9818		0		6.81819e+06		543.701			00:00:07:000		6.6876e+06		128.785		65.0756		0		0.319993		300.566		
00:00:06:900		1.49693e+07		-0.321111		2.98573		0		6.82108e+06		544.738			00:00:06:900		6.68999e+06		128.785		63.4794		0		0.308187		300.73		
00:00:06:799		1.49792e+07		-0.308149		2.98939		0		6.82392e+06		545.519			00:00:06:799		6.69244e+06		128.785		63.4794		0		0.308187		300.895		
00:00:06:700		1.49892e+07		-0.295301		2.99317		0		6.82669e+06		545.9			00:00:06:700		6.69501e+06		127.441		61.9317		0		0.29637		301.062		
00:00:06:599		1.49992e+07		-0.282578		2.99564		0		6.8294e+06		546.268			00:00:06:599		6.69757e+06		127.441		61.9317		0		0.29637		301.231		
00:00:06:500		1.50092e+07		-0.270004		2.99735		0		6.83204e+06		546.628			00:00:06:500		6.70006e+06		126.101		61.9317		0		0.29637		301.402		
00:00:06:400		1.50194e+07		-0.257554		2.99903		0		6.83461e+06		546.986			00:00:06:400		6.7025e+06		126.101		60.4315		0		0.284543		301.575		
00:00:06:299		1.50296e+07		-0.245224		3.00036		0		6.83712e+06		547.333			00:00:06:299		6.70487e+06		126.101		60.4315		0		0.284543		301.749		
00:00:06:200		1.50398e+07		-0.233009		3.00068		0		6.83956e+06		547.68			00:00:06:200		6.70717e+06		124.769		58.9685		0		0.272705		301.926		
00:00:06:099		1.50502e+07		-0.220895		3.00002		0		6.84194e+06		548.024			00:00:06:099		6.70941e+06		124.769		58.9685		0		0.272705		302.105		
00:00:06:000		1.50606e+07		-0.208868		2.99999		0		6.84425e+06		548.37			00:00:06:000		6.71159e+06		123.443		58.9685		0		0.272705		302.285		
00:00:05:900		1.50712e+07		-0.196924		2.99854		0		6.84652e+06		548.733			00:00:05:900		6.7137e+06		123.443		57.5277		0		0.260859		302.466		
00:00:05:900		1.50712e+07		-0.196924		2.99854		0		6.84652e+06		548.733			00:00:05:900		6.7137e+06		123.443		57.5277		0		0.260859		302.466		
00:00:05:549		1.51042e+07		-0.155198		2.98823		0		6.85392e+06		549.917			00:00:05:549		6.72059e+06		122.128		56.1106		0		0.249003		303.118		
00:00:05:549		1.51042e+07		-0.155198		2.98823		0		6.85392e+06		549.917			00:00:05:549		6.72059e+06		122.128		56.1106		0		0.249003		303.118		
00:00:05:549		1.51042e+07		-0.155198		2.98823		0		6.85392e+06		549.917			00:00:05:549		6.72059e+06		122.128		56.1106		0		0.249003		303.118		
00:00:05:450		1.51129e+07		-0.143542		2.98481		0		6.85588e+06		550.237			00:00:05:450		6.72241e+06		120.823		54.7192		0		0.23714		303.308		
00:00:05:349		1.51217e+07		-0.13204		2.98078		0		6.85777e+06		550.555			00:00:05:349		6.72417e+06		120.823		54.7192		0		0.23714		303.498		
00:00:05:150		1.51397e+07		-0.10952		2.96944		0		6.86136e+06		551.152			00:00:05:150		6.7275e+06		119.53		53.355		0		0.22527		303.883		
00:00:05:150		1.51397e+07		-0.10952		2.96944		0		6.86136e+06		551.152			00:00:05:150		6.7275e+06		119.53		53.355		0		0.22527		303.883		
00:00:05:049		1.51489e+07		-0.0984774		2.96351		0		6.86306e+06		551.426			00:00:05:049		6.72907e+06		119.53		53.355		0		0.22527		304.078		
00:00:04:950		1.51583e+07		-0.0875554		2.95707		0		6.8647e+06		551.684			00:00:04:950		6.7306e+06		118.252		52.02		0		0.213393		304.275		
00:00:04:849		1.51673e+07		-0.0767827		2.94925		0		6.86628e+06		551.918			00:00:04:849		6.73207e+06		118.252		52.02		0		0.213393		304.474		
00:00:04:650		1.51861e+07		-0.0557303		2.93059		0		6.8693e+06		552.326			00:00:04:650		6.73491e+06		116.99		50.716		0		0.20151		304.877		
00:00:04:650		1.51861e+07		-0.0557303		2.93059		0		6.8693e+06		552.326			00:00:04:650		6.73491e+06		116.99		50.716		0		0.20151		304.877		
00:00:04:549		1.51955e+07		-0.0454254		2.92127		0		6.87075e+06		552.514			00:00:04:549		6.73629e+06		116.99		50.716		0		0.20151		305.079		
00:00:04:450		1.52049e+07		-0.035244		2.91216		0		6.87217e+06		552.718			00:00:04:450		6.73763e+06		115.748		49.445		0		0.189621		305.283		
00:00:04:349		1.52143e+07		-0.0251923		2.90243		0		6.87357e+06		552.941			00:00:04:349		6.73894e+06		115.748		49.445		0		0.189621		305.487		
00:00:04:250		1.52236e+07		-0.0152788		2.88994		0		6.87494e+06		553.172			00:00:04:250		6.74021e+06		114.527		49.445		0		0.189621		305.693		
00:00:04:150		1.5233e+07		-0.00550699		2.87651		11.9216		6.87625e+06		553.384			00:00:04:150		6.74142e+06		114.527		48.2091		0		0.177727		305.897		
00:00:04:049		1.52422e+07		0.00411797		2.86457		24.9659		6.87749e+06		553.544			00:00:04:049		6.74257e+06		114.527		48.2091		0		0.177727		306.102		
00:00:03:950		1.52515e+07		0.0135932		2.85456		35.8171		6.87865e+06		553.657			00:00:03:950		6.74368e+06		113.329		47.0103		0		0.165828		306.307		
00:00:03:850		1.52607e+07		0.0229092		2.8426		45.5326		6.87973e+06		553.682			00:00:03:850		6.74473e+06		113.329		47.0103		0		0.165828		306.513		
00:00:03:649		1.52791e+07		0.0409513		2.80494		62.9493		6.88158e+06		553.31			00:00:03:649		6.74673e+06		112.159		45.8511		0		0.153925		306.926		
00:00:03:649		1.52791e+07		0.0409513		2.80494		62.9493		6.88158e+06		553.31			00:00:03:649		6.74673e+06		112.159		45.8511		0		0.153925		306.926		
00:00:03:549		1.52881e+07		0.0496459		2.78889		70.962		6.88231e+06		552.743			00:00:03:549		6.74772e+06		112.159		45.8511		0		0.153925		307.132		
00:00:03:450		1.52971e+07		0.058145		2.78289		78.7809		6.88289e+06		551.701			00:00:03:450		6.74875e+06		111.017		44.7341		0		0.142016		307.336		
00:00:03:350		1.53061e+07		0.0664735		2.77591		86.3693		6.88327e+06		549.843			00:00:03:350		6.74996e+06		111.017		44.7341		0		0.142016		307.54		
00:00:03:250		1.53153e+07		0.0746255		2.75448		93.5492		6.88338e+06		546.58			00:00:03:250		6.75155e+06		109.908		44.7341		0		0.142016		307.742		
00:00:03:149		1.53246e+07		0.0825534		2.71893		100.499		6.88317e+06		540.963			00:00:03:149		6.75391e+06		109.908		43.6627		0		0.130095		307.939		
00:00:03:049		1.5334e+07		0.0901661		2.69391		107.492		6.88261e+06		531.178			00:00:03:049		6.75773e+06		109.908		43.6627		0		0.130095		308.132		
00:00:02:950		1.53432e+07		0.097352		2.70284		114.42		6.8817e+06		521.473			00:00:02:950		6.7617e+06		108.835		42.6421		0		0.118161		308.32		
00:00:02:850		1.53515e+07		0.104057		2.71721		120.997		6.88048e+06		511.924			00:00:02:850		6.76521e+06		108.835		42.6421		0		0.118161		308.5		
00:00:02:600		1.53694e+07		0.119325		2.57214		137.78		6.87631e+06		489.363			00:00:02:600		6.77195e+06		107.802		41.6811		0		0.10622		308.914		
00:00:02:600		1.53694e+07		0.119325		2.57214		137.78		6.87631e+06		489.363			00:00:02:600		6.77195e+06		107.802		41.6811		0		0.10622		308.914		
00:00:02:500		1.53774e+07		0.125299		2.56576		145.739		6.87436e+06		481.502			00:00:02:500		6.77379e+06		106.812		41.6811		0		0.10622		309.064		
00:00:02:399		1.5386e+07		0.131083		2.6834		156.415		6.87245e+06		475.406			00:00:02:399		6.77498e+06		106.812		40.7905		0		0.0942771		309.203		
00:00:02:299		1.53945e+07		0.1366		2.75844		175.164		6.8708e+06		472.071			00:00:02:299		6.77528e+06		106.812		40.7905		0		0.0942771		309.328		
00:00:02:200		1.5403e+07		0.141866		2.79614		200.052		6.86971e+06		474.642			00:00:02:200		6.77386e+06		105.871		39.9721		0		0.0823563		309.438		
00:00:02:100		1.54115e+07		0.146904		2.82592		245.224		6.86955e+06		488.713			00:00:02:100		6.76879e+06		105.871		39.9721		0		0.0823563		309.532		
00:00:02:000		1.54201e+07		0.151708		2.84792		293.97		6.87076e+06		523.607			00:00:02:000		6.75614e+06		104.983		39.9721		0		0.0823563		309.611		
00:00:01:899		1.54288e+07		0.156233		2.86098		340.065		6.87366e+06		592.923			00:00:01:899		6.72898e+06		104.983		39.2268		0		0.070603		309.674		
00:00:01:800		1.54379e+07		0.160381		2.86788		381.209		6.87818e+06		701.404			00:00:01:800		6.68162e+06		104.983		39.2268		0		0.070603		309.722		
00:00:01:699		1.54471e+07		0.164018		2.87268		416.563		6.88365e+06		737.317			00:00:01:699		6.64367e+06		104.154		38.5541		0		0.0589295		309.757		
00:00:01:600		1.54559e+07		0.167023		2.87279		447.514		6.88983e+06		781.708			00:00:01:600		6.62091e+06		104.154		38.5541		0		0.0589295		309.783		
00:00:01:500		1.54636e+07		0.169331		2.8848		470.993		6.8964e+06		808.347			00:00:01:500		6.6046e+06		103.386		38.5541		0		0.0589295		309.801		
00:00:01:399		1.54697e+07		0.170946		2.87011		490.762		6.90302e+06		815.953			00:00:01:399		6.59854e+06		103.386		37.9542		0		0.0472454		309.815		
00:00:01:300		1.54739e+07		0.17195		2.86411		505.503		6.90952e+06		810.619			00:00:01:300		6.60925e+06		103.386		37.9542		0		0.0472454		309.825		
00:00:01:199		1.54765e+07		0.172491		2.85572		513.951		6.91582e+06		806.275			00:00:01:199		6.61922e+06		102.685		37.4282		0		0.0355218		309.833		
00:00:01:199		1.54765e+07		0.172491		2.85572		513.951		6.91582e+06		806.275			00:00:01:199		6.61922e+06		102.685		37.4282		0		0.0355218		309.833		
00:00:01:100		1.54779e+07		0.172734		2.84674		517.653		6.92177e+06		803.297			00:00:01:100		6.62798e+06		102.685		37.4282		0		0.0355218		309.839		
00:00:00:849		1.54786e+07		0.172853		2.83735		525.57		6.93762e+06		797.165			00:00:00:849		6.64876e+06		102.053		36.9776		0		0.0237566		309.845		
00:00:00:849		1.54786e+07		0.172853		2.83735		525.57		6.93762e+06		797.165			00:00:00:849		6.64876e+06		102.053		36.9776		0		0.0237566		309.845		
00:00:00:699		1.54786e+07		0.172846		2.83593		528.948		6.94754e+06		788.47			00:00:00:699		6.6646e+06		101.504		36.6056		0		0.0119328		309.846		
00:00:00:599		1.54786e+07		0.172842		2.83558		529.985		6.95354e+06		777.81			00:00:00:599		6.67762e+06		101.504		36.6056		0		0.0119328		309.846		
00:00:00:500		1.54786e+07		0.17284		2.83568		530.219		6.95862e+06		760.503			00:00:00:500		6.6939e+06		100.959		36.6056		0		0.0119328		309.846		
00:00:00:400		1.54786e+07		0.17284		2.83569		530.214		6.9624e+06		732.4			00:00:00:400		6.71542e+06		100.959		36.3834		0		0		309.846		
00:00:00:299		1.54786e+07		0.17284		2.83568		530.217		6.96449e+06		685.831			00:00:00:299		6.74604e+06		100.959		36.3834		0		0		309.846		
00:00:00:200		1.54785e+07		0.17284		2.83572		530.221		6.96484e+06		526.821			00:00:00:200		6.79496e+06		100.069		36.3837		0		0		309.846		
00:00:00:200		1.54785e+07		0.17284		2.83572		530.221		6.96484e+06		526.821			00:00:00:200		6.79496e+06		100.069		36.3837		0		0		309.846		
00:00:00:100		1.54785e+07		0.17284		2.83572		530.221		6.96484e+06		526.828			00:00:00:100		6.83115e+06		100.069		36.3837		0		0		309.846		
00:00:00:000		1.54785e+07		0.17284		2.83571		530.225		6.96483e+06		526.826			00:00:00:000		6.83115e+06		100.069		36.3837		0		0		309.846		
00:00:00:000		1.54785e+07		0.17284		2.83571		530.225		6.96483e+06		526.826			00:00:00:000		6.83115e+06		100.069		36.3837		0		0		309.846		
00:00:00:000		1.54785e+07		0.17284		2.83571		530.225		6.96483e+06		526.826			00:00:00:000		6.83115e+06		100.069		36.3837		0		0		309.846		
00:00:00:000		1.54785e+07		0.17284		2.83571		530.225		6.96483e+06		526.826			00:00:00:000		6.83115e+06		100.069		36.3837		0		0		309.846		
00:00:00:000		1.54785e+07		0.17284		2.83571		530.225		6.96483e+06		526.826			00:00:00:000		6.83115e+06		100.069		36.3837		0		0		309.846		
00:00:00:000		1.54785e+07		0.17284		2.83571		530.225		6.96483e+06		526.826			00:00:00:000		6.83115e+06		100.069		36.3837		0		0		309.846		
