	time 		gpv001pnt10113ppntm	evf507ety101mpzoyout	chtcon(1)	chavg(1)	chlhsumpa	rcptavgn			time 		rcpppzr	rcp054rcp007mnzoyout	rcv501std0102fvol	fwfrcp001gv	rcppmssga	msfsg(1)	
00:01:03:250		3.42919e+06		269.886		128.921		0		2.958		272.644			00:01:03:250		1.12723e+07		-5.56266		0		0		3.43633e+06		485.039		
00:01:03:149		3.42923e+06		269.886		129.014		0		2.94576		272.673			00:01:03:149		1.12766e+07		-5.55864		0		0		3.43747e+06		484.734		
00:01:03:149		3.42923e+06		269.886		129.014		0		2.94576		272.673			00:01:03:149		1.12766e+07		-5.55864		0		0		3.43747e+06		484.734		
00:01:03:049		3.42926e+06		269.886		129.014		0		2.94576		272.702			00:01:03:049		1.12809e+07		-5.55459		0		0		3.43914e+06		483.929		
00:01:02:950		3.42929e+06		269.613		129.11		0		2.9335		272.728			00:01:02:950		1.12852e+07		-5.55049		0		0		3.44185e+06		484.26		
00:01:02:850		3.42932e+06		269.613		129.11		0		2.9335		272.752			00:01:02:850		1.12896e+07		-5.54634		0		0		3.44715e+06		484.077		
00:01:02:750		3.42935e+06		269.339		129.11		0		2.9335		272.777			00:01:02:750		1.1294e+07		-5.54216		0		0		3.45223e+06		486.02		
00:01:02:649		3.42939e+06		269.339		129.21		0		2.92122		272.802			00:01:02:649		1.12984e+07		-5.53793		0		0		3.45696e+06		486.41		
00:01:02:549		3.42942e+06		269.339		129.21		0		2.92122		272.826			00:01:02:549		1.13029e+07		-5.53365		0		0		3.46164e+06		486.866		
00:01:02:450		3.42945e+06		269.065		129.314		0		2.90891		272.85			00:01:02:450		1.13074e+07		-5.52934		0		0		3.46644e+06		487.292		
00:01:02:250		3.42951e+06		268.788		129.314		0		2.90891		272.896			00:01:02:250		1.13166e+07		-5.52058		0		0		3.47727e+06		488.859		
00:01:02:149		3.42955e+06		268.788		129.421		0		2.89658		272.92			00:01:02:149		1.13213e+07		-5.51614		0		0		3.48337e+06		490.318		
00:01:02:149		3.42955e+06		268.788		129.421		0		2.89658		272.92			00:01:02:149		1.13213e+07		-5.51614		0		0		3.48337e+06		490.318		
00:01:02:049		3.42958e+06		268.788		129.421		0		2.89658		272.946			00:01:02:049		1.13259e+07		-5.51166		0		0		3.48958e+06		492.597		
00:01:01:950		3.42961e+06		268.512		129.533		0		2.88424		272.975			00:01:01:950		1.13304e+07		-5.50714		0		0		3.49533e+06		494.967		
00:01:01:850		3.42964e+06		268.512		129.533		0		2.88424		273.004			00:01:01:850		1.13349e+07		-5.50258		0		0		3.49808e+06		494.271		
00:01:01:750		3.42968e+06		268.237		129.533		0		2.88424		273.034			00:01:01:750		1.13394e+07		-5.49798		0		0		3.4975e+06		493.716		
00:01:01:649		3.42971e+06		268.237		129.649		0		2.87189		273.064			00:01:01:649		1.13438e+07		-5.49334		0		0		3.49877e+06		493.328		
00:01:01:549		3.42974e+06		268.237		129.649		0		2.87189		273.092			00:01:01:549		1.13482e+07		-5.48864		0		0		3.50029e+06		492.276		
00:01:01:450		3.42977e+06		267.959		129.77		0		2.85951		273.117			00:01:01:450		1.13526e+07		-5.4839		0		0		3.50292e+06		492.779		
00:01:01:350		3.4298e+06		267.959		129.77		0		2.85951		273.141			00:01:01:350		1.13571e+07		-5.4791		0		0		3.50829e+06		493.853		
00:01:01:250		3.42983e+06		267.68		129.77		0		2.85951		273.166			00:01:01:250		1.13617e+07		-5.47425		0		0		3.51336e+06		494.364		
00:01:01:149		3.42986e+06		267.68		129.895		0		2.84712		273.19			00:01:01:149		1.13663e+07		-5.46935		0		0		3.51825e+06		494.969		
00:01:01:049		3.4299e+06		267.68		129.895		0		2.84712		273.214			00:01:01:049		1.13709e+07		-5.46439		0		0		3.52307e+06		495.497		
00:01:00:899		3.42994e+06		267.402		130.025		0		2.83469		273.248			00:01:00:899		1.13779e+07		-5.45685		0		0		3.5306e+06		496.087		
00:01:00:799		3.42997e+06		267.402		130.025		0		2.83469		273.271			00:01:00:799		1.13826e+07		-5.45175		0		0		3.53621e+06		496.921		
00:01:00:700		3.43e+06		267.121		130.16		0		2.82225		273.295			00:01:00:700		1.13874e+07		-5.4466		0		0		3.54244e+06		498.481		
00:01:00:600		3.43003e+06		267.121		130.16		0		2.82225		273.321			00:01:00:600		1.13921e+07		-5.44138		0		0		3.54914e+06		501.264		
00:01:00:500		3.43007e+06		266.841		130.16		0		2.82225		273.349			00:01:00:500		1.13968e+07		-5.43609		0		0		3.55528e+06		503.472		
00:01:00:399		3.4301e+06		266.841		130.299		0		2.8098		273.379			00:01:00:399		1.14014e+07		-5.43075		0		0		3.55738e+06		502.898		
00:01:00:299		3.43013e+06		266.841		130.299		0		2.8098		273.409			00:01:00:299		1.1406e+07		-5.42535		0		0		3.55658e+06		502.086		
00:01:00:200		3.43016e+06		266.56		130.445		0		2.79733		273.438			00:01:00:200		1.14105e+07		-5.41989		0		0		3.55769e+06		501.547		
00:01:00:200		3.43016e+06		266.56		130.445		0		2.79733		273.438			00:01:00:200		1.14105e+07		-5.41989		0		0		3.55769e+06		501.547		
00:01:00:100		3.43019e+06		266.56		130.445		0		2.79733		273.466			00:01:00:100		1.1415e+07		-5.41438		0		0		3.559e+06		500.393		
00:00:59:950		3.43024e+06		266.279		130.595		0		2.78485		273.503			00:00:59:950		1.14219e+07		-5.40599		0		0		3.56432e+06		501.592		
00:00:59:950		3.43024e+06		266.279		130.595		0		2.78485		273.503			00:00:59:950		1.14219e+07		-5.40599		0		0		3.56432e+06		501.592		
00:00:59:850		3.43027e+06		266.279		130.595		0		2.78485		273.528			00:00:59:850		1.14266e+07		-5.40032		0		0		3.56971e+06		502.474		
00:00:59:750		3.4303e+06		265.996		130.595		0		2.78485		273.552			00:00:59:750		1.14313e+07		-5.39461		0		0		3.5746e+06		501.788		
00:00:59:649		3.43033e+06		265.996		130.751		0		2.77233		273.576			00:00:59:649		1.14361e+07		-5.38884		0		0		3.57951e+06		502.212		
00:00:59:450		3.43039e+06		265.713		130.913		0		2.7598		273.622			00:00:59:450		1.14457e+07		-5.37717		0		0		3.5895e+06		504.282		
00:00:59:350		3.43042e+06		265.713		130.913		0		2.7598		273.646			00:00:59:350		1.14506e+07		-5.37129		0		0		3.59523e+06		505.387		
00:00:59:250		3.43045e+06		265.429		130.913		0		2.7598		273.671			00:00:59:250		1.14555e+07		-5.36539		0		0		3.60173e+06		505.706		
00:00:59:149		3.43048e+06		265.429		131.081		0		2.74724		273.699			00:00:59:149		1.14604e+07		-5.35947		0		0		3.60876e+06		510.677		
00:00:59:149		3.43048e+06		265.429		131.081		0		2.74724		273.699			00:00:59:149		1.14604e+07		-5.35947		0		0		3.60876e+06		510.677		
00:00:59:049		3.43052e+06		265.429		131.081		0		2.74724		273.729			00:00:59:049		1.14652e+07		-5.35355		0		0		3.61384e+06		511.58		
00:00:58:950		3.43055e+06		265.145		131.256		0		2.73469		273.76			00:00:58:950		1.147e+07		-5.34763		0		0		3.6137e+06		510.299		
00:00:58:850		3.43058e+06		265.145		131.256		0		2.73469		273.791			00:00:58:850		1.14747e+07		-5.34172		0		0		3.61335e+06		509.958		
00:00:58:750		3.43061e+06		264.862		131.256		0		2.73469		273.821			00:00:58:750		1.14794e+07		-5.33581		0		0		3.61461e+06		508.888		
00:00:58:649		3.43064e+06		264.862		131.436		0		2.72211		273.85			00:00:58:649		1.14841e+07		-5.32986		0		0		3.61605e+06		508.385		
00:00:58:549		3.43068e+06		264.862		131.436		0		2.72211		273.875			00:00:58:549		1.14888e+07		-5.32387		0		0		3.62024e+06		509.614		
00:00:58:450		3.43071e+06		264.577		131.624		0		2.70951		273.902			00:00:58:450		1.14937e+07		-5.31785		0		0		3.62554e+06		510.147		
00:00:58:250		3.43077e+06		264.291		131.624		0		2.70951		273.954			00:00:58:250		1.15034e+07		-5.30567		0		0		3.63527e+06		511.182		
00:00:58:250		3.43077e+06		264.291		131.624		0		2.70951		273.954			00:00:58:250		1.15034e+07		-5.30567		0		0		3.63527e+06		511.182		
00:00:58:149		3.4308e+06		264.291		131.818		0		2.69688		273.98			00:00:58:149		1.15083e+07		-5.29953		0		0		3.6402e+06		511.717		
00:00:58:000		3.43084e+06		264.004		131.818		0		2.69688		274.019			00:00:58:000		1.15157e+07		-5.29023		0		0		3.64832e+06		512.812		
00:00:57:899		3.43087e+06		264.004		132.019		0		2.68423		274.047			00:00:57:899		1.15207e+07		-5.28401		0		0		3.65473e+06		513.139		
00:00:57:700		3.43093e+06		263.718		132.227		0		2.67158		274.112			00:00:57:700		1.15307e+07		-5.27157		0		0		3.66742e+06		519.273		
00:00:57:700		3.43093e+06		263.718		132.227		0		2.67158		274.112			00:00:57:700		1.15307e+07		-5.27157		0		0		3.66742e+06		519.273		
00:00:57:600		3.43096e+06		263.718		132.227		0		2.67158		274.146			00:00:57:600		1.15357e+07		-5.26535		0		0		3.66747e+06		517.933		
00:00:57:500		3.43099e+06		263.431		132.227		0		2.67158		274.181			00:00:57:500		1.15406e+07		-5.25913		0		0		3.66683e+06		517.659		
00:00:57:299		3.43105e+06		263.431		132.443		0		2.65891		274.249			00:00:57:299		1.15504e+07		-5.24657		0		0		3.66906e+06		514.867		
00:00:57:200		3.43108e+06		263.143		132.666		0		2.64622		274.277			00:00:57:200		1.15553e+07		-5.24022		0		0		3.67313e+06		516.962		
00:00:57:200		3.43108e+06		263.143		132.666		0		2.64622		274.277			00:00:57:200		1.15553e+07		-5.24022		0		0		3.67313e+06		516.962		
00:00:57:100		3.43111e+06		263.143		132.666		0		2.64622		274.308			00:00:57:100		1.15604e+07		-5.23381		0		0		3.67845e+06		516.373		
00:00:57:000		3.43114e+06		262.856		132.666		0		2.64622		274.338			00:00:57:000		1.15654e+07		-5.22736		0		0		3.68311e+06		516.724		
00:00:56:899		3.43117e+06		262.856		132.898		0		2.63351		274.367			00:00:56:899		1.15706e+07		-5.22086		0		0		3.68802e+06		518.402		
00:00:56:799		3.4312e+06		262.856		132.898		0		2.63351		274.396			00:00:56:799		1.15757e+07		-5.21431		0		0		3.69309e+06		518.784		
00:00:56:700		3.43123e+06		262.568		133.137		0		2.62077		274.426			00:00:56:700		1.1581e+07		-5.20773		0		0		3.69851e+06		519.617		
00:00:56:600		3.43126e+06		262.568		133.137		0		2.62077		274.456			00:00:56:600		1.15862e+07		-5.20114		0		0		3.70486e+06		519.611		
00:00:56:500		3.43129e+06		262.279		133.137		0		2.62077		274.489			00:00:56:500		1.15915e+07		-5.19455		0		0		3.71224e+06		525.047		
00:00:56:299		3.43135e+06		262.279		133.385		0		2.60803		274.561			00:00:56:299		1.16018e+07		-5.1814		0		0		3.71855e+06		525.196		
00:00:56:200		3.43138e+06		261.99		133.641		0		2.59527		274.597			00:00:56:200		1.16069e+07		-5.17483		0		0		3.71751e+06		524.786		
00:00:56:200		3.43138e+06		261.99		133.641		0		2.59527		274.597			00:00:56:200		1.16069e+07		-5.17483		0		0		3.71751e+06		524.786		
00:00:56:100		3.43141e+06		261.99		133.641		0		2.59527		274.633			00:00:56:100		1.1612e+07		-5.16824		0		0		3.7184e+06		523.61		
00:00:56:000		3.43144e+06		261.701		133.641		0		2.59527		274.667			00:00:56:000		1.16171e+07		-5.1616		0		0		3.7193e+06		522.753		
00:00:55:850		3.43149e+06		261.701		133.906		0		2.58249		274.711			00:00:55:850		1.16249e+07		-5.15155		0		0		3.72603e+06		524.48		
00:00:55:750		3.43152e+06		261.411		133.906		0		2.58249		274.741			00:00:55:750		1.16301e+07		-5.1448		0		0		3.73086e+06		524.847		
00:00:55:649		3.43155e+06		261.411		134.18		0		2.56969		274.77			00:00:55:649		1.16354e+07		-5.138		0		0		3.73537e+06		525.204		
00:00:55:600		3.43156e+06		261.411		134.18		0		2.56969		274.784			00:00:55:600		1.1638e+07		-5.13458		0		0		3.73763e+06		523.906		
00:00:55:500		3.43159e+06		261.121		134.18		0		2.56969		274.811			00:00:55:500		1.16434e+07		-5.12772		0		0		3.74252e+06		525.461		
00:00:55:399		3.43162e+06		261.121		134.462		0		2.55687		274.84			00:00:55:399		1.16488e+07		-5.12083		0		0		3.74844e+06		526.732		
00:00:55:299		3.43165e+06		261.121		134.462		0		2.55687		274.871			00:00:55:299		1.16542e+07		-5.11395		0		0		3.75571e+06		530.247		
00:00:55:200		3.43168e+06		260.831		134.754		0		2.54403		274.905			00:00:55:200		1.16596e+07		-5.10708		0		0		3.76325e+06		532.951		
00:00:55:100		3.43171e+06		260.831		134.754		0		2.54403		274.939			00:00:55:100		1.16649e+07		-5.10021		0		0		3.76555e+06		532.302		
00:00:55:000		3.43174e+06		260.54		134.754		0		2.54403		274.974			00:00:55:000		1.16701e+07		-5.09333		0		0		3.76372e+06		531.327		
00:00:54:899		3.43177e+06		260.54		135.055		0		2.53119		275.008			00:00:54:899		1.16754e+07		-5.08643		0		0		3.76388e+06		530.19		
00:00:54:799		3.4318e+06		260.54		135.055		0		2.53119		275.04			00:00:54:799		1.16807e+07		-5.07949		0		0		3.76463e+06		529.277		
00:00:54:700		3.43183e+06		260.25		135.365		0		2.51833		275.068			00:00:54:700		1.1686e+07		-5.07248		0		0		3.76832e+06		530.284		
00:00:54:600		3.43186e+06		260.25		135.365		0		2.51833		275.098			00:00:54:600		1.16914e+07		-5.06543		0		0		3.77379e+06		530.967		
00:00:54:500		3.43188e+06		259.958		135.365		0		2.51833		275.127			00:00:54:500		1.16968e+07		-5.05834		0		0		3.77829e+06		530.141		
00:00:54:350		3.43193e+06		259.958		135.685		0		2.50544		275.171			00:00:54:350		1.1705e+07		-5.04764		0		0		3.78529e+06		530.172		
00:00:54:250		3.43196e+06		259.666		135.685		0		2.50544		275.203			00:00:54:250		1.17105e+07		-5.0405		0		0		3.79106e+06		533.553		
00:00:54:149		3.43199e+06		259.666		136.014		0		2.49253		275.238			00:00:54:149		1.1716e+07		-5.03337		0		0		3.79867e+06		537.135		
00:00:54:049		3.43201e+06		259.666		136.014		0		2.49253		275.275			00:00:54:049		1.17215e+07		-5.02627		0		0		3.80496e+06		538.784		
00:00:54:049		3.43201e+06		259.666		136.014		0		2.49253		275.275			00:00:54:049		1.17215e+07		-5.02627		0		0		3.80496e+06		538.784		
00:00:53:950		3.43204e+06		259.374		136.354		0		2.47961		275.312			00:00:53:950		1.17269e+07		-5.01917		0		0		3.80501e+06		537.085		
00:00:53:850		3.43207e+06		259.374		136.354		0		2.47961		275.35			00:00:53:850		1.17322e+07		-5.01208		0		0		3.80416e+06		536.218		
00:00:53:750		3.4321e+06		259.085		136.354		0		2.47961		275.386			00:00:53:750		1.17376e+07		-5.00498		0		0		3.80496e+06		534.866		
00:00:53:649		3.43213e+06		259.085		136.703		0		2.46668		275.42			00:00:53:649		1.1743e+07		-4.99785		0		0		3.80728e+06		533.812		
00:00:53:549		3.43216e+06		259.085		136.703		0		2.46668		275.452			00:00:53:549		1.17485e+07		-4.9907		0		0		3.8129e+06		536.084		
00:00:53:299		3.43223e+06		258.798		137.062		0		2.45372		275.537			00:00:53:299		1.17623e+07		-4.97282		0		0		3.82597e+06		538.368		
00:00:53:250		3.43225e+06		258.513		137.062		0		2.45372		275.556			00:00:53:250		1.17651e+07		-4.96926		0		0		3.82934e+06		540.038		
00:00:53:250		3.43225e+06		258.513		137.062		0		2.45372		275.556			00:00:53:250		1.17651e+07		-4.96926		0		0		3.82934e+06		540.038		
00:00:53:149		3.43228e+06		258.513		137.427		0		2.44075		275.595			00:00:53:149		1.17706e+07		-4.96215		0		0		3.83643e+06		542.294		
00:00:53:049		3.4323e+06		258.513		137.427		0		2.44075		275.635			00:00:53:049		1.1776e+07		-4.95506		0		0		3.83971e+06		542.404		
00:00:52:950		3.43233e+06		258.229		137.798		0		2.42777		275.675			00:00:52:950		1.17814e+07		-4.94797		0		0		3.83888e+06		541.65		
00:00:52:799		3.43237e+06		258.229		137.798		0		2.42777		275.735			00:00:52:799		1.17895e+07		-4.93732		0		0		3.8403e+06		540.159		
00:00:52:700		3.4324e+06		257.945		138.176		0		2.41476		275.772			00:00:52:700		1.17949e+07		-4.93016		0		0		3.842e+06		538.563		
00:00:52:600		3.43243e+06		257.945		138.176		0		2.41476		275.805			00:00:52:600		1.18004e+07		-4.92297		0		0		3.84717e+06		539.838		
00:00:52:500		3.43246e+06		257.66		138.176		0		2.41476		275.841			00:00:52:500		1.18058e+07		-4.91576		0		0		3.85268e+06		541.272		
00:00:52:399		3.43249e+06		257.66		138.56		0		2.40173		275.878			00:00:52:399		1.18113e+07		-4.90855		0		0		3.85782e+06		541.918		
00:00:52:200		3.43254e+06		257.375		138.951		0		2.38869		275.956			00:00:52:200		1.18223e+07		-4.89414		0		0		3.87154e+06		547.921		
00:00:52:200		3.43254e+06		257.375		138.951		0		2.38869		275.956			00:00:52:200		1.18223e+07		-4.89414		0		0		3.87154e+06		547.921		
00:00:52:100		3.43257e+06		257.375		138.951		0		2.38869		275.997			00:00:52:100		1.18277e+07		-4.88695		0		0		3.87523e+06		547.398		
00:00:52:000		3.4326e+06		257.088		138.951		0		2.38869		276.037			00:00:52:000		1.18331e+07		-4.87975		0		0		3.87423e+06		546.275		
00:00:51:950		3.43263e+06		257.088		139.349		0		2.37564		276.077			00:00:51:950		1.18385e+07		-4.87254		0		0		3.87485e+06		545.031		
00:00:51:799		3.43265e+06		257.088		139.349		0		2.37564		276.115			00:00:51:799		1.18439e+07		-4.86529		0		0		3.87643e+06		544.206		
00:00:51:700		3.43268e+06		256.799		139.755		0		2.36256		276.149			00:00:51:700		1.18494e+07		-4.858		0		0		3.88103e+06		545.439		
00:00:51:600		3.43271e+06		256.799		139.755		0		2.36256		276.186			00:00:51:600		1.18549e+07		-4.85071		0		0		3.88747e+06		546.592		
00:00:51:549		3.43272e+06		256.799		139.755		0		2.36256		276.205			00:00:51:549		1.18577e+07		-4.84706		0		0		3.89042e+06		547.633		
00:00:51:399		3.43277e+06		256.509		140.167		0		2.34947		276.266			00:00:51:399		1.18659e+07		-4.83614		0		0		3.90004e+06		550.914		
00:00:51:200		3.43282e+06		256.218		140.587		0		2.33637		276.348			00:00:51:200		1.18768e+07		-4.82158		0		0		3.90293e+06		549.98		
00:00:51:200		3.43282e+06		256.218		140.587		0		2.33637		276.348			00:00:51:200		1.18768e+07		-4.82158		0		0		3.90293e+06		549.98		
00:00:51:100		3.43286e+06		256.218		140.587		0		2.33637		276.388			00:00:51:100		1.18822e+07		-4.81428		0		0		3.90424e+06		549.247		
00:00:51:000		3.43288e+06		255.921		140.587		0		2.33637		276.426			00:00:51:000		1.18876e+07		-4.80695		0		0		3.90586e+06		548.303		
00:00:50:899		3.43291e+06		255.921		141.015		0		2.32324		276.462			00:00:50:899		1.18931e+07		-4.79958		0		0		3.91027e+06		549.532		
00:00:50:799		3.43294e+06		255.921		141.015		0		2.32324		276.499			00:00:50:799		1.18986e+07		-4.7922		0		0		3.91682e+06		549.067		
00:00:50:700		3.43296e+06		255.619		141.451		0		2.31009		276.539			00:00:50:700		1.19041e+07		-4.78482		0		0		3.9231e+06		553.094		
00:00:50:600		3.43299e+06		255.619		141.451		0		2.31009		276.58			00:00:50:600		1.19096e+07		-4.77744		0		0		3.92979e+06		555.575		
00:00:50:500		3.43302e+06		255.307		141.451		0		2.31009		276.621			00:00:50:500		1.19151e+07		-4.77007		0		0		3.93288e+06		555.012		
00:00:50:299		3.43307e+06		255.307		141.897		0		2.29693		276.702			00:00:50:299		1.1926e+07		-4.75528		0		0		3.93429e+06		553.325		
00:00:50:200		3.4331e+06		254.979		142.353		0		2.28375		276.741			00:00:50:200		1.19314e+07		-4.74786		0		0		3.93642e+06		552.675		
00:00:50:200		3.4331e+06		254.979		142.353		0		2.28375		276.741			00:00:50:200		1.19314e+07		-4.74786		0		0		3.93642e+06		552.675		
00:00:50:100		3.43313e+06		254.979		142.353		0		2.28375		276.778			00:00:50:100		1.19369e+07		-4.74041		0		0		3.94155e+06		552.636		
00:00:49:950		3.43317e+06		254.621		142.822		0		2.27055		276.839			00:00:49:950		1.19452e+07		-4.72925		0		0		3.95175e+06		557.797		
00:00:49:850		3.43319e+06		254.621		142.822		0		2.27055		276.881			00:00:49:850		1.19507e+07		-4.72182		0		0		3.95676e+06		558.534		
00:00:49:750		3.43322e+06		254.214		142.822		0		2.27055		276.922			00:00:49:750		1.19561e+07		-4.71438		0		0		3.95817e+06		557.823		
00:00:49:649		3.43325e+06		254.214		143.306		0		2.25734		276.964			00:00:49:649		1.19616e+07		-4.70693		0		0		3.95964e+06		557.371		
00:00:49:549		3.43327e+06		254.214		143.306		0		2.25734		277.004			00:00:49:549		1.19671e+07		-4.69946		0		0		3.96182e+06		556.358		
00:00:49:450		3.4333e+06		254.16		143.792		0		2.24411		277.042			00:00:49:450		1.19726e+07		-4.69196		0		0		3.96542e+06		557.154		
00:00:49:350		3.43333e+06		254.16		143.792		0		2.24411		277.081			00:00:49:350		1.19781e+07		-4.68447		0		0		3.97258e+06		559.745		
00:00:49:299		3.43334e+06		254.16		143.792		0		2.24411		277.102			00:00:49:299		1.19809e+07		-4.68072		0		0		3.97617e+06		561.033		
00:00:49:200		3.43337e+06		254.107		144.281		0		2.23086		277.144			00:00:49:200		1.19864e+07		-4.67324		0		0		3.98164e+06		562.152		
00:00:49:100		3.43339e+06		254.107		144.281		0		2.23086		277.186			00:00:49:100		1.19919e+07		-4.66576		0		0		3.98348e+06		561.322		
00:00:48:950		3.43343e+06		254.056		144.772		0		2.21759		277.248			00:00:48:950		1.20002e+07		-4.65456		0		0		3.98591e+06		560.616		
00:00:48:850		3.43346e+06		254.056		144.772		0		2.21759		277.288			00:00:48:850		1.20057e+07		-4.64711		0		0		3.98847e+06		559.769		
00:00:48:750		3.43348e+06		254.006		144.772		0		2.21759		277.327			00:00:48:750		1.20112e+07		-4.63971		0		0		3.99301e+06		561.536		
00:00:48:649		3.43351e+06		254.006		145.266		0		2.20431		277.367			00:00:48:649		1.20166e+07		-4.63235		0		0		4.00048e+06		564.141		
00:00:48:549		3.43354e+06		254.006		145.266		0		2.20431		277.409			00:00:48:549		1.20219e+07		-4.625		0		0		4.00626e+06		565.481		
00:00:48:450		3.43356e+06		253.957		145.763		0		2.19101		277.451			00:00:48:450		1.20273e+07		-4.61765		0		0		4.00878e+06		564.875		
00:00:48:350		3.43359e+06		253.957		145.763		0		2.19101		277.492			00:00:48:350		1.20326e+07		-4.61029		0		0		4.01021e+06		563.958		
00:00:48:250		3.43361e+06		253.91		145.763		0		2.19101		277.533			00:00:48:250		1.20379e+07		-4.60292		0		0		4.01296e+06		564.008		
00:00:48:149		3.43364e+06		253.91		146.262		0		2.17769		277.573			00:00:48:149		1.20432e+07		-4.59552		0		0		4.01592e+06		563.857		
00:00:48:149		3.43364e+06		253.91		146.262		0		2.17769		277.573			00:00:48:149		1.20432e+07		-4.59552		0		0		4.01592e+06		563.857		
00:00:48:049		3.43367e+06		253.91		146.262		0		2.17769		277.611			00:00:48:049		1.20486e+07		-4.58812		0		0		4.02165e+06		566.377		
00:00:47:950		3.43369e+06		253.863		146.763		0		2.16435		277.653			00:00:47:950		1.20539e+07		-4.58072		0		0		4.02876e+06		568.49		
00:00:47:850		3.43372e+06		253.863		146.763		0		2.16435		277.694			00:00:47:850		1.20593e+07		-4.57331		0		0		4.03293e+06		568.465		
00:00:47:649		3.43377e+06		253.818		147.265		0		2.151		277.776			00:00:47:649		1.207e+07		-4.55848		0		0		4.03725e+06		568.189		
00:00:47:649		3.43377e+06		253.818		147.265		0		2.151		277.776			00:00:47:649		1.207e+07		-4.55848		0		0		4.03725e+06		568.189		
00:00:47:450		3.43382e+06		253.774		147.77		0		2.13763		277.858			00:00:47:450		1.20807e+07		-4.54362		0		0		4.04569e+06		570.12		
00:00:47:450		3.43382e+06		253.774		147.77		0		2.13763		277.858			00:00:47:450		1.20807e+07		-4.54362		0		0		4.04569e+06		570.12		
00:00:47:200		3.43388e+06		253.731		148.276		0		2.12424		277.96			00:00:47:200		1.2094e+07		-4.52503		0		0		4.05472e+06		570.805		
00:00:47:100		3.43391e+06		253.731		148.276		0		2.12424		278.001			00:00:47:100		1.20994e+07		-4.51758		0		0		4.05828e+06		571.32		
00:00:47:100		3.43391e+06		253.731		148.276		0		2.12424		278.001			00:00:47:100		1.20994e+07		-4.51758		0		0		4.05828e+06		571.32		
00:00:47:000		3.43393e+06		253.688		148.276		0		2.12424		278.042			00:00:47:000		1.21047e+07		-4.51013		0		0		4.06231e+06		572.127		
00:00:46:950		3.43394e+06		253.688		148.783		0		2.11084		278.062			00:00:46:950		1.21074e+07		-4.5064		0		0		4.0644e+06		572.605		
00:00:46:850		3.43397e+06		253.688		148.783		0		2.11084		278.103			00:00:46:850		1.21127e+07		-4.49895		0		0		4.06841e+06		572.118		
00:00:46:750		3.43399e+06		253.648		148.783		0		2.11084		278.144			00:00:46:750		1.2118e+07		-4.49149		0		0		4.07202e+06		573.269		
00:00:46:649		3.43402e+06		253.648		149.291		0		2.09742		278.184			00:00:46:649		1.21234e+07		-4.48403		0		0		4.07555e+06		573.661		
00:00:46:500		3.43406e+06		253.608		149.291		0		2.09742		278.245			00:00:46:500		1.21314e+07		-4.47284		0		0		4.08138e+06		574.639		
00:00:46:399		3.43408e+06		253.608		149.8		0		2.08398		278.286			00:00:46:399		1.21367e+07		-4.46537		0		0		4.08548e+06		575.342		
00:00:46:200		3.43413e+06		253.568		150.309		0		2.07053		278.368			00:00:46:200		1.21473e+07		-4.45045		0		0		4.09298e+06		576.349		
00:00:46:200		3.43413e+06		253.568		150.309		0		2.07053		278.368			00:00:46:200		1.21473e+07		-4.45045		0		0		4.09298e+06		576.349		
00:00:46:100		3.43415e+06		253.568		150.309		0		2.07053		278.408			00:00:46:100		1.21526e+07		-4.44299		0		0		4.09661e+06		575.609		
00:00:46:000		3.43418e+06		253.527		150.309		0		2.07053		278.449			00:00:46:000		1.21578e+07		-4.43553		0		0		4.10053e+06		577.19		
00:00:45:950		3.43419e+06		253.527		150.819		0		2.05708		278.469			00:00:45:950		1.21604e+07		-4.4318		0		0		4.10259e+06		577.551		
00:00:45:799		3.43422e+06		253.527		150.819		0		2.05708		278.53			00:00:45:799		1.21683e+07		-4.42062		0		0		4.10863e+06		578.473		
00:00:45:700		3.43425e+06		253.486		151.328		0		2.04362		278.571			00:00:45:700		1.21735e+07		-4.41316		0		0		4.11232e+06		578.917		
00:00:45:600		3.43427e+06		253.486		151.328		0		2.04362		278.611			00:00:45:600		1.21787e+07		-4.40568		0		0		4.11597e+06		578.32		
00:00:45:500		3.43429e+06		253.444		151.328		0		2.04362		278.652			00:00:45:500		1.21839e+07		-4.3982		0		0		4.11987e+06		579.874		
00:00:45:399		3.43432e+06		253.444		151.838		0		2.03015		278.692			00:00:45:399		1.2189e+07		-4.3907		0		0		4.12399e+06		580.613		
00:00:45:200		3.43436e+06		253.401		152.347		0		2.01668		278.773			00:00:45:200		1.21994e+07		-4.37566		0		0		4.13181e+06		581.585		
00:00:45:200		3.43436e+06		253.401		152.347		0		2.01668		278.773			00:00:45:200		1.21994e+07		-4.37566		0		0		4.13181e+06		581.585		
00:00:45:100		3.43439e+06		253.401		152.347		0		2.01668		278.814			00:00:45:100		1.22046e+07		-4.36811		0		0		4.13548e+06		581.993		
00:00:45:000		3.43441e+06		253.357		152.347		0		2.01668		278.854			00:00:45:000		1.22098e+07		-4.36054		0		0		4.13936e+06		582.564		
00:00:44:899		3.43443e+06		253.357		152.855		0		2.00321		278.895			00:00:44:899		1.2215e+07		-4.35295		0		0		4.14348e+06		583.272		
00:00:44:799		3.43446e+06		253.357		152.855		0		2.00321		278.935			00:00:44:799		1.22202e+07		-4.34535		0		0		4.14759e+06		583.907		
00:00:44:700		3.43448e+06		253.312		153.363		0		1.98973		278.976			00:00:44:700		1.22253e+07		-4.33772		0		0		4.15143e+06		584.352		
00:00:44:600		3.4345e+06		253.312		153.363		0		1.98973		279.016			00:00:44:600		1.22305e+07		-4.33009		0		0		4.15513e+06		584.749		
00:00:44:500		3.43452e+06		253.266		153.363		0		1.98973		279.056			00:00:44:500		1.22357e+07		-4.32246		0		0		4.15898e+06		585.296		
00:00:44:250		3.43458e+06		253.218		153.869		0		1.97625		279.157			00:00:44:250		1.22487e+07		-4.30338		0		0		4.16928e+06		587.066		
00:00:44:200		3.43459e+06		253.218		154.373		0		1.96276		279.177			00:00:44:200		1.22512e+07		-4.29956		0		0		4.17121e+06		587.397		
00:00:44:200		3.43459e+06		253.218		154.373		0		1.96276		279.177			00:00:44:200		1.22512e+07		-4.29956		0		0		4.17121e+06		587.397		
00:00:44:100		3.43461e+06		253.218		154.373		0		1.96276		279.217			00:00:44:100		1.22564e+07		-4.29193		0		0		4.17492e+06		586.717		
00:00:44:000		3.43463e+06		253.17		154.373		0		1.96276		279.258			00:00:44:000		1.22616e+07		-4.2843		0		0		4.17877e+06		587.173		
00:00:43:899		3.43465e+06		253.17		154.876		0		1.94927		279.298			00:00:43:899		1.22668e+07		-4.27667		0		0		4.1829e+06		587.914		
00:00:43:799		3.43467e+06		253.17		154.876		0		1.94927		279.338			00:00:43:799		1.2272e+07		-4.26904		0		0		4.18716e+06		589.623		
00:00:43:700		3.4347e+06		253.119		155.377		0		1.93578		279.379			00:00:43:700		1.22772e+07		-4.26142		0		10.6964		4.19119e+06		590.099		
00:00:43:549		3.43473e+06		253.119		155.377		0		1.93578		279.439			00:00:43:549		1.2285e+07		-4.24998		0		0		4.19686e+06		590.676		
00:00:43:500		3.43474e+06		253.067		155.377		0		1.93578		279.459			00:00:43:500		1.22876e+07		-4.24617		0		0		4.19882e+06		589.773		
00:00:43:299		3.43477e+06		253.067		155.874		0		1.92228		279.54			00:00:43:299		1.2298e+07		-4.23093		0		0		4.20734e+06		592.238		
00:00:43:149		3.4348e+06		253.013		156.369		0		1.90878		279.6			00:00:43:149		1.23057e+07		-4.2195		0		0		4.21343e+06		593.053		
00:00:43:149		3.4348e+06		253.013		156.369		0		1.90878		279.6			00:00:43:149		1.23057e+07		-4.2195		0		0		4.21343e+06		593.053		
00:00:43:049		3.43482e+06		253.013		156.369		0		1.90878		279.64			00:00:43:049		1.23109e+07		-4.21187		0		0		4.21723e+06		592.412		
00:00:42:950		3.43484e+06		252.957		156.86		0		1.89529		279.68			00:00:42:950		1.23161e+07		-4.20425		0		0		4.22125e+06		594.09		
00:00:42:950		3.43484e+06		252.957		156.86		0		1.89529		279.68			00:00:42:950		1.23161e+07		-4.20425		0		0		4.22125e+06		594.09		
00:00:42:750		3.43487e+06		252.9		156.86		0		1.89529		279.761			00:00:42:750		1.23265e+07		-4.189		0		0		4.22998e+06		595.417		
00:00:42:649		3.43489e+06		252.9		157.348		0		1.88178		279.801			00:00:42:649		1.23316e+07		-4.18137		0		0		4.23405e+06		595.969		
00:00:42:549		3.43491e+06		252.9		157.348		0		1.88178		279.842			00:00:42:549		1.23368e+07		-4.17375		0		0		4.23791e+06		596.192		
00:00:42:450		3.43493e+06		252.84		157.831		0		1.86828		279.882			00:00:42:450		1.2342e+07		-4.16612		0		0		4.24198e+06		596.776		
00:00:42:250		3.43496e+06		252.778		157.831		0		1.86828		279.962			00:00:42:250		1.23523e+07		-4.15088		0		0		4.25091e+06		598.452		
00:00:42:149		3.43498e+06		252.778		158.31		0		1.85478		280.003			00:00:42:149		1.23575e+07		-4.14326		0		0		4.25509e+06		598.813		
00:00:42:149		3.43498e+06		252.778		158.31		0		1.85478		280.003			00:00:42:149		1.23575e+07		-4.14326		0		0		4.25509e+06		598.813		
00:00:42:149		3.43498e+06		252.778		158.31		0		1.85478		280.003			00:00:42:149		1.23575e+07		-4.14326		0		0		4.25509e+06		598.813		
00:00:42:049		3.435e+06		252.778		158.31		0		1.85478		280.043			00:00:42:049		1.23627e+07		-4.13565		0		0		4.259e+06		599.296		
00:00:41:950		3.43502e+06		252.713		158.783		0		1.84128		280.083			00:00:41:950		1.23679e+07		-4.12804		0		0		4.26308e+06		599.693		
00:00:41:850		3.43503e+06		252.713		158.783		0		1.84128		280.124			00:00:41:850		1.23731e+07		-4.12043		0		0		4.26756e+06		600.536		
00:00:41:750		3.43505e+06		252.646		158.783		0		1.84128		280.164			00:00:41:750		1.23784e+07		-4.11282		0		0		4.27216e+06		601.483		
00:00:41:649		3.43507e+06		252.646		159.25		0		1.82778		280.205			00:00:41:649		1.23836e+07		-4.10521		0		0		4.27644e+06		600.815		
00:00:41:549		3.43509e+06		252.646		159.25		0		1.82778		280.245			00:00:41:549		1.23888e+07		-4.0976		0		0		4.2804e+06		602.107		
00:00:41:399		3.43511e+06		252.576		159.711		0		1.81428		280.306			00:00:41:399		1.23966e+07		-4.08618		0		0		4.2867e+06		602.999		
00:00:41:250		3.43514e+06		252.502		159.711		0		1.81428		280.366			00:00:41:250		1.24044e+07		-4.07475		0		0		4.29372e+06		604.269		
00:00:41:250		3.43514e+06		252.502		159.711		0		1.81428		280.366			00:00:41:250		1.24044e+07		-4.07475		0		0		4.29372e+06		604.269		
00:00:41:049		3.43518e+06		252.502		160.166		0		1.80078		280.448			00:00:41:049		1.24148e+07		-4.05948		0		10.8966		4.30218e+06		605.211		
00:00:40:899		3.4352e+06		252.425		160.612		0		1.78729		280.508			00:00:40:899		1.24226e+07		-4.04799		0		0		4.30849e+06		606.221		
00:00:40:899		3.4352e+06		252.425		160.612		0		1.78729		280.508			00:00:40:899		1.24226e+07		-4.04799		0		0		4.30849e+06		606.221		
00:00:40:799		3.43522e+06		252.425		160.612		0		1.78729		280.549			00:00:40:799		1.24278e+07		-4.04033		0		0		4.31325e+06		606.954		
00:00:40:700		3.43524e+06		252.343		161.051		0		1.7738		280.59			00:00:40:700		1.2433e+07		-4.03266		0		0		4.31804e+06		607.785		
00:00:40:649		3.43525e+06		252.343		161.051		0		1.7738		280.61			00:00:40:649		1.24356e+07		-4.02882		0		0		4.32027e+06		608.078		
00:00:40:549		3.43527e+06		252.343		161.051		0		1.7738		280.651			00:00:40:549		1.24408e+07		-4.02115		0		0		4.32439e+06		608.532		
00:00:40:450		3.43529e+06		252.258		161.481		0		1.76031		280.691			00:00:40:450		1.2446e+07		-4.01348		0		0		4.32849e+06		607.857		
00:00:40:250		3.43532e+06		252.169		161.481		0		1.76031		280.773			00:00:40:250		1.24564e+07		-3.99816		0		0		4.33804e+06		610.697		
00:00:40:250		3.43532e+06		252.169		161.481		0		1.76031		280.773			00:00:40:250		1.24564e+07		-3.99816		0		0		4.33804e+06		610.697		
00:00:40:149		3.43534e+06		252.169		161.902		0		1.74683		280.814			00:00:40:149		1.24617e+07		-3.99051		0		0		4.34282e+06		611.419		
00:00:39:899		3.43538e+06		252.075		162.312		0		1.73336		280.916			00:00:39:899		1.24747e+07		-3.97148		0		0		4.35339e+06		612.453		
00:00:39:899		3.43538e+06		252.075		162.312		0		1.73336		280.916			00:00:39:899		1.24747e+07		-3.97148		0		0		4.35339e+06		612.453		
00:00:39:799		3.4354e+06		252.075		162.312		0		1.73336		280.957			00:00:39:799		1.24799e+07		-3.9639		0		0		4.35827e+06		613.377		
00:00:39:700		3.43542e+06		251.976		162.712		0		1.71989		280.997			00:00:39:700		1.24851e+07		-3.95634		0		0		4.36338e+06		614.34		
00:00:39:600		3.43544e+06		251.976		162.712		0		1.71989		281.039			00:00:39:600		1.24904e+07		-3.9488		0		0		4.36805e+06		614.94		
00:00:39:500		3.43546e+06		251.873		162.712		0		1.71989		281.079			00:00:39:500		1.24956e+07		-3.94127		0		0		4.37219e+06		615.371		
00:00:39:399		3.43547e+06		251.873		163.1		0		1.70643		281.12			00:00:39:399		1.25008e+07		-3.93373		0		0		4.37645e+06		615.801		
00:00:39:200		3.43551e+06		251.765		163.475		0		1.69297		281.203			00:00:39:200		1.25113e+07		-3.91861		0		0		4.3866e+06		617.602		
00:00:39:200		3.43551e+06		251.765		163.475		0		1.69297		281.203			00:00:39:200		1.25113e+07		-3.91861		0		0		4.3866e+06		617.602		
00:00:39:100		3.43553e+06		251.765		163.475		0		1.69297		281.244			00:00:39:100		1.25165e+07		-3.91101		0		0		4.39149e+06		617.154		
00:00:39:000		3.43555e+06		251.651		163.475		0		1.69297		281.285			00:00:39:000		1.25218e+07		-3.90337		0		0		4.39574e+06		618.412		
00:00:38:899		3.43556e+06		251.651		163.837		0		1.67953		281.326			00:00:38:899		1.2527e+07		-3.89568		0		0		4.39997e+06		618.794		
00:00:38:799		3.43558e+06		251.651		163.837		0		1.67953		281.368			00:00:38:799		1.25322e+07		-3.88793		0		0		4.40485e+06		619.649		
00:00:38:700		3.4356e+06		251.533		164.185		0		1.66609		281.409			00:00:38:700		1.25375e+07		-3.88012		0		0		4.41026e+06		620.757		
00:00:38:600		3.43562e+06		251.533		164.185		0		1.66609		281.451			00:00:38:600		1.25427e+07		-3.87226		0		0		4.41542e+06		621.533		
00:00:38:500		3.43564e+06		251.408		164.185		0		1.66609		281.492			00:00:38:500		1.2548e+07		-3.86434		0		0		4.41982e+06		621.839		
00:00:38:299		3.43567e+06		251.408		164.518		0		1.65267		281.575			00:00:38:299		1.25585e+07		-3.8484		0		0		4.42883e+06		621.551		
00:00:38:149		3.4357e+06		251.279		164.835		0		1.63926		281.638			00:00:38:149		1.25663e+07		-3.83648		0		0		4.43717e+06		623.37		
00:00:38:149		3.4357e+06		251.279		164.835		0		1.63926		281.638			00:00:38:149		1.25663e+07		-3.83648		0		0		4.43717e+06		623.37		
00:00:38:049		3.43572e+06		251.279		164.835		0		1.63926		281.679			00:00:38:049		1.25716e+07		-3.82861		0		0		4.44228e+06		625.189		
00:00:37:950		3.43574e+06		251.143		165.135		0		1.62586		281.721			00:00:37:950		1.25769e+07		-3.82083		0		0		4.4465e+06		625.24		
00:00:37:899		3.43574e+06		251.143		165.135		0		1.62586		281.742			00:00:37:899		1.25795e+07		-3.81699		0		0		4.44855e+06		625.335		
00:00:37:799		3.43576e+06		251.143		165.135		0		1.62586		281.784			00:00:37:799		1.25848e+07		-3.80942		0		0		4.45333e+06		626.086		
00:00:37:700		3.43578e+06		251.001		165.416		0		1.61247		281.826			00:00:37:700		1.259e+07		-3.80199		0		0		4.45914e+06		627.422		
00:00:37:600		3.4358e+06		251.001		165.416		0		1.61247		281.868			00:00:37:600		1.25953e+07		-3.79471		0		0		4.46496e+06		628.496		
00:00:37:500		3.43582e+06		250.852		165.416		0		1.61247		281.91			00:00:37:500		1.26006e+07		-3.78757		0		0		4.46975e+06		628.908		
00:00:37:299		3.43585e+06		250.852		165.678		0		1.5991		281.993			00:00:37:299		1.26112e+07		-3.77357		0		0		4.47878e+06		629.562		
00:00:37:299		3.43585e+06		250.852		165.678		0		1.5991		281.993			00:00:37:299		1.26112e+07		-3.77357		0		0		4.47878e+06		629.562		
00:00:37:149		3.43588e+06		250.697		165.919		0		1.58575		282.056			00:00:37:149		1.26191e+07		-3.7632		0		0		4.48756e+06		631.61		
00:00:37:049		3.4359e+06		250.697		165.919		0		1.58575		282.098			00:00:37:049		1.26244e+07		-3.7563		0		0		4.49329e+06		632.529		
00:00:36:950		3.43592e+06		250.535		166.139		0		1.57241		282.14			00:00:36:950		1.26297e+07		-3.74936		0		0		4.49756e+06		632.474		
00:00:36:850		3.43593e+06		250.535		166.139		0		1.57241		282.181			00:00:36:850		1.26351e+07		-3.74237		0		11.2891		4.50157e+06		632.874		
00:00:36:750		3.43595e+06		250.367		166.139		0		1.57241		282.223			00:00:36:750		1.26404e+07		-3.73533		0		0		4.50672e+06		633.632		
00:00:36:750		3.43595e+06		250.367		166.139		0		1.57241		282.223			00:00:36:750		1.26404e+07		-3.73533		0		0		4.50672e+06		633.632		
00:00:36:549		3.43599e+06		250.367		166.335		0		1.5591		282.306			00:00:36:549		1.2651e+07		-3.72102		0		0		4.51788e+06		635.674		
00:00:36:549		3.43599e+06		250.367		166.335		0		1.5591		282.306			00:00:36:549		1.2651e+07		-3.72102		0		0		4.51788e+06		635.674		
00:00:36:450		3.43601e+06		250.19		166.507		0		1.5458		282.348			00:00:36:450		1.26563e+07		-3.71375		0		0		4.52295e+06		636.196		
00:00:36:149		3.43606e+06		250.006		166.654		0		1.53253		282.471			00:00:36:149		1.26723e+07		-3.69154		0		0		4.53822e+06		637.97		
00:00:36:149		3.43606e+06		250.006		166.654		0		1.53253		282.471			00:00:36:149		1.26723e+07		-3.69154		0		0		4.53822e+06		637.97		
00:00:36:049		3.43608e+06		250.006		166.654		0		1.53253		282.513			00:00:36:049		1.26776e+07		-3.68402		0		0		4.54393e+06		639.023		
00:00:36:049		3.43608e+06		250.006		166.654		0		1.53253		282.513			00:00:36:049		1.26776e+07		-3.68402		0		0		4.54393e+06		639.023		
00:00:35:950		3.4361e+06		249.814		166.772		0		1.51929		282.554			00:00:35:950		1.2683e+07		-3.67645		0		0		4.54973e+06		640.343		
00:00:35:850		3.43611e+06		249.814		166.772		0		1.51929		282.595			00:00:35:850		1.26883e+07		-3.66883		0		0		4.55529e+06		641.198		
00:00:35:750		3.43613e+06		249.615		166.772		0		1.51929		282.635			00:00:35:750		1.26936e+07		-3.66115		0		0		4.55972e+06		641.02		
00:00:35:649		3.43615e+06		249.615		166.862		0		1.50607		282.675			00:00:35:649		1.26989e+07		-3.65343		0		12.1676		4.56374e+06		641.457		
00:00:35:549		3.43617e+06		249.615		166.862		0		1.50607		282.715			00:00:35:549		1.27043e+07		-3.64567		0		0		4.5692e+06		640.805		
00:00:35:450		3.43619e+06		249.404		166.922		0		1.4929		282.756			00:00:35:450		1.27096e+07		-3.63788		0		0		4.57529e+06		643.434		
00:00:35:200		3.43623e+06		249.162		166.951		0		1.47993		282.858			00:00:35:200		1.27228e+07		-3.6183		0		0		4.58921e+06		646.239		
00:00:35:200		3.43623e+06		249.162		166.951		0		1.47993		282.858			00:00:35:200		1.27228e+07		-3.6183		0		0		4.58921e+06		646.239		
00:00:35:049		3.43626e+06		249.162		166.951		0		1.47993		282.917			00:00:35:049		1.27307e+07		-3.60649		0		0		4.59272e+06		645.709		
00:00:34:950		3.43628e+06		248.887		166.95		0		1.46718		282.957			00:00:34:950		1.27362e+07		-3.59861		0		0		4.59762e+06		645.182		
00:00:34:950		3.43628e+06		248.887		166.95		0		1.46718		282.957			00:00:34:950		1.27362e+07		-3.59861		0		0		4.59762e+06		645.182		
00:00:34:850		3.43629e+06		248.887		166.95		0		1.46718		282.997			00:00:34:850		1.27415e+07		-3.59071		0		0		4.6038e+06		646.467		
00:00:34:750		3.43631e+06		248.578		166.95		0		1.46718		283.037			00:00:34:750		1.27468e+07		-3.5828		0		0		4.60892e+06		648.338		
00:00:34:649		3.43633e+06		248.578		166.921		0		1.45465		283.077			00:00:34:649		1.27521e+07		-3.57488		0		0		4.61363e+06		648.586		
00:00:34:549		3.43635e+06		248.578		166.921		0		1.45465		283.116			00:00:34:549		1.27574e+07		-3.56696		0		0		4.61869e+06		649.379		
00:00:34:450		3.43637e+06		248.234		166.861		0		1.44233		283.156			00:00:34:450		1.27628e+07		-3.55902		0		0		4.6241e+06		650.111		
00:00:34:250		3.4364e+06		247.856		166.861		0		1.44233		283.234			00:00:34:250		1.27735e+07		-3.54313		0		0		4.63468e+06		651.524		
00:00:34:250		3.4364e+06		247.856		166.861		0		1.44233		283.234			00:00:34:250		1.27735e+07		-3.54313		0		0		4.63468e+06		651.524		
00:00:34:100		3.43643e+06		247.856		166.774		0		1.43024		283.293			00:00:34:100		1.27815e+07		-3.53119		0		14.5545		4.64297e+06		651.267		
00:00:34:000		3.43645e+06		247.444		166.774		0		1.43024		283.332			00:00:34:000		1.27869e+07		-3.52322		0		0		4.64852e+06		653.361		
00:00:33:899		3.43646e+06		247.444		166.658		0		1.41836		283.371			00:00:33:899		1.27922e+07		-3.51524		0		0		4.65409e+06		654.127		
00:00:33:799		3.43648e+06		247.444		166.658		0		1.41836		283.411			00:00:33:799		1.27976e+07		-3.50725		0		0		4.65968e+06		654.9		
00:00:33:700		3.4365e+06		246.996		166.516		0		1.4067		283.45			00:00:33:700		1.28029e+07		-3.49925		0		0		4.66529e+06		655.684		
00:00:33:600		3.43652e+06		246.996		166.516		0		1.4067		283.489			00:00:33:600		1.28083e+07		-3.49123		0		0		4.67092e+06		656.494		
00:00:33:500		3.43654e+06		246.514		166.516		0		1.4067		283.528			00:00:33:500		1.28137e+07		-3.48321		0		0		4.67656e+06		657.361		
00:00:33:399		3.43655e+06		246.514		166.346		0		1.39526		283.568			00:00:33:399		1.2819e+07		-3.47518		0		0		4.68223e+06		658.422		
00:00:33:200		3.43659e+06		245.996		166.151		0		1.38405		283.646			00:00:33:200		1.28298e+07		-3.45907		0		0		4.69361e+06		659.643		
00:00:33:200		3.43659e+06		245.996		166.151		0		1.38405		283.646			00:00:33:200		1.28298e+07		-3.45907		0		0		4.69361e+06		659.643		
00:00:33:100		3.43661e+06		245.996		166.151		0		1.38405		283.686			00:00:33:100		1.28352e+07		-3.451		0		0		4.69934e+06		660.549		
00:00:33:000		3.43663e+06		245.442		166.151		0		1.38405		283.725			00:00:33:000		1.28405e+07		-3.44291		0		0		4.70508e+06		659.942		
00:00:32:899		3.43664e+06		245.442		165.931		0		1.37305		283.765			00:00:32:899		1.28459e+07		-3.43481		0		0		4.71084e+06		660.684		
00:00:32:799		3.43666e+06		245.442		165.931		0		1.37305		283.804			00:00:32:799		1.28513e+07		-3.42668		0		0		4.71663e+06		661.355		
00:00:32:700		3.43668e+06		244.853		165.688		0		1.36228		283.844			00:00:32:700		1.28567e+07		-3.41854		0		0		4.72245e+06		663.555		
00:00:32:600		3.4367e+06		244.853		165.688		0		1.36228		283.883			00:00:32:600		1.28621e+07		-3.41039		0		0		4.7283e+06		664.362		
00:00:32:500		3.43672e+06		244.227		165.688		0		1.36228		283.923			00:00:32:500		1.28674e+07		-3.40223		0		0		4.73417e+06		665.175		
00:00:32:399		3.43673e+06		244.227		165.422		0		1.35173		283.963			00:00:32:399		1.28728e+07		-3.39406		0		0		4.74007e+06		665.999		
00:00:32:200		3.43677e+06		243.563		165.135		0		1.34142		284.042			00:00:32:200		1.28836e+07		-3.37771		0		0		4.75193e+06		667.837		
00:00:32:200		3.43677e+06		243.563		165.135		0		1.34142		284.042			00:00:32:200		1.28836e+07		-3.37771		0		0		4.75193e+06		667.837		
00:00:32:100		3.43679e+06		243.563		165.135		0		1.34142		284.082			00:00:32:100		1.2889e+07		-3.3695		0		0		4.7579e+06		668.423		
00:00:32:000		3.43681e+06		242.86		165.135		0		1.34142		284.121			00:00:32:000		1.28944e+07		-3.36129		0		0		4.76391e+06		669.249		
00:00:31:899		3.43682e+06		242.86		164.828		0		1.33135		284.16			00:00:31:899		1.28998e+07		-3.35306		0		0		4.76995e+06		670.082		
00:00:31:800		3.43684e+06		242.86		164.828		0		1.33135		284.2			00:00:31:800		1.29052e+07		-3.34481		0		0		4.77602e+06		670.923		
00:00:31:699		3.43686e+06		242.116		164.504		0		1.32153		284.24			00:00:31:699		1.29106e+07		-3.33656		0		0		4.78211e+06		671.771		
00:00:31:600		3.43688e+06		242.116		164.504		0		1.32153		284.279			00:00:31:600		1.2916e+07		-3.32829		0		0		4.78821e+06		672.618		
00:00:31:500		3.4369e+06		241.328		164.504		0		1.32153		284.319			00:00:31:500		1.29215e+07		-3.32001		0		0		4.79433e+06		673.466		
00:00:31:399		3.43691e+06		241.328		164.165		0		1.31207		284.359			00:00:31:399		1.2927e+07		-3.31171		0		0		4.80046e+06		674.319		
00:00:31:250		3.43694e+06		240.484		164.165		0		1.31207		284.417			00:00:31:250		1.29352e+07		-3.29923		0		17.8718		4.80969e+06		675.614		
00:00:31:149		3.43696e+06		240.484		163.815		0		1.30287		284.457			00:00:31:149		1.29406e+07		-3.2909		0		0		4.81586e+06		676.519		
00:00:31:050		3.43698e+06		240.484		163.815		0		1.30287		284.497			00:00:31:050		1.29461e+07		-3.28255		0		0		4.82205e+06		677.542		
00:00:30:949		3.437e+06		239.552		163.459		0		1.2943		284.536			00:00:30:949		1.29516e+07		-3.27418		0		0		4.82826e+06		678.166		
00:00:30:850		3.43701e+06		239.552		163.459		0		1.2943		284.575			00:00:30:850		1.29571e+07		-3.26579		0		0		4.83449e+06		679.026		
00:00:30:850		3.43701e+06		239.552		163.459		0		1.2943		284.575			00:00:30:850		1.29571e+07		-3.26579		0		0		4.83449e+06		679.026		
00:00:30:750		3.43703e+06		238.614		163.459		0		1.2943		284.615			00:00:30:750		1.29626e+07		-3.25739		0		18.45		4.84073e+06		679.891		
00:00:30:649		3.43705e+06		238.614		163.098		0		1.28572		284.654			00:00:30:649		1.29681e+07		-3.24896		0		0		4.84699e+06		680.762		
00:00:30:550		3.43707e+06		238.614		163.098		0		1.28572		284.693			00:00:30:550		1.29737e+07		-3.24051		0		0		4.85326e+06		681.641		
00:00:30:449		3.43709e+06		237.673		162.731		0		1.27712		284.733			00:00:30:449		1.29792e+07		-3.23204		0		0		4.85955e+06		682.542		
00:00:30:250		3.43712e+06		236.729		162.731		0		1.27712		284.811			00:00:30:250		1.29903e+07		-3.21504		0		0		4.87217e+06		682.714		
00:00:30:149		3.43714e+06		236.729		162.358		0		1.26848		284.851			00:00:30:149		1.29959e+07		-3.20651		0		0		4.87851e+06		685.109		
00:00:30:149		3.43714e+06		236.729		162.358		0		1.26848		284.851			00:00:30:149		1.29959e+07		-3.20651		0		0		4.87851e+06		685.109		
00:00:30:050		3.43716e+06		236.729		162.358		0		1.26848		284.89			00:00:30:050		1.30015e+07		-3.19795		0		0		4.88488e+06		685.983		
00:00:29:949		3.43718e+06		235.782		161.979		0		1.25982		284.929			00:00:29:949		1.30071e+07		-3.18936		0		19.6057		4.89127e+06		686.863		
00:00:29:750		3.43721e+06		234.831		161.979		0		1.25982		285.008			00:00:29:750		1.30184e+07		-3.17212		0		0		4.90413e+06		688.627		
00:00:29:649		3.43723e+06		234.831		161.594		0		1.25113		285.048			00:00:29:649		1.30241e+07		-3.16346		0		0		4.9106e+06		689.518		
00:00:29:550		3.43725e+06		234.831		161.594		0		1.25113		285.087			00:00:29:550		1.30297e+07		-3.15478		0		0		4.9171e+06		690.416		
00:00:29:449		3.43727e+06		233.876		161.203		0		1.24241		285.127			00:00:29:449		1.30354e+07		-3.14607		0		0		4.92362e+06		691.314		
00:00:29:449		3.43727e+06		233.876		161.203		0		1.24241		285.127			00:00:29:449		1.30354e+07		-3.14607		0		0		4.92362e+06		691.314		
00:00:29:250		3.4373e+06		232.918		161.203		0		1.24241		285.205			00:00:29:250		1.30468e+07		-3.12857		0		0		4.93673e+06		693.126		
00:00:29:149		3.43732e+06		232.918		160.804		0		1.23366		285.245			00:00:29:149		1.30526e+07		-3.11978		0		11.0941		4.94332e+06		694.036		
00:00:29:149		3.43732e+06		232.918		160.804		0		1.23366		285.245			00:00:29:149		1.30526e+07		-3.11978		0		11.0941		4.94332e+06		694.036		
00:00:29:050		3.43734e+06		232.918		160.804		0		1.23366		285.284			00:00:29:050		1.30583e+07		-3.11097		0		0		4.94992e+06		694.949		
00:00:28:949		3.43736e+06		231.957		160.399		0		1.22488		285.324			00:00:28:949		1.30641e+07		-3.10213		0		0		4.95655e+06		695.861		
00:00:28:850		3.43737e+06		231.957		160.399		0		1.22488		285.364			00:00:28:850		1.30698e+07		-3.09327		0		0		4.9632e+06		696.775		
00:00:28:699		3.4374e+06		230.993		159.987		0		1.21607		285.423			00:00:28:699		1.30785e+07		-3.07992		0		0		4.9732e+06		698.156		
00:00:28:600		3.43742e+06		230.993		159.987		0		1.21607		285.462			00:00:28:600		1.30843e+07		-3.07098		0		0		4.97991e+06		699.081		
00:00:28:500		3.43744e+06		230.027		159.987		0		1.21607		285.502			00:00:28:500		1.30902e+07		-3.06201		0		3.46914		4.98663e+06		700.01		
00:00:28:399		3.43745e+06		230.027		159.567		0		1.20721		285.542			00:00:28:399		1.3096e+07		-3.05301		0		0		4.99337e+06		700.945		
00:00:28:199		3.43749e+06		229.055		159.14		0		1.19835		285.621			00:00:28:199		1.31078e+07		-3.03492		0		18.2294		5.00693e+06		702.82		
00:00:28:199		3.43749e+06		229.055		159.14		0		1.19835		285.621			00:00:28:199		1.31078e+07		-3.03492		0		18.2294		5.00693e+06		702.82		
00:00:28:100		3.43751e+06		229.055		159.14		0		1.19835		285.661			00:00:28:100		1.31137e+07		-3.02582		0		0		5.01375e+06		703.767		
00:00:28:000		3.43753e+06		228.079		159.14		0		1.19835		285.701			00:00:28:000		1.31196e+07		-3.01669		0		0		5.02059e+06		704.717		
00:00:27:899		3.43754e+06		228.079		158.706		0		1.18945		285.74			00:00:27:899		1.31256e+07		-3.00752		0		0		5.02746e+06		705.671		
00:00:27:800		3.43756e+06		228.079		158.706		0		1.18945		285.78			00:00:27:800		1.31315e+07		-2.99832		0		0		5.03436e+06		706.632		
00:00:27:699		3.43758e+06		227.099		158.264		0		1.18052		285.82			00:00:27:699		1.31375e+07		-2.98909		0		0		5.04129e+06		707.596		
00:00:27:600		3.4376e+06		227.099		158.264		0		1.18052		285.86			00:00:27:600		1.31436e+07		-2.97981		0		16.0859		5.04825e+06		708.57		
00:00:27:500		3.43762e+06		226.116		158.264		0		1.18052		285.9			00:00:27:500		1.31496e+07		-2.97051		0		0		5.05523e+06		709.575		
00:00:27:399		3.43763e+06		226.116		157.813		0		1.17156		285.94			00:00:27:399		1.31557e+07		-2.96116		0		0		5.06225e+06		710.648		
00:00:27:300		3.43765e+06		226.116		157.813		0		1.17156		285.98			00:00:27:300		1.31618e+07		-2.95178		0		0		5.06929e+06		709.793		
00:00:27:199		3.43767e+06		225.129		157.355		0		1.16257		286.019			00:00:27:199		1.31679e+07		-2.94236		0		0		5.07636e+06		712.489		
00:00:27:100		3.43769e+06		225.129		157.355		0		1.16257		286.059			00:00:27:100		1.3174e+07		-2.9329		0		0		5.08346e+06		713.514		
00:00:27:000		3.43771e+06		224.139		157.355		0		1.16257		286.098			00:00:27:000		1.31802e+07		-2.9234		0		0		5.09056e+06		714.6		
00:00:26:899		3.43772e+06		224.139		156.888		0		1.15355		286.138			00:00:26:899		1.31864e+07		-2.91386		0		0		5.09768e+06		713.733		
00:00:26:800		3.43774e+06		224.139		156.888		0		1.15355		286.177			00:00:26:800		1.31926e+07		-2.90427		0		0		5.10482e+06		716.438		
00:00:26:649		3.43777e+06		223.144		156.413		0		1.1445		286.237			00:00:26:649		1.3202e+07		-2.88982		0		17.2313		5.11557e+06		717.935		
00:00:26:600		3.43778e+06		223.144		156.413		0		1.1445		286.257			00:00:26:600		1.32051e+07		-2.88498		0		0		5.11917e+06		718.433		
00:00:26:500		3.4378e+06		222.146		156.413		0		1.1445		286.297			00:00:26:500		1.32114e+07		-2.87527		0		0		5.12638e+06		719.434		
00:00:26:399		3.43781e+06		222.146		155.929		0		1.13541		286.336			00:00:26:399		1.32177e+07		-2.86552		0		0		5.1336e+06		720.433		
00:00:26:300		3.43783e+06		222.146		155.929		0		1.13541		286.376			00:00:26:300		1.32241e+07		-2.85572		0		0		5.14085e+06		721.437		
00:00:26:199		3.43785e+06		221.144		155.435		0		1.1263		286.416			00:00:26:199		1.32305e+07		-2.84588		0		10.7634		5.14812e+06		722.441		
00:00:26:100		3.43787e+06		221.144		155.435		0		1.1263		286.456			00:00:26:100		1.32369e+07		-2.83599		0		10.7634		5.15542e+06		723.444		
00:00:25:949		3.4379e+06		220.138		154.932		0		1.11715		286.516			00:00:25:949		1.32465e+07		-2.82108		0		0		5.16641e+06		724.964		
00:00:25:850		3.43791e+06		220.138		154.932		0		1.11715		286.556			00:00:25:850		1.3253e+07		-2.81109		0		0		5.17379e+06		725.997		
00:00:25:750		3.43793e+06		219.129		154.932		0		1.11715		286.596			00:00:25:750		1.32595e+07		-2.80106		0		0		5.1812e+06		727.062		
00:00:25:649		3.43795e+06		219.129		154.418		0		1.10797		286.636			00:00:25:649		1.32661e+07		-2.79098		0		11.2244		5.18863e+06		728.205		
00:00:25:550		3.43797e+06		219.129		154.418		0		1.10797		286.676			00:00:25:550		1.32727e+07		-2.78086		0		28.2787		5.19608e+06		727.34		
00:00:25:449		3.43799e+06		218.115		153.894		0		1.09875		286.716			00:00:25:449		1.32793e+07		-2.77069		0		0		5.20357e+06		730.362		
00:00:25:350		3.438e+06		218.115		153.894		0		1.09875		286.757			00:00:25:350		1.3286e+07		-2.76048		0		0		5.2111e+06		731.111		
00:00:25:250		3.43802e+06		217.097		153.894		0		1.09875		286.797			00:00:25:250		1.32927e+07		-2.75022		0		0		5.21867e+06		732.157		
00:00:25:149		3.43804e+06		217.097		153.36		0		1.0895		286.838			00:00:25:149		1.32994e+07		-2.73991		0		0		5.22627e+06		733.216		
00:00:25:050		3.43806e+06		217.097		153.36		0		1.0895		286.878			00:00:25:050		1.33062e+07		-2.72954		0		0		5.2339e+06		734.282		
00:00:25:050		3.43806e+06		217.097		153.36		0		1.0895		286.878			00:00:25:050		1.33062e+07		-2.72954		0		0		5.2339e+06		734.282		
00:00:24:850		3.43809e+06		216.075		152.814		0		1.08022		286.959			00:00:24:850		1.33199e+07		-2.70867		0		0		5.24919e+06		736.408		
00:00:24:850		3.43809e+06		216.075		152.814		0		1.08022		286.959			00:00:24:850		1.33199e+07		-2.70867		0		0		5.24919e+06		736.408		
00:00:24:750		3.43811e+06		215.049		152.814		0		1.08022		287			00:00:24:750		1.33267e+07		-2.69815		0		0		5.25686e+06		737.468		
00:00:24:649		3.43813e+06		215.049		152.256		0		1.0709		287.04			00:00:24:649		1.33337e+07		-2.68758		0		12.1676		5.26453e+06		738.527		
00:00:24:550		3.43815e+06		215.049		152.256		0		1.0709		287.081			00:00:24:550		1.33406e+07		-2.67696		0		19.396		5.27223e+06		739.595		
00:00:24:449		3.43817e+06		214.018		151.687		0		1.06155		287.122			00:00:24:449		1.33476e+07		-2.66629		0		0		5.27996e+06		740.669		
00:00:24:350		3.43818e+06		214.018		151.687		0		1.06155		287.163			00:00:24:350		1.33546e+07		-2.65556		0		0		5.28771e+06		741.763		
00:00:24:149		3.43822e+06		212.984		151.105		0		1.05217		287.245			00:00:24:149		1.33688e+07		-2.63393		0		0		5.30328e+06		744.178		
00:00:24:149		3.43822e+06		212.984		151.105		0		1.05217		287.245			00:00:24:149		1.33688e+07		-2.63393		0		0		5.30328e+06		744.178		
00:00:24:050		3.43824e+06		212.984		151.105		0		1.05217		287.286			00:00:24:050		1.33759e+07		-2.62302		0		12.6488		5.31111e+06		744.966		
00:00:23:949		3.43826e+06		211.945		150.511		0		1.04275		287.327			00:00:23:949		1.33831e+07		-2.61206		0		12.7669		5.31896e+06		746.055		
00:00:23:800		3.43828e+06		211.945		150.511		0		1.04275		287.389			00:00:23:800		1.33939e+07		-2.59551		0		12.9425		5.33079e+06		747.694		
00:00:23:699		3.4383e+06		210.902		149.904		0		1.03329		287.43			00:00:23:699		1.34012e+07		-2.5844		0		0		5.33871e+06		748.788		
00:00:23:600		3.43832e+06		210.902		149.904		0		1.03329		287.472			00:00:23:600		1.34085e+07		-2.57324		0		27.538		5.34664e+06		749.888		
00:00:23:550		3.43833e+06		210.902		149.904		0		1.03329		287.492			00:00:23:550		1.34122e+07		-2.56763		0		0		5.35062e+06		750.45		
00:00:23:449		3.43835e+06		209.854		149.283		0		1.0238		287.534			00:00:23:449		1.34196e+07		-2.55638		0		0		5.35862e+06		751.624		
00:00:23:250		3.43838e+06		208.803		149.283		0		1.0238		287.616			00:00:23:250		1.34345e+07		-2.53371		0		13.3454		5.37477e+06		753.984		
00:00:23:149		3.4384e+06		208.803		148.649		0		1.01427		287.657			00:00:23:149		1.34419e+07		-2.5223		0		10.2183		5.38292e+06		755.595		
00:00:23:149		3.4384e+06		208.803		148.649		0		1.01427		287.657			00:00:23:149		1.34419e+07		-2.5223		0		10.2183		5.38292e+06		755.595		
00:00:23:050		3.43842e+06		208.803		148.649		0		1.01427		287.698			00:00:23:050		1.34493e+07		-2.51084		0		10.2183		5.39106e+06		755.757		
00:00:22:949		3.43844e+06		207.746		147.999		0		1.00471		287.739			00:00:22:949		1.34568e+07		-2.49931		0		10.4252		5.39917e+06		757.426		
00:00:22:800		3.43846e+06		207.746		147.999		0		1.00471		287.801			00:00:22:800		1.34681e+07		-2.48193		0		0		5.41133e+06		758.525		
00:00:22:600		3.4385e+06		206.685		147.335		0		0.995119		287.883			00:00:22:600		1.34833e+07		-2.45856		0		28.7932		5.42769e+06		760.757		
00:00:22:600		3.4385e+06		206.685		147.335		0		0.995119		287.883			00:00:22:600		1.34833e+07		-2.45856		0		28.7932		5.42769e+06		760.757		
00:00:22:500		3.43852e+06		205.62		147.335		0		0.995119		287.925			00:00:22:500		1.34909e+07		-2.44679		0		28.7932		5.43597e+06		761.904		
00:00:22:399		3.43853e+06		205.62		146.656		0		0.985487		287.966			00:00:22:399		1.34986e+07		-2.43495		0		10.8966		5.44428e+06		763.07		
00:00:22:300		3.43855e+06		205.62		146.656		0		0.985487		288.008			00:00:22:300		1.35064e+07		-2.42304		0		10.8966		5.45261e+06		764.239		
00:00:22:199		3.43857e+06		204.549		145.96		0		0.975819		288.049			00:00:22:199		1.35142e+07		-2.41107		0		0		5.46094e+06		765.397		
00:00:22:100		3.43859e+06		204.549		145.96		0		0.975819		288.091			00:00:22:100		1.3522e+07		-2.39903		0		0		5.46926e+06		766.544		
00:00:22:000		3.43861e+06		203.474		145.96		0		0.975819		288.132			00:00:22:000		1.35299e+07		-2.38692		0		0		5.47759e+06		767.682		
00:00:21:899		3.43862e+06		203.474		145.249		0		0.966114		288.174			00:00:21:899		1.35379e+07		-2.37475		0		0		5.48595e+06		768.826		
00:00:21:800		3.43864e+06		203.474		145.249		0		0.966114		288.215			00:00:21:800		1.35458e+07		-2.36251		0		0		5.49436e+06		769.982		
00:00:21:699		3.43866e+06		202.394		144.52		0		0.956372		288.257			00:00:21:699		1.35539e+07		-2.35019		0		0		5.50281e+06		771.145		
00:00:21:600		3.43868e+06		202.394		144.52		0		0.956372		288.299			00:00:21:600		1.35619e+07		-2.33782		0		0		5.5113e+06		772.31		
00:00:21:500		3.4387e+06		201.309		144.52		0		0.956372		288.341			00:00:21:500		1.357e+07		-2.32538		0		10.0084		5.51981e+06		773.481		
00:00:21:399		3.43878e+06		201.309		143.773		0		0.946592		288.383			00:00:21:399		1.35782e+07		-2.31287		0		0		5.52837e+06		774.663		
00:00:21:300		3.43896e+06		201.309		143.773		0		0.946592		288.426			00:00:21:300		1.35865e+07		-2.30029		0		0		5.53696e+06		775.855		
00:00:21:149		3.43939e+06		200.219		143.009		0		0.936774		288.49			00:00:21:149		1.3599e+07		-2.28131		0		11.6085		5.54988e+06		777.653		
00:00:21:100		3.43958e+06		200.219		143.009		0		0.936774		288.512			00:00:21:100		1.36032e+07		-2.27495		0		0		5.5542e+06		778.247		
00:00:21:000		3.44003e+06		199.124		143.009		0		0.936774		288.555			00:00:21:000		1.36116e+07		-2.2622		0		0		5.56283e+06		779.438		
00:00:20:899		3.44057e+06		199.124		142.225		0		0.926918		288.598			00:00:20:899		1.36201e+07		-2.24941		0		0		5.57149e+06		780.632		
00:00:20:800		3.44119e+06		199.124		142.225		0		0.926918		288.642			00:00:20:800		1.36286e+07		-2.23658		0		0		5.58017e+06		781.834		
00:00:20:699		3.44191e+06		198.024		141.423		0		0.917023		288.685			00:00:20:699		1.36372e+07		-2.22372		0		0		5.58888e+06		783.032		
00:00:20:600		3.44271e+06		198.024		141.423		0		0.917023		288.729			00:00:20:600		1.36458e+07		-2.21082		0		0		5.59761e+06		784.238		
00:00:20:500		3.44361e+06		196.918		141.423		0		0.917023		288.773			00:00:20:500		1.36544e+07		-2.19791		0		0		5.60636e+06		785.444		
00:00:20:399		3.44462e+06		196.918		140.6		0		0.90709		288.817			00:00:20:399		1.3663e+07		-2.18497		0		31.001		5.61513e+06		786.65		
00:00:20:300		3.44581e+06		196.918		140.6		0		0.90709		288.861			00:00:20:300		1.36716e+07		-2.17202		0		12.1676		5.62393e+06		787.86		
00:00:20:199		3.44718e+06		195.808		139.758		0		0.897118		288.905			00:00:20:199		1.36803e+07		-2.15905		0		10.6291		5.63275e+06		789.066		
00:00:20:050		3.44957e+06		195.808		139.758		0		0.897118		288.971			00:00:20:050		1.36933e+07		-2.13957		0		0		5.64603e+06		790.879		
00:00:20:000		3.45046e+06		194.691		139.758		0		0.897118		288.993			00:00:20:000		1.36977e+07		-2.13308		0		12.47		5.65047e+06		791.481		
00:00:19:899		3.45237e+06		194.691		138.894		0		0.887107		289.038			00:00:19:899		1.37065e+07		-2.12007		0		12.47		5.65939e+06		792.698		
00:00:19:750		3.45557e+06		193.57		138.894		0		0.887107		289.106			00:00:19:750		1.37198e+07		-2.10055		0		0		5.67287e+06		794.555		
00:00:19:649		3.45794e+06		193.57		138.008		0		0.877055		289.151			00:00:19:649		1.37287e+07		-2.08752		0		0		5.68191e+06		795.811		
00:00:19:649		3.45794e+06		193.57		138.008		0		0.877055		289.151			00:00:19:649		1.37287e+07		-2.08752		0		0		5.68191e+06		795.811		
00:00:19:550		3.46049e+06		193.57		138.008		0		0.877055		289.197			00:00:19:550		1.37376e+07		-2.0745		0		27.8178		5.69097e+06		797.076		
00:00:19:350		3.46627e+06		192.442		137.101		0		0.866963		289.289			00:00:19:350		1.37557e+07		-2.04846		0		12.7079		5.70919e+06		799.633		
00:00:19:250		3.46957e+06		191.31		137.101		0		0.866963		289.335			00:00:19:250		1.37648e+07		-2.03545		0		12.7079		5.71832e+06		800.904		
00:00:19:149		3.47315e+06		191.31		136.171		0		0.85683		289.382			00:00:19:149		1.37739e+07		-2.02245		0		12.8257		5.72746e+06		802.178		
00:00:19:050		3.477e+06		191.31		136.171		0		0.85683		289.429			00:00:19:050		1.37831e+07		-2.00947		0		12.8257		5.73664e+06		803.455		
00:00:18:949		3.48112e+06		190.172		135.217		0		0.846657		289.476			00:00:18:949		1.37924e+07		-1.99652		0		12.8842		5.74583e+06		804.736		
00:00:18:850		3.48553e+06		190.172		135.217		0		0.846657		289.524			00:00:18:850		1.38017e+07		-1.98359		0		10.1487		5.75505e+06		806.019		
00:00:18:850		3.48553e+06		190.172		135.217		0		0.846657		289.524			00:00:18:850		1.38017e+07		-1.98359		0		10.1487		5.75505e+06		806.019		
00:00:18:750		3.49021e+06		189.028		135.217		0		0.846657		289.572			00:00:18:750		1.3811e+07		-1.97068		0		10.0787		5.7643e+06		807.306		
00:00:18:550		3.50041e+06		189.028		134.24		0		0.836442		289.67			00:00:18:550		1.38299e+07		-1.94495		0		10.2876		5.78288e+06		809.889		
00:00:18:550		3.50041e+06		189.028		134.24		0		0.836442		289.67			00:00:18:550		1.38299e+07		-1.94495		0		10.2876		5.78288e+06		809.889		
00:00:18:449		3.50594e+06		187.879		133.238		0		0.826186		289.719			00:00:18:449		1.38394e+07		-1.93214		0		32.1632		5.79221e+06		811.184		
00:00:18:350		3.51175e+06		187.879		133.238		0		0.826186		289.769			00:00:18:350		1.3849e+07		-1.91936		0		12.5298		5.80157e+06		812.482		
00:00:18:149		3.52421e+06		186.725		132.212		0		0.815888		289.87			00:00:18:149		1.38682e+07		-1.89393		0		28.2176		5.82038e+06		815.093		
00:00:18:149		3.52421e+06		186.725		132.212		0		0.815888		289.87			00:00:18:149		1.38682e+07		-1.89393		0		28.2176		5.82038e+06		815.093		
00:00:18:050		3.53088e+06		186.725		132.212		0		0.815888		289.921			00:00:18:050		1.38779e+07		-1.88128		0		25.7708		5.82983e+06		816.399		
00:00:17:949		3.53783e+06		185.564		131.16		0		0.805548		289.972			00:00:17:949		1.38877e+07		-1.86867		0		0		5.83932e+06		817.716		
00:00:17:800		3.5488e+06		185.564		131.16		0		0.805548		290.051			00:00:17:800		1.39026e+07		-1.84985		0		10.3566		5.85362e+06		819.714		
00:00:17:699		3.55647e+06		184.398		130.083		0		0.795166		290.104			00:00:17:699		1.39125e+07		-1.83736		0		10.1487		5.86319e+06		821.057		
00:00:17:600		3.56444e+06		184.398		130.083		0		0.795166		290.158			00:00:17:600		1.39225e+07		-1.82488		0		13.1164		5.87278e+06		822.397		
00:00:17:500		3.57271e+06		183.226		130.083		0		0.795166		290.212			00:00:17:500		1.39327e+07		-1.81241		0		10.1487		5.88237e+06		823.73		
00:00:17:399		3.58127e+06		183.226		128.979		0		0.784741		290.267			00:00:17:399		1.39429e+07		-1.79994		0		10.1487		5.89199e+06		825.068		
00:00:17:199		3.59938e+06		182.048		127.849		0		0.774273		290.379			00:00:17:199		1.39636e+07		-1.77492		0		10.2876		5.91131e+06		827.755		
00:00:17:100		3.6092e+06		182.048		127.849		0		0.774273		290.435			00:00:17:100		1.39742e+07		-1.76234		0		10.0787		5.92102e+06		829.124		
00:00:17:100		3.6092e+06		182.048		127.849		0		0.774273		290.435			00:00:17:100		1.39742e+07		-1.76234		0		10.0787		5.92102e+06		829.124		
00:00:17:000		3.6196e+06		180.863		127.849		0		0.774273		290.493			00:00:17:000		1.39849e+07		-1.74971		0		11.3535		5.93076e+06		830.507		
00:00:16:899		3.6306e+06		180.863		126.69		0		0.763763		290.55			00:00:16:899		1.39958e+07		-1.737		0		0		5.94051e+06		831.905		
00:00:16:800		3.64219e+06		180.863		126.69		0		0.763763		290.609			00:00:16:800		1.4007e+07		-1.7242		0		11.2244		5.95023e+06		833.302		
00:00:16:699		3.65438e+06		179.673		125.504		0		0.753211		290.668			00:00:16:699		1.40183e+07		-1.71131		0		0		5.95992e+06		834.694		
00:00:16:600		3.66718e+06		179.673		125.504		0		0.753211		290.729			00:00:16:600		1.403e+07		-1.69831		0		12.8842		5.96956e+06		836.069		
00:00:16:500		3.68059e+06		178.476		125.504		0		0.753211		290.79			00:00:16:500		1.4042e+07		-1.6852		0		12.7079		5.97915e+06		837.422		
00:00:16:399		3.69462e+06		178.476		124.287		0		0.742616		290.852			00:00:16:399		1.40545e+07		-1.67201		0		11.9216		5.9887e+06		838.752		
00:00:16:199		3.72455e+06		177.272		123.039		0		0.73198		290.978			00:00:16:199		1.40796e+07		-1.64533		0		0		6.00784e+06		841.419		
00:00:16:199		3.72455e+06		177.272		123.039		0		0.73198		290.978			00:00:16:199		1.40796e+07		-1.64533		0		0		6.00784e+06		841.419		
00:00:16:100		3.74047e+06		177.272		123.039		0		0.73198		291.043			00:00:16:100		1.40922e+07		-1.63179		0		12.6488		6.01744e+06		842.765		
00:00:16:000		3.75704e+06		176.062		123.039		0		0.73198		291.108			00:00:16:000		1.41046e+07		-1.6181		0		12.6488		6.02706e+06		844.119		
00:00:15:900		3.77425e+06		176.062		121.76		0		0.721298		291.175			00:00:15:900		1.41167e+07		-1.60422		0		12.6488		6.03669e+06		845.472		
00:00:15:750		3.80132e+06		174.845		121.76		0		0.721298		291.277			00:00:15:750		1.41339e+07		-1.58301		0		0		6.05111e+06		847.489		
00:00:15:699		3.81067e+06		174.845		120.448		0		0.710577		291.311			00:00:15:699		1.41394e+07		-1.57587		0		12.5298		6.05592e+06		848.164		
00:00:15:599		3.82989e+06		174.845		120.448		0		0.710577		291.381			00:00:15:599		1.41501e+07		-1.56154		0		12.5298		6.06554e+06		849.511		
00:00:15:500		3.8498e+06		173.621		120.448		0		0.710577		291.452			00:00:15:500		1.41608e+07		-1.54711		0		12.5298		6.07517e+06		850.86		
00:00:15:400		3.87039e+06		173.621		119.105		0		0.699813		291.524			00:00:15:400		1.41713e+07		-1.53261		0		12.41		6.08481e+06		852.218		
00:00:15:300		3.89169e+06		173.621		119.105		0		0.699813		291.597			00:00:15:300		1.41819e+07		-1.51805		0		10.9627		6.09445e+06		853.563		
00:00:15:199		3.91369e+06		172.391		117.732		0		0.689008		291.672			00:00:15:199		1.41924e+07		-1.50343		0		0		6.10407e+06		854.906		
00:00:15:050		3.94805e+06		172.391		117.732		0		0.689008		291.786			00:00:15:050		1.42082e+07		-1.48135		0		12.1676		6.11853e+06		856.928		
00:00:14:949		3.97189e+06		171.153		116.33		0		0.67816		291.864			00:00:14:949		1.42187e+07		-1.46656		0		10.6291		6.12817e+06		858.27		
00:00:14:849		3.99647e+06		171.153		116.33		0		0.67816		291.943			00:00:14:849		1.42292e+07		-1.45172		0		0		6.13783e+06		859.622		
00:00:14:750		4.02182e+06		169.909		116.33		0		0.67816		292.023			00:00:14:750		1.42397e+07		-1.43681		0		11.2891		6.14749e+06		860.961		
00:00:14:650		4.04794e+06		169.909		114.897		0		0.667269		292.105			00:00:14:650		1.42502e+07		-1.42185		0		0		6.15716e+06		862.302		
00:00:14:550		4.07484e+06		169.909		114.897		0		0.667269		292.188			00:00:14:550		1.42608e+07		-1.40683		0		0		6.16685e+06		863.643		
00:00:14:449		4.10254e+06		168.656		113.437		0		0.656336		292.271			00:00:14:449		1.42713e+07		-1.39175		0		0		6.17655e+06		864.983		
00:00:14:449		4.10254e+06		168.656		113.437		0		0.656336		292.271			00:00:14:449		1.42713e+07		-1.39175		0		0		6.17655e+06		864.983		
00:00:14:349		4.13105e+06		168.656		113.437		0		0.656336		292.354			00:00:14:349		1.42818e+07		-1.37662		0		0		6.18627e+06		866.332		
00:00:14:150		4.19055e+06		167.396		111.95		0		0.64536		292.525			00:00:14:150		1.43028e+07		-1.34618		0		0		6.20581e+06		869.069		
00:00:14:150		4.19055e+06		167.396		111.95		0		0.64536		292.525			00:00:14:150		1.43028e+07		-1.34618		0		0		6.20581e+06		869.069		
00:00:13:949		4.25345e+06		166.129		110.437		0		0.634342		292.702			00:00:13:949		1.43237e+07		-1.3155		0		0		6.22533e+06		871.79		
00:00:13:849		4.28621e+06		166.129		110.437		0		0.634342		292.792			00:00:13:849		1.43341e+07		-1.30007		0		0		6.2351e+06		873.153		
00:00:13:750		4.31987e+06		164.853		110.437		0		0.634342		292.883			00:00:13:750		1.43445e+07		-1.28459		0		0		6.24488e+06		874.512		
00:00:13:650		4.35443e+06		164.853		108.897		0		0.62328		292.975			00:00:13:650		1.43548e+07		-1.26904		0		29.6821		6.25465e+06		875.87		
00:00:13:650		4.35443e+06		164.853		108.897		0		0.62328		292.975			00:00:13:650		1.43548e+07		-1.26904		0		29.6821		6.25465e+06		875.87		
00:00:13:550		4.38992e+06		164.853		108.897		0		0.62328		293.068			00:00:13:550		1.43651e+07		-1.25342		0		0		6.26444e+06		877.23		
00:00:13:449		4.42636e+06		163.57		107.33		0		0.612176		293.163			00:00:13:449		1.43754e+07		-1.23774		0.132477		0		6.27424e+06		878.591		
00:00:13:250		4.50213e+06		162.278		107.33		0		0.612176		293.354			00:00:13:250		1.43958e+07		-1.20619		0.395876		29.1813		6.29384e+06		881.307		
00:00:13:150		4.5415e+06		162.278		105.738		0		0.601028		293.451			00:00:13:150		1.44059e+07		-1.19031		0.525334		0		6.30365e+06		882.662		
00:00:13:150		4.5415e+06		162.278		105.738		0		0.601028		293.451			00:00:13:150		1.44059e+07		-1.19031		0.525334		0		6.30365e+06		882.662		
00:00:12:949		4.62331e+06		160.978		104.121		0		0.589837		293.647			00:00:12:949		1.44258e+07		-1.15834		0.776146		10.6291		6.3233e+06		885.365		
00:00:12:800		4.68742e+06		160.978		104.121		0		0.589837		293.796			00:00:12:800		1.44401e+07		-1.13417		0.954953		28.4309		6.33806e+06		887.366		
00:00:12:800		4.68742e+06		160.978		104.121		0		0.589837		293.796			00:00:12:800		1.44401e+07		-1.13417		0.954953		28.4309		6.33806e+06		887.366		
00:00:12:699		4.73152e+06		159.668		102.481		0		0.578602		293.896			00:00:12:699		1.44494e+07		-1.11801		1.06875		28.2176		6.34791e+06		888.684		
00:00:12:599		4.77671e+06		159.668		102.481		0		0.578602		293.996			00:00:12:599		1.44588e+07		-1.1019		1.17794		13.4588		6.35781e+06		889.996		
00:00:12:500		4.82304e+06		158.35		102.481		0		0.578602		294.097			00:00:12:500		1.44686e+07		-1.08582		1.28204		13.2313		6.36777e+06		891.296		
00:00:12:449		4.84663e+06		158.35		100.821		0		0.567321		294.148			00:00:12:449		1.44738e+07		-1.07778		1.33213		0		6.37277e+06		891.937		
00:00:12:199		4.969e+06		157.024		99.1359		0		0.555993		294.404			00:00:12:199		1.44986e+07		-1.03712		1.5627		12.6488		6.39818e+06		895.075		
00:00:12:099		5.02006e+06		157.024		99.1359		0		0.555993		294.507			00:00:12:099		1.45078e+07		-1.02066		1.64567		22.8478		6.40866e+06		896.324		
00:00:12:099		5.02006e+06		157.024		99.1359		0		0.555993		294.507			00:00:12:099		1.45078e+07		-1.02066		1.64567		22.8478		6.40866e+06		896.324		
00:00:12:000		5.07237e+06		155.688		99.1359		0		0.555993		294.612			00:00:12:000		1.45168e+07		-1.00413		1.72298		0		6.41939e+06		897.604		
00:00:11:900		5.12594e+06		155.688		97.4271		0		0.544614		294.717			00:00:11:900		1.45253e+07		-0.987464		1.79431		0		6.43043e+06		898.943		
00:00:11:800		5.18062e+06		155.688		97.4271		0		0.544614		294.823			00:00:11:800		1.45326e+07		-0.970772		1.86145		0		6.44179e+06		900.364		
00:00:11:699		5.23637e+06		154.343		95.6953		0		0.533181		294.929			00:00:11:699		1.45399e+07		-0.954208		1.92639		0		6.4535e+06		901.888		
00:00:11:599		5.29325e+06		154.343		95.6953		0		0.533181		295.037			00:00:11:599		1.45475e+07		-0.937801		1.98971		0		6.46547e+06		903.475		
00:00:11:500		5.35131e+06		152.989		95.6953		0		0.533181		295.146			00:00:11:500		1.45556e+07		-0.921571		2.05108		11.1594		6.47761e+06		905.09		
00:00:11:400		5.41048e+06		152.989		93.9415		0		0.521692		295.256			00:00:11:400		1.45643e+07		-0.905541		2.118		24.1728		6.48992e+06		906.756		
00:00:11:199		5.53223e+06		151.626		92.167		0		0.510146		295.48			00:00:11:199		1.45841e+07		-0.87401		2.24259		17.2777		6.51488e+06		910.165		
00:00:11:099		5.59489e+06		151.626		92.167		0		0.510146		295.594			00:00:11:099		1.45949e+07		-0.858335		2.29858		17.6907		6.52748e+06		911.894		
00:00:11:099		5.59489e+06		151.626		92.167		0		0.510146		295.594			00:00:11:099		1.45949e+07		-0.858335		2.29858		17.6907		6.52748e+06		911.894		
00:00:11:000		5.6588e+06		150.254		92.167		0		0.510146		295.71			00:00:11:000		1.46056e+07		-0.842671		2.34424		17.6452		6.54013e+06		913.638		
00:00:10:900		5.724e+06		150.254		90.373		0		0.498542		295.826			00:00:10:900		1.46162e+07		-0.827014		2.38743		17.2777		6.55282e+06		915.377		
00:00:10:800		5.79053e+06		150.254		90.373		0		0.498542		295.944			00:00:10:800		1.46269e+07		-0.811364		2.42849		16.7618		6.56551e+06		917.105		
00:00:10:699		5.85842e+06		148.873		88.5614		0		0.48688		296.064			00:00:10:699		1.46375e+07		-0.795722		2.46732		15.9874		6.57821e+06		918.813		
00:00:10:599		5.92774e+06		148.873		88.5614		0		0.48688		296.186			00:00:10:599		1.46482e+07		-0.780097		2.50371		15.4878		6.59093e+06		920.484		
00:00:10:500		5.99852e+06		147.483		88.5614		0		0.48688		296.309			00:00:10:500		1.46588e+07		-0.764494		2.53766		21.7233		6.60365e+06		922.032		
00:00:10:400		6.07079e+06		147.483		86.734		0		0.475154		296.434			00:00:10:400		1.46694e+07		-0.748915		2.5699		13.0586		6.61632e+06		923.131		
00:00:10:300		6.14451e+06		147.483		86.734		0		0.475154		296.56			00:00:10:300		1.468e+07		-0.733364		2.60141		12.0451		6.6288e+06		922.855		
00:00:10:199		6.21975e+06		146.083		84.8931		0		0.463307		296.689			00:00:10:199		1.46906e+07		-0.717846		2.62954		11.1594		6.64091e+06		918.593		
00:00:10:099		6.29671e+06		146.083		84.8931		0		0.463307		296.818			00:00:10:099		1.47011e+07		-0.702359		2.65569		10.1487		6.65238e+06		898.99		
00:00:09:949		6.39851e+06		144.674		83.042		0		0.451285		297.013			00:00:09:949		1.47168e+07		-0.679214		2.69208		8.90746		6.66807e+06		845.61		
00:00:09:849		6.4452e+06		144.674		83.042		0		0.451285		297.144			00:00:09:849		1.47273e+07		-0.663844		2.71515		8.19901		6.67755e+06		809.876		
00:00:09:750		6.48066e+06		143.255		83.042		0		0.451285		297.277			00:00:09:750		1.47377e+07		-0.648521		2.73643		0		6.68632e+06		776.884		
00:00:09:650		6.50803e+06		143.255		81.1845		0		0.439131		297.411			00:00:09:650		1.47481e+07		-0.63325		2.75698		0		6.69444e+06		747.35		
00:00:09:550		6.52953e+06		143.255		81.1845		0		0.439131		297.546			00:00:09:550		1.47585e+07		-0.618034		2.77678		0		6.702e+06		721.367		
00:00:09:449		6.54674e+06		141.828		79.3252		0		0.426886		297.683			00:00:09:449		1.47688e+07		-0.602875		2.79566		0		6.70904e+06		698.809		
00:00:09:349		6.56071e+06		141.828		79.3252		0		0.426886		297.822			00:00:09:349		1.47791e+07		-0.58779		2.81303		0		6.71564e+06		679.39		
00:00:09:250		6.57225e+06		140.396		79.3252		0		0.426886		297.963			00:00:09:250		1.47894e+07		-0.572773		2.82883		0		6.72184e+06		662.759		
00:00:09:150		6.58195e+06		140.396		77.47		0		0.414576		298.105			00:00:09:150		1.47997e+07		-0.557827		2.84366		3.98252		6.72766e+06		648.566		
00:00:09:150		6.58195e+06		140.396		77.47		0		0.414576		298.105			00:00:09:150		1.47997e+07		-0.557827		2.84366		3.98252		6.72766e+06		648.566		
00:00:09:050		6.59024e+06		140.396		77.47		0		0.414576		298.248			00:00:09:050		1.48099e+07		-0.542956		2.85776		9.35879		6.73315e+06		636.478		
00:00:08:949		6.59743e+06		138.962		75.6222		0		0.402218		298.393			00:00:08:949		1.48201e+07		-0.528159		2.87106		0		6.73834e+06		626.209		
00:00:08:849		6.60374e+06		138.962		75.6222		0		0.402218		298.54			00:00:08:849		1.48302e+07		-0.513451		2.88353		0		6.74327e+06		617.532		
00:00:08:750		6.60933e+06		137.525		75.6222		0		0.402218		298.688			00:00:08:750		1.48404e+07		-0.498831		2.89564		0		6.748e+06		610.372		
00:00:08:599		6.61682e+06		137.525		73.7843		0		0.389823		298.913			00:00:08:599		1.48555e+07		-0.477083		2.91287		0		6.75487e+06		601.64		
00:00:08:500		6.62149e+06		136.087		73.7843		0		0.389823		299.064			00:00:08:500		1.48656e+07		-0.462707		2.9232		0		6.75938e+06		596.965		
00:00:08:400		6.62801e+06		136.087		71.9616		0		0.377397		299.293			00:00:08:400		1.48806e+07		-0.441346		2.93796		0		6.76598e+06		591.342		
00:00:08:250		6.63208e+06		134.649		71.9616		0		0.377397		299.449			00:00:08:250		1.48907e+07		-0.427237		2.94627		3.73013		6.77023e+06		588.345		
00:00:08:150		6.63594e+06		134.649		70.1597		0		0.364946		299.606			00:00:08:150		1.49007e+07		-0.413235		2.9538		0		6.77436e+06		585.857		
00:00:08:050		6.63964e+06		134.649		70.1597		0		0.364946		299.765			00:00:08:050		1.49107e+07		-0.399341		2.96091		0		6.77839e+06		583.781		
00:00:07:950		6.64318e+06		133.212		68.3848		0		0.352473		299.925			00:00:07:950		1.49207e+07		-0.385567		2.96776		0		6.78231e+06		582.068		
00:00:07:849		6.6466e+06		133.212		68.3848		0		0.352473		300.087			00:00:07:849		1.49307e+07		-0.371913		2.97451		0		6.78613e+06		580.664		
00:00:07:750		6.64990e+06		131.778		68.3848		0		0.352473		300.251			00:00:07:750		1.49407e+07		-0.358384		2.98035		0		6.78986e+06		579.512		
00:00:07:750		6.64990e+06		131.778		68.3848		0		0.352473		300.251			00:00:07:750		1.49407e+07		-0.358384		2.98035		0		6.78986e+06		579.512		
00:00:07:650		6.65311e+06		131.778		66.6429		0		0.339981		300.416			00:00:07:650		1.49506e+07		-0.345003		2.9857		0		6.7935e+06		578.556		
00:00:07:549		6.65626e+06		131.778		66.6429		0		0.339981		300.58			00:00:07:549		1.49606e+07		-0.331752		2.99014		0		6.79704e+06		577.719		
00:00:07:250		6.66571e+06		128.92		64.9402		0		0.327469		301.084			00:00:07:250		1.49906e+07		-0.292737		2.99968		0		6.80711e+06		574.895		
00:00:07:250		6.66571e+06		128.92		64.9402		0		0.327469		301.084			00:00:07:250		1.49906e+07		-0.292737		2.99968		0		6.80711e+06		574.895		
00:00:07:150		6.66889e+06		128.92		63.282		0		0.314941		301.256			00:00:07:150		1.50007e+07		-0.279981		3.00293		0		6.81028e+06		573.868		
00:00:07:150		6.66889e+06		128.92		63.282		0		0.314941		301.256			00:00:07:150		1.50007e+07		-0.279981		3.00293		0		6.81028e+06		573.868		
00:00:07:049		6.67197e+06		128.92		63.282		0		0.314941		301.429			00:00:07:049		1.50108e+07		-0.267373		3.0047		0		6.81335e+06		572.928		
00:00:06:900		6.67641e+06		127.5		61.6723		0		0.302396		301.693			00:00:06:900		1.50262e+07		-0.248695		3.00686		0		6.81778e+06		571.664		
00:00:06:799		6.67925e+06		127.5		61.6723		0		0.302396		301.872			00:00:06:799		1.50365e+07		-0.236392		3.0081		0		6.82062e+06		570.901		
00:00:06:599		6.68469e+06		126.086		60.1136		0		0.289838		302.234			00:00:06:599		1.50574e+07		-0.212095		3.00682		0		6.82603e+06		569.529		
00:00:06:599		6.68469e+06		126.086		60.1136		0		0.289838		302.234			00:00:06:599		1.50574e+07		-0.212095		3.00682		0		6.82603e+06		569.529		
00:00:06:500		6.68728e+06		124.681		60.1136		0		0.289838		302.417			00:00:06:500		1.5068e+07		-0.200079		3.00673		0		6.82861e+06		568.912		
00:00:06:400		6.68979e+06		124.681		58.5986		0		0.277266		302.602			00:00:06:400		1.50786e+07		-0.188107		3.00479		0		6.83111e+06		568.351		
00:00:06:200		6.69455e+06		123.287		57.1085		0		0.264683		302.978			00:00:06:200		1.50975e+07		-0.164065		2.99894		0		6.83589e+06		567.457		
00:00:06:099		6.69676e+06		123.287		57.1085		0		0.264683		303.169			00:00:06:099		1.51061e+07		-0.152228		2.99569		0		6.83818e+06		567.488		
00:00:06:099		6.69676e+06		123.287		57.1085		0		0.264683		303.169			00:00:06:099		1.51061e+07		-0.152228		2.99569		0		6.83818e+06		567.488		
00:00:06:000		6.69882e+06		121.905		57.1085		0		0.264683		303.36			00:00:06:000		1.51148e+07		-0.140562		2.99179		0		6.84041e+06		567.852		
00:00:05:900		6.70082e+06		121.905		55.6451		0		0.25209		303.552			00:00:05:900		1.51236e+07		-0.129053		2.98769		0		6.84257e+06		568.211		
00:00:05:799		6.70276e+06		121.905		55.6451		0		0.25209		303.745			00:00:05:799		1.51326e+07		-0.117711		2.98264		0		6.84466e+06		568.567		
00:00:05:700		6.70463e+06		120.537		54.2106		0		0.239489		303.941			00:00:05:700		1.51418e+07		-0.106534		2.97669		0		6.8467e+06		568.923		
00:00:05:599		6.70644e+06		120.537		54.2106		0		0.239489		304.138			00:00:05:599		1.51511e+07		-0.0954924		2.97068		0		6.84867e+06		569.266		
00:00:05:500		6.7082e+06		119.185		54.2106		0		0.239489		304.337			00:00:05:500		1.51606e+07		-0.0845737		2.96417		0		6.85059e+06		569.605		
00:00:05:400		6.7099e+06		119.185		52.8071		0		0.22688		304.538			00:00:05:400		1.51697e+07		-0.0738049		2.95593		0		6.85244e+06		569.933		
00:00:05:200		6.71315e+06		117.851		51.4365		0		0.214264		304.944			00:00:05:200		1.51886e+07		-0.0527635		2.93749		0		6.85598e+06		570.536		
00:00:05:200		6.71315e+06		117.851		51.4365		0		0.214264		304.944			00:00:05:200		1.51886e+07		-0.0527635		2.93749		0		6.85598e+06		570.536		
00:00:05:099		6.71471e+06		117.851		51.4365		0		0.214264		305.148			00:00:05:099		1.51981e+07		-0.0424657		2.92839		0		6.85766e+06		570.804		
00:00:05:000		6.71623e+06		116.537		51.4365		0		0.214264		305.354			00:00:05:000		1.52076e+07		-0.0322943		2.9189		0		6.8593e+06		571.049		
00:00:04:900		6.71773e+06		116.537		50.1013		0		0.20164		305.56			00:00:04:900		1.5217e+07		-0.0222578		2.90846		0		6.86089e+06		571.259		
00:00:04:799		6.7192e+06		116.537		50.1013		0		0.20164		305.766			00:00:04:799		1.52264e+07		-0.0123639		2.89533		0		6.86244e+06		571.455		
00:00:04:700		6.72065e+06		115.247		48.8037		0		0.18901		305.972			00:00:04:700		1.52357e+07		-0.00261736		2.88232		0		6.86397e+06		571.608		
00:00:04:599		6.72208e+06		115.247		48.8037		0		0.18901		306.178			00:00:04:599		1.5245e+07		0.00697899		2.87155		17.7814		6.86545e+06		571.722		
00:00:04:500		6.72349e+06		113.982		48.8037		0		0.18901		306.385			00:00:04:500		1.52543e+07		0.0164208		2.86153		31.6974		6.86688e+06		571.786		
00:00:04:400		6.72488e+06		113.982		47.5459		0		0.176372		306.592			00:00:04:400		1.52636e+07		0.0256939		2.84749		39.5256		6.86827e+06		571.816		
00:00:04:250		6.72692e+06		112.748		47.5459		0		0.176372		306.903			00:00:04:250		1.52774e+07		0.0392179		2.81767		55.1309		6.87026e+06		571.73		
00:00:04:150		6.72827e+06		112.748		46.3306		0		0.163729		307.11			00:00:04:150		1.52865e+07		0.0479546		2.80125		63.5199		6.87149e+06		571.467		
00:00:04:049		6.72964e+06		112.748		46.3306		0		0.163729		307.316			00:00:04:049		1.52955e+07		0.0564866		2.79425		71.485		6.8726e+06		570.907		
00:00:03:950		6.73108e+06		111.545		45.1602		0		0.151077		307.52			00:00:03:950		1.53045e+07		0.0648403		2.78721		79.2784		6.87356e+06		569.852		
00:00:03:850		6.73272e+06		111.545		45.1602		0		0.151077		307.723			00:00:03:850		1.53136e+07		0.0730171		2.76688		86.836		6.87431e+06		567.962		
00:00:03:750		6.73478e+06		110.377		45.1602		0		0.151077		307.921			00:00:03:750		1.5323e+07		0.0809793		2.73145		94.1522		6.87481e+06		564.669		
00:00:03:649		6.73478e+06		110.377		45.1602		0		0.151077		307.921			00:00:03:649		1.5323e+07		0.0809793		2.73145		94.1522		6.87481e+06		564.669		
00:00:03:649		6.73765e+06		110.377		44.0378		0		0.13841		308.115			00:00:03:649		1.53324e+07		0.0886421		2.70666		101.938		6.87501e+06		559.045		
00:00:03:549		6.74202e+06		110.377		44.0378		0		0.13841		308.304			00:00:03:549		1.53416e+07		0.0958967		2.71416		108.344		6.87487e+06		549.412		
00:00:03:450		6.74655e+06		109.248		42.9676		0		0.125726		308.486			00:00:03:450		1.53501e+07		0.102673		2.72804		113.344		6.87441e+06		539.896		
00:00:03:350		6.75061e+06		109.248		42.9676		0		0.125726		308.66			00:00:03:350		1.53576e+07		0.109047		2.70505		120.041		6.87365e+06		530.538		
00:00:03:149		6.75736e+06		108.162		41.9555		0		0.113031		308.98			00:00:03:149		1.53717e+07		0.121121		2.56582		133.864		6.87135e+06		512.677		
00:00:03:149		6.75736e+06		108.162		41.9555		0		0.113031		308.98			00:00:03:149		1.53717e+07		0.121121		2.56582		133.864		6.87135e+06		512.677		
00:00:03:049		6.76e+06		108.162		41.9555		0		0.113031		309.126			00:00:03:049		1.538e+07		0.127056		2.62984		140.874		6.86992e+06		504.609		
00:00:02:850		6.76323e+06		107.123		41.012		0		0.100333		309.378			00:00:02:850		1.53971e+07		0.138199		2.78277		160.643		6.86718e+06		493.449		
00:00:02:750		6.76314e+06		106.136		41.012		0		0.100333		309.482			00:00:02:750		1.54056e+07		0.143401		2.81497		181.679		6.86629e+06		493.159		
00:00:02:649		6.76037e+06		106.136		40.1458		0		0.0876569		309.569			00:00:02:649		1.54141e+07		0.148378		2.83991		219.291		6.86613e+06		501.054		
00:00:02:549		6.75211e+06		106.136		40.1458		0		0.0876569		309.641			00:00:02:549		1.54228e+07		0.153111		2.85777		267.376		6.86709e+06		524.33		
00:00:02:450		6.73314e+06		105.206		39.358		0		0.075162		309.697			00:00:02:450		1.54317e+07		0.157537		2.86822		315.279		6.86957e+06		573.05		
00:00:02:450		6.73314e+06		105.206		39.358		0		0.075162		309.697			00:00:02:450		1.54317e+07		0.157537		2.86822		315.279		6.86957e+06		573.05		
00:00:02:250		6.63934e+06		104.338		39.358		0		0.075162		309.77			00:00:02:250		1.54499e+07		0.164983		2.87593		397.941		6.87927e+06		737.068		
00:00:02:149		6.61954e+06		104.338		38.6483		0		0.0627509		309.792			00:00:02:149		1.54584e+07		0.16776		2.87722		430.841		6.88555e+06		778.088		
00:00:02:149		6.61954e+06		104.338		38.6483		0		0.0627509		309.792			00:00:02:149		1.54584e+07		0.16776		2.87722		430.841		6.88555e+06		778.088		
00:00:02:049		6.59747e+06		104.338		38.6483		0		0.0627509		309.808			00:00:02:049		1.54656e+07		0.169833		2.87684		458.305		6.89238e+06		812.429		
00:00:01:949		6.58697e+06		103.537		38.0175		0		0.0503259		309.819			00:00:01:949		1.54711e+07		0.171239		2.87246		480.854		6.89942e+06		835.552		
00:00:01:850		6.59171e+06		103.537		38.0175		0		0.0503259		309.828			00:00:01:850		1.54747e+07		0.17209		2.86589		498.645		6.90638e+06		829.933		
00:00:01:600		6.61742e+06		102.807		37.4667		0		0.0378553		309.843			00:00:01:600		1.54783e+07		0.172789		2.84421		518.593		6.92261e+06		818.918		
00:00:01:600		6.61742e+06		102.807		37.4667		0		0.0378553		309.843			00:00:01:600		1.54783e+07		0.172789		2.84421		518.593		6.92261e+06		818.918		
00:00:01:500		6.62604e+06		102.149		37.4667		0		0.0378553		309.845			00:00:01:500		1.54786e+07		0.172839		2.8401		522.12		6.92884e+06		816.476		
00:00:01:399		6.63568e+06		102.149		36.9986		0		0.0253348		309.845			00:00:01:399		1.54786e+07		0.172852		2.83814		525.373		6.93608e+06		813.18		
00:00:01:199		6.65938e+06		101.579		36.6144		0		0.0127406		309.846			00:00:01:199		1.54786e+07		0.172843		2.83585		529.617		6.94981e+06		798.755		
00:00:01:100		6.67498e+06		101.579		36.6144		0		0.0127406		309.846			00:00:01:100		1.54786e+07		0.17284		2.83557		530.186		6.95572e+06		784.275		
00:00:01:100		6.67498e+06		101.579		36.6144		0		0.0127406		309.846			00:00:01:100		1.54786e+07		0.17284		2.83557		530.186		6.95572e+06		784.275		
00:00:01:000		6.695e+06		101.018		36.6144		0		0.0127406		309.846			00:00:01:000		1.54786e+07		0.172839		2.83563		530.212		6.96047e+06		760.938		
00:00:00:900		6.72233e+06		101.018		36.3828		0		0		309.846			00:00:00:900		1.54786e+07		0.172839		2.8357		530.199		6.96362e+06		722.941		
00:00:00:800		6.76298e+06		101.018		36.3828		0		0		309.846			00:00:00:800		1.54786e+07		0.172839		2.8357		530.203		6.96486e+06		660.957		
00:00:00:699		6.83118e+06		100.069		36.3831		0		0		309.846			00:00:00:699		1.54786e+07		0.17284		2.8357		530.204		6.96486e+06		526.823		
00:00:00:599		6.83118e+06		100.069		36.3831		0		0		309.846			00:00:00:599		1.54786e+07		0.17284		2.83569		530.208		6.96486e+06		526.824		
00:00:00:500		6.83117e+06		100.069		36.3831		0		0		309.846			00:00:00:500		1.54786e+07		0.172839		2.83573		530.21		6.96485e+06		526.818		
00:00:00:400		6.83117e+06		100.069		36.3834		0		0		309.846			00:00:00:400		1.54786e+07		0.17284		2.83568		530.214		6.96485e+06		526.826		
00:00:00:299		6.83116e+06		100.069		36.3834		0		0		309.846			00:00:00:299		1.54786e+07		0.17284		2.83568		530.216		6.96485e+06		526.827		
00:00:00:100		6.83115e+06		100.069		36.3837		0		0		309.846			00:00:00:100		1.54785e+07		0.17284		2.83572		530.221		6.96484e+06		526.825		
00:00:00:100		6.83115e+06		100.069		36.3837		0		0		309.846			00:00:00:100		1.54785e+07		0.17284		2.83572		530.221		6.96484e+06		526.825		
00:00:00:000		6.83115e+06		100.069		36.3837		0		0		309.846			00:00:00:000		1.54785e+07		0.17284		2.83571		530.225		6.96483e+06		526.826		
00:00:00:000		6.83115e+06		100.069		36.3837		0		0		309.846			00:00:00:000		1.54785e+07		0.17284		2.83571		530.225		6.96483e+06		526.826		
00:00:00:000		6.83115e+06		100.069		36.3837		0		0		309.846			00:00:00:000		1.54785e+07		0.17284		2.83571		530.225		6.96483e+06		526.826		
00:00:00:000		6.83115e+06		100.069		36.3837		0		0		309.846			00:00:00:000		1.54785e+07		0.17284		2.83571		530.225		6.96483e+06		526.826		
00:00:00:000		6.83115e+06		100.069		36.3837		0		0		309.846			00:00:00:000		1.54785e+07		0.17284		2.83571		530.225		6.96483e+06		526.826		
