	time 		gpv001pnt10113ppntm	evf507ety101mpzoyout	chtcon(1)	chavg(1)	chlhsumpa	rcptavgn			time 		rcpppzr	rcp054rcp007mnzoyout	rcv501std0102fvol	fwfrcp001gv	rcppmssga	msfsg(1)	
00:01:08:599		3.23494e+06		277.336		127.819		0		3		270.966			00:01:08:599		1.10029e+07		-5.74091		0		0		3.16893e+06		453.942		
00:01:08:500		3.23496e+06		277.083		127.819		0		3		270.991			00:01:08:500		1.10073e+07		-5.73878		0		0		3.17329e+06		454.439		
00:01:08:299		3.23502e+06		277.083		127.859		0		3		271.04			00:01:08:299		1.10161e+07		-5.73446		0		0		3.18233e+06		455.324		
00:01:08:299		3.23502e+06		277.083		127.859		0		3		271.04			00:01:08:299		1.10161e+07		-5.73446		0		0		3.18233e+06		455.324		
00:01:08:099		3.23508e+06		276.828		127.9		0		3		271.09			00:01:08:099		1.1025e+07		-5.73002		0		0		3.19262e+06		456.931		
00:01:08:099		3.23508e+06		276.828		127.9		0		3		271.09			00:01:08:099		1.1025e+07		-5.73002		0		0		3.19262e+06		456.931		
00:01:07:849		3.23515e+06		276.573		127.942		0		3		271.159			00:01:07:849		1.10359e+07		-5.72433		0		0		3.20588e+06		461.207		
00:01:07:849		3.23515e+06		276.573		127.942		0		3		271.159			00:01:07:849		1.10359e+07		-5.72433		0		0		3.20588e+06		461.207		
00:01:07:750		3.23518e+06		276.317		127.942		0		3		271.189			00:01:07:750		1.10402e+07		-5.72201		0		0		3.20934e+06		462.187		
00:01:07:650		3.23521e+06		276.317		127.985		0		3		271.219			00:01:07:650		1.10444e+07		-5.71966		0		0		3.21014e+06		461.066		
00:01:07:549		3.23524e+06		276.317		127.985		0		3		271.247			00:01:07:549		1.10486e+07		-5.71728		0		0		3.21118e+06		459.82		
00:01:07:450		3.23527e+06		276.059		128.031		0		3		271.273			00:01:07:450		1.10528e+07		-5.71488		0		0		3.21422e+06		459.67		
00:01:07:349		3.2353e+06		276.059		128.031		0		3		271.298			00:01:07:349		1.10571e+07		-5.71244		0		0		3.21921e+06		461.138		
00:01:07:150		3.23536e+06		275.8		128.078		0		3		271.349			00:01:07:150		1.10657e+07		-5.70748		0		0		3.22824e+06		462.375		
00:01:07:049		3.23538e+06		275.8		128.078		0		3		271.374			00:01:07:049		1.107e+07		-5.70496		0		0		3.2327e+06		462.695		
00:01:07:049		3.23538e+06		275.8		128.078		0		3		271.374			00:01:07:049		1.107e+07		-5.70496		0		0		3.2327e+06		462.695		
00:01:06:950		3.23541e+06		275.539		128.127		0		3		271.399			00:01:06:950		1.10744e+07		-5.7024		0		0		3.23732e+06		463.115		
00:01:06:849		3.23544e+06		275.539		128.127		0		3		271.424			00:01:06:849		1.10787e+07		-5.69982		0		0		3.24227e+06		463.679		
00:01:06:750		3.23547e+06		275.278		128.127		0		3		271.449			00:01:06:750		1.10831e+07		-5.6972		0		0		3.24768e+06		464.667		
00:01:06:650		3.2355e+06		275.278		128.177		0		3		271.475			00:01:06:650		1.10875e+07		-5.69456		0		0		3.25342e+06		466.264		
00:01:06:549		3.23552e+06		275.278		128.177		0		3		271.503			00:01:06:549		1.10918e+07		-5.69189		0		0		3.259e+06		467.869		
00:01:06:450		3.23555e+06		275.014		128.23		0		3		271.533			00:01:06:450		1.10961e+07		-5.68919		0		0		3.26382e+06		469.927		
00:01:06:349		3.23558e+06		275.014		128.23		0		3		271.563			00:01:06:349		1.11004e+07		-5.68646		0		0		3.26647e+06		470.13		
00:01:06:250		3.23561e+06		274.751		128.23		0		3		271.593			00:01:06:250		1.11046e+07		-5.6837		0		0		3.2666e+06		468.699		
00:01:06:150		3.23564e+06		274.751		128.285		0		3		271.621			00:01:06:150		1.11088e+07		-5.68091		0		0		3.26804e+06		467.908		
00:01:06:049		3.23566e+06		274.751		128.285		0		3		271.646			00:01:06:049		1.11131e+07		-5.67808		0		0		3.27199e+06		468.711		
00:01:05:950		3.23569e+06		274.488		128.342		0		3		271.673			00:01:05:950		1.11174e+07		-5.67522		0		0		3.27708e+06		469.618		
00:01:05:849		3.23572e+06		274.488		128.342		0		3		271.7			00:01:05:849		1.11217e+07		-5.67232		0		0		3.28161e+06		470.149		
00:01:05:750		3.23575e+06		274.222		128.342		0		3		271.727			00:01:05:750		1.11261e+07		-5.6694		0		0		3.28607e+06		470.707		
00:01:05:650		3.23578e+06		274.222		128.401		0		3		271.754			00:01:05:650		1.11304e+07		-5.66645		0		0		3.29048e+06		471.324		
00:01:05:549		3.2358e+06		274.222		128.401		0		3		271.78			00:01:05:549		1.11348e+07		-5.66346		0		0		3.29472e+06		471.413		
00:01:05:450		3.23583e+06		273.955		128.463		0		3		271.804			00:01:05:450		1.11392e+07		-5.66043		0		0		3.29929e+06		471.803		
00:01:05:349		3.23586e+06		273.955		128.463		0		3		271.827			00:01:05:349		1.11437e+07		-5.65737		0		0		3.30508e+06		472.775		
00:01:05:250		3.23589e+06		273.688		128.463		0		3		271.851			00:01:05:250		1.11482e+07		-5.65428		0		0		3.3111e+06		473.523		
00:01:05:150		3.23592e+06		273.688		128.527		0		3		271.876			00:01:05:150		1.11527e+07		-5.65116		0		0		3.31678e+06		474.6		
00:01:05:049		3.23594e+06		273.688		128.527		0		3		271.903			00:01:05:049		1.11572e+07		-5.648		0		0		3.3226e+06		476.662		
00:01:04:950		3.23597e+06		273.419		128.594		0		3		271.933			00:01:04:950		1.11617e+07		-5.64482		0		0		3.32838e+06		479.581		
00:01:04:849		3.236e+06		273.419		128.594		0		3		271.963			00:01:04:849		1.11661e+07		-5.6416		0		0		3.33127e+06		480.008		
00:01:04:750		3.23603e+06		273.15		128.594		0		3		271.994			00:01:04:750		1.11704e+07		-5.63835		0		0		3.3306e+06		478.606		
00:01:04:599		3.23607e+06		273.15		128.663		0		3		272.038			00:01:04:599		1.11768e+07		-5.63341		0		0		3.33258e+06		477.868		
00:01:04:549		3.23608e+06		273.15		128.663		0		3		272.053			00:01:04:549		1.1179e+07		-5.63174		0		0		3.33349e+06		477.313		
00:01:04:450		3.23611e+06		272.88		128.736		0		3		272.079			00:01:04:450		1.11832e+07		-5.62837		0		0		3.33635e+06		477.244		
00:01:04:349		3.23614e+06		272.88		128.736		0		3		272.104			00:01:04:349		1.11876e+07		-5.62496		0		0		3.34161e+06		478.398		
00:01:04:250		3.23617e+06		272.608		128.736		0		3		272.13			00:01:04:250		1.1192e+07		-5.62151		0		0		3.34656e+06		479.103		
00:01:04:150		3.23619e+06		272.608		128.811		0		3		272.155			00:01:04:150		1.11964e+07		-5.61802		0		0		3.35118e+06		479.665		
00:01:04:000		3.23623e+06		272.337		128.811		0		3		272.192			00:01:04:000		1.12031e+07		-5.61271		0		0		3.3581e+06		480.279		
00:01:03:899		3.23626e+06		272.337		128.889		0		3		272.217			00:01:03:899		1.12076e+07		-5.60912		0		0		3.36301e+06		480.728		
00:01:03:799		3.23629e+06		272.337		128.889		0		3		272.242			00:01:03:799		1.12121e+07		-5.60549		0		0		3.36843e+06		481.532		
00:01:03:700		3.23631e+06		272.065		128.97		0		3		272.268			00:01:03:700		1.12167e+07		-5.60182		0		0		3.37437e+06		482.952		
00:01:03:649		3.23633e+06		272.065		128.97		0		3		272.281			00:01:03:649		1.12189e+07		-5.59998		0		0		3.37742e+06		483.936		
00:01:03:500		3.23637e+06		271.79		128.97		0		3		272.325			00:01:03:500		1.12256e+07		-5.59438		0		0		3.38574e+06		487.626		
00:01:03:399		3.23639e+06		271.79		129.054		0		2.991		272.356			00:01:03:399		1.123e+07		-5.59061		0		0		3.38847e+06		487.962		
00:01:03:299		3.23642e+06		271.79		129.054		0		2.991		272.385			00:01:03:299		1.12343e+07		-5.58679		0		0		3.38796e+06		486.273		
00:01:03:200		3.23645e+06		271.514		129.141		0		2.97873		272.413			00:01:03:200		1.12387e+07		-5.58294		0		0		3.38883e+06		484.948		
00:01:03:100		3.23648e+06		271.514		129.141		0		2.97873		272.439			00:01:03:100		1.12431e+07		-5.57904		0		0		3.39214e+06		485.446		
00:01:03:000		3.23648e+06		271.514		129.141		0		2.97873		272.439			00:01:03:000		1.12431e+07		-5.57904		0		0		3.39214e+06		485.446		
00:01:03:000		3.2365e+06		271.237		129.141		0		2.97873		272.464			00:01:03:000		1.12475e+07		-5.57511		0		0		3.39762e+06		486.704		
00:01:02:799		3.23656e+06		271.237		129.232		0		2.96644		272.517			00:01:02:799		1.12565e+07		-5.56712		0		0		3.40707e+06		487.827		
00:01:02:700		3.23658e+06		270.961		129.326		0		2.95413		272.543			00:01:02:700		1.12611e+07		-5.56306		0		0		3.41165e+06		488.399		
00:01:02:700		3.23658e+06		270.961		129.326		0		2.95413		272.543			00:01:02:700		1.12611e+07		-5.56306		0		0		3.41165e+06		488.399		
00:01:02:600		3.23661e+06		270.961		129.326		0		2.95413		272.569			00:01:02:600		1.12656e+07		-5.55897		0		0		3.4161e+06		488.673		
00:01:02:399		3.23667e+06		270.682		129.424		0		2.94179		272.616			00:01:02:399		1.12749e+07		-5.55064		0		0		3.42609e+06		489.72		
00:01:02:399		3.23667e+06		270.682		129.424		0		2.94179		272.616			00:01:02:399		1.12749e+07		-5.55064		0		0		3.42609e+06		489.72		
00:01:02:299		3.23669e+06		270.682		129.424		0		2.94179		272.639			00:01:02:299		1.12796e+07		-5.54642		0		0		3.43203e+06		490.805		
00:01:02:100		3.23674e+06		270.404		129.526		0		2.92943		272.691			00:01:02:100		1.1289e+07		-5.53786		0		0		3.44378e+06		494.461		
00:01:02:000		3.23677e+06		270.126		129.526		0		2.92943		272.721			00:01:02:000		1.12936e+07		-5.53352		0		0		3.44942e+06		497.51		
00:01:02:000		3.23677e+06		270.126		129.526		0		2.92943		272.721			00:01:02:000		1.12936e+07		-5.53352		0		0		3.44942e+06		497.51		
00:01:01:899		3.2368e+06		270.126		129.632		0		2.91706		272.751			00:01:01:899		1.12982e+07		-5.52915		0		0		3.45104e+06		496.746		
00:01:01:799		3.23682e+06		270.126		129.632		0		2.91706		272.781			00:01:01:799		1.13027e+07		-5.52474		0		0		3.45023e+06		495.817		
00:01:01:700		3.23685e+06		269.844		129.741		0		2.90468		272.811			00:01:01:700		1.13072e+07		-5.52029		0		0		3.45159e+06		495.219		
00:01:01:600		3.23687e+06		269.844		129.741		0		2.90468		272.839			00:01:01:600		1.13117e+07		-5.51579		0		0		3.45314e+06		493.944		
00:01:01:500		3.2369e+06		269.562		129.741		0		2.90468		272.864			00:01:01:500		1.13163e+07		-5.51125		0		0		3.45678e+06		494.564		
00:01:01:399		3.23693e+06		269.562		129.855		0		2.89228		272.888			00:01:01:399		1.13209e+07		-5.50665		0		0		3.46245e+06		495.637		
00:01:01:200		3.23698e+06		269.279		129.974		0		2.87985		272.94			00:01:01:200		1.13302e+07		-5.49732		0		0		3.47204e+06		496.953		
00:01:01:100		3.237e+06		269.279		129.974		0		2.87985		272.964			00:01:01:100		1.13349e+07		-5.49258		0		0		3.47675e+06		497.462		
00:01:01:100		3.237e+06		269.279		129.974		0		2.87985		272.964			00:01:01:100		1.13349e+07		-5.49258		0		0		3.47675e+06		497.462		
00:01:01:000		3.23703e+06		268.996		129.974		0		2.87985		272.989			00:01:01:000		1.13396e+07		-5.48778		0		0		3.48146e+06		497.76		
00:01:00:899		3.23706e+06		268.996		130.096		0		2.8674		273.012			00:01:00:899		1.13444e+07		-5.48294		0		0		3.48649e+06		498.198		
00:01:00:799		3.23708e+06		268.996		130.096		0		2.8674		273.034			00:01:00:799		1.13492e+07		-5.47805		0		0		3.49226e+06		499.129		
00:01:00:700		3.23711e+06		268.711		130.224		0		2.85492		273.058			00:01:00:700		1.1354e+07		-5.47311		0		0		3.49841e+06		500.417		
00:01:00:500		3.23716e+06		268.428		130.224		0		2.85492		273.113			00:01:00:500		1.13637e+07		-5.46311		0		0		3.51083e+06		506.177		
00:01:00:399		3.23719e+06		268.428		130.356		0		2.84244		273.143			00:01:00:399		1.13684e+07		-5.45803		0		0		3.51352e+06		506.299		
00:01:00:399		3.23719e+06		268.428		130.356		0		2.84244		273.143			00:01:00:399		1.13684e+07		-5.45803		0		0		3.51352e+06		506.299		
00:01:00:299		3.23721e+06		268.428		130.356		0		2.84244		273.174			00:01:00:299		1.13731e+07		-5.45291		0		0		3.51204e+06		504.896		
00:01:00:049		3.23727e+06		268.143		130.493		0		2.82995		273.246			00:01:00:049		1.13847e+07		-5.43979		0		0		3.51497e+06		502.608		
00:01:00:049		3.23727e+06		268.143		130.493		0		2.82995		273.246			00:01:00:049		1.13847e+07		-5.43979		0		0		3.51497e+06		502.608		
00:01:00:000		3.23729e+06		267.856		130.493		0		2.82995		273.258			00:01:00:000		1.1387e+07		-5.43711		0		0		3.51674e+06		502.982		
00:00:59:899		3.23731e+06		267.856		130.636		0		2.81743		273.282			00:00:59:899		1.13917e+07		-5.4317		0		0		3.52229e+06		504.174		
00:00:59:799		3.23734e+06		267.856		130.636		0		2.81743		273.308			00:00:59:799		1.13965e+07		-5.42622		0		0		3.52733e+06		504.95		
00:00:59:700		3.23736e+06		267.57		130.784		0		2.80489		273.333			00:00:59:700		1.14013e+07		-5.42069		0		0		3.53209e+06		505.655		
00:00:59:600		3.23739e+06		267.57		130.784		0		2.80489		273.357			00:00:59:600		1.14061e+07		-5.41509		0		0		3.53679e+06		505.841		
00:00:59:500		3.23741e+06		267.281		130.784		0		2.80489		273.381			00:00:59:500		1.1411e+07		-5.40944		0		0		3.54162e+06		506.186		
00:00:59:399		3.23744e+06		267.281		130.937		0		2.79232		273.404			00:00:59:399		1.14159e+07		-5.40372		0		0		3.5469e+06		506.758		
00:00:59:299		3.23746e+06		267.281		130.937		0		2.79232		273.428			00:00:59:299		1.14209e+07		-5.39796		0		0		3.55282e+06		507.699		
00:00:59:100		3.23751e+06		266.992		131.096		0		2.77973		273.482			00:00:59:100		1.14309e+07		-5.3863		0		0		3.56589e+06		512.612		
00:00:59:100		3.23751e+06		266.992		131.096		0		2.77973		273.482			00:00:59:100		1.14309e+07		-5.3863		0		0		3.56589e+06		512.612		
00:00:59:000		3.23754e+06		266.703		131.096		0		2.77973		273.512			00:00:59:000		1.14358e+07		-5.38043		0		0		3.57151e+06		515.402		
00:00:58:899		3.23756e+06		266.703		131.261		0		2.76714		273.544			00:00:58:899		1.14406e+07		-5.37453		0		0		3.5717e+06		514.03		
00:00:58:799		3.23759e+06		266.703		131.261		0		2.76714		273.575			00:00:58:799		1.14455e+07		-5.36861		0		0		3.57079e+06		513.28		
00:00:58:700		3.23761e+06		266.413		131.433		0		2.75453		273.607			00:00:58:700		1.14503e+07		-5.36266		0		0		3.57182e+06		512.251		
00:00:58:600		3.23763e+06		266.413		131.433		0		2.75453		273.636			00:00:58:600		1.14551e+07		-5.35669		0		0		3.57311e+06		510.983		
00:00:58:500		3.23766e+06		266.124		131.433		0		2.75453		273.661			00:00:58:500		1.14599e+07		-5.3507		0		0		3.57725e+06		511.918		
00:00:58:399		3.23768e+06		266.124		131.61		0		2.7419		273.688			00:00:58:399		1.14649e+07		-5.34469		0		0		3.58254e+06		512.66		
00:00:58:299		3.23771e+06		266.124		131.61		0		2.7419		273.715			00:00:58:299		1.14698e+07		-5.33866		0		0		3.58736e+06		513.366		
00:00:58:100		3.23775e+06		265.833		131.794		0		2.72925		273.768			00:00:58:100		1.14799e+07		-5.32655		0		0		3.59689e+06		514.167		
00:00:58:100		3.23775e+06		265.833		131.794		0		2.72925		273.768			00:00:58:100		1.14799e+07		-5.32655		0		0		3.59689e+06		514.167		
00:00:58:000		3.23778e+06		265.542		131.794		0		2.72925		273.794			00:00:58:000		1.14849e+07		-5.32045		0		0		3.60195e+06		514.566		
00:00:57:899		3.2378e+06		265.542		131.985		0		2.71656		273.823			00:00:57:899		1.149e+07		-5.31433		0		0		3.60781e+06		515.701		
00:00:57:799		3.23783e+06		265.542		131.985		0		2.71656		273.854			00:00:57:799		1.14951e+07		-5.30819		0		0		3.61455e+06		518.372		
00:00:57:700		3.23785e+06		265.251		132.183		0		2.70388		273.888			00:00:57:700		1.15001e+07		-5.30202		0		0		3.62123e+06		522.115		
00:00:57:600		3.23787e+06		265.251		132.183		0		2.70388		273.923			00:00:57:600		1.15049e+07		-5.29586		0		0		3.62398e+06		522.584		
00:00:57:500		3.2379e+06		264.959		132.183		0		2.70388		273.958			00:00:57:500		1.15098e+07		-5.28967		0		0		3.62217e+06		520.703		
00:00:57:399		3.23792e+06		264.959		132.388		0		2.69118		273.992			00:00:57:399		1.15147e+07		-5.28345		0		0		3.62197e+06		518.96		
00:00:57:299		3.23794e+06		264.959		132.388		0		2.69118		274.024			00:00:57:299		1.15197e+07		-5.27717		0		0		3.62338e+06		518.098		
00:00:57:200		3.23797e+06		264.667		132.601		0		2.67845		274.053			00:00:57:200		1.15247e+07		-5.27084		0		0		3.62837e+06		519.237		
00:00:57:100		3.23799e+06		264.667		132.601		0		2.67845		274.084			00:00:57:100		1.15297e+07		-5.26446		0		0		3.6334e+06		519.931		
00:00:56:950		3.23802e+06		264.373		132.821		0		2.66571		274.13			00:00:56:950		1.15374e+07		-5.25479		0		0		3.64067e+06		520.888		
00:00:56:850		3.23805e+06		264.373		132.821		0		2.66571		274.159			00:00:56:850		1.15426e+07		-5.24829		0		0		3.64534e+06		521.193		
00:00:56:750		3.23807e+06		264.08		132.821		0		2.66571		274.189			00:00:56:750		1.15479e+07		-5.24174		0		0		3.65023e+06		521.474		
00:00:56:700		3.23808e+06		264.08		133.048		0		2.65294		274.203			00:00:56:700		1.15505e+07		-5.23846		0		0		3.65291e+06		521.77		
00:00:56:600		3.2381e+06		264.08		133.048		0		2.65294		274.234			00:00:56:600		1.15559e+07		-5.23187		0		0		3.65895e+06		522.956		
00:00:56:500		3.23813e+06		263.787		133.048		0		2.65294		274.266			00:00:56:500		1.15612e+07		-5.22529		0		0		3.66571e+06		525.685		
00:00:56:399		3.23815e+06		263.787		133.284		0		2.64015		274.301			00:00:56:399		1.15665e+07		-5.21872		0		0		3.67277e+06		529.506		
00:00:56:250		3.23818e+06		263.493		133.284		0		2.64015		274.356			00:00:56:250		1.15743e+07		-5.20886		0		0		3.67564e+06		529.319		
00:00:56:149		3.2382e+06		263.493		133.528		0		2.62736		274.393			00:00:56:149		1.15794e+07		-5.20229		0		0		3.67394e+06		528.112		
00:00:56:049		3.23823e+06		263.493		133.528		0		2.62736		274.429			00:00:56:049		1.15846e+07		-5.19568		0		0		3.67423e+06		526.589		
00:00:55:950		3.23825e+06		263.197		133.78		0		2.61455		274.461			00:00:55:950		1.15898e+07		-5.18903		0		0		3.67577e+06		525.931		
00:00:55:850		3.23827e+06		263.197		133.78		0		2.61455		274.49			00:00:55:850		1.1595e+07		-5.18232		0		0		3.68079e+06		526.86		
00:00:55:850		3.23827e+06		263.197		133.78		0		2.61455		274.49			00:00:55:850		1.1595e+07		-5.18232		0		0		3.68079e+06		526.86		
00:00:55:750		3.23829e+06		262.901		133.78		0		2.61455		274.52			00:00:55:750		1.16003e+07		-5.17557		0		0		3.68564e+06		527.391		
00:00:55:649		3.23831e+06		262.901		134.041		0		2.60171		274.55			00:00:55:649		1.16056e+07		-5.16877		0		0		3.69027e+06		527.911		
00:00:55:549		3.23834e+06		262.901		134.041		0		2.60171		274.578			00:00:55:549		1.1611e+07		-5.16193		0		0		3.69507e+06		528.366		
00:00:55:350		3.23838e+06		262.605		134.31		0		2.58885		274.635			00:00:55:350		1.16219e+07		-5.14815		0		0		3.70571e+06		529.203		
00:00:55:250		3.2384e+06		262.31		134.31		0		2.58885		274.665			00:00:55:250		1.16274e+07		-5.14126		0		0		3.71263e+06		531.798		
00:00:55:149		3.23842e+06		262.31		134.588		0		2.57597		274.699			00:00:55:149		1.16328e+07		-5.13437		0		0		3.72021e+06		536.11		
00:00:55:149		3.23842e+06		262.31		134.588		0		2.57597		274.699			00:00:55:149		1.16328e+07		-5.13437		0		0		3.72021e+06		536.11		
00:00:55:049		3.23844e+06		262.31		134.588		0		2.57597		274.734			00:00:55:049		1.16382e+07		-5.12749		0		0		3.72388e+06		537.271		
00:00:54:950		3.23846e+06		262.015		134.876		0		2.56309		274.769			00:00:54:950		1.16435e+07		-5.12062		0		0		3.722e+06		535.373		
00:00:54:850		3.23848e+06		262.015		134.876		0		2.56309		274.803			00:00:54:850		1.16489e+07		-5.11372		0		0		3.72148e+06		534.131		
00:00:54:750		3.23851e+06		261.719		134.876		0		2.56309		274.836			00:00:54:750		1.16542e+07		-5.10678		0		0		3.72201e+06		532.384		
00:00:54:649		3.23853e+06		261.719		135.172		0		2.55019		274.865			00:00:54:649		1.16595e+07		-5.09979		0		0		3.72528e+06		533.083		
00:00:54:549		3.23855e+06		261.719		135.172		0		2.55019		274.895			00:00:54:549		1.1665e+07		-5.09274		0		0		3.73074e+06		533.985		
00:00:54:450		3.23856e+06		261.422		135.477		0		2.53727		274.925			00:00:54:450		1.16704e+07		-5.08565		0		0		3.73524e+06		534.378		
00:00:54:350		3.23859e+06		261.422		135.477		0		2.53727		274.955			00:00:54:350		1.1676e+07		-5.07852		0		0		3.73972e+06		534.516		
00:00:54:149		3.23862e+06		261.124		135.791		0		2.52431		275.016			00:00:54:149		1.16871e+07		-5.06418		0		0		3.75078e+06		535.99		
00:00:54:149		3.23862e+06		261.124		135.791		0		2.52431		275.016			00:00:54:149		1.16871e+07		-5.06418		0		0		3.75078e+06		535.99		
00:00:53:950		3.23866e+06		260.826		136.116		0		2.51136		275.089			00:00:53:950		1.16982e+07		-5.04988		0		0		3.76502e+06		543.364		
00:00:53:950		3.23866e+06		260.826		136.116		0		2.51136		275.089			00:00:53:950		1.16982e+07		-5.04988		0		0		3.76502e+06		543.364		
00:00:53:850		3.23868e+06		260.826		136.116		0		2.51136		275.127			00:00:53:850		1.17036e+07		-5.04274		0		0		3.76483e+06		541.838		
00:00:53:750		3.2387e+06		260.529		136.116		0		2.51136		275.166			00:00:53:750		1.1709e+07		-5.0356		0		0		3.76346e+06		540.7		
00:00:53:600		3.23872e+06		260.529		136.451		0		2.49839		275.222			00:00:53:600		1.17172e+07		-5.02486		0		0		3.76429e+06		538.38		
00:00:53:500		3.23874e+06		260.236		136.451		0		2.49839		275.255			00:00:53:500		1.17226e+07		-5.01765		0		0		3.76804e+06		539.065		
00:00:53:399		3.23876e+06		260.236		136.796		0		2.4854		275.289			00:00:53:399		1.17282e+07		-5.01043		0		0		3.77365e+06		539.854		
00:00:53:350		3.23877e+06		260.236		136.796		0		2.4854		275.307			00:00:53:350		1.17309e+07		-5.00681		0		0		3.77597e+06		540.023		
00:00:53:149		3.23881e+06		259.947		137.148		0		2.47238		275.376			00:00:53:149		1.17421e+07		-4.99233		0		0		3.78575e+06		540.512		
00:00:53:149		3.23881e+06		259.947		137.148		0		2.47238		275.376			00:00:53:149		1.17421e+07		-4.99233		0		0		3.78575e+06		540.512		
00:00:53:049		3.23882e+06		259.947		137.148		0		2.47238		275.414			00:00:53:049		1.17477e+07		-4.98513		0		0		3.79226e+06		542.779		
00:00:52:899		3.23885e+06		259.659		137.506		0		2.45935		275.475			00:00:52:899		1.1756e+07		-4.97438		0		0		3.80295e+06		548.425		
00:00:52:799		3.23887e+06		259.659		137.506		0		2.45935		275.516			00:00:52:799		1.17615e+07		-4.96724		0		0		3.80378e+06		547.185		
00:00:52:700		3.23889e+06		259.369		137.87		0		2.44631		275.557			00:00:52:700		1.1767e+07		-4.9601		0		0		3.8026e+06		545.978		
00:00:52:600		3.2389e+06		259.369		137.87		0		2.44631		275.596			00:00:52:600		1.17725e+07		-4.95292		0		0		3.80334e+06		544.328		
00:00:52:500		3.23892e+06		259.078		137.87		0		2.44631		275.633			00:00:52:500		1.1778e+07		-4.9457		0		0		3.80542e+06		543.782		
00:00:52:399		3.23894e+06		259.078		138.241		0		2.43324		275.667			00:00:52:399		1.17835e+07		-4.93845		0		0		3.8111e+06		545.059		
00:00:52:200		3.23898e+06		258.787		138.617		0		2.42015		275.74			00:00:52:200		1.17947e+07		-4.92388		0		0		3.8216e+06		545.854		
00:00:52:100		3.23899e+06		258.787		138.617		0		2.42015		275.779			00:00:52:100		1.18003e+07		-4.9166		0		0		3.82818e+06		548.544		
00:00:52:100		3.23899e+06		258.787		138.617		0		2.42015		275.779			00:00:52:100		1.18003e+07		-4.9166		0		0		3.82818e+06		548.544		
00:00:52:000		3.23901e+06		258.496		138.617		0		2.42015		275.821			00:00:52:000		1.18058e+07		-4.90934		0		0		3.83543e+06		552.346		
00:00:51:899		3.23903e+06		258.496		139.001		0		2.40705		275.863			00:00:51:899		1.18113e+07		-4.9021		0		0		3.83814e+06		552.308		
00:00:51:799		3.23905e+06		258.496		139.001		0		2.40705		275.904			00:00:51:799		1.18168e+07		-4.89486		0		0		3.83731e+06		551.15		
00:00:51:700		3.23907e+06		258.203		139.391		0		2.39394		275.945			00:00:51:700		1.18222e+07		-4.8876		0		0		3.83825e+06		550.255		
00:00:51:549		3.23909e+06		258.203		139.391		0		2.39394		276.002			00:00:51:549		1.18304e+07		-4.87663		0		0		3.8411e+06		548.705		
00:00:51:450		3.23911e+06		257.909		139.787		0		2.3808		276.037			00:00:51:450		1.1836e+07		-4.86927		0		0		3.84694e+06		549.992		
00:00:51:399		3.23912e+06		257.909		139.787		0		2.3808		276.055			00:00:51:399		1.18387e+07		-4.86559		0		0		3.84982e+06		550.221		
00:00:51:200		3.23916e+06		257.615		140.191		0		2.36764		276.131			00:00:51:200		1.18499e+07		-4.85082		0		0		3.86123e+06		552.601		
00:00:51:049		3.23918e+06		257.615		140.191		0		2.36764		276.194			00:00:51:049		1.18583e+07		-4.83976		0		0		3.87166e+06		557.822		
00:00:51:049		3.23918e+06		257.615		140.191		0		2.36764		276.194			00:00:51:049		1.18583e+07		-4.83976		0		0		3.87166e+06		557.822		
00:00:50:950		3.2392e+06		257.318		140.602		0		2.35448		276.235			00:00:50:950		1.18638e+07		-4.83239		0		0		3.87259e+06		556.628		
00:00:50:850		3.23922e+06		257.318		140.602		0		2.35448		276.276			00:00:50:850		1.18693e+07		-4.82501		0		0		3.87208e+06		555.504		
00:00:50:750		3.23924e+06		257.019		140.602		0		2.35448		276.316			00:00:50:750		1.18748e+07		-4.8176		0		0		3.87328e+06		553.923		
00:00:50:700		3.23925e+06		257.019		141.02		0		2.34128		276.335			00:00:50:700		1.18776e+07		-4.81388		0		0		3.87421e+06		553.255		
00:00:50:549		3.23927e+06		257.019		141.02		0		2.34128		276.389			00:00:50:549		1.1886e+07		-4.80269		0		0		3.8821e+06		554.758		
00:00:50:549		3.23927e+06		257.019		141.02		0		2.34128		276.389			00:00:50:549		1.1886e+07		-4.80269		0		0		3.8821e+06		554.758		
00:00:50:399		3.2393e+06		256.715		141.446		0		2.32807		276.448			00:00:50:399		1.18944e+07		-4.79149		0		0		3.89166e+06		557.772		
00:00:50:299		3.23932e+06		256.715		141.446		0		2.32807		276.49			00:00:50:299		1.18999e+07		-4.78403		0		0		3.89811e+06		560.848		
00:00:50:200		3.23934e+06		256.406		141.881		0		2.31485		276.532			00:00:50:200		1.19055e+07		-4.77657		0		0		3.90066e+06		560.653		
00:00:50:049		3.23936e+06		256.406		141.881		0		2.31485		276.594			00:00:50:049		1.19137e+07		-4.76537		0		0		3.90147e+06		559.456		
00:00:49:950		3.23938e+06		256.087		142.324		0		2.30161		276.634			00:00:49:950		1.19193e+07		-4.75787		0		0		3.90303e+06		557.818		
00:00:49:850		3.2394e+06		256.087		142.324		0		2.30161		276.672			00:00:49:850		1.19248e+07		-4.75033		0		0		3.90621e+06		557.602		
00:00:49:750		3.23942e+06		255.751		142.324		0		2.30161		276.709			00:00:49:750		1.19305e+07		-4.74277		0		0		3.91284e+06		559.155		
00:00:49:649		3.23944e+06		255.751		142.778		0		2.28834		276.748			00:00:49:649		1.19361e+07		-4.73521		0		0		3.91936e+06		561.187		
00:00:49:549		3.23945e+06		255.751		142.778		0		2.28834		276.748			00:00:49:549		1.19417e+07		-4.72766		0		0		3.92601e+06		564.424		
00:00:49:549		3.23945e+06		255.751		142.778		0		2.28834		276.791			00:00:49:549		1.19417e+07		-4.72766		0		0		3.92601e+06		564.424		
00:00:49:450		3.23947e+06		255.386		143.244		0		2.27506		276.833			00:00:49:450		1.19473e+07		-4.72011		0		0		3.92984e+06		565.001		
00:00:49:350		3.23949e+06		255.386		143.244		0		2.27506		276.874			00:00:49:350		1.19528e+07		-4.71256		0		0		3.92992e+06		563.802		
00:00:49:149		3.23953e+06		254.97		143.724		0		2.26176		276.955			00:00:49:149		1.1964e+07		-4.69739		0		0		3.93359e+06		561.563		
00:00:49:149		3.23953e+06		254.97		143.724		0		2.26176		276.955			00:00:49:149		1.1964e+07		-4.69739		0		0		3.93359e+06		561.563		
00:00:49:049		3.23954e+06		254.97		143.724		0		2.26176		276.993			00:00:49:049		1.19696e+07		-4.68979		0		0		3.93845e+06		562.722		
00:00:48:850		3.23958e+06		254.907		144.207		0		2.24844		277.077			00:00:48:850		1.19808e+07		-4.67459		0		0		3.95199e+06		567.994		
00:00:48:850		3.23958e+06		254.907		144.207		0		2.24844		277.077			00:00:48:850		1.19808e+07		-4.67459		0		0		3.95199e+06		567.994		
00:00:48:750		3.2396e+06		254.846		144.207		0		2.24844		277.119			00:00:48:750		1.19864e+07		-4.66701		0		0		3.955e+06		567.941		
00:00:48:600		3.23962e+06		254.846		144.692		0		2.23511		277.182			00:00:48:600		1.19948e+07		-4.65565		0		0		3.95681e+06		566.967		
00:00:48:450		3.23965e+06		254.786		145.18		0		2.22176		277.243			00:00:48:450		1.20033e+07		-4.64435		0		0		3.96047e+06		565.263		
00:00:48:450		3.23965e+06		254.786		145.18		0		2.22176		277.243			00:00:48:450		1.20033e+07		-4.64435		0		0		3.96047e+06		565.263		
00:00:48:350		3.23967e+06		254.786		145.18		0		2.22176		277.281			00:00:48:350		1.20088e+07		-4.63687		0		0		3.96616e+06		567.18		
00:00:48:100		3.23971e+06		254.728		145.671		0		2.20839		277.387			00:00:48:100		1.20224e+07		-4.61823		0		0		3.98012e+06		571.429		
00:00:48:100		3.23971e+06		254.728		145.671		0		2.20839		277.387			00:00:48:100		1.20224e+07		-4.61823		0		0		3.98012e+06		571.429		
00:00:48:049		3.23972e+06		254.728		145.671		0		2.20839		277.409			00:00:48:049		1.20251e+07		-4.6145		0		0		3.98073e+06		571.029		
00:00:47:899		3.23975e+06		254.67		146.163		0		2.19501		277.471			00:00:47:899		1.20332e+07		-4.6033		0		0		3.98366e+06		570.318		
00:00:47:799		3.23977e+06		254.67		146.163		0		2.19501		277.512			00:00:47:799		1.20386e+07		-4.59581		0		0		3.98629e+06		569.099		
00:00:47:700		3.23979e+06		254.614		146.658		0		2.1816		277.551			00:00:47:700		1.2044e+07		-4.5883		0		0		3.99126e+06		570.507		
00:00:47:600		3.2398e+06		254.614		146.658		0		2.1816		277.593			00:00:47:600		1.20495e+07		-4.58079		0		0		3.99884e+06		573.716		
00:00:47:500		3.23982e+06		254.559		146.658		0		2.1816		277.635			00:00:47:500		1.20549e+07		-4.57328		0		0		4.00433e+06		575.253		
00:00:47:399		3.23984e+06		254.559		147.156		0		2.16818		277.677			00:00:47:399		1.20603e+07		-4.56577		0		0		4.00647e+06		574.618		
00:00:47:350		3.23985e+06		254.559		147.156		0		2.16818		277.698			00:00:47:350		1.2063e+07		-4.56201		0		0		4.0071e+06		574.349		
00:00:47:100		3.23989e+06		254.505		147.654		0		2.15474		277.801			00:00:47:100		1.20766e+07		-4.54315		0		0		4.01447e+06		573.321		
00:00:47:100		3.23989e+06		254.505		147.654		0		2.15474		277.801			00:00:47:100		1.20766e+07		-4.54315		0		0		4.01447e+06		573.321		
00:00:47:000		3.23991e+06		254.452		147.654		0		2.15474		277.841			00:00:47:000		1.20821e+07		-4.5356		0		0		4.02105e+06		576.119		
00:00:46:899		3.23993e+06		254.452		148.155		0		2.14128		277.883			00:00:46:899		1.20875e+07		-4.52804		0		0		4.02739e+06		578.142		
00:00:46:799		3.23995e+06		254.452		148.155		0		2.14128		277.925			00:00:46:799		1.2093e+07		-4.52047		0		0		4.03035e+06		577.886		
00:00:46:700		3.23997e+06		254.399		148.657		0		2.1278		277.966			00:00:46:700		1.20984e+07		-4.51291		0		0		4.03223e+06		577.376		
00:00:46:600		3.23998e+06		254.399		148.657		0		2.1278		278.008			00:00:46:600		1.21039e+07		-4.50534		0		0		4.03564e+06		577.665		
00:00:46:500		3.24e+06		254.348		148.657		0		2.1278		278.049			00:00:46:500		1.21093e+07		-4.49777		0		0		4.03997e+06		578.521		
00:00:46:399		3.24002e+06		254.348		149.16		0		2.11431		278.091			00:00:46:399		1.21147e+07		-4.4902		0		0		4.04452e+06		580.545		
00:00:46:200		3.24006e+06		254.298		149.664		0		2.1008		278.174			00:00:46:200		1.21256e+07		-4.47505		0		0		4.05151e+06		580.229		
00:00:46:100		3.24007e+06		254.298		149.664		0		2.1008		278.215			00:00:46:100		1.21311e+07		-4.46747		0		0		4.0552e+06		580.667		
00:00:46:100		3.24007e+06		254.298		149.664		0		2.1008		278.215			00:00:46:100		1.21311e+07		-4.46747		0		0		4.0552e+06		580.667		
00:00:45:950		3.2401e+06		254.249		150.168		0		2.08727		278.277			00:00:45:950		1.21392e+07		-4.45611		0		0		4.06142e+06		581.801		
00:00:45:850		3.24012e+06		254.249		150.168		0		2.08727		278.319			00:00:45:850		1.21446e+07		-4.44853		0		0		4.06547e+06		582.478		
00:00:45:799		3.24013e+06		254.249		150.168		0		2.08727		278.34			00:00:45:799		1.21473e+07		-4.44474		0		0		4.06735e+06		582.691		
00:00:45:700		3.24015e+06		254.199		150.673		0		2.07373		278.381			00:00:45:700		1.21527e+07		-4.43716		0		0		4.07092e+06		583.013		
00:00:45:600		3.24016e+06		254.199		150.673		0		2.07373		278.422			00:00:45:600		1.2158e+07		-4.42958		0		0		4.07467e+06		583.446		
00:00:45:500		3.24018e+06		254.149		150.673		0		2.07373		278.464			00:00:45:500		1.21633e+07		-4.422		0		0		4.07873e+06		584.121		
00:00:45:399		3.2402e+06		254.149		151.178		0		2.06019		278.505			00:00:45:399		1.21686e+07		-4.41441		0		0		4.08291e+06		584.884		
00:00:45:200		3.24024e+06		254.098		151.683		0		2.04664		278.588			00:00:45:200		1.21792e+07		-4.39918		0		0		4.0905e+06		585.821		
00:00:45:049		3.24026e+06		254.098		151.683		0		2.04664		278.649			00:00:45:049		1.21872e+07		-4.38772		0		0		4.09621e+06		586.546		
00:00:45:049		3.24026e+06		254.098		151.683		0		2.04664		278.649			00:00:45:049		1.21872e+07		-4.38772		0		0		4.09621e+06		586.546		
00:00:44:950		3.24028e+06		254.046		152.188		0		2.03308		278.691			00:00:44:950		1.21925e+07		-4.38006		0		0		4.10037e+06		587.356		
00:00:44:850		3.2403e+06		254.046		152.188		0		2.03308		278.732			00:00:44:850		1.21978e+07		-4.37237		0		0		4.10451e+06		587.962		
00:00:44:750		3.24032e+06		253.993		152.188		0		2.03308		278.773			00:00:44:750		1.22031e+07		-4.36467		0		0		4.10835e+06		588.442		
00:00:44:750		3.24032e+06		253.993		152.188		0		2.03308		278.773			00:00:44:750		1.22031e+07		-4.36467		0		0		4.10835e+06		588.442		
00:00:44:649		3.24034e+06		253.993		152.692		0		2.01952		278.815			00:00:44:649		1.22083e+07		-4.35694		0		0		4.11203e+06		588.798		
00:00:44:549		3.24035e+06		253.993		152.692		0		2.01952		278.856			00:00:44:549		1.22136e+07		-4.3492		0		0		4.1159e+06		589.294		
00:00:44:350		3.24039e+06		253.939		153.196		0		2.00595		278.938			00:00:44:350		1.22242e+07		-4.33369		0		0		4.12424e+06		590.752		
00:00:44:250		3.24041e+06		253.883		153.196		0		2.00595		278.979			00:00:44:250		1.22295e+07		-4.32593		0		0		4.12815e+06		591.272		
00:00:44:149		3.24043e+06		253.883		153.699		0		1.99238		279.02			00:00:44:149		1.22348e+07		-4.31818		0		0		4.13185e+06		591.634		
00:00:44:049		3.24044e+06		253.883		153.699		0		1.99238		279.061			00:00:44:049		1.22401e+07		-4.31042		0		0		4.13571e+06		592.1		
00:00:43:950		3.24046e+06		253.827		154.2		0		1.97881		279.103			00:00:43:950		1.22453e+07		-4.30267		0		0		4.13986e+06		592.798		
00:00:43:850		3.24048e+06		253.827		154.2		0		1.97881		279.144			00:00:43:850		1.22506e+07		-4.29491		0		0		4.1441e+06		593.568		
00:00:43:750		3.24048e+06		253.827		154.2		0		1.97881		279.144			00:00:43:750		1.22506e+07		-4.29491		0		0		4.1441e+06		593.568		
00:00:43:750		3.2405e+06		253.769		154.2		0		1.97881		279.185			00:00:43:750		1.22559e+07		-4.28716		0		0		4.14809e+06		594.125		
00:00:43:549		3.24053e+06		253.769		154.699		0		1.96523		279.267			00:00:43:549		1.22665e+07		-4.27165		0		0		4.15567e+06		594.948		
00:00:43:549		3.24053e+06		253.769		154.699		0		1.96523		279.267			00:00:43:549		1.22665e+07		-4.27165		0		0		4.15567e+06		594.948		
00:00:43:450		3.24055e+06		253.709		155.197		0		1.95165		279.308			00:00:43:450		1.22718e+07		-4.2639		0		0		4.15984e+06		595.709		
00:00:43:350		3.24057e+06		253.709		155.197		0		1.95165		279.349			00:00:43:350		1.22771e+07		-4.25615		0		0		4.16416e+06		596.392		
00:00:43:149		3.24061e+06		253.648		155.692		0		1.93806		279.431			00:00:43:149		1.22877e+07		-4.24065		0		0		4.172e+06		597.332		
00:00:43:149		3.24061e+06		253.648		155.692		0		1.93806		279.431			00:00:43:149		1.22877e+07		-4.24065		0		0		4.172e+06		597.332		
00:00:43:049		3.24062e+06		253.648		155.692		0		1.93806		279.472			00:00:43:049		1.2293e+07		-4.2329		0		0		4.17586e+06		597.738		
00:00:42:950		3.24064e+06		253.586		156.185		0		1.92447		279.513			00:00:42:950		1.22983e+07		-4.22515		0		0		4.18007e+06		598.389		
00:00:42:850		3.24066e+06		253.586		156.185		0		1.92447		279.554			00:00:42:850		1.23036e+07		-4.2174		0		0		4.18447e+06		599.159		
00:00:42:700		3.24069e+06		253.521		156.674		0		1.91088		279.616			00:00:42:700		1.23115e+07		-4.20577		0		0		4.19061e+06		600.08		
00:00:42:600		3.2407e+06		253.521		156.674		0		1.91088		279.657			00:00:42:600		1.23168e+07		-4.19802		0		0		4.1944e+06		600.4		
00:00:42:500		3.24072e+06		253.454		156.674		0		1.91088		279.698			00:00:42:500		1.23221e+07		-4.19026		0		0		4.19846e+06		600.913		
00:00:42:399		3.24074e+06		253.454		157.16		0		1.89728		279.739			00:00:42:399		1.23274e+07		-4.18251		0		0		4.20288e+06		601.697		
00:00:42:299		3.24076e+06		253.454		157.16		0		1.89728		279.781			00:00:42:299		1.23326e+07		-4.17475		0		0		4.20732e+06		602.498		
00:00:42:100		3.24078e+06		253.385		157.642		0		1.88369		279.822			00:00:42:100		1.23379e+07		-4.167		0		0		4.21142e+06		603.003		
00:00:42:100		3.24079e+06		253.385		157.642		0		1.88369		279.863			00:00:42:100		1.23432e+07		-4.15926		0		0		4.21529e+06		603.318		
00:00:42:000		3.24081e+06		253.314		157.642		0		1.88369		279.904			00:00:42:000		1.23485e+07		-4.15151		0		0		4.21941e+06		603.832		
00:00:41:899		3.24083e+06		253.314		158.12		0		1.87009		279.945			00:00:41:899		1.23538e+07		-4.14377		0		0		4.22394e+06		604.647		
00:00:41:799		3.24085e+06		253.314		158.12		0		1.87009		279.986			00:00:41:799		1.23591e+07		-4.13604		0		0		4.22849e+06		605.488		
00:00:41:700		3.24087e+06		253.241		158.593		0		1.85649		280.028			00:00:41:700		1.23644e+07		-4.12831		0		0		4.23268e+06		606.024		
00:00:41:649		3.24088e+06		253.241		158.593		0		1.85649		280.048			00:00:41:649		1.23671e+07		-4.12444		0		0		4.23464e+06		606.185		
00:00:41:549		3.24089e+06		253.241		158.593		0		1.85649		280.089			00:00:41:549		1.23724e+07		-4.11671		0		0		4.2386e+06		606.539		
00:00:41:399		3.24092e+06		253.165		159.06		0		1.84289		280.151			00:00:41:399		1.23804e+07		-4.1051		0		0		4.24529e+06		607.639		
00:00:41:299		3.24094e+06		253.165		159.06		0		1.84289		280.193			00:00:41:299		1.23857e+07		-4.09736		0		0		4.24995e+06		608.522		
00:00:41:100		3.24097e+06		253.087		159.521		0		1.8293		280.275			00:00:41:100		1.23964e+07		-4.08187		0		0		4.25817e+06		609.401		
00:00:41:100		3.24097e+06		253.087		159.521		0		1.8293		280.275			00:00:41:100		1.23964e+07		-4.08187		0		0		4.25817e+06		609.401		
00:00:41:000		3.24099e+06		253.005		159.521		0		1.8293		280.317			00:00:41:000		1.24017e+07		-4.0741		0		0		4.26232e+06		609.859		
00:00:40:899		3.24101e+06		253.005		159.977		0		1.8157		280.358			00:00:40:899		1.2407e+07		-4.06633		0		0		4.26694e+06		610.678		
00:00:40:799		3.24103e+06		253.005		159.977		0		1.8157		280.399			00:00:40:799		1.24123e+07		-4.05855		0		0		4.27171e+06		611.614		
00:00:40:700		3.24105e+06		252.919		160.425		0		1.8021		280.441			00:00:40:700		1.24176e+07		-4.05075		0		0		4.2761e+06		612.238		
00:00:40:600		3.24106e+06		252.919		160.425		0		1.8021		280.482			00:00:40:600		1.24229e+07		-4.04295		0		0		4.28009e+06		612.545		
00:00:40:500		3.24108e+06		252.83		160.425		0		1.8021		280.524			00:00:40:500		1.24282e+07		-4.03514		0		0		4.28423e+06		612.959		
00:00:40:399		3.2411e+06		252.83		160.865		0		1.78851		280.565			00:00:40:399		1.24335e+07		-4.02733		0		0		4.2889e+06		613.777		
00:00:40:200		3.24114e+06		252.737		161.297		0		1.77492		280.648			00:00:40:200		1.24442e+07		-4.01174		0		0		4.29833e+06		615.479		
00:00:40:049		3.24116e+06		252.737		161.297		0		1.77492		280.711			00:00:40:049		1.24521e+07		-4.00007		0		0		4.30441e+06		615.953		
00:00:40:049		3.24116e+06		252.737		161.297		0		1.77492		280.711			00:00:40:049		1.24521e+07		-4.00007		0		0		4.30441e+06		615.953		
00:00:39:950		3.24118e+06		252.639		161.721		0		1.76134		280.752			00:00:39:950		1.24575e+07		-3.99232		0		0		4.30884e+06		616.558		
00:00:39:850		3.2412e+06		252.639		161.721		0		1.76134		280.794			00:00:39:850		1.24628e+07		-3.98458		0		0		4.31381e+06		617.59		
00:00:39:750		3.24122e+06		252.538		161.721		0		1.76134		280.836			00:00:39:750		1.24681e+07		-3.97686		0		0		4.31877e+06		618.616		
00:00:39:649		3.24124e+06		252.538		162.134		0		1.74776		280.878			00:00:39:649		1.24734e+07		-3.96917		0		0		4.32316e+06		619.184		
00:00:39:549		3.24125e+06		252.538		162.134		0		1.74776		280.919			00:00:39:549		1.24788e+07		-3.9615		0		0		4.32722e+06		619.502		
00:00:39:450		3.24127e+06		252.431		162.538		0		1.73419		280.961			00:00:39:450		1.24841e+07		-3.95383		0		0		4.33165e+06		619.866		
00:00:39:450		3.24127e+06		252.431		162.538		0		1.73419		280.961			00:00:39:450		1.24841e+07		-3.95383		0		0		4.33165e+06		619.866		
00:00:39:350		3.24129e+06		252.431		162.538		0		1.73419		281.003			00:00:39:350		1.24894e+07		-3.94617		0		0		4.33671e+06		620.846		
00:00:39:100		3.24133e+06		252.321		162.931		0		1.72062		281.108			00:00:39:100		1.25028e+07		-3.92697		0		0		4.34846e+06		622.565		
00:00:39:100		3.24133e+06		252.321		162.931		0		1.72062		281.108			00:00:39:100		1.25028e+07		-3.92697		0		0		4.34846e+06		622.565		
00:00:39:000		3.24135e+06		252.205		162.931		0		1.72062		281.149			00:00:39:000		1.25081e+07		-3.91923		0		0		4.35263e+06		622.803		
00:00:38:899		3.24137e+06		252.205		163.311		0		1.70705		281.191			00:00:38:899		1.25135e+07		-3.91146		0		0		4.35742e+06		623.513		
00:00:38:799		3.24139e+06		252.205		163.311		0		1.70705		281.233			00:00:38:799		1.25188e+07		-3.90363		0		0		4.36277e+06		624.663		
00:00:38:649		3.24142e+06		252.084		163.68		0		1.6935		281.297			00:00:38:649		1.25268e+07		-3.89178		0		0		4.37015e+06		625.862		
00:00:38:549		3.24143e+06		252.084		163.68		0		1.6935		281.339			00:00:38:549		1.25322e+07		-3.8838		0		0		4.37429e+06		626.035		
00:00:38:450		3.24145e+06		251.958		164.034		0		1.67995		281.381			00:00:38:450		1.25375e+07		-3.87577		0		0		4.37867e+06		626.371		
00:00:38:350		3.24147e+06		251.958		164.034		0		1.67995		281.423			00:00:38:350		1.25429e+07		-3.86769		0		0		4.38383e+06		627.303		
00:00:38:250		3.24149e+06		251.827		164.034		0		1.67995		281.465			00:00:38:250		1.25482e+07		-3.85959		0		0		4.38936e+06		628.536		
00:00:38:149		3.24151e+06		251.827		164.375		0		1.66642		281.508			00:00:38:149		1.25536e+07		-3.85149		0		0		4.39434e+06		629.318		
00:00:38:149		3.24151e+06		251.827		164.375		0		1.66642		281.508			00:00:38:149		1.25536e+07		-3.85149		0		0		4.39434e+06		629.318		
00:00:38:049		3.24152e+06		251.827		164.375		0		1.66642		281.55			00:00:38:049		1.2559e+07		-3.84343		0		0		4.39856e+06		629.495		
00:00:37:950		3.24154e+06		251.69		164.7		0		1.65289		281.592			00:00:37:950		1.25643e+07		-3.83543		0		0		4.40288e+06		629.713		
00:00:37:850		3.24156e+06		251.69		164.7		0		1.65289		281.635			00:00:37:850		1.25697e+07		-3.82754		0		0		4.40803e+06		630.563		
00:00:37:750		3.24158e+06		251.547		164.7		0		1.65289		281.677			00:00:37:750		1.25751e+07		-3.81979		0		0		4.41377e+06		631.915		
00:00:37:649		3.2416e+06		251.547		165.008		0		1.63937		281.72			00:00:37:649		1.25804e+07		-3.81218		0		0		4.41908e+06		632.892		
00:00:37:549		3.24161e+06		251.547		165.008		0		1.63937		281.762			00:00:37:549		1.25858e+07		-3.80473		0		0		4.42334e+06		632.983		
00:00:37:450		3.24163e+06		251.398		165.299		0		1.62587		281.805			00:00:37:450		1.25912e+07		-3.79742		0		0		4.42752e+06		633.032		
00:00:37:299		3.24166e+06		251.398		165.299		0		1.62587		281.869			00:00:37:299		1.25993e+07		-3.78667		0		0		4.4358e+06		634.638		
00:00:37:149		3.24169e+06		251.243		165.572		0		1.61238		281.933			00:00:37:149		1.26074e+07		-3.77609		0		0		4.44442e+06		636.453		
00:00:37:149		3.24169e+06		251.243		165.572		0		1.61238		281.933			00:00:37:149		1.26074e+07		-3.77609		0		0		4.44442e+06		636.453		
00:00:37:000		3.24171e+06		251.081		165.572		0		1.61238		281.996			00:00:37:000		1.26155e+07		-3.76557		0		0		4.45075e+06		636.49		
00:00:36:899		3.24173e+06		251.081		165.825		0		1.59891		282.039			00:00:36:899		1.26209e+07		-3.75853		0		0		4.4556e+06		636.992		
00:00:36:799		3.24175e+06		251.081		165.825		0		1.59891		282.082			00:00:36:799		1.26263e+07		-3.75145		0		0		4.46139e+06		638.164		
00:00:36:700		3.24177e+06		250.912		166.058		0		1.58545		282.124			00:00:36:700		1.26317e+07		-3.74431		0		0		4.46742e+06		639.656		
00:00:36:600		3.24178e+06		250.912		166.058		0		1.58545		282.167			00:00:36:600		1.26371e+07		-3.7371		0		0		4.47255e+06		640.3		
00:00:36:500		3.2418e+06		250.737		166.058		0		1.58545		282.21			00:00:36:500		1.26426e+07		-3.72982		0		0		4.47666e+06		640.281		
00:00:36:399		3.24182e+06		250.737		166.268		0		1.57201		282.252			00:00:36:399		1.2648e+07		-3.72246		0		0		4.48143e+06		640.75		
00:00:36:299		3.24184e+06		250.737		166.268		0		1.57201		282.294			00:00:36:299		1.26534e+07		-3.71503		0		0		4.48695e+06		641.571		
00:00:36:200		3.24186e+06		250.554		166.455		0		1.55859		282.336			00:00:36:200		1.26588e+07		-3.70753		0		0		4.49289e+06		643.021		
00:00:36:100		3.24187e+06		250.554		166.455		0		1.55859		282.378			00:00:36:100		1.26643e+07		-3.69996		0		0		4.49867e+06		644.313		
00:00:36:000		3.24189e+06		250.364		166.455		0		1.55859		282.42			00:00:36:000		1.26697e+07		-3.69233		0		0		4.50299e+06		644.234		
00:00:35:899		3.24191e+06		250.364		166.617		0		1.54519		282.461			00:00:35:899		1.26752e+07		-3.68464		0		0		4.50704e+06		644.253		
00:00:35:799		3.24193e+06		250.364		166.617		0		1.54519		282.503			00:00:35:799		1.26806e+07		-3.67691		0		0		4.51246e+06		644.885		
00:00:35:700		3.24195e+06		250.166		166.752		0		1.53181		282.544			00:00:35:700		1.2686e+07		-3.66913		0		0		4.51843e+06		645.85		
00:00:35:600		3.24196e+06		250.166		166.752		0		1.53181		282.586			00:00:35:600		1.26915e+07		-3.66131		0		0		4.52477e+06		647.419		
00:00:35:500		3.24198e+06		249.96		166.752		0		1.53181		282.627			00:00:35:500		1.26969e+07		-3.65344		0		0		4.53072e+06		648.563		
00:00:35:399		3.242e+06		249.96		166.86		0		1.51847		282.668			00:00:35:399		1.27023e+07		-3.64554		0		0		4.53584e+06		649.76		
00:00:35:299		3.24202e+06		249.96		166.86		0		1.51847		282.708			00:00:35:299		1.27077e+07		-3.63759		0		0		4.53978e+06		649.303		
00:00:35:200		3.24204e+06		249.746		166.939		0		1.50514		282.748			00:00:35:200		1.27131e+07		-3.62962		0		0		4.54386e+06		649.389		
00:00:35:100		3.24205e+06		249.746		166.939		0		1.50514		282.789			00:00:35:100		1.27185e+07		-3.62162		0		0		4.54952e+06		650.158		
00:00:35:000		3.24207e+06		249.519		166.939		0		1.50514		282.83			00:00:35:000		1.27239e+07		-3.61361		0		0		4.55577e+06		651.59		
00:00:34:899		3.24209e+06		249.519		166.988		0		1.49188		282.871			00:00:34:899		1.27294e+07		-3.6056		0		0		4.56246e+06		653.911		
00:00:34:799		3.24211e+06		249.519		166.988		0		1.49188		282.912			00:00:34:799		1.27348e+07		-3.59757		0		0		4.56751e+06		655.269		
00:00:34:700		3.24213e+06		249.258		167.006		0		1.47884		282.953			00:00:34:700		1.27403e+07		-3.58954		0		0		4.57023e+06		653.986		
00:00:34:549		3.24215e+06		249.258		167.006		0		1.47884		283.013			00:00:34:549		1.27484e+07		-3.57747		0		0		4.5753e+06		654.094		
00:00:34:450		3.24217e+06		248.963		166.994		0		1.46602		283.053			00:00:34:450		1.27538e+07		-3.56941		0		0		4.58152e+06		655.583		
00:00:34:350		3.24219e+06		248.963		166.994		0		1.46602		283.094			00:00:34:350		1.27593e+07		-3.56135		0		0		4.58695e+06		656.416		
00:00:34:250		3.24221e+06		248.634		166.994		0		1.46602		283.134			00:00:34:250		1.27647e+07		-3.55328		0		0		4.59178e+06		657.024		
00:00:34:149		3.24223e+06		248.634		166.953		0		1.45342		283.175			00:00:34:149		1.27702e+07		-3.5452		0		0		4.59674e+06		657.445		
00:00:34:049		3.24224e+06		248.634		166.953		0		1.45342		283.215			00:00:34:049		1.27756e+07		-3.53711		0		0		4.60216e+06		658.351		
00:00:33:950		3.24226e+06		248.271		166.883		0		1.44104		283.255			00:00:33:950		1.27811e+07		-3.52902		0		0		4.60745e+06		658.809		
00:00:33:850		3.24228e+06		248.271		166.883		0		1.44104		283.296			00:00:33:850		1.27866e+07		-3.52091		0		0		4.61278e+06		659.511		
00:00:33:850		3.24228e+06		248.271		166.883		0		1.44104		283.296			00:00:33:850		1.27866e+07		-3.52091		0		0		4.61278e+06		659.511		
00:00:33:750		3.2423e+06		247.873		166.883		0		1.44104		283.336			00:00:33:750		1.2792e+07		-3.5128		0		0		4.61835e+06		660.285		
00:00:33:649		3.24232e+06		247.873		166.784		0		1.42887		283.376			00:00:33:649		1.27975e+07		-3.50467		0		0		4.62395e+06		661.07		
00:00:33:549		3.24233e+06		247.873		166.784		0		1.42887		283.417			00:00:33:549		1.2803e+07		-3.49653		0		0		4.62958e+06		661.864		
00:00:33:350		3.24237e+06		247.44		166.657		0		1.41692		283.498			00:00:33:350		1.28139e+07		-3.48023		0		0		4.6409e+06		663.593		
00:00:33:149		3.24241e+06		246.973		166.503		0		1.40519		283.579			00:00:33:149		1.28249e+07		-3.46387		0		0		4.65227e+06		665.025		
00:00:33:149		3.24241e+06		246.973		166.503		0		1.40519		283.579			00:00:33:149		1.28249e+07		-3.46387		0		0		4.65227e+06		665.025		
00:00:33:049		3.24242e+06		246.973		166.503		0		1.40519		283.619			00:00:33:049		1.28304e+07		-3.45568		0		0		4.65799e+06		665.825		
00:00:33:049		3.24242e+06		246.973		166.503		0		1.40519		283.619			00:00:33:049		1.28304e+07		-3.45568		0		0		4.65799e+06		665.825		
00:00:32:950		3.24244e+06		246.47		166.323		0		1.39368		283.66			00:00:32:950		1.28359e+07		-3.44747		0		0		4.66372e+06		666.627		
00:00:32:750		3.24248e+06		245.932		166.323		0		1.39368		283.741			00:00:32:750		1.28468e+07		-3.43099		0		0		4.67522e+06		668.237		
00:00:32:649		3.2425e+06		245.932		166.117		0		1.38239		283.782			00:00:32:649		1.28523e+07		-3.42272		0		0		4.681e+06		669.047		
00:00:32:649		3.2425e+06		245.932		166.117		0		1.38239		283.782			00:00:32:649		1.28523e+07		-3.42272		0		0		4.681e+06		669.047		
00:00:32:450		3.24253e+06		245.358		165.886		0		1.37132		283.863			00:00:32:450		1.28633e+07		-3.40616		0		0		4.69263e+06		670.676		
00:00:32:450		3.24253e+06		245.358		165.886		0		1.37132		283.863			00:00:32:450		1.28633e+07		-3.40616		0		0		4.69263e+06		670.676		
00:00:32:350		3.24255e+06		245.358		165.886		0		1.37132		283.904			00:00:32:350		1.28688e+07		-3.39787		0		0		4.69847e+06		671.495		
00:00:32:149		3.24259e+06		244.747		165.631		0		1.36047		283.985			00:00:32:149		1.28798e+07		-3.38126		0		0		4.71023e+06		673.152		
00:00:32:049		3.2426e+06		244.747		165.631		0		1.36047		284.025			00:00:32:049		1.28853e+07		-3.37294		0		0		4.71615e+06		674.04		
00:00:32:049		3.2426e+06		244.747		165.631		0		1.36047		284.025			00:00:32:049		1.28853e+07		-3.37294		0		0		4.71615e+06		674.04		
00:00:31:949		3.24263e+06		244.1		165.355		0		1.34985		284.086			00:00:31:949		1.28935e+07		-3.36044		0		0		4.72509e+06		675.197		
00:00:31:699		3.24267e+06		243.415		165.057		0		1.33947		284.168			00:00:31:699		1.29045e+07		-3.34373		0		0		4.73709e+06		676.873		
00:00:31:699		3.24267e+06		243.415		165.057		0		1.33947		284.168			00:00:31:699		1.29045e+07		-3.34373		0		0		4.73709e+06		676.873		
00:00:31:600		3.24268e+06		243.415		165.057		0		1.33947		284.208			00:00:31:600		1.291e+07		-3.33535		0		0		4.74313e+06		677.715		
00:00:31:500		3.2427e+06		242.69		165.057		0		1.33947		284.249			00:00:31:500		1.29156e+07		-3.32696		0		0		4.7492e+06		678.56		
00:00:31:399		3.24272e+06		242.69		164.74		0		1.32932		284.289			00:00:31:399		1.29211e+07		-3.31856		0		0		4.75529e+06		679.407		
00:00:31:300		3.24274e+06		242.69		164.74		0		1.32932		284.329			00:00:31:300		1.29267e+07		-3.31014		0		0		4.76142e+06		680.26		
00:00:31:199		3.24276e+06		241.924		164.406		0		1.31944		284.37			00:00:31:199		1.29322e+07		-3.30171		0		0		4.76757e+06		681.122		
00:00:31:100		3.24277e+06		241.924		164.406		0		1.31944		284.411			00:00:31:100		1.29378e+07		-3.29326		0		0		4.77375e+06		681.989		
00:00:31:000		3.24279e+06		241.112		164.406		0		1.31944		284.451			00:00:31:000		1.29434e+07		-3.28479		0		0		4.77995e+06		682.863		
00:00:30:899		3.24281e+06		241.112		164.057		0		1.30984		284.491			00:00:30:899		1.2949e+07		-3.27631		0		0		4.78618e+06		683.742		
00:00:30:800		3.24283e+06		241.112		164.057		0		1.30984		284.531			00:00:30:800		1.29546e+07		-3.26781		0		0		4.79241e+06		684.618		
00:00:30:699		3.24285e+06		240.242		163.697		0		1.30061		284.571			00:00:30:699		1.29602e+07		-3.25929		0		0		4.79866e+06		685.495		
00:00:30:600		3.24286e+06		240.242		163.697		0		1.30061		284.611			00:00:30:600		1.29658e+07		-3.25075		0		0		4.80493e+06		686.377		
00:00:30:500		3.24288e+06		239.295		163.697		0		1.30061		284.652			00:00:30:500		1.29714e+07		-3.24219		0		0		4.81121e+06		687.261		
00:00:30:399		3.2429e+06		239.295		163.332		0		1.29191		284.692			00:00:30:399		1.29771e+07		-3.23361		0		0		4.81751e+06		688.148		
00:00:30:300		3.24292e+06		239.295		163.332		0		1.29191		284.732			00:00:30:300		1.29827e+07		-3.22501		0		0		4.82383e+06		689.038		
00:00:30:100		3.24295e+06		238.345		162.96		0		1.28317		284.812			00:00:30:100		1.2994e+07		-3.20775		0		0		4.83652e+06		690.823		
00:00:30:100		3.24295e+06		238.345		162.96		0		1.28317		284.812			00:00:30:100		1.2994e+07		-3.20775		0		0		4.83652e+06		690.823		
00:00:30:000		3.24297e+06		237.389		162.96		0		1.28317		284.852			00:00:30:000		1.29997e+07		-3.19909		0		0		4.84289e+06		691.719		
00:00:29:899		3.24299e+06		237.389		162.583		0		1.27443		284.893			00:00:29:899		1.30054e+07		-3.1904		0		0		4.84928e+06		692.617		
00:00:29:800		3.24301e+06		237.389		162.583		0		1.27443		284.933			00:00:29:800		1.30112e+07		-3.18168		0		0		4.85568e+06		693.518		
00:00:29:699		3.24303e+06		236.429		162.199		0		1.26567		284.973			00:00:29:699		1.30169e+07		-3.17294		0		0		4.8621e+06		694.419		
00:00:29:600		3.24304e+06		236.429		162.199		0		1.26567		285.013			00:00:29:600		1.30227e+07		-3.16419		0		0		4.86853e+06		695.318		
00:00:29:500		3.24306e+06		235.466		162.199		0		1.26567		285.053			00:00:29:500		1.30284e+07		-3.1554		0		0		4.87498e+06		696.218		
00:00:29:399		3.24308e+06		235.466		161.809		0		1.25687		285.094			00:00:29:399		1.30342e+07		-3.14659		0		0		4.88145e+06		697.122		
00:00:29:300		3.2431e+06		235.466		161.809		0		1.25687		285.134			00:00:29:300		1.304e+07		-3.13776		0		0		4.88796e+06		698.031		
00:00:29:199		3.24312e+06		234.5		161.412		0		1.24805		285.174			00:00:29:199		1.30458e+07		-3.12889		0		10.8966		4.89448e+06		698.94		
00:00:29:100		3.24313e+06		234.5		161.412		0		1.24805		285.214			00:00:29:100		1.30516e+07		-3.12001		0		0		4.90103e+06		699.853		
00:00:28:949		3.24316e+06		233.53		161.009		0		1.23919		285.274			00:00:28:949		1.30604e+07		-3.10663		0		0		4.91091e+06		701.232		
00:00:28:850		3.24318e+06		233.53		161.009		0		1.23919		285.315			00:00:28:850		1.30662e+07		-3.09768		0		11.1594		4.91753e+06		702.158		
00:00:28:750		3.2432e+06		232.557		161.009		0		1.23919		285.355			00:00:28:750		1.30721e+07		-3.08871		0		0		4.92417e+06		703.086		
00:00:28:649		3.24322e+06		232.557		160.598		0		1.23031		285.395			00:00:28:649		1.30779e+07		-3.07971		0		0		4.93083e+06		704.018		
00:00:28:550		3.24323e+06		232.557		160.598		0		1.23031		285.435			00:00:28:550		1.30838e+07		-3.07068		0		0		4.93752e+06		704.948		
00:00:28:449		3.24325e+06		231.58		160.179		0		1.22139		285.476			00:00:28:449		1.30897e+07		-3.06162		0		0		4.94422e+06		705.87		
00:00:28:350		3.24327e+06		231.58		160.179		0		1.22139		285.516			00:00:28:350		1.30957e+07		-3.05252		0		0		4.95095e+06		706.758		
00:00:28:250		3.24329e+06		230.599		160.179		0		1.22139		285.556			00:00:28:250		1.31016e+07		-3.0434		0		0		4.9577e+06		707.528		
00:00:28:149		3.24331e+06		230.599		159.754		0		1.21244		285.597			00:00:28:149		1.31076e+07		-3.03424		0		0		4.96447e+06		708.733		
00:00:28:050		3.24332e+06		230.599		159.754		0		1.21244		285.637			00:00:28:050		1.31136e+07		-3.02506		0		0		4.97126e+06		709.683		
00:00:28:050		3.24332e+06		230.599		159.754		0		1.21244		285.637			00:00:28:050		1.31136e+07		-3.02506		0		0		4.97126e+06		709.683		
00:00:27:949		3.24334e+06		229.614		159.321		0		1.20347		285.677			00:00:27:949		1.31196e+07		-3.01584		0		0		4.97808e+06		710.636		
00:00:27:800		3.24337e+06		229.614		159.321		0		1.20347		285.738			00:00:27:800		1.31287e+07		-3.00195		0		0		4.98833e+06		712.07		
00:00:27:699		3.24339e+06		228.626		158.88		0		1.19446		285.778			00:00:27:699		1.31347e+07		-2.99264		0		0		4.9952e+06		713.033		
00:00:27:600		3.2434e+06		228.626		158.88		0		1.19446		285.819			00:00:27:600		1.31408e+07		-2.98331		0		0		5.00209e+06		713.998		
00:00:27:449		3.24343e+06		227.634		158.432		0		1.18542		285.88			00:00:27:449		1.315e+07		-2.96923		0		0		5.01248e+06		715.459		
00:00:27:350		3.24345e+06		227.634		158.432		0		1.18542		285.92			00:00:27:350		1.31561e+07		-2.9598		0		0		5.01944e+06		716.436		
00:00:27:250		3.24347e+06		226.638		158.432		0		1.18542		285.961			00:00:27:250		1.31623e+07		-2.95034		0		0		5.02642e+06		717.414		
00:00:27:149		3.24349e+06		226.638		157.975		0		1.17636		286.001			00:00:27:149		1.31685e+07		-2.94084		0		0		5.03343e+06		718.383		
00:00:27:050		3.2435e+06		226.638		157.975		0		1.17636		286.041			00:00:27:050		1.31747e+07		-2.9313		0		9.8667		5.04047e+06		719.32		
00:00:26:949		3.24352e+06		225.638		157.51		0		1.16725		286.081			00:00:26:949		1.31809e+07		-2.92172		0		9.93773		5.04755e+06		720.159		
00:00:26:949		3.24352e+06		225.638		157.51		0		1.16725		286.081			00:00:26:949		1.31809e+07		-2.92172		0		9.93773		5.04755e+06		720.159		
00:00:26:850		3.24354e+06		225.638		157.51		0		1.16725		286.121			00:00:26:850		1.31872e+07		-2.9121		0		10.0787		5.05466e+06		722.832		
00:00:26:750		3.24356e+06		224.635		157.51		0		1.16725		286.161			00:00:26:750		1.31935e+07		-2.90244		0		10.0084		5.0618e+06		722.419		
00:00:26:550		3.24359e+06		224.635		157.036		0		1.15812		286.242			00:00:26:550		1.32061e+07		-2.883		0		23.6789		5.07616e+06		724.635		
00:00:26:550		3.24359e+06		224.635		157.036		0		1.15812		286.242			00:00:26:550		1.32061e+07		-2.883		0		23.6789		5.07616e+06		724.635		
00:00:26:449		3.24361e+06		223.628		156.553		0		1.14896		286.282			00:00:26:449		1.32125e+07		-2.87321		0		10.3566		5.08337e+06		725.462		
00:00:26:350		3.24363e+06		223.628		156.553		0		1.14896		286.323			00:00:26:350		1.32189e+07		-2.86338		0		10.3566		5.0906e+06		726.481		
00:00:26:149		3.24367e+06		222.616		156.061		0		1.13976		286.404			00:00:26:149		1.32317e+07		-2.8436		0		10.5614		5.10509e+06		728.523		
00:00:26:000		3.24369e+06		221.601		156.061		0		1.13976		286.464			00:00:26:000		1.32415e+07		-2.82865		0		0		5.11601e+06		730.061		
00:00:26:000		3.24369e+06		221.601		156.061		0		1.13976		286.464			00:00:26:000		1.32415e+07		-2.82865		0		0		5.11601e+06		730.061		
00:00:25:899		3.24371e+06		221.601		155.56		0		1.13053		286.505			00:00:25:899		1.3248e+07		-2.81863		0		0		5.12333e+06		731.09		
00:00:25:800		3.24373e+06		221.601		155.56		0		1.13053		286.545			00:00:25:800		1.32545e+07		-2.80857		0		0		5.13066e+06		732.121		
00:00:25:699		3.24375e+06		220.582		155.049		0		1.12126		286.586			00:00:25:699		1.32611e+07		-2.79848		0		0		5.13801e+06		733.155		
00:00:25:600		3.24376e+06		220.582		155.049		0		1.12126		286.627			00:00:25:600		1.32677e+07		-2.78833		0		0		5.14539e+06		734.19		
00:00:25:500		3.24378e+06		219.559		155.049		0		1.12126		286.668			00:00:25:500		1.32744e+07		-2.77815		0		0		5.15279e+06		735.224		
00:00:25:399		3.2438e+06		219.559		154.527		0		1.11196		286.709			00:00:25:399		1.32811e+07		-2.76792		0		0		5.16021e+06		736.257		
00:00:25:350		3.24381e+06		219.559		154.527		0		1.11196		286.729			00:00:25:350		1.32844e+07		-2.76279		0		11.4176		5.16393e+06		736.774		
00:00:25:199		3.24384e+06		218.531		153.995		0		1.10263		286.79			00:00:25:199		1.32946e+07		-2.74732		0		0		5.17515e+06		738.34		
00:00:25:100		3.24385e+06		218.531		153.995		0		1.10263		286.831			00:00:25:100		1.33014e+07		-2.73695		0		0		5.18268e+06		739.392		
00:00:25:000		3.24387e+06		217.5		153.995		0		1.10263		286.873			00:00:25:000		1.33082e+07		-2.72654		0		0		5.19024e+06		740.445		
00:00:24:899		3.24389e+06		217.5		153.451		0		1.09327		286.914			00:00:24:899		1.3315e+07		-2.71607		0		0		5.19782e+06		741.501		
00:00:24:800		3.24391e+06		217.5		153.451		0		1.09327		286.955			00:00:24:800		1.33219e+07		-2.70555		0		0		5.20545e+06		742.564		
00:00:24:699		3.24393e+06		216.464		152.896		0		1.08387		286.996			00:00:24:699		1.33289e+07		-2.69498		0		0		5.21311e+06		743.631		
00:00:24:600		3.24394e+06		216.464		152.896		0		1.08387		287.038			00:00:24:600		1.33358e+07		-2.68436		0		0		5.2208e+06		744.698		
00:00:24:500		3.24396e+06		215.424		152.896		0		1.08387		287.079			00:00:24:500		1.33428e+07		-2.67369		0		0		5.22851e+06		745.726		
00:00:24:399		3.24398e+06		215.424		152.329		0		1.07443		287.121			00:00:24:399		1.33499e+07		-2.66297		0		0		5.23624e+06		746.608		
00:00:24:300		3.244e+06		215.424		152.329		0		1.07443		287.162			00:00:24:300		1.33569e+07		-2.65219		0		0		5.24398e+06		747.956		
00:00:24:199		3.24402e+06		214.38		151.75		0		1.06496		287.204			00:00:24:199		1.3364e+07		-2.64135		0		0		5.25174e+06		748.967		
00:00:24:100		3.24403e+06		214.38		151.75		0		1.06496		287.246			00:00:24:100		1.33712e+07		-2.63047		0		0		5.25953e+06		749.815		
00:00:24:000		3.24405e+06		213.331		151.75		0		1.06496		287.287			00:00:24:000		1.33783e+07		-2.61952		0		0		5.26735e+06		751.069		
00:00:23:899		3.24407e+06		213.331		151.159		0		1.05546		287.329			00:00:23:899		1.33856e+07		-2.60852		0		0		5.27519e+06		754.101		
00:00:23:800		3.24409e+06		213.331		151.159		0		1.05546		287.371			00:00:23:800		1.33928e+07		-2.59745		0		0		5.28304e+06		755.368		
00:00:23:699		3.24411e+06		212.278		150.554		0		1.04592		287.413			00:00:23:699		1.34001e+07		-2.58633		0		0		5.2909e+06		754.592		
00:00:23:600		3.24412e+06		212.278		150.554		0		1.04592		287.456			00:00:23:600		1.34075e+07		-2.57516		0		0		5.29879e+06		755.692		
00:00:23:500		3.24414e+06		211.221		150.554		0		1.04592		287.498			00:00:23:500		1.34148e+07		-2.56394		0		0		5.3067e+06		756.798		
00:00:23:350		3.24417e+06		211.221		149.936		0		1.03634		287.561			00:00:23:350		1.3426e+07		-2.54699		0		13.1739		5.31864e+06		758.467		
00:00:23:250		3.24419e+06		210.159		149.936		0		1.03634		287.604			00:00:23:250		1.34334e+07		-2.53562		0		13.2313		5.32663e+06		759.585		
00:00:23:149		3.24421e+06		210.159		149.304		0		1.02673		287.646			00:00:23:149		1.34409e+07		-2.52421		0		13.4022		5.33465e+06		760.708		
00:00:23:050		3.24422e+06		210.159		149.304		0		1.02673		287.689			00:00:23:050		1.34483e+07		-2.51274		0		13.4022		5.34271e+06		761.835		
00:00:22:949		3.24424e+06		209.092		148.658		0		1.01708		287.731			00:00:22:949		1.34558e+07		-2.50122		0		13.5152		5.35079e+06		762.967		
00:00:22:850		3.24426e+06		209.092		148.658		0		1.01708		287.774			00:00:22:850		1.34634e+07		-2.48965		0		13.6275		5.35891e+06		764.107		
00:00:22:750		3.24428e+06		208.021		148.658		0		1.01708		287.816			00:00:22:750		1.34709e+07		-2.47802		0		13.6834		5.36705e+06		765.252		
00:00:22:649		3.2443e+06		208.021		147.997		0		1.0074		287.858			00:00:22:649		1.34785e+07		-2.46634		0		13.7946		5.37522e+06		766.399		
00:00:22:550		3.24431e+06		208.021		147.997		0		1.0074		287.9			00:00:22:550		1.34861e+07		-2.45461		0		13.9051		5.38341e+06		767.546		
00:00:22:550		3.24431e+06		208.021		147.997		0		1.0074		287.9			00:00:22:550		1.34861e+07		-2.45461		0		13.9051		5.38341e+06		767.546		
00:00:22:399		3.24434e+06		206.945		147.321		0		0.997676		287.964			00:00:22:399		1.34977e+07		-2.43689		0		0		5.39575e+06		769.265		
00:00:22:300		3.24436e+06		206.945		147.321		0		0.997676		288.006			00:00:22:300		1.35054e+07		-2.42499		0		10.8966		5.40401e+06		770.417		
00:00:22:199		3.24438e+06		205.865		146.629		0		0.987917		288.049			00:00:22:199		1.35132e+07		-2.41303		0		0		5.41232e+06		771.602		
00:00:22:050		3.2444e+06		205.865		146.629		0		0.987917		288.113			00:00:22:050		1.3525e+07		-2.39497		0		10.8966		5.42484e+06		773.393		
00:00:21:949		3.24442e+06		204.779		145.921		0		0.97812		288.155			00:00:21:949		1.35329e+07		-2.38284		0		10.8966		5.43317e+06		774.564		
00:00:21:850		3.24444e+06		204.779		145.921		0		0.97812		288.198			00:00:21:850		1.35408e+07		-2.37065		0		11.2891		5.44148e+06		775.715		
00:00:21:750		3.24446e+06		203.689		145.921		0		0.97812		288.241			00:00:21:750		1.35488e+07		-2.3584		0		0		5.44982e+06		776.857		
00:00:21:649		3.24448e+06		203.689		145.196		0		0.968286		288.284			00:00:21:649		1.35569e+07		-2.34607		0		0		5.45822e+06		778.012		
00:00:21:550		3.2445e+06		203.689		145.196		0		0.968286		288.327			00:00:21:550		1.3565e+07		-2.33367		0		0		5.46668e+06		779.196		
00:00:21:550		3.2445e+06		203.689		145.196		0		0.968286		288.327			00:00:21:550		1.3565e+07		-2.33367		0		0		5.46668e+06		779.196		
00:00:21:449		3.24454e+06		202.593		144.453		0		0.958414		288.37			00:00:21:449		1.35731e+07		-2.32122		0		0		5.4752e+06		780.403		
00:00:21:350		3.24466e+06		202.593		144.453		0		0.958414		288.414			00:00:21:350		1.35813e+07		-2.30869		0		0		5.48376e+06		781.62		
00:00:21:149		3.24516e+06		201.492		143.693		0		0.948503		288.501			00:00:21:149		1.35979e+07		-2.28346		0		0		5.50087e+06		784.033		
00:00:21:050		3.24554e+06		201.492		143.693		0		0.948503		288.545			00:00:21:050		1.36063e+07		-2.27076		0		0		5.50943e+06		785.218		
00:00:21:050		3.24554e+06		201.492		143.693		0		0.948503		288.545			00:00:21:050		1.36063e+07		-2.27076		0		0		5.50943e+06		785.218		
00:00:20:949		3.246e+06		200.386		142.913		0		0.938553		288.59			00:00:20:949		1.36147e+07		-2.25801		0		0		5.51802e+06		786.406		
00:00:20:850		3.24655e+06		200.386		142.913		0		0.938553		288.634			00:00:20:850		1.36232e+07		-2.24523		0		0		5.52667e+06		787.618		
00:00:20:699		3.24753e+06		199.275		142.115		0		0.928565		288.701			00:00:20:699		1.3636e+07		-2.22599		0		11.9834		5.53972e+06		789.459		
00:00:20:600		3.2483e+06		199.275		142.115		0		0.928565		288.746			00:00:20:600		1.36446e+07		-2.21313		0		12.0451		5.54845e+06		790.693		
00:00:20:550		3.24871e+06		199.275		142.115		0		0.928565		288.768			00:00:20:550		1.36489e+07		-2.20669		0		0		5.55282e+06		791.309		
00:00:20:399		3.25008e+06		198.159		141.297		0		0.918537		288.836			00:00:20:399		1.36618e+07		-2.18735		0		12.1676		5.56594e+06		793.149		
00:00:20:300		3.25112e+06		198.159		141.297		0		0.918537		288.881			00:00:20:300		1.36704e+07		-2.17442		0		12.2286		5.57472e+06		794.378		
00:00:20:100		3.25371e+06		197.037		140.458		0		0.90847		288.971			00:00:20:100		1.36877e+07		-2.14854		0		12.41		5.59234e+06		796.851		
00:00:20:000		3.25526e+06		195.91		140.458		0		0.90847		289.016			00:00:20:000		1.36964e+07		-2.13558		0		12.47		5.60119e+06		798.089		
00:00:20:000		3.25526e+06		195.91		140.458		0		0.90847		289.016			00:00:20:000		1.36964e+07		-2.13558		0		12.47		5.60119e+06		798.089		
00:00:19:899		3.25698e+06		195.91		139.598		0		0.898363		289.062			00:00:19:899		1.37052e+07		-2.12262		0		12.5298		5.61006e+06		799.328		
00:00:19:800		3.25888e+06		195.91		139.598		0		0.898363		289.108			00:00:19:800		1.3714e+07		-2.10964		0		12.5894		5.61895e+06		800.571		
00:00:19:699		3.26094e+06		194.777		138.717		0		0.888215		289.154			00:00:19:699		1.37228e+07		-2.09665		0		12.6488		5.62787e+06		801.814		
00:00:19:600		3.26318e+06		194.777		138.717		0		0.888215		289.2			00:00:19:600		1.37317e+07		-2.08367		0		12.7079		5.63682e+06		803.058		
00:00:19:500		3.26559e+06		193.639		138.717		0		0.888215		289.247			00:00:19:500		1.37407e+07		-2.07068		0		12.8257		5.6458e+06		804.3		
00:00:19:399		3.26818e+06		193.639		137.814		0		0.878028		289.293			00:00:19:399		1.37496e+07		-2.05769		0		12.7079		5.65481e+06		805.54		
00:00:19:300		3.271e+06		193.639		137.814		0		0.878028		289.34			00:00:19:300		1.37587e+07		-2.04472		0		12.8257		5.66386e+06		806.795		
00:00:19:100		3.27742e+06		192.495		136.889		0		0.867799		289.435			00:00:19:100		1.37769e+07		-2.01879		0		10.0787		5.68211e+06		809.352		
00:00:19:100		3.27742e+06		192.495		136.889		0		0.867799		289.435			00:00:19:100		1.37769e+07		-2.01879		0		10.0787		5.68211e+06		809.352		
00:00:19:000		3.28102e+06		191.345		136.889		0		0.867799		289.483			00:00:19:000		1.37861e+07		-2.00586		0		12.9425		5.69129e+06		810.656		
00:00:18:899		3.28488e+06		191.345		135.94		0		0.857528		289.531			00:00:18:899		1.37953e+07		-1.99296		0		10.1487		5.7005e+06		811.97		
00:00:18:800		3.28901e+06		191.345		135.94		0		0.857528		289.579			00:00:18:800		1.38046e+07		-1.98007		0		13.0586		5.70973e+06		813.285		
00:00:18:699		3.2934e+06		190.19		134.967		0		0.847216		289.628			00:00:18:699		1.38139e+07		-1.96721		0		13.1164		5.71897e+06		814.592		
00:00:18:600		3.29805e+06		190.19		134.967		0		0.847216		289.677			00:00:18:600		1.38233e+07		-1.95438		0		10.2876		5.72823e+06		815.903		
00:00:18:500		3.30297e+06		189.029		134.967		0		0.847216		289.726			00:00:18:500		1.38328e+07		-1.94158		0		10.2876		5.73751e+06		817.216		
00:00:18:399		3.30815e+06		189.029		133.97		0		0.836862		289.776			00:00:18:399		1.38423e+07		-1.92882		0		10.3566		5.74682e+06		818.532		
00:00:18:300		3.31361e+06		189.029		133.97		0		0.836862		289.826			00:00:18:300		1.38518e+07		-1.9161		0		10.2876		5.75615e+06		819.851		
00:00:18:199		3.31933e+06		187.862		132.948		0		0.826465		289.877			00:00:18:199		1.38613e+07		-1.90341		0		10.3566		5.76551e+06		821.173		
00:00:18:100		3.32532e+06		187.862		132.948		0		0.826465		289.928			00:00:18:100		1.3871e+07		-1.89076		0		10.3566		5.7749e+06		822.498		
00:00:18:000		3.33158e+06		186.69		132.948		0		0.826465		289.979			00:00:18:000		1.38807e+07		-1.87816		0		10.3566		5.78431e+06		823.829		
00:00:17:899		3.33811e+06		186.69		131.9		0		0.816026		290.031			00:00:17:899		1.38905e+07		-1.8656		0		10.4252		5.79376e+06		825.159		
00:00:17:750		3.34843e+06		185.511		131.9		0		0.816026		290.11			00:00:17:750		1.39053e+07		-1.84686		0		10.4252		5.80799e+06		827.163		
00:00:17:649		3.35565e+06		185.511		130.827		0		0.805544		290.163			00:00:17:649		1.39152e+07		-1.83441		0		10.4252		5.81751e+06		828.505		
00:00:17:550		3.36315e+06		185.511		130.827		0		0.805544		290.216			00:00:17:550		1.39252e+07		-1.82197		0		10.4252		5.82707e+06		829.852		
00:00:17:449		3.37093e+06		184.327		129.728		0		0.795019		290.27			00:00:17:449		1.39353e+07		-1.80954		0		10.4252		5.83666e+06		831.204		
00:00:17:449		3.37093e+06		184.327		129.728		0		0.795019		290.27			00:00:17:449		1.39353e+07		-1.80954		0		10.4252		5.83666e+06		831.204		
00:00:17:149		3.39603e+06		183.136		128.601		0		0.78445		290.437			00:00:17:149		1.39663e+07		-1.77214		0		10.4252		5.86562e+06		835.312		
00:00:17:149		3.39603e+06		183.136		128.601		0		0.78445		290.437			00:00:17:149		1.39663e+07		-1.77214		0		10.4252		5.86562e+06		835.312		
00:00:17:050		3.40527e+06		183.136		128.601		0		0.78445		290.493			00:00:17:050		1.39768e+07		-1.75959		0		10.4252		5.87533e+06		836.688		
00:00:17:050		3.40527e+06		183.136		128.601		0		0.78445		290.493			00:00:17:050		1.39768e+07		-1.75959		0		10.4252		5.87533e+06		836.688		
00:00:16:949		3.41507e+06		181.939		127.447		0		0.773837		290.549			00:00:16:949		1.39876e+07		-1.74697		0		10.3566		5.88505e+06		838.067		
00:00:16:850		3.42543e+06		181.939		127.447		0		0.773837		290.607			00:00:16:850		1.39985e+07		-1.73428		0		10.3566		5.89479e+06		839.454		
00:00:16:750		3.43636e+06		180.736		127.447		0		0.773837		290.665			00:00:16:750		1.40096e+07		-1.7215		0		10.3566		5.90456e+06		840.849		
00:00:16:649		3.44785e+06		180.736		126.265		0		0.76318		290.724			00:00:16:649		1.4021e+07		-1.70863		0		10.3566		5.91435e+06		842.253		
00:00:16:550		3.45992e+06		180.736		126.265		0		0.76318		290.783			00:00:16:550		1.40327e+07		-1.69564		0		10.3566		5.92415e+06		843.687		
00:00:16:449		3.47256e+06		179.527		125.053		0		0.752481		290.844			00:00:16:449		1.40448e+07		-1.68255		0		10.2876		5.93395e+06		845.128		
00:00:16:350		3.48579e+06		179.527		125.053		0		0.752481		290.905			00:00:16:350		1.40572e+07		-1.66939		0		13.0586		5.94371e+06		846.56		
00:00:16:250		3.49961e+06		178.31		125.053		0		0.752481		290.967			00:00:16:250		1.40697e+07		-1.65612		0		12.9425		5.95341e+06		847.969		
00:00:16:050		3.52905e+06		178.31		123.811		0		0.741737		291.094			00:00:16:050		1.40947e+07		-1.62921		0		10.0787		5.97269e+06		850.722		
00:00:16:050		3.52905e+06		178.31		123.811		0		0.741737		291.094			00:00:16:050		1.40947e+07		-1.62921		0		10.0787		5.97269e+06		850.722		
00:00:15:949		3.54469e+06		177.087		122.537		0		0.730951		291.159			00:00:15:949		1.4107e+07		-1.61553		0		12.8842		5.98232e+06		852.093		
00:00:15:849		3.56093e+06		177.087		122.537		0		0.730951		291.224			00:00:15:849		1.4119e+07		-1.60165		0		12.8842		5.99197e+06		853.463		
00:00:15:750		3.57781e+06		175.858		122.537		0		0.730951		291.291			00:00:15:750		1.41305e+07		-1.58758		0		12.8842		6.00162e+06		854.832		
00:00:15:650		3.59531e+06		175.858		121.232		0		0.720122		291.359			00:00:15:650		1.41413e+07		-1.57337		0		12.8257		6.01129e+06		856.208		
00:00:15:550		3.61346e+06		175.858		121.232		0		0.720122		291.427			00:00:15:550		1.41522e+07		-1.55907		0		12.8257		6.02098e+06		857.594		
00:00:15:449		3.63225e+06		174.621		119.893		0		0.709249		291.497			00:00:15:449		1.41628e+07		-1.54467		0		12.7079		6.03068e+06		858.987		
00:00:15:300		3.66168e+06		174.621		119.893		0		0.709249		291.604			00:00:15:300		1.41785e+07		-1.52295		0		9.93773		6.04522e+06		861.06		
00:00:15:099		3.70326e+06		173.377		118.522		0		0.698333		291.751			00:00:15:099		1.41995e+07		-1.49376		0		0		6.06459e+06		863.82		
00:00:15:000		3.72508e+06		172.126		118.522		0		0.698333		291.826			00:00:15:000		1.42099e+07		-1.47906		0		0		6.07428e+06		865.202		
00:00:15:000		3.72508e+06		172.126		118.522		0		0.698333		291.826			00:00:15:000		1.42099e+07		-1.47906		0		0		6.07428e+06		865.202		
00:00:14:900		3.7476e+06		172.126		117.122		0		0.687374		291.902			00:00:14:900		1.42204e+07		-1.46431		0		0		6.08398e+06		866.58		
00:00:14:800		3.77082e+06		172.126		117.122		0		0.687374		291.98			00:00:14:800		1.42309e+07		-1.4495		0		0		6.09367e+06		867.942		
00:00:14:699		3.79477e+06		170.867		115.691		0		0.676371		292.059			00:00:14:699		1.42414e+07		-1.43463		0		0		6.10337e+06		869.277		
00:00:14:599		3.81945e+06		170.867		115.691		0		0.676371		292.14			00:00:14:599		1.42519e+07		-1.4197		0		0		6.11308e+06		870.525		
00:00:14:500		3.84487e+06		169.602		115.691		0		0.676371		292.221			00:00:14:500		1.42624e+07		-1.40471		0		0		6.1228e+06		874.385		
00:00:14:400		3.87104e+06		169.602		114.23		0		0.665325		292.303			00:00:14:400		1.42729e+07		-1.38966		0		0		6.13252e+06		873.479		
00:00:14:349		3.88442e+06		169.602		114.23		0		0.665325		292.344			00:00:14:349		1.42781e+07		-1.38212		0		12.41		6.13738e+06		874.169		
00:00:14:150		3.93983e+06		168.328		112.742		0		0.654236		292.512			00:00:14:150		1.4299e+07		-1.35181		0		12.2893		6.15685e+06		876.92		
00:00:14:050		3.96874e+06		168.328		112.742		0		0.654236		292.597			00:00:14:050		1.43094e+07		-1.33656		0		12.2286		6.1666e+06		878.293		
00:00:14:050		3.96874e+06		168.328		112.742		0		0.654236		292.597			00:00:14:050		1.43094e+07		-1.33656		0		12.2286		6.1666e+06		878.293		
00:00:13:900		4.01363e+06		167.047		111.227		0		0.643103		292.727			00:00:13:900		1.43251e+07		-1.31357		0		0		6.18126e+06		880.35		
00:00:13:800		4.0446e+06		167.047		111.227		0		0.643103		292.816			00:00:13:800		1.43354e+07		-1.29817		0		0		6.19107e+06		881.743		
00:00:13:699		4.07642e+06		165.758		109.684		0		0.631926		292.905			00:00:13:699		1.43458e+07		-1.28272		0		0		6.2009e+06		883.149		
00:00:13:599		4.1091e+06		165.758		109.684		0		0.631926		292.995			00:00:13:599		1.43561e+07		-1.26719		0		0		6.21073e+06		884.546		
00:00:13:500		4.14266e+06		164.46		109.684		0		0.631926		293.087			00:00:13:500		1.43663e+07		-1.2516		0.0661619		0		6.22056e+06		885.938		
00:00:13:400		4.17711e+06		164.46		108.115		0		0.620706		293.179			00:00:13:400		1.43766e+07		-1.23594		0.198651		0		6.23038e+06		887.331		
00:00:13:300		4.21248e+06		164.46		108.115		0		0.620706		293.272			00:00:13:300		1.43868e+07		-1.22022		0.330446		0		6.24021e+06		888.723		
00:00:13:199		4.24877e+06		163.155		106.519		0		0.609441		293.366			00:00:13:199		1.43969e+07		-1.20444		0.460818		0		6.25005e+06		890.115		
00:00:13:099		4.28602e+06		163.155		106.519		0		0.609441		293.461			00:00:13:099		1.4407e+07		-1.18858		0.589052		0		6.25989e+06		891.507		
00:00:13:000		4.32422e+06		161.841		106.519		0		0.609441		293.557			00:00:13:000		1.44169e+07		-1.17265		0.714503		0		6.26974e+06		892.901		
00:00:12:900		4.36341e+06		161.841		104.898		0		0.598132		293.653			00:00:12:900		1.44267e+07		-1.15665		0.836612		0		6.27959e+06		894.302		
00:00:12:800		4.40359e+06		161.841		104.898		0		0.598132		293.75			00:00:12:800		1.44363e+07		-1.14057		0.954716		0		6.28944e+06		895.723		
00:00:12:699		4.4448e+06		160.518		103.252		0		0.58678		293.848			00:00:12:699		1.44456e+07		-1.12443		1.06844		0		6.29931e+06		897.204		
00:00:12:550		4.50855e+06		160.518		103.252		0		0.58678		293.995			00:00:12:550		1.44595e+07		-1.10028		1.22998		0		6.3141e+06		899.116		
00:00:12:449		4.55239e+06		159.186		101.586		0		0.575382		294.094			00:00:12:449		1.44694e+07		-1.08423		1.3313		10.7634		6.32397e+06		900.473		
00:00:12:400		4.57472e+06		159.186		101.586		0		0.575382		294.144			00:00:12:400		1.44745e+07		-1.0762		1.37988		0		6.32892e+06		901.142		
00:00:12:250		4.64337e+06		157.845		101.586		0		0.575382		294.294			00:00:12:250		1.44896e+07		-1.05189		1.51783		13.9051		6.3438e+06		903.129		
00:00:12:150		4.69056e+06		157.845		99.8964		0		0.563939		294.395			00:00:12:150		1.44992e+07		-1.03559		1.60312		13.7391		6.3538e+06		904.432		
00:00:12:050		4.7389e+06		157.845		99.8964		0		0.563939		294.497			00:00:12:050		1.45084e+07		-1.01915		1.68266		13.6275		6.36389e+06		905.724		
00:00:11:949		4.78843e+06		156.496		98.183		0		0.552448		294.6			00:00:11:949		1.45174e+07		-1.00264		1.75627		13.4022		6.37411e+06		907.003		
00:00:11:949		4.78843e+06		156.496		98.183		0		0.552448		294.6			00:00:11:949		1.45174e+07		-1.00264		1.75627		13.4022		6.37411e+06		907.003		
00:00:11:849		4.8391e+06		156.496		98.183		0		0.552448		294.704			00:00:11:849		1.45259e+07		-0.986001		1.82483		13.1739		6.38448e+06		908.261		
00:00:11:750		4.89076e+06		155.137		98.183		0		0.552448		294.809			00:00:11:750		1.45331e+07		-0.969331		1.89054		12.9425		6.39505e+06		909.523		
00:00:11:550		4.99724e+06		155.137		96.4459		0		0.540907		295.022			00:00:11:550		1.4548e+07		-0.936409		2.01861		10.6964		6.41703e+06		912.173		
00:00:11:550		4.99724e+06		155.137		96.4459		0		0.540907		295.022			00:00:11:550		1.4548e+07		-0.936409		2.01861		10.6964		6.41703e+06		912.173		
00:00:11:449		5.0521e+06		153.769		94.6861		0		0.529312		295.13			00:00:11:449		1.45561e+07		-0.9202		2.08336		15.4878		6.42849e+06		913.648		
00:00:11:349		5.10799e+06		153.769		94.6861		0		0.529312		295.24			00:00:11:349		1.45648e+07		-0.904192		2.15139		18.3179		6.44027e+06		915.284		
00:00:11:250		5.16496e+06		152.391		94.6861		0		0.529312		295.351			00:00:11:250		1.45744e+07		-0.888372		2.21436		20.1015		6.45226e+06		917.107		
00:00:11:050		5.28224e+06		152.391		92.9047		0		0.51766		295.577			00:00:11:050		1.45955e+07		-0.857002		2.31907		21.5696		6.47668e+06		920.131		
00:00:11:050		5.28224e+06		152.391		92.9047		0		0.51766		295.577			00:00:11:050		1.45955e+07		-0.857002		2.31907		21.5696		6.47668e+06		920.131		
00:00:10:949		5.34263e+06		151.005		91.1031		0		0.505952		295.693			00:00:10:949		1.46062e+07		-0.841331		2.36329		21.685		6.4891e+06		921.862		
00:00:10:849		5.40423e+06		151.005		91.1031		0		0.505952		295.809			00:00:10:849		1.46168e+07		-0.825661		2.40526		21.4924		6.50158e+06		923.605		
00:00:10:750		5.46707e+06		149.61		91.1031		0		0.505952		295.927			00:00:10:750		1.46274e+07		-0.809993		2.44515		21.0636		6.51412e+06		925.353		
00:00:10:550		5.59663e+06		149.61		89.2827		0		0.494185		296.168			00:00:10:550		1.46487e+07		-0.778674		2.51878		19.6891		6.53933e+06		928.88		
00:00:10:449		5.66342e+06		148.205		87.4454		0		0.48236		296.291			00:00:10:449		1.46594e+07		-0.763038		2.55254		18.8418		6.55198e+06		930.629		
00:00:10:449		5.66342e+06		148.205		87.4454		0		0.48236		296.291			00:00:10:449		1.46594e+07		-0.763038		2.55254		18.8418		6.55198e+06		930.629		
00:00:10:349		5.73159e+06		148.205		87.4454		0		0.48236		296.416			00:00:10:349		1.467e+07		-0.747422		2.58539		17.8718		6.56465e+06		932.363		
00:00:10:250		5.80108e+06		146.792		87.4454		0		0.48236		296.543			00:00:10:250		1.46806e+07		-0.731832		2.61488		16.8092		6.57736e+06		934.108		
00:00:10:050		5.94409e+06		146.792		85.5934		0		0.470475		296.801			00:00:10:050		1.47017e+07		-0.70074		2.66896		14.3406		6.6029e+06		937.525		
00:00:10:050		5.94409e+06		146.792		85.5934		0		0.470475		296.801			00:00:10:050		1.47017e+07		-0.70074		2.66896		14.3406		6.6029e+06		937.525		
00:00:09:949		6.0177e+06		145.369		83.7293		0		0.458526		296.931			00:00:09:949		1.47122e+07		-0.685254		2.6936		13.1739		6.61565e+06		938.961		
00:00:09:849		6.09279e+06		145.369		83.7293		0		0.458526		297.063			00:00:09:849		1.47228e+07		-0.669818		2.71669		11.9834		6.62827e+06		939.609		
00:00:09:750		6.16942e+06		143.937		83.7293		0		0.458526		297.196			00:00:09:750		1.47332e+07		-0.654427		2.73836		10.9627		6.64062e+06		937.89		
00:00:09:599		6.2876e+06		143.937		81.8563		0		0.446451		297.399			00:00:09:599		1.47489e+07		-0.631436		2.7688		9.43253		6.65811e+06		915.484		
00:00:09:500		6.36275e+06		142.495		81.8563		0		0.446451		297.536			00:00:09:500		1.47593e+07		-0.616177		2.78836		8.51885		6.66877e+06		880.288		
00:00:09:400		6.41845e+06		142.495		79.9789		0		0.434193		297.674			00:00:09:400		1.47697e+07		-0.600977		2.80682		0		6.67862e+06		843.446		
00:00:09:300		6.46044e+06		142.495		79.9789		0		0.434193		297.815			00:00:09:300		1.478e+07		-0.585851		2.82347		0		6.6877e+06		808.494		
00:00:09:099		6.51746e+06		141.045		78.1037		0		0.421799		298.101			00:00:09:099		1.48006e+07		-0.55581		2.85328		0		6.70384e+06		748.549		
00:00:09:000		6.53708e+06		139.589		78.1037		0		0.421799		298.246			00:00:09:000		1.48109e+07		-0.5409		2.86696		0		6.71102e+06		723.934		
00:00:09:000		6.53708e+06		139.589		78.1037		0		0.421799		298.246			00:00:09:000		1.48109e+07		-0.5409		2.86696		0		6.71102e+06		723.934		
00:00:08:900		6.55282e+06		139.589		76.2345		0		0.40931		298.393			00:00:08:900		1.48211e+07		-0.526067		2.88002		4.34669		6.7177e+06		702.601		
00:00:08:800		6.56566e+06		139.589		76.2345		0		0.40931		298.542			00:00:08:800		1.48313e+07		-0.511324		2.89251		0		6.72392e+06		684.249		
00:00:08:699		6.57628e+06		138.129		74.3745		0		0.396754		298.692			00:00:08:699		1.48415e+07		-0.496671		2.90414		0		6.72973e+06		668.568		
00:00:08:599		6.5852e+06		138.129		74.3745		0		0.396754		298.843			00:00:08:599		1.48516e+07		-0.482116		2.9152		0		6.7352e+06		655.255		
00:00:08:500		6.59272e+06		136.667		74.3745		0		0.396754		298.995			00:00:08:500		1.48617e+07		-0.467661		2.92566		0		6.74046e+06		644.227		
00:00:08:400		6.59946e+06		136.667		72.5278		0		0.384147		299.148			00:00:08:400		1.48718e+07		-0.453311		2.936		0		6.74561e+06		634.804		
00:00:08:300		6.60555e+06		136.667		72.5278		0		0.384147		299.304			00:00:08:300		1.48819e+07		-0.439069		2.94529		0		6.75061e+06		626.782		
00:00:08:199		6.61104e+06		135.204		70.7001		0		0.371502		299.461			00:00:08:199		1.48919e+07		-0.424934		2.95333		0		6.75542e+06		620.107		
00:00:08:050		6.61851e+06		135.204		70.7001		0		0.371502		299.701			00:00:08:050		1.4907e+07		-0.403934		2.96272		0		6.7623e+06		611.844		
00:00:08:000		6.62082e+06		133.742		70.7001		0		0.371502		299.781			00:00:08:000		1.49121e+07		-0.396992		2.96556		5.66615		6.76452e+06		609.523		
00:00:07:900		6.6252e+06		133.742		68.8975		0		0.358826		299.944			00:00:07:900		1.49221e+07		-0.383197		2.97272		0		6.76884e+06		605.427		
00:00:07:750		6.63129e+06		132.282		68.8975		0		0.358826		300.191			00:00:07:750		1.49371e+07		-0.362734		2.98439		0		6.77506e+06		600.484		
00:00:07:650		6.63506e+06		132.282		67.1263		0		0.346125		300.357			00:00:07:650		1.49471e+07		-0.349267		2.9894		0		6.77905e+06		597.794		
00:00:07:549		6.6387e+06		132.282		67.1263		0		0.346125		300.522			00:00:07:549		1.49571e+07		-0.335938		2.99106		0		6.78292e+06		595.471		
00:00:07:500		6.64048e+06		130.825		67.1263		0		0.346125		300.605			00:00:07:500		1.49621e+07		-0.329323		2.99057		0		6.78481e+06		594.417		
00:00:07:400		6.64398e+06		130.825		65.3927		0		0.3334		300.774			00:00:07:400		1.49721e+07		-0.316192		2.9902		0		6.7885e+06		592.49		
00:00:07:299		6.64742e+06		130.825		65.3927		0		0.3334		300.944			00:00:07:299		1.49822e+07		-0.303168		2.99229		0		6.79208e+06		590.59		
00:00:07:200		6.65095e+06		129.373		63.7023		0		0.320654		301.116			00:00:07:200		1.49922e+07		-0.290272		2.97684		0		6.79555e+06		588.66		
00:00:07:099		6.65435e+06		129.373		63.7023		0		0.320654		301.29			00:00:07:099		1.50024e+07		-0.277513		3.00974		0		6.79891e+06		586.856		
00:00:07:000		6.65766e+06		127.927		63.7023		0		0.320654		301.466			00:00:07:000		1.50126e+07		-0.264898		3.00956		0		6.80216e+06		585.423		
00:00:06:849		6.66231e+06		127.927		62.0597		0		0.30789		301.733			00:00:06:849		1.5028e+07		-0.246211		3.0134		0		6.80684e+06		583.356		
00:00:06:750		6.66529e+06		126.488		62.0597		0		0.30789		301.914			00:00:06:750		1.50384e+07		-0.233903		3.01418		0		6.80984e+06		582.151		
00:00:06:650		6.66825e+06		126.488		60.4678		0		0.295109		302.096			00:00:06:650		1.50488e+07		-0.221701		3.01287		0		6.81273e+06		581.033		
00:00:06:549		6.67108e+06		126.488		60.4678		0		0.295109		302.279			00:00:06:549		1.50594e+07		-0.209587		3.0121		0		6.81553e+06		579.984		
00:00:06:450		6.67384e+06		125.059		58.9245		0		0.282312		302.464			00:00:06:450		1.507e+07		-0.197559		3.01161		0		6.81824e+06		578.982		
00:00:06:349		6.67653e+06		125.059		58.9245		0		0.282312		302.652			00:00:06:349		1.50806e+07		-0.185552		3.00919		0		6.82086e+06		577.974		
00:00:06:349		6.67653e+06		125.059		58.9245		0		0.282312		302.652			00:00:06:349		1.50806e+07		-0.185552		3.00919		0		6.82086e+06		577.974		
00:00:06:250		6.67918e+06		123.64		58.9245		0		0.282312		302.841			00:00:06:250		1.50905e+07		-0.173475		3.0062		0		6.82339e+06		577.118		
00:00:06:049		6.68417e+06		123.64		57.4115		0		0.269502		303.225			00:00:06:049		1.51078e+07		-0.149642		2.99957		0		6.82823e+06		576.566		
00:00:05:950		6.68641e+06		122.233		55.9257		0		0.256679		303.417			00:00:05:950		1.51165e+07		-0.137986		2.9954		0		6.83052e+06		575.902		
00:00:05:950		6.68641e+06		122.233		55.9257		0		0.256679		303.417			00:00:05:950		1.51165e+07		-0.137986		2.9954		0		6.83052e+06		575.902		
00:00:05:849		6.68863e+06		122.233		55.9257		0		0.256679		303.611			00:00:05:849		1.51254e+07		-0.12649		2.99098		0		6.83273e+06		575.3		
00:00:05:750		6.69077e+06		122.233		55.9257		0		0.256679		303.807			00:00:05:750		1.51345e+07		-0.115164		2.98562		0		6.83486e+06		574.761		
00:00:05:650		6.69274e+06		120.841		54.4692		0		0.243847		304.004			00:00:05:650		1.51437e+07		-0.104004		2.97952		0		6.83692e+06		574.361		
00:00:05:549		6.6946e+06		120.841		54.4692		0		0.243847		304.204			00:00:05:549		1.51531e+07		-0.0929785		2.97326		0		6.83892e+06		574.79		
00:00:05:450		6.69634e+06		119.466		53.0442		0		0.231006		304.405			00:00:05:450		1.51626e+07		-0.0820765		2.96595		0		6.84085e+06		575.172		
00:00:05:349		6.69804e+06		119.466		53.0442		0		0.231006		304.608			00:00:05:349		1.51717e+07		-0.0713267		2.95732		0		6.84273e+06		575.443		
00:00:05:250		6.69968e+06		118.109		53.0442		0		0.231006		304.812			00:00:05:250		1.51812e+07		-0.0607424		2.94806		0		6.84456e+06		575.877		
00:00:05:049		6.70286e+06		118.109		51.6529		0		0.218157		305.223			00:00:05:049		1.52003e+07		-0.0400438		2.9295		0		6.84804e+06		576.325		
00:00:05:049		6.70286e+06		118.109		51.6529		0		0.218157		305.223			00:00:05:049		1.52003e+07		-0.0400438		2.9295		0		6.84804e+06		576.325		
00:00:04:849		6.70594e+06		116.773		50.2977		0		0.205301		305.638			00:00:04:849		1.52192e+07		-0.0198755		2.90789		0		6.85133e+06		576.773		
00:00:04:849		6.70594e+06		116.773		50.2977		0		0.205301		305.638			00:00:04:849		1.52192e+07		-0.0198755		2.90789		0		6.85133e+06		576.773		
00:00:04:750		6.70743e+06		116.773		50.2977		0		0.205301		305.844			00:00:04:750		1.52286e+07		-0.010006		2.89418		0		6.85292e+06		577.046		
00:00:04:650		6.70888e+06		115.461		48.9809		0		0.192438		306.051			00:00:04:650		1.5238e+07		-0.000286102		2.88222		13.2313		6.85447e+06		577.172		
00:00:04:549		6.7103e+06		115.461		48.9809		0		0.192438		306.259			00:00:04:549		1.52473e+07		0.00928164		2.87233		26.1979		6.85597e+06		577.384		
00:00:04:450		6.71169e+06		114.176		47.705		0		0.179568		306.467			00:00:04:450		1.52566e+07		0.0186901		2.86075		36.8904		6.85742e+06		577.413		
00:00:04:250		6.7145e+06		112.921		47.705		0		0.179568		306.885			00:00:04:250		1.52751e+07		0.0369444		2.82318		55.4131		6.86019e+06		577.331		
00:00:04:250		6.7145e+06		112.921		47.705		0		0.179568		306.885			00:00:04:250		1.52751e+07		0.0369444		2.82318		55.4131		6.86019e+06		577.331		
00:00:04:000		6.71805e+06		112.921		46.4723		0		0.166691		307.402			00:00:04:000		1.52978e+07		0.0585456		2.79664		75.6072		6.86323e+06		576.06		
00:00:04:000		6.71805e+06		112.921		46.4723		0		0.166691		307.402			00:00:04:000		1.52978e+07		0.0585456		2.79664		75.6072		6.86323e+06		576.06		
00:00:03:899		6.71962e+06		111.699		45.2856		0		0.153805		307.607			00:00:03:899		1.53068e+07		0.0668592		2.78452		83.2802		6.86419e+06		574.697		
00:00:03:799		6.72147e+06		111.699		45.2856		0		0.153805		307.808			00:00:03:799		1.5316e+07		0.0749888		2.7542		90.5909		6.86493e+06		572.192		
00:00:03:700		6.72393e+06		110.513		44.1477		0		0.140903		308.006			00:00:03:700		1.53254e+07		0.0828819		2.72166		97.5693		6.86539e+06		567.879		
00:00:03:600		6.72751e+06		110.513		44.1477		0		0.140903		308.199			00:00:03:600		1.53348e+07		0.0904436		2.70915		104.443		6.86554e+06		559.922		
00:00:03:500		6.73234e+06		110.513		44.1477		0		0.140903		308.386			00:00:03:500		1.53439e+07		0.0975661		2.7276		111.376		6.86536e+06		550.392		
00:00:03:399		6.73672e+06		109.367		43.0627		0		0.127984		308.565			00:00:03:399		1.53521e+07		0.104212		2.7281		118.027		6.86487e+06		540.999		
00:00:03:299		6.74067e+06		109.367		43.0627		0		0.127984		308.735			00:00:03:299		1.53593e+07		0.110516		2.66733		124.319		6.86409e+06		531.732		
00:00:03:100		6.74712e+06		108.265		42.0359		0		0.115053		309.047			00:00:03:100		1.53738e+07		0.122451		2.57159		137.405		6.86178e+06		514.435		
00:00:03:000		6.74964e+06		108.265		42.0359		0		0.115053		309.188			00:00:03:000		1.53822e+07		0.128329		2.69099		144.817		6.86043e+06		506.855		
00:00:03:000		6.74964e+06		108.265		42.0359		0		0.115053		309.188			00:00:03:000		1.53822e+07		0.128329		2.69099		144.817		6.86043e+06		506.855		
00:00:02:899		6.75143e+06		107.211		41.0765		0		0.102118		309.314			00:00:02:899		1.53908e+07		0.133948		2.76612		154.293		6.85911e+06		501.197		
00:00:02:799		6.75226e+06		107.211		41.0765		0		0.102118		309.427			00:00:02:799		1.53993e+07		0.139305		2.8029		170.025		6.85803e+06		498.547		
00:00:02:700		6.75115e+06		106.21		40.1959		0		0.0892052		309.523			00:00:02:700		1.54078e+07		0.144419		2.83217		199.497		6.85748e+06		501.999		
00:00:02:600		6.74610e+06		106.21		40.1959		0		0.0892052		309.604			00:00:02:600		1.54163e+07		0.149292		2.85408		244.387		6.8578e+06		516.939		
00:00:02:500		6.73309e+06		106.21		40.1959		0		0.0892052		309.669			00:00:02:500		1.54249e+07		0.153896		2.86829		292.548		6.85938e+06		552.257		
00:00:02:399		6.70526e+06		105.267		39.3954		0		0.0764766		309.719			00:00:02:399		1.54337e+07		0.15816		2.87558		338.094		6.86261e+06		620.489		
00:00:02:299		6.65739e+06		105.267		39.3954		0		0.0764766		309.755			00:00:02:299		1.54426e+07		0.161973		2.87843		378.803		6.86741e+06		725.581		
00:00:02:200		6.61937e+06		104.389		38.6749		0		0.063834		309.782			00:00:02:200		1.54513e+07		0.165216		2.87983		413.872		6.8732e+06		760.876		
00:00:02:100		6.58651e+06		104.389		38.6749		0		0.063834		309.808			00:00:02:100		1.54627e+07		0.168859		2.87849		456.123		6.88314e+06		817.134		
00:00:01:949		6.57589e+06		103.577		38.0351		0		0.0511778		309.819			00:00:01:949		1.54685e+07		0.17048		2.87369		478.116		6.8902e+06		840.347		
00:00:01:850		6.58053e+06		103.577		38.0351		0		0.0511778		309.827			00:00:01:850		1.54727e+07		0.171545		2.86716		495.44		6.89727e+06		835.099		
00:00:01:750		6.5913e+06		103.577		38.0351		0		0.0511778		309.834			00:00:01:750		1.54754e+07		0.172183		2.85859		507.28		6.90427e+06		830.48		
00:00:01:649		6.60105e+06		102.838		37.4773		0		0.0384774		309.839			00:00:01:649		1.5477e+07		0.172535		2.84999		512.922		6.91115e+06		827.25		
00:00:01:550		6.60931e+06		102.838		37.4773		0		0.0384774		309.842			00:00:01:550		1.54779e+07		0.172719		2.84373		516.444		6.91777e+06		825.706		
00:00:01:449		6.61759e+06		102.173		37.0042		0		0.0257307		309.844			00:00:01:449		1.54784e+07		0.172809		2.84144		520.078		6.92395e+06		822.924		
00:00:01:350		6.62684e+06		102.173		37.0042		0		0.0257307		309.845			00:00:01:350		1.54786e+07		0.172845		2.83943		523.616		6.93059e+06		820.298		
00:00:01:250		6.63722e+06		102.173		37.0042		0		0.0257307		309.846			00:00:01:250		1.54786e+07		0.172852		2.83764		526.679		6.93788e+06		815.927		
00:00:01:250		6.63722e+06		102.173		37.0042		0		0.0257307		309.846			00:00:01:250		1.54786e+07		0.172852		2.83764		526.679		6.93788e+06		815.927		
00:00:01:050		6.66336e+06		101.597		36.6167		0		0.0129207		309.846			00:00:01:050		1.54786e+07		0.172842		2.8357		530.008		6.95144e+06		797.28		
00:00:01:050		6.66336e+06		101.597		36.6167		0		0.0129207		309.846			00:00:01:050		1.54786e+07		0.172842		2.8357		530.008		6.95144e+06		797.28		
00:00:00:949		6.68125e+06		101.031		36.3828		0		0		309.846			00:00:00:949		1.54786e+07		0.172839		2.83549		530.228		6.95708e+06		778.443		
00:00:00:849		6.70491e+06		101.031		36.3828		0		0		309.846			00:00:00:849		1.54786e+07		0.172839		2.83562		530.201		6.96143e+06		748.227		
00:00:00:750		6.73848e+06		101.031		36.3828		0		0		309.846			00:00:00:750		1.54786e+07		0.172839		2.8357		530.204		6.9641e+06		698.444		
00:00:00:650		6.79174e+06		100.069		36.3831		0		0		309.846			00:00:00:650		1.54786e+07		0.17284		2.83569		530.206		6.96486e+06		526.824		
00:00:00:550		6.83117e+06		100.069		36.3831		0		0		309.846			00:00:00:550		1.54786e+07		0.17284		2.83569		530.21		6.96485e+06		526.825		
00:00:00:450		6.83117e+06		100.069		36.3834		0		0		309.846			00:00:00:450		1.54786e+07		0.17284		2.83569		530.212		6.96485e+06		526.825		
00:00:00:349		6.83116e+06		100.069		36.3834		0		0		309.846			00:00:00:349		1.54786e+07		0.17284		2.83573		530.216		6.96485e+06		526.826		
00:00:00:250		6.83116e+06		100.069		36.3834		0		0		309.846			00:00:00:250		1.54786e+07		0.17284		2.83572		530.219		6.96484e+06		526.827		
00:00:00:050		6.83115e+06		100.069		36.3837		0		0		309.846			00:00:00:050		1.54785e+07		0.17284		2.83567		530.223		6.96484e+06		526.826		
00:00:00:050		6.83115e+06		100.069		36.3837		0		0		309.846			00:00:00:050		1.54785e+07		0.17284		2.83567		530.223		6.96484e+06		526.826		
00:00:00:000		6.83115e+06		100.069		36.3837		0		0		309.846			00:00:00:000		1.54785e+07		0.17284		2.83571		530.225		6.96483e+06		526.826		
00:00:00:000		6.83115e+06		100.069		36.3837		0		0		309.846			00:00:00:000		1.54785e+07		0.17284		2.83571		530.225		6.96483e+06		526.826		
00:00:00:000		6.83115e+06		100.069		36.3837		0		0		309.846			00:00:00:000		1.54785e+07		0.17284		2.83571		530.225		6.96483e+06		526.826		
00:00:00:000		6.83115e+06		100.069		36.3837		0		0		309.846			00:00:00:000		1.54785e+07		0.17284		2.83571		530.225		6.96483e+06		526.826		
00:00:00:000		6.83115e+06		100.069		36.3837		0		0		309.846			00:00:00:000		1.54785e+07		0.17284		2.83571		530.225		6.96483e+06		526.826		
