	time 		rcpppzr	rcp054rcp007mnzoyout	rcv501std0102fvol	fwfrcp001gv	rcppmssga	msfsg(1)			time 		gpv001pnt10113ppntm	evf507ety101mpzoyout	chtcon(1)	chavg(1)	chlhsumpa	rcptavgn	
00:01:02:149		1.11251e+07		-5.62539		0		0		3.20828e+06		511.03			00:01:02:149		1.51079e+06		277.112		129.919		0		3		271.497		
00:01:02:049		1.11303e+07		-5.62153		0		0		3.21274e+06		512.763			00:01:02:049		1.5108e+06		277.112		129.919		0		3		271.529		
00:01:01:950		1.11354e+07		-5.61762		0		0		3.21364e+06		511.458			00:01:01:950		1.51081e+06		276.808		129.995		0		3		271.56		
00:01:01:850		1.11406e+07		-5.61366		0		0		3.21317e+06		510.139			00:01:01:850		1.51082e+06		276.808		129.995		0		3		271.59		
00:01:01:750		1.11458e+07		-5.60966		0		0		3.21645e+06		510.893			00:01:01:750		1.51083e+06		276.504		129.995		0		3		271.615		
00:01:01:549		1.11562e+07		-5.60152		0		0		3.22536e+06		512.32			00:01:01:549		1.51084e+06		276.504		130.075		0		3		271.673		
00:01:01:549		1.11562e+07		-5.60152		0		0		3.22536e+06		512.32			00:01:01:549		1.51084e+06		276.504		130.075		0		3		271.673		
00:01:01:299		1.11693e+07		-5.59109		0		0		3.23564e+06		513.13			00:01:01:299		1.51086e+06		276.197		130.157		0		3		271.745		
00:01:01:200		1.11746e+07		-5.58684		0		0		3.24025e+06		513.714			00:01:01:200		1.51087e+06		275.89		130.243		0		3		271.77		
00:01:01:200		1.11746e+07		-5.58684		0		0		3.24025e+06		513.714			00:01:01:200		1.51087e+06		275.89		130.243		0		3		271.77		
00:01:01:100		1.118e+07		-5.58254		0		0		3.24621e+06		514.993			00:01:01:100		1.51088e+06		275.89		130.243		0		3		271.794		
00:01:01:000		1.11853e+07		-5.5782		0		0		3.25211e+06		516.213			00:01:01:000		1.51089e+06		275.582		130.243		0		3		271.82		
00:01:00:899		1.11907e+07		-5.57381		0		0		3.25758e+06		517.673			00:01:00:899		1.5109e+06		275.582		130.333		0		3		271.848		
00:01:00:850		1.11961e+07		-5.5694		0		0		3.26302e+06		519.974			00:01:00:850		1.51091e+06		275.582		130.333		0		3		271.879		
00:01:00:700		1.12015e+07		-5.56493		0		0		3.26721e+06		521.478			00:01:00:700		1.51092e+06		275.271		130.426		0		3		271.911		
00:01:00:600		1.12068e+07		-5.56043		0		0		3.26732e+06		519.731			00:01:00:600		1.51092e+06		275.271		130.426		0		3		271.943		
00:01:00:500		1.12122e+07		-5.55588		0		0		3.267e+06		518.613			00:01:00:500		1.51093e+06		274.961		130.426		0		3		271.972		
00:01:00:350		1.12202e+07		-5.54896		0		0		3.27301e+06		519.838			00:01:00:350		1.51095e+06		274.961		130.523		0		2.99692		272.012		
00:01:00:350		1.12202e+07		-5.54896		0		0		3.27301e+06		519.838			00:01:00:350		1.51095e+06		274.961		130.523		0		2.99692		272.012		
00:01:00:250		1.12257e+07		-5.54429		0		0		3.27735e+06		520.552			00:01:00:250		1.51095e+06		274.649		130.523		0		2.99692		272.041		
00:01:00:100		1.12338e+07		-5.5372		0		0		3.28366e+06		521.441			00:01:00:100		1.51097e+06		274.649		130.624		0		2.98423		272.085		
00:01:00:000		1.12392e+07		-5.53241		0		0		3.28765e+06		521.6			00:01:00:000		1.51098e+06		274.337		130.624		0		2.98423		272.115		
00:00:59:950		1.12419e+07		-5.53		0		0		3.28965e+06		521.639			00:00:59:950		1.51098e+06		274.337		130.729		0		2.97151		272.129		
00:00:59:850		1.12474e+07		-5.52513		0		0		3.29441e+06		522.387			00:00:59:850		1.51099e+06		274.337		130.729		0		2.97151		272.154		
00:00:59:750		1.1253e+07		-5.52022		0		0		3.30036e+06		523.642			00:00:59:750		1.511e+06		274.024		130.729		0		2.97151		272.179		
00:00:59:649		1.12586e+07		-5.51526		0		0		3.30601e+06		524.759			00:00:59:649		1.511e+06		274.024		130.838		0		2.95876		272.207		
00:00:59:549		1.12641e+07		-5.51025		0		0		3.31139e+06		526.369			00:00:59:549		1.51101e+06		274.024		130.838		0		2.95876		272.237		
00:00:59:450		1.12697e+07		-5.5052		0		0		3.31691e+06		528.934			00:00:59:450		1.51102e+06		273.709		130.952		0		2.94601		272.27		
00:00:59:350		1.12752e+07		-5.5001		0		0		3.3205e+06		529.854			00:00:59:350		1.51103e+06		273.709		130.952		0		2.94601		272.305		
00:00:59:250		1.12806e+07		-5.49495		0		0		3.31956e+06		527.699			00:00:59:250		1.51104e+06		273.393		130.952		0		2.94601		272.338		
00:00:59:149		1.12861e+07		-5.48974		0		0		3.31969e+06		526.924			00:00:59:149		1.51105e+06		273.393		131.07		0		2.93323		272.37		
00:00:59:049		1.12917e+07		-5.48449		0		0		3.32379e+06		527.871			00:00:59:049		1.51106e+06		273.393		131.07		0		2.93323		272.398		
00:00:58:950		1.12972e+07		-5.47917		0		0		3.32825e+06		528.592			00:00:58:950		1.51106e+06		273.076		131.192		0		2.92044		272.43		
00:00:58:850		1.13028e+07		-5.47381		0		0		3.33248e+06		529.258			00:00:58:850		1.51107e+06		273.076		131.192		0		2.92044		272.463		
00:00:58:750		1.13084e+07		-5.46839		0		0		3.33659e+06		529.729			00:00:58:750		1.51108e+06		272.758		131.192		0		2.92044		272.497		
00:00:58:649		1.1314e+07		-5.46291		0		0		3.34051e+06		529.81			00:00:58:649		1.51109e+06		272.758		131.32		0		2.90762		272.53		
00:00:58:549		1.13196e+07		-5.45737		0		0		3.34491e+06		530.3			00:00:58:549		1.5111e+06		272.758		131.32		0		2.90762		272.56		
00:00:58:350		1.1331e+07		-5.44604		0		0		3.35636e+06		532.633			00:00:58:350		1.51112e+06		272.439		131.452		0		2.89477		272.621		
00:00:58:350		1.1331e+07		-5.44604		0		0		3.35636e+06		532.633			00:00:58:350		1.51112e+06		272.439		131.452		0		2.89477		272.621		
00:00:58:250		1.13368e+07		-5.44028		0		0		3.36177e+06		534.175			00:00:58:250		1.51112e+06		272.121		131.452		0		2.89477		272.655		
00:00:58:149		1.13425e+07		-5.43445		0		0		3.36751e+06		537.001			00:00:58:149		1.51113e+06		272.121		131.59		0		2.88191		272.693		
00:00:58:049		1.13481e+07		-5.42857		0		0		3.37148e+06		538.304			00:00:58:049		1.51114e+06		272.121		131.59		0		2.88191		272.732		
00:00:57:950		1.13538e+07		-5.42263		0		0		3.37038e+06		536.056			00:00:57:950		1.51115e+06		271.801		131.733		0		2.86903		272.771		
00:00:57:799		1.13623e+07		-5.4136		0		0		3.37089e+06		535.173			00:00:57:799		1.51116e+06		271.801		131.733		0		2.86903		272.824		
00:00:57:750		1.13651e+07		-5.41056		0		0		3.3732e+06		535.693			00:00:57:750		1.51117e+06		271.482		131.733		0		2.86903		272.84		
00:00:57:649		1.13709e+07		-5.40443		0		0		3.37772e+06		536.443			00:00:57:649		1.51117e+06		271.482		131.882		0		2.85614		272.877		
00:00:57:549		1.13766e+07		-5.39825		0		0		3.38193e+06		537.141			00:00:57:549		1.51118e+06		271.482		131.882		0		2.85614		272.915		
00:00:57:450		1.13823e+07		-5.39203		0		0		3.38599e+06		537.642			00:00:57:450		1.51119e+06		271.16		132.036		0		2.84322		272.953		
00:00:57:299		1.1391e+07		-5.38261		0		0		3.39175e+06		537.736			00:00:57:299		1.5112e+06		271.16		132.036		0		2.84322		273.008		
00:00:57:200		1.13968e+07		-5.37629		0		0		3.39669e+06		538.687			00:00:57:200		1.51121e+06		270.839		132.196		0		2.83028		273.04		
00:00:57:100		1.14026e+07		-5.36994		0		0		3.40261e+06		539.916			00:00:57:100		1.51122e+06		270.839		132.196		0		2.83028		273.073		
00:00:57:000		1.14085e+07		-5.36358		0		0		3.40802e+06		540.988			00:00:57:000		1.51123e+06		270.515		132.196		0		2.83028		273.108		
00:00:56:899		1.14143e+07		-5.3572		0		0		3.41345e+06		543.118			00:00:56:899		1.51124e+06		270.515		132.362		0		2.81731		273.146		
00:00:56:799		1.14201e+07		-5.35082		0		0		3.41901e+06		545.971			00:00:56:799		1.51125e+06		270.515		132.362		0		2.81731		273.186		
00:00:56:700		1.14259e+07		-5.34443		0		0		3.4209e+06		545.518			00:00:56:700		1.51126e+06		270.193		132.535		0		2.80434		273.227		
00:00:56:649		1.14288e+07		-5.34124		0		0		3.41968e+06		544.062			00:00:56:649		1.51126e+06		270.193		132.535		0		2.80434		273.247		
00:00:56:549		1.14345e+07		-5.33482		0		0		3.41826e+06		542.537			00:00:56:549		1.51127e+06		270.193		132.535		0		2.80434		273.284		
00:00:56:450		1.14403e+07		-5.32839		0		0		3.42162e+06		543.393			00:00:56:450		1.51128e+06		269.87		132.714		0		2.79135		273.316		
00:00:56:299		1.1449e+07		-5.3187		0		0		3.42827e+06		544.518			00:00:56:299		1.51129e+06		269.87		132.714		0		2.79135		273.369		
00:00:56:200		1.14549e+07		-5.3122		0		0		3.4324e+06		545.158			00:00:56:200		1.5113e+06		269.546		132.9		0		2.77834		273.405		
00:00:56:100		1.14607e+07		-5.30567		0		0		3.43633e+06		545.512			00:00:56:100		1.51131e+06		269.546		132.9		0		2.77834		273.441		
00:00:56:000		1.14665e+07		-5.2991		0		0		3.44016e+06		545.626			00:00:56:000		1.51132e+06		269.22		132.9		0		2.77834		273.476		
00:00:55:899		1.14722e+07		-5.29249		0		0		3.44482e+06		546.44			00:00:55:899		1.51132e+06		269.22		133.093		0		2.7653		273.505		
00:00:55:799		1.14782e+07		-5.28583		0		0		3.45041e+06		547.6			00:00:55:799		1.51133e+06		269.22		133.093		0		2.7653		273.536		
00:00:55:700		1.14782e+07		-5.28583		0		0		3.45041e+06		547.6			00:00:55:700		1.51133e+06		269.22		133.093		0		2.7653		273.536		
00:00:55:600		1.14901e+07		-5.27242		0		0		3.46107e+06		551.097			00:00:55:600		1.51135e+06		268.895		133.293		0		2.75223		273.605		
00:00:55:500		1.1496e+07		-5.26567		0		0		3.4665e+06		553.925			00:00:55:500		1.51136e+06		268.569		133.293		0		2.75223		273.644		
00:00:55:500		1.1496e+07		-5.26567		0		0		3.4665e+06		553.925			00:00:55:500		1.51136e+06		268.569		133.293		0		2.75223		273.644		
00:00:55:299		1.15076e+07		-5.25205		0		0		3.46439e+06		550.185			00:00:55:299		1.51137e+06		268.569		133.5		0		2.73917		273.72		
00:00:55:200		1.15135e+07		-5.24518		0		0		3.46551e+06		550.081			00:00:55:200		1.51138e+06		268.242		133.715		0		2.72608		273.753		
00:00:55:100		1.15194e+07		-5.23827		0		0		3.47023e+06		551.04			00:00:55:100		1.51139e+06		268.242		133.715		0		2.72608		273.785		
00:00:55:100		1.15194e+07		-5.23827		0		0		3.47023e+06		551.04			00:00:55:100		1.51139e+06		268.242		133.715		0		2.72608		273.785		
00:00:55:000		1.15253e+07		-5.23132		0		0		3.47462e+06		551.762			00:00:55:000		1.5114e+06		267.915		133.715		0		2.72608		273.819		
00:00:54:899		1.15312e+07		-5.22433		0		0		3.47884e+06		552.346			00:00:54:899		1.51141e+06		267.915		133.937		0		2.71298		273.854		
00:00:54:799		1.15372e+07		-5.21731		0		0		3.48293e+06		552.709			00:00:54:799		1.51142e+06		267.915		133.937		0		2.71298		273.889		
00:00:54:700		1.15432e+07		-5.21025		0		0		3.48717e+06		553.048			00:00:54:700		1.51143e+06		267.588		134.168		0		2.69984		273.923		
00:00:54:500		1.15553e+07		-5.19601		0		0		3.49778e+06		555.119			00:00:54:500		1.51144e+06		267.259		134.168		0		2.69984		273.989		
00:00:54:500		1.15553e+07		-5.19601		0		0		3.49778e+06		555.119			00:00:54:500		1.51144e+06		267.259		134.168		0		2.69984		273.989		
00:00:54:299		1.15674e+07		-5.18167		0		0		3.5093e+06		560.343			00:00:54:299		1.51146e+06		267.259		134.406		0		2.68669		274.069		
00:00:54:299		1.15674e+07		-5.18167		0		0		3.5093e+06		560.343			00:00:54:299		1.51146e+06		267.259		134.406		0		2.68669		274.069		
00:00:54:200		1.15733e+07		-5.17446		0		0		3.51206e+06		560.821			00:00:54:200		1.51147e+06		266.931		134.652		0		2.67353		274.112		
00:00:54:100		1.15792e+07		-5.16722		0		0		3.50945e+06		558.252			00:00:54:100		1.51148e+06		266.931		134.652		0		2.67353		274.155		
00:00:54:000		1.15851e+07		-5.15994		0		0		3.5084e+06		556.566			00:00:54:000		1.51149e+06		266.602		134.652		0		2.67353		274.195		
00:00:53:899		1.1591e+07		-5.15261		0		0		3.51167e+06		557.381			00:00:53:899		1.51149e+06		266.602		134.907		0		2.66035		274.229		
00:00:53:750		1.15999e+07		-5.14154		0		0		3.51905e+06		558.578			00:00:53:750		1.51151e+06		266.271		134.907		0		2.66035		274.286		
00:00:53:649		1.16059e+07		-5.13411		0		0		3.52352e+06		559.058			00:00:53:649		1.51151e+06		266.271		135.169		0		2.64714		274.324		
00:00:53:549		1.16119e+07		-5.12663		0		0		3.52795e+06		559.439			00:00:53:549		1.51152e+06		266.271		135.169		0		2.64714		274.361		
00:00:53:399		1.1621e+07		-5.11534		0		0		3.53549e+06		560.52			00:00:53:399		1.51154e+06		265.942		135.441		0		2.63391		274.416		
00:00:53:299		1.1627e+07		-5.10779		0		0		3.54141e+06		561.803			00:00:53:299		1.51154e+06		265.942		135.441		0		2.63391		274.455		
00:00:53:299		1.1627e+07		-5.10779		0		0		3.54141e+06		561.803			00:00:53:299		1.51154e+06		265.942		135.441		0		2.63391		274.455		
00:00:53:200		1.16331e+07		-5.10024		0		0		3.54749e+06		563.914			00:00:53:200		1.51155e+06		265.61		135.721		0		2.62066		274.496		
00:00:53:049		1.1642e+07		-5.08894		0		0		3.55609e+06		568.267			00:00:53:049		1.51157e+06		265.61		135.721		0		2.62066		274.563		
00:00:52:950		1.16479e+07		-5.08141		0		0		3.55587e+06		566.757			00:00:52:950		1.51157e+06		265.278		136.01		0		2.6074		274.608		
00:00:52:750		1.16596e+07		-5.06628		0		0		3.55373e+06		563.527			00:00:52:750		1.51159e+06		264.947		136.01		0		2.6074		274.695		
00:00:52:750		1.16596e+07		-5.06628		0		0		3.55373e+06		563.527			00:00:52:750		1.51159e+06		264.947		136.01		0		2.6074		274.695		
00:00:52:649		1.16655e+07		-5.05865		0		0		3.55824e+06		564.569			00:00:52:649		1.5116e+06		264.947		136.308		0		2.59413		274.731		
00:00:52:549		1.16715e+07		-5.051		0		0		3.56323e+06		565.327			00:00:52:549		1.51161e+06		264.947		136.308		0		2.59413		274.77		
00:00:52:350		1.16835e+07		-5.03563		0		0		3.57278e+06		566.332			00:00:52:350		1.51163e+06		264.62		136.616		0		2.58082		274.847		
00:00:52:250		1.16896e+07		-5.02793		0		0		3.5778e+06		566.861			00:00:52:250		1.51163e+06		264.293		136.616		0		2.58082		274.885		
00:00:52:250		1.16896e+07		-5.02793		0		0		3.5778e+06		566.861			00:00:52:250		1.51163e+06		264.293		136.616		0		2.58082		274.885		
00:00:52:149		1.16957e+07		-5.02025		0		0		3.58379e+06		568.114			00:00:52:149		1.51164e+06		264.293		136.931		0		2.56749		274.924		
00:00:52:049		1.17017e+07		-5.01258		0		0		3.59049e+06		570.404			00:00:52:049		1.51165e+06		264.293		136.931		0		2.56749		274.964		
00:00:51:950		1.17078e+07		-5.00496		0		0		3.59727e+06		573.909			00:00:51:950		1.51166e+06		263.969		137.252		0		2.55414		275.009		
00:00:51:850		1.17138e+07		-4.99737		0		0		3.60116e+06		575.238			00:00:51:850		1.51167e+06		263.969		137.252		0		2.55414		275.055		
00:00:51:750		1.17197e+07		-4.98979		0		0		3.59913e+06		573.135			00:00:51:750		1.51168e+06		263.642		137.252		0		2.55414		275.1		
00:00:51:649		1.17256e+07		-4.9822		0		0		3.59755e+06		571.153			00:00:51:649		1.51168e+06		263.642		137.578		0		2.54079		275.145		
00:00:51:549		1.17315e+07		-4.97457		0		0		3.59856e+06		570.639			00:00:51:549		1.51169e+06		263.642		137.578		0		2.54079		275.186		
00:00:51:350		1.17435e+07		-4.95918		0		0		3.60856e+06		572.319			00:00:51:350		1.51171e+06		263.315		137.91		0		2.52741		275.262		
00:00:51:250		1.17495e+07		-4.95143		0		0		3.61344e+06		572.856			00:00:51:250		1.51172e+06		262.986		137.91		0		2.52741		275.301		
00:00:51:250		1.17495e+07		-4.95143		0		0		3.61344e+06		572.856			00:00:51:250		1.51172e+06		262.986		137.91		0		2.52741		275.301		
00:00:51:149		1.17556e+07		-4.94365		0		0		3.61845e+06		573.201			00:00:51:149		1.51173e+06		262.986		138.248		0		2.514		275.339		
00:00:51:049		1.17618e+07		-4.93585		0		0		3.62404e+06		573.963			00:00:51:049		1.51174e+06		262.986		138.248		0		2.514		275.377		
00:00:50:950		1.17679e+07		-4.92804		0		0		3.63082e+06		575.858			00:00:50:950		1.51174e+06		262.657		138.592		0		2.50056		275.416		
00:00:50:850		1.1774e+07		-4.92025		0		0		3.63829e+06		579.283			00:00:50:850		1.51175e+06		262.657		138.592		0		2.50056		275.459		
00:00:50:750		1.17801e+07		-4.91247		0		0		3.64422e+06		582.147			00:00:50:750		1.51176e+06		262.328		138.592		0		2.50056		275.505		
00:00:50:649		1.17861e+07		-4.9047		0		0		3.6444e+06		580.778			00:00:50:649		1.51177e+06		262.328		138.941		0		2.48713		275.55		
00:00:50:549		1.1792e+07		-4.89692		0		0		3.64228e+06		579.11			00:00:50:549		1.51178e+06		262.328		138.941		0		2.48713		275.596		
00:00:50:450		1.1798e+07		-4.88911		0		0		3.64223e+06		577.464			00:00:50:450		1.51179e+06		261.998		139.297		0		2.47367		275.639		
00:00:50:350		1.18039e+07		-4.88125		0		0		3.6455e+06		578.263			00:00:50:350		1.5118e+06		261.998		139.297		0		2.47367		275.677		
00:00:50:250		1.181e+07		-4.87337		0		0		3.65108e+06		579.092			00:00:50:250		1.5118e+06		261.666		139.297		0		2.47367		275.716		
00:00:50:149		1.1816e+07		-4.86546		0		0		3.65583e+06		579.484			00:00:50:149		1.51181e+06		261.666		139.658		0		2.46018		275.755		
00:00:50:049		1.18221e+07		-4.85751		0		0		3.66067e+06		579.66			00:00:50:049		1.51182e+06		261.666		139.658		0		2.46018		275.793		
00:00:49:950		1.18282e+07		-4.84955		0		0		3.6663e+06		580.221			00:00:49:950		1.51183e+06		261.334		140.025		0		2.44666		275.831		
00:00:49:850		1.18344e+07		-4.84158		0		0		3.67339e+06		582.199			00:00:49:850		1.51184e+06		261.334		140.025		0		2.44666		275.871		
00:00:49:750		1.18405e+07		-4.83362		0		0		3.68189e+06		586.314			00:00:49:750		1.51185e+06		261.001		140.025		0		2.44666		275.915		
00:00:49:649		1.18466e+07		-4.82567		0		0		3.68823e+06		589.004			00:00:49:649		1.51185e+06		261.001		140.398		0		2.43314		275.961		
00:00:49:549		1.18526e+07		-4.81773		0		0		3.68797e+06		587.474			00:00:49:549		1.51186e+06		261.001		140.398		0		2.43314		276.006		
00:00:49:399		1.18616e+07		-4.8058		0		0		3.68621e+06		585.253			00:00:49:399		1.51188e+06		260.664		140.778		0		2.4196		276.074		
00:00:49:350		1.18646e+07		-4.80181		0		0		3.68641e+06		584.438			00:00:49:350		1.51188e+06		260.664		140.778		0		2.4196		276.096		
00:00:49:250		1.18706e+07		-4.79378		0		0		3.68929e+06		584.956			00:00:49:250		1.51189e+06		260.327		140.778		0		2.4196		276.135		
00:00:49:149		1.18767e+07		-4.78571		0		0		3.69512e+06		585.883			00:00:49:149		1.5119e+06		260.327		141.165		0		2.40603		276.173		
00:00:49:000		1.18859e+07		-4.77356		0		0		3.70264e+06		586.455			00:00:49:000		1.51191e+06		259.986		141.165		0		2.40603		276.232		
00:00:48:950		1.1889e+07		-4.7695		0		0		3.70525e+06		586.568			00:00:48:950		1.51191e+06		259.986		141.559		0		2.39243		276.251		
00:00:48:850		1.18952e+07		-4.76137		0		0		3.71118e+06		587.483			00:00:48:850		1.51192e+06		259.986		141.559		0		2.39243		276.291		
00:00:48:750		1.19044e+07		-4.74919		0		0		3.72336e+06		592.99			00:00:48:750		1.51194e+06		259.641		141.961		0		2.37882		276.357		
00:00:48:600		1.19105e+07		-4.74108		0		0		3.72949e+06		595.215			00:00:48:600		1.51194e+06		259.641		141.961		0		2.37882		276.403		
00:00:48:500		1.19166e+07		-4.73297		0		0		3.72881e+06		593.643			00:00:48:500		1.51195e+06		259.291		141.961		0		2.37882		276.449		
00:00:48:399		1.19227e+07		-4.72485		0		0		3.72794e+06		592.565			00:00:48:399		1.51196e+06		259.291		142.37		0		2.3652		276.495		
00:00:48:299		1.19287e+07		-4.7167		0		0		3.72844e+06		590.954			00:00:48:299		1.51197e+06		259.291		142.37		0		2.3652		276.538		
00:00:48:200		1.19348e+07		-4.7085		0		0		3.73145e+06		591.396			00:00:48:200		1.51198e+06		258.931		142.789		0		2.35155		276.578		
00:00:48:149		1.19379e+07		-4.70439		0		0		3.73451e+06		592.009			00:00:48:149		1.51198e+06		258.931		142.789		0		2.35155		276.596		
00:00:48:049		1.19441e+07		-4.69615		0		0		3.74014e+06		592.576			00:00:48:049		1.51199e+06		258.931		142.789		0		2.35155		276.636		
00:00:47:899		1.19534e+07		-4.68376		0		0		3.74836e+06		593.222			00:00:47:899		1.512e+06		258.554		143.218		0		2.33786		276.697		
00:00:47:799		1.19597e+07		-4.6755		0		0		3.75518e+06		595.352			00:00:47:799		1.51201e+06		258.554		143.218		0		2.33786		276.739		
00:00:47:700		1.19659e+07		-4.66725		0		0		3.76376e+06		599.617			00:00:47:700		1.51202e+06		258.149		143.658		0		2.32417		276.785		
00:00:47:600		1.19721e+07		-4.65901		0		0		3.76892e+06		600.968			00:00:47:600		1.51203e+06		258.149		143.658		0		2.32417		276.831		
00:00:47:500		1.19782e+07		-4.6508		0		0		3.76786e+06		599.445			00:00:47:500		1.51204e+06		257.695		143.658		0		2.32417		276.877		
00:00:47:399		1.19844e+07		-4.64262		0		0		3.76775e+06		598.325			00:00:47:399		1.51205e+06		257.695		144.112		0		2.31046		276.922		
00:00:47:299		1.19905e+07		-4.63449		0		0		3.76884e+06		596.881			00:00:47:299		1.51205e+06		257.695		144.112		0		2.31046		276.965		
00:00:47:200		1.19965e+07		-4.62633		0		0		3.77307e+06		597.776			00:00:47:200		1.51206e+06		257.582		144.569		0		2.29672		277.003		
00:00:47:100		1.20025e+07		-4.61815		0		0		3.77941e+06		598.527			00:00:47:100		1.51207e+06		257.582		144.569		0		2.29672		277.044		
00:00:47:100		1.20025e+07		-4.61815		0		0		3.77941e+06		598.527			00:00:47:100		1.51207e+06		257.582		144.569		0		2.29672		277.044		
00:00:47:000		1.20086e+07		-4.60995		0		0		3.78518e+06		599.176			00:00:47:000		1.51208e+06		257.47		144.569		0		2.29672		277.085		
00:00:46:899		1.20146e+07		-4.60175		0		0		3.79216e+06		601.654			00:00:46:899		1.51209e+06		257.47		145.029		0		2.28295		277.129		
00:00:46:799		1.20207e+07		-4.59356		0		0		3.80032e+06		605.521			00:00:46:799		1.5121e+06		257.47		145.029		0		2.28295		277.175		
00:00:46:700		1.20267e+07		-4.58537		0		0		3.80421e+06		605.955			00:00:46:700		1.51211e+06		257.358		145.492		0		2.26917		277.222		
00:00:46:600		1.20328e+07		-4.57718		0		0		3.80335e+06		604.797			00:00:46:600		1.51211e+06		257.358		145.492		0		2.26917		277.268		
00:00:46:500		1.20388e+07		-4.56898		0		0		3.8041e+06		603.85			00:00:46:500		1.51212e+06		257.247		145.492		0		2.26917		277.314		
00:00:46:299		1.20509e+07		-4.55251		0		0		3.81016e+06		603.471			00:00:46:299		1.51214e+06		257.247		145.957		0		2.25538		277.396		
00:00:46:299		1.20509e+07		-4.55251		0		0		3.81016e+06		603.471			00:00:46:299		1.51214e+06		257.247		145.957		0		2.25538		277.396		
00:00:46:100		1.20631e+07		-4.53597		0		0		3.82291e+06		605.328			00:00:46:100		1.51216e+06		257.138		146.424		0		2.24155		277.48		
00:00:46:000		1.20692e+07		-4.5277		0		0		3.83051e+06		608.694			00:00:46:000		1.51217e+06		257.028		146.424		0		2.24155		277.525		
00:00:45:899		1.20753e+07		-4.51945		0		0		3.8379e+06		611.748			00:00:45:899		1.51217e+06		257.028		146.894		0		2.22771		277.572		
00:00:45:899		1.20753e+07		-4.51945		0		0		3.8379e+06		611.748			00:00:45:899		1.51217e+06		257.028		146.894		0		2.22771		277.572		
00:00:45:799		1.20814e+07		-4.5112		0		0		3.83925e+06		610.669			00:00:45:799		1.51218e+06		257.028		146.894		0		2.22771		277.618		
00:00:45:700		1.20875e+07		-4.50294		0		0		3.83872e+06		609.606			00:00:45:700		1.51219e+06		256.92		147.366		0		2.21385		277.664		
00:00:45:600		1.20935e+07		-4.49467		0		0		3.84019e+06		608.251			00:00:45:600		1.5122e+06		256.92		147.366		0		2.21385		277.708		
00:00:45:399		1.21058e+07		-4.47804		0		0		3.85044e+06		609.75			00:00:45:399		1.51222e+06		256.813		147.84		0		2.19996		277.791		
00:00:45:299		1.21119e+07		-4.46971		0		0		3.85757e+06		612.035			00:00:45:299		1.51222e+06		256.813		147.84		0		2.19996		277.836		
00:00:45:299		1.21119e+07		-4.46971		0		0		3.85757e+06		612.035			00:00:45:299		1.51222e+06		256.813		147.84		0		2.19996		277.836		
00:00:45:200		1.2118e+07		-4.46138		0		0		3.86505e+06		615.408			00:00:45:200		1.51223e+06		256.706		148.316		0		2.18606		277.882		
00:00:44:950		1.21332e+07		-4.44045		0		0		3.86911e+06		614.341			00:00:44:950		1.51225e+06		256.599		148.793		0		2.17214		277.998		
00:00:44:950		1.21332e+07		-4.44045		0		0		3.86911e+06		614.341			00:00:44:950		1.51225e+06		256.599		148.793		0		2.17214		277.998		
00:00:44:850		1.21393e+07		-4.43203		0		0		3.87064e+06		612.969			00:00:44:850		1.51226e+06		256.599		148.793		0		2.17214		278.043		
00:00:44:750		1.21454e+07		-4.42356		0		0		3.874e+06		612.921			00:00:44:750		1.51227e+06		256.494		148.793		0		2.17214		278.086		
00:00:44:649		1.21514e+07		-4.41506		0		0		3.88117e+06		614.599			00:00:44:649		1.51228e+06		256.494		149.272		0		2.15819		278.127		
00:00:44:549		1.21574e+07		-4.40655		0		0		3.88845e+06		617.071			00:00:44:549		1.51229e+06		256.494		149.272		0		2.15819		278.172		
00:00:44:450		1.21634e+07		-4.39803		0		0		3.89584e+06		620.282			00:00:44:450		1.5123e+06		256.389		149.752		0		2.14422		278.219		
00:00:44:250		1.21754e+07		-4.38096		0		0		3.89908e+06		619.15			00:00:44:250		1.51231e+06		256.284		149.752		0		2.14422		278.312		
00:00:44:250		1.21754e+07		-4.38096		0		0		3.89908e+06		619.15			00:00:44:250		1.51231e+06		256.284		149.752		0		2.14422		278.312		
00:00:44:149		1.21813e+07		-4.37241		0		0		3.90057e+06		617.992			00:00:44:149		1.51232e+06		256.284		150.233		0		2.13024		278.357		
00:00:44:049		1.21873e+07		-4.36384		0		0		3.90361e+06		617.521			00:00:44:049		1.51233e+06		256.284		150.233		0		2.13024		278.401		
00:00:43:950		1.21933e+07		-4.35526		0		0		3.91046e+06		619.77			00:00:43:950		1.51234e+06		256.18		150.715		0		2.11622		278.444		
00:00:43:850		1.21994e+07		-4.3467		0		0		3.9182e+06		622.604			00:00:43:850		1.51235e+06		256.18		150.715		0		2.11622		278.49		
00:00:43:750		1.22053e+07		-4.33814		0		0		3.9239e+06		624.313			00:00:43:750		1.51236e+06		256.077		150.715		0		2.11622		278.537		
00:00:43:649		1.22113e+07		-4.32958		0		0		3.92554e+06		623.653			00:00:43:649		1.51236e+06		256.077		151.197		0		2.1022		278.583		
00:00:43:549		1.22173e+07		-4.32101		0		0		3.92688e+06		622.936			00:00:43:549		1.51237e+06		256.077		151.197		0		2.1022		278.629		
00:00:43:350		1.22293e+07		-4.30385		0		0		3.93392e+06		622.907			00:00:43:350		1.51239e+06		255.972		151.68		0		2.08815		278.719		
00:00:43:250		1.22353e+07		-4.29526		0		0		3.9418e+06		625.686			00:00:43:250		1.5124e+06		255.867		151.68		0		2.08815		278.764		
00:00:43:250		1.22353e+07		-4.29526		0		0		3.9418e+06		625.686			00:00:43:250		1.5124e+06		255.867		151.68		0		2.08815		278.764		
00:00:43:149		1.22413e+07		-4.28669		0		0		3.94826e+06		627.942			00:00:43:149		1.51241e+06		255.867		152.163		0		2.0741		278.812		
00:00:43:049		1.22473e+07		-4.27811		0		0		3.95137e+06		627.734			00:00:43:049		1.51242e+06		255.867		152.163		0		2.0741		278.858		
00:00:42:950		1.22533e+07		-4.26952		0		0		3.95275e+06		627.267			00:00:42:950		1.51242e+06		255.76		152.645		0		2.06004		278.905		
00:00:42:850		1.22593e+07		-4.26092		0		0		3.95537e+06		626.494			00:00:42:850		1.51243e+06		255.76		152.645		0		2.06004		278.951		
00:00:42:750		1.22653e+07		-4.25231		0		0		3.95906e+06		626.536			00:00:42:750		1.51244e+06		255.652		152.645		0		2.06004		278.996		
00:00:42:649		1.22713e+07		-4.2437		0		0		3.96643e+06		629.469			00:00:42:649		1.51245e+06		255.652		153.128		0		2.04597		279.041		
00:00:42:549		1.22774e+07		-4.23511		0		0		3.97354e+06		631.85			00:00:42:549		1.51246e+06		255.652		153.128		0		2.04597		279.088		
00:00:42:450		1.22834e+07		-4.22651		0		0		3.97685e+06		631.798			00:00:42:450		1.51247e+06		255.542		153.609		0		2.0319		279.136		
00:00:42:350		1.22894e+07		-4.21792		0		0		3.97832e+06		631.365			00:00:42:350		1.51248e+06		255.542		153.609		0		2.0319		279.182		
00:00:42:200		1.22984e+07		-4.20502		0		0		3.98253e+06		630.418			00:00:42:200		1.51249e+06		255.431		154.09		0		2.0178		279.252		
00:00:42:100		1.23045e+07		-4.19642		0		0		3.9874e+06		631.703			00:00:42:100		1.5125e+06		255.431		154.09		0		2.0178		279.297		
00:00:42:049		1.23075e+07		-4.19212		0		0		3.99127e+06		633.305			00:00:42:049		1.5125e+06		255.431		154.09		0		2.0178		279.32		
00:00:41:899		1.23166e+07		-4.17924		0		0		4.00059e+06		635.851			00:00:41:899		1.51251e+06		255.319		154.57		0		2.00371		279.391		
00:00:41:799		1.23227e+07		-4.17065		0		0		4.00265e+06		635.337			00:00:41:799		1.51252e+06		255.319		154.57		0		2.00371		279.438		
00:00:41:700		1.23288e+07		-4.16205		0		0		4.00509e+06		635.153			00:00:41:700		1.51253e+06		255.204		155.048		0		1.98961		279.485		
00:00:41:600		1.23348e+07		-4.15344		0		0		4.00842e+06		634.63			00:00:41:600		1.51254e+06		255.204		155.048		0		1.98961		279.531		
00:00:41:500		1.23409e+07		-4.14481		0		0		4.01324e+06		635.893			00:00:41:500		1.51255e+06		255.088		155.048		0		1.98961		279.577		
00:00:41:399		1.2347e+07		-4.13618		0		0		4.02091e+06		638.839			00:00:41:399		1.51256e+06		255.088		155.524		0		1.9755		279.624		
00:00:41:299		1.23531e+07		-4.12754		0		0		4.02587e+06		639.649			00:00:41:299		1.51256e+06		255.088		155.524		0		1.9755		279.672		
00:00:41:200		1.23592e+07		-4.11889		0		0		4.02781e+06		639.096			00:00:41:200		1.51257e+06		254.97		155.999		0		1.96138		279.719		
00:00:41:100		1.23653e+07		-4.11022		0		0		4.0306e+06		639.053			00:00:41:100		1.51258e+06		254.97		155.999		0		1.96138		279.719		
00:00:41:000		1.23714e+07		-4.10154		0		0		4.03431e+06		638.778			00:00:41:000		1.51259e+06		254.85		155.999		0		1.96138		279.812		
00:00:41:000		1.23714e+07		-4.10154		0		0		4.03431e+06		638.778			00:00:41:000		1.51259e+06		254.85		155.999		0		1.96138		279.812		
00:00:40:899		1.23775e+07		-4.09284		0		0		4.03955e+06		640.448			00:00:40:899		1.5126e+06		254.85		156.471		0		1.94726		279.859		
00:00:40:799		1.23836e+07		-4.08415		0		0		4.04686e+06		643.029			00:00:40:799		1.51261e+06		254.85		156.471		0		1.94726		279.906		
00:00:40:700		1.23897e+07		-4.07544		0		0		4.05086e+06		643.222			00:00:40:700		1.51262e+06		254.728		156.94		0		1.93313		279.953		
00:00:40:600		1.23958e+07		-4.06675		0		0		4.05294e+06		642.838			00:00:40:600		1.51262e+06		254.728		156.94		0		1.93313		280.001		
00:00:40:500		1.24019e+07		-4.05805		0		0		4.05632e+06		642.941			00:00:40:500		1.51263e+06		254.603		156.94		0		1.93313		280.048		
00:00:40:299		1.24141e+07		-4.04071		0		0		4.06623e+06		645.192			00:00:40:299		1.51265e+06		254.603		157.406		0		1.91899		280.142		
00:00:40:299		1.24141e+07		-4.04071		0		0		4.06623e+06		645.192			00:00:40:299		1.51265e+06		254.603		157.406		0		1.91899		280.142		
00:00:40:100		1.24263e+07		-4.02345		0		0		4.07584e+06		646.792			00:00:40:100		1.51267e+06		254.476		157.868		0		1.90485		280.189		
00:00:40:100		1.24263e+07		-4.02345		0		0		4.07584e+06		646.792			00:00:40:100		1.51267e+06		254.476		157.868		0		1.90485		280.237		
00:00:40:000		1.24324e+07		-4.01486		0		0		4.07831e+06		646.626			00:00:40:000		1.51268e+06		254.347		157.868		0		1.90485		280.284		
00:00:39:899		1.24385e+07		-4.00629		0		0		4.0822e+06		646.776			00:00:39:899		1.51268e+06		254.347		158.326		0		1.89071		280.331		
00:00:39:799		1.24446e+07		-3.99773		0		0		4.0868e+06		647.532			00:00:39:799		1.51269e+06		254.347		158.326		0		1.89071		280.378		
00:00:39:700		1.24507e+07		-3.98918		0		0		4.09323e+06		649.928			00:00:39:700		1.5127e+06		254.215		158.78		0		1.87656		280.426		
00:00:39:600		1.24568e+07		-3.98061		0		0		4.0984e+06		650.776			00:00:39:600		1.51271e+06		254.215		158.78		0		1.87656		280.474		
00:00:39:350		1.24721e+07		-3.95906		0		0		4.10612e+06		650.53			00:00:39:350		1.51273e+06		254.08		159.229		0		1.86241		280.593		
00:00:39:250		1.24783e+07		-3.95035		0		0		4.11079e+06		651.176			00:00:39:250		1.51274e+06		253.943		159.229		0		1.86241		280.64		
00:00:39:250		1.24783e+07		-3.95035		0		0		4.11079e+06		651.176			00:00:39:250		1.51274e+06		253.943		159.229		0		1.86241		280.64		
00:00:39:200		1.24813e+07		-3.94598		0		0		4.11374e+06		652.262			00:00:39:200		1.51274e+06		253.943		159.673		0		1.84825		280.664		
00:00:39:100		1.24874e+07		-3.93718		0		0		4.12034e+06		654.374			00:00:39:100		1.51275e+06		253.943		159.673		0		1.84825		280.712		
00:00:39:000		1.24935e+07		-3.92831		0		0		4.1242e+06		654.436			00:00:39:000		1.51276e+06		253.802		159.673		0		1.84825		280.76		
00:00:38:850		1.25027e+07		-3.91488		0		0		4.12843e+06		654.219			00:00:38:850		1.51277e+06		253.802		160.11		0		1.8341		280.831		
00:00:38:750		1.25089e+07		-3.90587		0		0		4.13287e+06		654.555			00:00:38:750		1.51278e+06		253.657		160.11		0		1.8341		280.879		
00:00:38:649		1.2515e+07		-3.89683		0		0		4.1383e+06		656.067			00:00:38:649		1.51279e+06		253.657		160.542		0		1.81993		280.927		
00:00:38:549		1.25212e+07		-3.8878		0		0		4.14481e+06		658.168			00:00:38:549		1.5128e+06		253.657		160.542		0		1.81993		280.974		
00:00:38:450		1.25273e+07		-3.87881		0		0		4.14889e+06		658.33			00:00:38:450		1.51281e+06		253.509		160.966		0		1.80578		281.022		
00:00:38:250		1.25396e+07		-3.86111		0		0		4.15532e+06		658.245			00:00:38:250		1.51282e+06		253.356		160.966		0		1.80578		281.117		
00:00:38:250		1.25396e+07		-3.86111		0		0		4.15532e+06		658.245			00:00:38:250		1.51282e+06		253.356		160.966		0		1.80578		281.117		
00:00:38:149		1.25458e+07		-3.85247		0		0		4.16023e+06		658.9			00:00:38:149		1.51283e+06		253.356		161.382		0		1.79161		281.164		
00:00:38:049		1.2552e+07		-3.84399		0		0		4.16649e+06		661.089			00:00:38:049		1.51284e+06		253.356		161.382		0		1.79161		281.212		
00:00:37:950		1.25581e+07		-3.83568		0		0		4.17242e+06		662.448			00:00:37:950		1.51285e+06		253.198		161.79		0		1.77745		281.26		
00:00:37:850		1.25643e+07		-3.82753		0		0		4.17543e+06		662.113			00:00:37:850		1.51286e+06		253.198		161.79		0		1.77745		281.307		
00:00:37:750		1.25705e+07		-3.81949		0		0		4.1785e+06		662.07			00:00:37:750		1.51287e+06		253.037		161.79		0		1.77745		281.355		
00:00:37:649		1.25767e+07		-3.81156		0		0		4.18303e+06		662.444			00:00:37:649		1.51287e+06		253.037		162.189		0		1.76329		281.402		
00:00:37:549		1.25829e+07		-3.80367		0		0		4.18851e+06		663.767			00:00:37:549		1.51288e+06		253.037		162.189		0		1.76329		281.449		
00:00:37:350		1.25952e+07		-3.78794		0		0		4.19998e+06		666.545			00:00:37:350		1.5129e+06		252.87		162.579		0		1.74913		281.545		
00:00:37:250		1.26014e+07		-3.78003		0		0		4.20267e+06		666.184			00:00:37:250		1.51291e+06		252.699		162.579		0		1.74913		281.592		
00:00:37:250		1.26014e+07		-3.78003		0		0		4.20267e+06		666.184			00:00:37:250		1.51291e+06		252.699		162.579		0		1.74913		281.592		
00:00:37:149		1.26076e+07		-3.77206		0		0		4.20647e+06		666.4			00:00:37:149		1.51292e+06		252.699		162.958		0		1.73497		281.639		
00:00:37:049		1.26138e+07		-3.76403		0		0		4.21149e+06		667.041			00:00:37:049		1.51293e+06		252.699		162.958		0		1.73497		281.687		
00:00:36:950		1.262e+07		-3.75592		0		0		4.21775e+06		669.131			00:00:36:950		1.51293e+06		252.523		163.326		0		1.72082		281.734		
00:00:36:850		1.26261e+07		-3.74773		0		0		4.2242e+06		670.92			00:00:36:850		1.51294e+06		252.523		163.326		0		1.72082		281.782		
00:00:36:750		1.26323e+07		-3.73947		0		0		4.22774e+06		670.782			00:00:36:750		1.51295e+06		252.342		163.326		0		1.72082		281.829		
00:00:36:649		1.26385e+07		-3.73114		0		0		4.23071e+06		670.597			00:00:36:649		1.51296e+06		252.342		163.682		0		1.70668		281.876		
00:00:36:549		1.26447e+07		-3.72273		0		0		4.23519e+06		670.916			00:00:36:549		1.51297e+06		252.342		163.682		0		1.70668		281.923		
00:00:36:350		1.26571e+07		-3.70574		0		0		4.24766e+06		674.422			00:00:36:350		1.51299e+06		252.156		164.026		0		1.69253		282.018		
00:00:36:200		1.26664e+07		-3.69286		0		0		4.25477e+06		675.111			00:00:36:200		1.513e+06		251.963		164.355		0		1.67839		282.089		
00:00:36:200		1.26664e+07		-3.69286		0		0		4.25477e+06		675.111			00:00:36:200		1.513e+06		251.963		164.355		0		1.67839		282.089		
00:00:36:100		1.26726e+07		-3.68423		0		0		4.25768e+06		674.845			00:00:36:100		1.51301e+06		251.963		164.355		0		1.67839		282.136		
00:00:36:000		1.26787e+07		-3.67555		0		0		4.26211e+06		675.139			00:00:36:000		1.51302e+06		251.766		164.355		0		1.67839		282.184		
00:00:35:899		1.26849e+07		-3.66684		0		0		4.26769e+06		676.122			00:00:35:899		1.51302e+06		251.766		164.671		0		1.66426		282.231		
00:00:35:799		1.2691e+07		-3.6581		0		0		4.27463e+06		678.512			00:00:35:799		1.51303e+06		251.766		164.671		0		1.66426		282.279		
00:00:35:700		1.26971e+07		-3.64932		0		0		4.28062e+06		679.686			00:00:35:700		1.51304e+06		251.562		164.97		0		1.65014		282.327		
00:00:35:600		1.27032e+07		-3.64052		0		0		4.28376e+06		679.298			00:00:35:600		1.51305e+06		251.562		164.97		0		1.65014		282.374		
00:00:35:500		1.27093e+07		-3.6317		0		0		4.28729e+06		679.298			00:00:35:500		1.51306e+06		251.352		164.97		0		1.65014		282.422		
00:00:35:399		1.27154e+07		-3.62286		0		0		4.29229e+06		679.721			00:00:35:399		1.51307e+06		251.352		165.253		0		1.63602		282.469		
00:00:35:299		1.27216e+07		-3.61401		0		0		4.29851e+06		681.341			00:00:35:299		1.51307e+06		251.352		165.253		0		1.63602		282.517		
00:00:35:200		1.27278e+07		-3.60515		0		0		4.30576e+06		683.673			00:00:35:200		1.51308e+06		251.135		165.519		0		1.62191		282.565		
00:00:35:100		1.27339e+07		-3.59629		0		0		4.31067e+06		684.018			00:00:35:100		1.51309e+06		251.135		165.519		0		1.62191		282.613		
00:00:35:100		1.27339e+07		-3.59629		0		0		4.31067e+06		684.018			00:00:35:100		1.51309e+06		251.135		165.519		0		1.62191		282.613		
00:00:35:000		1.274e+07		-3.58741		0		0		4.31368e+06		683.643			00:00:35:000		1.5131e+06		250.912		165.519		0		1.62191		282.661		
00:00:34:899		1.27462e+07		-3.57853		0		0		4.31809e+06		683.905			00:00:34:899		1.51311e+06		250.912		165.765		0		1.60782		282.709		
00:00:34:700		1.27585e+07		-3.56074		0		0		4.3308e+06		687.122			00:00:34:700		1.51313e+06		250.683		165.992		0		1.59373		282.805		
00:00:34:600		1.27646e+07		-3.55184		0		0		4.33716e+06		688.4			00:00:34:600		1.51313e+06		250.683		165.992		0		1.59373		282.853		
00:00:34:500		1.27708e+07		-3.54293		0		0		4.34073e+06		688.035			00:00:34:500		1.51314e+06		250.446		165.992		0		1.59373		282.901		
00:00:34:500		1.27708e+07		-3.54293		0		0		4.34073e+06		688.035			00:00:34:500		1.51314e+06		250.446		165.992		0		1.59373		282.901		
00:00:34:299		1.27832e+07		-3.5251		0		0		4.3504e+06		689.148			00:00:34:299		1.51316e+06		250.446		166.197		0		1.57966		282.996		
00:00:34:299		1.27832e+07		-3.5251		0		0		4.3504e+06		689.148			00:00:34:299		1.51316e+06		250.446		166.197		0		1.57966		282.996		
00:00:34:200		1.27893e+07		-3.51617		0		0		4.35683e+06		690.765			00:00:34:200		1.51317e+06		250.201		166.38		0		1.5656		283.045		
00:00:34:100		1.27955e+07		-3.50724		0		0		4.36341e+06		692.634			00:00:34:100		1.51318e+06		250.201		166.38		0		1.5656		283.093		
00:00:34:000		1.28017e+07		-3.49829		0		0		4.36815e+06		692.961			00:00:34:000		1.51319e+06		249.95		166.38		0		1.5656		283.142		
00:00:33:899		1.28078e+07		-3.48934		0		0		4.37151e+06		692.73			00:00:33:899		1.51319e+06		249.95		166.539		0		1.55157		283.19		
00:00:33:799		1.2814e+07		-3.48038		0		0		4.37613e+06		693.052			00:00:33:799		1.5132e+06		249.95		166.539		0		1.55157		283.239		
00:00:33:700		1.28233e+07		-3.46692		0		3.46914		4.38511e+06		694.124			00:00:33:700		1.51321e+06		249.69		166.673		0		1.53754		283.312		
00:00:33:549		1.28294e+07		-3.45792		0		0		4.39184e+06		696.193			00:00:33:549		1.51322e+06		249.69		166.673		0		1.53754		283.36		
00:00:33:450		1.28356e+07		-3.44891		0		0		4.39981e+06		698.588			00:00:33:450		1.51323e+06		249.422		166.78		0		1.52354		283.408		
00:00:33:250		1.28479e+07		-3.43082		0		0		4.40701e+06		697.416			00:00:33:250		1.51325e+06		249.146		166.78		0		1.52354		283.504		
00:00:33:250		1.28479e+07		-3.43082		0		0		4.40701e+06		697.416			00:00:33:250		1.51325e+06		249.146		166.78		0		1.52354		283.504		
00:00:33:149		1.28541e+07		-3.42175		0		0		4.41247e+06		697.984			00:00:33:149		1.51326e+06		249.146		166.859		0		1.50955		283.552		
00:00:33:049		1.28603e+07		-3.41268		0		0		4.42043e+06		700.271			00:00:33:049		1.51327e+06		249.146		166.859		0		1.50955		283.599		
00:00:32:950		1.28665e+07		-3.4036		0		0		4.42876e+06		702.972			00:00:32:950		1.51327e+06		248.861		166.908		0		1.49559		283.649		
00:00:32:850		1.28727e+07		-3.39453		0		0		4.43464e+06		704.248			00:00:32:850		1.51328e+06		248.861		166.908		0		1.49559		283.697		
00:00:32:750		1.28789e+07		-3.38546		0		0		4.43799e+06		704.042			00:00:32:750		1.51329e+06		248.562		166.908		0		1.49559		283.745		
00:00:32:649		1.2885e+07		-3.37637		0		0		4.44149e+06		704.313			00:00:32:649		1.5133e+06		248.562		166.925		0		1.4817		283.793		
00:00:32:549		1.28912e+07		-3.36728		0		0		4.44519e+06		704.208			00:00:32:549		1.51331e+06		248.562		166.925		0		1.4817		283.84		
00:00:32:450		1.28974e+07		-3.35818		0		0		4.45049e+06		704.902			00:00:32:450		1.51332e+06		248.23		166.912		0		1.46801		283.887		
00:00:32:250		1.29098e+07		-3.33997		0		0		4.46332e+06		708.197			00:00:32:250		1.51333e+06		247.863		166.912		0		1.46801		283.984		
00:00:32:250		1.29098e+07		-3.33997		0		0		4.46332e+06		708.197			00:00:32:250		1.51333e+06		247.863		166.912		0		1.46801		283.984		
00:00:32:149		1.29159e+07		-3.33086		0		0		4.46887e+06		709.968			00:00:32:149		1.51334e+06		247.863		166.867		0		1.45455		284.033		
00:00:32:049		1.29221e+07		-3.32175		0		0		4.47163e+06		708.445			00:00:32:049		1.51335e+06		247.863		166.867		0		1.45455		284.081		
00:00:31:949		1.29284e+07		-3.31262		0		0		4.47486e+06		709.064			00:00:31:949		1.51336e+06		247.462		166.792		0		1.4413		284.128		
00:00:31:850		1.29346e+07		-3.30349		0		0		4.48105e+06		710.248			00:00:31:850		1.51337e+06		247.462		166.792		0		1.4413		284.175		
00:00:31:750		1.29408e+07		-3.29435		0		0		4.48664e+06		711.184			00:00:31:750		1.51338e+06		247.026		166.792		0		1.4413		284.223		
00:00:31:649		1.2947e+07		-3.2852		0		0		4.49192e+06		711.878			00:00:31:649		1.51338e+06		247.026		166.687		0		1.42826		284.271		
00:00:31:550		1.29532e+07		-3.27605		0		0		4.49723e+06		712.694			00:00:31:550		1.51339e+06		247.026		166.687		0		1.42826		284.318		
00:00:31:449		1.29594e+07		-3.26688		0		0		4.50268e+06		713.432			00:00:31:449		1.5134e+06		246.555		166.552		0		1.41544		284.366		
00:00:31:250		1.29718e+07		-3.24852		0		0		4.51393e+06		715.148			00:00:31:250		1.51342e+06		246.049		166.552		0		1.41544		284.46		
00:00:31:250		1.29718e+07		-3.24852		0		0		4.51393e+06		715.148			00:00:31:250		1.51342e+06		246.049		166.552		0		1.41544		284.46		
00:00:31:149		1.2978e+07		-3.23932		0		0		4.5197e+06		716.043			00:00:31:149		1.51343e+06		246.049		166.388		0		1.40283		284.508		
00:00:31:050		1.29843e+07		-3.23011		0		0		4.5255e+06		716.942			00:00:31:050		1.51344e+06		246.049		166.388		0		1.40283		284.555		
00:00:30:949		1.29905e+07		-3.22089		0		0		4.53132e+06		717.843			00:00:30:949		1.51344e+06		245.507		166.196		0		1.39044		284.602		
00:00:30:850		1.29967e+07		-3.21166		0		0		4.53716e+06		718.747			00:00:30:850		1.51345e+06		245.507		166.196		0		1.39044		284.649		
00:00:30:699		1.30061e+07		-3.19777		0		0		4.54596e+06		720.11			00:00:30:699		1.51347e+06		244.93		165.976		0		1.37827		284.72		
00:00:30:600		1.30124e+07		-3.1885		0		0		4.55185e+06		721.021			00:00:30:600		1.51347e+06		244.93		165.976		0		1.37827		284.767		
00:00:30:550		1.30155e+07		-3.18386		0		0		4.55481e+06		721.478			00:00:30:550		1.51348e+06		244.93		165.976		0		1.37827		284.79		
00:00:30:300		1.30312e+07		-3.16062		0		0		4.56967e+06		723.777			00:00:30:300		1.5135e+06		244.317		165.729		0		1.3663		284.908		
00:00:30:199		1.30375e+07		-3.15129		0		0		4.57566e+06		724.703			00:00:30:199		1.51351e+06		243.668		165.456		0		1.35456		284.954		
00:00:30:199		1.30375e+07		-3.15129		0		0		4.57566e+06		724.703			00:00:30:199		1.51351e+06		243.668		165.456		0		1.35456		284.954		
00:00:30:100		1.30437e+07		-3.14196		0		0		4.58167e+06		725.632			00:00:30:100		1.51352e+06		243.668		165.456		0		1.35456		285.001		
00:00:30:000		1.305e+07		-3.13261		0		0		4.58771e+06		726.564			00:00:30:000		1.51353e+06		242.982		165.456		0		1.35456		285.048		
00:00:29:899		1.30563e+07		-3.12325		0		0		4.59377e+06		727.5			00:00:29:899		1.51353e+06		242.982		165.157		0		1.34304		285.095		
00:00:29:800		1.30626e+07		-3.11388		0		0		4.59986e+06		728.437			00:00:29:800		1.51354e+06		242.982		165.157		0		1.34304		285.141		
00:00:29:699		1.30689e+07		-3.10449		0		0		4.60597e+06		729.38			00:00:29:699		1.51355e+06		242.259		164.835		0		1.33174		285.188		
00:00:29:600		1.30752e+07		-3.09509		0		0		4.61212e+06		730.328			00:00:29:600		1.51356e+06		242.259		164.835		0		1.33174		285.234		
00:00:29:500		1.30815e+07		-3.08568		0		0		4.61829e+06		731.282			00:00:29:500		1.51357e+06		241.497		164.835		0		1.33174		285.281		
00:00:29:500		1.30815e+07		-3.08568		0		0		4.61829e+06		731.282			00:00:29:500		1.51357e+06		241.497		164.835		0		1.33174		285.281		
00:00:29:300		1.30942e+07		-3.06679		0		0		4.63071e+06		733.208			00:00:29:300		1.51358e+06		241.497		164.489		0		1.32067		285.374		
00:00:29:300		1.30942e+07		-3.06679		0		0		4.63071e+06		733.208			00:00:29:300		1.51358e+06		241.497		164.489		0		1.32067		285.374		
00:00:29:199		1.31005e+07		-3.05732		0		0		4.63695e+06		734.18			00:00:29:199		1.51359e+06		240.696		164.123		0		1.30983		285.42		
00:00:29:100		1.31068e+07		-3.04783		0		0		4.64322e+06		735.154			00:00:29:100		1.5136e+06		240.696		164.123		0		1.30983		285.466		
00:00:28:899		1.31195e+07		-3.0288		0		0		4.65578e+06		737.098			00:00:28:899		1.51362e+06		239.853		163.738		0		1.29925		285.559		
00:00:28:899		1.31195e+07		-3.0288		0		0		4.65578e+06		737.098			00:00:28:899		1.51362e+06		239.853		163.738		0		1.29925		285.559		
00:00:28:800		1.31259e+07		-3.01925		0		0		4.66209e+06		738.075			00:00:28:800		1.51363e+06		239.853		163.738		0		1.29925		285.605		
00:00:28:699		1.31323e+07		-3.00968		0		0		4.66842e+06		739.054			00:00:28:699		1.51364e+06		238.963		163.336		0		1.28895		285.651		
00:00:28:600		1.31387e+07		-3.0001		0		0		4.67477e+06		740.037			00:00:28:600		1.51364e+06		238.963		163.336		0		1.28895		285.697		
00:00:28:500		1.31451e+07		-2.99049		0		0		4.68115e+06		741.023			00:00:28:500		1.51365e+06		238.017		163.336		0		1.28895		285.743		
00:00:28:300		1.31579e+07		-2.97121		0		0		4.69396e+06		743.002			00:00:28:300		1.51367e+06		238.017		162.921		0		1.27901		285.834		
00:00:28:300		1.31579e+07		-2.97121		0		0		4.69396e+06		743.002			00:00:28:300		1.51367e+06		238.017		162.921		0		1.27901		285.834		
00:00:28:199		1.31644e+07		-2.96153		0		0		4.70039e+06		743.994			00:00:28:199		1.51368e+06		236.991		162.498		0		1.26961		285.88		
00:00:28:100		1.31708e+07		-2.95183		0		0		4.70685e+06		744.984			00:00:28:100		1.51369e+06		236.991		162.498		0		1.26961		285.926		
00:00:28:000		1.31773e+07		-2.94211		0		0		4.71334e+06		745.982			00:00:28:000		1.5137e+06		235.959		162.498		0		1.26961		285.971		
00:00:27:899		1.31837e+07		-2.93236		0		0		4.71986e+06		746.989			00:00:27:899		1.5137e+06		235.959		162.068		0		1.26018		286.016		
00:00:27:750		1.31935e+07		-2.91769		0		10.7634		4.7297e+06		748.504			00:00:27:750		1.51372e+06		234.922		162.068		0		1.26018		286.083		
00:00:27:649		1.32e+07		-2.90788		0		0		4.73629e+06		749.524			00:00:27:649		1.51372e+06		234.922		161.629		0		1.25074		286.129		
00:00:27:600		1.32032e+07		-2.90296		0		0		4.7396e+06		750.036			00:00:27:600		1.51373e+06		234.922		161.629		0		1.25074		286.151		
00:00:27:500		1.3213e+07		-2.88817		0		0		4.74956e+06		751.577			00:00:27:500		1.51374e+06		233.881		161.181		0		1.24127		286.218		
00:00:27:250		1.32261e+07		-2.86835		0		0		4.76294e+06		753.651			00:00:27:250		1.51376e+06		232.836		161.181		0		1.24127		286.308		
00:00:27:250		1.32261e+07		-2.86835		0		0		4.76294e+06		753.651			00:00:27:250		1.51376e+06		232.836		161.181		0		1.24127		286.308		
00:00:27:149		1.32327e+07		-2.8584		0		0		4.76968e+06		754.7			00:00:27:149		1.51377e+06		232.836		160.725		0		1.23176		286.353		
00:00:27:050		1.32393e+07		-2.84842		0		0		4.77644e+06		755.752			00:00:27:050		1.51378e+06		232.836		160.725		0		1.23176		286.398		
00:00:26:949		1.32459e+07		-2.83841		0		0		4.78322e+06		756.814			00:00:26:949		1.51378e+06		231.787		160.261		0		1.22222		286.443		
00:00:26:850		1.32525e+07		-2.82838		0		0		4.79001e+06		757.873			00:00:26:850		1.51379e+06		231.787		160.261		0		1.22222		286.488		
00:00:26:750		1.32591e+07		-2.81833		0		3.46914		4.79682e+06		758.933			00:00:26:750		1.5138e+06		230.733		160.261		0		1.22222		286.532		
00:00:26:649		1.32658e+07		-2.80825		0		0		4.80364e+06		759.998			00:00:26:649		1.51381e+06		230.733		159.788		0		1.21265		286.577		
00:00:26:550		1.32725e+07		-2.79814		0		0		4.81048e+06		761.063			00:00:26:550		1.51382e+06		230.733		159.788		0		1.21265		286.622		
00:00:26:449		1.32792e+07		-2.788		0		0		4.81733e+06		762.131			00:00:26:449		1.51383e+06		229.675		159.305		0		1.20304		286.667		
00:00:26:250		1.32927e+07		-2.76763		0		0		4.83109e+06		764.276			00:00:26:250		1.51385e+06		228.613		159.305		0		1.20304		286.757		
00:00:26:250		1.32927e+07		-2.76763		0		0		4.83109e+06		764.276			00:00:26:250		1.51385e+06		228.613		159.305		0		1.20304		286.757		
00:00:26:149		1.32995e+07		-2.7574		0		0		4.83799e+06		765.352			00:00:26:149		1.51385e+06		228.613		158.813		0		1.1934		286.801		
00:00:26:050		1.33063e+07		-2.74713		0		0		4.84491e+06		766.43			00:00:26:050		1.51386e+06		228.613		158.813		0		1.1934		286.846		
00:00:25:949		1.33131e+07		-2.73683		0		0		4.85185e+06		767.509			00:00:25:949		1.5139e+06		227.547		158.312		0		1.18372		286.891		
00:00:25:850		1.332e+07		-2.72649		0		0		4.85879e+06		768.587			00:00:25:850		1.51398e+06		227.547		158.312		0		1.18372		286.936		
00:00:25:750		1.33268e+07		-2.71612		0		0		4.86576e+06		769.665			00:00:25:750		1.5141e+06		226.48		158.312		0		1.18372		286.981		
00:00:25:649		1.33337e+07		-2.70572		0		0		4.87275e+06		770.747			00:00:25:649		1.51426e+06		226.48		157.8		0		1.17399		287.026		
00:00:25:550		1.33406e+07		-2.69528		0		0		4.87977e+06		771.833			00:00:25:550		1.51446e+06		226.48		157.8		0		1.17399		287.071		
00:00:25:449		1.33475e+07		-2.6848		0		0		4.88681e+06		772.923			00:00:25:449		1.51470e+06		225.407		157.278		0		1.16422		287.116		
00:00:25:250		1.33615e+07		-2.66372		0		9.93773		4.90098e+06		775.114			00:00:25:250		1.51531e+06		224.327		157.278		0		1.16422		287.207		
00:00:25:250		1.33615e+07		-2.66372		0		9.93773		4.90098e+06		775.114			00:00:25:250		1.51531e+06		224.327		157.278		0		1.16422		287.207		
00:00:25:149		1.33684e+07		-2.65313		0		9.93773		4.90811e+06		776.218			00:00:25:149		1.51567e+06		224.327		156.745		0		1.15444		287.252		
00:00:25:050		1.3379e+07		-2.63716		0		0		4.91885e+06		777.883			00:00:25:050		1.51607e+06		224.327		156.745		0		1.15444		287.32		
00:00:24:899		1.3386e+07		-2.62646		0		0		4.92604e+06		778.997			00:00:24:899		1.51676e+06		223.243		156.202		0		1.14462		287.365		
00:00:24:850		1.33896e+07		-2.6211		0		10.2183		4.92964e+06		779.556			00:00:24:850		1.517e+06		223.243		156.202		0		1.14462		287.388		
00:00:24:750		1.33967e+07		-2.61033		0		10.3566		4.93686e+06		780.676			00:00:24:750		1.51753e+06		222.155		156.202		0		1.14462		287.433		
00:00:24:600		1.34074e+07		-2.59411		0		0		4.94773e+06		782.361			00:00:24:600		1.51839e+06		222.155		155.647		0		1.13477		287.502		
00:00:24:500		1.34145e+07		-2.58325		0		0		4.95501e+06		783.489			00:00:24:500		1.51902e+06		221.062		155.647		0		1.13477		287.548		
00:00:24:350		1.34289e+07		-2.56141		0		0		4.96962e+06		785.75			00:00:24:350		1.52004e+06		221.062		155.08		0		1.12488		287.639		
00:00:24:199		1.34361e+07		-2.55043		0		0		4.97696e+06		786.885			00:00:24:199		1.52115e+06		219.965		154.501		0		1.11496		287.685		
00:00:24:199		1.34361e+07		-2.55043		0		0		4.97696e+06		786.885			00:00:24:199		1.52115e+06		219.965		154.501		0		1.11496		287.685		
00:00:24:100		1.34433e+07		-2.53941		0		0		4.98432e+06		788.021			00:00:24:100		1.52194e+06		219.965		154.501		0		1.11496		287.731		
00:00:24:050		1.34469e+07		-2.53389		0		11.0286		4.988e+06		788.59			00:00:24:050		1.52235e+06		219.965		154.501		0		1.11496		287.754		
00:00:23:899		1.34578e+07		-2.51726		0		0		4.9991e+06		790.301			00:00:23:899		1.52365e+06		218.862		153.909		0		1.105		287.823		
00:00:23:800		1.3465e+07		-2.50612		0		0		5.00653e+06		791.45			00:00:23:800		1.52456e+06		218.862		153.909		0		1.105		287.87		
00:00:23:699		1.34723e+07		-2.49494		0		0		5.01398e+06		792.606			00:00:23:699		1.52552e+06		217.756		153.304		0		1.095		287.916		
00:00:23:600		1.34796e+07		-2.48372		0		0		5.02146e+06		793.765			00:00:23:600		1.52654e+06		217.756		153.304		0		1.095		287.963		
00:00:23:500		1.34869e+07		-2.47245		0		0		5.02896e+06		794.928			00:00:23:500		1.52766e+06		216.644		153.304		0		1.095		288.009		
00:00:23:300		1.35016e+07		-2.44979		0		0		5.04405e+06		797.264			00:00:23:300		1.53012e+06		216.644		152.686		0		1.08497		288.103		
00:00:23:199		1.3509e+07		-2.43839		0		0		5.05164e+06		798.441			00:00:23:199		1.53148e+06		215.528		152.053		0		1.07489		288.15		
00:00:23:199		1.3509e+07		-2.43839		0		0		5.05164e+06		798.441			00:00:23:199		1.53148e+06		215.528		152.053		0		1.07489		288.15		
00:00:23:199		1.3509e+07		-2.43839		0		0		5.05164e+06		798.441			00:00:23:199		1.53148e+06		215.528		152.053		0		1.07489		288.15		
00:00:23:100		1.35165e+07		-2.42695		0		0		5.05927e+06		799.627			00:00:23:100		1.53292e+06		215.528		152.053		0		1.07489		288.197		
00:00:23:000		1.3524e+07		-2.41546		0		0		5.06692e+06		800.821			00:00:23:000		1.53445e+06		214.407		152.053		0		1.07489		288.244		
00:00:22:899		1.35315e+07		-2.40393		0		0		5.0746e+06		802.023			00:00:22:899		1.53606e+06		214.407		151.407		0		1.06478		288.292		
00:00:22:800		1.3539e+07		-2.39236		0		0		5.0823e+06		803.233			00:00:22:800		1.53775e+06		214.407		151.407		0		1.06478		288.339		
00:00:22:699		1.35466e+07		-2.38073		0		0		5.09002e+06		804.441			00:00:22:699		1.53952e+06		213.281		150.746		0		1.05463		288.387		
00:00:22:600		1.35542e+07		-2.36906		0		0		5.09774e+06		805.644			00:00:22:600		1.54138e+06		213.281		150.746		0		1.05463		288.435		
00:00:22:500		1.35619e+07		-2.35733		0		0		5.10548e+06		806.85			00:00:22:500		1.54333e+06		212.15		150.746		0		1.05463		288.483		
00:00:22:300		1.35773e+07		-2.33373		0		0		5.12102e+06		809.268			00:00:22:300		1.54747e+06		212.15		150.069		0		1.04444		288.579		
00:00:22:300		1.35773e+07		-2.33373		0		0		5.12102e+06		809.268			00:00:22:300		1.54747e+06		212.15		150.069		0		1.04444		288.579		
00:00:22:149		1.35928e+07		-2.30993		0		0		5.13666e+06		811.703			00:00:22:149		1.55196e+06		211.014		149.376		0		1.03422		288.676		
00:00:22:000		1.36006e+07		-2.29796		0		0		5.14451e+06		812.925			00:00:22:000		1.55434e+06		209.873		149.376		0		1.03422		288.724		
00:00:21:899		1.36084e+07		-2.28595		0		9.93773		5.15239e+06		814.145			00:00:21:899		1.55679e+06		209.873		148.668		0		1.02395		288.773		
00:00:21:800		1.36163e+07		-2.27389		0		10.0787		5.16029e+06		815.363			00:00:21:800		1.55934e+06		209.873		148.668		0		1.02395		288.822		
00:00:21:699		1.36241e+07		-2.26181		0		10.0787		5.16822e+06		816.591			00:00:21:699		1.56198e+06		208.727		147.942		0		1.01365		288.871		
00:00:21:600		1.3632e+07		-2.24969		0		10.2183		5.1762e+06		817.827			00:00:21:600		1.5647e+06		208.727		147.942		0		1.01365		288.921		
00:00:21:500		1.364e+07		-2.23752		0		10.3566		5.18422e+06		819.067			00:00:21:500		1.56751e+06		207.575		147.942		0		1.01365		288.971		
00:00:21:399		1.3648e+07		-2.22532		0		10.4935		5.19226e+06		820.311			00:00:21:399		1.57041e+06		207.575		147.199		0		1.0033		289.021		
00:00:21:300		1.3656e+07		-2.21311		0		10.4935		5.20034e+06		821.561			00:00:21:300		1.57339e+06		207.575		147.199		0		1.0033		289.071		
00:00:21:300		1.3656e+07		-2.21311		0		10.4935		5.20034e+06		821.561			00:00:21:300		1.57339e+06		207.575		147.199		0		1.0033		289.071		
00:00:21:199		1.36641e+07		-2.20089		0		10.6291		5.20846e+06		822.819			00:00:21:199		1.57647e+06		206.418		146.438		0		0.992918		289.122		
00:00:21:100		1.36723e+07		-2.18867		0		10.4935		5.21662e+06		824.088			00:00:21:100		1.57964e+06		206.418		146.438		0		0.992918		289.173		
00:00:21:000		1.36805e+07		-2.17645		0		16.9979		5.22481e+06		825.365			00:00:21:000		1.5829e+06		205.256		146.438		0		0.992918		289.225		
00:00:20:899		1.36887e+07		-2.16424		0		10.6964		5.23302e+06		826.649			00:00:20:899		1.58625e+06		205.256		145.658		0		0.982492		289.276		
00:00:20:800		1.36969e+07		-2.15204		0		17.1383		5.24125e+06		827.926			00:00:20:800		1.58969e+06		205.256		145.658		0		0.982492		289.328		
00:00:20:550		1.37175e+07		-2.12156		0		0		5.2619e+06		831.131			00:00:20:550		1.59886e+06		204.088		144.859		0		0.972026		289.457		
00:00:20:550		1.37175e+07		-2.12156		0		0		5.2619e+06		831.131			00:00:20:550		1.59886e+06		204.088		144.859		0		0.972026		289.457		
00:00:20:500		1.37216e+07		-2.11546		0		11.0941		5.26605e+06		831.775			00:00:20:500		1.60079e+06		202.914		144.859		0		0.972026		289.483		
00:00:20:300		1.37383e+07		-2.09109		0		11.2891		5.28273e+06		834.362			00:00:20:300		1.60888e+06		202.914		144.04		0		0.961518		289.588		
00:00:20:300		1.37383e+07		-2.09109		0		11.2891		5.28273e+06		834.362			00:00:20:300		1.60888e+06		202.914		144.04		0		0.961518		289.588		
00:00:20:149		1.37509e+07		-2.07282		0		0		5.29532e+06		836.313			00:00:20:149		1.61532e+06		201.734		143.201		0		0.950969		289.666		
00:00:20:050		1.37593e+07		-2.06066		0		0		5.30374e+06		837.616			00:00:20:050		1.61978e+06		201.734		143.201		0		0.950969		289.718		
00:00:19:949		1.37678e+07		-2.0485		0		0		5.31219e+06		838.925			00:00:19:949		1.62439e+06		200.549		142.34		0		0.940377		289.771		
00:00:19:850		1.37763e+07		-2.03637		0		0		5.32068e+06		840.234			00:00:19:850		1.62913e+06		200.549		142.34		0		0.940377		289.824		
00:00:19:750		1.37848e+07		-2.02427		0		0		5.32919e+06		841.549			00:00:19:750		1.63403e+06		199.358		142.34		0		0.940377		289.877		
00:00:19:649		1.37934e+07		-2.01218		0		0		5.33775e+06		842.87			00:00:19:649		1.63906e+06		199.358		141.457		0		0.929744		289.93		
00:00:19:550		1.38021e+07		-2.00012		0		0		5.34634e+06		844.198			00:00:19:550		1.64425e+06		199.358		141.457		0		0.929744		289.984		
00:00:19:449		1.38107e+07		-1.98808		0		0		5.35496e+06		845.532			00:00:19:449		1.64958e+06		198.161		140.552		0		0.919068		290.038		
00:00:19:250		1.38282e+07		-1.96409		0		0		5.37232e+06		848.232			00:00:19:250		1.6607e+06		196.957		140.552		0		0.919068		290.146		
00:00:19:250		1.38282e+07		-1.96409		0		0		5.37232e+06		848.232			00:00:19:250		1.6607e+06		196.957		140.552		0		0.919068		290.146		
00:00:19:149		1.3837e+07		-1.95214		0		0		5.38104e+06		849.58			00:00:19:149		1.66648e+06		196.957		139.623		0		0.908349		290.2		
00:00:19:050		1.38458e+07		-1.94022		0		0		5.38977e+06		850.932			00:00:19:050		1.67242e+06		196.957		139.623		0		0.908349		290.255		
00:00:18:949		1.38547e+07		-1.92834		0		0		5.39853e+06		852.28			00:00:18:949		1.67851e+06		195.747		138.671		0		0.897586		290.31		
00:00:18:850		1.38636e+07		-1.91649		0		0		5.40732e+06		853.64			00:00:18:850		1.68476e+06		195.747		138.671		0		0.897586		290.365		
00:00:18:750		1.38725e+07		-1.90467		0		0		5.41616e+06		855.015			00:00:18:750		1.69117e+06		194.531		138.671		0		0.897586		290.42		
00:00:18:649		1.38815e+07		-1.89288		0		0		5.42503e+06		856.397			00:00:18:649		1.69773e+06		194.531		137.695		0		0.88678		290.476		
00:00:18:550		1.38906e+07		-1.88113		0		0		5.43393e+06		857.787			00:00:18:550		1.70446e+06		194.531		137.695		0		0.88678		290.532		
00:00:18:449		1.38997e+07		-1.86942		0		9.93773		5.44285e+06		859.169			00:00:18:449		1.71135e+06		193.309		136.693		0		0.87593		290.588		
00:00:18:250		1.39182e+07		-1.84606		0		10.1487		5.46073e+06		861.934			00:00:18:250		1.72562e+06		192.079		136.693		0		0.87593		290.701		
00:00:18:250		1.39182e+07		-1.84606		0		10.1487		5.46073e+06		861.934			00:00:18:250		1.72562e+06		192.079		136.693		0		0.87593		290.701		
00:00:18:149		1.39275e+07		-1.83439		0		10.0787		5.46971e+06		863.323			00:00:18:149		1.73301e+06		192.079		135.665		0		0.865035		290.758		
00:00:18:050		1.39368e+07		-1.8227		0		10.1487		5.47874e+06		864.717			00:00:18:050		1.74057e+06		192.079		135.665		0		0.865035		290.816		
00:00:17:949		1.39463e+07		-1.811		0		10.2876		5.4878e+06		866.121			00:00:17:949		1.74829e+06		190.844		134.611		0		0.854095		290.873		
00:00:17:850		1.39558e+07		-1.79928		0		10.3566		5.4969e+06		867.529			00:00:17:850		1.7562e+06		190.844		134.611		0		0.854095		290.931		
00:00:17:750		1.39655e+07		-1.78751		0		10.3566		5.50603e+06		868.943			00:00:17:750		1.76427e+06		189.602		134.611		0		0.854095		290.989		
00:00:17:649		1.39753e+07		-1.77569		0		10.4252		5.5152e+06		870.371			00:00:17:649		1.77253e+06		189.602		133.53		0		0.84311		291.047		
00:00:17:550		1.39852e+07		-1.76382		0		10.5614		5.52441e+06		871.806			00:00:17:550		1.78096e+06		189.602		133.53		0		0.84311		291.105		
00:00:17:449		1.39953e+07		-1.75187		0		10.5614		5.53363e+06		873.248			00:00:17:449		1.78958e+06		188.353		132.422		0		0.832079		291.163		
00:00:17:250		1.4016e+07		-1.72774		0		10.6291		5.55212e+06		876.111			00:00:17:250		1.80736e+06		187.098		132.422		0		0.832079		291.281		
00:00:17:250		1.4016e+07		-1.72774		0		10.6291		5.55212e+06		876.111			00:00:17:250		1.80736e+06		187.098		132.422		0		0.832079		291.281		
00:00:17:149		1.40267e+07		-1.71554		0		10.7634		5.56137e+06		877.53			00:00:17:149		1.8166e+06		187.098		131.286		0		0.821003		291.341		
00:00:17:050		1.40377e+07		-1.70328		0		10.7634		5.57068e+06		878.964			00:00:17:050		1.82617e+06		187.098		131.286		0		0.821003		291.4		
00:00:16:949		1.4049e+07		-1.69098		0		10.8966		5.58005e+06		880.426			00:00:16:949		1.83608e+06		185.836		130.121		0		0.809881		291.46		
00:00:16:850		1.40604e+07		-1.67859		0		10.9627		5.58946e+06		881.909			00:00:16:850		1.84634e+06		185.836		130.121		0		0.809881		291.521		
00:00:16:750		1.40718e+07		-1.66609		0		10.9627		5.59888e+06		883.398			00:00:16:750		1.85694e+06		184.567		130.121		0		0.809881		291.582		
00:00:16:649		1.40831e+07		-1.65348		0		11.0286		5.60827e+06		884.856			00:00:16:649		1.8679e+06		184.567		128.928		0		0.798712		291.643		
00:00:16:500		1.40996e+07		-1.63436		0		11.0941		5.6223e+06		886.982			00:00:16:500		1.88502e+06		183.291		128.928		0		0.798712		291.735		
00:00:16:399		1.41105e+07		-1.62151		0		11.0941		5.6317e+06		888.394			00:00:16:399		1.89689e+06		183.291		127.704		0		0.787496		291.798		
00:00:16:350		1.4116e+07		-1.61504		0		10.9627		5.63643e+06		889.111			00:00:16:350		1.90296e+06		183.291		127.704		0		0.787496		291.829		
00:00:16:250		1.41269e+07		-1.60208		0		10.9627		5.64597e+06		890.562			00:00:16:250		1.91539e+06		182.008		127.704		0		0.787496		291.892		
00:00:16:149		1.4138e+07		-1.58898		0		11.2891		5.6556e+06		892.051			00:00:16:149		1.92821e+06		182.008		126.451		0		0.776233		291.955		
00:00:16:050		1.41487e+07		-1.57569		0		11.2891		5.6653e+06		893.568			00:00:16:050		1.94141e+06		182.008		126.451		0		0.776233		292.019		
00:00:15:900		1.41636e+07		-1.55551		0		11.0941		5.67986e+06		895.841			00:00:15:900		1.96188e+06		180.717		125.166		0		0.764923		292.116		
00:00:15:800		1.41734e+07		-1.54198		0		11.1594		5.68956e+06		897.348			00:00:15:800		1.97597e+06		180.717		125.166		0		0.764923		292.182		
00:00:15:699		1.41831e+07		-1.52839		0		11.1594		5.69927e+06		898.847			00:00:15:699		1.99042e+06		179.419		123.849		0		0.753564		292.248		
00:00:15:599		1.41929e+07		-1.51475		0		11.1594		5.70902e+06		900.358			00:00:15:599		2.00523e+06		179.419		123.849		0		0.753564		292.314		
00:00:15:500		1.42027e+07		-1.50104		0		11.1594		5.7188e+06		901.876			00:00:15:500		2.02042e+06		178.114		123.849		0		0.753564		292.382		
00:00:15:349		1.42173e+07		-1.48036		0		11.3535		5.73354e+06		904.16			00:00:15:349		2.04392e+06		178.114		122.498		0		0.742156		292.484		
00:00:15:199		1.4232e+07		-1.45956		0		11.1594		5.74835e+06		906.464			00:00:15:199		2.06829e+06		176.8		121.113		0		0.7307		292.588		
00:00:15:199		1.4232e+07		-1.45956		0		11.1594		5.74835e+06		906.464			00:00:15:199		2.06829e+06		176.8		121.113		0		0.7307		292.588		
00:00:15:199		1.4232e+07		-1.45956		0		11.1594		5.74835e+06		906.464			00:00:15:199		2.06829e+06		176.8		121.113		0		0.7307		292.588		
00:00:15:099		1.42418e+07		-1.44562		0		11.1594		5.75827e+06		908.012			00:00:15:099		2.08503e+06		176.8		121.113		0		0.7307		292.659		
00:00:15:000		1.42516e+07		-1.43163		0		11.1594		5.76821e+06		909.569			00:00:15:000		2.10218e+06		175.479		121.113		0		0.7307		292.73		
00:00:14:900		1.42614e+07		-1.41759		0		11.1594		5.77819e+06		911.14			00:00:14:900		2.11975e+06		175.479		119.693		0		0.719195		292.802		
00:00:14:800		1.42712e+07		-1.40349		0		11.1594		5.78819e+06		912.725			00:00:14:800		2.13775e+06		175.479		119.693		0		0.719195		292.874		
00:00:14:699		1.4281e+07		-1.38934		0		11.0941		5.79821e+06		914.324			00:00:14:699		2.15617e+06		174.15		118.241		0		0.70764		292.946		
00:00:14:599		1.42907e+07		-1.37513		0		11.0941		5.80823e+06		915.933			00:00:14:599		2.17503e+06		174.15		118.241		0		0.70764		293.019		
00:00:14:500		1.43005e+07		-1.36088		0		11.2891		5.81822e+06		917.544			00:00:14:500		2.19433e+06		172.812		118.241		0		0.70764		293.093		
00:00:14:300		1.432e+07		-1.33218		0		11.1594		5.83806e+06		920.724			00:00:14:300		2.23431e+06		172.812		116.757		0		0.696037		293.244		
00:00:14:300		1.432e+07		-1.33218		0		11.1594		5.83806e+06		920.724			00:00:14:300		2.23431e+06		172.812		116.757		0		0.696037		293.244		
00:00:14:199		1.43297e+07		-1.31774		0		11.0941		5.84789e+06		922.285			00:00:14:199		2.255e+06		171.467		115.24		0		0.684385		293.32		
00:00:14:099		1.43394e+07		-1.30324		0		11.0941		5.8577e+06		923.839			00:00:14:099		2.27617e+06		171.467		115.24		0		0.684385		293.397		
00:00:14:000		1.43491e+07		-1.28869		0		11.0941		5.86749e+06		925.388			00:00:14:000		2.29783e+06		170.114		115.24		0		0.684385		293.475		
00:00:13:900		1.43587e+07		-1.27407		0		11.0941		5.87726e+06		926.926			00:00:13:900		2.32e+06		170.114		113.691		0		0.672686		293.554		
00:00:13:750		1.43731e+07		-1.25201		0		11.1594		5.89191e+06		929.227			00:00:13:750		2.35421e+06		168.752		113.691		0		0.672686		293.672		
00:00:13:650		1.43827e+07		-1.23722		0		11.1594		5.90167e+06		930.752			00:00:13:650		2.37766e+06		168.752		112.112		0		0.660938		293.752		
00:00:13:599		1.43874e+07		-1.2298		0		11.1594		5.90655e+06		931.513			00:00:13:599		2.38956e+06		168.752		112.112		0		0.660938		293.792		
00:00:13:500		1.43969e+07		-1.21492		0.0661879		11.1594		5.91633e+06		933.038			00:00:13:500		2.41373e+06		167.381		112.112		0		0.660938		293.872		
00:00:13:300		1.44156e+07		-1.18493		0.330475		10.9627		5.93595e+06		936.11			00:00:13:300		2.46354e+06		167.381		110.505		0		0.649142		294.034		
00:00:13:199		1.44248e+07		-1.16982		0.460814		11.1594		5.94579e+06		937.649			00:00:13:199		2.48922e+06		166.002		108.869		0		0.637298		294.115		
00:00:13:199		1.44248e+07		-1.16982		0.460814		11.1594		5.94579e+06		937.649			00:00:13:199		2.48922e+06		166.002		108.869		0		0.637298		294.115		
00:00:13:099		1.44338e+07		-1.15463		0.588934		10.9627		5.95563e+06		939.188			00:00:13:099		2.51541e+06		166.002		108.869		0		0.637298		294.196		
00:00:12:949		1.44467e+07		-1.13168		0.775539		10.9627		5.97041e+06		941.499			00:00:12:949		2.55569e+06		164.614		107.204		0		0.625405		294.317		
00:00:12:849		1.4455e+07		-1.11633		0.895297		11.1594		5.98029e+06		943.04			00:00:12:849		2.58322e+06		164.614		107.204		0		0.625405		294.399		
00:00:12:750		1.44633e+07		-1.10101		1.01066		11.1594		5.99017e+06		944.582			00:00:12:750		2.6113e+06		163.218		107.204		0		0.625405		294.48		
00:00:12:650		1.44718e+07		-1.08571		1.12128		10.9627		6.00008e+06		946.129			00:00:12:650		2.63996e+06		163.218		105.512		0		0.613464		294.561		
00:00:12:550		1.44806e+07		-1.07047		1.2268		11.1594		6.01e+06		947.678			00:00:12:550		2.66919e+06		163.218		105.512		0		0.613464		294.643		
00:00:12:449		1.44899e+07		-1.05526		1.32689		11.1594		6.01994e+06		949.239			00:00:12:449		2.69901e+06		161.812		103.795		0		0.601474		294.725		
00:00:12:349		1.44994e+07		-1.03995		1.4216		10.9627		6.0299e+06		950.813			00:00:12:349		2.72944e+06		161.812		103.795		0		0.601474		294.807		
00:00:12:250		1.45084e+07		-1.02462		1.51073		11.1594		6.03985e+06		952.373			00:00:12:250		2.76047e+06		160.397		103.795		0		0.601474		294.891		
00:00:12:150		1.45176e+07		-1.00915		1.59442		11.1594		6.04977e+06		953.927			00:00:12:150		2.79214e+06		160.397		102.058		0		0.589435		294.975		
00:00:12:050		1.45264e+07		-0.993563		1.67206		10.9627		6.0597e+06		955.479			00:00:12:050		2.82445e+06		160.397		102.058		0		0.589435		295.06		
00:00:11:949		1.45343e+07		-0.977852		1.74334		11.1594		6.06963e+06		957.031			00:00:11:949		2.85742e+06		158.973		100.299		0		0.577348		295.145		
00:00:11:849		1.45416e+07		-0.962101		1.80954		11.1594		6.07956e+06		958.583			00:00:11:849		2.89102e+06		158.973		100.299		0		0.577348		295.233		
00:00:11:750		1.45488e+07		-0.946471		1.87341		10.9627		6.08949e+06		960.135			00:00:11:750		2.92516e+06		157.541		100.299		0		0.577348		295.321		
00:00:11:650		1.45562e+07		-0.93098		1.9376		11.0286		6.09943e+06		961.69			00:00:11:650		2.95984e+06		157.541		98.5155		0		0.565212		295.41		
00:00:11:550		1.45642e+07		-0.915643		1.99796		15.6892		6.10936e+06		963.243			00:00:11:550		2.99512e+06		157.541		98.5155		0		0.565212		295.5		
00:00:11:449		1.45728e+07		-0.900482		2.06031		21.3373		6.1193e+06		964.794			00:00:11:449		3.031e+06		156.099		96.7083		0		0.553028		295.591		
00:00:11:349		1.45821e+07		-0.885464		2.12647		25.2367		6.12923e+06		966.343			00:00:11:349		3.06751e+06		156.099		96.7083		0		0.553028		295.684		
00:00:11:250		1.45922e+07		-0.870499		2.1879		28.0337		6.13917e+06		967.89			00:00:11:250		3.10467e+06		154.648		96.7083		0		0.553028		295.777		
00:00:11:099		1.46073e+07		-0.848039		2.26658		30.9729		6.15407e+06		970.213			00:00:11:099		3.16169e+06		154.648		94.8781		0		0.540795		295.921		
00:00:11:050		1.46123e+07		-0.840549		2.28893		31.7249		6.15904e+06		970.984			00:00:11:050		3.18105e+06		154.648		94.8781		0		0.540795		295.97		
00:00:10:900		1.46273e+07		-0.818058		2.35225		33.5522		6.17396e+06		973.302			00:00:10:900		3.2402e+06		153.188		93.0261		0		0.528514		296.118		
00:00:10:800		1.46373e+07		-0.803058		2.39161		34.4589		6.18391e+06		974.846			00:00:10:800		3.28056e+06		153.188		93.0261		0		0.528514		296.219		
00:00:10:699		1.46474e+07		-0.788048		2.42916		35.2193		6.19387e+06		976.404			00:00:10:699		3.32163e+06		151.72		91.1538		0		0.516184		296.321		
00:00:10:650		1.46524e+07		-0.780545		2.44714		35.5691		6.19885e+06		977.182			00:00:10:650		3.34242e+06		151.72		91.1538		0		0.516184		296.373		
00:00:10:550		1.46625e+07		-0.765542		2.48207		36.1618		6.2088e+06		978.725			00:00:10:550		3.38455e+06		151.72		91.1538		0		0.516184		296.478		
00:00:10:349		1.46826e+07		-0.735559		2.54394		37.1305		6.22864e+06		981.754			00:00:10:349		3.47099e+06		150.243		89.2628		0		0.503805		296.697		
00:00:10:250		1.46926e+07		-0.720584		2.57244		37.5116		6.23858e+06		983.241			00:00:10:250		3.51535e+06		148.758		89.2628		0		0.503805		296.809		
00:00:10:250		1.46926e+07		-0.720584		2.57244		37.5116		6.23858e+06		983.241			00:00:10:250		3.51535e+06		148.758		89.2628		0		0.503805		296.809		
00:00:10:099		1.47076e+07		-0.698149		2.61243		38.0066		6.25358e+06		985.442			00:00:10:099		3.58334e+06		148.758		87.3551		0		0.491376		296.981		
00:00:10:000		1.47176e+07		-0.683224		2.6373		38.2636		6.26368e+06		986.891			00:00:10:000		3.62968e+06		147.265		87.3551		0		0.491376		297.095		
00:00:09:900		1.47276e+07		-0.66833		2.66083		38.4495		6.27393e+06		988.335			00:00:09:900		3.67683e+06		147.265		85.4333		0		0.478896		297.211		
00:00:09:800		1.47375e+07		-0.653462		2.68314		38.6346		6.28435e+06		989.794			00:00:09:800		3.72481e+06		147.265		85.4333		0		0.478896		297.33		
00:00:09:699		1.47475e+07		-0.638627		2.7042		38.7729		6.295e+06		991.282			00:00:09:699		3.77365e+06		145.763		83.5001		0		0.466362		297.451		
00:00:09:599		1.47574e+07		-0.623827		2.72416		38.8648		6.30591e+06		992.823			00:00:09:599		3.82335e+06		145.763		83.5001		0		0.466362		297.573		
00:00:09:500		1.47673e+07		-0.609065		2.74325		38.9566		6.31711e+06		994.452			00:00:09:500		3.87393e+06		144.253		83.5001		0		0.466362		297.698		
00:00:09:300		1.47871e+07		-0.579679		2.77837		38.5653		6.34022e+06		997.925			00:00:09:300		3.97786e+06		144.253		81.56		0		0.45377		297.954		
00:00:09:199		1.47969e+07		-0.565061		2.79439		38.2869		6.35198e+06		999.724			00:00:09:199		4.03124e+06		142.734		79.6176		0		0.44112		298.085		
00:00:09:199		1.47969e+07		-0.565061		2.79439		38.2869		6.35198e+06		999.724			00:00:09:199		4.03124e+06		142.734		79.6176		0		0.44112		298.085		
00:00:09:199		1.47969e+07		-0.565061		2.79439		38.2869		6.35198e+06		999.724			00:00:09:199		4.03124e+06		142.734		79.6176		0		0.44112		298.085		
00:00:09:099		1.48068e+07		-0.550496		2.80987		37.9128		6.36385e+06		1001.57			00:00:09:099		4.08558e+06		142.734		79.6176		0		0.44112		298.218		
00:00:09:000		1.48166e+07		-0.535984		2.82483		37.5116		6.37576e+06		1003.44			00:00:09:000		4.14091e+06		141.209		79.6176		0		0.44112		298.353		
00:00:08:900		1.48264e+07		-0.521532		2.8388		37.0586		6.38767e+06		1005.3			00:00:08:900		4.19723e+06		141.209		77.6762		0		0.428412		298.491		
00:00:08:800		1.48362e+07		-0.50715		2.85218		36.5763		6.39955e+06		1007.15			00:00:08:800		4.25458e+06		141.209		77.6762		0		0.428412		298.631		
00:00:08:699		1.4846e+07		-0.492838		2.86481		36.0882		6.41142e+06		1008.99			00:00:08:699		4.31296e+06		139.678		75.7397		0		0.415647		298.773		
00:00:08:599		1.48557e+07		-0.478604		2.87661		35.5442		6.42325e+06		1010.82			00:00:08:599		4.3724e+06		139.678		75.7397		0		0.415647		298.917		
00:00:08:500		1.48655e+07		-0.464446		2.88804		35.018		6.43507e+06		1012.64			00:00:08:500		4.43294e+06		138.142		75.7397		0		0.415647		299.062		
00:00:08:300		1.4885e+07		-0.436381		2.91013		33.7614		6.45879e+06		1016.27			00:00:08:300		4.55731e+06		138.142		73.8117		0		0.402823		299.358		
00:00:08:150		1.48996e+07		-0.415556		2.9244		32.7573		6.4767e+06		1019.02			00:00:08:150		4.65359e+06		136.601		71.8955		0		0.389941		299.587		
00:00:08:150		1.48996e+07		-0.415556		2.9244		32.7573		6.4767e+06		1019.02			00:00:08:150		4.65359e+06		136.601		71.8955		0		0.389941		299.587		
00:00:08:050		1.49094e+07		-0.40178		2.93345		32.0268		6.4887e+06		1020.86			00:00:08:050		4.71925e+06		136.601		71.8955		0		0.389941		299.742		
00:00:08:000		1.49143e+07		-0.394929		2.93788		31.6422		6.49471e+06		1021.78			00:00:08:000		4.75253e+06		135.058		71.8955		0		0.389941		299.821		
00:00:07:849		1.49289e+07		-0.374524		2.94982		30.4338		6.51281e+06		1024.54			00:00:07:849		4.85418e+06		135.058		69.9968		0		0.376999		300.059		
00:00:07:650		1.49484e+07		-0.347692		2.96447		28.7331		6.5371e+06		1028.3			00:00:07:650		4.9941e+06		133.512		68.1224		0		0.363997		300.383		
00:00:07:650		1.49484e+07		-0.347692		2.96447		28.7331		6.5371e+06		1028.3			00:00:07:650		4.9941e+06		133.512		68.1224		0		0.363997		300.383		
00:00:07:549		1.49582e+07		-0.334453		2.97072		27.8178		6.54929e+06		1030.19			00:00:07:549		5.06598e+06		133.512		68.1224		0		0.363997		300.546		
00:00:07:450		1.4968e+07		-0.321323		2.97635		26.8113		6.56148e+06		1032.08			00:00:07:450		5.13918e+06		131.966		66.2791		0		0.350934		300.71		
00:00:07:299		1.49829e+07		-0.301811		2.9852		25.1354		6.57977e+06		1034.89			00:00:07:299		5.25151e+06		131.966		66.2791		0		0.350934		300.961		
00:00:07:299		1.49829e+07		-0.301811		2.9852		25.1354		6.57977e+06		1034.89			00:00:07:299		5.25151e+06		131.966		66.2791		0		0.350934		300.961		
00:00:07:150		1.49979e+07		-0.282536		2.99388		22.8111		6.59805e+06		1037.6			00:00:07:150		5.36678e+06		130.42		64.4738		0		0.33781		301.216		
00:00:07:049		1.5008e+07		-0.269851		2.99857		21.2594		6.61023e+06		1039.29			00:00:07:049		5.44495e+06		130.42		64.4738		0		0.33781		301.389		
00:00:06:950		1.50182e+07		-0.257281		3.00271		21.2984		6.62252e+06		1040.97			00:00:06:950		5.52416e+06		128.876		62.7129		0		0.324621		301.564		
00:00:06:849		1.50285e+07		-0.244824		3.00626		20.3861		6.63519e+06		1042.83			00:00:06:849		5.60443e+06		128.876		62.7129		0		0.324621		301.741		
00:00:06:750		1.50389e+07		-0.232476		3.00855		18.9709		6.64818e+06		1044.76			00:00:06:750		5.68578e+06		127.337		62.7129		0		0.324621		301.921		
00:00:06:650		1.50494e+07		-0.220222		3.0095		17.4623		6.66126e+06		1046.69			00:00:06:650		5.76821e+06		127.337		61.0007		0		0.311363		302.103		
00:00:06:549		1.506e+07		-0.20805		3.01087		15.938		6.67438e+06		1048.56			00:00:06:549		5.85175e+06		127.337		61.0007		0		0.311363		302.286		
00:00:06:450		1.50708e+07		-0.195953		3.01129		14.3943		6.68749e+06		1050.23			00:00:06:450		5.93642e+06		125.803		59.3395		0		0.298034		302.471		
00:00:06:250		1.5091e+07		-0.171673		3.00721		11.4176		6.71329e+06		1050.66			00:00:06:250		6.10928e+06		124.278		59.3395		0		0.298034		302.85		
00:00:06:250		1.5091e+07		-0.171673		3.00721		11.4176		6.71329e+06		1050.66			00:00:06:250		6.10928e+06		124.278		59.3395		0		0.298034		302.85		
00:00:06:150		1.50997e+07		-0.159595		3.00452		9.8667		6.72561e+06		1045.3			00:00:06:150		6.19758e+06		124.278		57.7282		0		0.284576		303.042		
00:00:06:049		1.51083e+07		-0.1477		3.0008		8.83068		6.73715e+06		1023.01			00:00:06:049		6.28743e+06		124.278		57.7282		0		0.284576		303.236		
00:00:05:950		1.51171e+07		-0.135972		2.99664		0		6.74778e+06		984.85			00:00:05:950		6.37244e+06		122.762		56.1457		0		0.270877		303.428		
00:00:05:849		1.5126e+07		-0.124411		2.99217		0		6.75749e+06		945.024			00:00:05:849		6.43508e+06		122.762		56.1457		0		0.270877		303.623		
00:00:05:750		1.51351e+07		-0.113026		2.98639		0		6.76637e+06		906.87			00:00:05:750		6.48336e+06		121.259		56.1457		0		0.270877		303.82		
00:00:05:599		1.5149e+07		-0.0962615		2.97671		0		6.7783e+06		855.655			00:00:05:599		6.53603e+06		121.259		54.5939		0		0.256987		304.119		
00:00:05:549		1.51538e+07		-0.090745		2.97335		3.46914		6.78192e+06		840.406			00:00:05:549		6.54962e+06		121.259		54.5939		0		0.256987		304.219		
00:00:05:400		1.51682e+07		-0.0743804		2.96073		0		6.7919e+06		800.044			00:00:05:400		6.58197e+06		119.772		53.0768		0		0.242964		304.523		
00:00:05:200		1.51871e+07		-0.0530992		2.94141		0		6.80342e+06		757.594			00:00:05:200		6.61148e+06		118.306		51.5978		0		0.228848		304.932		
00:00:05:200		1.51871e+07		-0.0530992		2.94141		0		6.80342e+06		757.594			00:00:05:200		6.61148e+06		118.306		51.5978		0		0.228848		304.932		
00:00:05:099		1.51968e+07		-0.042697		2.93166		0		6.80857e+06		740.506			00:00:05:099		6.62243e+06		118.306		51.5978		0		0.228848		305.138		
00:00:05:000		1.52064e+07		-0.0324264		2.92185		0		6.81338e+06		725.716			00:00:05:000		6.63161e+06		116.864		51.5978		0		0.228848		305.345		
00:00:04:900		1.52159e+07		-0.022295		2.91073		0		6.81788e+06		712.914			00:00:04:900		6.63944e+06		116.864		50.1606		0		0.214665		305.553		
00:00:04:799		1.52254e+07		-0.0123072		2.89673		0		6.82211e+06		701.819			00:00:04:799		6.64622e+06		116.864		50.1606		0		0.214665		305.76		
00:00:04:700		1.52349e+07		-0.00246906		2.88346		8.35997		6.82609e+06		692.156			00:00:04:700		6.65216e+06		115.452		48.7683		0		0.200432		305.967		
00:00:04:599		1.52443e+07		0.00721598		2.87199		23.1035		6.82983e+06		683.708			00:00:04:599		6.65745e+06		115.452		48.7683		0		0.200432		306.174		
00:00:04:500		1.52537e+07		0.0167437		2.86118		34.202		6.83336e+06		676.272			00:00:04:500		6.66223e+06		114.074		48.7683		0		0.200432		306.382		
00:00:04:400		1.52631e+07		0.0261006		2.84628		43.9579		6.8367e+06		669.665			00:00:04:400		6.6666e+06		114.074		47.4242		0		0.18616		306.59		
00:00:04:299		1.52725e+07		0.0352535		2.82594		52.8922		6.83985e+06		663.732			00:00:04:299		6.67065e+06		114.074		47.4242		0		0.18616		306.799		
00:00:04:200		1.52817e+07		0.0441751		2.80592		61.2979		6.84283e+06		658.301			00:00:04:200		6.67448e+06		112.732		46.1313		0		0.171856		307.007		
00:00:04:200		1.52817e+07		0.0441751		2.80592		61.2979		6.84283e+06		658.301			00:00:04:200		6.67448e+06		112.732		46.1313		0		0.171856		307.007		
00:00:04:099		1.52909e+07		0.0528755		2.79344		69.2229		6.84563e+06		653.199			00:00:04:099		6.67816e+06		112.732		46.1313		0		0.171856		307.213		
00:00:04:000		1.53e+07		0.061377		2.78804		76.8089		6.84824e+06		648.2			00:00:04:000		6.68178e+06		111.432		46.1313		0		0.171856		307.419		
00:00:03:899		1.53092e+07		0.0697007		2.77506		84.2774		6.85064e+06		643.008			00:00:03:899		6.68548e+06		111.432		44.8927		0		0.157523		307.623		
00:00:03:799		1.53185e+07		0.0778308		2.74372		91.4603		6.8528e+06		637.179			00:00:03:799		6.68944e+06		111.432		44.8927		0		0.157523		307.824		
00:00:03:700		1.5328e+07		0.0857077		2.7102		98.3024		6.85468e+06		630.012			00:00:03:700		6.69402e+06		110.177		43.7119		0		0.143155		308.021		
00:00:03:600		1.53375e+07		0.0932298		2.69758		104.949		6.85625e+06		619.921			00:00:03:600		6.69974e+06		110.177		43.7119		0		0.143155		308.213		
00:00:03:500		1.53465e+07		0.10029		2.71499		111.639		6.85748e+06		608.736			00:00:03:500		6.70668e+06		108.972		43.7119		0		0.143155		308.399		
00:00:03:299		1.53618e+07		0.113148		2.65386		124.396		6.859e+06		587.412			00:00:03:299		6.71877e+06		108.972		42.5925		0		0.128752		308.746		
00:00:03:200		1.53688e+07		0.119115		2.57623		130.441		6.85934e+06		577.422			00:00:03:200		6.72392e+06		107.821		41.5397		0		0.114323		308.906		
00:00:03:200		1.53688e+07		0.119115		2.57623		130.441		6.85934e+06		577.422			00:00:03:200		6.72392e+06		107.821		41.5397		0		0.114323		308.906		
00:00:03:100		1.53766e+07		0.125107		2.56368		136.876		6.85947e+06		568.138			00:00:03:100		6.72844e+06		107.821		41.5397		0		0.114323		309.057		
00:00:03:000		1.53852e+07		0.130955		2.68099		144.102		6.85951e+06		560.026			00:00:03:000		6.73225e+06		106.73		41.5397		0		0.114323		309.197		
00:00:02:899		1.53938e+07		0.136546		2.75465		153.165		6.85961e+06		554.059			00:00:02:899		6.73511e+06		106.73		40.5615		0		0.0998799		309.323		
00:00:02:799		1.54024e+07		0.141894		2.78936		167.648		6.85997e+06		551.281			00:00:02:799		6.73664e+06		106.73		40.5615		0		0.0998799		309.434		
00:00:02:600		1.54199e+07		0.151929		2.83845		238.289		6.86263e+06		569.376			00:00:02:600		6.73055e+06		105.704		39.673		0		0.0854597		309.608		
00:00:02:600		1.54199e+07		0.151929		2.83845		238.289		6.86263e+06		569.376			00:00:02:600		6.73055e+06		105.704		39.673		0		0.0854597		309.608		
00:00:02:500		1.54289e+07		0.156553		2.85335		286.774		6.86565e+06		603.107			00:00:02:500		6.71680e+06		104.749		39.673		0		0.0854597		309.671		
00:00:02:299		1.54479e+07		0.164464		2.86721		375.601		6.87632e+06		766.283			00:00:02:299		6.63962e+06		104.749		38.8768		0		0.0712418		309.755		
00:00:02:149		1.54611e+07		0.168689		2.87173		428.695		6.88704e+06		820.363			00:00:02:149		6.59167e+06		103.873		38.1734		0		0.0571134		309.792		
00:00:02:149		1.54611e+07		0.168689		2.87173		428.695		6.88704e+06		820.363			00:00:02:149		6.59167e+06		103.873		38.1734		0		0.0571134		309.792		
00:00:02:000		1.54708e+07		0.171254		2.8695		469.79		6.89886e+06		864.746			00:00:02:000		6.56522e+06		103.077		38.1734		0		0.0571134		309.815		
00:00:02:000		1.54708e+07		0.171254		2.8695		469.79		6.89886e+06		864.746			00:00:02:000		6.56522e+06		103.077		38.1734		0		0.0571134		309.815		
00:00:01:899		1.54748e+07		0.172165		2.86324		491.207		6.90676e+06		870.826			00:00:01:899		6.56093e+06		103.077		37.5643		0		0.0429605		309.826		
00:00:01:800		1.54771e+07		0.172622		2.85431		507.553		6.91432e+06		864.168			00:00:01:800		6.57393e+06		103.077		37.5643		0		0.0429605		309.834		
00:00:01:699		1.54782e+07		0.172801		2.84498		517.369		6.92134e+06		857.25			00:00:01:699		6.58672e+06		102.364		37.0529		0		0.0287413		309.84		
00:00:01:600		1.54786e+07		0.172849		2.83782		522.075		6.92843e+06		852.456			00:00:01:600		6.59905e+06		102.364		37.0529		0		0.0287413		309.844		
00:00:01:500		1.54787e+07		0.172852		2.83693		525.72		6.93648e+06		847.382			00:00:01:500		6.61094e+06		101.749		37.0529		0		0.0287413		309.846		
00:00:01:300		1.54786e+07		0.172841		2.83558		529.842		6.95134e+06		826.141			00:00:01:300		6.64116e+06		101.749		36.6377		0		0.0144411		309.846		
00:00:01:300		1.54786e+07		0.172841		2.83558		529.842		6.95134e+06		826.141			00:00:01:300		6.64116e+06		101.749		36.6377		0		0.0144411		309.846		
00:00:01:149		1.54786e+07		0.172839		2.83573		530.204		6.95989e+06		790.644			00:00:01:149		6.6743e+06		101.151		36.3825		0		0		309.846		
00:00:01:050		1.54786e+07		0.172839		2.83571		530.195		6.96345e+06		748.206			00:00:01:050		6.70619e+06		101.151		36.3825		0		0		309.846		
00:00:00:949		1.54786e+07		0.172839		2.83566		530.197		6.96487e+06		679.964			00:00:00:949		6.75322e+06		100.069		36.3828		0		0		309.846		
00:00:00:849		1.54786e+07		0.172839		2.83566		530.201		6.96487e+06		526.823			00:00:00:849		6.83119e+06		100.069		36.3828		0		0		309.846		
00:00:00:750		1.54786e+07		0.17284		2.8357		530.203		6.96486e+06		526.823			00:00:00:750		6.83118e+06		100.069		36.3828		0		0		309.846		
00:00:00:650		1.54786e+07		0.172839		2.83569		530.206		6.96486e+06		526.824			00:00:00:650		6.83118e+06		100.069		36.3831		0		0		309.846		
00:00:00:550		1.54786e+07		0.17284		2.83569		530.208		6.96486e+06		526.825			00:00:00:550		6.83117e+06		100.069		36.3831		0		0		309.846		
00:00:00:450		1.54786e+07		0.17284		2.83569		530.212		6.96485e+06		526.825			00:00:00:450		6.83117e+06		100.069		36.3834		0		0		309.846		
00:00:00:250		1.54786e+07		0.17284		2.83572		530.217		6.96484e+06		526.826			00:00:00:250		6.83116e+06		100.069		36.3834		0		0		309.846		
00:00:00:250		1.54786e+07		0.17284		2.83572		530.217		6.96484e+06		526.826			00:00:00:250		6.83116e+06		100.069		36.3834		0		0		309.846		
00:00:00:149		1.54785e+07		0.17284		2.83572		530.221		6.96484e+06		526.826			00:00:00:149		6.83116e+06		100.069		36.3837		0		0		309.846		
00:00:00:050		1.54785e+07		0.17284		2.83567		530.223		6.96484e+06		526.826			00:00:00:050		6.83115e+06		100.069		36.3837		0		0		309.846		
00:00:00:000		1.54785e+07		0.17284		2.83571		530.225		6.96483e+06		526.826			00:00:00:000		6.83115e+06		100.069		36.3837		0		0		309.846		
00:00:00:000		1.54785e+07		0.17284		2.83571		530.225		6.96483e+06		526.826			00:00:00:000		6.83115e+06		100.069		36.3837		0		0		309.846		
00:00:00:000		1.54785e+07		0.17284		2.83571		530.225		6.96483e+06		526.826			00:00:00:000		6.83115e+06		100.069		36.3837		0		0		309.846		
00:00:00:000		1.54785e+07		0.17284		2.83571		530.225		6.96483e+06		526.826			00:00:00:000		6.83115e+06		100.069		36.3837		0		0		309.846		
00:00:00:000		1.54785e+07		0.17284		2.83571		530.225		6.96483e+06		526.826			00:00:00:000		6.83115e+06		100.069		36.3837		0		0		309.846		
00:00:00:000		1.54785e+07		0.17284		2.83571		530.225		6.96483e+06		526.826			00:00:00:000		6.83115e+06		100.069		36.3837		0		0		309.846		
00:00:00:000		1.54785e+07		0.17284		2.83571		530.225		6.96483e+06		526.826			00:00:00:000		6.83115e+06		100.069		36.3837		0		0		309.846		
