	time 		gpv001pnt10113ppntm	evf507ety101mpzoyout	chtcon(1)	chavg(1)	chlhsumpa	rcptavgn			time 		rcpppzr	rcp054rcp007mnzoyout	rcv501std0102fvol	fwfrcp001gv	rcppmssga	msfsg(1)	
00:01:02:299		1.50546e+06		279.736		129.842		0		3		271.007			00:01:02:299		1.10492e+07		-5.66796		0		0		3.14518e+06		507.37		
00:01:02:200		1.50547e+06		279.431		129.904		0		3		271.037			00:01:02:200		1.10546e+07		-5.6645		0		0		3.14921e+06		507.558		
00:01:02:100		1.50548e+06		279.431		129.904		0		3		271.065			00:01:02:100		1.10599e+07		-5.661		0		0		3.15311e+06		507.457		
00:01:02:000		1.50549e+06		279.125		129.904		0		3		271.091			00:01:02:000		1.10653e+07		-5.65745		0		0		3.15754e+06		508.118		
00:01:01:899		1.50549e+06		279.125		129.969		0		3		271.114			00:01:01:899		1.10707e+07		-5.65386		0		0		3.16351e+06		509.604		
00:01:01:799		1.5055e+06		279.125		129.969		0		3		271.14			00:01:01:799		1.10762e+07		-5.65023		0		0		3.16963e+06		510.968		
00:01:01:700		1.50551e+06		278.817		130.037		0		3		271.167			00:01:01:700		1.10816e+07		-5.64657		0		0		3.17509e+06		512.58		
00:01:01:700		1.50551e+06		278.817		130.037		0		3		271.167			00:01:01:700		1.10816e+07		-5.64657		0		0		3.17509e+06		512.58		
00:01:01:600		1.50552e+06		278.817		130.037		0		3		271.197			00:01:01:600		1.1087e+07		-5.64286		0		0		3.18035e+06		514.585		
00:01:01:500		1.50553e+06		278.509		130.037		0		3		271.23			00:01:01:500		1.10924e+07		-5.63912		0		0		3.18512e+06		516.461		
00:01:01:399		1.50554e+06		278.509		130.107		0		3		271.261			00:01:01:399		1.10977e+07		-5.63533		0		0		3.18688e+06		514.84		
00:01:01:299		1.50555e+06		278.509		130.107		0		3		271.291			00:01:01:299		1.11029e+07		-5.6315		0		0		3.18608e+06		513.503		
00:01:01:200		1.50555e+06		278.199		130.181		0		3		271.317			00:01:01:200		1.11082e+07		-5.62761		0		0		3.18873e+06		514.342		
00:01:01:100		1.50556e+06		278.199		130.181		0		3		271.346			00:01:01:100		1.11136e+07		-5.62368		0		0		3.19322e+06		515.046		
00:01:01:000		1.50557e+06		277.889		130.181		0		3		271.375			00:01:01:000		1.1119e+07		-5.6197		0		0		3.19736e+06		515.72		
00:01:00:799		1.50559e+06		277.889		130.258		0		3		271.434			00:01:00:799		1.11298e+07		-5.61161		0		0		3.20532e+06		516.124		
00:01:00:700		1.5056e+06		277.577		130.338		0		3		271.461			00:01:00:700		1.11352e+07		-5.60748		0		0		3.20926e+06		516.254		
00:01:00:700		1.5056e+06		277.577		130.338		0		3		271.461			00:01:00:700		1.11352e+07		-5.60748		0		0		3.20926e+06		516.254		
00:01:00:500		1.50561e+06		277.263		130.338		0		3		271.51			00:01:00:500		1.11462e+07		-5.5991		0		0		3.22093e+06		518.949		
00:01:00:399		1.50562e+06		277.263		130.421		0		3		271.536			00:01:00:399		1.11518e+07		-5.59483		0		0		3.22663e+06		520.243		
00:01:00:299		1.50563e+06		277.263		130.421		0		3		271.566			00:01:00:299		1.11573e+07		-5.59053		0		0		3.23203e+06		522.337		
00:01:00:200		1.50564e+06		276.949		130.508		0		3		271.598			00:01:00:200		1.11628e+07		-5.58619		0		0		3.23736e+06		524.971		
00:01:00:200		1.50564e+06		276.949		130.508		0		3		271.598			00:01:00:200		1.11628e+07		-5.58619		0		0		3.23736e+06		524.971		
00:01:00:000		1.50566e+06		276.634		130.508		0		3		271.662			00:01:00:000		1.11738e+07		-5.57737		0		0		3.23948e+06		522.258		
00:01:00:000		1.50566e+06		276.634		130.508		0		3		271.662			00:01:00:000		1.11738e+07		-5.57737		0		0		3.23948e+06		522.258		
00:00:59:850		1.50567e+06		276.634		130.598		0		3		271.704			00:00:59:850		1.1182e+07		-5.57064		0		0		3.24204e+06		522.914		
00:00:59:750		1.50568e+06		276.318		130.598		0		3		271.734			00:00:59:750		1.11876e+07		-5.5661		0		0		3.24651e+06		523.621		
00:00:59:750		1.50568e+06		276.318		130.598		0		3		271.734			00:00:59:750		1.11876e+07		-5.5661		0		0		3.24651e+06		523.621		
00:00:59:649		1.50569e+06		276.318		130.692		0		3		271.765			00:00:59:649		1.11932e+07		-5.56151		0		0		3.25064e+06		524.31		
00:00:59:549		1.50569e+06		276.318		130.692		0		3		271.796			00:00:59:549		1.11987e+07		-5.55688		0		0		3.25469e+06		524.76		
00:00:59:399		1.50571e+06		276		130.79		0		3		271.842			00:00:59:399		1.12071e+07		-5.54984		0		0		3.26035e+06		524.764		
00:00:59:299		1.50572e+06		276		130.79		0		3		271.868			00:00:59:299		1.12128e+07		-5.54508		0		0		3.26502e+06		525.524		
00:00:59:250		1.50572e+06		275.68		130.891		0		2.99478		271.894			00:00:59:250		1.12185e+07		-5.54027		0		0		3.27125e+06		526.957		
00:00:59:100		1.50573e+06		275.68		130.891		0		2.99478		271.922			00:00:59:100		1.12243e+07		-5.53542		0		0		3.2771e+06		528.126		
00:00:59:000		1.50574e+06		275.361		130.891		0		2.99478		271.954			00:00:59:000		1.123e+07		-5.53052		0		0		3.28247e+06		529.909		
00:00:58:899		1.50575e+06		275.361		130.997		0		2.98198		271.988			00:00:58:899		1.12357e+07		-5.52558		0		0		3.28802e+06		532.846		
00:00:58:799		1.50576e+06		275.361		130.997		0		2.98198		272.024			00:00:58:799		1.12414e+07		-5.52059		0		0		3.29232e+06		533.76		
00:00:58:700		1.50577e+06		275.041		131.107		0		2.96917		272.06			00:00:58:700		1.1247e+07		-5.51556		0		0		3.29196e+06		531.139		
00:00:58:600		1.50578e+06		275.041		131.107		0		2.96917		272.094			00:00:58:600		1.12527e+07		-5.51047		0		0		3.29095e+06		530.397		
00:00:58:500		1.50578e+06		274.72		131.107		0		2.96917		272.125			00:00:58:500		1.12584e+07		-5.50533		0		0		3.29451e+06		531.345		
00:00:58:399		1.50579e+06		274.72		131.222		0		2.95633		272.159			00:00:58:399		1.12641e+07		-5.50014		0		0		3.29885e+06		532.05		
00:00:58:299		1.5058e+06		274.72		131.222		0		2.95633		272.195			00:00:58:299		1.12698e+07		-5.4949		0		0		3.30295e+06		532.712		
00:00:58:200		1.50581e+06		274.398		131.34		0		2.94347		272.231			00:00:58:200		1.12756e+07		-5.4896		0		0		3.30691e+06		532.989		
00:00:58:100		1.50582e+06		274.398		131.34		0		2.94347		272.267			00:00:58:100		1.12813e+07		-5.48425		0		0		3.31057e+06		532.739		
00:00:58:000		1.50583e+06		274.076		131.34		0		2.94347		272.299			00:00:58:000		1.12871e+07		-5.47885		0		0		3.31477e+06		533.413		
00:00:57:899		1.50583e+06		274.076		131.464		0		2.93059		272.33			00:00:57:899		1.12929e+07		-5.47338		0		0		3.32073e+06		534.901		
00:00:57:799		1.50584e+06		274.076		131.464		0		2.93059		272.363			00:00:57:799		1.12988e+07		-5.46786		0		0		3.32667e+06		536.059		
00:00:57:700		1.50585e+06		273.751		131.593		0		2.91768		272.399			00:00:57:700		1.13047e+07		-5.46228		0		0		3.33195e+06		537.642		
00:00:57:600		1.50586e+06		273.751		131.593		0		2.91768		272.438			00:00:57:600		1.13106e+07		-5.45665		0		0		3.33746e+06		540.685		
00:00:57:500		1.50587e+06		273.427		131.593		0		2.91768		272.48			00:00:57:500		1.13165e+07		-5.45094		0		0		3.34223e+06		542.309		
00:00:57:399		1.50588e+06		273.427		131.726		0		2.90477		272.521			00:00:57:399		1.13222e+07		-5.44516		0		0		3.34228e+06		539.732		
00:00:57:299		1.50589e+06		273.427		131.726		0		2.90477		272.56			00:00:57:299		1.1328e+07		-5.43931		0		0		3.34046e+06		538.307		
00:00:57:200		1.50589e+06		273.102		131.865		0		2.89184		272.594			00:00:57:200		1.13339e+07		-5.4334		0		0		3.34314e+06		539.192		
00:00:57:100		1.5059e+06		273.102		131.865		0		2.89184		272.633			00:00:57:100		1.13398e+07		-5.42742		0		0		3.34749e+06		539.955		
00:00:57:000		1.50591e+06		272.774		131.865		0		2.89184		272.672			00:00:57:000		1.13456e+07		-5.42138		0		0		3.35154e+06		540.787		
00:00:56:899		1.50592e+06		272.774		132.009		0		2.87889		272.712			00:00:56:899		1.13515e+07		-5.41528		0		0		3.35543e+06		540.941		
00:00:56:799		1.50593e+06		272.774		132.009		0		2.87889		272.751			00:00:56:799		1.13574e+07		-5.40912		0		0		3.35896e+06		540.647		
00:00:56:700		1.50594e+06		272.448		132.159		0		2.8659		272.787			00:00:56:700		1.13633e+07		-5.4029		0		0		3.36285e+06		541.187		
00:00:56:549		1.50595e+06		272.448		132.159		0		2.8659		272.835			00:00:56:549		1.13723e+07		-5.39347		0		0		3.37155e+06		543.206		
00:00:56:450		1.50596e+06		272.119		132.315		0		2.8529		272.87			00:00:56:450		1.13784e+07		-5.38713		0		0		3.37694e+06		544.291		
00:00:56:350		1.50597e+06		272.119		132.315		0		2.8529		272.907			00:00:56:350		1.13844e+07		-5.38076		0		0		3.38218e+06		546.897		
00:00:56:250		1.50597e+06		271.791		132.315		0		2.8529		272.947			00:00:56:250		1.13904e+07		-5.37437		0		0		3.38802e+06		549.871		
00:00:56:149		1.50598e+06		271.791		132.476		0		2.83989		272.988			00:00:56:149		1.13964e+07		-5.36796		0		0		3.39117e+06		549.373		
00:00:56:049		1.50599e+06		271.791		132.476		0		2.83989		273.028			00:00:56:049		1.14023e+07		-5.36154		0		0		3.38896e+06		546.334		
00:00:55:950		1.506e+06		271.463		132.644		0		2.82686		273.063			00:00:55:950		1.14082e+07		-5.3551		0		0		3.38861e+06		546.269		
00:00:55:850		1.50601e+06		271.463		132.644		0		2.82686		273.096			00:00:55:850		1.14141e+07		-5.34865		0		0		3.39272e+06		547.146		
00:00:55:750		1.50602e+06		271.132		132.644		0		2.82686		273.132			00:00:55:750		1.14201e+07		-5.34219		0		0		3.39689e+06		547.888		
00:00:55:750		1.50602e+06		271.132		132.644		0		2.82686		273.132			00:00:55:750		1.14201e+07		-5.34219		0		0		3.39689e+06		547.888		
00:00:55:649		1.50603e+06		271.132		132.818		0		2.81381		273.168			00:00:55:649		1.14261e+07		-5.33571		0		0		3.40089e+06		548.501		
00:00:55:549		1.50603e+06		271.132		132.818		0		2.81381		273.205			00:00:55:549		1.1432e+07		-5.32922		0		0		3.40465e+06		548.576		
00:00:55:450		1.50604e+06		270.801		132.999		0		2.80073		273.24			00:00:55:450		1.1438e+07		-5.3227		0		0		3.4082e+06		548.543		
00:00:55:350		1.50605e+06		270.801		132.999		0		2.80073		273.271			00:00:55:350		1.1444e+07		-5.31616		0		0		3.41282e+06		549.708		
00:00:55:250		1.50606e+06		270.47		132.999		0		2.80073		273.301			00:00:55:250		1.14501e+07		-5.30958		0		0		3.41857e+06		550.953		
00:00:55:149		1.50607e+06		270.47		133.187		0		2.78763		273.334			00:00:55:149		1.14561e+07		-5.30297		0		0		3.42373e+06		552.15		
00:00:54:950		1.50609e+06		270.138		133.381		0		2.77453		273.41			00:00:54:950		1.1468e+07		-5.28967		0		0		3.43457e+06		557.649		
00:00:54:850		1.50609e+06		270.138		133.381		0		2.77453		273.45			00:00:54:850		1.1474e+07		-5.28296		0		0		3.43699e+06		556.415		
00:00:54:750		1.5061e+06		269.806		133.381		0		2.77453		273.489			00:00:54:750		1.14799e+07		-5.27622		0		0		3.43424e+06		553.47		
00:00:54:750		1.5061e+06		269.806		133.381		0		2.77453		273.489			00:00:54:750		1.14799e+07		-5.27622		0		0		3.43424e+06		553.47		
00:00:54:649		1.50611e+06		269.806		133.583		0		2.7614		273.524			00:00:54:649		1.14859e+07		-5.26943		0		0		3.43432e+06		553.547		
00:00:54:549		1.50612e+06		269.806		133.583		0		2.7614		273.557			00:00:54:549		1.14919e+07		-5.26261		0		0		3.43871e+06		554.612		
00:00:54:450		1.50613e+06		269.474		133.792		0		2.74826		273.593			00:00:54:450		1.14979e+07		-5.25574		0		0		3.44311e+06		555.139		
00:00:54:350		1.50614e+06		269.474		133.792		0		2.74826		273.63			00:00:54:350		1.15039e+07		-5.24884		0		0		3.44731e+06		555.708		
00:00:54:200		1.50615e+06		269.14		134.009		0		2.73508		273.686			00:00:54:200		1.15129e+07		-5.23842		0		0		3.45338e+06		556.078		
00:00:54:100		1.50616e+06		269.14		134.009		0		2.73508		273.72			00:00:54:100		1.1519e+07		-5.23143		0		0		3.45771e+06		556.711		
00:00:54:000		1.50617e+06		268.806		134.009		0		2.73508		273.754			00:00:54:000		1.15251e+07		-5.2244		0		0		3.46305e+06		557.992		
00:00:53:850		1.50618e+06		268.806		134.233		0		2.72189		273.81			00:00:53:850		1.15342e+07		-5.2138		0		0		3.4713e+06		560.551		
00:00:53:700		1.50619e+06		268.471		134.465		0		2.70869		273.875			00:00:53:700		1.15432e+07		-5.20314		0		0		3.47989e+06		565.273		
00:00:53:700		1.50619e+06		268.471		134.465		0		2.70869		273.875			00:00:53:700		1.15432e+07		-5.20314		0		0		3.47989e+06		565.273		
00:00:53:600		1.5062e+06		268.471		134.465		0		2.70869		273.919			00:00:53:600		1.15492e+07		-5.196		0		0		3.48084e+06		563.175		
00:00:53:500		1.50621e+06		268.136		134.465		0		2.70869		273.962			00:00:53:500		1.15551e+07		-5.18882		0		0		3.47771e+06		560.355		
00:00:53:399		1.50622e+06		268.136		134.705		0		2.69547		274.001			00:00:53:399		1.15611e+07		-5.1816		0		0		3.47796e+06		560.199		
00:00:53:299		1.50623e+06		268.136		134.705		0		2.69547		274.037			00:00:53:299		1.15671e+07		-5.17435		0		0		3.48261e+06		561.28		
00:00:53:200		1.50623e+06		267.801		134.953		0		2.68222		274.077			00:00:53:200		1.15731e+07		-5.16705		0		0		3.48738e+06		562.006		
00:00:53:100		1.50624e+06		267.801		134.953		0		2.68222		274.115			00:00:53:100		1.15792e+07		-5.15971		0		0		3.49182e+06		562.481		
00:00:53:000		1.50625e+06		267.464		134.953		0		2.68222		274.154			00:00:53:000		1.15852e+07		-5.15233		0		0		3.4962e+06		562.801		
00:00:52:899		1.50626e+06		267.464		135.209		0		2.66895		274.191			00:00:52:899		1.15913e+07		-5.14491		0		0		3.50091e+06		563.354		
00:00:52:799		1.50627e+06		267.464		135.209		0		2.66895		274.229			00:00:52:799		1.15974e+07		-5.13746		0		0		3.50638e+06		564.513		
00:00:52:700		1.50628e+06		267.127		135.473		0		2.65566		274.269			00:00:52:700		1.16035e+07		-5.12997		0		0		3.51238e+06		566.089		
00:00:52:600		1.50628e+06		267.127		135.473		0		2.65566		274.312			00:00:52:600		1.16096e+07		-5.12245		0		0		3.51846e+06		569.486		
00:00:52:549		1.50629e+06		267.127		135.473		0		2.65566		274.334			00:00:52:549		1.16126e+07		-5.11868		0		0		3.52172e+06		571.438		
00:00:52:350		1.50631e+06		266.79		135.746		0		2.64236		274.427			00:00:52:350		1.16245e+07		-5.10363		0		0		3.52409e+06		569.339		
00:00:52:350		1.50631e+06		266.79		135.746		0		2.64236		274.427			00:00:52:350		1.16245e+07		-5.10363		0		0		3.52409e+06		569.339		
00:00:52:200		1.50632e+06		266.452		136.028		0		2.62904		274.491			00:00:52:200		1.16334e+07		-5.09226		0		0		3.52218e+06		566.896		
00:00:52:100		1.50633e+06		266.452		136.028		0		2.62904		274.528			00:00:52:100		1.16394e+07		-5.08462		0		0		3.52618e+06		568.03		
00:00:52:000		1.50634e+06		266.113		136.028		0		2.62904		274.568			00:00:52:000		1.16454e+07		-5.07694		0		0		3.5313e+06		568.851		
00:00:51:799		1.50635e+06		266.113		136.319		0		2.6157		274.646			00:00:51:799		1.16576e+07		-5.06149		0		0		3.5407e+06		569.705		
00:00:51:799		1.50635e+06		266.113		136.319		0		2.6157		274.646			00:00:51:799		1.16576e+07		-5.06149		0		0		3.5407e+06		569.705		
00:00:51:700		1.50636e+06		265.776		136.619		0		2.60232		274.684			00:00:51:700		1.16637e+07		-5.05374		0		0		3.54557e+06		570.246		
00:00:51:600		1.50637e+06		265.776		136.619		0		2.60232		274.723			00:00:51:600		1.16698e+07		-5.04598		0		0		3.55132e+06		571.515		
00:00:51:500		1.50638e+06		265.444		136.619		0		2.60232		274.763			00:00:51:500		1.16759e+07		-5.03823		0		0		3.55775e+06		573.637		
00:00:51:399		1.50639e+06		265.444		136.926		0		2.58893		274.807			00:00:51:399		1.16821e+07		-5.03052		0		0		3.56453e+06		577.631		
00:00:51:299		1.5064e+06		265.444		136.926		0		2.58893		274.853			00:00:51:299		1.16881e+07		-5.02284		0		0		3.57011e+06		579.634		
00:00:51:200		1.5064e+06		265.112		137.239		0		2.57553		274.899			00:00:51:200		1.16941e+07		-5.0152		0		0		3.5697e+06		577.332		
00:00:51:100		1.50641e+06		265.112		137.239		0		2.57553		274.945			00:00:51:100		1.17001e+07		-5.00755		0		0		3.56721e+06		574.928		
00:00:51:000		1.50642e+06		264.779		137.239		0		2.57553		274.987			00:00:51:000		1.17061e+07		-4.99989		0		0		3.56723e+06		574.157		
00:00:50:899		1.50643e+06		264.779		137.557		0		2.56211		275.024			00:00:50:899		1.17121e+07		-4.99218		0		0		3.57154e+06		575.299		
00:00:50:799		1.50644e+06		264.444		137.557		0		2.56211		275.084			00:00:50:799		1.17212e+07		-4.98057		0		0		3.57905e+06		576.233		
00:00:50:649		1.50645e+06		264.444		137.88		0		2.54866		275.122			00:00:50:649		1.17273e+07		-4.97279		0		0		3.58401e+06		576.655		
00:00:50:549		1.50646e+06		264.444		137.88		0		2.54866		275.161			00:00:50:549		1.17335e+07		-4.96499		0		0		3.58899e+06		577.157		
00:00:50:450		1.50647e+06		264.11		138.21		0		2.53518		275.2			00:00:50:450		1.17397e+07		-4.95716		0		0		3.59477e+06		578.239		
00:00:50:350		1.50648e+06		264.11		138.21		0		2.53518		275.241			00:00:50:350		1.17459e+07		-4.94934		0		0		3.60165e+06		580.939		
00:00:50:250		1.50648e+06		263.775		138.21		0		2.53518		275.285			00:00:50:250		1.1752e+07		-4.94154		0		0		3.60892e+06		584.791		
00:00:50:250		1.50648e+06		263.775		138.21		0		2.53518		275.285			00:00:50:250		1.1752e+07		-4.94154		0		0		3.60892e+06		584.791		
00:00:50:149		1.50649e+06		263.775		138.545		0		2.5217		275.331			00:00:50:149		1.17581e+07		-4.93374		0		0		3.61426e+06		586.489		
00:00:50:049		1.5065e+06		263.775		138.545		0		2.5217		275.378			00:00:50:049		1.17642e+07		-4.92595		0		0		3.61366e+06		584.308		
00:00:49:950		1.50651e+06		263.438		138.886		0		2.5082		275.423			00:00:49:950		1.17702e+07		-4.91815		0		0		3.61163e+06		582.102		
00:00:49:750		1.50653e+06		263.102		138.886		0		2.5082		275.503			00:00:49:750		1.17823e+07		-4.90239		0		0		3.61601e+06		582.435		
00:00:49:750		1.50653e+06		263.102		138.886		0		2.5082		275.503			00:00:49:750		1.17823e+07		-4.90239		0		0		3.61601e+06		582.435		
00:00:49:549		1.50654e+06		263.102		139.233		0		2.49467		275.582			00:00:49:549		1.17946e+07		-4.88648		0		0		3.62592e+06		583.201		
00:00:49:450		1.50655e+06		262.764		139.585		0		2.48111		275.621			00:00:49:450		1.18008e+07		-4.87849		0		0		3.6309e+06		583.448		
00:00:49:350		1.50656e+06		262.764		139.585		0		2.48111		275.659			00:00:49:350		1.1807e+07		-4.87048		0		0		3.63669e+06		584.294		
00:00:49:350		1.50656e+06		262.764		139.585		0		2.48111		275.659			00:00:49:350		1.1807e+07		-4.87048		0		0		3.63669e+06		584.294		
00:00:49:250		1.50657e+06		262.424		139.585		0		2.48111		275.7			00:00:49:250		1.18132e+07		-4.86248		0		0		3.64379e+06		587.012		
00:00:49:149		1.50658e+06		262.424		139.943		0		2.46753		275.744			00:00:49:149		1.18193e+07		-4.8545		0		0		3.6521e+06		591.63		
00:00:49:049		1.50659e+06		262.424		139.943		0		2.46753		275.791			00:00:49:049		1.18255e+07		-4.84652		0		0		3.65823e+06		593.45		
00:00:48:950		1.5066e+06		262.084		140.307		0		2.45394		275.838			00:00:48:950		1.18315e+07		-4.83855		0		0		3.6578e+06		591.339		
00:00:48:750		1.50661e+06		261.743		140.307		0		2.45394		275.927			00:00:48:750		1.18437e+07		-4.82255		0		0		3.65613e+06		588.008		
00:00:48:649		1.50662e+06		261.743		140.677		0		2.44033		275.965			00:00:48:649		1.18498e+07		-4.81449		0		0		3.65983e+06		589.346		
00:00:48:649		1.50662e+06		261.743		140.677		0		2.44033		275.965			00:00:48:649		1.18498e+07		-4.81449		0		0		3.65983e+06		589.346		
00:00:48:549		1.50663e+06		261.743		140.677		0		2.44033		276.005			00:00:48:549		1.18559e+07		-4.80639		0		0		3.66556e+06		590.038		
00:00:48:350		1.50665e+06		261.398		141.054		0		2.42669		276.084			00:00:48:350		1.18683e+07		-4.79011		0		0		3.67566e+06		590.322		
00:00:48:250		1.50665e+06		261.052		141.054		0		2.42669		276.124			00:00:48:250		1.18746e+07		-4.78194		0		0		3.68175e+06		591.734		
00:00:48:250		1.50665e+06		261.052		141.054		0		2.42669		276.124			00:00:48:250		1.18746e+07		-4.78194		0		0		3.68175e+06		591.734		
00:00:48:149		1.50666e+06		261.052		141.437		0		2.41302		276.189			00:00:48:149		1.18839e+07		-4.7697		0		0		3.69423e+06		598.385		
00:00:48:000		1.50668e+06		260.704		141.437		0		2.41302		276.236			00:00:48:000		1.18901e+07		-4.76155		0		0		3.70061e+06		599.976		
00:00:47:799		1.50669e+06		260.704		141.827		0		2.39935		276.329			00:00:47:799		1.19023e+07		-4.74524		0		0		3.69887e+06		596.59		
00:00:47:700		1.5067e+06		260.351		142.225		0		2.38565		276.373			00:00:47:700		1.19085e+07		-4.73705		0		0		3.69923e+06		594.843		
00:00:47:700		1.5067e+06		260.351		142.225		0		2.38565		276.373			00:00:47:700		1.19085e+07		-4.73705		0		0		3.69923e+06		594.843		
00:00:47:600		1.50671e+06		260.351		142.225		0		2.38565		276.413			00:00:47:600		1.19146e+07		-4.72882		0		0		3.7022e+06		595.861		
00:00:47:500		1.50672e+06		259.992		142.225		0		2.38565		276.452			00:00:47:500		1.19208e+07		-4.72055		0		0		3.70819e+06		596.589		
00:00:47:399		1.50673e+06		259.992		142.631		0		2.37192		276.493			00:00:47:399		1.19271e+07		-4.71226		0		0		3.7134e+06		596.986		
00:00:47:299		1.50674e+06		259.992		142.631		0		2.37192		276.533			00:00:47:299		1.19334e+07		-4.70395		0		0		3.71887e+06		597.678		
00:00:47:200		1.50674e+06		259.623		143.045		0		2.35817		276.575			00:00:47:200		1.19397e+07		-4.69564		0		0		3.72547e+06		599.747		
00:00:47:100		1.50675e+06		259.623		143.045		0		2.35817		276.621			00:00:47:100		1.19459e+07		-4.68733		0		0		3.73389e+06		604.469		
00:00:47:000		1.50676e+06		259.237		143.045		0		2.35817		276.668			00:00:47:000		1.19522e+07		-4.67903		0		0		3.74048e+06		606.06		
00:00:46:899		1.50677e+06		259.237		143.469		0		2.34441		276.714			00:00:46:899		1.19584e+07		-4.67074		0		0		3.7401e+06		604.184		
00:00:46:700		1.50679e+06		258.824		143.905		0		2.33062		276.805			00:00:46:700		1.19708e+07		-4.65415		0		0		3.74019e+06		601.406		
00:00:46:700		1.50679e+06		258.824		143.905		0		2.33062		276.805			00:00:46:700		1.19708e+07		-4.65415		0		0		3.74019e+06		601.406		
00:00:46:600		1.5068e+06		258.824		143.905		0		2.33062		276.845			00:00:46:600		1.19771e+07		-4.64586		0		0		3.74358e+06		602.151		
00:00:46:500		1.5068e+06		258.361		143.905		0		2.33062		276.884			00:00:46:500		1.19833e+07		-4.63763		0		0		3.7499e+06		602.802		
00:00:46:399		1.50681e+06		258.361		144.355		0		2.3168		276.926			00:00:46:399		1.19894e+07		-4.62939		0		0		3.75556e+06		603.29		
00:00:46:299		1.50682e+06		258.361		144.355		0		2.3168		276.968			00:00:46:299		1.19955e+07		-4.62114		0		0		3.76198e+06		605.584		
00:00:46:200		1.50683e+06		258.237		144.807		0		2.30297		277.014			00:00:46:200		1.20016e+07		-4.6129		0		0		3.77026e+06		610.14		
00:00:46:100		1.50684e+06		258.237		144.807		0		2.30297		277.061			00:00:46:100		1.20077e+07		-4.60466		0		0		3.77661e+06		611.406		
00:00:46:000		1.50685e+06		258.114		144.807		0		2.30297		277.108			00:00:46:000		1.20138e+07		-4.59642		0		0		3.77664e+06		609.902		
00:00:45:899		1.50686e+06		258.114		145.262		0		2.28913		277.178			00:00:45:899		1.20229e+07		-4.58404		0		0		3.7771e+06		608.114		
00:00:45:750		1.50687e+06		257.993		145.262		0		2.28913		277.221			00:00:45:750		1.2029e+07		-4.57576		0		0		3.77866e+06		607.098		
00:00:45:649		1.50688e+06		257.993		145.719		0		2.27525		277.26			00:00:45:649		1.20351e+07		-4.56745		0		0		3.78349e+06		608.356		
00:00:45:549		1.50688e+06		257.993		145.719		0		2.27525		277.302			00:00:45:549		1.20412e+07		-4.55912		0		0		3.7899e+06		608.908		
00:00:45:450		1.50689e+06		257.872		146.179		0		2.26135		277.345			00:00:45:450		1.20474e+07		-4.55078		0		0		3.79599e+06		610.229		
00:00:45:350		1.5069e+06		257.872		146.179		0		2.26135		277.39			00:00:45:350		1.20536e+07		-4.54246		0		0		3.80358e+06		614.616		
00:00:45:250		1.50691e+06		257.751		146.179		0		2.26135		277.438			00:00:45:250		1.20598e+07		-4.53414		0		0		3.81162e+06		617.44		
00:00:45:149		1.50692e+06		257.751		146.642		0		2.24743		277.484			00:00:45:149		1.20659e+07		-4.52583		0		0		3.81378e+06		615.884		
00:00:45:049		1.50693e+06		257.751		146.642		0		2.24743		277.531			00:00:45:049		1.2072e+07		-4.51751		0		0		3.81281e+06		614.685		
00:00:45:049		1.50693e+06		257.751		146.642		0		2.24743		277.531			00:00:45:049		1.2072e+07		-4.51751		0		0		3.81281e+06		614.685		
00:00:44:950		1.50694e+06		257.632		147.106		0		2.23349		277.576			00:00:44:950		1.20782e+07		-4.50918		0		0		3.81401e+06		612.995		
00:00:44:750		1.50695e+06		257.513		147.106		0		2.23349		277.659			00:00:44:750		1.20905e+07		-4.49245		0		0		3.82321e+06		614.446		
00:00:44:649		1.50696e+06		257.513		147.573		0		2.21953		277.704			00:00:44:649		1.20967e+07		-4.48407		0		0		3.83019e+06		616.628		
00:00:44:649		1.50696e+06		257.513		147.573		0		2.21953		277.704			00:00:44:649		1.20967e+07		-4.48407		0		0		3.83019e+06		616.628		
00:00:44:450		1.50698e+06		257.394		148.042		0		2.20555		277.798			00:00:44:450		1.21091e+07		-4.46729		0		0		3.84382e+06		621.544		
00:00:44:350		1.50699e+06		257.394		148.042		0		2.20555		277.845			00:00:44:350		1.21153e+07		-4.45888		0		0		3.84424e+06		620.295		
00:00:44:350		1.50699e+06		257.394		148.042		0		2.20555		277.845			00:00:44:350		1.21153e+07		-4.45888		0		0		3.84424e+06		620.295		
00:00:44:250		1.50699e+06		257.277		148.042		0		2.20555		277.891			00:00:44:250		1.21214e+07		-4.45044		0		0		3.84491e+06		619.337		
00:00:44:149		1.507e+06		257.277		148.512		0		2.19155		277.936			00:00:44:149		1.21276e+07		-4.44196		0		0		3.84666e+06		617.733		
00:00:44:049		1.50701e+06		257.277		148.512		0		2.19155		277.979			00:00:44:049		1.21337e+07		-4.43344		0		0		3.85032e+06		618.487		
00:00:43:850		1.50703e+06		257.16		148.984		0		2.17752		278.066			00:00:43:850		1.2146e+07		-4.41629		0		0		3.86482e+06		623.246		
00:00:43:750		1.50704e+06		257.043		148.984		0		2.17752		278.114			00:00:43:750		1.21521e+07		-4.40771		0		0		3.87258e+06		626.654		
00:00:43:649		1.50705e+06		257.043		149.458		0		2.16347		278.161			00:00:43:649		1.21582e+07		-4.39912		0		0		3.87616e+06		625.844		
00:00:43:549		1.50705e+06		257.043		149.458		0		2.16347		278.207			00:00:43:549		1.21642e+07		-4.39052		0		0		3.87588e+06		624.685		
00:00:43:450		1.50706e+06		256.927		149.933		0		2.14941		278.253			00:00:43:450		1.21702e+07		-4.38191		0		0		3.87732e+06		623.293		
00:00:43:350		1.50707e+06		256.927		149.933		0		2.14941		278.298			00:00:43:350		1.21763e+07		-4.37328		0		0		3.88007e+06		622.883		
00:00:43:350		1.50707e+06		256.927		149.933		0		2.14941		278.298			00:00:43:350		1.21763e+07		-4.37328		0		0		3.88007e+06		622.883		
00:00:43:250		1.50708e+06		256.811		149.933		0		2.14941		278.34			00:00:43:250		1.21824e+07		-4.36463		0		0		3.88637e+06		625.241		
00:00:43:149		1.50709e+06		256.811		150.408		0		2.13531		278.387			00:00:43:149		1.21884e+07		-4.356		0		0		3.89428e+06		628.512		
00:00:42:950		1.50711e+06		256.695		150.885		0		2.12121		278.482			00:00:42:950		1.22005e+07		-4.33874		0		0		3.90333e+06		629.513		
00:00:42:950		1.50711e+06		256.695		150.885		0		2.12121		278.482			00:00:42:950		1.22005e+07		-4.33874		0		0		3.90333e+06		629.513		
00:00:42:750		1.50712e+06		256.581		150.885		0		2.12121		278.574			00:00:42:750		1.22126e+07		-4.32146		0		0		3.90642e+06		627.402		
00:00:42:750		1.50712e+06		256.581		150.885		0		2.12121		278.574			00:00:42:750		1.22126e+07		-4.32146		0		0		3.90642e+06		627.402		
00:00:42:649		1.50713e+06		256.581		151.362		0		2.10707		278.619			00:00:42:649		1.22186e+07		-4.31281		0		0		3.91019e+06		628.232		
00:00:42:500		1.50714e+06		256.465		151.362		0		2.10707		278.687			00:00:42:500		1.22278e+07		-4.29982		0		0		3.92178e+06		633.05		
00:00:42:399		1.50715e+06		256.465		151.839		0		2.09293		278.735			00:00:42:399		1.22338e+07		-4.29117		0		0		3.92794e+06		634.56		
00:00:42:299		1.50716e+06		256.465		151.839		0		2.09293		278.782			00:00:42:299		1.22399e+07		-4.28251		0		0		3.92997e+06		633.564		
00:00:42:200		1.50717e+06		256.348		152.317		0		2.07877		278.829			00:00:42:200		1.22459e+07		-4.27386		0		0		3.93135e+06		632.975		
00:00:42:100		1.50718e+06		256.348		152.317		0		2.07877		278.875			00:00:42:100		1.2252e+07		-4.26518		0		0		3.93401e+06		631.94		
00:00:42:000		1.50719e+06		256.229		152.317		0		2.07877		278.92			00:00:42:000		1.22581e+07		-4.2565		0		0		3.93822e+06		633.738		
00:00:41:799		1.5072e+06		256.229		152.794		0		2.0646		279.014			00:00:41:799		1.22703e+07		-4.23914		0		0		3.95299e+06		638.581		
00:00:41:700		1.50721e+06		256.109		153.27		0		2.05043		279.062			00:00:41:700		1.22764e+07		-4.23048		0		0		3.956e+06		637.773		
00:00:41:700		1.50721e+06		256.109		153.27		0		2.05043		279.062			00:00:41:700		1.22764e+07		-4.23048		0		0		3.956e+06		637.773		
00:00:41:600		1.50722e+06		256.109		153.27		0		2.05043		279.109			00:00:41:600		1.22824e+07		-4.22181		0		0		3.95731e+06		637.261		
00:00:41:500		1.50723e+06		255.988		153.27		0		2.05043		279.156			00:00:41:500		1.22885e+07		-4.21314		0		0		3.96012e+06		636.351		
00:00:41:399		1.50724e+06		255.988		153.747		0		2.03624		279.202			00:00:41:399		1.22946e+07		-4.20447		0		0		3.96387e+06		636.978		
00:00:41:299		1.50725e+06		255.988		153.747		0		2.03624		279.247			00:00:41:299		1.23007e+07		-4.1958		0		0		3.97102e+06		640.424		
00:00:41:200		1.50725e+06		255.865		154.222		0		2.02205		279.295			00:00:41:200		1.23069e+07		-4.18714		0		0		3.97819e+06		642.425		
00:00:41:049		1.50727e+06		255.865		154.222		0		2.02205		279.367			00:00:41:049		1.23161e+07		-4.17414		0		0		3.98198e+06		641.47		
00:00:40:950		1.50728e+06		255.741		154.696		0		2.00785		279.414			00:00:40:950		1.23222e+07		-4.16547		0		0		3.98433e+06		641.05		
00:00:40:850		1.50728e+06		255.741		154.696		0		2.00785		279.461			00:00:40:850		1.23284e+07		-4.15678		0		0		3.98768e+06		640.493		
00:00:40:750		1.50729e+06		255.615		154.696		0		2.00785		279.508			00:00:40:750		1.23345e+07		-4.14809		0		0		3.99291e+06		642.987		
00:00:40:649		1.5073e+06		255.615		155.168		0		1.99364		279.555			00:00:40:649		1.23407e+07		-4.13938		0		0		4.00075e+06		645.823		
00:00:40:600		1.50730e+06		255.615		155.168		0		1.99364		279.579			00:00:40:600		1.23438e+07		-4.13502		0		0		4.00367e+06		646.229		
00:00:40:500		1.50731e+06		255.486		155.168		0		1.99364		279.627			00:00:40:500		1.23499e+07		-4.1263		0		0		4.00652e+06		645.604		
00:00:40:399		1.50732e+06		255.486		155.639		0		1.97942		279.674			00:00:40:399		1.23561e+07		-4.11757		0		0		4.00852e+06		645.319		
00:00:40:299		1.50733e+06		255.486		155.639		0		1.97942		279.721			00:00:40:299		1.23622e+07		-4.10882		0		0		4.01182e+06		644.766		
00:00:40:200		1.50734e+06		255.356		156.108		0		1.9652		279.768			00:00:40:200		1.23684e+07		-4.10005		0		0		4.01597e+06		645.843		
00:00:40:100		1.50735e+06		255.356		156.108		0		1.9652		279.815			00:00:40:100		1.23745e+07		-4.09129		0		0		4.02305e+06		649.04		
00:00:40:000		1.50736e+06		255.224		156.108		0		1.9652		279.863			00:00:40:000		1.23807e+07		-4.08252		0		0		4.02915e+06		649.917		
00:00:39:899		1.50736e+06		255.224		156.574		0		1.95097		279.911			00:00:39:899		1.23869e+07		-4.07376		0		0		4.03164e+06		649.345		
00:00:39:799		1.50737e+06		255.224		156.574		0		1.95097		279.959			00:00:39:799		1.2393e+07		-4.06501		0		0		4.03426e+06		649.221		
00:00:39:649		1.50739e+06		255.09		157.037		0		1.93672		280.03			00:00:39:649		1.24023e+07		-4.05191		0		0		4.04004e+06		649.448		
00:00:39:549		1.50739e+06		255.09		157.037		0		1.93672		280.077			00:00:39:549		1.24084e+07		-4.0432		0		0		4.04629e+06		652.563		
00:00:39:450		1.5074e+06		254.953		157.497		0		1.92248		280.125			00:00:39:450		1.24146e+07		-4.03451		0		0		4.05293e+06		653.873		
00:00:39:350		1.50741e+06		254.953		157.497		0		1.92248		280.173			00:00:39:350		1.24208e+07		-4.02584		0		0		4.05577e+06		653.286		
00:00:39:250		1.50742e+06		254.814		157.497		0		1.92248		280.221			00:00:39:250		1.24269e+07		-4.01719		0		0		4.05829e+06		653.296		
00:00:39:149		1.50743e+06		254.814		157.953		0		1.90823		280.269			00:00:39:149		1.24331e+07		-4.00856		0		0		4.06203e+06		652.912		
00:00:39:149		1.50743e+06		254.814		157.953		0		1.90823		280.269			00:00:39:149		1.24331e+07		-4.00856		0		0		4.06203e+06		652.912		
00:00:39:049		1.50744e+06		254.814		157.953		0		1.90823		280.316			00:00:39:049		1.24392e+07		-3.99993		0		0		4.06667e+06		654.363		
00:00:38:950		1.50745e+06		254.672		158.406		0		1.89397		280.364			00:00:38:950		1.24454e+07		-3.9913		0		0		4.0736e+06		657.206		
00:00:38:750		1.50746e+06		254.527		158.406		0		1.89397		280.461			00:00:38:750		1.24578e+07		-3.97397		0		0		4.08115e+06		656.899		
00:00:38:750		1.50746e+06		254.527		158.406		0		1.89397		280.461			00:00:38:750		1.24578e+07		-3.97397		0		0		4.08115e+06		656.899		
00:00:38:649		1.50747e+06		254.527		158.854		0		1.87971		280.509			00:00:38:649		1.24639e+07		-3.96524		0		0		4.08427e+06		656.965		
00:00:38:549		1.50748e+06		254.527		158.854		0		1.87971		280.556			00:00:38:549		1.24701e+07		-3.95644		0		0		4.08853e+06		657.032		
00:00:38:450		1.50749e+06		254.38		159.297		0		1.86545		280.604			00:00:38:450		1.24763e+07		-3.94759		0		0		4.09398e+06		659.501		
00:00:38:350		1.5075e+06		254.38		159.297		0		1.86545		280.652			00:00:38:350		1.24825e+07		-3.93867		0		0		4.10111e+06		661.673		
00:00:38:250		1.5075e+06		254.23		159.297		0		1.86545		280.701			00:00:38:250		1.24886e+07		-3.92968		0		0		4.10498e+06		661.105		
00:00:38:149		1.50751e+06		254.23		159.734		0		1.85118		280.749			00:00:38:149		1.24948e+07		-3.92063		0		0		4.10726e+06		660.761		
00:00:38:049		1.50752e+06		254.23		159.734		0		1.85118		280.797			00:00:38:049		1.2501e+07		-3.91153		0		0		4.11111e+06		660.919		
00:00:37:950		1.50753e+06		254.076		160.166		0		1.8369		280.845			00:00:37:950		1.25072e+07		-3.90241		0		0		4.11589e+06		661.873		
00:00:37:750		1.50755e+06		253.918		160.166		0		1.8369		280.941			00:00:37:750		1.25196e+07		-3.88427		0		0		4.1284e+06		665.619		
00:00:37:750		1.50755e+06		253.918		160.166		0		1.8369		280.941			00:00:37:750		1.25196e+07		-3.88427		0		0		4.1284e+06		665.619		
00:00:37:649		1.50756e+06		253.918		160.591		0		1.82263		280.989			00:00:37:649		1.25258e+07		-3.87532		0		0		4.13118e+06		664.878		
00:00:37:549		1.50756e+06		253.918		160.591		0		1.82263		281.037			00:00:37:549		1.2532e+07		-3.8665		0		0		4.13405e+06		664.846		
00:00:37:399		1.50758e+06		253.757		161.008		0		1.80835		281.108			00:00:37:399		1.25414e+07		-3.85357		0		0		4.14093e+06		665.698		
00:00:37:299		1.50759e+06		253.757		161.008		0		1.80835		281.156			00:00:37:299		1.25476e+07		-3.84516		0		0		4.1473e+06		668.721		
00:00:37:200		1.50759e+06		253.59		161.419		0		1.79407		281.204			00:00:37:200		1.25538e+07		-3.83691		0		0		4.15384e+06		669.658		
00:00:37:100		1.5076e+06		253.59		161.419		0		1.79407		281.252			00:00:37:100		1.25601e+07		-3.82879		0		0		4.15695e+06		669.013		
00:00:37:000		1.50761e+06		253.42		161.419		0		1.79407		281.299			00:00:37:000		1.25663e+07		-3.82078		0		0		4.15973e+06		668.93		
00:00:36:899		1.50762e+06		253.42		161.82		0		1.77979		281.347			00:00:36:899		1.25726e+07		-3.81282		0		0		4.16419e+06		669.222		
00:00:36:700		1.50764e+06		253.245		162.213		0		1.76551		281.442			00:00:36:700		1.2585e+07		-3.79696		0		0		4.17657e+06		673.578		
00:00:36:700		1.50764e+06		253.245		162.213		0		1.76551		281.442			00:00:36:700		1.2585e+07		-3.79696		0		0		4.17657e+06		673.578		
00:00:36:600		1.50764e+06		253.245		162.213		0		1.76551		281.49			00:00:36:600		1.25913e+07		-3.78899		0		0		4.18175e+06		673.851		
00:00:36:500		1.50765e+06		253.065		162.213		0		1.76551		281.538			00:00:36:500		1.25975e+07		-3.78097		0		0		4.18431e+06		673.271		
00:00:36:399		1.50766e+06		253.065		162.596		0		1.75123		281.585			00:00:36:399		1.26038e+07		-3.77288		0		0		4.18779e+06		673.652		
00:00:36:299		1.50767e+06		253.065		162.596		0		1.75123		281.633			00:00:36:299		1.261e+07		-3.76471		0		0		4.19272e+06		674.216		
00:00:36:200		1.50768e+06		252.88		162.969		0		1.73696		281.68			00:00:36:200		1.26163e+07		-3.75647		0		0		4.19894e+06		676.526		
00:00:36:149		1.50768e+06		252.88		162.969		0		1.73696		281.704			00:00:36:149		1.26194e+07		-3.75232		0		0		4.20269e+06		677.85		
00:00:36:000		1.5077e+06		252.691		162.969		0		1.73696		281.776			00:00:36:000		1.26288e+07		-3.73976		0		0		4.20998e+06		677.962		
00:00:35:899		1.5077e+06		252.691		163.331		0		1.72269		281.823			00:00:35:899		1.26351e+07		-3.7313		0		0		4.21266e+06		677.651		
00:00:35:700		1.50772e+06		252.496		163.681		0		1.70841		281.918			00:00:35:700		1.26476e+07		-3.71417		0		0		4.22245e+06		679.225		
00:00:35:700		1.50772e+06		252.496		163.681		0		1.70841		281.918			00:00:35:700		1.26476e+07		-3.71417		0		0		4.22245e+06		679.225		
00:00:35:600		1.50773e+06		252.496		163.681		0		1.70841		281.965			00:00:35:600		1.26538e+07		-3.70553		0		0		4.22946e+06		682.075		
00:00:35:500		1.50774e+06		252.295		163.681		0		1.70841		282.013			00:00:35:500		1.26601e+07		-3.69684		0		0		4.23563e+06		682.791		
00:00:35:399		1.50775e+06		252.295		164.017		0		1.69415		282.061			00:00:35:399		1.26663e+07		-3.6881		0		0		4.23859e+06		682.114		
00:00:35:299		1.50776e+06		252.295		164.017		0		1.69415		282.109			00:00:35:299		1.26725e+07		-3.67933		0		0		4.24189e+06		682.113		
00:00:35:200		1.50776e+06		252.089		164.341		0		1.67988		282.156			00:00:35:200		1.26787e+07		-3.67053		0		0		4.24686e+06		682.554		
00:00:35:100		1.50777e+06		252.089		164.341		0		1.67988		282.204			00:00:35:100		1.26849e+07		-3.6617		0		0		4.25291e+06		684.662		
00:00:35:000		1.50778e+06		251.877		164.341		0		1.67988		282.252			00:00:35:000		1.26911e+07		-3.65284		0		0		4.26039e+06		687.201		
00:00:34:799		1.5078e+06		251.877		164.649		0		1.66563		282.348			00:00:34:799		1.27034e+07		-3.63504		0		0		4.26818e+06		686.584		
00:00:34:700		1.50781e+06		251.659		164.942		0		1.65137		282.396			00:00:34:700		1.27096e+07		-3.62612		0		0		4.272e+06		686.658		
00:00:34:700		1.50781e+06		251.659		164.942		0		1.65137		282.396			00:00:34:700		1.27096e+07		-3.62612		0		0		4.272e+06		686.658		
00:00:34:549		1.50782e+06		251.659		164.942		0		1.65137		282.468			00:00:34:549		1.2719e+07		-3.61272		0		0		4.28059e+06		688.709		
00:00:34:450		1.50783e+06		251.435		165.218		0		1.63713		282.517			00:00:34:450		1.27252e+07		-3.60378		0		0		4.28821e+06		691.505		
00:00:34:350		1.50784e+06		251.435		165.218		0		1.63713		282.565			00:00:34:350		1.27314e+07		-3.59483		0		0		4.29403e+06		691.772		
00:00:34:250		1.50784e+06		251.204		165.218		0		1.63713		282.614			00:00:34:250		1.27376e+07		-3.58587		0		0		4.29697e+06		691.151		
00:00:34:149		1.50785e+06		251.204		165.477		0		1.62289		282.662			00:00:34:149		1.27438e+07		-3.5769		0		0		4.3009e+06		691.275		
00:00:34:049		1.50785e+06		251.204		165.477		0		1.62289		282.662			00:00:34:049		1.27438e+07		-3.5769		0		0		4.3009e+06		691.275		
00:00:33:950		1.50787e+06		250.967		165.716		0		1.60867		282.759			00:00:33:950		1.27562e+07		-3.55893		0		0		4.31332e+06		694.824		
00:00:33:850		1.50788e+06		250.967		165.716		0		1.60867		282.808			00:00:33:850		1.27624e+07		-3.54994		0		0		4.32047e+06		696.331		
00:00:33:750		1.50789e+06		250.722		165.716		0		1.60867		282.856			00:00:33:750		1.27687e+07		-3.54094		0		0		4.32459e+06		695.79		
00:00:33:750		1.50789e+06		250.722		165.716		0		1.60867		282.856			00:00:33:750		1.27687e+07		-3.54094		0		0		4.32459e+06		695.79		
00:00:33:649		1.5079e+06		250.722		165.936		0		1.59445		282.905			00:00:33:649		1.27749e+07		-3.53193		0		0		4.32808e+06		695.836		
00:00:33:549		1.5079e+06		250.722		165.936		0		1.59445		282.954			00:00:33:549		1.27812e+07		-3.52293		0		0		4.33345e+06		696.747		
00:00:33:350		1.50792e+06		250.47		166.134		0		1.58025		283.053			00:00:33:350		1.27937e+07		-3.50489		0		0		4.34655e+06		700.598		
00:00:33:350		1.50792e+06		250.47		166.134		0		1.58025		283.053			00:00:33:350		1.27937e+07		-3.50489		0		0		4.34655e+06		700.598		
00:00:33:250		1.50793e+06		250.211		166.134		0		1.58025		283.102			00:00:33:250		1.27999e+07		-3.49586		0		0		4.35209e+06		701.088		
00:00:33:049		1.50795e+06		250.211		166.31		0		1.56606		283.201			00:00:33:049		1.28123e+07		-3.47777		0		0		4.35978e+06		700.827		
00:00:32:950		1.50796e+06		249.945		166.461		0		1.55188		283.251			00:00:32:950		1.28186e+07		-3.46871		0		0		4.36531e+06		701.528		
00:00:32:850		1.50796e+06		249.945		166.461		0		1.55188		283.3			00:00:32:850		1.28248e+07		-3.45964		0		0		4.3716e+06		702.3		
00:00:32:750		1.50797e+06		249.67		166.461		0		1.55188		283.349			00:00:32:750		1.2831e+07		-3.45053		0		0		4.37877e+06		705.455		
00:00:32:649		1.50798e+06		249.67		166.588		0		1.53772		283.396			00:00:32:649		1.28373e+07		-3.4414		0		0		4.38663e+06		707.059		
00:00:32:549		1.50799e+06		249.67		166.588		0		1.53772		283.444			00:00:32:549		1.28435e+07		-3.43224		0		0		4.39057e+06		705.937		
00:00:32:549		1.50799e+06		249.67		166.588		0		1.53772		283.444			00:00:32:549		1.28435e+07		-3.43224		0		0		4.39057e+06		705.937		
00:00:32:450		1.508e+06		249.387		166.687		0		1.52358		283.492			00:00:32:450		1.28498e+07		-3.42308		0		0		4.39352e+06		705.325		
00:00:32:350		1.50801e+06		249.387		166.687		0		1.52358		283.541			00:00:32:350		1.28561e+07		-3.41391		0		0		4.39945e+06		706.738		
00:00:32:250		1.50801e+06		249.095		166.687		0		1.52358		283.591			00:00:32:250		1.28623e+07		-3.40475		0		0		4.40766e+06		709.39		
00:00:32:149		1.50802e+06		249.095		166.758		0		1.50946		283.641			00:00:32:149		1.28686e+07		-3.39558		0		0		4.41546e+06		711.649		
00:00:32:049		1.50803e+06		249.095		166.758		0		1.50946		283.69			00:00:32:049		1.28748e+07		-3.38642		0		0		4.42121e+06		712.836		
00:00:31:949		1.50804e+06		248.795		166.799		0		1.49537		283.739			00:00:31:949		1.28811e+07		-3.37724		0		0		4.42467e+06		712.569		
00:00:31:750		1.50806e+06		248.482		166.799		0		1.49537		283.834			00:00:31:750		1.28935e+07		-3.35887		0		0		4.43213e+06		712.607		
00:00:31:750		1.50806e+06		248.482		166.799		0		1.49537		283.834			00:00:31:750		1.28935e+07		-3.35887		0		0		4.43213e+06		712.607		
00:00:31:600		1.50807e+06		248.482		166.808		0		1.48133		283.907			00:00:31:600		1.29029e+07		-3.34507		0		0		4.44081e+06		714.824		
00:00:31:399		1.50809e+06		248.134		166.785		0		1.46751		284.005			00:00:31:399		1.29154e+07		-3.32666		0		0		4.45317e+06		718.039		
00:00:31:399		1.50809e+06		248.134		166.785		0		1.46751		284.005			00:00:31:399		1.29154e+07		-3.32666		0		0		4.45317e+06		718.039		
00:00:31:300		1.5081e+06		248.134		166.785		0		1.46751		284.053			00:00:31:300		1.29217e+07		-3.31744		0		0		4.45633e+06		716.463		
00:00:31:199		1.5081e+06		247.751		166.732		0		1.45391		284.101			00:00:31:199		1.2928e+07		-3.30821		0		0		4.45955e+06		717.415		
00:00:31:100		1.50811e+06		247.751		166.732		0		1.45391		284.149			00:00:31:100		1.29343e+07		-3.29897		0		0		4.46565e+06		718.531		
00:00:31:000		1.50812e+06		247.334		166.732		0		1.45391		284.197			00:00:31:000		1.29406e+07		-3.28972		0		0		4.4713e+06		719.451		
00:00:30:899		1.50813e+06		247.334		166.648		0		1.44052		284.245			00:00:30:899		1.29469e+07		-3.28047		0		0		4.47666e+06		720.171		
00:00:30:699		1.50815e+06		246.883		166.534		0		1.42734		284.341			00:00:30:699		1.29594e+07		-3.26192		0		0		4.48752e+06		721.703		
00:00:30:699		1.50815e+06		246.883		166.534		0		1.42734		284.341			00:00:30:699		1.29594e+07		-3.26192		0		0		4.48752e+06		721.703		
00:00:30:600		1.50816e+06		246.883		166.534		0		1.42734		284.389			00:00:30:600		1.29657e+07		-3.25264		0		0		4.49311e+06		722.6		
00:00:30:500		1.50816e+06		246.396		166.534		0		1.42734		284.436			00:00:30:500		1.2972e+07		-3.24334		0		0		4.49894e+06		723.523		
00:00:30:399		1.50817e+06		246.396		166.39		0		1.41438		284.484			00:00:30:399		1.29783e+07		-3.23402		0		0		4.50479e+06		724.453		
00:00:30:300		1.50818e+06		246.396		166.39		0		1.41438		284.532			00:00:30:300		1.29846e+07		-3.2247		0		0		4.51065e+06		725.406		
00:00:30:199		1.50819e+06		245.874		166.217		0		1.40163		284.579			00:00:30:199		1.2991e+07		-3.21536		0		0		4.51654e+06		726.427		
00:00:30:100		1.5082e+06		245.874		166.217		0		1.40163		284.627			00:00:30:100		1.29973e+07		-3.206		0		0		4.52245e+06		727.682		
00:00:30:000		1.50821e+06		245.316		166.217		0		1.40163		284.674			00:00:30:000		1.30036e+07		-3.19663		0		0		4.52837e+06		728.193		
00:00:29:899		1.50821e+06		245.316		166.014		0		1.38909		284.722			00:00:29:899		1.301e+07		-3.18725		0		0		4.53432e+06		729.234		
00:00:29:699		1.50823e+06		244.723		165.784		0		1.37677		284.817			00:00:29:699		1.30227e+07		-3.16844		0		0		4.54629e+06		730.958		
00:00:29:699		1.50823e+06		244.723		165.784		0		1.37677		284.817			00:00:29:699		1.30227e+07		-3.16844		0		0		4.54629e+06		730.958		
00:00:29:600		1.50824e+06		244.723		165.784		0		1.37677		284.864			00:00:29:600		1.3029e+07		-3.15902		0		0		4.5523e+06		731.906		
00:00:29:500		1.50825e+06		244.093		165.784		0		1.37677		284.911			00:00:29:500		1.30354e+07		-3.14957		0		0		4.55834e+06		732.864		
00:00:29:399		1.50826e+06		244.093		165.526		0		1.36466		284.959			00:00:29:399		1.30418e+07		-3.14012		0		0		4.5644e+06		733.848		
00:00:29:300		1.50827e+06		244.093		165.526		0		1.36466		285.006			00:00:29:300		1.30482e+07		-3.13065		0		0		4.57048e+06		734.909		
00:00:29:199		1.50827e+06		243.427		165.242		0		1.35277		285.053			00:00:29:199		1.30546e+07		-3.12117		0		0		4.57659e+06		735.705		
00:00:29:050		1.50829e+06		243.427		165.242		0		1.35277		285.123			00:00:29:050		1.30642e+07		-3.10692		0		0		4.58579e+06		737.145		
00:00:28:949		1.5083e+06		242.724		164.932		0		1.34109		285.17			00:00:28:949		1.30705e+07		-3.09741		0		0		4.59196e+06		738.11		
00:00:28:750		1.50831e+06		241.984		164.932		0		1.34109		285.264			00:00:28:750		1.30833e+07		-3.07832		0		0		4.60438e+06		740.053		
00:00:28:699		1.50832e+06		241.984		164.598		0		1.32964		285.288			00:00:28:699		1.30865e+07		-3.07354		0		0		4.60751e+06		740.546		
00:00:28:699		1.50832e+06		241.984		164.598		0		1.32964		285.288			00:00:28:699		1.30865e+07		-3.07354		0		0		4.60751e+06		740.546		
00:00:28:600		1.50833e+06		241.984		164.598		0		1.32964		285.358			00:00:28:600		1.30962e+07		-3.05917		0		0		4.61692e+06		742.064		
00:00:28:449		1.50834e+06		241.205		164.241		0		1.31842		285.405			00:00:28:449		1.31026e+07		-3.04956		0		0		4.62323e+06		743.171		
00:00:28:350		1.50835e+06		241.205		164.241		0		1.31842		285.451			00:00:28:350		1.3109e+07		-3.03994		0		0		4.62956e+06		744.013		
00:00:28:250		1.50835e+06		240.387		164.241		0		1.31842		285.498			00:00:28:250		1.31155e+07		-3.03029		0		0		4.63592e+06		745.052		
00:00:28:149		1.50836e+06		240.387		163.863		0		1.30743		285.544			00:00:28:149		1.3122e+07		-3.02062		0		0		4.64229e+06		746.169		
00:00:28:050		1.50837e+06		240.387		163.863		0		1.30743		285.591			00:00:28:050		1.31284e+07		-3.01094		0		0		4.64868e+06		747.003		
00:00:27:949		1.50838e+06		239.526		163.464		0		1.29669		285.637			00:00:27:949		1.31349e+07		-3.00123		0		0		4.65508e+06		748.008		
00:00:27:949		1.50838e+06		239.526		163.464		0		1.29669		285.637			00:00:27:949		1.31349e+07		-3.00123		0		0		4.65508e+06		748.008		
00:00:27:750		1.5084e+06		238.62		163.464		0		1.29669		285.73			00:00:27:750		1.31479e+07		-2.98174		0		0		4.66795e+06		750.043		
00:00:27:750		1.5084e+06		238.62		163.464		0		1.29669		285.73			00:00:27:750		1.31479e+07		-2.98174		0		0		4.66795e+06		750.043		
00:00:27:649		1.50841e+06		238.62		163.049		0		1.28623		285.776			00:00:27:649		1.31545e+07		-2.97196		0		0		4.67442e+06		751.093		
00:00:27:550		1.50841e+06		238.62		163.049		0		1.28623		285.822			00:00:27:550		1.3161e+07		-2.96216		0		0		4.6809e+06		752.227		
00:00:27:350		1.50843e+06		237.656		162.62		0		1.27613		285.914			00:00:27:350		1.31741e+07		-2.94249		0		0		4.69394e+06		754.101		
00:00:27:350		1.50843e+06		237.656		162.62		0		1.27613		285.914			00:00:27:350		1.31741e+07		-2.94249		0		0		4.69394e+06		754.101		
00:00:27:250		1.50844e+06		236.612		162.62		0		1.27613		285.959			00:00:27:250		1.31807e+07		-2.93261		0		0		4.70049e+06		755.135		
00:00:27:149		1.50845e+06		236.612		162.184		0		1.26657		286.005			00:00:27:149		1.31873e+07		-2.92271		0		0		4.70707e+06		756.185		
00:00:27:050		1.50846e+06		236.612		162.184		0		1.26657		286.05			00:00:27:050		1.31939e+07		-2.91279		0		10.8966		4.71367e+06		757.309		
00:00:26:850		1.50847e+06		235.562		161.738		0		1.25699		286.141			00:00:26:850		1.32071e+07		-2.89285		0		0		4.72696e+06		759.676		
00:00:26:750		1.50848e+06		234.507		161.738		0		1.25699		286.187			00:00:26:750		1.32137e+07		-2.88283		0		11.2244		4.73365e+06		760.622		
00:00:26:750		1.50848e+06		234.507		161.738		0		1.25699		286.187			00:00:26:750		1.32137e+07		-2.88283		0		11.2244		4.73365e+06		760.622		
00:00:26:649		1.50849e+06		234.507		161.284		0		1.24739		286.232			00:00:26:649		1.32204e+07		-2.87279		0		0		4.74036e+06		761.334		
00:00:26:500		1.5085e+06		233.447		161.284		0		1.24739		286.3			00:00:26:500		1.32304e+07		-2.85768		0		0		4.75049e+06		762.924		
00:00:26:399		1.50851e+06		233.447		160.821		0		1.23775		286.345			00:00:26:399		1.32371e+07		-2.84756		0		0		4.75729e+06		763.991		
00:00:26:300		1.50852e+06		233.447		160.821		0		1.23775		286.39			00:00:26:300		1.32438e+07		-2.83743		0		0		4.76411e+06		765.07		
00:00:26:199		1.50853e+06		232.383		160.349		0		1.22808		286.435			00:00:26:199		1.32505e+07		-2.82726		0		0		4.77096e+06		766.155		
00:00:26:100		1.50854e+06		232.383		160.349		0		1.22808		286.481			00:00:26:100		1.32573e+07		-2.81707		0		11.8595		4.77783e+06		767.258		
00:00:26:000		1.50855e+06		231.315		160.349		0		1.22808		286.526			00:00:26:000		1.3264e+07		-2.80685		0		0		4.78473e+06		768.39		
00:00:25:899		1.50855e+06		231.315		159.868		0		1.21838		286.571			00:00:25:899		1.32708e+07		-2.7966		0		0		4.79164e+06		769.6		
00:00:25:750		1.50857e+06		230.242		159.378		0		1.20864		286.639			00:00:25:750		1.32811e+07		-2.78117		0		0		4.80202e+06		771.061		
00:00:25:750		1.50857e+06		230.242		159.378		0		1.20864		286.639			00:00:25:750		1.32811e+07		-2.78117		0		0		4.80202e+06		771.061		
00:00:25:600		1.50858e+06		230.242		159.378		0		1.20864		286.707			00:00:25:600		1.32914e+07		-2.76568		0		0		4.81244e+06		772.709		
00:00:25:500		1.50859e+06		229.165		159.378		0		1.20864		286.752			00:00:25:500		1.32983e+07		-2.7553		0		0		4.81941e+06		773.812		
00:00:25:399		1.50861e+06		229.165		158.878		0		1.19887		286.798			00:00:25:399		1.33052e+07		-2.7449		0		0		4.8264e+06		774.917		
00:00:25:300		1.50867e+06		229.165		158.878		0		1.19887		286.843			00:00:25:300		1.33121e+07		-2.73445		0		0		4.8334e+06		776.025		
00:00:25:199		1.50877e+06		228.084		158.368		0		1.18906		286.888			00:00:25:199		1.33191e+07		-2.72398		0		0		4.84042e+06		777.139		
00:00:25:100		1.50891e+06		228.084		158.368		0		1.18906		286.934			00:00:25:100		1.33261e+07		-2.71347		0		0		4.84746e+06		778.259		
00:00:25:000		1.50909e+06		226.998		158.368		0		1.18906		286.979			00:00:25:000		1.33331e+07		-2.70292		0		0		4.85451e+06		779.39		
00:00:24:899		1.50931e+06		226.998		157.848		0		1.17921		287.025			00:00:24:899		1.33401e+07		-2.69233		0		0		4.86158e+06		780.569		
00:00:24:800		1.50957e+06		226.998		157.848		0		1.17921		287.07			00:00:24:800		1.33471e+07		-2.68171		0		0		4.86866e+06		781.932		
00:00:24:699		1.50987e+06		225.91		157.317		0		1.16931		287.116			00:00:24:699		1.33542e+07		-2.67105		0		0		4.87577e+06		782.695		
00:00:24:600		1.51021e+06		225.91		157.317		0		1.16931		287.161			00:00:24:600		1.33613e+07		-2.66035		0		0		4.8829e+06		783.814		
00:00:24:500		1.51059e+06		224.815		157.317		0		1.16931		287.207			00:00:24:500		1.33684e+07		-2.64961		0		0		4.89006e+06		784.936		
00:00:24:399		1.51101e+06		224.815		156.775		0		1.15939		287.253			00:00:24:399		1.33755e+07		-2.63883		0		0		4.89725e+06		786.063		
00:00:24:300		1.51147e+06		224.815		156.775		0		1.15939		287.299			00:00:24:300		1.33827e+07		-2.628		0		0		4.90447e+06		787.197		
00:00:24:199		1.51198e+06		223.716		156.223		0		1.14944		287.345			00:00:24:199		1.33899e+07		-2.61713		0		0		4.91172e+06		788.336		
00:00:24:100		1.51252e+06		223.716		156.223		0		1.14944		287.391			00:00:24:100		1.33971e+07		-2.60622		0		0		4.91899e+06		789.481		
00:00:24:000		1.51311e+06		222.612		156.223		0		1.14944		287.437			00:00:24:000		1.34043e+07		-2.59527		0		0		4.92628e+06		790.628		
00:00:23:800		1.5144e+06		222.612		155.658		0		1.13945		287.529			00:00:23:800		1.34189e+07		-2.57325		0		0		4.94094e+06		792.94		
00:00:23:699		1.51511e+06		221.503		155.081		0		1.12943		287.575			00:00:23:699		1.34262e+07		-2.56218		0		0		4.9483e+06		794.111		
00:00:23:699		1.51511e+06		221.503		155.081		0		1.12943		287.575			00:00:23:699		1.34262e+07		-2.56218		0		0		4.9483e+06		794.111		
00:00:23:600		1.51586e+06		221.503		155.081		0		1.12943		287.622			00:00:23:600		1.34335e+07		-2.55107		0		0		4.95568e+06		795.311		
00:00:23:449		1.51705e+06		220.389		154.492		0		1.11936		287.691			00:00:23:449		1.34445e+07		-2.53434		0		11.2244		4.96678e+06		797.359		
00:00:23:350		1.5179e+06		220.389		154.492		0		1.11936		287.738			00:00:23:350		1.34518e+07		-2.52313		0		11.4176		4.97421e+06		798.157		
00:00:23:250		1.51879e+06		219.271		154.492		0		1.11936		287.785			00:00:23:250		1.34592e+07		-2.51189		0		11.4176		4.98166e+06		799.324		
00:00:23:199		1.51926e+06		219.271		153.89		0		1.10926		287.808			00:00:23:199		1.34628e+07		-2.50625		0		0		4.98539e+06		799.909		
00:00:23:050		1.52073e+06		219.271		153.89		0		1.10926		287.879			00:00:23:050		1.34739e+07		-2.48927		0		11.6085		4.99663e+06		801.665		
00:00:22:949		1.52182e+06		218.148		153.275		0		1.09912		287.926			00:00:22:949		1.34813e+07		-2.4779		0		11.7345		5.00415e+06		802.844		
00:00:22:750		1.52182e+06		218.148		153.275		0		1.09912		287.926			00:00:22:750		1.34813e+07		-2.4779		0		11.7345		5.00415e+06		802.844		
00:00:22:649		1.52557e+06		217.02		152.645		0		1.08895		288.067			00:00:22:649		1.35037e+07		-2.44352		0		11.9216		5.02685e+06		806.405		
00:00:22:649		1.52557e+06		217.02		152.645		0		1.08895		288.067			00:00:22:649		1.35037e+07		-2.44352		0		11.9216		5.02685e+06		806.405		
00:00:22:550		1.52698e+06		217.02		152.645		0		1.08895		288.115			00:00:22:550		1.35112e+07		-2.43197		0		12.0451		5.03447e+06		807.586		
00:00:22:550		1.52698e+06		217.02		152.645		0		1.08895		288.115			00:00:22:550		1.35112e+07		-2.43197		0		12.0451		5.03447e+06		807.586		
00:00:22:350		1.53006e+06		215.887		152.002		0		1.07873		288.211			00:00:22:350		1.35264e+07		-2.40874		0		0		5.0498e+06		809.858		
00:00:22:250		1.53173e+06		214.749		152.002		0		1.07873		288.259			00:00:22:250		1.35341e+07		-2.39705		0		0		5.05752e+06		813.038		
00:00:22:250		1.53173e+06		214.749		152.002		0		1.07873		288.259			00:00:22:250		1.35341e+07		-2.39705		0		0		5.05752e+06		813.038		
00:00:22:149		1.53348e+06		214.749		151.343		0		1.06848		288.307			00:00:22:149		1.35418e+07		-2.38531		0		0		5.06528e+06		812.455		
00:00:22:050		1.53531e+06		214.749		151.343		0		1.06848		288.355			00:00:22:050		1.35495e+07		-2.37353		0		0		5.07306e+06		813.693		
00:00:21:949		1.53723e+06		213.606		150.67		0		1.05818		288.403			00:00:21:949		1.35572e+07		-2.36169		0		0		5.08086e+06		814.934		
00:00:21:750		1.54131e+06		212.458		150.67		0		1.05818		288.5			00:00:21:750		1.35728e+07		-2.33786		0		0		5.09649e+06		817.407		
00:00:21:750		1.54131e+06		212.458		150.67		0		1.05818		288.5			00:00:21:750		1.35728e+07		-2.33786		0		0		5.09649e+06		817.407		
00:00:21:649		1.54348e+06		212.458		149.981		0		1.04785		288.549			00:00:21:649		1.35806e+07		-2.32587		0		0		5.10433e+06		818.649		
00:00:21:449		1.54808e+06		211.305		149.276		0		1.03748		288.647			00:00:21:449		1.35963e+07		-2.30172		0		10.0084		5.12007e+06		821.145		
00:00:21:449		1.54808e+06		211.305		149.276		0		1.03748		288.647			00:00:21:449		1.35963e+07		-2.30172		0		10.0084		5.12007e+06		821.145		
00:00:21:300		1.55176e+06		211.305		149.276		0		1.03748		288.721			00:00:21:300		1.36082e+07		-2.28348		0		10.1487		5.13193e+06		823.071		
00:00:21:199		1.55432e+06		210.146		148.554		0		1.02706		288.771			00:00:21:199		1.36162e+07		-2.27125		0		10.2876		5.13987e+06		824.461		
00:00:21:149		1.55563e+06		210.146		148.554		0		1.02706		288.796			00:00:21:149		1.36202e+07		-2.26513		0		10.2876		5.14384e+06		825.272		
00:00:21:050		1.55832e+06		210.146		148.554		0		1.02706		288.847			00:00:21:050		1.36283e+07		-2.25285		0		10.4252		5.15181e+06		826.131		
00:00:20:949		1.5611e+06		208.982		147.814		0		1.01661		288.897			00:00:20:949		1.36364e+07		-2.24054		0		10.6291		5.15981e+06		827.38		
00:00:20:750		1.56692e+06		207.813		147.814		0		1.01661		288.999			00:00:20:750		1.36527e+07		-2.21589		0		10.6291		5.17592e+06		829.927		
00:00:20:750		1.56692e+06		207.813		147.814		0		1.01661		288.999			00:00:20:750		1.36527e+07		-2.21589		0		10.6291		5.17592e+06		829.927		
00:00:20:600		1.57152e+06		207.813		147.057		0		1.00611		289.077			00:00:20:600		1.36651e+07		-2.1974		0		16.9979		5.1881e+06		831.929		
00:00:20:500		1.5747e+06		206.638		147.057		0		1.00611		289.128			00:00:20:500		1.36733e+07		-2.18509		0		11.0286		5.19626e+06		833.49		
00:00:20:399		1.57797e+06		206.638		146.282		0		0.995579		289.18			00:00:20:399		1.36816e+07		-2.17278		0		0		5.20447e+06		834.377		
00:00:20:300		1.58133e+06		206.638		146.282		0		0.995579		289.232			00:00:20:300		1.36898e+07		-2.16048		0		11.0941		5.21272e+06		835.674		
00:00:20:199		1.58481e+06		205.458		145.487		0		0.985002		289.284			00:00:20:199		1.36981e+07		-2.14817		0		17.4623		5.221e+06		836.984		
00:00:20:100		1.58843e+06		205.458		145.487		0		0.985002		289.336			00:00:20:100		1.37064e+07		-2.13587		0		11.2244		5.22931e+06		838.301		
00:00:20:000		1.59219e+06		204.271		145.487		0		0.985002		289.389			00:00:20:000		1.37147e+07		-2.12356		0		11.2891		5.23765e+06		839.615		
00:00:19:899		1.59608e+06		204.271		144.672		0		0.974382		289.442			00:00:19:899		1.37231e+07		-2.11125		0		11.3535		5.246e+06		840.927		
00:00:19:800		1.6001e+06		204.271		144.672		0		0.974382		289.495			00:00:19:800		1.37315e+07		-2.09895		0		11.5452		5.25437e+06		842.242		
00:00:19:699		1.60427e+06		203.079		143.838		0		0.96372		289.548			00:00:19:699		1.374e+07		-2.08666		0		11.7345		5.26277e+06		843.561		
00:00:19:600		1.60858e+06		203.079		143.838		0		0.96372		289.601			00:00:19:600		1.37484e+07		-2.07437		0		11.7971		5.2712e+06		844.885		
00:00:19:500		1.61302e+06		201.88		143.838		0		0.96372		289.655			00:00:19:500		1.3757e+07		-2.06209		0		11.8595		5.27966e+06		846.214		
00:00:19:399		1.61761e+06		201.88		142.982		0		0.953016		289.708			00:00:19:399		1.37655e+07		-2.04982		0		11.9834		5.28816e+06		847.548		
00:00:19:300		1.62234e+06		201.88		142.982		0		0.953016		289.761			00:00:19:300		1.37741e+07		-2.03758		0		12.1065		5.29668e+06		848.885		
00:00:19:199		1.62721e+06		200.676		142.104		0		0.942268		289.815			00:00:19:199		1.37827e+07		-2.02536		0		12.1676		5.30524e+06		850.225		
00:00:19:100		1.63223e+06		200.676		142.104		0		0.942268		289.869			00:00:19:100		1.37914e+07		-2.01316		0		0		5.31383e+06		851.57		
00:00:18:949		1.64003e+06		199.466		141.204		0		0.931477		289.95			00:00:18:949		1.38045e+07		-1.99491		0		0		5.32678e+06		853.6		
00:00:18:850		1.64541e+06		199.466		141.204		0		0.931477		290.005			00:00:18:850		1.38133e+07		-1.98278		0		0		5.33546e+06		854.972		
00:00:18:800		1.64816e+06		199.466		141.204		0		0.931477		290.032			00:00:18:800		1.38177e+07		-1.97673		0		12.5894		5.33982e+06		855.67		
00:00:18:699		1.65377e+06		198.249		140.281		0		0.920642		290.087			00:00:18:699		1.38266e+07		-1.96464		0		12.7079		5.34856e+06		857.122		
00:00:18:550		1.66247e+06		198.249		140.281		0		0.920642		290.17			00:00:18:550		1.38399e+07		-1.94657		0		0		5.36175e+06		859.067		
00:00:18:449		1.66846e+06		197.026		139.334		0		0.909763		290.225			00:00:18:449		1.38488e+07		-1.93456		0		9.93773		5.3706e+06		860.464		
00:00:18:350		1.6746e+06		197.026		139.334		0		0.909763		290.281			00:00:18:350		1.38578e+07		-1.9226		0		9.93773		5.37947e+06		861.87		
00:00:18:250		1.68091e+06		195.796		139.334		0		0.909763		290.337			00:00:18:250		1.38668e+07		-1.91066		0		12.9425		5.38836e+06		863.273		
00:00:18:149		1.68736e+06		195.796		138.362		0		0.898839		290.393			00:00:18:149		1.38758e+07		-1.89876		0		10.2876		5.39726e+06		864.659		
00:00:18:149		1.68736e+06		195.796		138.362		0		0.898839		290.393			00:00:18:149		1.38758e+07		-1.89876		0		10.2876		5.39726e+06		864.659		
00:00:18:050		1.69398e+06		195.796		138.362		0		0.898839		290.45			00:00:18:050		1.3885e+07		-1.8869		0		10.1487		5.40617e+06		866.047		
00:00:17:949		1.70076e+06		194.56		137.366		0		0.88787		290.506			00:00:17:949		1.38942e+07		-1.87507		0		13.1164		5.41512e+06		867.447		
00:00:17:850		1.7077e+06		194.56		137.366		0		0.88787		290.564			00:00:17:850		1.39034e+07		-1.86329		0		10.2876		5.42413e+06		868.881		
00:00:17:649		1.72208e+06		193.317		136.344		0		0.876855		290.679			00:00:17:649		1.3922e+07		-1.83976		0		10.3566		5.44226e+06		871.852		
00:00:17:550		1.72952e+06		193.317		136.344		0		0.876855		290.736			00:00:17:550		1.39315e+07		-1.828		0		10.5614		5.45136e+06		873.524		
00:00:17:449		1.73714e+06		192.067		135.296		0		0.865795		290.795			00:00:17:449		1.3941e+07		-1.81623		0		10.5614		5.46046e+06		875.025		
00:00:17:350		1.74492e+06		192.067		135.296		0		0.865795		290.853			00:00:17:350		1.39505e+07		-1.80444		0		10.6291		5.46959e+06		876.013		
00:00:17:350		1.74492e+06		192.067		135.296		0		0.865795		290.853			00:00:17:350		1.39505e+07		-1.80444		0		10.6291		5.46959e+06		876.013		
00:00:17:250		1.75288e+06		190.81		135.296		0		0.865795		290.912			00:00:17:250		1.39602e+07		-1.79262		0		10.6964		5.47876e+06		877.447		
00:00:17:149		1.76101e+06		190.81		134.221		0		0.854688		290.97			00:00:17:149		1.397e+07		-1.78075		0		10.7634		5.48797e+06		878.89		
00:00:16:949		1.77781e+06		189.547		133.118		0		0.843534		291.088			00:00:16:949		1.39901e+07		-1.75685		0		10.9627		5.50652e+06		881.802		
00:00:16:949		1.77781e+06		189.547		133.118		0		0.843534		291.088			00:00:16:949		1.39901e+07		-1.75685		0		10.9627		5.50652e+06		881.802		
00:00:16:750		1.79534e+06		188.276		133.118		0		0.843534		291.207			00:00:16:750		1.40107e+07		-1.73265		0		11.0941		5.52522e+06		884.762		
00:00:16:750		1.79534e+06		188.276		133.118		0		0.843534		291.207			00:00:16:750		1.40107e+07		-1.73265		0		11.0941		5.52522e+06		884.762		
00:00:16:649		1.80441e+06		188.276		131.987		0		0.832334		291.267			00:00:16:649		1.40214e+07		-1.72042		0		11.0941		5.53461e+06		886.269		
00:00:16:550		1.81383e+06		188.276		131.987		0		0.832334		291.328			00:00:16:550		1.40324e+07		-1.70812		0		10.9627		5.54403e+06		887.794		
00:00:16:449		1.82357e+06		186.999		130.828		0		0.821086		291.389			00:00:16:449		1.40437e+07		-1.69576		0		10.9627		5.55343e+06		889.361		
00:00:16:350		1.83366e+06		186.999		130.828		0		0.821086		291.45			00:00:16:350		1.40552e+07		-1.68334		0		11.0286		5.56283e+06		891.153		
00:00:16:250		1.8441e+06		185.715		130.828		0		0.821086		291.542			00:00:16:250		1.40724e+07		-1.66452		0		11.3535		5.57701e+06		893.013		
00:00:16:149		1.85488e+06		185.715		129.639		0		0.809791		291.573			00:00:16:149		1.40781e+07		-1.6582		0		11.1594		5.58176e+06		893.868		
00:00:16:050		1.86602e+06		185.715		129.639		0		0.809791		291.635			00:00:16:050		1.40894e+07		-1.64546		0		11.2244		5.59131e+06		895.143		
00:00:15:949		1.87753e+06		184.424		128.422		0		0.798448		291.698			00:00:15:949		1.41006e+07		-1.63259		0		11.2891		5.60092e+06		896.687		
00:00:15:699		1.9079e+06		183.125		127.174		0		0.787057		291.857			00:00:15:699		1.41279e+07		-1.60004		0		11.2891		5.62486e+06		900.441		
00:00:15:699		1.9079e+06		183.125		127.174		0		0.787057		291.857			00:00:15:699		1.41279e+07		-1.60004		0		11.2891		5.62486e+06		900.441		
00:00:15:599		1.92072e+06		183.125		127.174		0		0.787057		291.921			00:00:15:599		1.4139e+07		-1.58685		0		11.4176		5.6344e+06		901.883		
00:00:15:500		1.93392e+06		181.819		127.174		0		0.787057		291.986			00:00:15:500		1.41496e+07		-1.57347		0		11.4815		5.64398e+06		903.328		
00:00:15:400		1.9475e+06		181.819		125.895		0		0.775616		292.051			00:00:15:400		1.41597e+07		-1.55994		0		11.4815		5.65368e+06		904.816		
00:00:15:300		1.96144e+06		181.819		125.895		0		0.775616		292.117			00:00:15:300		1.41695e+07		-1.54636		0		11.4815		5.6635e+06		906.364		
00:00:15:199		1.97573e+06		180.505		124.583		0		0.764126		292.184			00:00:15:199		1.41794e+07		-1.53272		0		11.5452		5.67341e+06		907.945		
00:00:15:099		1.99038e+06		180.505		124.583		0		0.764126		292.251			00:00:15:099		1.41892e+07		-1.51902		0		11.6085		5.68334e+06		909.539		
00:00:15:000		2.0054e+06		179.183		124.583		0		0.764126		292.32			00:00:15:000		1.4199e+07		-1.50526		0		11.6085		5.69326e+06		911.116		
00:00:14:900		2.0208e+06		179.183		123.239		0		0.752587		292.388			00:00:14:900		1.42089e+07		-1.49143		0		11.6085		5.70316e+06		912.673		
00:00:14:800		2.03658e+06		179.183		123.239		0		0.752587		292.458			00:00:14:800		1.42187e+07		-1.47755		0		11.6085		5.71306e+06		914.204		
00:00:14:699		2.05275e+06		177.853		121.86		0		0.740998		292.528			00:00:14:699		1.42285e+07		-1.46362		0		11.6085		5.72298e+06		915.764		
00:00:14:599		2.06931e+06		177.853		121.86		0		0.740998		292.599			00:00:14:599		1.42384e+07		-1.44963		0		11.6085		5.73297e+06		917.336		
00:00:14:500		2.08628e+06		176.516		121.86		0		0.740998		292.671			00:00:14:500		1.42482e+07		-1.43559		0		11.6085		5.743e+06		918.914		
00:00:14:400		2.10366e+06		176.516		120.446		0		0.729358		292.743			00:00:14:400		1.42581e+07		-1.4215		0		11.6085		5.75305e+06		920.5		
00:00:14:300		2.12146e+06		176.516		120.446		0		0.729358		292.816			00:00:14:300		1.42679e+07		-1.40735		0		11.5452		5.76314e+06		922.1		
00:00:14:199		2.13969e+06		175.17		118.998		0		0.717668		292.889			00:00:14:199		1.42778e+07		-1.39315		0		11.5452		5.77327e+06		923.72		
00:00:14:099		2.15835e+06		175.17		118.998		0		0.717668		292.963			00:00:14:099		1.42876e+07		-1.3789		0		11.6085		5.78341e+06		925.355		
00:00:14:000		2.17745e+06		173.815		118.998		0		0.717668		293.037			00:00:14:000		1.42974e+07		-1.36459		0		11.6085		5.79358e+06		927.01		
00:00:13:900		2.197e+06		173.815		117.517		0		0.705927		293.113			00:00:13:900		1.43072e+07		-1.35023		0		11.5452		5.80374e+06		928.672		
00:00:13:800		2.21701e+06		173.815		117.517		0		0.705927		293.189			00:00:13:800		1.4317e+07		-1.33581		0		11.4815		5.81388e+06		930.334		
00:00:13:699		2.23749e+06		172.453		116.003		0		0.694136		293.266			00:00:13:699		1.43268e+07		-1.32132		0		11.4815		5.82397e+06		931.98		
00:00:13:599		2.25844e+06		172.453		116.003		0		0.694136		293.344			00:00:13:599		1.43366e+07		-1.30679		0		11.3535		5.834e+06		933.602		
00:00:13:500		2.27988e+06		171.082		116.003		0		0.694136		293.422			00:00:13:500		1.43463e+07		-1.29219		0		11.2891		5.84398e+06		935.206		
00:00:13:400		2.30182e+06		171.082		114.456		0		0.682296		293.501			00:00:13:400		1.4356e+07		-1.27752		0		11.2891		5.85393e+06		936.805		
00:00:13:250		2.33567e+06		169.702		114.456		0		0.682296		293.621			00:00:13:250		1.43705e+07		-1.25541		0		11.2891		5.86883e+06		939.195		
00:00:13:150		2.35889e+06		169.702		112.876		0		0.670406		293.701			00:00:13:150		1.43801e+07		-1.24059		0		11.2891		5.87875e+06		940.776		
00:00:13:050		2.3826e+06		169.702		112.876		0		0.670406		293.782			00:00:13:050		1.43897e+07		-1.2257		0		11.2891		5.88865e+06		942.354		
00:00:12:949		2.40679e+06		168.313		111.267		0		0.658467		293.863			00:00:12:949		1.43992e+07		-1.21074		0.132506		11.2891		5.89856e+06		943.925		
00:00:12:849		2.43147e+06		168.313		111.267		0		0.658467		293.945			00:00:12:849		1.44086e+07		-1.19572		0.264781		11.2891		5.90847e+06		945.488		
00:00:12:750		2.45665e+06		166.916		111.267		0		0.658467		294.026			00:00:12:750		1.44179e+07		-1.18062		0.395968		11.3535		5.91839e+06		947.063		
00:00:12:699		2.46944e+06		166.916		109.628		0		0.646478		294.067			00:00:12:699		1.44225e+07		-1.17304		0.460931		11.4176		5.92337e+06		947.855		
00:00:12:550		2.50856e+06		166.916		109.628		0		0.646478		294.19			00:00:12:550		1.44361e+07		-1.15018		0.652112		11.3535		5.93832e+06		950.228		
00:00:12:500		2.52187e+06		165.51		109.628		0		0.646478		294.231			00:00:12:500		1.44405e+07		-1.14252		0.714324		11.4176		5.9433e+06		951.021		
00:00:12:349		2.56259e+06		165.51		107.961		0		0.634439		294.354			00:00:12:349		1.44531e+07		-1.11944		0.895359		11.4176		5.95828e+06		953.395		
00:00:12:250		2.59042e+06		164.094		107.961		0		0.634439		294.436			00:00:12:250		1.44615e+07		-1.10407		1.01073		11.4176		5.96829e+06		954.98		
00:00:12:150		2.61882e+06		164.094		106.264		0		0.622351		294.518			00:00:12:150		1.447e+07		-1.08874		1.12137		11.4176		5.9783e+06		956.566		
00:00:12:150		2.61882e+06		164.094		106.264		0		0.622351		294.518			00:00:12:150		1.447e+07		-1.08874		1.12137		11.4176		5.9783e+06		956.566		
00:00:12:050		2.64779e+06		164.094		106.264		0		0.622351		294.601			00:00:12:050		1.44789e+07		-1.07345		1.22691		11.4176		5.98833e+06		958.152		
00:00:11:849		2.70749e+06		162.67		104.541		0		0.610212		294.767			00:00:11:849		1.44978e+07		-1.04283		1.4217		11.4176		6.00843e+06		961.34		
00:00:11:849		2.70749e+06		162.67		104.541		0		0.610212		294.767			00:00:11:849		1.44978e+07		-1.04283		1.4217		11.4176		6.00843e+06		961.34		
00:00:11:650		2.76964e+06		161.236		102.795		0		0.598023		294.935			00:00:11:650		1.4516e+07		-1.01194		1.5946		11.4176		6.02861e+06		964.569		
00:00:11:650		2.76964e+06		161.236		102.795		0		0.598023		294.935			00:00:11:650		1.4516e+07		-1.01194		1.5946		11.4176		6.02861e+06		964.569		
00:00:11:449		2.83433e+06		159.793		101.028		0		0.585785		295.107			00:00:11:449		1.45328e+07		-0.980532		1.74339		11.4176		6.04875e+06		967.764		
00:00:11:349		2.86763e+06		159.793		101.028		0		0.585785		295.195			00:00:11:349		1.45402e+07		-0.964717		1.80923		11.3535		6.05882e+06		969.362		
00:00:11:250		2.90145e+06		158.341		101.028		0		0.585785		295.284			00:00:11:250		1.45472e+07		-0.949022		1.87304		11.4176		6.06889e+06		970.969		
00:00:11:250		2.90145e+06		158.341		101.028		0		0.585785		295.284			00:00:11:250		1.45472e+07		-0.949022		1.87304		11.4176		6.06889e+06		970.969		
00:00:11:150		2.93584e+06		158.341		99.2389		0		0.573496		295.375			00:00:11:150		1.45547e+07		-0.933463		1.93773		11.4176		6.07897e+06		972.599		
00:00:11:050		2.97079e+06		158.341		99.2389		0		0.573496		295.465			00:00:11:050		1.45625e+07		-0.918056		1.99892		12.2286		6.08905e+06		974.284		
00:00:10:949		3.00636e+06		156.879		97.4244		0		0.561158		295.557			00:00:10:949		1.4571e+07		-0.902827		2.06141		19.2693		6.09914e+06		976.141		
00:00:10:750		3.07938e+06		155.408		97.4244		0		0.561158		295.744			00:00:10:750		1.45903e+07		-0.872748		2.1891		27.2241		6.1193e+06		978.941		
00:00:10:650		3.11688e+06		155.408		95.5859		0		0.548769		295.84			00:00:10:650		1.46004e+07		-0.85774		2.23927		29.6528		6.12939e+06		980.538		
00:00:10:650		3.11688e+06		155.408		95.5859		0		0.548769		295.84			00:00:10:650		1.46004e+07		-0.85774		2.23927		29.6528		6.12939e+06		980.538		
00:00:10:550		3.15508e+06		155.408		95.5859		0		0.548769		295.937			00:00:10:550		1.46105e+07		-0.842728		2.2903		31.5038		6.13948e+06		982.135		
00:00:10:400		3.21371e+06		153.928		93.7247		0		0.53633		296.086			00:00:10:400		1.46256e+07		-0.820189		2.3537		33.5522		6.15461e+06		984.531		
00:00:10:300		3.25371e+06		153.928		93.7247		0		0.53633		296.188			00:00:10:300		1.46356e+07		-0.805155		2.39299		34.5866		6.1647e+06		986.121		
00:00:10:199		3.29442e+06		152.439		91.8421		0		0.523842		296.291			00:00:10:199		1.46457e+07		-0.790113		2.43038		35.4196		6.17478e+06		987.706		
00:00:10:099		3.33582e+06		152.439		91.8421		0		0.523842		296.396			00:00:10:099		1.46558e+07		-0.775074		2.46625		36.1372		6.18486e+06		989.295		
00:00:10:000		3.37793e+06		150.941		91.8421		0		0.523842		296.503			00:00:10:000		1.46659e+07		-0.76004		2.49992		36.7699		6.19496e+06		990.895		
00:00:09:900		3.42077e+06		150.941		89.9397		0		0.511303		296.612			00:00:09:900		1.46759e+07		-0.745015		2.53096		37.2977		6.20505e+06		992.478		
00:00:09:699		3.50871e+06		149.435		88.0194		0		0.498714		296.837			00:00:09:699		1.4696e+07		-0.715002		2.58807		38.1236		6.22518e+06		995.568		
00:00:09:699		3.50871e+06		149.435		88.0194		0		0.498714		296.837			00:00:09:699		1.4696e+07		-0.715002		2.58807		38.1236		6.22518e+06		995.568		
00:00:09:599		3.55384e+06		149.435		88.0194		0		0.498714		296.953			00:00:09:599		1.47061e+07		-0.700016		2.61441		38.4495		6.23526e+06		997.081		
00:00:09:500		3.59976e+06		147.921		88.0194		0		0.498714		297.068			00:00:09:500		1.47161e+07		-0.685057		2.63937		38.7499		6.2454e+06		998.575		
00:00:09:449		3.62303e+06		147.921		86.0836		0		0.486073		297.126			00:00:09:449		1.47211e+07		-0.67759		2.65131		38.8648		6.2505e+06		999.311		
00:00:09:349		3.67018e+06		147.921		86.0836		0		0.486073		297.244			00:00:09:349		1.47311e+07		-0.662678		2.67422		39.0938		6.26078e+06		1000.78		
00:00:09:250		3.71817e+06		146.398		86.0836		0		0.486073		297.364			00:00:09:250		1.47411e+07		-0.647796		2.69594		39.2989		6.2712e+06		1002.25		
00:00:09:150		3.76701e+06		146.398		84.1351		0		0.473376		297.486			00:00:09:150		1.4751e+07		-0.632947		2.71643		39.4351		6.28183e+06		1003.74		
00:00:09:050		3.81672e+06		146.398		84.1351		0		0.473376		297.61			00:00:09:050		1.4761e+07		-0.618135		2.73588		39.5256		6.29269e+06		1005.28		
00:00:08:949		3.89295e+06		144.867		82.1777		0		0.460622		297.8			00:00:08:949		1.47759e+07		-0.595995		2.76354		39.6837		6.30951e+06		1007.74		
00:00:08:800		3.94492e+06		144.867		82.1777		0		0.460622		297.929			00:00:08:800		1.47858e+07		-0.581299		2.78056		39.5483		6.32108e+06		1009.54		
00:00:08:699		3.99783e+06		143.327		80.2167		0		0.447808		298.061			00:00:08:699		1.47957e+07		-0.566653		2.79657		39.2762		6.33286e+06		1011.44		
00:00:08:599		4.05169e+06		143.327		80.2167		0		0.447808		298.194			00:00:08:599		1.48055e+07		-0.552061		2.81184		39.0024		6.34475e+06		1013.65		
00:00:08:500		4.10654e+06		141.78		80.2167		0		0.447808		298.33			00:00:08:500		1.48154e+07		-0.537522		2.82678		38.6346		6.35677e+06		1015.01		
00:00:08:400		4.16238e+06		141.78		78.2553		0		0.434935		298.468			00:00:08:400		1.48252e+07		-0.523043		2.84093		38.217		6.36886e+06		1016.94		
00:00:08:300		4.21922e+06		141.78		78.2553		0		0.434935		298.608			00:00:08:300		1.4835e+07		-0.508635		2.85427		37.7716		6.38096e+06		1018.86		
00:00:08:199		4.2771e+06		140.228		76.2973		0		0.422002		298.75			00:00:08:199		1.48448e+07		-0.494297		2.86692		37.2738		6.39303e+06		1020.78		
00:00:08:099		4.33603e+06		140.228		76.2973		0		0.422002		298.894			00:00:08:099		1.48546e+07		-0.480037		2.87865		36.7216		6.40507e+06		1022.69		
00:00:08:000		4.39604e+06		138.669		76.2973		0		0.422002		299.04			00:00:08:000		1.48644e+07		-0.465855		2.89006		36.1863		6.41709e+06		1024.6		
00:00:07:900		4.45713e+06		138.669		74.3467		0		0.409009		299.187			00:00:07:900		1.48741e+07		-0.451756		2.90136		35.6437		6.4291e+06		1026.58		
00:00:07:799		4.51934e+06		138.669		74.3467		0		0.409009		299.337			00:00:07:799		1.48839e+07		-0.437743		2.91197		35.018		6.44112e+06		1028.82		
00:00:07:700		4.58269e+06		137.107		72.4072		0		0.395956		299.489			00:00:07:700		1.48937e+07		-0.423816		2.92152		34.3563		6.45317e+06		1030.14		
00:00:07:549		4.67988e+06		137.107		72.4072		0		0.395956		299.722			00:00:07:549		1.49083e+07		-0.403088		2.93512		33.3155		6.47133e+06		1032.96		
00:00:07:450		4.74617e+06		135.541		70.4833		0		0.382842		299.88			00:00:07:450		1.49181e+07		-0.38939		2.94368		32.5962		6.48352e+06		1034.85		
00:00:07:349		4.81366e+06		135.541		70.4833		0		0.382842		300.04			00:00:07:349		1.49279e+07		-0.375791		2.95144		31.8075		6.49574e+06		1036.74		
00:00:07:250		4.88238e+06		133.973		70.4833		0		0.382842		300.202			00:00:07:250		1.49377e+07		-0.362293		2.95878		30.9729		6.508e+06		1038.64		
00:00:07:150		4.95236e+06		133.973		68.5818		0		0.369666		300.365			00:00:07:150		1.49474e+07		-0.348918		2.96592		30.1178		6.5203e+06		1040.55		
00:00:07:049		5.02364e+06		133.973		68.5818		0		0.369666		300.528			00:00:07:049		1.49572e+07		-0.335659		2.9723		29.211		6.53266e+06		1042.49		
00:00:06:950		5.09621e+06		132.404		66.7096		0		0.356429		300.693			00:00:06:950		1.4967e+07		-0.322511		2.9777		28.2482		6.54506e+06		1044.44		
00:00:06:950		5.09621e+06		132.404		66.7096		0		0.356429		300.693			00:00:06:950		1.4967e+07		-0.322511		2.9777		28.2482		6.54506e+06		1044.44		
00:00:06:849		5.17013e+06		132.404		66.7096		0		0.356429		300.86			00:00:06:849		1.49769e+07		-0.309464		2.98333		27.2241		6.55745e+06		1046.38		
00:00:06:650		5.32195e+06		130.836		64.8742		0		0.343127		301.2			00:00:06:650		1.49968e+07		-0.283672		2.99462		24.7268		6.58223e+06		1050.19		
00:00:06:650		5.32195e+06		130.836		64.8742		0		0.343127		301.2			00:00:06:650		1.49968e+07		-0.283672		2.99462		24.7268		6.58223e+06		1050.19		
00:00:06:549		5.39953e+06		130.836		64.8742		0		0.343127		301.373			00:00:06:549		1.50069e+07		-0.270967		2.99952		22.9577		6.5946e+06		1051.98		
00:00:06:450		5.47814e+06		129.27		63.0825		0		0.32976		301.549			00:00:06:450		1.50171e+07		-0.258378		3.00369		21.6466		6.60698e+06		1053.65		
00:00:06:349		5.5578e+06		129.27		63.0825		0		0.32976		301.726			00:00:06:349		1.50274e+07		-0.245903		3.00721		21.7998		6.61952e+06		1055.43		
00:00:06:150		5.72034e+06		127.709		61.3398		0		0.316323		302.089			00:00:06:150		1.50483e+07		-0.221263		3.01058		19.1419		6.64574e+06		1059.4		
00:00:06:049		5.80324e+06		127.709		61.3398		0		0.316323		302.272			00:00:06:049		1.5059e+07		-0.209071		3.01202		17.5996		6.65905e+06		1061.37		
00:00:05:950		5.88726e+06		126.153		59.649		0		0.302813		302.458			00:00:05:950		1.50697e+07		-0.196957		3.01273		16.0367		6.67238e+06		1063.24		
00:00:05:849		5.97242e+06		126.153		59.649		0		0.302813		302.646			00:00:05:849		1.50804e+07		-0.184845		3.0114		14.3943		6.68568e+06		1064.75		
00:00:05:849		5.97242e+06		126.153		59.649		0		0.302813		302.646			00:00:05:849		1.50804e+07		-0.184845		3.0114		14.3943		6.68568e+06		1064.75		
00:00:05:650		6.14633e+06		124.606		58.0094		0		0.2892		303.029			00:00:05:650		1.50989e+07		-0.160547		3.0067		11.4815		6.71171e+06		1062.67		
00:00:05:650		6.14633e+06		124.606		58.0094		0		0.2892		303.029			00:00:05:650		1.50989e+07		-0.160547		3.0067		11.4815		6.71171e+06		1062.67		
00:00:05:549		6.23524e+06		124.606		58.0094		0		0.2892		303.223			00:00:05:549		1.51075e+07		-0.148622		3.00313		10.0084		6.724e+06		1052.17		
00:00:05:450		6.32602e+06		123.068		56.406		0		0.275334		303.416			00:00:05:450		1.51163e+07		-0.136866		2.9989		8.90746		6.73543e+06		1016.61		
00:00:05:349		6.3987e+06		123.068		56.406		0		0.275334		303.612			00:00:05:349		1.51252e+07		-0.125276		2.99459		0		6.7459e+06		976.394		
00:00:05:250		6.4538e+06		121.543		56.406		0		0.275334		303.809			00:00:05:250		1.51343e+07		-0.113863		2.98895		0		6.75544e+06		936.782		
00:00:05:150		6.49638e+06		121.543		54.8333		0		0.261257		304.008			00:00:05:150		1.51436e+07		-0.102622		2.98248		0		6.76416e+06		899.297		
00:00:05:049		6.52935e+06		121.543		54.8333		0		0.261257		304.209			00:00:05:049		1.5153e+07		-0.0915294		2.9758		0		6.7722e+06		865.618		
00:00:04:900		6.56591e+06		120.035		53.2955		0		0.24703		304.514			00:00:04:900		1.51674e+07		-0.0751271		2.96313		3.46914		6.78299e+06		822.02		
00:00:04:750		6.59190e+06		118.547		53.2955		0		0.24703		304.821			00:00:04:750		1.51815e+07		-0.0590634		2.94867		0		6.79249e+06		786.216		
00:00:04:650		6.60524e+06		118.547		51.7963		0		0.232699		305.027			00:00:04:650		1.51912e+07		-0.0485616		2.93901		0		6.79822e+06		766.176		
00:00:04:650		6.60524e+06		118.547		51.7963		0		0.232699		305.027			00:00:04:650		1.51912e+07		-0.0485616		2.93901		0		6.79822e+06		766.176		
00:00:04:400		6.62962e+06		117.085		50.3393		0		0.218293		305.545			00:00:04:400		1.52152e+07		-0.0229239		2.91306		0		6.81089e+06		727.005		
00:00:04:400		6.62962e+06		117.085		50.3393		0		0.218293		305.545			00:00:04:400		1.52152e+07		-0.0229239		2.91306		0		6.81089e+06		727.005		
00:00:04:299		6.63696e+06		117.085		50.3393		0		0.218293		305.753			00:00:04:299		1.52247e+07		-0.0129166		2.89897		0		6.81542e+06		714.879		
00:00:04:200		6.64336e+06		115.652		48.9282		0		0.203832		305.96			00:00:04:200		1.52342e+07		-0.00305891		2.88557		0		6.81968e+06		704.359		
00:00:04:099		6.64902e+06		115.652		48.9282		0		0.203832		306.168			00:00:04:099		1.52437e+07		0.00664425		2.87413		16.9509		6.82368e+06		695.072		
00:00:04:000		6.65414e+06		114.253		48.9282		0		0.203832		306.376			00:00:04:000		1.52531e+07		0.0161905		2.86328		29.2406		6.82745e+06		686.973		
00:00:03:899		6.65878e+06		114.253		47.5661		0		0.189328		306.585			00:00:03:899		1.52625e+07		0.0255666		2.84841		39.503		6.83101e+06		679.808		
00:00:03:799		6.66306e+06		114.253		47.5661		0		0.189328		306.793			00:00:03:799		1.52719e+07		0.0347404		2.82798		48.7647		6.83438e+06		673.389		
00:00:03:700		6.66709e+06		112.893		46.2562		0		0.174789		307.002			00:00:03:700		1.52812e+07		0.0436816		2.80782		57.352		6.83756e+06		667.566		
00:00:03:600		6.67094e+06		112.893		46.2562		0		0.174789		307.209			00:00:03:600		1.52903e+07		0.0524011		2.79526		65.4446		6.84056e+06		662.067		
00:00:03:500		6.67475e+06		111.574		46.2562		0		0.174789		307.415			00:00:03:500		1.52994e+07		0.0609183		2.78973		73.1986		6.84337e+06		656.769		
00:00:03:399		6.67859e+06		111.574		45.0018		0		0.160219		307.619			00:00:03:399		1.53086e+07		0.0692568		2.77677		80.7998		6.84597e+06		651.321		
00:00:03:299		6.68271e+06		111.574		45.0018		0		0.160219		307.82			00:00:03:299		1.53179e+07		0.0774031		2.74546		88.0833		6.84833e+06		645.27		
00:00:03:200		6.68743e+06		110.302		43.8061		0		0.145611		308.017			00:00:03:200		1.53274e+07		0.0852995		2.71189		95.03		6.85042e+06		637.916		
00:00:03:100		6.69331e+06		110.302		43.8061		0		0.145611		308.21			00:00:03:100		1.53369e+07		0.0928454		2.69894		101.725		6.85219e+06		627.708		
00:00:03:000		6.70042e+06		109.08		43.8061		0		0.145611		308.396			00:00:03:000		1.5346e+07		0.0999336		2.71627		108.432		6.85363e+06		616.445		
00:00:02:899		6.70693e+06		109.08		42.6731		0		0.130966		308.575			00:00:02:899		1.53542e+07		0.106539		2.71616		115.025		6.85475e+06		605.519		
00:00:02:799		6.71286e+06		109.08		42.6731		0		0.130966		308.744			00:00:02:799		1.53614e+07		0.112826		2.65533		121.224		6.85557e+06		594.957		
00:00:02:700		6.71821e+06		107.913		41.6076		0		0.116293		308.904			00:00:02:700		1.53684e+07		0.118791		2.57761		127.228		6.85611e+06		584.874		
00:00:02:600		6.72294e+06		107.913		41.6076		0		0.116293		309.055			00:00:02:600		1.53762e+07		0.124784		2.5641		133.464		6.85644e+06		575.478		
00:00:02:500		6.72699e+06		106.808		41.6076		0		0.116293		309.195			00:00:02:500		1.53847e+07		0.130646		2.68143		140.112		6.85665e+06		567.219		
00:00:02:399		6.73011e+06		106.808		40.617		0		0.101605		309.321			00:00:02:399		1.53934e+07		0.136251		2.75512		147.696		6.8569e+06		561.068		
00:00:02:299		6.73191e+06		106.808		40.617		0		0.101605		309.432			00:00:02:299		1.5402e+07		0.141613		2.78999		158.613		6.85738e+06		558.169		
00:00:02:200		6.73134e+06		105.769		39.7152		0		0.0869377		309.528			00:00:02:200		1.54106e+07		0.146754		2.81791		178.297		6.85835e+06		561.483		
00:00:02:049		6.72084e+06		105.769		39.7152		0		0.0869377		309.641			00:00:02:049		1.54239e+07		0.154029		2.84748		237.517		6.86146e+06		589.838		
00:00:01:949		6.70065e+06		104.803		38.9077		0		0.0724761		309.697			00:00:01:949		1.54331e+07		0.15849		2.85912		286.094		6.86519e+06		636.518		
00:00:01:850		6.6612e+06		104.803		38.9077		0		0.0724761		309.738			00:00:01:850		1.54426e+07		0.16249		2.86595		332.845		6.87049e+06		713.172		
00:00:01:800		6.63536e+06		104.803		38.9077		0		0.0724761		309.755			00:00:01:800		1.54473e+07		0.164268		2.86773		354.648		6.87367e+06		771.652		
00:00:01:699		6.59774e+06		103.915		38.1949		0		0.0581045		309.781			00:00:01:699		1.54565e+07		0.167305		2.87092		394.323		6.88065e+06		804.746		
00:00:01:550		6.56639e+06		103.915		38.1949		0		0.0581045		309.808			00:00:01:550		1.54676e+07		0.170471		2.87148		443.435		6.89229e+06		857.445		
00:00:01:449		6.55725e+06		103.111		37.5781		0		0.0437073		309.82			00:00:01:449		1.54727e+07		0.17171		2.86663		469.717		6.90039e+06		878.49		
00:00:01:350		6.56363e+06		103.111		37.5781		0		0.0437073		309.83			00:00:01:350		1.5476e+07		0.1724		2.85935		491.265		6.90833e+06		872.127		
00:00:01:250		6.57665e+06		102.389		37.5781		0		0.0437073		309.837			00:00:01:250		1.54777e+07		0.172718		2.85009		507.72		6.91588e+06		865.192		
00:00:01:149		6.58931e+06		102.389		37.061		0		0.0292421		309.842			00:00:01:149		1.54784e+07		0.172828		2.84161		517.68		6.92287e+06		858.734		
00:00:01:149		6.58931e+06		102.389		37.061		0		0.0292421		309.842			00:00:01:149		1.54784e+07		0.172828		2.84161		517.68		6.92287e+06		858.734		
00:00:01:050		6.60133e+06		102.389		37.061		0		0.0292421		309.845			00:00:01:050		1.54786e+07		0.172853		2.838		522.507		6.93038e+06		854.788		
00:00:00:949		6.61417e+06		101.767		36.6418		0		0.0146937		309.846			00:00:00:949		1.54786e+07		0.172851		2.8365		526.119		6.93844e+06		848.334		
00:00:00:849		6.62927e+06		101.767		36.6418		0		0.0146937		309.846			00:00:00:849		1.54786e+07		0.172845		2.83566		528.714		6.94611e+06		837.94		
00:00:00:650		6.67154e+06		101.165		36.3831		0		0		309.846			00:00:00:650		1.54786e+07		0.17284		2.83568		530.241		6.95872e+06		794.72		
00:00:00:550		6.70392e+06		101.165		36.3831		0		0		309.846			00:00:00:550		1.54786e+07		0.17284		2.83569		530.21		6.96274e+06		751.778		
00:00:00:550		6.70392e+06		101.165		36.3831		0		0		309.846			00:00:00:550		1.54786e+07		0.17284		2.83569		530.21		6.96274e+06		751.778		
00:00:00:450		6.75178e+06		100.069		36.3834		0		0		309.846			00:00:00:450		1.54786e+07		0.17284		2.83569		530.212		6.96469e+06		681.834		
00:00:00:349		6.83116e+06		100.069		36.3834		0		0		309.846			00:00:00:349		1.54786e+07		0.17284		2.83573		530.216		6.96485e+06		526.813		
00:00:00:250		6.83116e+06		100.069		36.3834		0		0		309.846			00:00:00:250		1.54786e+07		0.17284		2.83572		530.217		6.96484e+06		526.826		
00:00:00:149		6.83116e+06		100.069		36.3837		0		0		309.846			00:00:00:149		1.54785e+07		0.17284		2.83572		530.221		6.96484e+06		526.825		
00:00:00:050		6.83115e+06		100.069		36.3837		0		0		309.846			00:00:00:050		1.54785e+07		0.17284		2.83567		530.223		6.96484e+06		526.826		
00:00:00:000		6.83115e+06		100.069		36.3837		0		0		309.846			00:00:00:000		1.54785e+07		0.17284		2.83571		530.225		6.96483e+06		526.826		
00:00:00:000		6.83115e+06		100.069		36.3837		0		0		309.846			00:00:00:000		1.54785e+07		0.17284		2.83571		530.225		6.96483e+06		526.826		
00:00:00:000		6.83115e+06		100.069		36.3837		0		0		309.846			00:00:00:000		1.54785e+07		0.17284		2.83571		530.225		6.96483e+06		526.826		
00:00:00:000		6.83115e+06		100.069		36.3837		0		0		309.846			00:00:00:000		1.54785e+07		0.17284		2.83571		530.225		6.96483e+06		526.826		
00:00:00:000		6.83115e+06		100.069		36.3837		0		0		309.846			00:00:00:000		1.54785e+07		0.17284		2.83571		530.225		6.96483e+06		526.826		
00:00:00:000		6.83115e+06		100.069		36.3837		0		0		309.846			00:00:00:000		1.54785e+07		0.17284		2.83571		530.225		6.96483e+06		526.826		
