	time 		gpv001pnt10113ppntm	evf507ety101mpzoyout	chtcon(1)	chavg(1)	chlhsumpa	rcptavgn			time 		rcpppzr	rcp054rcp007mnzoyout	rcv501std0102fvol	fwfrcp001gv	rcppmssga	msfsg(1)	
00:01:10:299		1.50664e+06		292.142		129.219		0		3		268.155			00:01:10:299		1.05229e+07		-5.84036		0		0		2.76238e+06		460.086		
00:01:10:200		1.50665e+06		291.875		129.232		0		3		268.184			00:01:10:200		1.05286e+07		-5.83975		0		0		2.76619e+06		460.583		
00:01:10:099		1.50666e+06		291.875		129.232		0		3		268.213			00:01:10:099		1.05343e+07		-5.83912		0		0		2.76992e+06		460.776		
00:01:10:000		1.50667e+06		291.606		129.232		0		3		268.241			00:01:10:000		1.054e+07		-5.83846		0		0		2.7738e+06		460.864		
00:01:09:900		1.50668e+06		291.606		129.246		0		3		268.265			00:01:09:900		1.05458e+07		-5.83779		0		0		2.77883e+06		461.843		
00:01:09:799		1.50669e+06		291.606		129.246		0		3		268.291			00:01:09:799		1.05516e+07		-5.83709		0		0		2.78499e+06		463.322		
00:01:09:700		1.50669e+06		291.336		129.26		0		3		268.319			00:01:09:700		1.05575e+07		-5.83638		0		0		2.79067e+06		464.551		
00:01:09:599		1.5067e+06		291.336		129.26		0		3		268.347			00:01:09:599		1.05633e+07		-5.83564		0		0		2.79551e+06		465.582		
00:01:09:500		1.50671e+06		291.065		129.26		0		3		268.378			00:01:09:500		1.0569e+07		-5.83488		0		0		2.80007e+06		466.842		
00:01:09:400		1.50672e+06		291.065		129.275		0		3		268.41			00:01:09:400		1.05747e+07		-5.8341		0		0		2.8044e+06		468.358		
00:01:09:299		1.50673e+06		291.065		129.275		0		3		268.442			00:01:09:299		1.05803e+07		-5.8333		0		0		2.80734e+06		468.476		
00:01:09:200		1.50674e+06		290.79		129.291		0		3		268.472			00:01:09:200		1.05859e+07		-5.83247		0		0		2.80816e+06		467.566		
00:01:09:099		1.50675e+06		290.79		129.291		0		3		268.499			00:01:09:099		1.05916e+07		-5.83163		0		0		2.81104e+06		468.218		
00:01:08:950		1.50676e+06		290.515		129.307		0		3		268.544			00:01:08:950		1.06e+07		-5.83032		0		0		2.817e+06		469.152		
00:01:08:950		1.50676e+06		290.515		129.307		0		3		268.544			00:01:08:950		1.06e+07		-5.83032		0		0		2.817e+06		469.152		
00:01:08:799		1.50677e+06		290.515		129.307		0		3		268.589			00:01:08:799		1.06084e+07		-5.82896		0		0		2.82279e+06		469.921		
00:01:08:700		1.50678e+06		290.239		129.324		0		3		268.619			00:01:08:700		1.0614e+07		-5.82802		0		0		2.8265e+06		470.029		
00:01:08:599		1.50679e+06		290.239		129.324		0		3		268.646			00:01:08:599		1.06196e+07		-5.82706		0		0		2.8305e+06		470.185		
00:01:08:500		1.5068e+06		289.961		129.324		0		3		268.67			00:01:08:500		1.06253e+07		-5.82608		0		0		2.83587e+06		471.334		
00:01:08:400		1.50681e+06		289.961		129.341		0		3		268.697			00:01:08:400		1.06311e+07		-5.82507		0		0		2.84214e+06		472.841		
00:01:08:299		1.50681e+06		289.961		129.341		0		3		268.725			00:01:08:299		1.06368e+07		-5.82403		0		0		2.84773e+06		474.007		
00:01:08:200		1.50682e+06		289.681		129.36		0		3		268.754			00:01:08:200		1.06425e+07		-5.82297		0		0		2.85256e+06		475.086		
00:01:08:099		1.50683e+06		289.681		129.36		0		3		268.786			00:01:08:099		1.06482e+07		-5.82188		0		0		2.85721e+06		476.513		
00:01:08:000		1.50684e+06		289.399		129.36		0		3		268.819			00:01:08:000		1.06537e+07		-5.82077		0		0		2.8615e+06		477.99		
00:01:07:900		1.50685e+06		289.399		129.379		0		3		268.85			00:01:07:900		1.06593e+07		-5.81963		0		0		2.86381e+06		477.572		
00:01:07:799		1.50686e+06		289.399		129.379		0		3		268.88			00:01:07:799		1.06648e+07		-5.81845		0		0		2.86455e+06		476.871		
00:01:07:700		1.50686e+06		289.116		129.399		0		3		268.908			00:01:07:700		1.06703e+07		-5.81725		0		0		2.86798e+06		477.651		
00:01:07:599		1.50687e+06		289.116		129.399		0		3		268.939			00:01:07:599		1.06759e+07		-5.81602		0		0		2.87199e+06		478.261		
00:01:07:500		1.50688e+06		288.832		129.399		0		3		268.969			00:01:07:500		1.06814e+07		-5.81476		0		0		2.87589e+06		478.88		
00:01:07:400		1.50689e+06		288.832		129.419		0		3		269			00:01:07:400		1.06869e+07		-5.81346		0		0		2.87972e+06		479.278		
00:01:07:299		1.5069e+06		288.832		129.419		0		3		269.029			00:01:07:299		1.06925e+07		-5.81213		0		0		2.88344e+06		479.31		
00:01:07:150		1.50691e+06		288.546		129.441		0		3		269.068			00:01:07:150		1.07009e+07		-5.81007		0		0		2.89032e+06		480.193		
00:01:07:049		1.50692e+06		288.546		129.441		0		3		269.094			00:01:07:049		1.07066e+07		-5.80865		0		0		2.8966e+06		481.725		
00:01:06:950		1.50693e+06		288.259		129.463		0		3		269.122			00:01:06:950		1.07123e+07		-5.8072		0		0		2.90251e+06		483.012		
00:01:06:849		1.50694e+06		288.259		129.463		0		3		269.151			00:01:06:849		1.0718e+07		-5.80572		0		0		2.90754e+06		484.108		
00:01:06:750		1.50695e+06		287.97		129.463		0		3		269.182			00:01:06:750		1.07235e+07		-5.80421		0		0		2.91232e+06		485.548		
00:01:06:650		1.50695e+06		287.97		129.487		0		3		269.215			00:01:06:650		1.0729e+07		-5.80266		0		0		2.91684e+06		487.239		
00:01:06:650		1.50695e+06		287.97		129.487		0		3		269.215			00:01:06:650		1.0729e+07		-5.80266		0		0		2.91684e+06		487.239		
00:01:06:549		1.50696e+06		287.97		129.487		0		3		269.247			00:01:06:549		1.07344e+07		-5.80107		0		0		2.91947e+06		487.115		
00:01:06:450		1.50697e+06		287.68		129.511		0		3		269.277			00:01:06:450		1.07398e+07		-5.79945		0		0		2.91988e+06		486.031		
00:01:06:349		1.50698e+06		287.68		129.511		0		3		269.304			00:01:06:349		1.07452e+07		-5.79779		0		0		2.92272e+06		486.683		
00:01:06:250		1.50699e+06		287.389		129.511		0		3		269.335			00:01:06:250		1.07507e+07		-5.79609		0		0		2.9269e+06		487.33		
00:01:06:150		1.507e+06		287.389		129.536		0		3		269.365			00:01:06:150		1.07561e+07		-5.79435		0		0		2.93082e+06		487.959		
00:01:06:049		1.507e+06		287.389		129.536		0		3		269.395			00:01:06:049		1.07616e+07		-5.79257		0		0		2.93474e+06		488.432		
00:01:05:900		1.50702e+06		287.096		129.563		0		3		269.438			00:01:05:900		1.07697e+07		-5.78983		0		0		2.94044e+06		488.478		
00:01:05:750		1.50703e+06		286.801		129.563		0		3		269.475			00:01:05:750		1.0778e+07		-5.787		0		0		2.94816e+06		489.897		
00:01:05:650		1.50704e+06		286.801		129.591		0		3		269.502			00:01:05:650		1.07837e+07		-5.78505		0		0		2.9546e+06		491.423		
00:01:05:650		1.50704e+06		286.801		129.591		0		3		269.502			00:01:05:650		1.07837e+07		-5.78505		0		0		2.9546e+06		491.423		
00:01:05:549		1.50705e+06		286.801		129.591		0		3		269.529			00:01:05:549		1.07893e+07		-5.78307		0		0		2.96024e+06		492.589		
00:01:05:450		1.50706e+06		286.504		129.619		0		3		269.559			00:01:05:450		1.07948e+07		-5.78105		0		0		2.96522e+06		493.807		
00:01:05:349		1.50706e+06		286.504		129.619		0		3		269.59			00:01:05:349		1.08004e+07		-5.779		0		0		2.97006e+06		495.54		
00:01:05:250		1.50707e+06		286.208		129.619		0		3		269.624			00:01:05:250		1.08058e+07		-5.77691		0		0		2.97425e+06		496.931		
00:01:05:049		1.50709e+06		286.208		129.649		0		3		269.685			00:01:05:049		1.08167e+07		-5.77261		0		0		2.97609e+06		495.285		
00:01:04:950		1.5071e+06		285.91		129.681		0		3		269.712			00:01:04:950		1.08222e+07		-5.77041		0		0		2.97989e+06		496.11		
00:01:04:849		1.50711e+06		285.91		129.681		0		3		269.742			00:01:04:849		1.08276e+07		-5.76818		0		0		2.98394e+06		496.754		
00:01:04:849		1.50711e+06		285.91		129.681		0		3		269.742			00:01:04:849		1.08276e+07		-5.76818		0		0		2.98394e+06		496.754		
00:01:04:750		1.50712e+06		285.61		129.681		0		3		269.772			00:01:04:750		1.08331e+07		-5.76591		0		0		2.98791e+06		497.354		
00:01:04:549		1.50713e+06		285.61		129.713		0		3		269.83			00:01:04:549		1.08441e+07		-5.76128		0		0		2.99551e+06		497.604		
00:01:04:549		1.50713e+06		285.61		129.713		0		3		269.83			00:01:04:549		1.08441e+07		-5.76128		0		0		2.99551e+06		497.604		
00:01:04:349		1.50715e+06		285.308		129.747		0		3		269.879			00:01:04:349		1.08553e+07		-5.75651		0		0		3.00633e+06		499.7		
00:01:04:349		1.50715e+06		285.308		129.747		0		3		269.879			00:01:04:349		1.08553e+07		-5.75651		0		0		3.00633e+06		499.7		
00:01:04:250		1.50716e+06		285.005		129.747		0		3		269.906			00:01:04:250		1.0861e+07		-5.75406		0		0		3.01253e+06		501.076		
00:01:04:150		1.50717e+06		285.005		129.782		0		3		269.934			00:01:04:150		1.08667e+07		-5.75158		0		0		3.01783e+06		502.221		
00:01:03:899		1.50719e+06		284.701		129.819		0		3		270.013			00:01:03:899		1.08807e+07		-5.74523		0		0		3.02953e+06		506.222		
00:01:03:799		1.5072e+06		284.701		129.819		0		3		270.044			00:01:03:799		1.08862e+07		-5.74262		0		0		3.03069e+06		505.07		
00:01:03:799		1.5072e+06		284.701		129.819		0		3		270.044			00:01:03:799		1.08862e+07		-5.74262		0		0		3.03069e+06		505.07		
00:01:03:700		1.5072e+06		284.396		129.858		0		3		270.073			00:01:03:700		1.08918e+07		-5.73998		0		0		3.03087e+06		504.297		
00:01:03:600		1.50721e+06		284.396		129.858		0		3		270.1			00:01:03:600		1.08975e+07		-5.73729		0		0		3.03454e+06		505.129		
00:01:03:500		1.50722e+06		284.088		129.858		0		3		270.13			00:01:03:500		1.09031e+07		-5.73456		0		0		3.03862e+06		505.775		
00:01:03:399		1.50723e+06		284.088		129.899		0		3		270.16			00:01:03:399		1.09088e+07		-5.73179		0		0		3.04261e+06		506.386		
00:01:03:299		1.50724e+06		284.088		129.899		0		3		270.19			00:01:03:299		1.09145e+07		-5.72898		0		0		3.04647e+06		506.718		
00:01:03:200		1.50725e+06		283.78		129.941		0		3		270.218			00:01:03:200		1.09203e+07		-5.72612		0		0		3.05021e+06		506.652		
00:01:03:100		1.50726e+06		283.78		129.941		0		3		270.243			00:01:03:100		1.09262e+07		-5.72322		0		0		3.0547e+06		507.178		
00:01:03:000		1.50726e+06		283.47		129.941		0		3		270.267			00:01:03:000		1.09321e+07		-5.72027		0		0		3.06092e+06		508.692		
00:01:02:899		1.50727e+06		283.47		129.986		0		3		270.293			00:01:02:899		1.09381e+07		-5.71729		0		0		3.06713e+06		510.063		
00:01:02:799		1.50728e+06		283.47		129.986		0		3		270.32			00:01:02:799		1.0944e+07		-5.71426		0		0		3.07247e+06		511.247		
00:01:02:700		1.50729e+06		283.158		130.033		0		3		270.35			00:01:02:700		1.09499e+07		-5.7112		0		0		3.07753e+06		512.872		
00:01:02:600		1.5073e+06		283.158		130.033		0		3		270.383			00:01:02:600		1.09558e+07		-5.70811		0		0		3.08237e+06		514.955		
00:01:02:500		1.50731e+06		282.846		130.033		0		3		270.415			00:01:02:500		1.09616e+07		-5.70497		0		0		3.0849e+06		514.814		
00:01:02:399		1.50732e+06		282.846		130.082		0		3		270.445			00:01:02:399		1.09674e+07		-5.7018		0		0		3.08436e+06		513.192		
00:01:02:299		1.50732e+06		282.846		130.082		0		3		270.472			00:01:02:299		1.09732e+07		-5.69858		0		0		3.08661e+06		513.683		
00:01:02:200		1.50733e+06		282.532		130.133		0		3		270.5			00:01:02:200		1.0979e+07		-5.69532		0		0		3.09086e+06		514.38		
00:01:02:100		1.50734e+06		282.532		130.133		0		3		270.53			00:01:02:100		1.09848e+07		-5.69202		0		0		3.09484e+06		515.04		
00:01:02:000		1.50735e+06		282.215		130.133		0		3		270.56			00:01:02:000		1.09905e+07		-5.68868		0		0		3.09876e+06		515.528		
00:01:01:899		1.50736e+06		282.215		130.187		0		3		270.589			00:01:01:899		1.09963e+07		-5.68531		0		0		3.10249e+06		515.531		
00:01:01:799		1.50737e+06		282.215		130.187		0		3		270.615			00:01:01:799		1.10021e+07		-5.68188		0		0		3.10645e+06		515.599		
00:01:01:700		1.50737e+06		281.898		130.244		0		3		270.637			00:01:01:700		1.1008e+07		-5.67842		0		0		3.11217e+06		516.938		
00:01:01:600		1.50738e+06		281.898		130.244		0		3		270.663			00:01:01:600		1.10138e+07		-5.67491		0		0		3.11871e+06		518.47		
00:01:01:500		1.50739e+06		281.581		130.244		0		3		270.689			00:01:01:500		1.10197e+07		-5.67137		0		0		3.12435e+06		519.667		
00:01:01:399		1.5074e+06		281.581		130.303		0		3		270.718			00:01:01:399		1.10256e+07		-5.66778		0		0		3.12949e+06		521.134		
00:01:01:250		1.50741e+06		281.263		130.303		0		3		270.767			00:01:01:250		1.10342e+07		-5.66234		0		0		3.13673e+06		524.221		
00:01:01:149		1.50742e+06		281.263		130.365		0		3		270.798			00:01:01:149		1.10399e+07		-5.65866		0		0		3.13839e+06		523.469		
00:01:01:149		1.50742e+06		281.263		130.365		0		3		270.798			00:01:01:149		1.10399e+07		-5.65866		0		0		3.13839e+06		523.469		
00:01:00:950		1.50744e+06		280.943		130.429		0		3		270.855			00:01:00:950		1.10513e+07		-5.65118		0		0		3.14015e+06		522.568		
00:01:00:899		1.50744e+06		280.943		130.429		0		3		270.869			00:01:00:899		1.10542e+07		-5.64928		0		0		3.14232e+06		522.911		
00:01:00:799		1.50745e+06		280.943		130.429		0		3		270.9			00:01:00:799		1.10599e+07		-5.64545		0		0		3.14628e+06		523.578		
00:01:00:649		1.50746e+06		280.622		130.496		0		3		270.946			00:01:00:649		1.10684e+07		-5.63963		0		0		3.15207e+06		524.278		
00:01:00:649		1.50746e+06		280.622		130.496		0		3		270.946			00:01:00:649		1.10684e+07		-5.63963		0		0		3.15207e+06		524.278		
00:01:00:549		1.50747e+06		280.622		130.496		0		3		270.975			00:01:00:549		1.10741e+07		-5.63569		0		0		3.15562e+06		524.101		
00:01:00:450		1.50748e+06		280.301		130.567		0		3		271.001			00:01:00:450		1.10799e+07		-5.6317		0		0		3.15974e+06		524.365		
00:01:00:350		1.50749e+06		280.301		130.567		0		3		271.025			00:01:00:350		1.10857e+07		-5.62766		0		0		3.16594e+06		525.948		
00:01:00:250		1.5075e+06		279.977		130.567		0		3		271.051			00:01:00:250		1.10915e+07		-5.62358		0		0		3.17239e+06		527.411		
00:01:00:100		1.50751e+06		279.977		130.64		0		3		271.095			00:01:00:100		1.11003e+07		-5.61736		0		0		3.18035e+06		529.282		
00:01:00:000		1.50752e+06		279.652		130.64		0		3		271.128			00:01:00:000		1.11061e+07		-5.61317		0		0		3.1854e+06		531.298		
00:00:59:950		1.50752e+06		279.652		130.717		0		3		271.145			00:00:59:950		1.1109e+07		-5.61105		0		0		3.18785e+06		532.511		
00:00:59:850		1.50754e+06		279.652		130.717		0		3		271.197			00:00:59:850		1.11176e+07		-5.60463		0		0		3.19064e+06		531.841		
00:00:59:700		1.50754e+06		279.325		130.797		0		3		271.229			00:00:59:700		1.11234e+07		-5.60029		0		0		3.18944e+06		530.46		
00:00:59:700		1.50754e+06		279.325		130.797		0		3		271.229			00:00:59:700		1.11234e+07		-5.60029		0		0		3.18944e+06		530.46		
00:00:59:500		1.50756e+06		278.998		130.797		0		3		271.291			00:00:59:500		1.1135e+07		-5.59147		0		0		3.19675e+06		531.943		
00:00:59:500		1.50756e+06		278.998		130.797		0		3		271.291			00:00:59:500		1.1135e+07		-5.59147		0		0		3.19675e+06		531.943		
00:00:59:299		1.50758e+06		278.998		130.88		0		3		271.36			00:00:59:299		1.11466e+07		-5.58246		0		0		3.20439e+06		532.916		
00:00:59:299		1.50758e+06		278.998		130.88		0		3		271.36			00:00:59:299		1.11466e+07		-5.58246		0		0		3.20439e+06		532.916		
00:00:59:200		1.50759e+06		278.67		130.967		0		3		271.394			00:00:59:200		1.11524e+07		-5.57789		0		0		3.20783e+06		532.662		
00:00:59:100		1.5076e+06		278.67		130.967		0		3		271.423			00:00:59:100		1.11584e+07		-5.57327		0		0		3.21209e+06		533.166		
00:00:58:899		1.50761e+06		278.341		131.058		0		3		271.483			00:00:58:899		1.11704e+07		-5.56389		0		0		3.22456e+06		536.088		
00:00:58:799		1.50762e+06		278.341		131.058		0		3		271.517			00:00:58:799		1.11765e+07		-5.55913		0		0		3.22982e+06		537.351		
00:00:58:799		1.50762e+06		278.341		131.058		0		3		271.517			00:00:58:799		1.11765e+07		-5.55913		0		0		3.22982e+06		537.351		
00:00:58:700		1.50763e+06		278.012		131.152		0		3		271.555			00:00:58:700		1.11825e+07		-5.55433		0		0		3.23497e+06		539.305		
00:00:58:600		1.50764e+06		278.012		131.152		0		3		271.595			00:00:58:600		1.11885e+07		-5.54948		0		0		3.23973e+06		541.631		
00:00:58:500		1.50765e+06		277.68		131.152		0		3		271.636			00:00:58:500		1.11944e+07		-5.54459		0		0		3.24121e+06		540.791		
00:00:58:399		1.50766e+06		277.68		131.25		0		3		271.674			00:00:58:399		1.12003e+07		-5.53965		0		0		3.23938e+06		538.808		
00:00:58:299		1.50766e+06		277.68		131.25		0		3		271.708			00:00:58:299		1.12063e+07		-5.53467		0		0		3.24163e+06		539.426		
00:00:58:200		1.50767e+06		277.348		131.352		0		3		271.747			00:00:58:200		1.12123e+07		-5.52963		0		0		3.2457e+06		540.11		
00:00:58:100		1.50768e+06		277.348		131.352		0		3		271.788			00:00:58:100		1.12183e+07		-5.52454		0		0		3.24953e+06		540.784		
00:00:57:899		1.5077e+06		277.015		131.459		0		3		271.868			00:00:57:899		1.12303e+07		-5.51421		0		0		3.25643e+06		540.845		
00:00:57:899		1.5077e+06		277.015		131.459		0		3		271.868			00:00:57:899		1.12303e+07		-5.51421		0		0		3.25643e+06		540.845		
00:00:57:799		1.50771e+06		277.015		131.459		0		3		271.904			00:00:57:799		1.12364e+07		-5.50897		0		0		3.26037e+06		541.156		
00:00:57:700		1.50771e+06		276.682		131.57		0		2.98799		271.937			00:00:57:700		1.12425e+07		-5.50367		0		0		3.26651e+06		542.741		
00:00:57:600		1.50772e+06		276.682		131.57		0		2.98799		271.973			00:00:57:600		1.12487e+07		-5.49832		0		0		3.2726e+06		543.997		
00:00:57:500		1.50773e+06		276.348		131.685		0		2.97499		272.01			00:00:57:500		1.12549e+07		-5.49291		0		0		3.27775e+06		545.101		
00:00:57:399		1.50774e+06		276.348		131.685		0		2.97499		272.051			00:00:57:399		1.1261e+07		-5.48746		0		0		3.28293e+06		546.981		
00:00:57:200		1.50776e+06		276.012		131.805		0		2.96199		272.138			00:00:57:200		1.12732e+07		-5.47641		0		0		3.2903e+06		549.368		
00:00:57:200		1.50776e+06		276.012		131.805		0		2.96199		272.138			00:00:57:200		1.12732e+07		-5.47641		0		0		3.2903e+06		549.368		
00:00:57:049		1.50777e+06		276.012		131.805		0		2.96199		272.199			00:00:57:049		1.12823e+07		-5.46798		0		0		3.28821e+06		546.944		
00:00:56:899		1.50778e+06		275.675		131.929		0		2.94897		272.255			00:00:56:899		1.12915e+07		-5.45941		0		0		3.29357e+06		548.061		
00:00:56:899		1.50778e+06		275.675		131.929		0		2.94897		272.255			00:00:56:899		1.12915e+07		-5.45941		0		0		3.29357e+06		548.061		
00:00:56:799		1.50779e+06		275.675		131.929		0		2.94897		272.295			00:00:56:799		1.12976e+07		-5.4536		0		0		3.29735e+06		548.759		
00:00:56:700		1.5078e+06		275.337		132.059		0		2.93593		272.337			00:00:56:700		1.13037e+07		-5.44771		0		0		3.30094e+06		549.164		
00:00:56:600		1.50781e+06		275.337		132.059		0		2.93593		272.377			00:00:56:600		1.13098e+07		-5.44176		0		0		3.30412e+06		548.892		
00:00:56:450		1.50782e+06		274.998		132.194		0		2.92286		272.427			00:00:56:450		1.13191e+07		-5.43271		0		0		3.31047e+06		549.799		
00:00:56:350		1.50783e+06		274.998		132.194		0		2.92286		272.46			00:00:56:350		1.13254e+07		-5.42659		0		0		3.31676e+06		551.273		
00:00:56:250		1.50784e+06		274.66		132.194		0		2.92286		272.494			00:00:56:250		1.13317e+07		-5.42041		0		0		3.3221e+06		552.198		
00:00:56:149		1.50785e+06		274.66		132.334		0		2.90976		272.531			00:00:56:149		1.1338e+07		-5.41418		0		0		3.32708e+06		553.532		
00:00:56:100		1.50785e+06		274.66		132.334		0		2.90976		272.55			00:00:56:100		1.13411e+07		-5.41104		0		0		3.32977e+06		554.747		
00:00:55:899		1.50787e+06		274.32		132.48		0		2.89666		272.632			00:00:55:899		1.13536e+07		-5.39838		0		0		3.33727e+06		557.286		
00:00:55:899		1.50787e+06		274.32		132.48		0		2.89666		272.632			00:00:55:899		1.13536e+07		-5.39838		0		0		3.33727e+06		557.286		
00:00:55:799		1.50788e+06		274.32		132.48		0		2.89666		272.671			00:00:55:799		1.13597e+07		-5.39198		0		0		3.33474e+06		554.731		
00:00:55:700		1.50788e+06		273.98		132.631		0		2.88354		272.705			00:00:55:700		1.1366e+07		-5.38554		0		0		3.33575e+06		554.888		
00:00:55:600		1.50789e+06		273.98		132.631		0		2.88354		272.74			00:00:55:600		1.13722e+07		-5.37907		0		0		3.33985e+06		555.605		
00:00:55:500		1.5079e+06		273.639		132.631		0		2.88354		272.778			00:00:55:500		1.13784e+07		-5.37257		0		0		3.34375e+06		556.317		
00:00:55:399		1.50791e+06		273.639		132.789		0		2.8704		272.816			00:00:55:399		1.13846e+07		-5.36604		0		0		3.34754e+06		556.815		
00:00:55:250		1.50792e+06		273.295		132.789		0		2.8704		272.873			00:00:55:250		1.13939e+07		-5.35624		0		0		3.35265e+06		556.667		
00:00:55:149		1.50793e+06		273.295		132.952		0		2.85723		272.905			00:00:55:149		1.14002e+07		-5.34968		0		0		3.35727e+06		557.607		
00:00:54:950		1.50795e+06		272.952		133.122		0		2.84404		272.971			00:00:54:950		1.14127e+07		-5.33655		0		0		3.36847e+06		559.843		
00:00:54:850		1.50796e+06		272.952		133.122		0		2.84404		273.009			00:00:54:850		1.1419e+07		-5.32996		0		0		3.37361e+06		561.717		
00:00:54:850		1.50796e+06		272.952		133.122		0		2.84404		273.009			00:00:54:850		1.1419e+07		-5.32996		0		0		3.37361e+06		561.717		
00:00:54:750		1.50797e+06		272.609		133.122		0		2.84404		273.05			00:00:54:750		1.14252e+07		-5.32337		0		0		3.37951e+06		564.917		
00:00:54:649		1.50797e+06		272.609		133.298		0		2.83085		273.093			00:00:54:649		1.14313e+07		-5.31676		0		0		3.38219e+06		565.131		
00:00:54:549		1.50798e+06		272.609		133.298		0		2.83085		273.134			00:00:54:549		1.14374e+07		-5.31012		0		0		3.37957e+06		562.287		
00:00:54:450		1.50799e+06		272.263		133.481		0		2.81763		273.172			00:00:54:450		1.14435e+07		-5.30345		0		0		3.37948e+06		561.749		
00:00:54:350		1.508e+06		272.263		133.481		0		2.81763		273.207			00:00:54:350		1.14496e+07		-5.29674		0		0		3.38377e+06		562.682		
00:00:54:250		1.50801e+06		271.918		133.481		0		2.81763		273.246			00:00:54:250		1.14556e+07		-5.28999		0		0		3.38807e+06		563.447		
00:00:54:149		1.50802e+06		271.918		133.671		0		2.80439		273.287			00:00:54:149		1.14617e+07		-5.2832		0		0		3.3922e+06		564.079		
00:00:53:950		1.50803e+06		271.571		133.867		0		2.79112		273.366			00:00:53:950		1.1474e+07		-5.26951		0		0		3.40002e+06		564.532		
00:00:53:850		1.50804e+06		271.571		133.867		0		2.79112		273.401			00:00:53:850		1.14802e+07		-5.26261		0		0		3.40513e+06		565.617		
00:00:53:850		1.50804e+06		271.571		133.867		0		2.79112		273.401			00:00:53:850		1.14802e+07		-5.26261		0		0		3.40513e+06		565.617		
00:00:53:750		1.50805e+06		271.225		133.867		0		2.79112		273.438			00:00:53:750		1.14864e+07		-5.25567		0		0		3.41088e+06		566.785		
00:00:53:649		1.50806e+06		271.225		134.071		0		2.77783		273.478			00:00:53:649		1.14926e+07		-5.24869		0		0		3.41616e+06		568.11		
00:00:53:549		1.50807e+06		271.225		134.071		0		2.77783		273.522			00:00:53:549		1.14987e+07		-5.24169		0		0		3.422e+06		571.091		
00:00:53:450		1.50808e+06		270.879		134.282		0		2.76453		273.567			00:00:53:450		1.15048e+07		-5.23467		0		0		3.4268e+06		573.292		
00:00:53:350		1.50808e+06		270.879		134.282		0		2.76453		273.613			00:00:53:350		1.15109e+07		-5.22761		0		0		3.42586e+06		571.048		
00:00:53:250		1.50809e+06		270.532		134.282		0		2.76453		273.656			00:00:53:250		1.15169e+07		-5.22051		0		0		3.42345e+06		568.856		
00:00:53:149		1.5081e+06		270.532		134.501		0		2.75121		273.694			00:00:53:149		1.15229e+07		-5.21337		0		0		3.42586e+06		569.418		
00:00:53:049		1.50811e+06		270.532		134.501		0		2.75121		273.735			00:00:53:049		1.1529e+07		-5.20619		0		0		3.43089e+06		570.343		
00:00:52:950		1.50812e+06		270.184		134.727		0		2.73787		273.776			00:00:52:950		1.15352e+07		-5.19898		0		0		3.43542e+06		571.087		
00:00:52:850		1.50813e+06		270.184		134.727		0		2.73787		273.837			00:00:52:850		1.15444e+07		-5.18809		0		0		3.44188e+06		571.785		
00:00:52:700		1.50814e+06		269.833		134.961		0		2.7245		273.877			00:00:52:700		1.15506e+07		-5.18078		0		0		3.4463e+06		572.18		
00:00:52:700		1.50814e+06		269.833		134.961		0		2.7245		273.877			00:00:52:700		1.15506e+07		-5.18078		0		0		3.4463e+06		572.18		
00:00:52:600		1.50815e+06		269.833		134.961		0		2.7245		273.915			00:00:52:600		1.15568e+07		-5.17343		0		0		3.45155e+06		573.186		
00:00:52:399		1.50817e+06		269.484		135.203		0		2.71111		273.998			00:00:52:399		1.15693e+07		-5.15864		0		0		3.46321e+06		576.58		
00:00:52:299		1.50817e+06		269.484		135.203		0		2.71111		274.044			00:00:52:299		1.15754e+07		-5.1512		0		0		3.4695e+06		580.069		
00:00:52:299		1.50817e+06		269.484		135.203		0		2.71111		274.044			00:00:52:299		1.15754e+07		-5.1512		0		0		3.4695e+06		580.069		
00:00:52:200		1.50818e+06		269.133		135.452		0		2.69771		274.091			00:00:52:200		1.15815e+07		-5.14373		0		0		3.47213e+06		580.347		
00:00:52:049		1.50819e+06		269.133		135.452		0		2.69771		274.16			00:00:52:049		1.15906e+07		-5.13244		0		0		3.46821e+06		576.548		
00:00:51:950		1.5082e+06		268.782		135.71		0		2.68429		274.201			00:00:51:950		1.15967e+07		-5.12486		0		0		3.46933e+06		576.311		
00:00:51:799		1.50822e+06		268.782		135.71		0		2.68429		274.259			00:00:51:799		1.16059e+07		-5.1134		0		0		3.47688e+06		577.813		
00:00:51:799		1.50822e+06		268.782		135.71		0		2.68429		274.259			00:00:51:799		1.16059e+07		-5.1134		0		0		3.47688e+06		577.813		
00:00:51:700		1.50822e+06		268.43		135.977		0		2.67084		274.3			00:00:51:700		1.16121e+07		-5.10571		0		0		3.4816e+06		578.462		
00:00:51:600		1.50823e+06		268.43		135.977		0		2.67084		274.34			00:00:51:600		1.16183e+07		-5.09797		0		0		3.48613e+06		578.868		
00:00:51:500		1.50824e+06		268.077		135.977		0		2.67084		274.379			00:00:51:500		1.16246e+07		-5.0902		0		0		3.49096e+06		579.388		
00:00:51:399		1.50825e+06		268.077		136.252		0		2.65737		274.418			00:00:51:399		1.16308e+07		-5.08239		0		0		3.49663e+06		580.458		
00:00:51:299		1.50826e+06		268.077		136.252		0		2.65737		274.459			00:00:51:299		1.16371e+07		-5.07456		0		0		3.50289e+06		581.928		
00:00:51:200		1.50827e+06		267.728		136.537		0		2.64387		274.503			00:00:51:200		1.16433e+07		-5.06673		0		0		3.50927e+06		584.734		
00:00:51:100		1.50828e+06		267.728		136.537		0		2.64387		274.549			00:00:51:100		1.16495e+07		-5.05893		0		0		3.51563e+06		588.097		
00:00:50:899		1.50829e+06		267.381		136.828		0		2.63037		274.643			00:00:50:899		1.16617e+07		-5.04336		0		0		3.51358e+06		584.694		
00:00:50:899		1.50829e+06		267.381		136.828		0		2.63037		274.643			00:00:50:899		1.16617e+07		-5.04336		0		0		3.51358e+06		584.694		
00:00:50:799		1.5083e+06		267.381		136.828		0		2.63037		274.686			00:00:50:799		1.16678e+07		-5.03555		0		0		3.51323e+06		583.228		
00:00:50:700		1.50831e+06		267.033		137.124		0		2.61685		274.724			00:00:50:700		1.1674e+07		-5.02772		0		0		3.51732e+06		584.272		
00:00:50:600		1.50832e+06		267.033		137.124		0		2.61685		274.765			00:00:50:600		1.16802e+07		-5.01987		0		0		3.5226e+06		585.096		
00:00:50:500		1.50833e+06		266.685		137.124		0		2.61685		274.805			00:00:50:500		1.16864e+07		-5.01201		0		0		3.52764e+06		585.812		
00:00:50:399		1.50834e+06		266.685		137.425		0		2.60329		274.844			00:00:50:399		1.16927e+07		-5.00414		0		0		3.53249e+06		586.2		
00:00:50:299		1.50834e+06		266.685		137.425		0		2.60329		274.883			00:00:50:299		1.1699e+07		-4.99627		0		0		3.53773e+06		586.835		
00:00:50:100		1.50836e+06		266.336		137.733		0		2.5897		274.966			00:00:50:100		1.17116e+07		-4.98051		0		0		3.55094e+06		590.598		
00:00:50:100		1.50836e+06		266.336		137.733		0		2.5897		274.966			00:00:50:100		1.17116e+07		-4.98051		0		0		3.55094e+06		590.598		
00:00:49:899		1.50838e+06		265.984		138.046		0		2.57611		275.06			00:00:49:899		1.17241e+07		-4.96479		0		0		3.56203e+06		595.613		
00:00:49:899		1.50838e+06		265.984		138.046		0		2.57611		275.06			00:00:49:899		1.17241e+07		-4.96479		0		0		3.56203e+06		595.613		
00:00:49:799		1.50839e+06		265.984		138.046		0		2.57611		275.107			00:00:49:799		1.17302e+07		-4.95693		0		0		3.55977e+06		593.359		
00:00:49:700		1.50839e+06		265.634		138.364		0		2.5625		275.153			00:00:49:700		1.17364e+07		-4.94905		0		0		3.55812e+06		591.328		
00:00:49:600		1.5084e+06		265.634		138.364		0		2.5625		275.195			00:00:49:600		1.17425e+07		-4.94112		0		0		3.5593e+06		590.956		
00:00:49:500		1.50841e+06		265.282		138.364		0		2.5625		275.234			00:00:49:500		1.17488e+07		-4.93315		0		0		3.56459e+06		592.011		
00:00:49:399		1.50842e+06		265.282		138.689		0		2.54887		275.274			00:00:49:399		1.1755e+07		-4.92515		0		0		3.56957e+06		592.641		
00:00:49:299		1.50843e+06		265.282		138.689		0		2.54887		275.314			00:00:49:299		1.17613e+07		-4.91711		0		0		3.57465e+06		593.186		
00:00:49:200		1.50844e+06		264.929		139.018		0		2.5352		275.353			00:00:49:200		1.17676e+07		-4.90905		0		0		3.57993e+06		593.603		
00:00:49:000		1.50845e+06		264.575		139.018		0		2.5352		275.434			00:00:49:000		1.17804e+07		-4.89288		0		0		3.5934e+06		597.116		
00:00:48:899		1.50846e+06		264.575		139.354		0		2.52151		275.48			00:00:48:899		1.17867e+07		-4.8848		0		0		3.60137e+06		601.181		
00:00:48:899		1.50846e+06		264.575		139.354		0		2.52151		275.48			00:00:48:899		1.17867e+07		-4.8848		0		0		3.60137e+06		601.181		
00:00:48:750		1.50848e+06		264.22		139.354		0		2.52151		275.551			00:00:48:750		1.1796e+07		-4.87269		0		0		3.60607e+06		602.042		
00:00:48:649		1.50848e+06		264.22		139.696		0		2.50781		275.598			00:00:48:649		1.18023e+07		-4.86462		0		0		3.60352e+06		600.203		
00:00:48:600		1.50849e+06		264.22		139.696		0		2.50781		275.621			00:00:48:600		1.18053e+07		-4.86058		0		0		3.60308e+06		599.229		
00:00:48:500		1.5085e+06		263.865		139.696		0		2.50781		275.665			00:00:48:500		1.18115e+07		-4.85248		0		0		3.60346e+06		598.021		
00:00:48:399		1.50851e+06		263.865		140.043		0		2.49409		275.703			00:00:48:399		1.18178e+07		-4.84433		0		0		3.60818e+06		599.286		
00:00:48:299		1.50851e+06		263.865		140.043		0		2.49409		275.744			00:00:48:299		1.1824e+07		-4.83615		0		0		3.61353e+06		599.928		
00:00:48:149		1.50853e+06		263.508		140.396		0		2.48034		275.804			00:00:48:149		1.18335e+07		-4.82383		0		0		3.62094e+06		600.3		
00:00:48:049		1.50853e+06		263.508		140.396		0		2.48034		275.843			00:00:48:049		1.18398e+07		-4.81559		0		0		3.62671e+06		600.936		
00:00:47:950		1.50854e+06		263.148		140.755		0		2.46655		275.885			00:00:47:950		1.18462e+07		-4.80734		0		0		3.63411e+06		603.044		
00:00:47:850		1.50855e+06		263.148		140.755		0		2.46655		275.93			00:00:47:850		1.18525e+07		-4.7991		0		0		3.64285e+06		607.184		
00:00:47:750		1.50856e+06		262.788		140.755		0		2.46655		275.978			00:00:47:750		1.18588e+07		-4.79087		0		0		3.6495e+06		610.082		
00:00:47:649		1.50857e+06		262.788		141.119		0		2.45276		276.025			00:00:47:649		1.18651e+07		-4.78264		0		0		3.64941e+06		608.588		
00:00:47:549		1.50858e+06		262.788		141.119		0		2.45276		276.073			00:00:47:549		1.18714e+07		-4.7744		0		0		3.64754e+06		607.169		
00:00:47:450		1.50859e+06		262.426		141.491		0		2.43895		276.118			00:00:47:450		1.18776e+07		-4.76613		0		0		3.64766e+06		605.446		
00:00:47:350		1.50859e+06		262.426		141.491		0		2.43895		276.158			00:00:47:350		1.18839e+07		-4.75781		0		0		3.65063e+06		606.013		
00:00:47:250		1.5086e+06		262.06		141.491		0		2.43895		276.198			00:00:47:250		1.18902e+07		-4.74947		0		0		3.65659e+06		606.938		
00:00:47:149		1.50861e+06		262.06		141.869		0		2.42511		276.239			00:00:47:149		1.18965e+07		-4.74109		0		0		3.66179e+06		607.403		
00:00:47:049		1.50862e+06		262.06		141.869		0		2.42511		276.28			00:00:47:049		1.19029e+07		-4.73269		0		0		3.6672e+06		607.695		
00:00:46:950		1.50863e+06		261.689		142.254		0		2.41124		276.321			00:00:46:950		1.19093e+07		-4.72428		0		0		3.6736e+06		608.9		
00:00:46:850		1.50864e+06		261.689		142.254		0		2.41124		276.366			00:00:46:850		1.19157e+07		-4.71587		0		0		3.68204e+06		612.631		
00:00:46:750		1.50865e+06		261.312		142.254		0		2.41124		276.414			00:00:46:750		1.19221e+07		-4.70747		0		0		3.69042e+06		616.603		
00:00:46:649		1.50865e+06		261.312		142.648		0		2.39736		276.462			00:00:46:649		1.19284e+07		-4.69908		0		0		3.69236e+06		615.976		
00:00:46:549		1.50866e+06		261.312		142.648		0		2.39736		276.509			00:00:46:549		1.19347e+07		-4.69067		0		0		3.69028e+06		614.581		
00:00:46:450		1.50867e+06		260.926		143.05		0		2.38346		276.556			00:00:46:450		1.19411e+07		-4.68224		0		0		3.69035e+06		613.009		
00:00:46:350		1.50868e+06		260.926		143.05		0		2.38346		276.599			00:00:46:350		1.19474e+07		-4.67379		0		0		3.69205e+06		612.432		
00:00:46:250		1.50869e+06		260.524		143.05		0		2.38346		276.638			00:00:46:250		1.19538e+07		-4.6653		0		0		3.6977e+06		613.662		
00:00:46:149		1.5087e+06		260.524		143.462		0		2.36952		276.68			00:00:46:149		1.19602e+07		-4.6568		0		0		3.70332e+06		614.225		
00:00:46:049		1.5087e+06		260.524		143.462		0		2.36952		276.721			00:00:46:049		1.19667e+07		-4.64833		0		0		3.70892e+06		614.622		
00:00:45:850		1.50872e+06		260.092		143.886		0		2.35556		276.811			00:00:45:850		1.19794e+07		-4.63156		0		0		3.72407e+06		620.316		
00:00:45:850		1.50872e+06		260.092		143.886		0		2.35556		276.811			00:00:45:850		1.19794e+07		-4.63156		0		0		3.72407e+06		620.316		
00:00:45:750		1.50873e+06		259.614		143.886		0		2.35556		276.859			00:00:45:750		1.19855e+07		-4.6232		0		0		3.73136e+06		623.176		
00:00:45:649		1.50874e+06		259.614		144.323		0		2.34159		276.907			00:00:45:649		1.19917e+07		-4.61485		0		0		3.73147e+06		621.678		
00:00:45:549		1.50875e+06		259.614		144.323		0		2.34159		276.955			00:00:45:549		1.19979e+07		-4.60648		0		0		3.73054e+06		620.544		
00:00:45:450		1.50876e+06		259.469		144.762		0		2.32759		277			00:00:45:450		1.20041e+07		-4.5981		0		0		3.73137e+06		618.948		
00:00:45:350		1.50876e+06		259.469		144.762		0		2.32759		277.041			00:00:45:350		1.20103e+07		-4.58968		0		0		3.73468e+06		619.367		
00:00:45:200		1.50878e+06		259.326		145.205		0		2.31356		277.103			00:00:45:200		1.20197e+07		-4.577		0		0		3.74427e+06		620.66		
00:00:45:100		1.50879e+06		259.326		145.205		0		2.31356		277.147			00:00:45:100		1.2026e+07		-4.56855		0		0		3.75052e+06		621.749		
00:00:45:100		1.50879e+06		259.326		145.205		0		2.31356		277.147			00:00:45:100		1.2026e+07		-4.56855		0		0		3.75052e+06		621.749		
00:00:44:850		1.50881e+06		259.182		145.65		0		2.29952		277.266			00:00:44:850		1.20417e+07		-4.54747		0		0		3.76801e+06		628.576		
00:00:44:850		1.50881e+06		259.182		145.65		0		2.29952		277.266			00:00:44:850		1.20417e+07		-4.54747		0		0		3.76801e+06		628.576		
00:00:44:750		1.50882e+06		259.04		145.65		0		2.29952		277.314			00:00:44:750		1.20479e+07		-4.53905		0		0		3.76726e+06		627.212		
00:00:44:649		1.50882e+06		259.04		146.098		0		2.28546		277.362			00:00:44:649		1.20542e+07		-4.53062		0		0		3.7677e+06		626.389		
00:00:44:549		1.50883e+06		259.04		146.098		0		2.28546		277.407			00:00:44:549		1.20604e+07		-4.52217		0		0		3.76906e+06		624.948		
00:00:44:450		1.50884e+06		258.898		146.548		0		2.27137		277.449			00:00:44:450		1.20667e+07		-4.51368		0		0		3.77296e+06		625.576		
00:00:44:350		1.50885e+06		258.898		146.548		0		2.27137		277.491			00:00:44:350		1.2073e+07		-4.50517		0		0		3.77975e+06		626.538		
00:00:44:250		1.50886e+06		258.757		146.548		0		2.27137		277.535			00:00:44:250		1.20793e+07		-4.49664		0		0		3.78604e+06		627.45		
00:00:44:100		1.50887e+06		258.757		147.001		0		2.25725		277.606			00:00:44:100		1.20888e+07		-4.48386		0		0		3.79815e+06		632.834		
00:00:44:000		1.50888e+06		258.615		147.001		0		2.25725		277.654			00:00:44:000		1.20951e+07		-4.47533		0		0		3.80438e+06		634.681		
00:00:43:899		1.50889e+06		258.615		147.456		0		2.24312		277.702			00:00:43:899		1.21014e+07		-4.46678		0		0		3.80395e+06		633.073		
00:00:43:899		1.50889e+06		258.615		147.456		0		2.24312		277.702			00:00:43:899		1.21014e+07		-4.46678		0		0		3.80395e+06		633.073		
00:00:43:799		1.5089e+06		258.615		147.456		0		2.24312		277.749			00:00:43:799		1.21077e+07		-4.4582		0		0		3.80411e+06		631.985		
00:00:43:700		1.5089e+06		258.475		147.912		0		2.22896		277.795			00:00:43:700		1.2114e+07		-4.44958		0		0		3.80584e+06		630.634		
00:00:43:500		1.50892e+06		258.335		147.912		0		2.22896		277.881			00:00:43:500		1.21267e+07		-4.4322		0		0		3.81807e+06		633.072		
00:00:43:500		1.50892e+06		258.335		147.912		0		2.22896		277.881			00:00:43:500		1.21267e+07		-4.4322		0		0		3.81807e+06		633.072		
00:00:43:399		1.50893e+06		258.335		148.371		0		2.21478		277.928			00:00:43:399		1.2133e+07		-4.42348		0		0		3.82562e+06		636.111		
00:00:43:299		1.50894e+06		258.335		148.371		0		2.21478		277.977			00:00:43:299		1.21393e+07		-4.41476		0		0		3.83302e+06		639.123		
00:00:43:100		1.50896e+06		258.195		148.831		0		2.20058		278.073			00:00:43:100		1.21517e+07		-4.39728		0		0		3.83529e+06		637.728		
00:00:43:100		1.50896e+06		258.195		148.831		0		2.20058		278.073			00:00:43:100		1.21517e+07		-4.39728		0		0		3.83529e+06		637.728		
00:00:42:899		1.50897e+06		258.057		149.293		0		2.18635		278.165			00:00:42:899		1.2164e+07		-4.37976		0		0		3.83967e+06		635.917		
00:00:42:899		1.50897e+06		258.057		149.293		0		2.18635		278.165			00:00:42:899		1.2164e+07		-4.37976		0		0		3.83967e+06		635.917		
00:00:42:799		1.50898e+06		258.057		149.293		0		2.18635		278.208			00:00:42:799		1.21702e+07		-4.37097		0		0		3.8465e+06		637.578		
00:00:42:700		1.50899e+06		257.918		149.756		0		2.1721		278.254			00:00:42:700		1.21764e+07		-4.36219		0		0		3.85412e+06		639.839		
00:00:42:600		1.509e+06		257.918		149.756		0		2.1721		278.303			00:00:42:600		1.21826e+07		-4.35342		0		0		3.86215e+06		643.521		
00:00:42:500		1.50901e+06		257.779		149.756		0		2.1721		278.352			00:00:42:500		1.21888e+07		-4.34464		0		0		3.86673e+06		644.087		
00:00:42:299		1.50902e+06		257.779		150.22		0		2.15784		278.447			00:00:42:299		1.22011e+07		-4.32709		0		0		3.86799e+06		641.84		
00:00:42:299		1.50902e+06		257.779		150.22		0		2.15784		278.447			00:00:42:299		1.22011e+07		-4.32709		0		0		3.86799e+06		641.84		
00:00:42:200		1.50903e+06		257.641		150.686		0		2.14354		278.493			00:00:42:200		1.22073e+07		-4.31828		0		0		3.8708e+06		641.036		
00:00:42:100		1.50904e+06		257.641		150.686		0		2.14354		278.536			00:00:42:100		1.22135e+07		-4.30947		0		0		3.87718e+06		643.083		
00:00:41:899		1.50906e+06		257.503		151.152		0		2.12922		278.634			00:00:41:899		1.22259e+07		-4.29186		0		0		3.89192e+06		648.358		
00:00:41:899		1.50906e+06		257.503		151.152		0		2.12922		278.634			00:00:41:899		1.22259e+07		-4.29186		0		0		3.89192e+06		648.358		
00:00:41:799		1.50907e+06		257.503		151.152		0		2.12922		278.682			00:00:41:799		1.2232e+07		-4.28306		0		0		3.89381e+06		647.682		
00:00:41:700		1.50907e+06		257.366		151.618		0		2.11489		278.73			00:00:41:700		1.22382e+07		-4.27426		0		0		3.89484e+06		646.929		
00:00:41:600		1.50908e+06		257.366		151.618		0		2.11489		278.777			00:00:41:600		1.22444e+07		-4.26545		0		0		3.89704e+06		645.77		
00:00:41:500		1.50909e+06		257.227		151.618		0		2.11489		278.823			00:00:41:500		1.22506e+07		-4.25662		0		0		3.90141e+06		646.453		
00:00:41:399		1.5091e+06		257.227		152.084		0		2.10053		278.869			00:00:41:399		1.22568e+07		-4.24779		0		0		3.9096e+06		649.468		
00:00:41:299		1.50911e+06		257.227		152.084		0		2.10053		278.918			00:00:41:299		1.2263e+07		-4.23897		0		0		3.9169e+06		652.16		
00:00:41:149		1.50912e+06		257.087		152.551		0		2.08617		278.991			00:00:41:149		1.22724e+07		-4.22576		0		0		3.92088e+06		651.779		
00:00:41:100		1.50913e+06		257.087		152.551		0		2.08617		279.015			00:00:41:100		1.22755e+07		-4.22136		0		0		3.92157e+06		651.542		
00:00:40:950		1.50914e+06		256.945		153.017		0		2.07179		279.087			00:00:40:950		1.22848e+07		-4.20814		0		0		3.9255e+06		650.349		
00:00:40:850		1.50915e+06		256.945		153.017		0		2.07179		279.133			00:00:40:850		1.22911e+07		-4.19933		0		0		3.93075e+06		651.823		
00:00:40:750		1.50916e+06		256.802		153.017		0		2.07179		279.181			00:00:40:750		1.22974e+07		-4.19051		0		0		3.9391e+06		655.026		
00:00:40:700		1.50916e+06		256.802		153.483		0		2.05741		279.206			00:00:40:700		1.23005e+07		-4.1861		0		0		3.94257e+06		656.202		
00:00:40:600		1.50917e+06		256.802		153.483		0		2.05741		279.255			00:00:40:600		1.23068e+07		-4.17728		0		0		3.94651e+06		656.426		
00:00:40:450		1.50918e+06		256.657		153.948		0		2.04301		279.327			00:00:40:450		1.23162e+07		-4.16403		0		0		3.94907e+06		655.669		
00:00:40:399		1.50919e+06		256.657		153.948		0		2.04301		279.351			00:00:40:399		1.23194e+07		-4.15961		0		0		3.95048e+06		655.308		
00:00:40:250		1.5092e+06		256.511		153.948		0		2.04301		279.422			00:00:40:250		1.23288e+07		-4.14631		0		0		3.95689e+06		656.141		
00:00:40:149		1.50921e+06		256.511		154.412		0		2.0286		279.47			00:00:40:149		1.23351e+07		-4.13743		0		0		3.96507e+06		659.335		
00:00:40:100		1.50921e+06		256.511		154.412		0		2.0286		279.494			00:00:40:100		1.23382e+07		-4.13298		0		0		3.96848e+06		660.359		
00:00:39:850		1.50923e+06		256.363		154.875		0		2.01419		279.616			00:00:39:850		1.23539e+07		-4.11074		0		0		3.97522e+06		659.886		
00:00:39:850		1.50923e+06		256.363		154.875		0		2.01419		279.616			00:00:39:850		1.23539e+07		-4.11074		0		0		3.97522e+06		659.886		
00:00:39:750		1.50924e+06		256.212		154.875		0		2.01419		279.664			00:00:39:750		1.23602e+07		-4.10183		0		0		3.97851e+06		659.341		
00:00:39:649		1.50925e+06		256.212		155.336		0		1.99976		279.712			00:00:39:649		1.23665e+07		-4.09292		0		0		3.98363e+06		660.821		
00:00:39:549		1.50926e+06		256.212		155.336		0		1.99976		279.76			00:00:39:549		1.23728e+07		-4.08403		0		0		3.99164e+06		663.887		
00:00:39:450		1.50927e+06		256.06		155.795		0		1.98533		279.809			00:00:39:450		1.23791e+07		-4.07515		0		0		3.99668e+06		664.713		
00:00:39:350		1.50927e+06		256.06		155.795		0		1.98533		279.858			00:00:39:350		1.23854e+07		-4.06629		0		0		3.99868e+06		664.231		
00:00:39:250		1.50928e+06		255.906		155.795		0		1.98533		279.906			00:00:39:250		1.23917e+07		-4.05744		0		0		4.00144e+06		664.034		
00:00:39:149		1.50929e+06		255.906		156.252		0		1.97088		279.955			00:00:39:149		1.2398e+07		-4.04862		0		0		4.00508e+06		663.703		
00:00:39:049		1.5093e+06		255.906		156.252		0		1.97088		280.003			00:00:39:049		1.24043e+07		-4.03982		0		0		4.0108e+06		665.769		
00:00:38:950		1.50931e+06		255.749		156.707		0		1.95643		280.051			00:00:38:950		1.24106e+07		-4.03103		0		0		4.01856e+06		668.466		
00:00:38:850		1.50932e+06		255.749		156.707		0		1.95643		280.101			00:00:38:850		1.24169e+07		-4.02225		0		0		4.02247e+06		668.569		
00:00:38:750		1.50933e+06		255.59		156.707		0		1.95643		280.149			00:00:38:750		1.24232e+07		-4.01348		0		0		4.02452e+06		668.207		
00:00:38:649		1.50933e+06		255.59		157.159		0		1.94197		280.198			00:00:38:649		1.24294e+07		-4.00469		0		0		4.02786e+06		668.063		
00:00:38:549		1.50934e+06		255.59		157.159		0		1.94197		280.247			00:00:38:549		1.24357e+07		-3.99587		0		0		4.03203e+06		668.205		
00:00:38:450		1.50935e+06		255.428		157.607		0		1.9275		280.295			00:00:38:450		1.2442e+07		-3.98703		0		0		4.03882e+06		671.062		
00:00:38:350		1.50936e+06		255.428		157.607		0		1.9275		280.344			00:00:38:350		1.24483e+07		-3.97814		0		0		4.04574e+06		672.911		
00:00:38:250		1.50937e+06		255.264		157.607		0		1.9275		280.393			00:00:38:250		1.24546e+07		-3.9692		0		0		4.04844e+06		672.49		
00:00:38:149		1.50938e+06		255.264		158.052		0		1.91303		280.442			00:00:38:149		1.24609e+07		-3.96018		0		0		4.0508e+06		672.238		
00:00:37:950		1.50939e+06		255.097		158.492		0		1.89855		280.539			00:00:37:950		1.24735e+07		-3.94193		0		0		4.05955e+06		673.063		
00:00:37:850		1.5094e+06		255.097		158.492		0		1.89855		280.588			00:00:37:850		1.24798e+07		-3.93272		0		0		4.0672e+06		676.197		
00:00:37:850		1.5094e+06		255.097		158.492		0		1.89855		280.588			00:00:37:850		1.24798e+07		-3.93272		0		0		4.0672e+06		676.197		
00:00:37:750		1.50941e+06		254.927		158.492		0		1.89855		280.638			00:00:37:750		1.24861e+07		-3.92347		0		0		4.07274e+06		677.025		
00:00:37:649		1.50942e+06		254.927		158.928		0		1.88406		280.687			00:00:37:649		1.24924e+07		-3.91421		0		0		4.07497e+06		676.547		
00:00:37:549		1.50943e+06		254.754		158.928		0		1.88406		280.76			00:00:37:549		1.25019e+07		-3.90036		0		0		4.08005e+06		676.405		
00:00:37:399		1.50944e+06		254.754		159.359		0		1.86956		280.808			00:00:37:399		1.25082e+07		-3.89123		0		0		4.08478e+06		676.961		
00:00:37:399		1.50944e+06		254.754		159.359		0		1.86956		280.808			00:00:37:399		1.25082e+07		-3.89123		0		0		4.08478e+06		676.961		
00:00:37:299		1.50945e+06		254.754		159.359		0		1.86956		280.856			00:00:37:299		1.25146e+07		-3.88222		0		0		4.09209e+06		680.005		
00:00:37:200		1.50946e+06		254.578		159.784		0		1.85507		280.905			00:00:37:200		1.25209e+07		-3.87337		0		0		4.09848e+06		681.329		
00:00:37:000		1.50947e+06		254.399		159.784		0		1.85507		281.002			00:00:37:000		1.25336e+07		-3.8562		0		0		4.1039e+06		680.721		
00:00:36:899		1.50948e+06		254.399		160.204		0		1.84056		281.051			00:00:36:899		1.254e+07		-3.84785		0		0		4.10821e+06		680.744		
00:00:36:899		1.50948e+06		254.399		160.204		0		1.84056		281.051			00:00:36:899		1.254e+07		-3.84785		0		0		4.10821e+06		680.744		
00:00:36:799		1.50949e+06		254.399		160.204		0		1.84056		281.099			00:00:36:799		1.25464e+07		-3.83963		0		0		4.11383e+06		682.351		
00:00:36:600		1.50951e+06		254.215		160.616		0		1.82605		281.197			00:00:36:600		1.25591e+07		-3.82342		0		0		4.12629e+06		685.563		
00:00:36:600		1.50951e+06		254.215		160.616		0		1.82605		281.197			00:00:36:600		1.25591e+07		-3.82342		0		0		4.12629e+06		685.563		
00:00:36:500		1.50952e+06		254.027		160.616		0		1.82605		281.245			00:00:36:500		1.25655e+07		-3.81536		0		0		4.12841e+06		684.963		
00:00:36:399		1.50953e+06		254.027		161.022		0		1.81154		281.294			00:00:36:399		1.25718e+07		-3.80728		0		0		4.1321e+06		685.125		
00:00:36:299		1.50953e+06		254.027		161.022		0		1.81154		281.342			00:00:36:299		1.25782e+07		-3.79916		0		0		4.13698e+06		685.42		
00:00:36:200		1.50954e+06		253.834		161.419		0		1.79702		281.39			00:00:36:200		1.25846e+07		-3.79098		0		0		4.14372e+06		688.063		
00:00:36:100		1.50955e+06		253.834		161.419		0		1.79702		281.439			00:00:36:100		1.25909e+07		-3.78273		0		0		4.15115e+06		690.261		
00:00:36:000		1.50956e+06		253.637		161.419		0		1.79702		281.488			00:00:36:000		1.25973e+07		-3.7744		0		0		4.15436e+06		689.887		
00:00:35:899		1.50957e+06		253.637		161.808		0		1.78251		281.536			00:00:35:899		1.26037e+07		-3.76599		0		0		4.15681e+06		689.554		
00:00:35:799		1.50958e+06		253.637		161.808		0		1.78251		281.584			00:00:35:799		1.26101e+07		-3.75751		0		0		4.16117e+06		689.716		
00:00:35:700		1.50958e+06		253.435		162.189		0		1.76799		281.633			00:00:35:700		1.26165e+07		-3.74894		0		0		4.16651e+06		690.578		
00:00:35:600		1.50959e+06		253.435		162.189		0		1.76799		281.681			00:00:35:600		1.26229e+07		-3.74031		0		0		4.17432e+06		693.825		
00:00:35:450		1.50961e+06		253.228		162.559		0		1.75347		281.754			00:00:35:450		1.26325e+07		-3.72724		0		0		4.18212e+06		694.834		
00:00:35:350		1.50961e+06		253.228		162.559		0		1.75347		281.803			00:00:35:350		1.26389e+07		-3.71846		0		0		4.18442e+06		694.269		
00:00:35:250		1.50962e+06		253.016		162.559		0		1.75347		281.851			00:00:35:250		1.26452e+07		-3.70962		0		0		4.18858e+06		694.459		
00:00:35:149		1.50963e+06		253.016		162.919		0		1.73895		281.9			00:00:35:149		1.26516e+07		-3.70074		0		0		4.19399e+06		695.114		
00:00:35:049		1.50964e+06		253.016		162.919		0		1.73895		281.948			00:00:35:049		1.2658e+07		-3.69181		0		0		4.20152e+06		698.1		
00:00:34:950		1.50965e+06		252.799		163.268		0		1.72443		281.997			00:00:34:950		1.26643e+07		-3.68285		0		0		4.20853e+06		699.765		
00:00:34:850		1.50966e+06		252.799		163.268		0		1.72443		282.046			00:00:34:850		1.26707e+07		-3.67385		0		0		4.21143e+06		699.143		
00:00:34:750		1.50967e+06		252.576		163.268		0		1.72443		282.094			00:00:34:750		1.2677e+07		-3.66483		0		0		4.21444e+06		698.99		
00:00:34:700		1.50967e+06		252.576		163.604		0		1.70991		282.118			00:00:34:700		1.26801e+07		-3.66032		0		0		4.2168e+06		699.188		
00:00:34:600		1.50968e+06		252.576		163.604		0		1.70991		282.167			00:00:34:600		1.26864e+07		-3.65127		0		0		4.2223e+06		699.691		
00:00:34:450		1.50969e+06		252.348		163.928		0		1.69539		282.239			00:00:34:450		1.26959e+07		-3.63766		0		0		4.23361e+06		703.835		
00:00:34:350		1.5097e+06		252.348		163.928		0		1.69539		282.288			00:00:34:350		1.27023e+07		-3.62858		0		0		4.23927e+06		704.525		
00:00:34:250		1.50971e+06		252.114		163.928		0		1.69539		282.337			00:00:34:250		1.27086e+07		-3.61949		0		0		4.24175e+06		703.829		
00:00:34:149		1.50972e+06		252.114		164.237		0		1.68088		282.386			00:00:34:149		1.27149e+07		-3.61039		0		0		4.2455e+06		703.901		
00:00:34:049		1.50972e+06		252.114		164.237		0		1.68088		282.435			00:00:34:049		1.27213e+07		-3.60128		0		0		4.25099e+06		704.37		
00:00:33:950		1.50973e+06		251.873		164.532		0		1.66636		282.483			00:00:33:950		1.27276e+07		-3.59216		0		0		4.25787e+06		706.618		
00:00:33:850		1.50974e+06		251.873		164.532		0		1.66636		282.533			00:00:33:850		1.27339e+07		-3.58303		0		0		4.26597e+06		709.272		
00:00:33:750		1.50975e+06		251.627		164.532		0		1.66636		282.582			00:00:33:750		1.27402e+07		-3.5739		0		0		4.27037e+06		709.268		
00:00:33:649		1.50976e+06		251.627		164.812		0		1.65186		282.631			00:00:33:649		1.27466e+07		-3.56475		0		0		4.27301e+06		708.68		
00:00:33:549		1.50977e+06		251.627		164.812		0		1.65186		282.681			00:00:33:549		1.27529e+07		-3.5556		0		0		4.27743e+06		708.844		
00:00:33:450		1.50978e+06		251.374		165.074		0		1.63735		282.73			00:00:33:450		1.27593e+07		-3.54643		0		0		4.28358e+06		709.934		
00:00:33:350		1.50978e+06		251.374		165.074		0		1.63735		282.78			00:00:33:350		1.27657e+07		-3.53726		0		0		4.2915e+06		712.771		
00:00:33:250		1.50979e+06		251.114		165.074		0		1.63735		282.83			00:00:33:250		1.2772e+07		-3.52809		0		0		4.29845e+06		714.2		
00:00:33:149		1.5098e+06		251.114		165.318		0		1.62285		282.881			00:00:33:149		1.27784e+07		-3.51891		0		0		4.30183e+06		713.697		
00:00:33:049		1.50981e+06		251.114		165.318		0		1.62285		282.931			00:00:33:049		1.27848e+07		-3.50971		0		0		4.30579e+06		713.911		
00:00:32:950		1.50982e+06		250.847		165.543		0		1.60836		282.981			00:00:32:950		1.27912e+07		-3.50051		0		0		4.31171e+06		714.92		
00:00:32:850		1.50983e+06		250.847		165.543		0		1.60836		283.031			00:00:32:850		1.27975e+07		-3.4913		0		0		4.31831e+06		716.612		
00:00:32:750		1.50984e+06		250.573		165.543		0		1.60836		283.082			00:00:32:750		1.28039e+07		-3.48208		0		0		4.32522e+06		718.721		
00:00:32:649		1.50984e+06		250.573		165.749		0		1.59389		283.133			00:00:32:649		1.28103e+07		-3.47285		0		0		4.33011e+06		719.037		
00:00:32:500		1.50986e+06		250.292		165.749		0		1.59389		283.209			00:00:32:500		1.28198e+07		-3.45898		0		0		4.33548e+06		718.995		
00:00:32:399		1.50987e+06		250.292		165.932		0		1.57942		283.26			00:00:32:399		1.28262e+07		-3.4497		0		3.46914		4.34098e+06		719.596		
00:00:32:399		1.50987e+06		250.292		165.932		0		1.57942		283.26			00:00:32:399		1.28262e+07		-3.4497		0		3.46914		4.34098e+06		719.596		
00:00:32:200		1.50988e+06		250.003		166.093		0		1.56496		283.359			00:00:32:200		1.28389e+07		-3.43108		0		0		4.35398e+06		722.255		
00:00:32:200		1.50988e+06		250.003		166.093		0		1.56496		283.359			00:00:32:200		1.28389e+07		-3.43108		0		0		4.35398e+06		722.255		
00:00:32:100		1.50989e+06		250.003		166.093		0		1.56496		283.408			00:00:32:100		1.28453e+07		-3.42175		0		0		4.36168e+06		724.298		
00:00:31:899		1.50991e+06		249.706		166.229		0		1.55051		283.507			00:00:31:899		1.28581e+07		-3.40304		0		0		4.37075e+06		724.029		
00:00:31:800		1.50992e+06		249.706		166.229		0		1.55051		283.556			00:00:31:800		1.28645e+07		-3.39368		0		0		4.37627e+06		724.964		
00:00:31:800		1.50992e+06		249.706		166.229		0		1.55051		283.556			00:00:31:800		1.28645e+07		-3.39368		0		0		4.37627e+06		724.964		
00:00:31:699		1.50992e+06		249.402		166.34		0		1.53608		283.607			00:00:31:699		1.2871e+07		-3.38433		0		0		4.38441e+06		727.317		
00:00:31:600		1.50993e+06		249.402		166.34		0		1.53608		283.658			00:00:31:600		1.28774e+07		-3.37498		0		0		4.39201e+06		729.346		
00:00:31:500		1.50994e+06		249.088		166.34		0		1.53608		283.71			00:00:31:500		1.28837e+07		-3.36563		0		0		4.39787e+06		731.134		
00:00:31:399		1.50995e+06		249.088		166.423		0		1.52167		283.76			00:00:31:399		1.28901e+07		-3.35626		0		0		4.40229e+06		731.241		
00:00:31:300		1.50996e+06		249.088		166.423		0		1.52167		283.809			00:00:31:300		1.28965e+07		-3.34689		0		0		4.40498e+06		731.065		
00:00:31:199		1.50997e+06		248.767		166.478		0		1.50728		283.858			00:00:31:199		1.29029e+07		-3.3375		0		0		4.40863e+06		730.961		
00:00:31:000		1.50998e+06		248.436		166.478		0		1.50728		283.957			00:00:31:000		1.29157e+07		-3.31872		0		0		4.42132e+06		734.235		
00:00:30:899		1.50999e+06		248.436		166.501		0		1.49292		284.007			00:00:30:899		1.29221e+07		-3.30931		0		0		4.42705e+06		735.555		
00:00:30:899		1.50999e+06		248.436		166.501		0		1.49292		284.007			00:00:30:899		1.29221e+07		-3.30931		0		0		4.42705e+06		735.555		
00:00:30:800		1.51e+06		248.436		166.501		0		1.49292		284.055			00:00:30:800		1.29285e+07		-3.29989		0		0		4.43066e+06		734.993		
00:00:30:699		1.51001e+06		248.092		166.493		0		1.47861		284.104			00:00:30:699		1.29349e+07		-3.29046		0		0		4.43463e+06		735.582		
00:00:30:600		1.51002e+06		248.092		166.493		0		1.47861		284.153			00:00:30:600		1.29414e+07		-3.28103		0		0		4.44056e+06		736.688		
00:00:30:500		1.51003e+06		247.713		166.493		0		1.47861		284.202			00:00:30:500		1.29478e+07		-3.27158		0		0		4.44629e+06		737.673		
00:00:30:300		1.51004e+06		247.713		166.453		0		1.46452		284.3			00:00:30:300		1.29607e+07		-3.25265		0		0		4.45726e+06		739.284		
00:00:30:300		1.51004e+06		247.713		166.453		0		1.46452		284.3			00:00:30:300		1.29607e+07		-3.25265		0		0		4.45726e+06		739.284		
00:00:30:199		1.51005e+06		247.3		166.381		0		1.45064		284.349			00:00:30:199		1.29671e+07		-3.24316		0		0		4.46282e+06		740.096		
00:00:30:100		1.51006e+06		247.3		166.381		0		1.45064		284.397			00:00:30:100		1.29736e+07		-3.23366		0		0		4.46868e+06		741.053		
00:00:30:000		1.51007e+06		246.851		166.381		0		1.45064		284.446			00:00:30:000		1.298e+07		-3.22415		0		0		4.47463e+06		742.017		
00:00:29:899		1.51008e+06		246.851		166.279		0		1.43696		284.494			00:00:29:899		1.29865e+07		-3.21462		0		0		4.4806e+06		742.984		
00:00:29:750		1.51009e+06		246.368		166.279		0		1.43696		284.567			00:00:29:750		1.29962e+07		-3.2003		0		0		4.4896e+06		744.44		
00:00:29:649		1.5101e+06		246.368		166.145		0		1.4235		284.615			00:00:29:649		1.30027e+07		-3.19073		0		0		4.49563e+06		745.417		
00:00:29:550		1.51011e+06		246.368		166.145		0		1.4235		284.664			00:00:29:550		1.30092e+07		-3.18114		0		0		4.50168e+06		746.401		
00:00:29:449		1.51012e+06		245.849		165.981		0		1.41025		284.712			00:00:29:449		1.30157e+07		-3.17154		0		0		4.50776e+06		747.385		
00:00:29:350		1.51012e+06		245.849		165.981		0		1.41025		284.76			00:00:29:350		1.30222e+07		-3.16193		0		0		4.51385e+06		748.373		
00:00:29:250		1.51013e+06		245.294		165.981		0		1.41025		284.809			00:00:29:250		1.30288e+07		-3.1523		0		0		4.51996e+06		749.363		
00:00:29:149		1.51014e+06		245.294		165.787		0		1.3972		284.857			00:00:29:149		1.30353e+07		-3.14265		0		0		4.52609e+06		750.358		
00:00:29:050		1.51015e+06		245.294		165.787		0		1.3972		284.905			00:00:29:050		1.30418e+07		-3.13299		0		0		4.53224e+06		751.354		
00:00:28:949		1.51016e+06		244.704		165.564		0		1.38437		284.953			00:00:28:949		1.30484e+07		-3.12332		0		0		4.53841e+06		752.354		
00:00:28:850		1.51017e+06		244.704		165.564		0		1.38437		285.001			00:00:28:850		1.30549e+07		-3.11363		0		0		4.5446e+06		753.356		
00:00:28:750		1.51018e+06		244.077		165.564		0		1.38437		285.049			00:00:28:750		1.30615e+07		-3.10392		0		0		4.55082e+06		754.362		
00:00:28:649		1.51018e+06		244.077		165.312		0		1.37176		285.097			00:00:28:649		1.3068e+07		-3.0942		0		0		4.55705e+06		755.371		
00:00:28:550		1.51019e+06		244.077		165.312		0		1.37176		285.144			00:00:28:550		1.30746e+07		-3.08447		0		0		4.56331e+06		756.383		
00:00:28:449		1.5102e+06		243.415		165.032		0		1.35935		285.192			00:00:28:449		1.30811e+07		-3.07472		0		0		4.5696e+06		757.398		
00:00:28:350		1.51021e+06		243.415		165.032		0		1.35935		285.24			00:00:28:350		1.30877e+07		-3.06494		0		0		4.57591e+06		758.417		
00:00:28:250		1.51022e+06		242.715		165.032		0		1.35935		285.287			00:00:28:250		1.30943e+07		-3.05515		0		0		4.58224e+06		759.44		
00:00:28:149		1.51023e+06		242.715		164.725		0		1.34716		285.335			00:00:28:149		1.31009e+07		-3.04534		0		0		4.5886e+06		760.466		
00:00:28:050		1.51023e+06		242.715		164.725		0		1.34716		285.382			00:00:28:050		1.31075e+07		-3.03551		0		0		4.59498e+06		761.495		
00:00:27:949		1.51024e+06		241.979		164.391		0		1.33518		285.43			00:00:27:949		1.31141e+07		-3.02565		0		0		4.6014e+06		762.528		
00:00:27:850		1.51025e+06		241.979		164.391		0		1.33518		285.477			00:00:27:850		1.31207e+07		-3.01578		0		0		4.60784e+06		763.567		
00:00:27:750		1.51026e+06		241.204		164.391		0		1.33518		285.524			00:00:27:750		1.31274e+07		-3.00588		0		0		4.61431e+06		764.613		
00:00:27:649		1.51027e+06		241.204		164.032		0		1.32343		285.572			00:00:27:649		1.3134e+07		-2.99596		0		0		4.62082e+06		765.664		
00:00:27:550		1.51028e+06		241.204		164.032		0		1.32343		285.619			00:00:27:550		1.31407e+07		-2.98602		0		0		4.62735e+06		766.723		
00:00:27:449		1.51029e+06		240.391		163.649		0		1.31189		285.666			00:00:27:449		1.31474e+07		-2.97605		0		0		4.6339e+06		767.788		
00:00:27:350		1.51029e+06		240.391		163.649		0		1.31189		285.713			00:00:27:350		1.31541e+07		-2.96606		0		0		4.64047e+06		768.858		
00:00:27:250		1.5103e+06		239.539		163.649		0		1.31189		285.76			00:00:27:250		1.31608e+07		-2.95604		0		10.8966		4.64706e+06		769.924		
00:00:27:149		1.51032e+06		239.539		163.244		0		1.3006		285.83			00:00:27:149		1.31709e+07		-2.94097		0		0		4.65696e+06		771.527		
00:00:27:000		1.51032e+06		238.644		163.244		0		1.3006		285.877			00:00:27:000		1.31776e+07		-2.93089		0		0		4.66359e+06		772.6		
00:00:27:000		1.51032e+06		238.644		163.244		0		1.3006		285.877			00:00:27:000		1.31776e+07		-2.93089		0		0		4.66359e+06		772.6		
00:00:26:800		1.51034e+06		238.644		162.818		0		1.28955		285.969			00:00:26:800		1.31911e+07		-2.91064		0		0		4.67691e+06		774.756		
00:00:26:800		1.51034e+06		238.644		162.818		0		1.28955		285.969			00:00:26:800		1.31911e+07		-2.91064		0		0		4.67691e+06		774.756		
00:00:26:699		1.51035e+06		237.702		162.375		0		1.27877		286.016			00:00:26:699		1.31979e+07		-2.90048		0		11.3535		4.6836e+06		775.839		
00:00:26:600		1.51036e+06		237.702		162.375		0		1.27877		286.062			00:00:26:600		1.32047e+07		-2.89029		0		0		4.69031e+06		776.923		
00:00:26:500		1.51037e+06		236.704		162.375		0		1.27877		286.108			00:00:26:500		1.32115e+07		-2.88006		0		11.5452		4.69704e+06		778.009		
00:00:26:399		1.51038e+06		236.704		161.916		0		1.26835		286.154			00:00:26:399		1.32183e+07		-2.86981		0		0		4.70379e+06		779.093		
00:00:26:199		1.51039e+06		235.623		161.449		0		1.25848		286.246			00:00:26:199		1.3232e+07		-2.84922		0		0		4.71737e+06		781.276		
00:00:26:199		1.51039e+06		235.623		161.449		0		1.25848		286.246			00:00:26:199		1.3232e+07		-2.84922		0		0		4.71737e+06		781.276		
00:00:26:100		1.5104e+06		235.623		161.449		0		1.25848		286.292			00:00:26:100		1.32389e+07		-2.83888		0		0		4.72422e+06		782.379		
00:00:25:899		1.51042e+06		234.537		160.972		0		1.24857		286.384			00:00:25:899		1.32527e+07		-2.81812		0		0		4.73799e+06		784.594		
00:00:25:800		1.51043e+06		234.537		160.972		0		1.24857		286.43			00:00:25:800		1.32596e+07		-2.8077		0		0		4.74492e+06		785.708		
00:00:25:800		1.51043e+06		234.537		160.972		0		1.24857		286.43			00:00:25:800		1.32596e+07		-2.8077		0		0		4.74492e+06		785.708		
00:00:25:699		1.51043e+06		233.445		160.485		0		1.23865		286.476			00:00:25:699		1.32666e+07		-2.79725		0		0		4.75187e+06		786.828		
00:00:25:600		1.51044e+06		233.445		160.485		0		1.23865		286.522			00:00:25:600		1.32736e+07		-2.78677		0		0		4.75887e+06		787.955		
00:00:25:500		1.51045e+06		232.348		160.485		0		1.23865		286.568			00:00:25:500		1.32806e+07		-2.77626		0		0		4.76589e+06		789.091		
00:00:25:399		1.51046e+06		232.348		159.989		0		1.2287		286.614			00:00:25:399		1.32876e+07		-2.76572		0		0		4.77294e+06		790.24		
00:00:25:300		1.51047e+06		232.348		159.989		0		1.2287		286.66			00:00:25:300		1.32947e+07		-2.75514		0		0		4.78002e+06		791.396		
00:00:25:149		1.51054e+06		231.247		159.483		0		1.21871		286.73			00:00:25:149		1.33053e+07		-2.73922		0		0		4.79067e+06		793.133		
00:00:25:050		1.51064e+06		231.247		159.483		0		1.21871		286.776			00:00:25:050		1.33124e+07		-2.72855		0		0		4.79777e+06		794.29		
00:00:24:949		1.51078e+06		230.141		158.967		0		1.20868		286.822			00:00:24:949		1.33195e+07		-2.71786		0		9.93773		4.8049e+06		795.453		
00:00:24:850		1.51096e+06		230.141		158.967		0		1.20868		286.868			00:00:24:850		1.33267e+07		-2.70712		0		9.93773		4.81204e+06		796.619		
00:00:24:750		1.51118e+06		229.03		158.967		0		1.20868		286.915			00:00:24:750		1.33339e+07		-2.69635		0		9.93773		4.8192e+06		797.786		
00:00:24:649		1.51144e+06		229.03		158.44		0		1.19861		286.961			00:00:24:649		1.33411e+07		-2.68555		0		10.0787		4.82637e+06		798.956		
00:00:24:550		1.51174e+06		229.03		158.44		0		1.19861		287.007			00:00:24:550		1.33483e+07		-2.6747		0		10.2876		4.83356e+06		800.128		
00:00:24:500		1.51191e+06		227.915		158.44		0		1.19861		287.031			00:00:24:500		1.33519e+07		-2.66927		0		0		4.83715e+06		800.715		
00:00:24:399		1.51227e+06		227.915		157.903		0		1.18851		287.077			00:00:24:399		1.33592e+07		-2.65836		0		0		4.84436e+06		801.891		
00:00:24:250		1.51289e+06		226.794		157.903		0		1.18851		287.147			00:00:24:250		1.33701e+07		-2.64193		0		10.4935		4.8552e+06		803.652		
00:00:24:149		1.51335e+06		226.794		157.355		0		1.17837		287.194			00:00:24:149		1.33774e+07		-2.63093		0		10.5614		4.86244e+06		804.825		
00:00:24:050		1.51386e+06		226.794		157.355		0		1.17837		287.24			00:00:24:050		1.33847e+07		-2.61988		0		10.7634		4.8697e+06		806.001		
00:00:23:949		1.5144e+06		225.669		156.795		0		1.16819		287.287			00:00:23:949		1.33921e+07		-2.60878		0		10.7634		4.877e+06		807.183		
00:00:23:850		1.51499e+06		225.669		156.795		0		1.16819		287.334			00:00:23:850		1.33995e+07		-2.59765		0		10.8302		4.88431e+06		808.366		
00:00:23:750		1.51561e+06		224.54		156.795		0		1.16819		287.381			00:00:23:750		1.34069e+07		-2.58647		0		11.0286		4.89165e+06		809.554		
00:00:23:649		1.51628e+06		224.54		156.223		0		1.15798		287.428			00:00:23:649		1.34144e+07		-2.57526		0		11.0941		4.89903e+06		810.747		
00:00:23:550		1.51699e+06		224.54		156.223		0		1.15798		287.475			00:00:23:550		1.34219e+07		-2.564		0		11.2244		4.90643e+06		811.946		
00:00:23:449		1.51774e+06		223.408		155.639		0		1.1477		287.522			00:00:23:449		1.34294e+07		-2.5527		0		11.2891		4.91385e+06		813.151		
00:00:23:350		1.51853e+06		223.408		155.639		0		1.1477		287.57			00:00:23:350		1.34368e+07		-2.54137		0		11.4176		4.92131e+06		814.36		
00:00:23:250		1.51936e+06		222.271		155.639		0		1.1477		287.617			00:00:23:250		1.34443e+07		-2.53		0		11.6085		4.92878e+06		815.571		
00:00:23:149		1.52023e+06		222.271		155.042		0		1.13738		287.664			00:00:23:149		1.34518e+07		-2.51859		0		11.6716		4.93628e+06		816.788		
00:00:23:050		1.52114e+06		222.271		155.042		0		1.13738		287.712			00:00:23:050		1.34593e+07		-2.50714		0		11.7345		4.94379e+06		818.007		
00:00:22:949		1.52213e+06		221.126		154.432		0		1.12705		287.76			00:00:22:949		1.34668e+07		-2.49565		0		11.8595		4.95133e+06		819.228		
00:00:22:850		1.52319e+06		221.126		154.432		0		1.12705		287.808			00:00:22:850		1.34744e+07		-2.48411		0		11.9216		4.95889e+06		820.452		
00:00:22:750		1.52434e+06		219.977		154.432		0		1.12705		287.855			00:00:22:750		1.34819e+07		-2.47253		0		11.9834		4.96647e+06		821.679		
00:00:22:649		1.52557e+06		219.977		153.809		0		1.11668		287.903			00:00:22:649		1.34895e+07		-2.46091		0		12.0451		4.97407e+06		822.906		
00:00:22:550		1.52688e+06		219.977		153.809		0		1.11668		287.952			00:00:22:550		1.34972e+07		-2.44924		0		12.1676		4.98168e+06		824.137		
00:00:22:449		1.52828e+06		218.822		153.171		0		1.10627		288			00:00:22:449		1.35049e+07		-2.43753		0		12.2893		4.98933e+06		825.369		
00:00:22:350		1.52976e+06		218.822		153.171		0		1.10627		288.048			00:00:22:350		1.35126e+07		-2.42577		0		12.3497		4.99699e+06		826.605		
00:00:22:250		1.53132e+06		217.662		153.171		0		1.10627		288.097			00:00:22:250		1.35203e+07		-2.41395		0		12.5298		5.00468e+06		827.845		
00:00:22:149		1.53297e+06		217.662		152.519		0		1.09582		288.145			00:00:22:149		1.35281e+07		-2.40209		0		12.5894		5.0124e+06		829.096		
00:00:22:000		1.53559e+06		216.497		152.519		0		1.09582		288.219			00:00:22:000		1.35398e+07		-2.3842		0		0		5.02403e+06		830.982		
00:00:21:899		1.53745e+06		216.497		151.851		0		1.08533		288.268			00:00:21:899		1.35477e+07		-2.37221		0		0		5.03181e+06		832.249		
00:00:21:800		1.53939e+06		216.497		151.851		0		1.08533		288.317			00:00:21:800		1.35556e+07		-2.36016		0		0		5.03962e+06		833.514		
00:00:21:800		1.53939e+06		216.497		151.851		0		1.08533		288.317			00:00:21:800		1.35556e+07		-2.36016		0		0		5.03962e+06		833.514		
00:00:21:699		1.54141e+06		215.326		151.168		0		1.0748		288.367			00:00:21:699		1.35635e+07		-2.34805		0		0		5.04746e+06		834.783		
00:00:21:600		1.54352e+06		215.326		151.168		0		1.0748		288.416			00:00:21:600		1.35715e+07		-2.33587		0		0		5.05532e+06		836.058		
00:00:21:500		1.54572e+06		214.15		151.168		0		1.0748		288.466			00:00:21:500		1.35795e+07		-2.32364		0		0		5.06321e+06		837.34		
00:00:21:399		1.548e+06		214.15		150.47		0		1.06423		288.517			00:00:21:399		1.35876e+07		-2.31136		0		0		5.07114e+06		838.631		
00:00:21:300		1.55037e+06		214.15		150.47		0		1.06423		288.567			00:00:21:300		1.35957e+07		-2.29904		0		0		5.07908e+06		839.929		
00:00:21:199		1.55282e+06		212.969		149.755		0		1.05361		288.618			00:00:21:199		1.36039e+07		-2.28668		0		0		5.08704e+06		841.225		
00:00:21:100		1.55536e+06		212.969		149.755		0		1.05361		288.669			00:00:21:100		1.36121e+07		-2.27429		0		0		5.095e+06		842.52		
00:00:21:000		1.55799e+06		211.782		149.755		0		1.05361		288.72			00:00:21:000		1.36203e+07		-2.26188		0		0		5.10299e+06		843.82		
00:00:20:800		1.5635e+06		211.782		149.022		0		1.04296		288.824			00:00:20:800		1.36368e+07		-2.237		0		0		5.11903e+06		846.427		
00:00:20:800		1.5635e+06		211.782		149.022		0		1.04296		288.824			00:00:20:800		1.36368e+07		-2.237		0		0		5.11903e+06		846.427		
00:00:20:699		1.5664e+06		210.59		148.273		0		1.03226		288.876			00:00:20:699		1.3645e+07		-2.22454		0		0		5.12709e+06		847.736		
00:00:20:600		1.56938e+06		210.59		148.273		0		1.03226		288.928			00:00:20:600		1.36533e+07		-2.21207		0		0		5.13517e+06		849.048		
00:00:20:500		1.57245e+06		209.392		148.273		0		1.03226		288.98			00:00:20:500		1.36616e+07		-2.19962		0		0		5.14328e+06		850.36		
00:00:20:399		1.57561e+06		209.392		147.505		0		1.02153		289.032			00:00:20:399		1.36699e+07		-2.18716		0		0		5.15142e+06		851.678		
00:00:20:300		1.57886e+06		209.392		147.505		0		1.02153		289.085			00:00:20:300		1.36783e+07		-2.1747		0		0		5.15958e+06		852.989		
00:00:20:199		1.58221e+06		208.188		146.718		0		1.01074		289.137			00:00:20:199		1.36866e+07		-2.16224		0		0		5.16778e+06		854.311		
00:00:20:100		1.58569e+06		208.188		146.718		0		1.01074		289.19			00:00:20:100		1.3695e+07		-2.14977		0		0		5.17604e+06		855.644		
00:00:19:899		1.59306e+06		206.978		145.912		0		0.999919		289.297			00:00:19:899		1.37119e+07		-2.12484		0		0		5.19267e+06		858.325		
00:00:19:800		1.59694e+06		206.978		145.912		0		0.999919		289.351			00:00:19:800		1.37204e+07		-2.11238		0		0		5.20105e+06		859.676		
00:00:19:800		1.59694e+06		206.978		145.912		0		0.999919		289.351			00:00:19:800		1.37204e+07		-2.11238		0		0		5.20105e+06		859.676		
00:00:19:699		1.60097e+06		205.763		145.086		0		0.989051		289.405			00:00:19:699		1.3729e+07		-2.09992		0		0		5.20948e+06		861.04		
00:00:19:600		1.60513e+06		205.763		145.086		0		0.989051		289.459			00:00:19:600		1.37375e+07		-2.08746		0		0		5.21794e+06		862.411		
00:00:19:449		1.61164e+06		204.541		144.239		0		0.978139		289.54			00:00:19:449		1.37505e+07		-2.0688		0		12.47		5.23072e+06		864.49		
00:00:19:350		1.61615e+06		204.541		144.239		0		0.978139		289.595			00:00:19:350		1.37591e+07		-2.05637		0		12.5894		5.23926e+06		865.879		
00:00:19:250		1.62081e+06		203.312		144.239		0		0.978139		289.65			00:00:19:250		1.37678e+07		-2.04396		0		12.6488		5.24782e+06		867.262		
00:00:19:149		1.62561e+06		203.312		143.371		0		0.967183		289.705			00:00:19:149		1.37765e+07		-2.03157		0		12.7079		5.25641e+06		868.651		
00:00:19:050		1.63055e+06		203.312		143.371		0		0.967183		289.76			00:00:19:050		1.37853e+07		-2.01921		0		12.8257		5.26503e+06		870.044		
00:00:18:949		1.63564e+06		202.077		142.481		0		0.956181		289.815			00:00:18:949		1.37942e+07		-2.00688		0		12.8842		5.27369e+06		871.444		
00:00:18:850		1.64088e+06		202.077		142.481		0		0.956181		289.87			00:00:18:850		1.3803e+07		-1.99457		0		10.1487		5.28239e+06		872.847		
00:00:18:750		1.64626e+06		200.836		142.481		0		0.956181		289.925			00:00:18:750		1.38119e+07		-1.98229		0		10.1487		5.29112e+06		874.257		
00:00:18:649		1.65179e+06		200.836		141.568		0		0.945135		289.981			00:00:18:649		1.38209e+07		-1.97004		0		10.3566		5.29989e+06		875.674		
00:00:18:550		1.65747e+06		200.836		141.568		0		0.945135		290.037			00:00:18:550		1.38299e+07		-1.95783		0		10.4252		5.30869e+06		877.09		
00:00:18:449		1.66331e+06		199.588		140.631		0		0.934042		290.093			00:00:18:449		1.38389e+07		-1.94565		0		10.5614		5.31753e+06		878.513		
00:00:18:350		1.6693e+06		199.588		140.631		0		0.934042		290.15			00:00:18:350		1.38479e+07		-1.93351		0		10.6291		5.32642e+06		879.941		
00:00:18:250		1.67544e+06		198.334		140.631		0		0.934042		290.206			00:00:18:250		1.3857e+07		-1.92141		0		10.7634		5.33534e+06		881.375		
00:00:18:149		1.68174e+06		198.334		139.67		0		0.922903		290.263			00:00:18:149		1.38661e+07		-1.90934		0		10.8966		5.34432e+06		882.815		
00:00:18:050		1.6882e+06		198.334		139.67		0		0.922903		290.32			00:00:18:050		1.38753e+07		-1.89731		0		10.9627		5.35334e+06		884.266		
00:00:17:949		1.69481e+06		197.072		138.684		0		0.911718		290.378			00:00:17:949		1.38846e+07		-1.88532		0		11.0941		5.36242e+06		885.733		
00:00:17:850		1.70159e+06		197.072		138.684		0		0.911718		290.435			00:00:17:850		1.38939e+07		-1.87336		0		11.1594		5.37154e+06		887.208		
00:00:17:750		1.70853e+06		195.804		138.684		0		0.911718		290.493			00:00:17:750		1.39032e+07		-1.86145		0		11.2244		5.3807e+06		888.697		
00:00:17:649		1.71564e+06		195.804		137.673		0		0.900485		290.552			00:00:17:649		1.39127e+07		-1.84957		0		11.3535		5.38988e+06		890.186		
00:00:17:550		1.72291e+06		195.804		137.673		0		0.900485		290.61			00:00:17:550		1.39221e+07		-1.83769		0		11.1594		5.39907e+06		891.659		
00:00:17:449		1.73035e+06		194.528		136.636		0		0.889204		290.669			00:00:17:449		1.39317e+07		-1.82581		0		11.2891		5.40829e+06		893.139		
00:00:17:350		1.73796e+06		194.528		136.636		0		0.889204		290.728			00:00:17:350		1.39413e+07		-1.81393		0		11.4176		5.41757e+06		894.631		
00:00:17:250		1.74575e+06		193.245		136.636		0		0.889204		290.788			00:00:17:250		1.3951e+07		-1.80203		0		11.4815		5.42689e+06		896.136		
00:00:17:149		1.7537e+06		193.245		135.571		0		0.877875		290.847			00:00:17:149		1.39608e+07		-1.79009		0		11.4815		5.43626e+06		897.648		
00:00:17:050		1.76183e+06		193.245		135.571		0		0.877875		290.907			00:00:17:050		1.39708e+07		-1.77811		0		11.6716		5.44566e+06		899.175		
00:00:16:949		1.77014e+06		191.954		134.479		0		0.866497		290.967			00:00:16:949		1.39808e+07		-1.76608		0		11.6716		5.4551e+06		900.707		
00:00:16:850		1.77863e+06		191.954		134.479		0		0.866497		291.027			00:00:16:850		1.39911e+07		-1.75399		0		11.7345		5.46457e+06		902.24		
00:00:16:750		1.7873e+06		190.656		134.479		0		0.866497		291.087			00:00:16:750		1.40015e+07		-1.74181		0		11.7345		5.47404e+06		903.768		
00:00:16:649		1.79617e+06		190.656		133.359		0		0.85507		291.148			00:00:16:649		1.4012e+07		-1.72956		0		11.7345		5.48355e+06		905.281		
00:00:16:550		1.80534e+06		190.656		133.359		0		0.85507		291.209			00:00:16:550		1.40229e+07		-1.71723		0		11.9216		5.4931e+06		906.825		
00:00:16:449		1.81484e+06		189.351		132.21		0		0.843593		291.271			00:00:16:449		1.4034e+07		-1.70481		0		11.9834		5.50272e+06		908.375		
00:00:16:350		1.82468e+06		189.351		132.21		0		0.843593		291.333			00:00:16:350		1.40455e+07		-1.69234		0		12.1065		5.51239e+06		909.941		
00:00:16:199		1.84009e+06		188.038		131.032		0		0.832067		291.426			00:00:16:199		1.40629e+07		-1.67349		0		12.1065		5.52698e+06		912.316		
00:00:16:100		1.8508e+06		188.038		131.032		0		0.832067		291.489			00:00:16:100		1.40745e+07		-1.6608		0		12.1065		5.53674e+06		913.914		
00:00:16:100		1.8508e+06		188.038		131.032		0		0.832067		291.489			00:00:16:100		1.40745e+07		-1.6608		0		12.1065		5.53674e+06		913.914		
00:00:16:000		1.86186e+06		186.718		131.032		0		0.832067		291.553			00:00:16:000		1.40861e+07		-1.64799		0		12.2893		5.54652e+06		915.516		
00:00:15:800		1.88507e+06		186.718		129.825		0		0.82049		291.68			00:00:15:800		1.41086e+07		-1.62201		0		12.2893		5.56607e+06		918.681		
00:00:15:699		1.89723e+06		185.391		128.587		0		0.808862		291.745			00:00:15:699		1.41196e+07		-1.60886		0		12.47		5.57585e+06		920.25		
00:00:15:699		1.89723e+06		185.391		128.587		0		0.808862		291.745			00:00:15:699		1.41196e+07		-1.60886		0		12.47		5.57585e+06		920.25		
00:00:15:599		1.90976e+06		185.391		128.587		0		0.808862		291.81			00:00:15:599		1.41306e+07		-1.59564		0		12.5298		5.58566e+06		921.815		
00:00:15:500		1.92268e+06		184.055		128.587		0		0.808862		291.876			00:00:15:500		1.41416e+07		-1.58229		0		12.5298		5.59554e+06		923.399		
00:00:15:400		1.93599e+06		184.055		127.318		0		0.797183		291.942			00:00:15:400		1.41522e+07		-1.56875		0		12.5894		5.60549e+06		925.017		
00:00:15:300		1.9497e+06		184.055		127.318		0		0.797183		292.009			00:00:15:300		1.41623e+07		-1.5551		0		12.7079		5.6155e+06		926.665		
00:00:15:099		1.9782e+06		182.711		126.017		0		0.785453		292.144			00:00:15:099		1.41821e+07		-1.52763		0		12.7669		5.63549e+06		929.922		
00:00:15:099		1.9782e+06		182.711		126.017		0		0.785453		292.144			00:00:15:099		1.41821e+07		-1.52763		0		12.7669		5.63549e+06		929.922		
00:00:15:000		1.99299e+06		181.359		126.017		0		0.785453		292.213			00:00:15:000		1.41921e+07		-1.51381		0		12.7669		5.64542e+06		931.48		
00:00:14:800		2.0237e+06		181.359		124.684		0		0.773671		292.353			00:00:14:800		1.42119e+07		-1.48599		0		12.8257		5.66545e+06		934.599		
00:00:14:800		2.0237e+06		181.359		124.684		0		0.773671		292.353			00:00:14:800		1.42119e+07		-1.48599		0		12.8257		5.66545e+06		934.599		
00:00:14:699		2.03963e+06		179.999		123.317		0		0.761836		292.424			00:00:14:699		1.42218e+07		-1.47199		0		12.9425		5.67567e+06		936.236		
00:00:14:599		2.05595e+06		179.999		123.317		0		0.761836		292.496			00:00:14:599		1.42317e+07		-1.45794		0		12.9425		5.686e+06		937.933		
00:00:14:500		2.07267e+06		178.63		123.317		0		0.761836		292.568			00:00:14:500		1.42416e+07		-1.44384		0		12.9425		5.69639e+06		939.659		
00:00:14:400		2.08979e+06		178.63		121.915		0		0.749948		292.641			00:00:14:400		1.42516e+07		-1.42969		0		12.9425		5.70677e+06		941.373		
00:00:14:300		2.10733e+06		178.63		121.915		0		0.749948		292.716			00:00:14:300		1.42615e+07		-1.41548		0		12.9425		5.71709e+06		943.051		
00:00:14:199		2.12529e+06		177.252		120.477		0		0.738007		292.79			00:00:14:199		1.42714e+07		-1.40122		0		12.9425		5.7274e+06		944.705		
00:00:14:099		2.14368e+06		177.252		120.477		0		0.738007		292.865			00:00:14:099		1.42813e+07		-1.3869		0		12.9425		5.73772e+06		946.361		
00:00:13:900		2.18178e+06		175.866		119.002		0		0.726012		293.016			00:00:13:900		1.43011e+07		-1.35812		0		12.9425		5.75856e+06		949.745		
00:00:13:800		2.20151e+06		175.866		119.002		0		0.726012		293.093			00:00:13:800		1.4311e+07		-1.34365		0		12.9425		5.76905e+06		951.459		
00:00:13:800		2.20151e+06		175.866		119.002		0		0.726012		293.093			00:00:13:800		1.4311e+07		-1.34365		0		12.9425		5.76905e+06		951.459		
00:00:13:699		2.2217e+06		174.47		117.493		0		0.713964		293.171			00:00:13:699		1.43208e+07		-1.32912		0		12.8842		5.77956e+06		953.19		
00:00:13:599		2.24235e+06		174.47		117.493		0		0.713964		293.249			00:00:13:599		1.43307e+07		-1.31453		0		12.9425		5.79008e+06		954.937		
00:00:13:449		2.27424e+06		173.066		115.951		0		0.701862		293.368			00:00:13:449		1.43454e+07		-1.29253		0		12.8257		5.80583e+06		957.581		
00:00:13:349		2.29612e+06		173.066		115.951		0		0.701862		293.449			00:00:13:349		1.43551e+07		-1.27779		0		12.7669		5.81628e+06		959.332		
00:00:13:250		2.3185e+06		171.653		115.951		0		0.701862		293.53			00:00:13:250		1.43648e+07		-1.26299		0		12.7079		5.82667e+06		961.06		
00:00:13:199		2.32988e+06		171.653		114.374		0		0.689708		293.57			00:00:13:199		1.43697e+07		-1.25556		0		12.5894		5.83184e+06		961.914		
00:00:13:050		2.36481e+06		171.653		114.374		0		0.689708		293.693			00:00:13:050		1.43842e+07		-1.23318		0		12.5894		5.8473e+06		964.463		
00:00:12:949		2.38872e+06		170.23		112.763		0		0.677501		293.775			00:00:12:949		1.43938e+07		-1.21819		0.0661912		12.5894		5.85759e+06		966.159		
00:00:12:849		2.41312e+06		170.23		112.763		0		0.677501		293.857			00:00:12:849		1.44033e+07		-1.20312		0.198727		12.5894		5.86787e+06		967.854		
00:00:12:800		2.42551e+06		170.23		112.763		0		0.677501		293.898			00:00:12:800		1.4408e+07		-1.19556		0.26477		12.7079		5.873e+06		968.696		
00:00:12:650		2.46342e+06		168.798		111.12		0		0.665241		294.023			00:00:12:650		1.4422e+07		-1.17277		0.460828		12.7079		5.88839e+06		971.218		
00:00:12:550		2.48933e+06		168.798		111.12		0		0.665241		294.106			00:00:12:550		1.44312e+07		-1.15748		0.588948		12.7079		5.89865e+06		972.891		
00:00:12:449		2.51577e+06		167.356		109.447		0		0.652928		294.189			00:00:12:449		1.44401e+07		-1.1421		0.71413		12.7079		5.90892e+06		974.56		
00:00:12:349		2.54274e+06		167.356		109.447		0		0.652928		294.272			00:00:12:349		1.44486e+07		-1.12665		0.835828		12.7079		5.9192e+06		976.234		
00:00:12:250		2.57026e+06		165.905		109.447		0		0.652928		294.355			00:00:12:250		1.44569e+07		-1.1112		0.953464		12.7079		5.92951e+06		977.919		
00:00:12:150		2.59833e+06		165.905		107.744		0		0.640562		294.438			00:00:12:150		1.44654e+07		-1.09578		1.06647		12.7669		5.93984e+06		979.603		
00:00:12:050		2.62697e+06		165.905		107.744		0		0.640562		294.522			00:00:12:050		1.44741e+07		-1.0804		1.17463		12.7669		5.95018e+06		981.289		
00:00:11:949		2.65619e+06		164.444		106.011		0		0.628144		294.606			00:00:11:949		1.44833e+07		-1.06507		1.27772		12.7669		5.96053e+06		982.975		
00:00:11:849		2.686e+06		164.444		106.011		0		0.628144		294.69			00:00:11:849		1.44929e+07		-1.04976		1.37532		12.7669		5.97089e+06		984.663		
00:00:11:750		2.71641e+06		162.974		106.011		0		0.628144		294.775			00:00:11:750		1.45025e+07		-1.03426		1.46742		12.7669		5.98127e+06		986.351		
00:00:11:650		2.74743e+06		162.974		104.25		0		0.615672		294.86			00:00:11:650		1.45117e+07		-1.01875		1.5542		12.7669		5.99167e+06		988.039		
00:00:11:550		2.77909e+06		162.974		104.25		0		0.615672		294.947			00:00:11:550		1.45207e+07		-1.00315		1.63553		12.7669		6.00208e+06		989.733		
00:00:11:449		2.81139e+06		161.493		102.467		0		0.603146		295.034			00:00:11:449		1.45291e+07		-0.987373		1.71082		12.7669		6.01252e+06		991.434		
00:00:11:349		2.84434e+06		161.493		102.467		0		0.603146		295.123			00:00:11:349		1.45368e+07		-0.971518		1.77948		12.7669		6.02298e+06		993.145		
00:00:11:199		2.89481e+06		160.002		100.661		0		0.590568		295.258			00:00:11:199		1.45474e+07		-0.947855		1.87569		12.7669		6.03868e+06		995.721		
00:00:11:099		2.92915e+06		160.002		100.661		0		0.590568		295.35			00:00:11:099		1.45548e+07		-0.93225		1.93957		12.8257		6.04914e+06		997.422		
00:00:11:099		2.92915e+06		160.002		100.661		0		0.590568		295.35			00:00:11:099		1.45548e+07		-0.93225		1.93957		12.8257		6.04914e+06		997.422		
00:00:10:949		2.98174e+06		158.502		98.833		0		0.577936		295.489			00:00:10:949		1.4567e+07		-0.909149		2.02923		20.6273		6.06481e+06		999.974		
00:00:10:849		3.01756e+06		158.502		98.833		0		0.577936		295.583			00:00:10:849		1.4576e+07		-0.89396		2.09401		25.4046		6.07526e+06		1001.68		
00:00:10:750		3.05401e+06		156.992		98.833		0		0.577936		295.678			00:00:10:750		1.45857e+07		-0.878895		2.15879		28.7632		6.08571e+06		1003.38		
00:00:10:650		3.09113e+06		156.992		96.979		0		0.565251		295.774			00:00:10:650		1.45959e+07		-0.863843		2.21492		31.2533		6.09617e+06		1005.08		
00:00:10:550		3.12892e+06		156.992		96.979		0		0.565251		295.872			00:00:10:550		1.4606e+07		-0.848789		2.26921		33.1834		6.10662e+06		1006.78		
00:00:10:449		3.16742e+06		155.472		95.1004		0		0.552513		295.972			00:00:10:449		1.46161e+07		-0.833728		2.31325		34.6376		6.11708e+06		1008.49		
00:00:10:349		3.20663e+06		155.472		95.1004		0		0.552513		296.073			00:00:10:349		1.46262e+07		-0.818655		2.35497		35.8418		6.12754e+06		1010.19		
00:00:10:250		3.24658e+06		153.943		95.1004		0		0.552513		296.176			00:00:10:250		1.46363e+07		-0.803579		2.39444		36.7699		6.138e+06		1011.89		
00:00:10:150		3.30783e+06		153.943		93.1986		0		0.539722		296.333			00:00:10:150		1.46515e+07		-0.780957		2.44961		37.9597		6.15369e+06		1014.43		
00:00:10:000		3.34954e+06		152.404		93.1986		0		0.539722		296.44			00:00:10:000		1.46616e+07		-0.765882		2.48521		38.5653		6.16414e+06		1016.12		
00:00:10:000		3.34954e+06		152.404		93.1986		0		0.539722		296.44			00:00:10:000		1.46616e+07		-0.765882		2.48521		38.5653		6.16414e+06		1016.12		
00:00:09:800		3.43514e+06		152.404		91.275		0		0.526877		296.662			00:00:09:800		1.46818e+07		-0.735759		2.54771		39.5934		6.18503e+06		1019.49		
00:00:09:800		3.43514e+06		152.404		91.275		0		0.526877		296.662			00:00:09:800		1.46818e+07		-0.735759		2.54771		39.5934		6.18503e+06		1019.49		
00:00:09:699		3.47906e+06		150.856		89.3315		0		0.513979		296.776			00:00:09:699		1.46919e+07		-0.720716		2.57642		39.998		6.1955e+06		1021.17		
00:00:09:599		3.52375e+06		150.856		89.3315		0		0.513979		296.892			00:00:09:599		1.47019e+07		-0.705689		2.60354		40.3544		6.20597e+06		1022.84		
00:00:09:500		3.56922e+06		149.3		89.3315		0		0.513979		297.008			00:00:09:500		1.4712e+07		-0.690681		2.62916		40.686		6.21643e+06		1024.48		
00:00:09:400		3.61551e+06		149.3		87.3703		0		0.501027		297.125			00:00:09:400		1.4722e+07		-0.67571		2.65362		40.9496		6.22691e+06		1026.11		
00:00:09:300		3.66261e+06		149.3		87.3703		0		0.501027		297.244			00:00:09:300		1.47321e+07		-0.660767		2.67659		41.168		6.23746e+06		1027.71		
00:00:09:199		3.71054e+06		147.735		85.3942		0		0.488018		297.365			00:00:09:199		1.47421e+07		-0.645855		2.69835		41.3637		6.24811e+06		1029.31		
00:00:09:099		3.75934e+06		147.735		85.3942		0		0.488018		297.489			00:00:09:099		1.47521e+07		-0.630979		2.71887		41.5153		6.25891e+06		1030.9		
00:00:09:000		3.80899e+06		146.161		85.3942		0		0.488018		297.614			00:00:09:000		1.4762e+07		-0.61614		2.73835		41.6233		6.26991e+06		1032.51		
00:00:08:800		3.91098e+06		146.161		83.4071		0		0.47495		297.871			00:00:08:800		1.47819e+07		-0.586597		2.77483		41.774		6.29269e+06		1035.86		
00:00:08:800		3.91098e+06		146.161		83.4071		0		0.47495		297.871			00:00:08:800		1.47819e+07		-0.586597		2.77483		41.774		6.29269e+06		1035.86		
00:00:08:699		3.96337e+06		144.579		81.414		0		0.46182		298.002			00:00:08:699		1.47918e+07		-0.571902		2.79145		41.7955		6.30454e+06		1037.67		
00:00:08:599		4.0167e+06		144.579		81.414		0		0.46182		298.136			00:00:08:599		1.48017e+07		-0.55726		2.80711		41.5369		6.31668e+06		1039.57		
00:00:08:500		4.071e+06		142.988		81.414		0		0.46182		298.271			00:00:08:500		1.48116e+07		-0.542673		2.82197		41.2333		6.32899e+06		1041.5		
00:00:08:400		4.12628e+06		142.988		79.4182		0		0.448625		298.409			00:00:08:400		1.48215e+07		-0.528142		2.83644		40.9058		6.34143e+06		1043.48		
00:00:08:250		4.21109e+06		141.391		79.4182		0		0.448625		298.62			00:00:08:250		1.48362e+07		-0.506474		2.85706		40.2211		6.3603e+06		1046.53		
00:00:08:150		4.26892e+06		141.391		77.4233		0		0.435367		298.763			00:00:08:150		1.4846e+07		-0.49212		2.86987		39.7062		6.37294e+06		1048.59		
00:00:08:050		4.3278e+06		141.391		77.4233		0		0.435367		298.908			00:00:08:050		1.48558e+07		-0.477845		2.88173		39.1851		6.38556e+06		1050.64		
00:00:07:900		4.41814e+06		139.788		75.4334		0		0.422044		299.128			00:00:07:900		1.48705e+07		-0.456579		2.89857		38.2869		6.40445e+06		1053.69		
00:00:07:750		4.51095e+06		138.18		75.4334		0		0.422044		299.354			00:00:07:750		1.48852e+07		-0.43551		2.91482		37.3691		6.4233e+06		1056.7		
00:00:07:750		4.51095e+06		138.18		75.4334		0		0.422044		299.354			00:00:07:750		1.48852e+07		-0.43551		2.91482		37.3691		6.4233e+06		1056.7		
00:00:07:650		4.57424e+06		138.18		73.4528		0		0.408657		299.507			00:00:07:650		1.4895e+07		-0.42157		2.92468		36.6974		6.43589e+06		1058.72		
00:00:07:549		4.63869e+06		138.18		73.4528		0		0.408657		299.662			00:00:07:549		1.49048e+07		-0.407717		2.93371		35.9898		6.44852e+06		1060.73		
00:00:07:450		4.70432e+06		136.569		71.4856		0		0.395204		299.82			00:00:07:450		1.49146e+07		-0.393959		2.94251		35.2444		6.46118e+06		1062.74		
00:00:07:349		4.77114e+06		136.569		71.4856		0		0.395204		299.979			00:00:07:349		1.49244e+07		-0.3803		2.95092		34.4589		6.47392e+06		1064.77		
00:00:07:250		4.83919e+06		134.956		71.4856		0		0.395204		300.141			00:00:07:250		1.49342e+07		-0.366743		2.95853		33.6046		6.48672e+06		1066.8		
00:00:07:150		4.90849e+06		134.956		69.5369		0		0.381686		300.305			00:00:07:150		1.4944e+07		-0.353298		2.96563		32.7037		6.49957e+06		1068.84		
00:00:07:049		4.97906e+06		134.956		69.5369		0		0.381686		300.467			00:00:07:049		1.49538e+07		-0.339978		2.97269		31.78		6.51247e+06		1070.89		
00:00:06:950		5.05092e+06		133.341		67.614		0		0.368101		300.631			00:00:06:950		1.49636e+07		-0.326768		2.97904		30.8035		6.52543e+06		1072.96		
00:00:06:849		5.1241e+06		133.341		67.614		0		0.368101		300.798			00:00:06:849		1.49735e+07		-0.313667		2.9842		29.7697		6.53844e+06		1075.04		
00:00:06:750		5.19863e+06		131.727		67.614		0		0.368101		300.966			00:00:06:750		1.49834e+07		-0.300655		2.9897		28.6729		6.55147e+06		1077.12		
00:00:06:650		5.27449e+06		131.727		65.7242		0		0.354448		301.136			00:00:06:650		1.49934e+07		-0.287755		2.99518		27.3814		6.5645e+06		1079.18		
00:00:06:549		5.35144e+06		131.727		65.7242		0		0.354448		301.309			00:00:06:549		1.50035e+07		-0.27498		3.00066		25.8699		6.57752e+06		1081.2		
00:00:06:450		5.42941e+06		130.114		63.8751		0		0.340726		301.484			00:00:06:450		1.50137e+07		-0.262331		3.00548		23.9622		6.59053e+06		1083.14		
00:00:06:349		5.50843e+06		130.114		63.8751		0		0.340726		301.661			00:00:06:349		1.50239e+07		-0.249794		3.00942		23.0671		6.60358e+06		1084.99		
00:00:06:250		5.5885e+06		128.506		63.8751		0		0.340726		301.84			00:00:06:250		1.50343e+07		-0.237368		3.01283		22.8845		6.61687e+06		1086.94		
00:00:06:150		5.66964e+06		128.506		62.0731		0		0.326929		302.022			00:00:06:150		1.50449e+07		-0.225046		3.01504		21.4924		6.63063e+06		1089.06		
00:00:06:049		5.75188e+06		128.506		62.0731		0		0.326929		302.296			00:00:06:049		1.50608e+07		-0.206712		3.0165		19.0565		6.65157e+06		1092.23		
00:00:05:950		5.83521e+06		126.905		60.3227		0		0.313053		302.389			00:00:05:950		1.50662e+07		-0.200639		3.01715		18.185		6.65857e+06		1093.24		
00:00:05:849		5.91967e+06		126.905		60.3227		0		0.313053		302.576			00:00:05:849		1.5077e+07		-0.188513		3.01761		16.5709		6.67255e+06		1095.03		
00:00:05:750		6.00529e+06		125.311		60.3227		0		0.313053		302.766			00:00:05:750		1.50872e+07		-0.17631		3.01602		14.8707		6.68643e+06		1096.1		
00:00:05:650		6.0921e+06		125.311		58.6251		0		0.299077		302.957			00:00:05:650		1.50961e+07		-0.164124		3.01367		13.3454		6.70006e+06		1095.15		
00:00:05:549		6.18018e+06		125.311		58.6251		0		0.299077		303.151			00:00:05:549		1.51047e+07		-0.152114		3.011		11.9216		6.7132e+06		1088.81		
00:00:05:450		6.26979e+06		123.728		56.9782		0		0.284841		303.344			00:00:05:450		1.51134e+07		-0.14028		3.00722		10.5614		6.72553e+06		1063.06		
00:00:05:349		6.35467e+06		123.728		56.9782		0		0.284841		303.538			00:00:05:349		1.51223e+07		-0.128608		3.00267		9.35879		6.73687e+06		1021.91		
00:00:05:250		6.41787e+06		122.158		56.9782		0		0.284841		303.734			00:00:05:250		1.51313e+07		-0.117113		2.99811		8.43967		6.74724e+06		980.074		
00:00:05:150		6.4665e+06		122.158		55.3621		0		0.270358		303.933			00:00:05:150		1.51405e+07		-0.105797		2.99226		0		6.75673e+06		940.283		
00:00:05:049		6.50426e+06		122.158		55.3621		0		0.270358		304.132			00:00:05:049		1.51499e+07		-0.0946383		2.98574		0		6.76543e+06		903.835		
00:00:04:950		6.53372e+06		120.604		53.7812		0		0.2557		304.334			00:00:04:950		1.51595e+07		-0.0836163		2.97884		0		6.77345e+06		871.17		
00:00:04:849		6.55697e+06		120.604		53.7812		0		0.2557		304.537			00:00:04:849		1.51692e+07		-0.0727196		2.97022		0		6.78082e+06		842.27		
00:00:04:700		6.58347e+06		119.072		52.2396		0		0.240918		304.844			00:00:04:700		1.51833e+07		-0.0566664		2.95583		3.85735		6.79083e+06		805.477		
00:00:04:700		6.58347e+06		119.072		52.2396		0		0.240918		304.844			00:00:04:700		1.51833e+07		-0.0566664		2.95583		3.85735		6.79083e+06		805.477		
00:00:04:599		6.59713e+06		119.072		52.2396		0		0.240918		305.049			00:00:04:599		1.5193e+07		-0.0461731		2.94625		0		6.7969e+06		784.851		
00:00:04:500		6.60847e+06		117.565		52.2396		0		0.240918		305.255			00:00:04:500		1.52027e+07		-0.0358152		2.93663		0		6.80255e+06		766.94		
00:00:04:400		6.61805e+06		117.565		50.7413		0		0.226048		305.462			00:00:04:400		1.52123e+07		-0.0255976		2.92599		0		6.80786e+06		751.41		
00:00:04:299		6.62626e+06		117.565		50.7413		0		0.226048		305.67			00:00:04:299		1.52219e+07		-0.015521		2.91387		0		6.81286e+06		737.95		
00:00:04:200		6.63342e+06		116.09		49.29		0		0.211112		305.877			00:00:04:200		1.52314e+07		-0.0055933		2.89971		0		6.81759e+06		726.258		
00:00:04:099		6.63974e+06		116.09		49.29		0		0.211112		306.083			00:00:04:099		1.52409e+07		0.00418139		2.88737		17.5996		6.82205e+06		716.054		
00:00:04:000		6.64541e+06		114.649		49.29		0		0.211112		306.29			00:00:04:000		1.52503e+07		0.0138011		2.87693		29.7405		6.82627e+06		707.12		
00:00:03:799		6.65533e+06		114.649		47.8894		0		0.196127		306.706			00:00:03:799		1.52692e+07		0.0325165		2.84704		49.0993		6.83407e+06		692.227		
00:00:03:799		6.65533e+06		114.649		47.8894		0		0.196127		306.706			00:00:03:799		1.52692e+07		0.0325165		2.84704		49.0993		6.83407e+06		692.227		
00:00:03:700		6.6598e+06		113.248		46.5428		0		0.181101		306.913			00:00:03:700		1.52786e+07		0.0415478		2.82573		57.608		6.83769e+06		685.898		
00:00:03:600		6.66407e+06		113.248		46.5428		0		0.181101		307.12			00:00:03:600		1.52878e+07		0.0503511		2.80864		65.6568		6.84112e+06		680.071		
00:00:03:399		6.67239e+06		111.891		45.2537		0		0.166038		307.53			00:00:03:399		1.53061e+07		0.0673547		2.79313		80.8346		6.8474e+06		669.014		
00:00:03:399		6.67239e+06		111.891		45.2537		0		0.166038		307.53			00:00:03:399		1.53061e+07		0.0673547		2.79313		80.8346		6.8474e+06		669.014		
00:00:03:200		6.68155e+06		110.582		44.0255		0		0.150935		307.931			00:00:03:200		1.53249e+07		0.0835752		2.73514		95.02		6.85277e+06		656.383		
00:00:03:200		6.68155e+06		110.582		44.0255		0		0.150935		307.931			00:00:03:200		1.53249e+07		0.0835752		2.73514		95.02		6.85277e+06		656.383		
00:00:03:100		6.68723e+06		110.582		44.0255		0		0.150935		308.125			00:00:03:100		1.53345e+07		0.0912519		2.70976		101.65		6.85503e+06		647.907		
00:00:03:000		6.69446e+06		109.325		44.0255		0		0.150935		308.313			00:00:03:000		1.53438e+07		0.0984974		2.71692		108.23		6.85696e+06		636.455		
00:00:02:799		6.70843e+06		109.325		42.8618		0		0.135789		308.667			00:00:02:799		1.53598e+07		0.111608		2.70382		121.012		6.85989e+06		614.617		
00:00:02:799		6.70843e+06		109.325		42.8618		0		0.135789		308.667			00:00:02:799		1.53598e+07		0.111608		2.70382		121.012		6.85989e+06		614.617		
00:00:02:700		6.71452e+06		108.126		41.7671		0		0.12061		308.832			00:00:02:700		1.53667e+07		0.117561		2.61913		126.981		6.86093e+06		604.365		
00:00:02:600		6.71998e+06		108.126		41.7671		0		0.12061		308.987			00:00:02:600		1.53742e+07		0.123553		2.56456		133.134		6.86176e+06		594.784		
00:00:02:500		6.72475e+06		106.99		41.7671		0		0.12061		309.132			00:00:02:500		1.53827e+07		0.129484		2.63102		139.77		6.86246e+06		586.192		
00:00:02:399		6.72866e+06		106.99		40.7478		0		0.105409		309.265			00:00:02:399		1.53914e+07		0.135175		2.7427		147.463		6.86315e+06		579.233		
00:00:02:299		6.73135e+06		106.99		40.7478		0		0.105409		309.383			00:00:02:299		1.54001e+07		0.140621		2.78109		158.371		6.864e+06		575.011		
00:00:02:200		6.7322e+06		105.923		39.815		0		0.0902166		309.486			00:00:02:200		1.54087e+07		0.145848		2.81156		177.821		6.86525e+06		575.383		
00:00:02:100		6.7296e+06		105.923		39.815		0		0.0902166		309.572			00:00:02:100		1.54176e+07		0.150857		2.83507		213.398		6.8672e+06		584.091		
00:00:01:899		6.70012e+06		104.931		38.9804		0		0.0751663		309.698			00:00:01:899		1.54362e+07		0.159975		2.8634		309.595		6.87461e+06		653.578		
00:00:01:750		6.63466e+06		104.021		38.9804		0		0.0751663		309.756			00:00:01:750		1.54507e+07		0.165501		2.87178		375.772		6.88407e+06		786.256		
00:00:01:750		6.63466e+06		104.021		38.9804		0		0.0751663		309.756			00:00:01:750		1.54507e+07		0.165501		2.87178		375.772		6.88407e+06		786.256		
00:00:01:649		6.59734e+06		104.021		38.245		0		0.0602774		309.783			00:00:01:649		1.54596e+07		0.168302		2.87486		413.394		6.89157e+06		818.542		
00:00:01:550		6.57619e+06		104.021		38.245		0		0.0602774		309.802			00:00:01:550		1.5467e+07		0.170335		2.87571		445.587		6.89964e+06		857.812		
00:00:01:449		6.56223e+06		103.197		37.6099		0		0.0453809		309.817			00:00:01:449		1.54724e+07		0.171654		2.87262		472.67		6.90785e+06		880.427		
00:00:01:350		6.55925e+06		103.197		37.6099		0		0.0453809		309.828			00:00:01:350		1.54758e+07		0.172391		2.8661		494.863		6.9157e+06		884.294		
00:00:01:250		6.57418e+06		102.459		37.6099		0		0.0453809		309.836			00:00:01:250		1.54777e+07		0.172727		2.85718		511.711		6.9229e+06		875.125		
00:00:01:199		6.58185e+06		102.459		37.0792		0		0.0303982		309.839			00:00:01:199		1.54782e+07		0.172801		2.85215		517.663		6.9267e+06		871.085		
00:00:01:050		6.60497e+06		102.459		37.0792		0		0.0303982		309.845			00:00:01:050		1.54786e+07		0.172851		2.83897		526.167		6.93922e+06		859.095		
00:00:00:849		6.6404e+06		101.824		36.65		0		0.0153065		309.846			00:00:00:849		1.54786e+07		0.17284		2.83548		530.063		6.954e+06		830.835		
00:00:00:800		6.65204e+06		101.824		36.65		0		0.0153065		309.846			00:00:00:800		1.54786e+07		0.17284		2.83553		530.227		6.95701e+06		818.674		
00:00:00:800		6.65204e+06		101.824		36.65		0		0.0153065		309.846			00:00:00:800		1.54786e+07		0.17284		2.83553		530.227		6.95701e+06		818.674		
00:00:00:699		6.6809e+06		101.211		36.3831		0		0		309.846			00:00:00:699		1.54786e+07		0.17284		2.83565		530.216		6.96176e+06		783.871		
00:00:00:599		6.72143e+06		101.211		36.3831		0		0		309.846			00:00:00:599		1.54786e+07		0.17284		2.83569		530.208		6.96441e+06		727.215		
00:00:00:450		6.83117e+06		100.069		36.3834		0		0		309.846			00:00:00:450		1.54786e+07		0.17284		2.83569		530.212		6.96485e+06		526.823		
00:00:00:349		6.83117e+06		100.069		36.3834		0		0		309.846			00:00:00:349		1.54786e+07		0.17284		2.83573		530.216		6.96485e+06		526.817		
00:00:00:250		6.83116e+06		100.069		36.3834		0		0		309.846			00:00:00:250		1.54786e+07		0.17284		2.83572		530.217		6.96484e+06		526.837		
00:00:00:149		6.83116e+06		100.069		36.3837		0		0		309.846			00:00:00:149		1.54785e+07		0.17284		2.83572		530.221		6.96484e+06		526.828		
00:00:00:050		6.83115e+06		100.069		36.3837		0		0		309.846			00:00:00:050		1.54785e+07		0.17284		2.83567		530.223		6.96484e+06		526.826		
00:00:00:000		6.83115e+06		100.069		36.3837		0		0		309.846			00:00:00:000		1.54785e+07		0.17284		2.83571		530.225		6.96483e+06		526.826		
00:00:00:000		6.83115e+06		100.069		36.3837		0		0		309.846			00:00:00:000		1.54785e+07		0.17284		2.83571		530.225		6.96483e+06		526.826		
00:00:00:000		6.83115e+06		100.069		36.3837		0		0		309.846			00:00:00:000		1.54785e+07		0.17284		2.83571		530.225		6.96483e+06		526.826		
00:00:00:000		6.83115e+06		100.069		36.3837		0		0		309.846			00:00:00:000		1.54785e+07		0.17284		2.83571		530.225		6.96483e+06		526.826		
00:00:00:000		6.83115e+06		100.069		36.3837		0		0		309.846			00:00:00:000		1.54785e+07		0.17284		2.83571		530.225		6.96483e+06		526.826		
00:00:00:000		6.83115e+06		100.069		36.3837		0		0		309.846			00:00:00:000		1.54785e+07		0.17284		2.83571		530.225		6.96483e+06		526.826		
