	time 		gpv001pnt10113ppntm	evf507ety101mpzoyout	chtcon(1)	chavg(1)	chlhsumpa	rcptavgn			time 		rcpppzr	rcp054rcp007mnzoyout	rcv501std0102fvol	fwfrcp001gv	rcppmssga	msfsg(1)	
00:01:06:349		1.50868e+06		291.011		129.886		0		3		268.766			00:01:06:349		1.06637e+07		-5.81337		0		0		2.87201e+06		492.32		
00:01:06:250		1.50869e+06		290.713		129.886		0		3		268.797			00:01:06:250		1.06696e+07		-5.81195		0		0		2.8768e+06		493.801		
00:01:06:150		1.5087e+06		290.713		129.906		0		3		268.831			00:01:06:150		1.06755e+07		-5.8105		0		0		2.88143e+06		495.608		
00:01:05:950		1.50872e+06		290.413		129.928		0		3		268.895			00:01:05:950		1.06871e+07		-5.80748		0		0		2.88421e+06		494.332		
00:01:05:849		1.50873e+06		290.413		129.928		0		3		268.923			00:01:05:849		1.0693e+07		-5.80591		0		0		2.88718e+06		495.04		
00:01:05:849		1.50873e+06		290.413		129.928		0		3		268.923			00:01:05:849		1.0693e+07		-5.80591		0		0		2.88718e+06		495.04		
00:01:05:700		1.50874e+06		290.111		129.95		0		3		268.969			00:01:05:700		1.07018e+07		-5.80348		0		0		2.89309e+06		495.986		
00:01:05:650		1.50874e+06		290.111		129.95		0		3		268.985			00:01:05:650		1.07047e+07		-5.80265		0		0		2.89505e+06		496.28		
00:01:05:549		1.50875e+06		290.111		129.95		0		3		269.016			00:01:05:549		1.07105e+07		-5.80096		0		0		2.89884e+06		496.633		
00:01:05:450		1.50876e+06		289.809		129.973		0		3		269.046			00:01:05:450		1.07163e+07		-5.79923		0		0		2.90253e+06		496.606		
00:01:05:349		1.50877e+06		289.809		129.973		0		3		269.072			00:01:05:349		1.07222e+07		-5.79746		0		0		2.90689e+06		497.063		
00:01:05:250		1.50878e+06		289.504		129.973		0		3		269.097			00:01:05:250		1.0728e+07		-5.79565		0		0		2.91299e+06		498.603		
00:01:05:150		1.50879e+06		289.504		129.998		0		3		269.125			00:01:05:150		1.0734e+07		-5.7938		0		0		2.91929e+06		500.08		
00:01:04:950		1.5088e+06		289.197		130.023		0		3		269.184			00:01:04:950		1.07457e+07		-5.78996		0		0		2.92942e+06		502.495		
00:01:04:799		1.50882e+06		289.197		130.023		0		3		269.234			00:01:04:799		1.07544e+07		-5.78698		0		0		2.93628e+06		505.091		
00:01:04:799		1.50882e+06		289.197		130.023		0		3		269.234			00:01:04:799		1.07544e+07		-5.78698		0		0		2.93628e+06		505.091		
00:01:04:750		1.50882e+06		288.889		130.023		0		3		269.25			00:01:04:750		1.07573e+07		-5.78597		0		0		2.93778e+06		505.15		
00:01:04:650		1.50883e+06		288.889		130.05		0		3		269.282			00:01:04:650		1.0763e+07		-5.7839		0		0		2.93818e+06		503.712		
00:01:04:549		1.50884e+06		288.889		130.05		0		3		269.31			00:01:04:549		1.07688e+07		-5.7818		0		0		2.93978e+06		503.927		
00:01:04:400		1.50885e+06		288.58		130.078		0		3		269.354			00:01:04:400		1.07774e+07		-5.77856		0		0		2.94582e+06		504.973		
00:01:04:299		1.50886e+06		288.58		130.078		0		3		269.385			00:01:04:299		1.07831e+07		-5.77636		0		0		2.94972e+06		505.581		
00:01:04:200		1.50887e+06		288.269		130.107		0		3		269.416			00:01:04:200		1.07889e+07		-5.77411		0		0		2.95351e+06		505.871		
00:01:04:099		1.50888e+06		288.269		130.107		0		3		269.445			00:01:04:099		1.07947e+07		-5.77182		0		0		2.95721e+06		505.78		
00:01:04:000		1.50888e+06		287.957		130.107		0		3		269.47			00:01:04:000		1.08005e+07		-5.7695		0		0		2.96179e+06		506.409		
00:01:03:899		1.50889e+06		287.957		130.137		0		3		269.495			00:01:03:899		1.08065e+07		-5.76714		0		0		2.9682e+06		508.06		
00:01:03:799		1.5089e+06		287.957		130.137		0		3		269.522			00:01:03:799		1.08124e+07		-5.76474		0		0		2.97447e+06		509.493		
00:01:03:700		1.50891e+06		287.642		130.169		0		3		269.55			00:01:03:700		1.08184e+07		-5.7623		0		0		2.97968e+06		510.631		
00:01:03:600		1.50892e+06		287.642		130.169		0		3		269.581			00:01:03:600		1.08243e+07		-5.75983		0		0		2.98455e+06		512.09		
00:01:03:500		1.50893e+06		287.327		130.169		0		3		269.614			00:01:03:500		1.08301e+07		-5.75733		0		0		2.98925e+06		514.037		
00:01:03:399		1.50894e+06		287.327		130.202		0		3		269.647			00:01:03:399		1.08359e+07		-5.75479		0		0		2.9922e+06		514.188		
00:01:03:299		1.50894e+06		287.327		130.202		0		3		269.677			00:01:03:299		1.08417e+07		-5.75222		0		0		2.99199e+06		512.688		
00:01:03:200		1.50895e+06		287.01		130.236		0		3		269.704			00:01:03:200		1.08475e+07		-5.74961		0		0		2.99433e+06		513.276		
00:01:03:100		1.50896e+06		287.01		130.236		0		3		269.734			00:01:03:100		1.08534e+07		-5.74695		0		0		2.99845e+06		513.926		
00:01:03:000		1.50897e+06		286.693		130.236		0		3		269.765			00:01:03:000		1.08592e+07		-5.74426		0		0		3.00231e+06		514.577		
00:01:02:899		1.50898e+06		286.693		130.273		0		3		269.795			00:01:02:899		1.08651e+07		-5.74153		0		0		3.00614e+06		514.998		
00:01:02:799		1.50899e+06		286.693		130.273		0		3		269.825			00:01:02:799		1.0871e+07		-5.73876		0		0		3.00975e+06		514.911		
00:01:02:700		1.509e+06		286.374		130.311		0		3		269.851			00:01:02:700		1.08769e+07		-5.73594		0		0		3.01383e+06		515.145		
00:01:02:600		1.509e+06		286.374		130.311		0		3		269.874			00:01:02:600		1.0883e+07		-5.73308		0		0		3.01988e+06		516.683		
00:01:02:500		1.50901e+06		286.053		130.311		0		3		269.9			00:01:02:500		1.08891e+07		-5.73017		0		0		3.02641e+06		518.242		
00:01:02:399		1.50902e+06		286.053		130.351		0		3		269.927			00:01:02:399		1.08952e+07		-5.72722		0		0		3.03187e+06		519.405		
00:01:02:299		1.50903e+06		286.053		130.351		0		3		269.957			00:01:02:299		1.09013e+07		-5.72423		0		0		3.03683e+06		520.775		
00:01:02:200		1.50904e+06		285.731		130.393		0		3		269.99			00:01:02:200		1.09074e+07		-5.7212		0		0		3.04168e+06		522.816		
00:01:02:100		1.50905e+06		285.731		130.393		0		3		270.023			00:01:02:100		1.09135e+07		-5.71812		0		0		3.04538e+06		523.829		
00:01:02:000		1.50905e+06		285.407		130.393		0		3		270.055			00:01:02:000		1.09196e+07		-5.715		0		0		3.04533e+06		522.081		
00:01:01:899		1.50906e+06		285.407		130.437		0		3		270.083			00:01:01:899		1.09257e+07		-5.71183		0		0		3.04614e+06		522.001		
00:01:01:799		1.50907e+06		285.407		130.437		0		3		270.111			00:01:01:799		1.09319e+07		-5.70862		0		0		3.05015e+06		522.737		
00:01:01:700		1.50908e+06		285.081		130.483		0		3		270.142			00:01:01:700		1.09381e+07		-5.70537		0		0		3.05396e+06		523.39		
00:01:01:600		1.50909e+06		285.081		130.483		0		3		270.173			00:01:01:600		1.09443e+07		-5.70208		0		0		3.05781e+06		523.927		
00:01:01:500		1.5091e+06		284.757		130.483		0		3		270.203			00:01:01:500		1.09504e+07		-5.69874		0		0		3.06142e+06		523.948		
00:01:01:399		1.50911e+06		284.757		130.532		0		3		270.231			00:01:01:399		1.09567e+07		-5.69536		0		0		3.06511e+06		523.872		
00:01:01:299		1.50911e+06		284.757		130.532		0		3		270.254			00:01:01:299		1.09629e+07		-5.69193		0		0		3.07058e+06		525.152		
00:01:01:200		1.50912e+06		284.429		130.583		0		3		270.28			00:01:01:200		1.09693e+07		-5.68845		0		0		3.0772e+06		526.776		
00:01:01:100		1.50913e+06		284.429		130.583		0		3		270.307			00:01:01:100		1.09756e+07		-5.68494		0		0		3.08291e+06		527.971		
00:01:01:100		1.50913e+06		284.429		130.583		0		3		270.307			00:01:01:100		1.09756e+07		-5.68494		0		0		3.08291e+06		527.971		
00:01:00:850		1.50915e+06		284.101		130.636		0		3		270.387			00:01:00:850		1.09912e+07		-5.67598		0		0		3.09542e+06		532.524		
00:01:00:850		1.50915e+06		284.101		130.636		0		3		270.387			00:01:00:850		1.09912e+07		-5.67598		0		0		3.09542e+06		532.524		
00:01:00:750		1.50916e+06		283.77		130.636		0		3		270.421			00:01:00:750		1.09973e+07		-5.67233		0		0		3.09806e+06		532.48		
00:01:00:649		1.50917e+06		283.77		130.692		0		3		270.453			00:01:00:649		1.10035e+07		-5.66863		0		0		3.09687e+06		530.56		
00:01:00:549		1.50918e+06		283.77		130.692		0		3		270.48			00:01:00:549		1.10096e+07		-5.6649		0		0		3.09884e+06		531.091		
00:01:00:450		1.50919e+06		283.439		130.751		0		3		270.512			00:01:00:450		1.10157e+07		-5.66112		0		0		3.10283e+06		531.718		
00:01:00:350		1.50919e+06		283.439		130.751		0		3		270.545			00:01:00:350		1.10218e+07		-5.65729		0		0		3.10661e+06		532.36		
00:01:00:299		1.5092e+06		283.439		130.751		0		3		270.562			00:01:00:299		1.10249e+07		-5.65537		0		0		3.10849e+06		532.604		
00:01:00:200		1.50921e+06		283.108		130.812		0		3		270.595			00:01:00:200		1.1031e+07		-5.65148		0		0		3.11205e+06		532.664		
00:01:00:100		1.50922e+06		283.108		130.812		0		3		270.625			00:01:00:100		1.10371e+07		-5.64755		0		0		3.11559e+06		532.461		
00:00:59:899		1.50923e+06		282.775		130.876		0		3		270.679			00:00:59:899		1.10495e+07		-5.63954		0		0		3.12745e+06		535.313		
00:00:59:899		1.50923e+06		282.775		130.876		0		3		270.679			00:00:59:899		1.10495e+07		-5.63954		0		0		3.12745e+06		535.313		
00:00:59:799		1.50924e+06		282.775		130.876		0		3		270.709			00:00:59:799		1.10557e+07		-5.63547		0		0		3.13326e+06		536.537		
00:00:59:600		1.50926e+06		282.44		130.944		0		3		270.779			00:00:59:600		1.1068e+07		-5.6272		0		0		3.14325e+06		539.859		
00:00:59:600		1.50926e+06		282.44		130.944		0		3		270.779			00:00:59:600		1.1068e+07		-5.6272		0		0		3.14325e+06		539.859		
00:00:59:500		1.50927e+06		282.104		130.944		0		3		270.818			00:00:59:500		1.10741e+07		-5.623		0		0		3.14769e+06		541.791		
00:00:59:399		1.50928e+06		282.104		131.014		0		3		270.856			00:00:59:399		1.10801e+07		-5.61875		0		0		3.14823e+06		540.244		
00:00:59:299		1.50928e+06		282.104		131.014		0		3		270.891			00:00:59:299		1.10862e+07		-5.61445		0		0		3.14719e+06		539.149		
00:00:59:200		1.50929e+06		281.767		131.087		0		3		270.924			00:00:59:200		1.10923e+07		-5.61011		0		0		3.15045e+06		539.901		
00:00:59:000		1.50931e+06		281.429		131.087		0		3		271			00:00:59:000		1.11044e+07		-5.60127		0		0		3.15784e+06		541.094		
00:00:58:899		1.50932e+06		281.429		131.164		0		3		271.039			00:00:58:899		1.11105e+07		-5.59679		0		0		3.16127e+06		541.124		
00:00:58:899		1.50932e+06		281.429		131.164		0		3		271.039			00:00:58:899		1.11105e+07		-5.59679		0		0		3.16127e+06		541.124		
00:00:58:799		1.50933e+06		281.429		131.164		0		3		271.076			00:00:58:799		1.11166e+07		-5.59224		0		0		3.16456e+06		540.788		
00:00:58:700		1.50934e+06		281.09		131.244		0		3		271.107			00:00:58:700		1.11228e+07		-5.58765		0		0		3.16952e+06		541.87		
00:00:58:600		1.50934e+06		281.09		131.244		0		3		271.141			00:00:58:600		1.1129e+07		-5.58301		0		0		3.17625e+06		543.603		
00:00:58:500		1.50935e+06		280.75		131.244		0		3		271.176			00:00:58:500		1.11353e+07		-5.57833		0		0		3.18208e+06		544.84		
00:00:58:399		1.50936e+06		280.75		131.328		0		3		271.214			00:00:58:399		1.11416e+07		-5.57361		0		0		3.18708e+06		546.082		
00:00:58:299		1.50937e+06		280.75		131.328		0		3		271.256			00:00:58:299		1.11478e+07		-5.56885		0		0		3.19204e+06		548.127		
00:00:58:200		1.50938e+06		280.407		131.415		0		3		271.3			00:00:58:200		1.11541e+07		-5.56404		0		0		3.19662e+06		550.357		
00:00:58:100		1.50939e+06		280.407		131.415		0		3		271.343			00:00:58:100		1.11603e+07		-5.55919		0		0		3.19733e+06		548.92		
00:00:57:899		1.5094e+06		280.065		131.506		0		3		271.42			00:00:57:899		1.11727e+07		-5.54934		0		0		3.1984e+06		548.127		
00:00:57:899		1.5094e+06		280.065		131.506		0		3		271.42			00:00:57:899		1.11727e+07		-5.54934		0		0		3.1984e+06		548.127		
00:00:57:799		1.50941e+06		280.065		131.506		0		3		271.462			00:00:57:799		1.1179e+07		-5.54434		0		0		3.20202e+06		548.734		
00:00:57:700		1.50942e+06		279.721		131.601		0		3		271.504			00:00:57:700		1.11852e+07		-5.5393		0		0		3.20563e+06		549.321		
00:00:57:600		1.50943e+06		279.721		131.601		0		3		271.547			00:00:57:600		1.11914e+07		-5.5342		0		0		3.20895e+06		549.364		
00:00:57:500		1.50944e+06		279.377		131.601		0		3		271.586			00:00:57:500		1.11977e+07		-5.52905		0		0		3.21208e+06		548.975		
00:00:57:399		1.50945e+06		279.377		131.7		0		3		271.619			00:00:57:399		1.1204e+07		-5.52385		0		0		3.21681e+06		549.999		
00:00:57:299		1.50945e+06		279.377		131.7		0		3		271.654			00:00:57:299		1.12104e+07		-5.5186		0		0		3.22338e+06		551.674		
00:00:57:200		1.50946e+06		279.031		131.803		0		3		271.689			00:00:57:200		1.12168e+07		-5.51329		0		0		3.22905e+06		552.816		
00:00:57:100		1.50947e+06		279.031		131.803		0		3		271.727			00:00:57:100		1.12232e+07		-5.50794		0		0		3.234e+06		554.071		
00:00:56:899		1.50949e+06		278.685		131.911		0		3		271.812			00:00:56:899		1.12359e+07		-5.4971		0		0		3.24371e+06		558.51		
00:00:56:899		1.50949e+06		278.685		131.911		0		3		271.812			00:00:56:899		1.12359e+07		-5.4971		0		0		3.24371e+06		558.51		
00:00:56:750		1.5095e+06		278.339		131.911		0		3		271.873			00:00:56:750		1.12454e+07		-5.48884		0		0		3.24231e+06		555.552		
00:00:56:700		1.50951e+06		278.339		132.022		0		3		271.891			00:00:56:700		1.12485e+07		-5.48605		0		0		3.24194e+06		555.348		
00:00:56:549		1.50952e+06		278.339		132.022		0		3		271.945			00:00:56:549		1.1258e+07		-5.47762		0		0		3.24678e+06		556.356		
00:00:56:450		1.50953e+06		277.99		132.139		0		2.99194		271.985			00:00:56:450		1.12643e+07		-5.47193		0		0		3.25037e+06		557.017		
00:00:56:350		1.50953e+06		277.99		132.139		0		2.99194		272.025			00:00:56:350		1.12706e+07		-5.46618		0		0		3.25379e+06		557.299		
00:00:56:250		1.50954e+06		277.641		132.139		0		2.99194		272.064			00:00:56:250		1.1277e+07		-5.46037		0		0		3.25682e+06		556.919		
00:00:56:149		1.50955e+06		277.641		132.26		0		2.97878		272.097			00:00:56:149		1.12833e+07		-5.45447		0		0		3.26067e+06		557.311		
00:00:56:049		1.50956e+06		277.641		132.26		0		2.97878		272.128			00:00:56:049		1.12897e+07		-5.44849		0		0		3.26689e+06		558.984		
00:00:55:850		1.50958e+06		277.29		132.386		0		2.9656		272.195			00:00:55:850		1.13027e+07		-5.43635		0		0		3.27782e+06		561.305		
00:00:55:850		1.50958e+06		277.29		132.386		0		2.9656		272.195			00:00:55:850		1.13027e+07		-5.43635		0		0		3.27782e+06		561.305		
00:00:55:750		1.50959e+06		276.94		132.386		0		2.9656		272.234			00:00:55:750		1.13091e+07		-5.43019		0		0		3.28302e+06		563.379		
00:00:55:649		1.50959e+06		276.94		132.518		0		2.9524		272.275			00:00:55:649		1.13155e+07		-5.42398		0		0		3.28815e+06		566.109		
00:00:55:549		1.5096e+06		276.94		132.518		0		2.9524		272.317			00:00:55:549		1.13219e+07		-5.41771		0		0		3.2897e+06		565.363		
00:00:55:450		1.50961e+06		276.588		132.654		0		2.9392		272.356			00:00:55:450		1.13282e+07		-5.41139		0		0		3.28695e+06		562.884		
00:00:55:350		1.50962e+06		276.588		132.654		0		2.9392		272.39			00:00:55:350		1.13346e+07		-5.40501		0		0		3.28853e+06		563.329		
00:00:55:250		1.50963e+06		276.234		132.654		0		2.9392		272.429			00:00:55:250		1.1341e+07		-5.39858		0		0		3.29254e+06		564.023		
00:00:55:149		1.50964e+06		276.234		132.796		0		2.92597		272.469			00:00:55:149		1.13473e+07		-5.3921		0		0		3.29641e+06		564.738		
00:00:54:950		1.50965e+06		275.88		132.944		0		2.91271		272.551			00:00:54:950		1.136e+07		-5.37905		0		0		3.30328e+06		564.777		
00:00:54:850		1.50966e+06		275.88		132.944		0		2.91271		272.587			00:00:54:850		1.13664e+07		-5.37247		0		0		3.3075e+06		565.478		
00:00:54:850		1.50966e+06		275.88		132.944		0		2.91271		272.587			00:00:54:850		1.13664e+07		-5.37247		0		0		3.3075e+06		565.478		
00:00:54:750		1.50967e+06		275.526		132.944		0		2.91271		272.621			00:00:54:750		1.13728e+07		-5.36587		0		0		3.31364e+06		567.015		
00:00:54:649		1.50968e+06		275.526		133.097		0		2.89943		272.658			00:00:54:649		1.13793e+07		-5.35926		0		0		3.31915e+06		567.925		
00:00:54:549		1.50969e+06		275.526		133.097		0		2.89943		272.697			00:00:54:549		1.13857e+07		-5.35264		0		0		3.32405e+06		569.145		
00:00:54:450		1.5097e+06		275.17		133.257		0		2.88613		272.74			00:00:54:450		1.13921e+07		-5.34602		0		0		3.32989e+06		572.092		
00:00:54:350		1.5097e+06		275.17		133.257		0		2.88613		272.786			00:00:54:350		1.13983e+07		-5.3394		0		0		3.3348e+06		574.218		
00:00:54:250		1.50971e+06		274.815		133.257		0		2.88613		272.831			00:00:54:250		1.14046e+07		-5.33277		0		0		3.33397e+06		571.897		
00:00:54:149		1.50972e+06		274.815		133.422		0		2.87282		272.873			00:00:54:149		1.14108e+07		-5.32612		0		0		3.33195e+06		570.229		
00:00:54:049		1.50973e+06		274.815		133.422		0		2.87282		272.911			00:00:54:049		1.1417e+07		-5.31944		0		0		3.3352e+06		571.065		
00:00:53:950		1.50974e+06		274.459		133.594		0		2.85949		272.953			00:00:53:950		1.14233e+07		-5.31274		0		0		3.33956e+06		571.844		
00:00:53:950		1.50974e+06		274.459		133.594		0		2.85949		272.953			00:00:53:950		1.14233e+07		-5.31274		0		0		3.33956e+06		571.844		
00:00:53:850		1.50975e+06		274.459		133.594		0		2.85949		272.997			00:00:53:850		1.14295e+07		-5.30601		0		0		3.34371e+06		572.543		
00:00:53:750		1.50976e+06		274.1		133.772		0		2.84613		273.041			00:00:53:750		1.14357e+07		-5.29925		0		0		3.3476e+06		572.855		
00:00:53:600		1.50977e+06		274.1		133.772		0		2.84613		273.102			00:00:53:600		1.14449e+07		-5.28902		0		0		3.35351e+06		573.246		
00:00:53:549		1.50977e+06		274.1		133.772		0		2.84613		273.121			00:00:53:549		1.1448e+07		-5.28559		0		0		3.35619e+06		573.908		
00:00:53:399		1.50979e+06		273.742		133.958		0		2.83274		273.179			00:00:53:399		1.14575e+07		-5.27524		0		0		3.3649e+06		575.687		
00:00:53:299		1.50979e+06		273.742		133.958		0		2.83274		273.222			00:00:53:299		1.14638e+07		-5.2683		0		0		3.37009e+06		577.144		
00:00:53:200		1.5098e+06		273.382		134.149		0		2.81934		273.268			00:00:53:200		1.14701e+07		-5.26133		0		0		3.37605e+06		580.272		
00:00:53:100		1.50981e+06		273.382		134.149		0		2.81934		273.315			00:00:53:100		1.14763e+07		-5.25433		0		0		3.38048e+06		582.038		
00:00:52:899		1.50983e+06		273.022		134.348		0		2.80593		273.407			00:00:52:899		1.14886e+07		-5.24022		0		0		3.37699e+06		577.652		
00:00:52:899		1.50983e+06		273.022		134.348		0		2.80593		273.407			00:00:52:899		1.14886e+07		-5.24022		0		0		3.37699e+06		577.652		
00:00:52:799		1.50984e+06		273.022		134.348		0		2.80593		273.445			00:00:52:799		1.14948e+07		-5.23311		0		0		3.38058e+06		578.601		
00:00:52:750		1.50984e+06		272.66		134.348		0		2.80593		273.466			00:00:52:750		1.14979e+07		-5.22954		0		0		3.38305e+06		579.036		
00:00:52:649		1.50985e+06		272.66		134.554		0		2.79249		273.509			00:00:52:649		1.15042e+07		-5.22237		0		0		3.38759e+06		579.843		
00:00:52:549		1.50986e+06		272.66		134.554		0		2.79249		273.553			00:00:52:549		1.15104e+07		-5.21516		0		0		3.39191e+06		580.443		
00:00:52:399		1.50987e+06		272.298		134.767		0		2.77903		273.616			00:00:52:399		1.15198e+07		-5.20428		0		0		3.39819e+06		580.88		
00:00:52:299		1.50988e+06		272.298		134.767		0		2.77903		273.654			00:00:52:299		1.1526e+07		-5.19698		0		0		3.40321e+06		581.849		
00:00:52:200		1.50989e+06		271.936		134.988		0		2.76553		273.693			00:00:52:200		1.15324e+07		-5.18965		0		0		3.40912e+06		583.114		
00:00:52:100		1.5099e+06		271.936		134.988		0		2.76553		273.736			00:00:52:100		1.15387e+07		-5.18228		0		0		3.4147e+06		584.581		
00:00:51:899		1.50991e+06		271.572		135.216		0		2.75203		273.829			00:00:51:899		1.15512e+07		-5.16745		0		0		3.42571e+06		590.004		
00:00:51:899		1.50991e+06		271.572		135.216		0		2.75203		273.829			00:00:51:899		1.15512e+07		-5.16745		0		0		3.42571e+06		590.004		
00:00:51:799		1.50992e+06		271.572		135.216		0		2.75203		273.877			00:00:51:799		1.15575e+07		-5.15999		0		0		3.4245e+06		587.623		
00:00:51:600		1.50994e+06		271.207		135.452		0		2.73851		273.962			00:00:51:600		1.15699e+07		-5.14493		0		0		3.42419e+06		585.792		
00:00:51:600		1.50994e+06		271.207		135.452		0		2.73851		273.962			00:00:51:600		1.15699e+07		-5.14493		0		0		3.42419e+06		585.792		
00:00:51:500		1.50995e+06		270.842		135.452		0		2.73851		274.003			00:00:51:500		1.15762e+07		-5.13733		0		0		3.42941e+06		586.79		
00:00:51:399		1.50996e+06		270.842		135.695		0		2.72497		274.045			00:00:51:399		1.15825e+07		-5.12969		0		0		3.43415e+06		587.547		
00:00:51:299		1.50996e+06		270.842		135.695		0		2.72497		274.086			00:00:51:299		1.15888e+07		-5.122		0		0		3.43868e+06		588.052		
00:00:51:200		1.50997e+06		270.476		135.947		0		2.71139		274.126			00:00:51:200		1.15952e+07		-5.11427		0		0		3.44328e+06		588.499		
00:00:51:100		1.50998e+06		270.476		135.947		0		2.71139		274.166			00:00:51:100		1.16016e+07		-5.10651		0		0		3.44859e+06		589.461		
00:00:50:899		1.51e+06		270.111		136.207		0		2.69779		274.251			00:00:50:899		1.16143e+07		-5.09088		0		0		3.4606e+06		592.685		
00:00:50:899		1.51e+06		270.111		136.207		0		2.69779		274.251			00:00:50:899		1.16143e+07		-5.09088		0		0		3.4606e+06		592.685		
00:00:50:799		1.51001e+06		270.111		136.207		0		2.69779		274.298			00:00:50:799		1.16206e+07		-5.08303		0		0		3.46712e+06		596.264		
00:00:50:700		1.51002e+06		269.748		136.477		0		2.68419		274.346			00:00:50:700		1.16269e+07		-5.07516		0		0		3.47103e+06		597.441		
00:00:50:600		1.51002e+06		269.748		136.477		0		2.68419		274.394			00:00:50:600		1.16331e+07		-5.06727		0		0		3.46849e+06		594.767		
00:00:50:500		1.51003e+06		269.388		136.477		0		2.68419		274.439			00:00:50:500		1.16393e+07		-5.05936		0		0		3.46685e+06		592.723		
00:00:50:399		1.51004e+06		269.388		136.751		0		2.67056		274.477			00:00:50:399		1.16456e+07		-5.05141		0		0		3.46974e+06		593.439		
00:00:50:299		1.51005e+06		269.388		136.751		0		2.67056		274.519			00:00:50:299		1.16519e+07		-5.04345		0		0		3.47519e+06		594.414		
00:00:50:200		1.51006e+06		269.025		137.031		0		2.6569		274.56			00:00:50:200		1.16583e+07		-5.03548		0		0		3.48023e+06		595.175		
00:00:50:100		1.51007e+06		269.025		137.031		0		2.6569		274.601			00:00:50:100		1.16647e+07		-5.0275		0		0		3.48498e+06		595.597		
00:00:49:850		1.51009e+06		268.663		137.317		0		2.64321		274.702			00:00:49:850		1.16807e+07		-5.00756		0		0		3.49936e+06		598.17		
00:00:49:850		1.51009e+06		268.663		137.317		0		2.64321		274.702			00:00:49:850		1.16807e+07		-5.00756		0		0		3.49936e+06		598.17		
00:00:49:799		1.51009e+06		268.663		137.317		0		2.64321		274.723			00:00:49:799		1.16839e+07		-5.00358		0		0		3.50271e+06		599.121		
00:00:49:700		1.5101e+06		268.297		137.607		0		2.62951		274.769			00:00:49:700		1.16903e+07		-4.99563		0		0		3.50966e+06		602.568		
00:00:49:600		1.51011e+06		268.297		137.607		0		2.62951		274.817			00:00:49:600		1.16967e+07		-4.9877		0		0		3.51568e+06		605.425		
00:00:49:500		1.51012e+06		267.932		137.607		0		2.62951		274.866			00:00:49:500		1.17029e+07		-4.97976		0		0		3.51531e+06		603.809		
00:00:49:350		1.51013e+06		267.932		137.904		0		2.61579		274.936			00:00:49:350		1.17124e+07		-4.96781		0		0		3.51219e+06		600.524		
00:00:49:250		1.51014e+06		267.568		137.904		0		2.61579		274.977			00:00:49:250		1.17187e+07		-4.95979		0		0		3.51441e+06		600.886		
00:00:49:200		1.51014e+06		267.568		138.205		0		2.60205		274.996			00:00:49:200		1.17218e+07		-4.95577		0		0		3.5172e+06		601.396		
00:00:49:049		1.51016e+06		267.568		138.205		0		2.60205		275.058			00:00:49:049		1.17314e+07		-4.94364		0		0		3.52497e+06		602.532		
00:00:48:850		1.51017e+06		267.201		138.513		0		2.58828		275.138			00:00:48:850		1.17443e+07		-4.92738		0		0		3.5355e+06		603.619		
00:00:48:850		1.51017e+06		267.201		138.513		0		2.58828		275.138			00:00:48:850		1.17443e+07		-4.92738		0		0		3.5355e+06		603.619		
00:00:48:750		1.51018e+06		266.835		138.513		0		2.58828		275.18			00:00:48:750		1.17507e+07		-4.91923		0		0		3.54194e+06		605.035		
00:00:48:649		1.51019e+06		266.835		138.825		0		2.57447		275.223			00:00:48:649		1.17572e+07		-4.91108		0		0		3.54922e+06		607.494		
00:00:48:549		1.5102e+06		266.835		138.825		0		2.57447		275.27			00:00:48:549		1.17636e+07		-4.90293		0		0		3.5567e+06		611.338		
00:00:48:450		1.51021e+06		266.467		139.144		0		2.56066		275.318			00:00:48:450		1.177e+07		-4.89478		0		0		3.5612e+06		612.878		
00:00:48:350		1.51021e+06		266.467		139.144		0		2.56066		275.366			00:00:48:350		1.17763e+07		-4.88663		0		0		3.55922e+06		610.741		
00:00:48:250		1.51022e+06		266.099		139.144		0		2.56066		275.413			00:00:48:250		1.17827e+07		-4.87845		0		0		3.55752e+06		608.636		
00:00:48:149		1.51023e+06		266.099		139.468		0		2.54683		275.456			00:00:48:149		1.1789e+07		-4.87022		0		0		3.55856e+06		608.188		
00:00:47:950		1.51025e+06		265.729		139.797		0		2.53297		275.536			00:00:47:950		1.18018e+07		-4.85367		0		0		3.56902e+06		609.914		
00:00:47:850		1.51026e+06		265.729		139.797		0		2.53297		275.576			00:00:47:850		1.18083e+07		-4.84536		0		0		3.57408e+06		610.323		
00:00:47:850		1.51026e+06		265.729		139.797		0		2.53297		275.576			00:00:47:850		1.18083e+07		-4.84536		0		0		3.57408e+06		610.323		
00:00:47:750		1.51027e+06		265.357		139.797		0		2.53297		275.616			00:00:47:750		1.18147e+07		-4.83703		0		0		3.57966e+06		610.846		
00:00:47:649		1.51027e+06		265.357		140.132		0		2.51907		275.658			00:00:47:649		1.18212e+07		-4.8287		0		0		3.58636e+06		612.274		
00:00:47:549		1.51027e+06		265.357		140.132		0		2.51907		275.658			00:00:47:549		1.18212e+07		-4.8287		0		0		3.58636e+06		612.274		
00:00:47:549		1.51028e+06		265.357		140.132		0		2.51907		275.702			00:00:47:549		1.18277e+07		-4.82037		0		0		3.59445e+06		615.475		
00:00:47:450		1.51029e+06		264.982		140.473		0		2.50517		275.75			00:00:47:450		1.18341e+07		-4.81205		0		0		3.60258e+06		619.62		
00:00:47:200		1.51031e+06		264.609		140.819		0		2.49125		275.871			00:00:47:200		1.185e+07		-4.79124		0		0		3.60268e+06		617.066		
00:00:47:200		1.51031e+06		264.609		140.819		0		2.49125		275.871			00:00:47:200		1.185e+07		-4.79124		0		0		3.60268e+06		617.066		
00:00:47:100		1.51032e+06		264.609		140.819		0		2.49125		275.916			00:00:47:100		1.18564e+07		-4.78288		0		0		3.6028e+06		615.504		
00:00:46:899		1.51034e+06		264.233		141.171		0		2.47729		275.998			00:00:46:899		1.18692e+07		-4.76603		0		0		3.61252e+06		617.337		
00:00:46:899		1.51034e+06		264.233		141.171		0		2.47729		275.998			00:00:46:899		1.18692e+07		-4.76603		0		0		3.61252e+06		617.337		
00:00:46:799		1.51035e+06		264.233		141.171		0		2.47729		276.039			00:00:46:799		1.18756e+07		-4.75757		0		0		3.61766e+06		617.72		
00:00:46:750		1.51035e+06		263.855		141.171		0		2.47729		276.059			00:00:46:750		1.18789e+07		-4.75332		0		0		3.62029e+06		617.826		
00:00:46:649		1.51036e+06		263.855		141.528		0		2.4633		276.1			00:00:46:649		1.18854e+07		-4.74482		0		0		3.62622e+06		618.527		
00:00:46:500		1.51037e+06		263.475		141.528		0		2.4633		276.167			00:00:46:500		1.18952e+07		-4.73208		0		0		3.63857e+06		623.254		
00:00:46:399		1.51038e+06		263.475		141.891		0		2.4493		276.216			00:00:46:399		1.19016e+07		-4.72358		0		0		3.6469e+06		627.249		
00:00:46:299		1.51039e+06		263.475		141.891		0		2.4493		276.265			00:00:46:299		1.19081e+07		-4.71509		0		0		3.64917e+06		626.887		
00:00:46:200		1.5104e+06		263.092		142.262		0		2.43528		276.313			00:00:46:200		1.19145e+07		-4.70659		0		0		3.64684e+06		625.263		
00:00:46:100		1.51041e+06		263.092		142.262		0		2.43528		276.36			00:00:46:100		1.19209e+07		-4.69807		0		0		3.64661e+06		623.5		
00:00:45:899		1.51042e+06		262.703		142.639		0		2.42123		276.443			00:00:45:899		1.19338e+07		-4.68091		0		0		3.65427e+06		624.368		
00:00:45:899		1.51042e+06		262.703		142.639		0		2.42123		276.443			00:00:45:899		1.19338e+07		-4.68091		0		0		3.65427e+06		624.368		
00:00:45:799		1.51043e+06		262.703		142.639		0		2.42123		276.485			00:00:45:799		1.19404e+07		-4.67229		0		0		3.65985e+06		624.937		
00:00:45:700		1.51044e+06		262.308		143.024		0		2.40715		276.527			00:00:45:700		1.19469e+07		-4.66367		0		0		3.66549e+06		625.322		
00:00:45:600		1.51045e+06		262.308		143.024		0		2.40715		276.571			00:00:45:600		1.19535e+07		-4.65506		0		0		3.67204e+06		626.637		
00:00:45:500		1.51046e+06		261.903		143.024		0		2.40715		276.617			00:00:45:500		1.19601e+07		-4.64651		0		0		3.68076e+06		630.686		
00:00:45:399		1.51047e+06		261.903		143.417		0		2.39305		276.667			00:00:45:399		1.19665e+07		-4.63804		0		0		3.68909e+06		634.43		
00:00:45:299		1.51047e+06		261.903		143.417		0		2.39305		276.715			00:00:45:299		1.19728e+07		-4.62958		0		0		3.69039e+06		633.477		
00:00:45:200		1.51048e+06		261.483		143.82		0		2.37894		276.764			00:00:45:200		1.1979e+07		-4.62112		0		0		3.68866e+06		632.196		
00:00:45:100		1.51049e+06		261.483		143.82		0		2.37894		276.811			00:00:45:100		1.19852e+07		-4.61265		0		0		3.68878e+06		630.494		
00:00:44:899		1.51051e+06		261.035		144.235		0		2.36479		276.895			00:00:44:899		1.19979e+07		-4.59559		0		0		3.69704e+06		631.425		
00:00:44:899		1.51051e+06		261.035		144.235		0		2.36479		276.895			00:00:44:899		1.19979e+07		-4.59559		0		0		3.69704e+06		631.425		
00:00:44:799		1.51052e+06		261.035		144.235		0		2.36479		276.938			00:00:44:799		1.20042e+07		-4.58703		0		0		3.70285e+06		631.991		
00:00:44:700		1.51053e+06		260.538		144.662		0		2.35061		276.982			00:00:44:700		1.20107e+07		-4.57846		0		0		3.70887e+06		632.683		
00:00:44:600		1.51053e+06		260.538		144.662		0		2.35061		277.028			00:00:44:600		1.20171e+07		-4.5699		0		0		3.71651e+06		635.611		
00:00:44:450		1.51055e+06		260.371		145.092		0		2.33642		277.102			00:00:44:450		1.20266e+07		-4.55709		0		0		3.72856e+06		640.81		
00:00:44:350		1.51055e+06		260.371		145.092		0		2.33642		277.151			00:00:44:350		1.2033e+07		-4.54856		0		0		3.72874e+06		639.386		
00:00:44:250		1.51056e+06		260.206		145.092		0		2.33642		277.2			00:00:44:250		1.20393e+07		-4.54003		0		0		3.72808e+06		638.257		
00:00:44:149		1.51057e+06		260.206		145.524		0		2.32221		277.246			00:00:44:149		1.20457e+07		-4.53147		0		0		3.72897e+06		636.669		
00:00:44:049		1.51058e+06		260.206		145.524		0		2.32221		277.289			00:00:44:049		1.2052e+07		-4.52287		0		0		3.73252e+06		637.161		
00:00:43:850		1.5106e+06		260.042		145.959		0		2.30796		277.376			00:00:43:850		1.20649e+07		-4.50561		0		0		3.74564e+06		639.043		
00:00:43:850		1.5106e+06		260.042		145.959		0		2.30796		277.376			00:00:43:850		1.20649e+07		-4.50561		0		0		3.74564e+06		639.043		
00:00:43:750		1.51061e+06		259.878		145.959		0		2.30796		277.423			00:00:43:750		1.20714e+07		-4.49697		0		0		3.75316e+06		641.887		
00:00:43:649		1.51061e+06		259.878		146.397		0		2.29369		277.473			00:00:43:649		1.20778e+07		-4.48834		0		0		3.76188e+06		646.004		
00:00:43:549		1.51062e+06		259.878		146.397		0		2.29369		277.522			00:00:43:549		1.20842e+07		-4.47969		0		0		3.76569e+06		646.22		
00:00:43:450		1.51063e+06		259.714		146.837		0		2.27941		277.571			00:00:43:450		1.20906e+07		-4.47103		0		0		3.76474e+06		645.102		
00:00:43:350		1.51064e+06		259.714		146.837		0		2.27941		277.62			00:00:43:350		1.20969e+07		-4.46234		0		0		3.7654e+06		643.858		
00:00:43:250		1.51065e+06		259.551		146.837		0		2.27941		277.666			00:00:43:250		1.21033e+07		-4.45359		0		0		3.76703e+06		642.694		
00:00:43:200		1.51065e+06		259.551		147.279		0		2.2651		277.688			00:00:43:200		1.21065e+07		-4.44919		0		0		3.76912e+06		643.147		
00:00:43:049		1.51067e+06		259.551		147.279		0		2.2651		277.753			00:00:43:049		1.21162e+07		-4.43594		0		0		3.77926e+06		644.747		
00:00:42:950		1.51067e+06		259.388		147.723		0		2.25075		277.8			00:00:42:950		1.21227e+07		-4.42708		0		0		3.78619e+06		646.638		
00:00:42:850		1.51068e+06		259.388		147.723		0		2.25075		277.849			00:00:42:850		1.21291e+07		-4.41822		0		0		3.79486e+06		650.784		
00:00:42:750		1.51069e+06		259.225		147.723		0		2.25075		277.899			00:00:42:750		1.21355e+07		-4.40935		0		0		3.80092e+06		652.411		
00:00:42:649		1.5107e+06		259.225		148.17		0		2.2364		277.948			00:00:42:649		1.21419e+07		-4.40048		0		0		3.80073e+06		650.964		
00:00:42:549		1.51071e+06		259.225		148.17		0		2.2364		277.996			00:00:42:549		1.21482e+07		-4.3916		0		0		3.80133e+06		649.861		
00:00:42:450		1.51072e+06		259.063		148.618		0		2.22201		278.043			00:00:42:450		1.21545e+07		-4.38271		0		0		3.8033e+06		648.593		
00:00:42:350		1.51072e+06		259.063		148.618		0		2.22201		278.086			00:00:42:350		1.21608e+07		-4.3738		0		0		3.80868e+06		649.847		
00:00:42:250		1.51073e+06		258.9		148.618		0		2.22201		278.133			00:00:42:250		1.21671e+07		-4.3649		0		0		3.81644e+06		651.623		
00:00:42:149		1.51074e+06		258.9		149.067		0		2.2076		278.182			00:00:42:149		1.21734e+07		-4.356		0		0		3.82434e+06		654.982		
00:00:41:950		1.51076e+06		258.738		149.518		0		2.19317		278.282			00:00:41:950		1.2186e+07		-4.33822		0		0		3.8326e+06		656.505		
00:00:41:850		1.51077e+06		258.738		149.518		0		2.19317		278.331			00:00:41:850		1.21922e+07		-4.32933		0		0		3.83308e+06		655.658		
00:00:41:850		1.51077e+06		258.738		149.518		0		2.19317		278.331			00:00:41:850		1.21922e+07		-4.32933		0		0		3.83308e+06		655.658		
00:00:41:750		1.51078e+06		258.577		149.518		0		2.19317		278.379			00:00:41:750		1.21985e+07		-4.32041		0		0		3.8349e+06		654.318		
00:00:41:649		1.51078e+06		258.577		149.971		0		2.17871		278.425			00:00:41:649		1.22048e+07		-4.31148		0		0		3.83889e+06		654.661		
00:00:41:549		1.51079e+06		258.577		149.971		0		2.17871		278.47			00:00:41:549		1.22111e+07		-4.30253		0		0		3.84675e+06		656.733		
00:00:41:549		1.51079e+06		258.577		149.971		0		2.17871		278.47			00:00:41:549		1.22111e+07		-4.30253		0		0		3.84675e+06		656.733		
00:00:41:299		1.51081e+06		258.415		150.424		0		2.16423		278.594			00:00:41:299		1.22269e+07		-4.28022		0		0		3.8633e+06		662.252		
00:00:41:299		1.51081e+06		258.415		150.424		0		2.16423		278.594			00:00:41:299		1.22269e+07		-4.28022		0		0		3.8633e+06		662.252		
00:00:41:200		1.51082e+06		258.253		150.878		0		2.14973		278.643			00:00:41:200		1.22332e+07		-4.2713		0		0		3.86345e+06		661.086		
00:00:41:100		1.51083e+06		258.253		150.878		0		2.14973		278.692			00:00:41:100		1.22394e+07		-4.26237		0		0		3.86503e+06		660.087		
00:00:40:899		1.51085e+06		258.092		151.333		0		2.13519		278.785			00:00:40:899		1.22521e+07		-4.24448		0		0		3.87483e+06		661.761		
00:00:40:899		1.51085e+06		258.092		151.333		0		2.13519		278.785			00:00:40:899		1.22521e+07		-4.24448		0		0		3.87483e+06		661.761		
00:00:40:799		1.51086e+06		258.092		151.333		0		2.13519		278.835			00:00:40:799		1.22584e+07		-4.23555		0		0		3.88322e+06		664.954		
00:00:40:700		1.51087e+06		257.93		151.788		0		2.12064		278.885			00:00:40:700		1.22647e+07		-4.22662		0		0		3.88932e+06		666.68		
00:00:40:600		1.51087e+06		257.93		151.788		0		2.12064		278.935			00:00:40:600		1.22711e+07		-4.2177		0		0		3.89084e+06		665.847		
00:00:40:500		1.51088e+06		257.768		151.788		0		2.12064		278.984			00:00:40:500		1.22774e+07		-4.20877		0		0		3.89242e+06		665.192		
00:00:40:299		1.5109e+06		257.768		152.243		0		2.10607		279.08			00:00:40:299		1.22902e+07		-4.19088		0		0		3.90051e+06		665.729		
00:00:40:299		1.5109e+06		257.768		152.243		0		2.10607		279.08			00:00:40:299		1.22902e+07		-4.19088		0		0		3.90051e+06		665.729		
00:00:40:200		1.51091e+06		257.604		152.698		0		2.09149		279.128			00:00:40:200		1.22966e+07		-4.18192		0		0		3.9091e+06		668.995		
00:00:40:100		1.51092e+06		257.604		152.698		0		2.09149		279.179			00:00:40:100		1.2303e+07		-4.17296		0		0		3.91567e+06		671.163		
00:00:39:899		1.51093e+06		257.438		153.153		0		2.07691		279.278			00:00:39:899		1.23158e+07		-4.155		0		0		3.91935e+06		669.91		
00:00:39:899		1.51093e+06		257.438		153.153		0		2.07691		279.278			00:00:39:899		1.23158e+07		-4.155		0		0		3.91935e+06		669.91		
00:00:39:799		1.51094e+06		257.438		153.153		0		2.07691		279.326			00:00:39:799		1.23221e+07		-4.14599		0		0		3.92211e+06		669.012		
00:00:39:700		1.51095e+06		257.271		153.607		0		2.0623		279.374			00:00:39:700		1.23286e+07		-4.13696		0		0		3.92683e+06		669.992		
00:00:39:600		1.51096e+06		257.271		153.607		0		2.0623		279.422			00:00:39:600		1.2335e+07		-4.12794		0		0		3.93534e+06		673.413		
00:00:39:500		1.51097e+06		257.101		153.607		0		2.0623		279.473			00:00:39:500		1.23414e+07		-4.11891		0		0		3.94206e+06		675.396		
00:00:39:399		1.51098e+06		257.101		154.061		0		2.04768		279.523			00:00:39:399		1.23478e+07		-4.1099		0		0		3.94444e+06		674.787		
00:00:39:200		1.51099e+06		256.93		154.513		0		2.03305		279.621			00:00:39:200		1.23606e+07		-4.09189		0		0		3.94957e+06		673.857		
00:00:39:200		1.51099e+06		256.93		154.513		0		2.03305		279.621			00:00:39:200		1.23606e+07		-4.09189		0		0		3.94957e+06		673.857		
00:00:39:100		1.511e+06		256.93		154.513		0		2.03305		279.67			00:00:39:100		1.2367e+07		-4.0829		0		0		3.95434e+06		674.919		
00:00:38:899		1.51102e+06		256.757		154.965		0		2.01841		279.769			00:00:38:899		1.23798e+07		-4.06501		0		0		3.96859e+06		679.752		
00:00:38:899		1.51102e+06		256.757		154.965		0		2.01841		279.769			00:00:38:899		1.23798e+07		-4.06501		0		0		3.96859e+06		679.752		
00:00:38:799		1.51103e+06		256.757		154.965		0		2.01841		279.818			00:00:38:799		1.23862e+07		-4.0561		0		0		3.97065e+06		679.083		
00:00:38:700		1.51104e+06		256.581		155.414		0		2.00376		279.868			00:00:38:700		1.23926e+07		-4.0472		0		0		3.97288e+06		678.756		
00:00:38:549		1.51105e+06		256.581		155.414		0		2.00376		279.941			00:00:38:549		1.24022e+07		-4.03386		0		0		3.9786e+06		678.616		
00:00:38:450		1.51106e+06		256.404		155.861		0		1.9891		279.989			00:00:38:450		1.24086e+07		-4.02496		0		0		3.98582e+06		681.647		
00:00:38:350		1.51106e+06		256.404		155.861		0		1.9891		280.039			00:00:38:350		1.2415e+07		-4.01605		0		0		3.99313e+06		683.829		
00:00:38:250		1.51107e+06		256.224		155.861		0		1.9891		280.089			00:00:38:250		1.24214e+07		-4.00711		0		0		3.99626e+06		683.584		
00:00:38:149		1.51108e+06		256.224		156.307		0		1.97443		280.139			00:00:38:149		1.24277e+07		-3.99812		0		0		3.99831e+06		683.248		
00:00:38:049		1.51109e+06		256.224		156.307		0		1.97443		280.188			00:00:38:049		1.24341e+07		-3.98909		0		0		4.0017e+06		682.883		
00:00:37:950		1.5111e+06		256.042		156.749		0		1.95974		280.237			00:00:37:950		1.24405e+07		-3.97999		0		0		4.00631e+06		683.586		
00:00:37:850		1.51111e+06		256.042		156.749		0		1.95974		280.285			00:00:37:850		1.24469e+07		-3.97083		0		0		4.01411e+06		686.856		
00:00:37:750		1.51112e+06		255.857		156.749		0		1.95974		280.335			00:00:37:750		1.24533e+07		-3.9616		0		0		4.02041e+06		688.258		
00:00:37:649		1.51112e+06		255.857		157.189		0		1.94505		280.385			00:00:37:649		1.24597e+07		-3.95231		0		0		4.0228e+06		687.708		
00:00:37:549		1.51113e+06		255.857		157.189		0		1.94505		280.434			00:00:37:549		1.24661e+07		-3.94295		0		0		4.02546e+06		687.518		
00:00:37:450		1.51114e+06		255.669		157.625		0		1.93035		280.483			00:00:37:450		1.24725e+07		-3.93357		0		0		4.02941e+06		687.286		
00:00:37:350		1.51115e+06		255.669		157.625		0		1.93035		280.532			00:00:37:350		1.24789e+07		-3.92418		0		0		4.035e+06		688.971		
00:00:37:250		1.51116e+06		255.478		157.625		0		1.93035		280.581			00:00:37:250		1.24854e+07		-3.91483		0		0		4.04326e+06		692.185		
00:00:37:149		1.51117e+06		255.478		158.057		0		1.91564		280.631			00:00:37:149		1.24918e+07		-3.90557		0		0		4.04814e+06		692.688		
00:00:37:049		1.51118e+06		255.478		158.057		0		1.91564		280.68			00:00:37:049		1.24982e+07		-3.89642		0		0		4.04998e+06		692.007		
00:00:36:950		1.51118e+06		255.285		158.485		0		1.90092		280.728			00:00:36:950		1.25046e+07		-3.88742		0		0		4.05314e+06		691.879		
00:00:36:850		1.51119e+06		255.285		158.485		0		1.90092		280.777			00:00:36:850		1.25111e+07		-3.87859		0		0		4.05757e+06		691.897		
00:00:36:750		1.5112e+06		255.089		158.485		0		1.90092		280.825			00:00:36:750		1.25175e+07		-3.86994		0		0		4.06429e+06		694.551		
00:00:36:649		1.51121e+06		255.089		158.909		0		1.8862		280.874			00:00:36:649		1.2524e+07		-3.86146		0		0		4.0723e+06		697.107		
00:00:36:549		1.51122e+06		255.089		158.909		0		1.8862		280.923			00:00:36:549		1.25305e+07		-3.85311		0		0		4.07581e+06		696.92		
00:00:36:450		1.51123e+06		254.89		159.327		0		1.87147		280.971			00:00:36:450		1.25369e+07		-3.84487		0		0		4.07809e+06		696.567		
00:00:36:350		1.51123e+06		254.89		159.327		0		1.87147		281.02			00:00:36:350		1.25434e+07		-3.83668		0		0		4.08184e+06		696.403		
00:00:36:250		1.51124e+06		254.687		159.327		0		1.87147		281.068			00:00:36:250		1.25499e+07		-3.8285		0		0		4.08674e+06		696.992		
00:00:36:250		1.51124e+06		254.687		159.327		0		1.87147		281.068			00:00:36:250		1.25499e+07		-3.8285		0		0		4.08674e+06		696.992		
00:00:36:149		1.51125e+06		254.687		159.74		0		1.85672		281.116			00:00:36:149		1.25563e+07		-3.82032		0		0		4.09456e+06		700.322		
00:00:36:049		1.51126e+06		254.687		159.74		0		1.85672		281.166			00:00:36:049		1.25628e+07		-3.81209		0		0		4.10148e+06		701.904		
00:00:35:850		1.51128e+06		254.48		160.146		0		1.84198		281.288			00:00:35:850		1.2579e+07		-3.79125		0		0		4.10892e+06		701.19		
00:00:35:850		1.51128e+06		254.48		160.146		0		1.84198		281.288			00:00:35:850		1.2579e+07		-3.79125		0		0		4.10892e+06		701.19		
00:00:35:700		1.51129e+06		254.269		160.546		0		1.82722		281.337			00:00:35:700		1.25855e+07		-3.78277		0		0		4.11377e+06		701.462		
00:00:35:600		1.5113e+06		254.269		160.546		0		1.82722		281.386			00:00:35:600		1.2592e+07		-3.77421		0		0		4.12106e+06		704.533		
00:00:35:500		1.51131e+06		254.053		160.546		0		1.82722		281.435			00:00:35:500		1.25985e+07		-3.76558		0		0		4.12892e+06		706.89		
00:00:35:299		1.51132e+06		254.053		160.938		0		1.81247		281.534			00:00:35:299		1.26115e+07		-3.7481		0		0		4.13429e+06		706.002		
00:00:35:299		1.51132e+06		254.053		160.938		0		1.81247		281.534			00:00:35:299		1.26115e+07		-3.7481		0		0		4.13429e+06		706.002		
00:00:35:200		1.51133e+06		253.834		161.322		0		1.79771		281.583			00:00:35:200		1.2618e+07		-3.73926		0		3.46914		4.13863e+06		706.025		
00:00:35:100		1.51134e+06		253.834		161.322		0		1.79771		281.632			00:00:35:100		1.26245e+07		-3.73036		0		0		4.14413e+06		706.964		
00:00:34:950		1.51135e+06		253.608		161.698		0		1.78294		281.706			00:00:34:950		1.26342e+07		-3.71692		0		0		4.15651e+06		711.689		
00:00:34:850		1.51136e+06		253.608		161.698		0		1.78294		281.756			00:00:34:850		1.26407e+07		-3.7079		0		0		4.16052e+06		711.533		
00:00:34:750		1.51137e+06		253.379		161.698		0		1.78294		281.805			00:00:34:750		1.26472e+07		-3.69883		0		0		4.16258e+06		710.87		
00:00:34:649		1.51138e+06		253.379		162.065		0		1.76817		281.855			00:00:34:649		1.26536e+07		-3.68973		0		0		4.16678e+06		710.993		
00:00:34:649		1.51138e+06		253.379		162.065		0		1.76817		281.855			00:00:34:649		1.26536e+07		-3.68973		0		0		4.16678e+06		710.993		
00:00:34:549		1.51139e+06		253.379		162.065		0		1.76817		281.904			00:00:34:549		1.266e+07		-3.68059		0		0		4.17221e+06		711.553		
00:00:34:399		1.5114e+06		253.144		162.422		0		1.7534		281.978			00:00:34:399		1.26697e+07		-3.66683		0		0		4.18459e+06		716.313		
00:00:34:299		1.51141e+06		253.144		162.422		0		1.7534		282.028			00:00:34:299		1.26761e+07		-3.65764		0		0		4.18974e+06		716.719		
00:00:34:200		1.51142e+06		252.903		162.768		0		1.73863		282.079			00:00:34:200		1.26825e+07		-3.64845		0		0		4.19199e+06		716.042		
00:00:34:100		1.51143e+06		252.903		162.768		0		1.73863		282.129			00:00:34:100		1.2689e+07		-3.63924		0		0		4.19567e+06		715.948		
00:00:33:899		1.51144e+06		252.657		163.103		0		1.72385		282.229			00:00:33:899		1.27019e+07		-3.6208		0		0		4.20846e+06		719.137		
00:00:33:899		1.51144e+06		252.657		163.103		0		1.72385		282.229			00:00:33:899		1.27019e+07		-3.6208		0		0		4.20846e+06		719.137		
00:00:33:799		1.51145e+06		252.657		163.103		0		1.72385		282.279			00:00:33:799		1.27083e+07		-3.61157		0		0		4.21705e+06		721.886		
00:00:33:700		1.51146e+06		252.405		163.425		0		1.70907		282.33			00:00:33:700		1.27147e+07		-3.60233		0		0		4.2209e+06		721.527		
00:00:33:600		1.51147e+06		252.405		163.425		0		1.70907		282.381			00:00:33:600		1.27212e+07		-3.59308		0		0		4.22332e+06		720.985		
00:00:33:500		1.51148e+06		252.148		163.425		0		1.70907		282.432			00:00:33:500		1.27276e+07		-3.58383		0		0		4.22804e+06		721.294		
00:00:33:399		1.51149e+06		252.148		163.735		0		1.69429		282.482			00:00:33:399		1.2734e+07		-3.57457		0		0		4.23393e+06		722.072		
00:00:33:299		1.51149e+06		252.148		163.735		0		1.69429		282.534			00:00:33:299		1.27404e+07		-3.5653		0		0		4.24217e+06		725.416		
00:00:33:200		1.5115e+06		251.884		164.03		0		1.67951		282.585			00:00:33:200		1.27469e+07		-3.55601		0		0		4.24965e+06		727.125		
00:00:33:100		1.51151e+06		251.884		164.03		0		1.67951		282.636			00:00:33:100		1.27533e+07		-3.54671		0		0		4.25264e+06		726.407		
00:00:33:000		1.51152e+06		251.614		164.03		0		1.67951		282.686			00:00:33:000		1.27598e+07		-3.5374		0		0		4.2559e+06		726.175		
00:00:32:899		1.51153e+06		251.614		164.311		0		1.66473		282.737			00:00:32:899		1.27663e+07		-3.52808		0		0		4.2614e+06		726.794		
00:00:32:799		1.51154e+06		251.614		164.311		0		1.66473		282.789			00:00:32:799		1.27727e+07		-3.51876		0		0		4.2686e+06		728.951		
00:00:32:700		1.51155e+06		251.337		164.575		0		1.64995		282.841			00:00:32:700		1.27792e+07		-3.50943		0		0		4.27684e+06		731.821		
00:00:32:600		1.51155e+06		251.337		164.575		0		1.64995		282.893			00:00:32:600		1.27857e+07		-3.5001		0		0		4.28186e+06		732.026		
00:00:32:500		1.51156e+06		251.054		164.575		0		1.64995		282.945			00:00:32:500		1.27922e+07		-3.49074		0		0		4.28447e+06		731.388		
00:00:32:399		1.51157e+06		251.054		164.822		0		1.63518		282.996			00:00:32:399		1.27987e+07		-3.48138		0		0		4.28897e+06		731.693		
00:00:32:250		1.51158e+06		250.764		164.822		0		1.63518		283.073			00:00:32:250		1.28084e+07		-3.46729		0		0		4.2986e+06		732.956		
00:00:32:149		1.51159e+06		250.764		165.052		0		1.62041		283.124			00:00:32:149		1.28149e+07		-3.45786		0		0		4.30627e+06		735.78		
00:00:32:049		1.5116e+06		250.764		165.052		0		1.62041		283.175			00:00:32:049		1.28214e+07		-3.44841		0		0		4.31458e+06		738.052		
00:00:31:949		1.51161e+06		250.467		165.261		0		1.60564		283.226			00:00:31:949		1.28279e+07		-3.43895		0		0		4.31844e+06		737.389		
00:00:31:850		1.51162e+06		250.467		165.261		0		1.60564		283.277			00:00:31:850		1.28344e+07		-3.42947		0		0		4.32146e+06		736.56		
00:00:31:750		1.51163e+06		250.162		165.261		0		1.60564		283.327			00:00:31:750		1.28409e+07		-3.41999		0		0		4.3277e+06		737.654		
00:00:31:649		1.51163e+06		250.162		165.451		0		1.59088		283.379			00:00:31:649		1.28474e+07		-3.41049		0		0		4.33672e+06		740.768		
00:00:31:550		1.51164e+06		250.162		165.451		0		1.59088		283.431			00:00:31:550		1.28539e+07		-3.401		0		0		4.34537e+06		743.435		
00:00:31:449		1.51165e+06		249.85		165.618		0		1.57613		283.483			00:00:31:449		1.28604e+07		-3.39148		0		0		4.34969e+06		743.298		
00:00:31:350		1.51166e+06		249.85		165.618		0		1.57613		283.532			00:00:31:350		1.28669e+07		-3.38196		0		0		4.35323e+06		743.885		
00:00:31:250		1.51167e+06		249.53		165.618		0		1.57613		283.583			00:00:31:250		1.28734e+07		-3.37242		0		0		4.35827e+06		744.039		
00:00:31:149		1.51168e+06		249.53		165.762		0		1.56139		283.633			00:00:31:149		1.288e+07		-3.36288		0		0		4.36248e+06		744.257		
00:00:31:050		1.51169e+06		249.53		165.762		0		1.56139		283.684			00:00:31:050		1.28865e+07		-3.35333		0		0		4.36929e+06		745.864		
00:00:30:949		1.51169e+06		249.202		165.882		0		1.54666		283.735			00:00:30:949		1.2893e+07		-3.34377		0		0		4.37647e+06		747.704		
00:00:30:850		1.5117e+06		249.202		165.882		0		1.54666		283.787			00:00:30:850		1.28995e+07		-3.33421		0		0		4.38248e+06		749.072		
00:00:30:750		1.51171e+06		248.866		165.882		0		1.54666		283.838			00:00:30:750		1.29061e+07		-3.32464		0		0		4.38853e+06		751.151		
00:00:30:649		1.51172e+06		248.866		165.975		0		1.53196		283.888			00:00:30:649		1.29126e+07		-3.31505		0		0		4.3917e+06		750.161		
00:00:30:649		1.51172e+06		248.866		165.975		0		1.53196		283.888			00:00:30:649		1.29126e+07		-3.31505		0		0		4.3917e+06		750.161		
00:00:30:449		1.51174e+06		248.522		166.04		0		1.51727		283.987			00:00:30:449		1.29258e+07		-3.29585		0		0		4.40028e+06		751.304		
00:00:30:449		1.51174e+06		248.522		166.04		0		1.51727		283.987			00:00:30:449		1.29258e+07		-3.29585		0		0		4.40028e+06		751.304		
00:00:30:350		1.51174e+06		248.522		166.04		0		1.51727		284.038			00:00:30:350		1.29323e+07		-3.28623		0		0		4.40737e+06		753.184		
00:00:30:199		1.51176e+06		248.168		166.076		0		1.5026		284.113			00:00:30:199		1.29422e+07		-3.27179		0		0		4.41517e+06		754.032		
00:00:30:100		1.51177e+06		248.168		166.076		0		1.5026		284.162			00:00:30:100		1.29488e+07		-3.26214		0		0		4.41955e+06		754.492		
00:00:29:899		1.51178e+06		247.806		166.081		0		1.48795		284.262			00:00:29:899		1.2962e+07		-3.24282		0		0		4.43119e+06		756.624		
00:00:29:800		1.51179e+06		247.806		166.081		0		1.48795		284.311			00:00:29:800		1.29686e+07		-3.23313		0		0		4.43677e+06		757.368		
00:00:29:800		1.51179e+06		247.806		166.081		0		1.48795		284.311			00:00:29:800		1.29686e+07		-3.23313		0		0		4.43677e+06		757.368		
00:00:29:699		1.5118e+06		247.43		166.053		0		1.47336		284.36			00:00:29:699		1.29752e+07		-3.22343		0		0		4.4424e+06		758.258		
00:00:29:600		1.51181e+06		247.43		166.053		0		1.47336		284.41			00:00:29:600		1.29818e+07		-3.21372		0		0		4.44842e+06		759.258		
00:00:29:500		1.51182e+06		247.018		166.053		0		1.47336		284.459			00:00:29:500		1.29884e+07		-3.20398		0		0		4.45451e+06		760.295		
00:00:29:300		1.51183e+06		247.018		165.993		0		1.45897		284.557			00:00:29:300		1.30017e+07		-3.18447		0		0		4.46671e+06		762.311		
00:00:29:300		1.51183e+06		247.018		165.993		0		1.45897		284.557			00:00:29:300		1.30017e+07		-3.18447		0		0		4.46671e+06		762.311		
00:00:29:199		1.51184e+06		246.572		165.902		0		1.44479		284.607			00:00:29:199		1.30083e+07		-3.17468		0		0		4.47284e+06		763.335		
00:00:29:100		1.51185e+06		246.572		165.902		0		1.44479		284.656			00:00:29:100		1.3015e+07		-3.16487		0		0		4.47902e+06		764.369		
00:00:28:899		1.51187e+06		246.09		165.778		0		1.43082		284.754			00:00:28:899		1.30283e+07		-3.14522		0		0		4.49142e+06		766.433		
00:00:28:800		1.51188e+06		246.09		165.778		0		1.43082		284.803			00:00:28:800		1.3035e+07		-3.13537		0		0		4.49765e+06		767.473		
00:00:28:800		1.51188e+06		246.09		165.778		0		1.43082		284.803			00:00:28:800		1.3035e+07		-3.13537		0		0		4.49765e+06		767.473		
00:00:28:699		1.51189e+06		245.573		165.623		0		1.41705		284.852			00:00:28:699		1.30417e+07		-3.12549		0		0		4.50391e+06		768.519		
00:00:28:600		1.51189e+06		245.573		165.623		0		1.41705		284.9			00:00:28:600		1.30484e+07		-3.11561		0		0		4.51018e+06		769.566		
00:00:28:500		1.5119e+06		245.02		165.623		0		1.41705		284.949			00:00:28:500		1.30552e+07		-3.1057		0		0		4.51647e+06		770.616		
00:00:28:399		1.51191e+06		245.02		165.436		0		1.4035		284.998			00:00:28:399		1.30619e+07		-3.09579		0		0		4.52279e+06		771.668		
00:00:28:300		1.51192e+06		245.02		165.436		0		1.4035		285.046			00:00:28:300		1.30686e+07		-3.08586		0		0		4.52912e+06		772.725		
00:00:28:199		1.51193e+06		244.432		165.219		0		1.39015		285.095			00:00:28:199		1.30753e+07		-3.07591		0		0		4.53548e+06		773.785		
00:00:28:100		1.51194e+06		244.432		165.219		0		1.39015		285.143			00:00:28:100		1.3082e+07		-3.06594		0		0		4.54185e+06		774.847		
00:00:27:899		1.51195e+06		243.807		164.972		0		1.37701		285.24			00:00:27:899		1.30955e+07		-3.04593		0		0		4.55467e+06		776.981		
00:00:27:899		1.51195e+06		243.807		164.972		0		1.37701		285.24			00:00:27:899		1.30955e+07		-3.04593		0		0		4.55467e+06		776.981		
00:00:27:800		1.51196e+06		243.807		164.972		0		1.37701		285.288			00:00:27:800		1.31023e+07		-3.0359		0		0		4.56112e+06		778.054		
00:00:27:699		1.51197e+06		243.146		164.695		0		1.36408		285.336			00:00:27:699		1.31091e+07		-3.02585		0		0		4.56759e+06		779.13		
00:00:27:600		1.51198e+06		243.146		164.695		0		1.36408		285.384			00:00:27:600		1.31159e+07		-3.01577		0		0		4.57408e+06		780.209		
00:00:27:500		1.51199e+06		242.448		164.695		0		1.36408		285.432			00:00:27:500		1.31227e+07		-3.00567		0		0		4.5806e+06		781.293		
00:00:27:399		1.512e+06		242.448		164.39		0		1.35137		285.48			00:00:27:399		1.31295e+07		-2.99554		0		0		4.58715e+06		782.38		
00:00:27:300		1.512e+06		242.448		164.39		0		1.35137		285.528			00:00:27:300		1.31363e+07		-2.98539		0		0		4.59372e+06		783.471		
00:00:27:149		1.51202e+06		241.714		164.056		0		1.33886		285.6			00:00:27:149		1.31466e+07		-2.97012		0		10.9627		4.60363e+06		785.114		
00:00:27:050		1.51203e+06		241.714		164.056		0		1.33886		285.648			00:00:27:050		1.31535e+07		-2.95991		0		0		4.61027e+06		786.218		
00:00:26:949		1.51203e+06		240.942		163.695		0		1.32656		285.695			00:00:26:949		1.31603e+07		-2.94967		0		0		4.61695e+06		787.329		
00:00:26:850		1.51204e+06		240.942		163.695		0		1.32656		285.743			00:00:26:850		1.31672e+07		-2.93941		0		11.3535		4.62365e+06		788.445		
00:00:26:750		1.51205e+06		240.132		163.695		0		1.32656		285.79			00:00:26:750		1.31741e+07		-2.92912		0		0		4.63037e+06		789.568		
00:00:26:649		1.51206e+06		240.132		163.308		0		1.31449		285.838			00:00:26:649		1.31811e+07		-2.9188		0		3.46914		4.63712e+06		790.698		
00:00:26:550		1.51207e+06		240.132		163.308		0		1.31449		285.885			00:00:26:550		1.3188e+07		-2.90845		0		3.46914		4.64389e+06		791.828		
00:00:26:449		1.51208e+06		239.283		162.895		0		1.30263		285.931			00:00:26:449		1.3195e+07		-2.89807		0		3.46914		4.65066e+06		792.957		
00:00:26:350		1.51208e+06		239.283		162.895		0		1.30263		285.978			00:00:26:350		1.32019e+07		-2.88766		0		0		4.65746e+06		794.089		
00:00:26:250		1.51209e+06		238.394		162.895		0		1.30263		286.025			00:00:26:250		1.32089e+07		-2.87723		0		11.8595		4.66427e+06		795.223		
00:00:26:149		1.5121e+06		238.394		162.46		0		1.29101		286.072			00:00:26:149		1.32159e+07		-2.86675		0		0		4.6711e+06		796.36		
00:00:26:050		1.51211e+06		238.394		162.46		0		1.29101		286.119			00:00:26:050		1.32229e+07		-2.85625		0		0		4.67795e+06		797.501		
00:00:25:949		1.51212e+06		237.462		162.002		0		1.27963		286.165			00:00:25:949		1.32299e+07		-2.84572		0		0		4.68483e+06		798.644		
00:00:25:850		1.51213e+06		237.462		162.002		0		1.27963		286.212			00:00:25:850		1.3237e+07		-2.83516		0		0		4.69173e+06		799.789		
00:00:25:750		1.51214e+06		236.485		162.002		0		1.27963		286.259			00:00:25:750		1.3244e+07		-2.82458		0		0		4.69865e+06		800.936		
00:00:25:649		1.51214e+06		236.485		161.526		0		1.26852		286.306			00:00:25:649		1.32511e+07		-2.81396		0		0		4.70559e+06		802.081		
00:00:25:550		1.51214e+06		236.485		161.526		0		1.26852		286.306			00:00:25:550		1.32511e+07		-2.81396		0		0		4.70559e+06		802.081		
00:00:25:550		1.51215e+06		236.485		161.526		0		1.26852		286.352			00:00:25:550		1.32582e+07		-2.80331		0		0		4.71255e+06		803.232		
00:00:25:350		1.51217e+06		235.451		161.033		0		1.25776		286.446			00:00:25:350		1.32725e+07		-2.78194		0		0		4.7266e+06		805.562		
00:00:25:250		1.51218e+06		234.331		161.033		0		1.25776		286.493			00:00:25:250		1.32797e+07		-2.7712		0		0		4.73367e+06		806.733		
00:00:25:149		1.51219e+06		234.331		160.531		0		1.24756		286.54			00:00:25:149		1.3287e+07		-2.76043		0		0		4.74077e+06		807.907		
00:00:25:050		1.51221e+06		234.331		160.531		0		1.24756		286.586			00:00:25:050		1.32942e+07		-2.74963		0		0		4.74789e+06		809.087		
00:00:24:949		1.51227e+06		233.204		160.018		0		1.23734		286.633			00:00:24:949		1.33015e+07		-2.7388		0		0		4.75505e+06		810.273		
00:00:24:850		1.51238e+06		233.204		160.018		0		1.23734		286.68			00:00:24:850		1.33087e+07		-2.72792		0		0		4.76224e+06		811.467		
00:00:24:750		1.51252e+06		232.073		160.018		0		1.23734		286.727			00:00:24:750		1.33161e+07		-2.71701		0		0		4.76946e+06		812.669		
00:00:24:750		1.51252e+06		232.073		160.018		0		1.23734		286.727			00:00:24:750		1.33161e+07		-2.71701		0		0		4.76946e+06		812.669		
00:00:24:550		1.51293e+06		232.073		159.495		0		1.22709		286.821			00:00:24:550		1.33307e+07		-2.69509		0		0		4.78397e+06		815.095		
00:00:24:550		1.51293e+06		232.073		159.495		0		1.22709		286.821			00:00:24:550		1.33307e+07		-2.69509		0		0		4.78397e+06		815.095		
00:00:24:449		1.5132e+06		230.937		158.961		0		1.2168		286.868			00:00:24:449		1.33381e+07		-2.68406		0		0		4.79124e+06		816.311		
00:00:24:300		1.51367e+06		230.937		158.961		0		1.2168		286.939			00:00:24:300		1.33492e+07		-2.66746		0		10.5614		4.80217e+06		818.141		
00:00:24:199		1.51404e+06		229.796		158.416		0		1.20647		286.986			00:00:24:199		1.33566e+07		-2.65634		0		10.5614		4.80948e+06		819.369		
00:00:24:100		1.51445e+06		229.796		158.416		0		1.20647		287.033			00:00:24:100		1.33641e+07		-2.64518		0		10.6964		4.8168e+06		820.598		
00:00:24:000		1.5149e+06		228.65		158.416		0		1.20647		287.081			00:00:24:000		1.33716e+07		-2.63398		0		10.7634		4.82414e+06		821.83		
00:00:23:800		1.51591e+06		228.65		157.86		0		1.1961		287.176			00:00:23:800		1.33866e+07		-2.61144		0		11.0286		4.83885e+06		824.298		
00:00:23:800		1.51591e+06		228.65		157.86		0		1.1961		287.176			00:00:23:800		1.33866e+07		-2.61144		0		11.0286		4.83885e+06		824.298		
00:00:23:699		1.51648e+06		227.499		157.292		0		1.18569		287.223			00:00:23:699		1.33942e+07		-2.6001		0		11.1594		4.84623e+06		825.536		
00:00:23:600		1.51709e+06		227.499		157.292		0		1.18569		287.271			00:00:23:600		1.34018e+07		-2.58872		0		11.2244		4.85362e+06		826.77		
00:00:23:500		1.51775e+06		226.343		157.292		0		1.18569		287.319			00:00:23:500		1.34094e+07		-2.57731		0		11.2891		4.86102e+06		828.004		
00:00:23:399		1.51844e+06		226.343		156.713		0		1.17524		287.366			00:00:23:399		1.3417e+07		-2.56585		0		11.4176		4.86844e+06		829.241		
00:00:23:300		1.51917e+06		226.343		156.713		0		1.17524		287.414			00:00:23:300		1.34247e+07		-2.55435		0		11.6085		4.87589e+06		830.483		
00:00:23:199		1.51995e+06		225.182		156.12		0		1.16476		287.462			00:00:23:199		1.34324e+07		-2.54281		0		11.6716		4.88336e+06		831.73		
00:00:23:100		1.52076e+06		225.182		156.12		0		1.16476		287.51			00:00:23:100		1.344e+07		-2.53123		0		11.7345		4.89086e+06		832.978		
00:00:22:899		1.52253e+06		224.015		155.515		0		1.15423		287.606			00:00:22:899		1.34554e+07		-2.50795		0		11.9216		4.90594e+06		835.49		
00:00:22:800		1.52352e+06		224.015		155.515		0		1.15423		287.655			00:00:22:800		1.3463e+07		-2.49624		0		11.9216		4.91352e+06		836.755		
00:00:22:800		1.52352e+06		224.015		155.515		0		1.15423		287.655			00:00:22:800		1.3463e+07		-2.49624		0		11.9216		4.91352e+06		836.755		
00:00:22:699		1.52459e+06		222.844		154.897		0		1.14366		287.703			00:00:22:699		1.34708e+07		-2.48449		0		12.0451		4.92112e+06		838.022		
00:00:22:600		1.52574e+06		222.844		154.897		0		1.14366		287.752			00:00:22:600		1.34785e+07		-2.47269		0		0		4.92874e+06		839.292		
00:00:22:500		1.52698e+06		221.67		154.897		0		1.14366		287.8			00:00:22:500		1.34863e+07		-2.46085		0		0		4.93639e+06		840.568		
00:00:22:399		1.5283e+06		221.67		154.264		0		1.13303		287.849			00:00:22:399		1.34941e+07		-2.44896		0		0		4.94406e+06		841.846		
00:00:22:300		1.5297e+06		221.67		154.264		0		1.13303		287.898			00:00:22:300		1.35019e+07		-2.43701		0		0		4.95175e+06		843.127		
00:00:22:199		1.53119e+06		220.49		153.617		0		1.12236		287.948			00:00:22:199		1.35098e+07		-2.425		0		0		4.95947e+06		844.41		
00:00:22:100		1.53276e+06		220.49		153.617		0		1.12236		287.997			00:00:22:100		1.35178e+07		-2.41295		0		0		4.9672e+06		845.696		
00:00:22:000		1.53441e+06		219.303		153.617		0		1.12236		288.047			00:00:22:000		1.35258e+07		-2.40084		0		0		4.97496e+06		846.985		
00:00:21:899		1.53614e+06		219.303		152.955		0		1.11167		288.097			00:00:21:899		1.35338e+07		-2.38869		0		0		4.98274e+06		848.278		
00:00:21:800		1.53796e+06		219.303		152.955		0		1.11167		288.147			00:00:21:800		1.35419e+07		-2.37648		0		9.93773		4.99055e+06		849.574		
00:00:21:649		1.54085e+06		218.11		152.278		0		1.10094		288.222			00:00:21:649		1.3554e+07		-2.35808		0		10.0787		5.0023e+06		851.526		
00:00:21:550		1.54288e+06		218.11		152.278		0		1.10094		288.273			00:00:21:550		1.35622e+07		-2.34576		0		10.1487		5.01017e+06		852.844		
00:00:21:449		1.545e+06		216.911		151.585		0		1.09016		288.324			00:00:21:449		1.35703e+07		-2.33339		0		10.2183		5.01805e+06		854.159		
00:00:21:350		1.5472e+06		216.911		151.585		0		1.09016		288.375			00:00:21:350		1.35786e+07		-2.32098		0		10.4252		5.02595e+06		855.477		
00:00:21:250		1.54949e+06		215.707		151.585		0		1.09016		288.427			00:00:21:250		1.35868e+07		-2.30853		0		10.5614		5.03387e+06		856.797		
00:00:21:149		1.55186e+06		215.707		150.876		0		1.07935		288.478			00:00:21:149		1.35951e+07		-2.29604		0		10.6291		5.04183e+06		858.121		
00:00:21:050		1.55432e+06		215.707		150.876		0		1.07935		288.53			00:00:21:050		1.36034e+07		-2.28352		0		10.6291		5.04981e+06		859.451		
00:00:20:949		1.55687e+06		214.497		150.15		0		1.06849		288.582			00:00:20:949		1.36118e+07		-2.27096		0		16.9979		5.05782e+06		860.786		
00:00:20:850		1.5595e+06		214.497		150.15		0		1.06849		288.634			00:00:20:850		1.36201e+07		-2.25839		0		11.0941		5.06587e+06		862.131		
00:00:20:750		1.56223e+06		213.281		150.15		0		1.06849		288.686			00:00:20:750		1.36285e+07		-2.24581		0		0		5.07394e+06		863.484		
00:00:20:649		1.56504e+06		213.281		149.406		0		1.05758		288.739			00:00:20:649		1.36369e+07		-2.23321		0		0		5.08203e+06		864.842		
00:00:20:550		1.56794e+06		213.281		149.406		0		1.05758		288.791			00:00:20:550		1.36453e+07		-2.22059		0		0		5.09014e+06		866.193		
00:00:20:449		1.57092e+06		212.059		148.645		0		1.04664		288.844			00:00:20:449		1.36537e+07		-2.20794		0		0		5.09825e+06		867.546		
00:00:20:350		1.574e+06		212.059		148.645		0		1.04664		288.897			00:00:20:350		1.36621e+07		-2.1953		0		0		5.10639e+06		868.902		
00:00:20:250		1.57717e+06		210.832		148.645		0		1.04664		288.951			00:00:20:250		1.36706e+07		-2.18265		0		0		5.11456e+06		870.262		
00:00:20:149		1.58043e+06		210.832		147.865		0		1.03565		289.004			00:00:20:149		1.36791e+07		-2.17		0		0		5.12275e+06		871.628		
00:00:20:050		1.58381e+06		210.832		147.865		0		1.03565		289.058			00:00:20:050		1.36876e+07		-2.15735		0		0		5.13097e+06		872.998		
00:00:19:949		1.58733e+06		209.598		147.066		0		1.02462		289.112			00:00:19:949		1.36962e+07		-2.1447		0		0		5.13922e+06		874.373		
00:00:19:850		1.59098e+06		209.598		147.066		0		1.02462		289.166			00:00:19:850		1.37048e+07		-2.13205		0		0		5.14749e+06		875.748		
00:00:19:850		1.59098e+06		209.598		147.066		0		1.02462		289.166			00:00:19:850		1.37048e+07		-2.13205		0		0		5.14749e+06		875.748		
00:00:19:750		1.59476e+06		208.359		146.248		0		1.01354		289.221			00:00:19:750		1.37134e+07		-2.11939		0		0		5.1558e+06		877.121		
00:00:19:600		1.6007e+06		208.359		146.248		0		1.01354		289.303			00:00:19:600		1.37264e+07		-2.10042		0		12.5894		5.16833e+06		879.193		
00:00:19:500		1.60483e+06		207.113		146.248		0		1.01354		289.358			00:00:19:500		1.37351e+07		-2.08778		0		12.6488		5.17676e+06		880.592		
00:00:19:399		1.6091e+06		207.113		145.409		0		1.00242		289.414			00:00:19:399		1.37439e+07		-2.07516		0		12.7079		5.18523e+06		881.995		
00:00:19:300		1.61351e+06		207.113		145.409		0		1.00242		289.469			00:00:19:300		1.37527e+07		-2.06254		0		12.8257		5.19374e+06		883.405		
00:00:19:199		1.61806e+06		205.861		144.549		0		0.991252		289.525			00:00:19:199		1.37615e+07		-2.04994		0		10.0787		5.2023e+06		884.825		
00:00:19:050		1.62515e+06		205.861		144.549		0		0.991252		289.609			00:00:19:050		1.37748e+07		-2.03108		0		10.2876		5.21523e+06		886.975		
00:00:18:949		1.63006e+06		204.602		143.667		0		0.980038		289.666			00:00:18:949		1.37837e+07		-2.01854		0		10.3566		5.2239e+06		888.422		
00:00:18:850		1.63511e+06		204.602		143.667		0		0.980038		289.722			00:00:18:850		1.37927e+07		-2.00603		0		10.5614		5.2326e+06		889.877		
00:00:18:850		1.63511e+06		204.602		143.667		0		0.980038		289.722			00:00:18:850		1.37927e+07		-2.00603		0		10.5614		5.2326e+06		889.877		
00:00:18:699		1.64297e+06		203.336		142.763		0		0.968778		289.807			00:00:18:699		1.38062e+07		-1.98732		0		10.6964		5.24569e+06		892.054		
00:00:18:600		1.64839e+06		203.336		142.763		0		0.968778		289.864			00:00:18:600		1.38153e+07		-1.97489		0		10.8302		5.25445e+06		893.508		
00:00:18:500		1.65396e+06		202.063		142.763		0		0.968778		289.921			00:00:18:500		1.38244e+07		-1.96249		0		10.9627		5.26325e+06		894.966		
00:00:18:399		1.65968e+06		202.063		141.835		0		0.957471		289.978			00:00:18:399		1.38335e+07		-1.95013		0		11.0286		5.27208e+06		896.431		
00:00:18:350		1.6626e+06		202.063		141.835		0		0.957471		290.007			00:00:18:350		1.38381e+07		-1.94396		0		10.9627		5.27651e+06		897.166		
00:00:18:199		1.67158e+06		200.783		140.884		0		0.946116		290.093			00:00:18:199		1.38519e+07		-1.92552		0		11.2891		5.28987e+06		899.381		
00:00:18:100		1.67777e+06		200.783		140.884		0		0.946116		290.151			00:00:18:100		1.38612e+07		-1.91328		0		11.1594		5.29883e+06		900.865		
00:00:17:899		1.69061e+06		199.496		139.907		0		0.934713		290.267			00:00:17:899		1.38798e+07		-1.88892		0		11.4176		5.31686e+06		903.848		
00:00:17:800		1.69727e+06		199.496		139.907		0		0.934713		290.326			00:00:17:800		1.38893e+07		-1.8768		0		11.4815		5.32594e+06		905.343		
00:00:17:800		1.69727e+06		199.496		139.907		0		0.934713		290.326			00:00:17:800		1.38893e+07		-1.8768		0		11.4815		5.32594e+06		905.343		
00:00:17:699		1.70409e+06		198.202		138.906		0		0.923262		290.385			00:00:17:699		1.38987e+07		-1.86472		0		11.6716		5.33507e+06		906.847		
00:00:17:550		1.71462e+06		198.202		138.906		0		0.923262		290.474			00:00:17:550		1.39131e+07		-1.84667		0		11.8595		5.34887e+06		909.123		
00:00:17:550		1.71462e+06		198.202		138.906		0		0.923262		290.474			00:00:17:550		1.39131e+07		-1.84667		0		11.8595		5.34887e+06		909.123		
00:00:17:399		1.72554e+06		196.901		137.878		0		0.911761		290.564			00:00:17:399		1.39275e+07		-1.82865		0		11.9216		5.36279e+06		911.426		
00:00:17:300		1.73302e+06		196.901		137.878		0		0.911761		290.624			00:00:17:300		1.39373e+07		-1.81663		0		12.1065		5.37213e+06		912.977		
00:00:17:199		1.74067e+06		195.592		136.824		0		0.900211		290.685			00:00:17:199		1.39471e+07		-1.80461		0		12.2286		5.38152e+06		914.544		
00:00:17:100		1.7485e+06		195.592		136.824		0		0.900211		290.745			00:00:17:100		1.3957e+07		-1.79255		0		12.2893		5.39093e+06		916.106		
00:00:17:000		1.7565e+06		194.275		136.824		0		0.900211		290.806			00:00:17:000		1.39671e+07		-1.78047		0		12.47		5.40036e+06		917.656		
00:00:16:800		1.77304e+06		194.275		135.742		0		0.88861		290.928			00:00:16:800		1.39876e+07		-1.75614		0		12.5894		5.41936e+06		920.79		
00:00:16:699		1.78157e+06		192.95		134.632		0		0.876959		290.99			00:00:16:699		1.3998e+07		-1.74387		0		12.7079		5.42893e+06		922.369		
00:00:16:699		1.78157e+06		192.95		134.632		0		0.876959		290.99			00:00:16:699		1.3998e+07		-1.74387		0		12.7079		5.42893e+06		922.369		
00:00:16:600		1.79033e+06		192.95		134.632		0		0.876959		291.052			00:00:16:600		1.40087e+07		-1.73152		0		12.7669		5.43856e+06		923.962		
00:00:16:500		1.79941e+06		191.617		134.632		0		0.876959		291.114			00:00:16:500		1.40196e+07		-1.7191		0		12.9425		5.44824e+06		925.57		
00:00:16:399		1.80882e+06		191.617		133.493		0		0.865256		291.177			00:00:16:399		1.40308e+07		-1.70658		0		13.0007		5.45796e+06		927.18		
00:00:16:300		1.81857e+06		191.617		133.493		0		0.865256		291.24			00:00:16:300		1.40423e+07		-1.69399		0		13.0586		5.46772e+06		928.795		
00:00:16:199		1.82866e+06		190.277		132.324		0		0.853501		291.304			00:00:16:199		1.40541e+07		-1.68135		0		13.1739		5.4775e+06		930.411		
00:00:16:100		1.8391e+06		190.277		132.324		0		0.853501		291.368			00:00:16:100		1.40659e+07		-1.66861		0		13.2313		5.48731e+06		932.03		
00:00:15:900		1.86103e+06		188.928		131.125		0		0.841693		291.497			00:00:15:900		1.40895e+07		-1.64281		0		13.4022		5.50712e+06		935.302		
00:00:15:800		1.87253e+06		188.928		131.125		0		0.841693		291.562			00:00:15:800		1.41011e+07		-1.62971		0		13.2884		5.51713e+06		936.975		
00:00:15:800		1.87253e+06		188.928		131.125		0		0.841693		291.562			00:00:15:800		1.41011e+07		-1.62971		0		13.2884		5.51713e+06		936.975		
00:00:15:699		1.8844e+06		187.572		129.897		0		0.829832		291.628			00:00:15:699		1.41124e+07		-1.61647		0		13.2884		5.52718e+06		938.652		
00:00:15:599		1.89664e+06		187.572		129.897		0		0.829832		291.694			00:00:15:599		1.41233e+07		-1.60311		0		13.4022		5.53724e+06		940.334		
00:00:15:500		1.90926e+06		186.207		129.897		0		0.829832		291.761			00:00:15:500		1.41342e+07		-1.5897		0		13.4588		5.54736e+06		942.034		
00:00:15:400		1.92891e+06		186.207		128.637		0		0.817918		291.862			00:00:15:400		1.41506e+07		-1.56931		0		13.5152		5.56252e+06		944.569		
00:00:15:250		1.94251e+06		184.834		128.637		0		0.817918		291.93			00:00:15:250		1.41608e+07		-1.55554		0		13.5714		5.57264e+06		946.249		
00:00:15:150		1.9565e+06		184.834		127.345		0		0.80595		291.999			00:00:15:150		1.41709e+07		-1.54171		0		13.6275		5.58276e+06		947.917		
00:00:15:050		1.97089e+06		184.834		127.345		0		0.80595		292.069			00:00:15:050		1.41809e+07		-1.52783		0		13.6834		5.59292e+06		949.581		
00:00:14:900		1.99315e+06		183.452		126.021		0		0.793924		292.174			00:00:14:900		1.41959e+07		-1.50689		0		13.7946		5.60827e+06		952.111		
00:00:14:800		2.00845e+06		183.452		126.021		0		0.793924		292.245			00:00:14:800		1.42059e+07		-1.49286		0		13.85		5.6186e+06		953.838		
00:00:14:800		2.00845e+06		183.452		126.021		0		0.793924		292.245			00:00:14:800		1.42059e+07		-1.49286		0		13.85		5.6186e+06		953.838		
00:00:14:699		2.02414e+06		182.061		124.663		0		0.781847		292.318			00:00:14:699		1.42159e+07		-1.47877		0		13.9051		5.62899e+06		955.593		
00:00:14:599		2.04021e+06		182.061		124.663		0		0.781847		292.39			00:00:14:599		1.42259e+07		-1.46463		0		13.9051		5.63936e+06		957.332		
00:00:14:449		2.06506e+06		180.661		123.271		0		0.769715		292.501			00:00:14:449		1.4241e+07		-1.44332		0		13.9051		5.65485e+06		959.851		
00:00:14:349		2.08213e+06		180.661		123.271		0		0.769715		292.576			00:00:14:349		1.4251e+07		-1.42905		0		13.9602		5.6652e+06		961.507		
00:00:14:300		2.09082e+06		180.661		123.271		0		0.769715		292.613			00:00:14:300		1.4256e+07		-1.4219		0		13.9602		5.6704e+06		962.34		
00:00:14:150		2.11752e+06		179.253		121.844		0		0.757526		292.727			00:00:14:150		1.4271e+07		-1.40035		0		14.015		5.68623e+06		964.936		
00:00:14:050		2.13585e+06		179.253		121.844		0		0.757526		292.803			00:00:14:050		1.4281e+07		-1.38592		0		14.015		5.69696e+06		966.75		
00:00:13:949		2.15462e+06		177.835		120.379		0		0.745278		292.88			00:00:13:949		1.4291e+07		-1.37145		0		14.015		5.70775e+06		968.591		
00:00:13:849		2.17383e+06		177.835		120.379		0		0.745278		292.957			00:00:13:849		1.4301e+07		-1.35692		0		14.015		5.71851e+06		970.414		
00:00:13:750		2.1935e+06		176.407		120.379		0		0.745278		293.036			00:00:13:750		1.43109e+07		-1.34233		0		14.015		5.72923e+06		972.208		
00:00:13:650		2.21362e+06		176.407		118.876		0		0.732976		293.115			00:00:13:650		1.43209e+07		-1.32769		0		13.9602		5.73993e+06		973.983		
00:00:13:550		2.23421e+06		176.407		118.876		0		0.732976		293.195			00:00:13:550		1.43308e+07		-1.31299		0		14.015		5.75064e+06		975.752		
00:00:13:449		2.25528e+06		174.97		117.338		0		0.720618		293.276			00:00:13:449		1.43407e+07		-1.29823		0		14.015		5.76142e+06		977.568		
00:00:13:349		2.27684e+06		174.97		117.338		0		0.720618		293.357			00:00:13:349		1.43505e+07		-1.28341		0		13.9602		5.77225e+06		979.403		
00:00:13:250		2.2989e+06		173.523		117.338		0		0.720618		293.439			00:00:13:250		1.43603e+07		-1.26853		0		13.9602		5.78309e+06		981.252		
00:00:13:150		2.32146e+06		173.523		115.765		0		0.708204		293.521			00:00:13:150		1.43701e+07		-1.25358		0		13.9051		5.7939e+06		983.104		
00:00:13:050		2.34455e+06		173.523		115.765		0		0.708204		293.604			00:00:13:050		1.43799e+07		-1.23857		0		13.7946		5.80467e+06		984.945		
00:00:12:949		2.36816e+06		172.067		114.156		0		0.695734		293.687			00:00:12:949		1.43896e+07		-1.2235		0.0662161		13.7391		5.81537e+06		986.764		
00:00:12:849		2.39227e+06		172.067		114.156		0		0.695734		293.771			00:00:12:849		1.43992e+07		-1.20837		0.198787		13.7391		5.82602e+06		988.559		
00:00:12:750		2.41687e+06		170.601		114.156		0		0.695734		293.854			00:00:12:750		1.44087e+07		-1.19316		0.330593		13.7391		5.83663e+06		990.35		
00:00:12:650		2.44197e+06		170.601		112.512		0		0.683208		293.938			00:00:12:650		1.44181e+07		-1.17788		0.460898		13.7391		5.84723e+06		992.142		
00:00:12:550		2.46758e+06		170.601		112.512		0		0.683208		294.022			00:00:12:550		1.44274e+07		-1.16252		0.589038		13.7391		5.85784e+06		993.935		
00:00:12:449		2.49371e+06		169.125		110.834		0		0.670627		294.106			00:00:12:449		1.44365e+07		-1.14708		0.714343		13.7391		5.86844e+06		995.727		
00:00:12:349		2.52037e+06		169.125		110.834		0		0.670627		294.19			00:00:12:349		1.44452e+07		-1.13156		0.836077		13.7391		5.87903e+06		997.509		
00:00:12:250		2.54756e+06		167.638		110.834		0		0.670627		294.275			00:00:12:250		1.44536e+07		-1.11601		0.953704		13.7391		5.88961e+06		999.286		
00:00:12:150		2.5753e+06		167.638		109.124		0		0.65799		294.359			00:00:12:150		1.44621e+07		-1.1005		1.06687		13.7391		5.90019e+06		1001.06		
00:00:12:050		2.60361e+06		167.638		109.124		0		0.65799		294.444			00:00:12:050		1.44708e+07		-1.08502		1.17505		13.7946		5.91077e+06		1002.82		
00:00:12:050		2.60361e+06		167.638		109.124		0		0.65799		294.444			00:00:12:050		1.44708e+07		-1.08502		1.17505		13.7946		5.91077e+06		1002.82		
00:00:11:849		2.66195e+06		166.141		107.384		0		0.645296		294.614			00:00:11:849		1.44895e+07		-1.05421		1.37573		13.7946		5.93202e+06		1006.38		
00:00:11:750		2.692e+06		164.635		107.384		0		0.645296		294.7			00:00:11:750		1.44993e+07		-1.0387		1.46784		13.7946		5.94268e+06		1008.16		
00:00:11:650		2.72266e+06		164.635		105.612		0		0.632547		294.787			00:00:11:650		1.45084e+07		-1.02312		1.55453		13.7946		5.95335e+06		1009.95		
00:00:11:550		2.75395e+06		164.635		105.612		0		0.632547		294.874			00:00:11:550		1.45177e+07		-1.00741		1.6357		13.7946		5.96403e+06		1011.73		
00:00:11:449		2.78586e+06		163.118		103.813		0		0.619741		294.963			00:00:11:449		1.45262e+07		-0.9916		1.71078		13.7946		5.97473e+06		1013.51		
00:00:11:349		2.81843e+06		163.118		103.813		0		0.619741		295.053			00:00:11:349		1.45344e+07		-0.975683		1.77942		13.7946		5.98545e+06		1015.3		
00:00:11:349		2.81843e+06		163.118		103.813		0		0.619741		295.053			00:00:11:349		1.45344e+07		-0.975683		1.77942		13.7946		5.98545e+06		1015.3		
00:00:11:099		2.90224e+06		161.59		101.991		0		0.606879		295.283			00:00:11:099		1.45524e+07		-0.936121		1.94022		14.5545		6.01234e+06		1019.8		
00:00:11:099		2.90224e+06		161.59		101.991		0		0.606879		295.283			00:00:11:099		1.45524e+07		-0.936121		1.94022		14.5545		6.01234e+06		1019.8		
00:00:11:000		2.93674e+06		160.051		101.991		0		0.606879		295.376			00:00:11:000		1.45602e+07		-0.920553		2.0014		21.7616		6.02314e+06		1021.61		
00:00:10:800		3.00755e+06		160.051		100.146		0		0.59396		295.567			00:00:10:800		1.45778e+07		-0.88994		2.13012		30.0311		6.04475e+06		1025.25		
00:00:10:800		3.00755e+06		160.051		100.146		0		0.59396		295.567			00:00:10:800		1.45778e+07		-0.88994		2.13012		30.0311		6.04475e+06		1025.25		
00:00:10:699		3.0439e+06		158.503		98.2778		0		0.580985		295.664			00:00:10:699		1.45878e+07		-0.874817		2.19156		32.5693		6.05553e+06		1027.05		
00:00:10:599		3.08092e+06		158.503		98.2778		0		0.580985		295.762			00:00:10:599		1.45981e+07		-0.859697		2.24337		34.4845		6.0663e+06		1028.85		
00:00:10:500		3.11861e+06		156.944		98.2778		0		0.580985		295.862			00:00:10:500		1.46082e+07		-0.844575		2.29439		36.0144		6.07707e+06		1030.65		
00:00:10:400		3.15701e+06		156.944		96.3831		0		0.567954		295.964			00:00:10:400		1.46184e+07		-0.829445		2.33733		37.2261		6.08785e+06		1032.45		
00:00:10:300		3.19613e+06		156.944		96.3831		0		0.567954		296.067			00:00:10:300		1.46285e+07		-0.814308		2.37813		38.1937		6.09863e+06		1034.25		
00:00:10:199		3.23599e+06		155.376		94.4634		0		0.554866		296.172			00:00:10:199		1.46387e+07		-0.799166		2.41651		39.0481		6.10941e+06		1036.05		
00:00:10:099		3.27658e+06		155.376		94.4634		0		0.554866		296.278			00:00:10:099		1.46489e+07		-0.784025		2.45305		39.7287		6.12019e+06		1037.85		
00:00:10:000		3.31788e+06		153.796		94.4634		0		0.554866		296.386			00:00:10:000		1.4659e+07		-0.768889		2.48867		40.3544		6.13097e+06		1039.65		
00:00:09:800		3.40264e+06		153.796		92.5202		0		0.541722		296.61			00:00:09:800		1.46793e+07		-0.738646		2.5508		41.342		6.15251e+06		1043.23		
00:00:09:800		3.40264e+06		153.796		92.5202		0		0.541722		296.61			00:00:09:800		1.46793e+07		-0.738646		2.5508		41.342		6.15251e+06		1043.23		
00:00:09:699		3.44613e+06		152.208		90.5552		0		0.528522		296.725			00:00:09:699		1.46895e+07		-0.723543		2.57974		41.731		6.16327e+06		1045.02		
00:00:09:599		3.49038e+06		152.208		90.5552		0		0.528522		296.842			00:00:09:599		1.46996e+07		-0.708457		2.60724		42.0954		6.17403e+06		1046.78		
00:00:09:500		3.53541e+06		150.611		90.5552		0		0.528522		296.959			00:00:09:500		1.47097e+07		-0.693386		2.6331		42.3721		6.18479e+06		1048.54		
00:00:09:400		3.58124e+06		150.611		88.5705		0		0.515266		297.077			00:00:09:400		1.47198e+07		-0.678355		2.6576		42.6472		6.19559e+06		1050.31		
00:00:09:300		3.62788e+06		150.611		88.5705		0		0.515266		297.197			00:00:09:300		1.47299e+07		-0.663353		2.68071		42.8787		6.2064e+06		1052.04		
00:00:09:199		3.67535e+06		149.004		86.5689		0		0.501951		297.32			00:00:09:199		1.47399e+07		-0.648384		2.70259		43.0464		6.21724e+06		1053.75		
00:00:09:099		3.72367e+06		149.004		86.5689		0		0.501951		297.444			00:00:09:099		1.475e+07		-0.63345		2.72313		43.1926		6.22816e+06		1055.45		
00:00:09:000		3.77285e+06		147.389		86.5689		0		0.501951		297.57			00:00:09:000		1.476e+07		-0.618555		2.7426		43.3383		6.23919e+06		1057.14		
00:00:08:800		3.87384e+06		147.389		84.5544		0		0.488576		297.829			00:00:08:800		1.47799e+07		-0.588898		2.77907		43.4629		6.26184e+06		1060.55		
00:00:08:800		3.87384e+06		147.389		84.5544		0		0.488576		297.829			00:00:08:800		1.47799e+07		-0.588898		2.77907		43.4629		6.26184e+06		1060.55		
00:00:08:699		3.92571e+06		145.766		82.5319		0		0.475136		297.961			00:00:08:699		1.47899e+07		-0.574148		2.79572		43.5251		6.27356e+06		1062.31		
00:00:08:599		3.97853e+06		145.766		82.5319		0		0.475136		298.096			00:00:08:599		1.47998e+07		-0.559451		2.81142		43.5458		6.28559e+06		1064.16		
00:00:08:500		4.03229e+06		144.133		82.5319		0		0.475136		298.233			00:00:08:500		1.48098e+07		-0.544811		2.82648		43.2967		6.29796e+06		1066.12		
00:00:08:400		4.08704e+06		144.133		80.5045		0		0.461629		298.371			00:00:08:400		1.48197e+07		-0.530226		2.8411		42.9207		6.3106e+06		1068.17		
00:00:08:250		4.17103e+06		142.493		80.5045		0		0.461629		298.583			00:00:08:250		1.48345e+07		-0.508478		2.86155		42.3297		6.32982e+06		1071.29		
00:00:08:150		4.22829e+06		142.493		78.4757		0		0.448054		298.728			00:00:08:150		1.48443e+07		-0.494071		2.87387		41.817		6.34279e+06		1073.43		
00:00:08:050		4.2866e+06		142.493		78.4757		0		0.448054		298.874			00:00:08:050		1.48542e+07		-0.479743		2.88631		41.2333		6.35585e+06		1075.6		
00:00:07:950		4.34597e+06		140.847		76.4497		0		0.434411		299.021			00:00:07:950		1.4864e+07		-0.465496		2.89764		40.664		6.36895e+06		1077.79		
00:00:07:849		4.40642e+06		140.847		76.4497		0		0.434411		299.17			00:00:07:849		1.48738e+07		-0.451334		2.90888		40.0203		6.38203e+06		1079.97		
00:00:07:750		4.46797e+06		139.196		76.4497		0		0.434411		299.322			00:00:07:750		1.48836e+07		-0.437259		2.91923		39.3898		6.39507e+06		1082.12		
00:00:07:650		4.53065e+06		139.196		74.4308		0		0.420699		299.476			00:00:07:650		1.48935e+07		-0.423272		2.92894		38.7038		6.4081e+06		1084.25		
00:00:07:549		4.59448e+06		139.196		74.4308		0		0.420699		299.632			00:00:07:549		1.49033e+07		-0.409372		2.93801		37.9832		6.42113e+06		1086.38		
00:00:07:450		4.65948e+06		137.54		72.4238		0		0.406914		299.791			00:00:07:450		1.49131e+07		-0.395568		2.94696		37.2022		6.43421e+06		1088.53		
00:00:07:349		4.72567e+06		137.54		72.4238		0		0.406914		299.951			00:00:07:349		1.49229e+07		-0.381863		2.9551		36.3817		6.44733e+06		1090.67		
00:00:07:250		4.79307e+06		135.883		72.4238		0		0.406914		300.114			00:00:07:250		1.49328e+07		-0.368261		2.96275		35.5193		6.4605e+06		1092.81		
00:00:07:150		4.8617e+06		135.883		70.4329		0		0.393064		300.279			00:00:07:150		1.49426e+07		-0.35477		2.9694		34.6376		6.47374e+06		1094.97		
00:00:07:049		4.93159e+06		135.883		70.4329		0		0.393064		300.442			00:00:07:049		1.49524e+07		-0.341406		2.97656		33.657		6.48706e+06		1097.13		
00:00:06:950		5.00278e+06		134.224		68.4643		0		0.379142		300.607			00:00:06:950		1.49623e+07		-0.328155		2.98394		32.65		6.50043e+06		1099.31		
00:00:06:849		5.07526e+06		134.224		68.4643		0		0.379142		300.775			00:00:06:849		1.49722e+07		-0.315015		2.98903		31.6145		6.51386e+06		1101.5		
00:00:06:750		5.14908e+06		132.565		68.4643		0		0.379142		300.944			00:00:06:750		1.49821e+07		-0.301964		2.9941		30.4624		6.52736e+06		1103.71		
00:00:06:750		5.14908e+06		132.565		68.4643		0		0.379142		300.944			00:00:06:750		1.49821e+07		-0.301964		2.9941		30.4624		6.52736e+06		1103.71		
00:00:06:549		5.30054e+06		132.565		66.5256		0		0.36515		301.289			00:00:06:549		1.50022e+07		-0.276209		3.00433		27.6626		6.55445e+06		1108.11		
00:00:06:450		5.37783e+06		130.909		64.6245		0		0.351084		301.464			00:00:06:450		1.50124e+07		-0.263522		3.00916		25.7046		6.56797e+06		1110.23		
00:00:06:349		5.45616e+06		130.909		64.6245		0		0.351084		301.642			00:00:06:349		1.50227e+07		-0.250948		3.0133		24.2775		6.58149e+06		1112.25		
00:00:06:250		5.53554e+06		129.257		64.6245		0		0.351084		301.822			00:00:06:250		1.50332e+07		-0.238485		3.01676		24.3818		6.59509e+06		1114.22		
00:00:06:150		5.61598e+06		129.257		62.7683		0		0.33694		302.005			00:00:06:150		1.50437e+07		-0.226129		3.01894		23.0307		6.60905e+06		1116.35		
00:00:06:049		5.69751e+06		129.257		62.7683		0		0.33694		302.188			00:00:06:049		1.50544e+07		-0.213849		3.01954		21.415		6.62342e+06		1118.6		
00:00:05:950		5.78011e+06		127.611		60.9623		0		0.322713		302.373			00:00:05:950		1.50651e+07		-0.201652		3.02063		19.6891		6.63792e+06		1120.82		
00:00:05:849		5.86383e+06		127.611		60.9623		0		0.322713		302.561			00:00:05:849		1.5076e+07		-0.189497		3.02118		17.9168		6.65244e+06		1122.88		
00:00:05:750		5.94868e+06		125.973		60.9623		0		0.322713		302.751			00:00:05:750		1.50863e+07		-0.177267		3.01999		16.2326		6.6669e+06		1124.45		
00:00:05:650		6.03472e+06		125.973		59.2096		0		0.308387		302.943			00:00:05:650		1.50952e+07		-0.165037		3.01771		14.6076		6.68119e+06		1124.67		
00:00:05:650		6.03472e+06		125.973		59.2096		0		0.308387		302.943			00:00:05:650		1.50952e+07		-0.165037		3.01771		14.6076		6.68119e+06		1124.67		
00:00:05:450		6.25551e+06		124.346		57.5101		0		0.293805		303.429			00:00:05:450		1.5117e+07		-0.135225		3.00913		11.1594		6.71463e+06		1088.95		
00:00:05:450		6.25551e+06		124.346		57.5101		0		0.293805		303.429			00:00:05:450		1.5117e+07		-0.135225		3.00913		11.1594		6.71463e+06		1088.95		
00:00:05:299		6.34032e+06		124.346		57.5101		0		0.293805		303.625			00:00:05:299		1.51259e+07		-0.1236		3.00452		9.8667		6.72642e+06		1045.92		
00:00:05:200		6.40373e+06		122.732		55.853		0		0.278942		303.823			00:00:05:200		1.5135e+07		-0.112156		2.99951		8.90746		6.73721e+06		1002.82		
00:00:05:099		6.45245e+06		122.732		55.853		0		0.278942		304.022			00:00:05:099		1.51443e+07		-0.100885		2.99327		0		6.74707e+06		962.005		
00:00:05:000		6.49042e+06		121.135		55.853		0		0.278942		304.224			00:00:05:000		1.51538e+07		-0.0897689		2.98645		0		6.75612e+06		924.631		
00:00:04:799		6.54362e+06		121.135		54.2313		0		0.263874		304.631			00:00:04:799		1.5173e+07		-0.0679307		2.96939		0		6.77216e+06		861.492		
00:00:04:799		6.54362e+06		121.135		54.2313		0		0.263874		304.631			00:00:04:799		1.5173e+07		-0.0679307		2.96939		0		6.77216e+06		861.492		
00:00:04:700		6.56244e+06		119.56		52.6497		0		0.248661		304.836			00:00:04:700		1.51826e+07		-0.0572343		2.95961		0		6.7793e+06		835.477		
00:00:04:599		6.57775e+06		119.56		52.6497		0		0.248661		305.042			00:00:04:599		1.51923e+07		-0.0467057		2.94999		0		6.78592e+06		812.753		
00:00:04:500		6.5904e+06		118.012		52.6497		0		0.248661		305.249			00:00:04:500		1.5202e+07		-0.0363202		2.94026		3.73013		6.7921e+06		792.965		
00:00:04:400		6.60101e+06		118.012		51.1123		0		0.233345		305.457			00:00:04:400		1.52117e+07		-0.0260758		2.92946		0		6.79787e+06		775.765		
00:00:04:299		6.61008e+06		118.012		51.1123		0		0.233345		305.665			00:00:04:299		1.52213e+07		-0.0159745		2.91729		0		6.80331e+06		760.834		
00:00:04:200		6.61794e+06		116.495		49.6233		0		0.217954		305.872			00:00:04:200		1.52308e+07		-0.00602245		2.90299		10.6291		6.80846e+06		747.853		
00:00:04:099		6.62487e+06		116.495		49.6233		0		0.217954		306.079			00:00:04:099		1.52403e+07		0.00377655		2.89051		24.6238		6.81332e+06		736.531		
00:00:04:000		6.63106e+06		115.014		49.6233		0		0.217954		306.286			00:00:04:000		1.52498e+07		0.0134192		2.88001		35.4445		6.81794e+06		726.619		
00:00:03:799		6.64188e+06		115.014		48.1865		0		0.202504		306.703			00:00:03:799		1.52687e+07		0.0321794		2.84979		53.6481		6.82648e+06		710.127		
00:00:03:799		6.64188e+06		115.014		48.1865		0		0.202504		306.703			00:00:03:799		1.52687e+07		0.0321794		2.84979		53.6481		6.82648e+06		710.127		
00:00:03:700		6.64675e+06		113.575		46.8055		0		0.187007		306.911			00:00:03:700		1.52781e+07		0.0412335		2.82844		61.8081		6.83045e+06		703.149		
00:00:03:600		6.65138e+06		113.575		46.8055		0		0.187007		307.118			00:00:03:600		1.52874e+07		0.0500574		2.81125		69.5981		6.83423e+06		696.748		
00:00:03:500		6.6559e+06		112.182		46.8055		0		0.187007		307.324			00:00:03:500		1.52965e+07		0.0586696		2.80363		77.1005		6.8378e+06		690.698		
00:00:03:399		6.66043e+06		112.182		45.484		0		0.171466		307.529			00:00:03:399		1.53057e+07		0.0670958		2.79551		84.4777		6.84118e+06		684.728		
00:00:03:299		6.66515e+06		112.182		45.484		0		0.171466		307.731			00:00:03:299		1.5315e+07		0.0753355		2.77348		91.5941		6.84431e+06		678.457		
00:00:03:200		6.67033e+06		110.838		44.2254		0		0.155883		307.93			00:00:03:200		1.53245e+07		0.0833492		2.73708		98.3601		6.84719e+06		671.345		
00:00:03:100		6.67639e+06		110.838		44.2254		0		0.155883		308.124			00:00:03:100		1.53341e+07		0.0910478		2.7118		104.949		6.84977e+06		662.582		
00:00:03:000		6.68403e+06		109.548		44.2254		0		0.155883		308.313			00:00:03:000		1.53435e+07		0.0983181		2.71914		111.563		6.85202e+06		650.963		
00:00:02:750		6.70212e+06		108.319		43.0332		0		0.140251		308.751			00:00:02:750		1.5363e+07		0.114459		2.66155		127.116		6.85631e+06		623.599		
00:00:02:750		6.70212e+06		108.319		43.0332		0		0.140251		308.751			00:00:02:750		1.5363e+07		0.114459		2.66155		127.116		6.85631e+06		623.599		
00:00:02:649		6.70829e+06		108.319		41.9116		0		0.124582		308.911			00:00:02:649		1.53701e+07		0.120408		2.58323		133.213		6.85756e+06		613.523		
00:00:02:549		6.71381e+06		108.319		41.9116		0		0.124582		309.061			00:00:02:549		1.53781e+07		0.126406		2.57407		139.907		6.85862e+06		604.208		
00:00:02:450		6.71858e+06		107.154		40.8659		0		0.108887		309.201			00:00:02:450		1.53868e+07		0.132241		2.69183		147.618		6.85958e+06		596.094		
00:00:02:350		6.72239e+06		107.154		40.8659		0		0.108887		309.326			00:00:02:350		1.53955e+07		0.137823		2.76512		158.28		6.86058e+06		589.871		
00:00:02:250		6.72491e+06		106.062		40.8659		0		0.108887		309.436			00:00:02:250		1.54042e+07		0.143172		2.79931		177.258		6.8618e+06		586.576		
00:00:02:149		6.72527e+06		106.062		39.9051		0		0.0931941		309.531			00:00:02:149		1.5413e+07		0.148307		2.82594		212.537		6.86347e+06		588.521		
00:00:02:049		6.72164e+06		106.062		39.9051		0		0.0931941		309.609			00:00:02:049		1.54219e+07		0.153207		2.84589		259.812		6.86591e+06		599.841		
00:00:01:850		6.68647e+06		105.046		39.0458		0		0.0776262		309.72			00:00:01:850		1.54409e+07		0.16194		2.86768		353.025		6.87465e+06		679.425		
00:00:01:750		6.64124e+06		104.116		39.0458		0		0.0776262		309.756			00:00:01:750		1.54506e+07		0.165477		2.87229		393.233		6.8814e+06		761.389		
00:00:01:750		6.64124e+06		104.116		39.0458		0		0.0776262		309.756			00:00:01:750		1.54506e+07		0.165477		2.87229		393.233		6.8814e+06		761.389		
00:00:01:649		6.58085e+06		104.116		38.2897		0		0.062266		309.782			00:00:01:649		1.54595e+07		0.168287		2.87538		428.022		6.88928e+06		839		
00:00:01:550		6.56158e+06		104.116		38.2897		0		0.062266		309.802			00:00:01:550		1.54669e+07		0.170328		2.87623		457.507		6.89768e+06		873.907		
00:00:01:449		6.5489e+06		103.274		37.6379		0		0.0468868		309.817			00:00:01:449		1.54724e+07		0.17165		2.873		482.01		6.9062e+06		891.336		
00:00:01:350		6.5495e+06		103.274		37.6379		0		0.0468868		309.828			00:00:01:350		1.54758e+07		0.172391		2.86648		501.546		6.91439e+06		895.183		
00:00:01:350		6.5495e+06		103.274		37.6379		0		0.0468868		309.828			00:00:01:350		1.54758e+07		0.172391		2.86648		501.546		6.91439e+06		895.183		
00:00:01:250		6.56481e+06		102.521		37.6379		0		0.0468868		309.836			00:00:01:250		1.54777e+07		0.172728		2.85745		515.111		6.9219e+06		885.845		
00:00:01:149		6.58064e+06		102.521		37.0949		0		0.031416		309.842			00:00:01:149		1.54785e+07		0.172837		2.84734		521.84		6.92991e+06		877.526		
00:00:01:050		6.59657e+06		102.521		37.0949		0		0.031416		309.845			00:00:01:050		1.54786e+07		0.172851		2.83902		525.55		6.93843e+06		869.25		
00:00:00:800		6.64557e+06		101.873		36.6569		0		0.0158282		309.846			00:00:00:800		1.54786e+07		0.17284		2.83553		530.142		6.95676e+06		827.527		
00:00:00:800		6.64557e+06		101.873		36.6569		0		0.0158282		309.846			00:00:00:800		1.54786e+07		0.17284		2.83553		530.142		6.95676e+06		827.527		
00:00:00:650		6.69465e+06		101.25		36.3831		0		0		309.846			00:00:00:650		1.54786e+07		0.172839		2.83569		530.206		6.96332e+06		766.296		
00:00:00:550		6.78339e+06		100.069		36.3831		0		0		309.846			00:00:00:550		1.54786e+07		0.172839		2.83573		530.21		6.96485e+06		526.823		
00:00:00:550		6.78339e+06		100.069		36.3831		0		0		309.846			00:00:00:550		1.54786e+07		0.172839		2.83573		530.21		6.96485e+06		526.823		
00:00:00:299		6.83117e+06		100.069		36.3834		0		0		309.846			00:00:00:299		1.54786e+07		0.17284		2.83568		530.216		6.96485e+06		526.811		
00:00:00:299		6.83117e+06		100.069		36.3834		0		0		309.846			00:00:00:299		1.54786e+07		0.17284		2.83568		530.216		6.96485e+06		526.811		
00:00:00:149		6.83116e+06		100.069		36.3837		0		0		309.846			00:00:00:149		1.54785e+07		0.17284		2.83572		530.221		6.96484e+06		526.828		
00:00:00:050		6.83115e+06		100.069		36.3837		0		0		309.846			00:00:00:050		1.54785e+07		0.17284		2.83567		530.223		6.96484e+06		526.826		
00:00:00:000		6.83115e+06		100.069		36.3837		0		0		309.846			00:00:00:000		1.54785e+07		0.17284		2.83571		530.225		6.96483e+06		526.826		
00:00:00:000		6.83115e+06		100.069		36.3837		0		0		309.846			00:00:00:000		1.54785e+07		0.17284		2.83571		530.225		6.96483e+06		526.826		
00:00:00:000		6.83115e+06		100.069		36.3837		0		0		309.846			00:00:00:000		1.54785e+07		0.17284		2.83571		530.225		6.96483e+06		526.826		
00:00:00:000		6.83115e+06		100.069		36.3837		0		0		309.846			00:00:00:000		1.54785e+07		0.17284		2.83571		530.225		6.96483e+06		526.826		
00:00:00:000		6.83115e+06		100.069		36.3837		0		0		309.846			00:00:00:000		1.54785e+07		0.17284		2.83571		530.225		6.96483e+06		526.826		
00:00:00:000		6.83115e+06		100.069		36.3837		0		0		309.846			00:00:00:000		1.54785e+07		0.17284		2.83571		530.225		6.96483e+06		526.826		
