	time 		rcpppzr	rcp054rcp007mnzoyout	rcv501std0102fvol	fwfrcp001gv	rcppmssga	msfsg(1)			time 		gpv001pnt10113ppntm	evf507ety101mpzoyout	chtcon(1)	chavg(1)	chlhsumpa	rcptavgn	
00:01:02:149		1.08181e+07		-5.75199		0		0		2.97279e+06		523.688			00:01:02:149		1.50325e+06		288.771		130.558		0		3		269.41		
00:01:02:049		1.08243e+07		-5.74926		0		0		2.97656e+06		524.138			00:01:02:049		1.50325e+06		288.771		130.558		0		3		269.442		
00:01:01:899		1.08335e+07		-5.74507		0		0		2.98183e+06		523.824			00:01:01:899		1.50327e+06		288.441		130.592		0		3		269.487		
00:01:01:799		1.08398e+07		-5.74224		0		0		2.98625e+06		524.763			00:01:01:799		1.50328e+06		288.441		130.592		0		3		269.512		
00:01:01:600		1.08525e+07		-5.73643		0		0		2.99894e+06		528.987			00:01:01:600		1.50329e+06		288.108		130.627		0		3		269.563		
00:01:01:500		1.08589e+07		-5.73346		0		0		3.00407e+06		530.122			00:01:01:500		1.5033e+06		287.775		130.627		0		3		269.592		
00:01:01:500		1.08589e+07		-5.73346		0		0		3.00407e+06		530.122			00:01:01:500		1.5033e+06		287.775		130.627		0		3		269.592		
00:01:01:399		1.08653e+07		-5.73045		0		0		3.00893e+06		530.998			00:01:01:399		1.50331e+06		287.775		130.664		0		3		269.624		
00:01:01:299		1.08716e+07		-5.7274		0		0		3.01384e+06		533.499			00:01:01:299		1.50332e+06		287.775		130.664		0		3		269.658		
00:01:01:200		1.08779e+07		-5.72431		0		0		3.01664e+06		532.571			00:01:01:200		1.50333e+06		287.441		130.703		0		3		269.692		
00:01:01:100		1.08842e+07		-5.72118		0		0		3.01567e+06		531.093			00:01:01:100		1.50334e+06		287.441		130.703		0		3		269.724		
00:01:01:000		1.08906e+07		-5.718		0		0		3.01772e+06		531.793			00:01:01:000		1.50334e+06		287.107		130.703		0		3		269.751		
00:01:00:899		1.0897e+07		-5.71477		0		0		3.02146e+06		532.286			00:01:00:899		1.50335e+06		287.107		130.744		0		3		269.783		
00:01:00:799		1.09034e+07		-5.71149		0		0		3.02514e+06		532.965			00:01:00:799		1.50336e+06		287.107		130.744		0		3		269.816		
00:01:00:600		1.09164e+07		-5.70479		0		0		3.03203e+06		532.562			00:01:00:600		1.50338e+06		286.771		130.787		0		3		269.881		
00:01:00:500		1.0923e+07		-5.70137		0		0		3.03641e+06		533.483			00:01:00:500		1.50339e+06		286.432		130.787		0		3		269.907		
00:01:00:500		1.0923e+07		-5.70137		0		0		3.03641e+06		533.483			00:01:00:500		1.50339e+06		286.432		130.787		0		3		269.907		
00:01:00:399		1.09297e+07		-5.6979		0		0		3.04292e+06		535.556			00:01:00:399		1.50339e+06		286.432		130.832		0		3		269.934		
00:01:00:299		1.09364e+07		-5.69438		0		0		3.04906e+06		536.865			00:01:00:299		1.5034e+06		286.432		130.832		0		3		269.963		
00:01:00:200		1.09432e+07		-5.69082		0		0		3.05407e+06		538.061			00:01:00:200		1.50341e+06		286.092		130.879		0		3		269.995		
00:01:00:100		1.09499e+07		-5.68722		0		0		3.05885e+06		540.07			00:01:00:100		1.50342e+06		286.092		130.879		0		3		270.029		
00:01:00:000		1.09565e+07		-5.68357		0		0		3.06369e+06		542.445			00:01:00:000		1.50343e+06		285.751		130.879		0		3		270.067		
00:00:59:950		1.09598e+07		-5.68173		0		0		3.06547e+06		541.896			00:00:59:950		1.50343e+06		285.751		130.929		0		3		270.086		
00:00:59:850		1.09664e+07		-5.67802		0		0		3.06542e+06		540.298			00:00:59:850		1.50344e+06		285.751		130.929		0		3		270.123		
00:00:59:649		1.09796e+07		-5.67048		0		0		3.06881e+06		540.659			00:00:59:649		1.50346e+06		285.41		130.982		0		3		270.19		
00:00:59:549		1.09861e+07		-5.66664		0		0		3.0723e+06		542.092			00:00:59:549		1.50347e+06		285.41		130.982		0		3		270.227		
00:00:59:549		1.09861e+07		-5.66664		0		0		3.0723e+06		542.092			00:00:59:549		1.50347e+06		285.41		130.982		0		3		270.227		
00:00:59:450		1.0996e+07		-5.6608		0		0		3.07751e+06		542.183			00:00:59:450		1.50348e+06		285.067		131.037		0		3		270.285		
00:00:59:299		1.10025e+07		-5.65685		0		0		3.08073e+06		540.937			00:00:59:299		1.50349e+06		285.067		131.037		0		3		270.322		
00:00:59:200		1.10091e+07		-5.65285		0		0		3.08525e+06		543.727			00:00:59:200		1.5035e+06		284.722		131.094		0		3		270.353		
00:00:59:100		1.10157e+07		-5.64881		0		0		3.09184e+06		545.359			00:00:59:100		1.50351e+06		284.722		131.094		0		3		270.385		
00:00:59:000		1.10224e+07		-5.64472		0		0		3.09781e+06		545.262			00:00:59:000		1.50351e+06		284.377		131.094		0		3		270.42		
00:00:58:899		1.1029e+07		-5.64059		0		0		3.10271e+06		546.665			00:00:58:899		1.50352e+06		284.377		131.154		0		3		270.457		
00:00:58:799		1.10355e+07		-5.63642		0		0		3.10751e+06		548.964			00:00:58:799		1.50353e+06		284.377		131.154		0		3		270.498		
00:00:58:700		1.1042e+07		-5.6322		0		0		3.11232e+06		551.212			00:00:58:700		1.50354e+06		284.029		131.218		0		3		270.542		
00:00:58:600		1.10484e+07		-5.62794		0		0		3.11384e+06		549.237			00:00:58:600		1.50355e+06		284.029		131.218		0		3		270.585		
00:00:58:500		1.10548e+07		-5.62363		0		0		3.11206e+06		548.112			00:00:58:500		1.50356e+06		283.681		131.218		0		3		270.625		
00:00:58:399		1.10612e+07		-5.61928		0		0		3.11455e+06		548.691			00:00:58:399		1.50356e+06		283.681		131.284		0		3		270.662		
00:00:58:299		1.10677e+07		-5.61487		0		0		3.11799e+06		549.405			00:00:58:299		1.50357e+06		283.681		131.284		0		3		270.704		
00:00:58:299		1.10677e+07		-5.61487		0		0		3.11799e+06		549.405			00:00:58:299		1.50357e+06		283.681		131.284		0		3		270.704		
00:00:58:200		1.10741e+07		-5.61042		0		0		3.12151e+06		549.834			00:00:58:200		1.50358e+06		283.33		131.353		0		3		270.746		
00:00:58:000		1.10869e+07		-5.60138		0		0		3.12796e+06		549.211			00:00:58:000		1.5036e+06		282.979		131.353		0		3		270.829		
00:00:58:000		1.10869e+07		-5.60138		0		0		3.12796e+06		549.211			00:00:58:000		1.5036e+06		282.979		131.353		0		3		270.829		
00:00:57:899		1.10934e+07		-5.59678		0		0		3.13289e+06		552.27			00:00:57:899		1.50361e+06		282.979		131.426		0		3		270.862		
00:00:57:799		1.10999e+07		-5.59214		0		0		3.13947e+06		553.76			00:00:57:799		1.50362e+06		282.979		131.426		0		3		270.898		
00:00:57:600		1.1113e+07		-5.58271		0		0		3.14977e+06		555.181			00:00:57:600		1.50363e+06		282.628		131.502		0		3		270.974		
00:00:57:500		1.11195e+07		-5.57794		0		0		3.15463e+06		557.919			00:00:57:500		1.50364e+06		282.276		131.502		0		3		271.016		
00:00:57:399		1.11259e+07		-5.57312		0		0		3.15897e+06		559.163			00:00:57:399		1.50365e+06		282.276		131.581		0		3		271.061		
00:00:57:399		1.11259e+07		-5.57312		0		0		3.15897e+06		559.163			00:00:57:399		1.50365e+06		282.276		131.581		0		3		271.061		
00:00:57:299		1.11324e+07		-5.56826		0		0		3.15873e+06		556.516			00:00:57:299		1.50366e+06		282.276		131.581		0		3		271.103		
00:00:57:200		1.11389e+07		-5.56335		0		0		3.15766e+06		556.371			00:00:57:200		1.50367e+06		281.921		131.664		0		3		271.141		
00:00:57:100		1.11454e+07		-5.5584		0		0		3.16084e+06		556.852			00:00:57:100		1.50368e+06		281.921		131.664		0		3		271.177		
00:00:57:000		1.11519e+07		-5.55339		0		0		3.16414e+06		558.185			00:00:57:000		1.50368e+06		281.566		131.664		0		3		271.218		
00:00:56:899		1.11584e+07		-5.54834		0		0		3.16749e+06		557.705			00:00:56:899		1.50369e+06		281.566		131.75		0		3		271.259		
00:00:56:799		1.11649e+07		-5.54324		0		0		3.17042e+06		556.954			00:00:56:799		1.5037e+06		281.566		131.75		0		3		271.299		
00:00:56:549		1.11813e+07		-5.53026		0		0		3.18292e+06		559.945			00:00:56:549		1.50372e+06		281.211		131.841		0		3		271.381		
00:00:56:549		1.11813e+07		-5.53026		0		0		3.18292e+06		559.945			00:00:56:549		1.50372e+06		281.211		131.841		0		3		271.381		
00:00:56:450		1.1188e+07		-5.52498		0		0		3.18858e+06		561.237			00:00:56:450		1.50373e+06		280.853		131.935		0		3		271.414		
00:00:56:399		1.11913e+07		-5.52233		0		0		3.19104e+06		561.826			00:00:56:399		1.50373e+06		280.853		131.935		0		3		271.432		
00:00:56:299		1.11979e+07		-5.51698		0		0		3.19588e+06		563.686			00:00:56:299		1.50374e+06		280.853		131.935		0		3		271.469		
00:00:56:200		1.12045e+07		-5.51159		0		0		3.20101e+06		567.144			00:00:56:200		1.50375e+06		280.497		132.034		0		3		271.511		
00:00:55:950		1.12208e+07		-5.49789		0		0		3.20162e+06		563.753			00:00:55:950		1.50377e+06		280.136		132.136		0		3		271.612		
00:00:55:950		1.12208e+07		-5.49789		0		0		3.20162e+06		563.753			00:00:55:950		1.50377e+06		280.136		132.136		0		3		271.612		
00:00:55:850		1.12273e+07		-5.49231		0		0		3.20406e+06		564.3			00:00:55:850		1.50378e+06		280.136		132.136		0		3		271.646		
00:00:55:799		1.12306e+07		-5.48951		0		0		3.20582e+06		565.516			00:00:55:799		1.50379e+06		280.136		132.136		0		3		271.666		
00:00:55:600		1.12436e+07		-5.47815		0		0		3.21264e+06		565.341			00:00:55:600		1.5038e+06		279.776		132.243		0		3		271.749		
00:00:55:600		1.12436e+07		-5.47815		0		0		3.21264e+06		565.341			00:00:55:600		1.5038e+06		279.776		132.243		0		3		271.749		
00:00:55:500		1.12501e+07		-5.47238		0		0		3.21558e+06		564.631			00:00:55:500		1.50381e+06		279.415		132.243		0		3		271.789		
00:00:55:399		1.12566e+07		-5.46655		0		0		3.2195e+06		565.368			00:00:55:399		1.50382e+06		279.415		132.355		0		3		271.824		
00:00:55:149		1.12731e+07		-5.45166		0		0		3.23437e+06		570.309			00:00:55:149		1.50384e+06		279.053		132.471		0		3		271.912		
00:00:55:149		1.12731e+07		-5.45166		0		0		3.23437e+06		570.309			00:00:55:149		1.50384e+06		279.053		132.471		0		3		271.912		
00:00:55:049		1.12797e+07		-5.44558		0		0		3.23945e+06		570.848			00:00:55:049		1.50385e+06		279.053		132.471		0		3		271.952		
00:00:54:950		1.12862e+07		-5.43945		0		0		3.24482e+06		574.177			00:00:54:950		1.50386e+06		278.688		132.593		0		2.99203		271.996		
00:00:54:850		1.12927e+07		-5.43326		0		0		3.24903e+06		574.998			00:00:54:850		1.50387e+06		278.688		132.593		0		2.99203		272.042		
00:00:54:750		1.12991e+07		-5.42701		0		0		3.24768e+06		571.9			00:00:54:750		1.50388e+06		278.326		132.593		0		2.99203		272.087		
00:00:54:549		1.1312e+07		-5.41433		0		0		3.24982e+06		572.212			00:00:54:549		1.50389e+06		278.326		132.719		0		2.97872		272.167		
00:00:54:549		1.1312e+07		-5.41433		0		0		3.24982e+06		572.212			00:00:54:549		1.50389e+06		278.326		132.719		0		2.97872		272.167		
00:00:54:450		1.13185e+07		-5.40791		0		0		3.25367e+06		573.844			00:00:54:450		1.5039e+06		277.961		132.85		0		2.96538		272.211		
00:00:54:350		1.13249e+07		-5.40143		0		0		3.25741e+06		573.341			00:00:54:350		1.50391e+06		277.961		132.85		0		2.96538		272.256		
00:00:54:250		1.13313e+07		-5.39491		0		0		3.26073e+06		572.912			00:00:54:250		1.50392e+06		277.594		132.85		0		2.96538		272.301		
00:00:54:149		1.13378e+07		-5.38834		0		0		3.2644e+06		573.339			00:00:54:149		1.50393e+06		277.594		132.987		0		2.95201		272.342		
00:00:54:049		1.13443e+07		-5.38173		0		0		3.27028e+06		576.377			00:00:54:049		1.50393e+06		277.594		132.987		0		2.95201		272.379		
00:00:53:950		1.13508e+07		-5.3751		0		0		3.27634e+06		576.069			00:00:53:950		1.50394e+06		277.228		133.129		0		2.93861		272.418		
00:00:53:850		1.13573e+07		-5.36844		0		0		3.28142e+06		577.201			00:00:53:850		1.50395e+06		277.228		133.129		0		2.93861		272.46		
00:00:53:700		1.13671e+07		-5.35844		0		0		3.29029e+06		582.377			00:00:53:700		1.50396e+06		276.86		133.276		0		2.92521		272.528		
00:00:53:600		1.13735e+07		-5.35176		0		0		3.29459e+06		582.741			00:00:53:600		1.50397e+06		276.86		133.276		0		2.92521		272.576		
00:00:53:600		1.13735e+07		-5.35176		0		0		3.29459e+06		582.741			00:00:53:600		1.50397e+06		276.86		133.276		0		2.92521		272.576		
00:00:53:450		1.13831e+07		-5.34171		0		0		3.2916e+06		579.731			00:00:53:450		1.50399e+06		276.491		133.43		0		2.91179		272.645		
00:00:53:350		1.13894e+07		-5.335		0		0		3.29331e+06		579.608			00:00:53:350		1.50399e+06		276.491		133.43		0		2.91179		272.685		
00:00:53:250		1.13958e+07		-5.32827		0		0		3.29774e+06		581.44			00:00:53:250		1.504e+06		276.122		133.43		0		2.91179		272.729		
00:00:53:149		1.14022e+07		-5.32153		0		0		3.30194e+06		581.184			00:00:53:149		1.50401e+06		276.122		133.59		0		2.89834		272.774		
00:00:53:049		1.14085e+07		-5.31476		0		0		3.30586e+06		581.28			00:00:53:049		1.50402e+06		276.122		133.59		0		2.89834		272.82		
00:00:52:950		1.14148e+07		-5.30796		0		0		3.30951e+06		582.5			00:00:52:950		1.50403e+06		275.751		133.756		0		2.88486		272.864		
00:00:52:850		1.14212e+07		-5.30112		0		0		3.31416e+06		582.456			00:00:52:850		1.50404e+06		275.751		133.756		0		2.88486		272.903		
00:00:52:750		1.14275e+07		-5.29424		0		0		3.32038e+06		583.78			00:00:52:750		1.50405e+06		275.379		133.756		0		2.88486		272.942		
00:00:52:549		1.14403e+07		-5.28037		0		0		3.33122e+06		587.192			00:00:52:549		1.50406e+06		275.379		133.928		0		2.87136		273.027		
00:00:52:549		1.14403e+07		-5.28037		0		0		3.33122e+06		587.192			00:00:52:549		1.50406e+06		275.379		133.928		0		2.87136		273.027		
00:00:52:450		1.14467e+07		-5.27338		0		0		3.33762e+06		591.234			00:00:52:450		1.50407e+06		275.007		134.106		0		2.85785		273.075		
00:00:52:350		1.1453e+07		-5.26637		0		0		3.34112e+06		590.528			00:00:52:350		1.50408e+06		275.007		134.106		0		2.85785		273.123		
00:00:52:250		1.14594e+07		-5.25931		0		0		3.33838e+06		587.503			00:00:52:250		1.50409e+06		274.634		134.106		0		2.85785		273.17		
00:00:52:100		1.14689e+07		-5.24865		0		0		3.33956e+06		587.381			00:00:52:100		1.5041e+06		274.634		134.291		0		2.84431		273.232		
00:00:52:000		1.14752e+07		-5.2415		0		0		3.34437e+06		588.314			00:00:52:000		1.50411e+06		274.26		134.291		0		2.84431		273.276		
00:00:51:899		1.14816e+07		-5.23431		0		0		3.34884e+06		589.16			00:00:51:899		1.50412e+06		274.26		134.483		0		2.83076		273.32		
00:00:51:850		1.14848e+07		-5.23071		0		0		3.35097e+06		589.363			00:00:51:850		1.50412e+06		274.26		134.483		0		2.83076		273.343		
00:00:51:750		1.14911e+07		-5.22346		0		0		3.35507e+06		589.399			00:00:51:750		1.50413e+06		273.886		134.483		0		2.83076		273.388		
00:00:51:549		1.1504e+07		-5.20886		0		0		3.36506e+06		591.489			00:00:51:549		1.50415e+06		273.886		134.682		0		2.81717		273.467		
00:00:51:549		1.1504e+07		-5.20886		0		0		3.36506e+06		591.489			00:00:51:549		1.50415e+06		273.886		134.682		0		2.81717		273.467		
00:00:51:450		1.15104e+07		-5.20151		0		0		3.37097e+06		592.559			00:00:51:450		1.50416e+06		273.51		134.888		0		2.80356		273.508		
00:00:51:350		1.15168e+07		-5.19413		0		0		3.37656e+06		596.711			00:00:51:350		1.50416e+06		273.51		134.888		0		2.80356		273.553		
00:00:51:250		1.15232e+07		-5.18671		0		0		3.38305e+06		599.155			00:00:51:250		1.50417e+06		273.133		134.888		0		2.80356		273.601		
00:00:51:149		1.15295e+07		-5.17927		0		0		3.38667e+06		598.831			00:00:51:149		1.50418e+06		273.133		135.101		0		2.78994		273.649		
00:00:51:049		1.1539e+07		-5.16803		0		0		3.38258e+06		595.145			00:00:51:049		1.50419e+06		272.754		135.101		0		2.78994		273.72		
00:00:50:899		1.15454e+07		-5.16047		0		0		3.38384e+06		594.911			00:00:50:899		1.5042e+06		272.754		135.321		0		2.7763		273.762		
00:00:50:799		1.15518e+07		-5.15288		0		0		3.38898e+06		596.969			00:00:50:799		1.50421e+06		272.754		135.321		0		2.7763		273.803		
00:00:50:600		1.15647e+07		-5.13756		0		0		3.39835e+06		597.26			00:00:50:600		1.50423e+06		272.374		135.549		0		2.76263		273.889		
00:00:50:500		1.15712e+07		-5.12983		0		0		3.40285e+06		597.597			00:00:50:500		1.50424e+06		271.994		135.549		0		2.76263		273.931		
00:00:50:500		1.15712e+07		-5.12983		0		0		3.40285e+06		597.597			00:00:50:500		1.50424e+06		271.994		135.549		0		2.76263		273.931		
00:00:50:399		1.15777e+07		-5.12207		0		0		3.408e+06		598.608			00:00:50:399		1.50424e+06		271.994		135.784		0		2.74892		273.971		
00:00:50:299		1.15842e+07		-5.11427		0		0		3.41414e+06		599.852			00:00:50:299		1.50425e+06		271.994		135.784		0		2.74892		274.012		
00:00:50:200		1.15907e+07		-5.10643		0		0		3.42013e+06		602.245			00:00:50:200		1.50426e+06		271.612		136.028		0		2.7352		274.056		
00:00:50:100		1.15971e+07		-5.09857		0		0		3.42678e+06		606.452			00:00:50:100		1.50427e+06		271.612		136.028		0		2.7352		274.103		
00:00:50:000		1.16035e+07		-5.09069		0		0		3.4317e+06		607.395			00:00:50:000		1.50428e+06		271.232		136.028		0		2.7352		274.152		
00:00:49:899		1.16099e+07		-5.08277		0		0		3.42996e+06		604.173			00:00:49:899		1.50429e+06		271.232		136.281		0		2.72148		274.202		
00:00:49:899		1.16099e+07		-5.08277		0		0		3.42996e+06		604.173			00:00:49:899		1.50429e+06		271.232		136.281		0		2.72148		274.202		
00:00:49:799		1.16163e+07		-5.07483		0		0		3.4276e+06		602.042			00:00:49:799		1.5043e+06		271.232		136.281		0		2.72148		274.248		
00:00:49:600		1.16291e+07		-5.05887		0		0		3.43518e+06		603.805			00:00:49:600		1.50431e+06		270.857		136.539		0		2.70772		274.33		
00:00:49:600		1.16291e+07		-5.05887		0		0		3.43518e+06		603.805			00:00:49:600		1.50431e+06		270.857		136.539		0		2.70772		274.33		
00:00:49:399		1.16421e+07		-5.04283		0		0		3.44506e+06		604.825			00:00:49:399		1.50433e+06		270.48		136.803		0		2.69393		274.414		
00:00:49:299		1.16487e+07		-5.0348		0		0		3.45015e+06		605.277			00:00:49:299		1.50434e+06		270.48		136.803		0		2.69393		274.455		
00:00:49:200		1.16552e+07		-5.02676		0		0		3.45625e+06		608.522			00:00:49:200		1.50435e+06		270.101		137.072		0		2.68011		274.496		
00:00:49:100		1.16617e+07		-5.01871		0		0		3.46291e+06		608.712			00:00:49:100		1.50436e+06		270.101		137.072		0		2.68011		274.539		
00:00:49:000		1.16683e+07		-5.01066		0		0		3.46961e+06		614.064			00:00:49:000		1.50436e+06		269.722		137.072		0		2.68011		274.585		
00:00:48:899		1.16747e+07		-5.00263		0		0		3.47597e+06		615.868			00:00:48:899		1.50437e+06		269.722		137.346		0		2.66628		274.634		
00:00:48:799		1.16812e+07		-4.9946		0		0		3.47665e+06		613.52			00:00:48:799		1.50438e+06		269.722		137.346		0		2.66628		274.684		
00:00:48:700		1.16876e+07		-4.98655		0		0		3.47345e+06		610.654			00:00:48:700		1.50439e+06		269.342		137.625		0		2.65244		274.732		
00:00:48:600		1.1694e+07		-4.97847		0		0		3.47325e+06		611.19			00:00:48:600		1.5044e+06		269.342		137.625		0		2.65244		274.777		
00:00:48:600		1.1694e+07		-4.97847		0		0		3.47325e+06		611.19			00:00:48:600		1.5044e+06		269.342		137.625		0		2.65244		274.777		
00:00:48:500		1.17004e+07		-4.97033		0		0		3.47772e+06		611.103			00:00:48:500		1.50441e+06		268.96		137.625		0		2.65244		274.816		
00:00:48:399		1.17069e+07		-4.96217		0		0		3.48305e+06		611.749			00:00:48:399		1.50441e+06		268.96		137.91		0		2.63856		274.858		
00:00:48:299		1.17167e+07		-4.94986		0		0		3.49079e+06		612.231			00:00:48:299		1.50443e+06		268.579		137.91		0		2.63856		274.92		
00:00:48:200		1.172e+07		-4.94575		0		0		3.49339e+06		614.028			00:00:48:200		1.50443e+06		268.579		138.2		0		2.62465		274.94		
00:00:48:100		1.17266e+07		-4.93751		0		0		3.49933e+06		615.772			00:00:48:100		1.50444e+06		268.579		138.2		0		2.62465		274.982		
00:00:48:000		1.17332e+07		-4.92927		0		0		3.50637e+06		616.03			00:00:48:000		1.50445e+06		268.196		138.2		0		2.62465		275.024		
00:00:47:899		1.17397e+07		-4.92103		0		0		3.51376e+06		621.729			00:00:47:899		1.50446e+06		268.196		138.496		0		2.61072		275.071		
00:00:47:799		1.17462e+07		-4.91279		0		0		3.52067e+06		623.859			00:00:47:799		1.50447e+06		268.196		138.496		0		2.61072		275.12		
00:00:47:600		1.17592e+07		-4.89631		0		0		3.51891e+06		619.204			00:00:47:600		1.50448e+06		267.812		138.797		0		2.59678		275.218		
00:00:47:600		1.17592e+07		-4.89631		0		0		3.51891e+06		619.204			00:00:47:600		1.50448e+06		267.812		138.797		0		2.59678		275.218		
00:00:47:500		1.17656e+07		-4.88803		0		0		3.5183e+06		617.66			00:00:47:500		1.50449e+06		267.426		138.797		0		2.59678		275.264		
00:00:47:399		1.17721e+07		-4.87969		0		0		3.52181e+06		618.805			00:00:47:399		1.5045e+06		267.426		139.104		0		2.58282		275.303		
00:00:47:250		1.17819e+07		-4.86712		0		0		3.52995e+06		620.927			00:00:47:250		1.50451e+06		267.04		139.104		0		2.58282		275.366		
00:00:47:149		1.17885e+07		-4.8587		0		0		3.53524e+06		621.596			00:00:47:149		1.50452e+06		267.04		139.416		0		2.56882		275.407		
00:00:47:049		1.17951e+07		-4.85026		0		0		3.54094e+06		620.947			00:00:47:049		1.50453e+06		267.04		139.416		0		2.56882		275.448		
00:00:46:950		1.18017e+07		-4.84181		0		0		3.5478e+06		622.922			00:00:46:950		1.50454e+06		266.652		139.734		0		2.55478		275.49		
00:00:46:850		1.18083e+07		-4.83337		0		0		3.55578e+06		626.632			00:00:46:850		1.50455e+06		266.652		139.734		0		2.55478		275.535		
00:00:46:750		1.18149e+07		-4.82496		0		0		3.56366e+06		630.97			00:00:46:750		1.50456e+06		266.263		139.734		0		2.55478		275.584		
00:00:46:549		1.18278e+07		-4.80813		0		0		3.56492e+06		628.031			00:00:46:549		1.50457e+06		266.263		140.058		0		2.54075		275.682		
00:00:46:549		1.18278e+07		-4.80813		0		0		3.56492e+06		628.031			00:00:46:549		1.50457e+06		266.263		140.058		0		2.54075		275.682		
00:00:46:450		1.18343e+07		-4.79968		0		0		3.56366e+06		625.879			00:00:46:450		1.50458e+06		265.872		140.387		0		2.52669		275.73		
00:00:46:350		1.18408e+07		-4.7912		0		0		3.56501e+06		626.281			00:00:46:350		1.50459e+06		265.872		140.387		0		2.52669		275.774		
00:00:46:250		1.18473e+07		-4.78268		0		0		3.57065e+06		627.286			00:00:46:250		1.5046e+06		265.481		140.387		0		2.52669		275.814		
00:00:46:149		1.18539e+07		-4.77413		0		0		3.57581e+06		627.698			00:00:46:149		1.50461e+06		265.481		140.722		0		2.51259		275.857		
00:00:46:049		1.18605e+07		-4.76554		0		0		3.58091e+06		627.479			00:00:46:049		1.50461e+06		265.481		140.722		0		2.51259		275.898		
00:00:45:950		1.18671e+07		-4.75694		0		0		3.58686e+06		630.564			00:00:45:950		1.50462e+06		265.087		141.063		0		2.49846		275.94		
00:00:45:899		1.18704e+07		-4.75264		0		0		3.59058e+06		629.769			00:00:45:899		1.50463e+06		265.087		141.063		0		2.49846		275.961		
00:00:45:799		1.1877e+07		-4.74404		0		0		3.59933e+06		635.862			00:00:45:799		1.50464e+06		265.087		141.063		0		2.49846		276.007		
00:00:45:600		1.18902e+07		-4.72685		0		0		3.61159e+06		637.754			00:00:45:600		1.50465e+06		264.69		141.409		0		2.48432		276.106		
00:00:45:600		1.18902e+07		-4.72685		0		0		3.61159e+06		637.754			00:00:45:600		1.50465e+06		264.69		141.409		0		2.48432		276.106		
00:00:45:500		1.18967e+07		-4.71825		0		0		3.60917e+06		635.758			00:00:45:500		1.50466e+06		264.292		141.409		0		2.48432		276.155		
00:00:45:350		1.19065e+07		-4.7053		0		0		3.60875e+06		632.966			00:00:45:350		1.50467e+06		264.292		141.761		0		2.47016		276.226		
00:00:45:250		1.19131e+07		-4.69661		0		0		3.61266e+06		634.526			00:00:45:250		1.50468e+06		263.892		141.761		0		2.47016		276.267		
00:00:45:049		1.19263e+07		-4.67915		0		0		3.62423e+06		635.182			00:00:45:049		1.5047e+06		263.892		142.118		0		2.45597		276.352		
00:00:45:049		1.19263e+07		-4.67915		0		0		3.62423e+06		635.182			00:00:45:049		1.5047e+06		263.892		142.118		0		2.45597		276.352		
00:00:44:950		1.1933e+07		-4.67039		0		0		3.63008e+06		635.933			00:00:44:950		1.50471e+06		263.486		142.483		0		2.44173		276.395		
00:00:44:850		1.19397e+07		-4.66164		0		0		3.63751e+06		639.142			00:00:44:850		1.50472e+06		263.486		142.483		0		2.44173		276.44		
00:00:44:750		1.19464e+07		-4.65293		0		0		3.64663e+06		644.15			00:00:44:750		1.50473e+06		263.073		142.483		0		2.44173		276.488		
00:00:44:549		1.19596e+07		-4.63569		0		0		3.65322e+06		643.886			00:00:44:549		1.50474e+06		263.073		142.855		0		2.4275		276.588		
00:00:44:549		1.19596e+07		-4.63569		0		0		3.65322e+06		643.886			00:00:44:549		1.50474e+06		263.073		142.855		0		2.4275		276.588		
00:00:44:450		1.19659e+07		-4.62712		0		0		3.65201e+06		642.567			00:00:44:450		1.50475e+06		262.651		143.235		0		2.41323		276.637		
00:00:44:350		1.19722e+07		-4.61853		0		0		3.65254e+06		640.503			00:00:44:350		1.50476e+06		262.651		143.235		0		2.41323		276.684		
00:00:44:250		1.19786e+07		-4.6099		0		0		3.65597e+06		641.858			00:00:44:250		1.50477e+06		262.212		143.235		0		2.41323		276.727		
00:00:44:149		1.1985e+07		-4.60123		0		0		3.66237e+06		642.559			00:00:44:149		1.50478e+06		262.212		143.626		0		2.39894		276.769		
00:00:44:000		1.19948e+07		-4.58821		0		0		3.67125e+06		643.275			00:00:44:000		1.50479e+06		261.746		143.626		0		2.39894		276.834		
00:00:43:950		1.19981e+07		-4.58387		0		0		3.67454e+06		644.161			00:00:43:950		1.50479e+06		261.746		144.027		0		2.38461		276.857		
00:00:43:799		1.20078e+07		-4.57087		0		0		3.68778e+06		651.635			00:00:43:799		1.50481e+06		261.746		144.027		0		2.38461		276.929		
00:00:43:700		1.20143e+07		-4.56222		0		0		3.69464e+06		652.752			00:00:43:700		1.50481e+06		261.233		144.441		0		2.37027		276.979		
00:00:43:549		1.2024e+07		-4.54926		0		0		3.69308e+06		650.103			00:00:43:549		1.50483e+06		261.233		144.441		0		2.37027		277.054		
00:00:43:549		1.2024e+07		-4.54926		0		0		3.69308e+06		650.103			00:00:43:549		1.50483e+06		261.233		144.441		0		2.37027		277.054		
00:00:43:450		1.20304e+07		-4.5406		0		0		3.69348e+06		648.299			00:00:43:450		1.50484e+06		261.046		144.859		0		2.3559		277.102		
00:00:43:350		1.20369e+07		-4.5319		0		0		3.69545e+06		648.146			00:00:43:350		1.50484e+06		261.046		144.859		0		2.3559		277.148		
00:00:43:200		1.20467e+07		-4.51879		0		0		3.70481e+06		649.625			00:00:43:200		1.50486e+06		260.858		145.278		0		2.3415		277.212		
00:00:43:100		1.20533e+07		-4.51002		0		0		3.7111e+06		650.531			00:00:43:100		1.50487e+06		260.858		145.278		0		2.3415		277.257		
00:00:43:000		1.20598e+07		-4.50125		0		0		3.71864e+06		654.099			00:00:43:000		1.50487e+06		260.671		145.278		0		2.3415		277.304		
00:00:42:899		1.20664e+07		-4.49249		0		0		3.72782e+06		659.161			00:00:42:899		1.50488e+06		260.671		145.701		0		2.32708		277.355		
00:00:42:850		1.20696e+07		-4.4881		0		0		3.73109e+06		659.165			00:00:42:850		1.50489e+06		260.671		145.701		0		2.32708		277.38		
00:00:42:649		1.20826e+07		-4.47051		0		0		3.73114e+06		656.313			00:00:42:649		1.5049e+06		260.484		146.126		0		2.31265		277.48		
00:00:42:500		1.20923e+07		-4.45721		0		0		3.7332e+06		654.226			00:00:42:500		1.50492e+06		260.298		146.126		0		2.31265		277.552		
00:00:42:500		1.20923e+07		-4.45721		0		0		3.7332e+06		654.226			00:00:42:500		1.50492e+06		260.298		146.126		0		2.31265		277.552		
00:00:42:399		1.20988e+07		-4.44827		0		0		3.73828e+06		657.167			00:00:42:399		1.50492e+06		260.298		146.553		0		2.29818		277.594		
00:00:42:299		1.21054e+07		-4.43929		0		0		3.74524e+06		656.31			00:00:42:299		1.50493e+06		260.298		146.553		0		2.29818		277.64		
00:00:42:200		1.2112e+07		-4.43029		0		0		3.75203e+06		660.654			00:00:42:200		1.50494e+06		260.111		146.982		0		2.28367		277.687		
00:00:42:100		1.21186e+07		-4.4213		0		0		3.76068e+06		663.49			00:00:42:100		1.50495e+06		260.111		146.982		0		2.28367		277.737		
00:00:42:000		1.21251e+07		-4.41231		0		0		3.76853e+06		665.565			00:00:42:000		1.50496e+06		259.925		146.982		0		2.28367		277.788		
00:00:41:899		1.21317e+07		-4.40332		0		0		3.76906e+06		663.409			00:00:41:899		1.50497e+06		259.925		147.414		0		2.26916		277.838		
00:00:41:799		1.21381e+07		-4.39432		0		0		3.76852e+06		662.061			00:00:41:799		1.50498e+06		259.925		147.414		0		2.26916		277.888		
00:00:41:600		1.2151e+07		-4.37626		0		0		3.77451e+06		661.782			00:00:41:600		1.50499e+06		259.739		147.848		0		2.25462		277.981		
00:00:41:600		1.2151e+07		-4.37626		0		0		3.77451e+06		661.782			00:00:41:600		1.50499e+06		259.739		147.848		0		2.25462		277.981		
00:00:41:500		1.21575e+07		-4.36722		0		0		3.78232e+06		663.461			00:00:41:500		1.505e+06		259.554		147.848		0		2.25462		278.027		
00:00:41:399		1.21639e+07		-4.3582		0		0		3.79012e+06		668.952			00:00:41:399		1.50501e+06		259.554		148.284		0		2.24004		278.076		
00:00:41:299		1.21703e+07		-4.34918		0		0		3.79814e+06		670.595			00:00:41:299		1.50502e+06		259.554		148.284		0		2.24004		278.128		
00:00:41:200		1.21767e+07		-4.34017		0		0		3.80124e+06		669.386			00:00:41:200		1.50503e+06		259.368		148.721		0		2.22546		278.179		
00:00:41:100		1.2183e+07		-4.33116		0		0		3.80097e+06		668.325			00:00:41:100		1.50504e+06		259.368		148.721		0		2.22546		278.229		
00:00:41:100		1.2183e+07		-4.33116		0		0		3.80097e+06		668.325			00:00:41:100		1.50504e+06		259.368		148.721		0		2.22546		278.229		
00:00:41:000		1.21894e+07		-4.32213		0		0		3.80246e+06		667.444			00:00:41:000		1.50504e+06		259.183		148.721		0		2.22546		278.278		
00:00:40:899		1.21958e+07		-4.31308		0		0		3.80518e+06		668.224			00:00:40:899		1.50505e+06		259.183		149.16		0		2.21083		278.326		
00:00:40:799		1.22022e+07		-4.30401		0		0		3.81211e+06		669.911			00:00:40:799		1.50506e+06		259.183		149.16		0		2.21083		278.37		
00:00:40:600		1.22151e+07		-4.28589		0		0		3.8286e+06		675.552			00:00:40:600		1.50508e+06		258.997		149.6		0		2.19618		278.47		
00:00:40:500		1.22215e+07		-4.27685		0		0		3.83426e+06		675.63			00:00:40:500		1.50509e+06		258.811		149.6		0		2.19618		278.521		
00:00:40:500		1.22215e+07		-4.27685		0		0		3.83426e+06		675.63			00:00:40:500		1.50509e+06		258.811		149.6		0		2.19618		278.521		
00:00:40:299		1.22343e+07		-4.25876		0		0		3.83535e+06		672.701			00:00:40:299		1.5051e+06		258.811		150.041		0		2.18152		278.621		
00:00:40:200		1.22407e+07		-4.2497		0		0		3.83799e+06		673.976			00:00:40:200		1.50511e+06		258.626		150.484		0		2.16682		278.669		
00:00:40:200		1.22407e+07		-4.2497		0		0		3.83799e+06		673.976			00:00:40:200		1.50511e+06		258.626		150.484		0		2.16682		278.669		
00:00:40:100		1.22471e+07		-4.24063		0		0		3.84425e+06		674.591			00:00:40:100		1.50512e+06		258.626		150.484		0		2.16682		278.715		
00:00:40:000		1.22536e+07		-4.23157		0		0		3.85292e+06		678.037			00:00:40:000		1.50513e+06		258.44		150.484		0		2.16682		278.765		
00:00:39:899		1.22601e+07		-4.22251		0		0		3.86045e+06		680.95			00:00:39:899		1.50514e+06		258.44		150.927		0		2.1521		278.817		
00:00:39:799		1.22666e+07		-4.21345		0		0		3.86339e+06		679.644			00:00:39:799		1.50515e+06		258.44		150.927		0		2.1521		278.868		
00:00:39:700		1.2273e+07		-4.20438		0		0		3.86399e+06		678.571			00:00:39:700		1.50515e+06		258.255		151.37		0		2.13735		278.918		
00:00:39:600		1.22795e+07		-4.1953		0		0		3.86626e+06		677.307			00:00:39:600		1.50516e+06		258.255		151.37		0		2.13735		278.968		
00:00:39:500		1.2286e+07		-4.18619		0		0		3.87035e+06		680.608			00:00:39:500		1.50517e+06		258.07		151.37		0		2.13735		279.016		
00:00:39:399		1.22926e+07		-4.17707		0		0		3.87848e+06		682.085			00:00:39:399		1.50518e+06		258.07		151.814		0		2.12258		279.064		
00:00:39:299		1.23023e+07		-4.16338		0		0		3.88926e+06		685.124			00:00:39:299		1.50519e+06		257.882		151.814		0		2.12258		279.141		
00:00:39:149		1.23088e+07		-4.15425		0		0		3.89102e+06		684.05			00:00:39:149		1.5052e+06		257.882		152.258		0		2.10779		279.191		
00:00:39:049		1.23153e+07		-4.1451		0		0		3.8926e+06		683.187			00:00:39:049		1.50521e+06		257.882		152.258		0		2.10779		279.241		
00:00:38:950		1.23218e+07		-4.13595		0		0		3.89551e+06		682.186			00:00:38:950		1.50522e+06		257.694		152.702		0		2.09299		279.291		
00:00:38:850		1.23284e+07		-4.12679		0		0		3.9008e+06		686.717			00:00:38:850		1.50523e+06		257.694		152.702		0		2.09299		279.34		
00:00:38:750		1.23349e+07		-4.11764		0		0		3.90957e+06		688.42			00:00:38:750		1.50524e+06		257.503		152.702		0		2.09299		279.389		
00:00:38:649		1.23414e+07		-4.10852		0		0		3.91615e+06		689.641			00:00:38:649		1.50524e+06		257.503		153.145		0		2.07817		279.44		
00:00:38:549		1.23479e+07		-4.09942		0		0		3.91816e+06		688.641			00:00:38:549		1.50525e+06		257.503		153.145		0		2.07817		279.491		
00:00:38:450		1.23544e+07		-4.09033		0		0		3.91999e+06		687.789			00:00:38:450		1.50526e+06		257.311		153.588		0		2.06334		279.541		
00:00:38:350		1.23609e+07		-4.08127		0		0		3.92308e+06		686.94			00:00:38:350		1.50527e+06		257.311		153.588		0		2.06334		279.591		
00:00:38:250		1.23675e+07		-4.07223		0		0		3.92829e+06		689.587			00:00:38:250		1.50528e+06		257.116		153.588		0		2.06334		279.64		
00:00:38:149		1.2374e+07		-4.0632		0		0		3.93695e+06		693.176			00:00:38:149		1.50529e+06		257.116		154.03		0		2.0485		279.689		
00:00:38:049		1.23805e+07		-4.0542		0		0		3.94312e+06		693.962			00:00:38:049		1.50529e+06		257.116		154.03		0		2.0485		279.741		
00:00:37:950		1.2387e+07		-4.04519		0		0		3.94507e+06		693.837			00:00:37:950		1.5053e+06		256.92		154.471		0		2.03365		279.791		
00:00:37:850		1.23936e+07		-4.03617		0		0		3.94736e+06		692.547			00:00:37:850		1.50531e+06		256.92		154.471		0		2.03365		279.841		
00:00:37:750		1.24001e+07		-4.02712		0		0		3.95085e+06		691.864			00:00:37:750		1.50532e+06		256.722		154.471		0		2.03365		279.891		
00:00:37:549		1.24131e+07		-4.00889		0		0		3.96507e+06		698.993			00:00:37:549		1.50534e+06		256.722		154.91		0		2.01878		279.99		
00:00:37:549		1.24131e+07		-4.00889		0		0		3.96507e+06		698.993			00:00:37:549		1.50534e+06		256.722		154.91		0		2.01878		279.99		
00:00:37:450		1.24196e+07		-3.99969		0		0		3.97036e+06		698.353			00:00:37:450		1.50535e+06		256.521		155.347		0		2.0039		280.041		
00:00:37:350		1.24261e+07		-3.99043		0		0		3.97195e+06		697.573			00:00:37:350		1.50535e+06		256.521		155.347		0		2.0039		280.091		
00:00:37:250		1.24326e+07		-3.98109		0		0		3.9748e+06		697.117			00:00:37:250		1.50536e+06		256.318		155.347		0		2.0039		280.141		
00:00:37:149		1.24391e+07		-3.97168		0		0		3.97876e+06		697.141			00:00:37:149		1.50537e+06		256.318		155.783		0		1.98901		280.191		
00:00:37:049		1.24456e+07		-3.96222		0		0		3.98542e+06		700.611			00:00:37:049		1.50538e+06		256.318		155.783		0		1.98901		280.24		
00:00:36:950		1.24521e+07		-3.95271		0		0		3.99373e+06		703.236			00:00:36:950		1.50539e+06		256.112		156.216		0		1.97411		280.291		
00:00:36:850		1.24586e+07		-3.94319		0		0		3.99787e+06		702.686			00:00:36:850		1.5054e+06		256.112		156.216		0		1.97411		280.341		
00:00:36:750		1.24652e+07		-3.93367		0		0		3.99947e+06		702.043			00:00:36:750		1.50541e+06		255.904		156.216		0		1.97411		280.391		
00:00:36:649		1.24717e+07		-3.92422		0		0		4.00275e+06		701.338			00:00:36:649		1.50541e+06		255.904		156.646		0		1.95919		280.441		
00:00:36:549		1.24782e+07		-3.91486		0		0		4.00724e+06		702.415			00:00:36:549		1.50542e+06		255.904		156.646		0		1.95919		280.49		
00:00:36:450		1.24848e+07		-3.90564		0		0		4.0149e+06		706.241			00:00:36:450		1.50543e+06		255.692		157.073		0		1.94426		280.539		
00:00:36:350		1.24913e+07		-3.89659		0		0		4.02259e+06		708.047			00:00:36:350		1.50544e+06		255.692		157.073		0		1.94426		280.589		
00:00:36:250		1.24978e+07		-3.88772		0		0		4.02574e+06		707.066			00:00:36:250		1.50545e+06		255.479		157.073		0		1.94426		280.639		
00:00:36:149		1.25044e+07		-3.87902		0		0		4.0277e+06		707.654			00:00:36:149		1.50546e+06		255.479		157.497		0		1.92933		280.689		
00:00:36:049		1.25143e+07		-3.86625		0		0		4.03391e+06		708.664			00:00:36:049		1.50547e+06		255.262		157.497		0		1.92933		280.762		
00:00:35:899		1.25209e+07		-3.85787		0		0		4.04067e+06		710.15			00:00:35:899		1.50548e+06		255.262		157.917		0		1.91438		280.811		
00:00:35:799		1.25275e+07		-3.84956		0		0		4.04905e+06		712.766			00:00:35:799		1.50549e+06		255.262		157.917		0		1.91438		280.86		
00:00:35:700		1.2534e+07		-3.84126		0		0		4.05336e+06		712.12			00:00:35:700		1.50549e+06		255.041		158.332		0		1.89942		280.91		
00:00:35:600		1.25406e+07		-3.83296		0		0		4.05511e+06		712.484			00:00:35:600		1.5055e+06		255.041		158.332		0		1.89942		280.959		
00:00:35:500		1.25472e+07		-3.8246		0		0		4.05881e+06		711.269			00:00:35:500		1.50551e+06		254.818		158.332		0		1.89942		281.008		
00:00:35:399		1.25538e+07		-3.81619		0		0		4.06373e+06		711.979			00:00:35:399		1.50552e+06		254.818		158.743		0		1.88445		281.057		
00:00:35:299		1.25604e+07		-3.8077		0		0		4.07154e+06		716.201			00:00:35:299		1.50553e+06		254.818		158.743		0		1.88445		281.106		
00:00:35:200		1.2567e+07		-3.79913		0		0		4.07932e+06		718.298			00:00:35:200		1.50554e+06		254.591		159.148		0		1.86948		281.155		
00:00:35:100		1.25736e+07		-3.79048		0		0		4.08233e+06		716.866			00:00:35:100		1.50555e+06		254.591		159.148		0		1.86948		281.205		
00:00:35:000		1.25802e+07		-3.78175		0		0		4.08447e+06		716.379			00:00:35:000		1.50555e+06		254.361		159.148		0		1.86948		281.254		
00:00:34:899		1.25868e+07		-3.77294		0		0		4.0888e+06		716.266			00:00:34:899		1.50556e+06		254.361		159.548		0		1.85449		281.303		
00:00:34:799		1.25935e+07		-3.76406		0		0		4.09434e+06		718.133			00:00:34:799		1.50557e+06		254.361		159.548		0		1.85449		281.352		
00:00:34:600		1.26067e+07		-3.7461		0		0		4.10977e+06		723.073			00:00:34:600		1.50559e+06		254.127		159.941		0		1.8395		281.451		
00:00:34:600		1.26067e+07		-3.7461		0		0		4.10977e+06		723.073			00:00:34:600		1.50559e+06		254.127		159.941		0		1.8395		281.451		
00:00:34:500		1.26134e+07		-3.73704		0		0		4.11186e+06		721.578			00:00:34:500		1.5056e+06		253.888		159.941		0		1.8395		281.501		
00:00:34:399		1.262e+07		-3.72793		0		0		4.11468e+06		721.514			00:00:34:399		1.5056e+06		253.888		160.328		0		1.8245		281.551		
00:00:34:299		1.26266e+07		-3.71876		0		0		4.11949e+06		721.338			00:00:34:299		1.50561e+06		253.888		160.328		0		1.8245		281.6		
00:00:34:200		1.26332e+07		-3.70955		0		0		4.12598e+06		726.399			00:00:34:200		1.50562e+06		253.645		160.707		0		1.80949		281.65		
00:00:34:200		1.26332e+07		-3.70955		0		0		4.12598e+06		726.399			00:00:34:200		1.50562e+06		253.645		160.707		0		1.80949		281.65		
00:00:34:100		1.26398e+07		-3.7003		0		0		4.1351e+06		728.759			00:00:34:100		1.50563e+06		253.645		160.707		0		1.80949		281.7		
00:00:34:000		1.26463e+07		-3.69102		0		0		4.14028e+06		727.683			00:00:34:000		1.50564e+06		253.396		160.707		0		1.80949		281.751		
00:00:33:899		1.26529e+07		-3.68171		0		0		4.1421e+06		726.782			00:00:33:899		1.50565e+06		253.396		161.078		0		1.79448		281.801		
00:00:33:799		1.26594e+07		-3.67237		0		0		4.14577e+06		726.728			00:00:33:799		1.50566e+06		253.396		161.078		0		1.79448		281.852		
00:00:33:600		1.26726e+07		-3.65367		0		0		4.15865e+06		731.149			00:00:33:600		1.50567e+06		253.143		161.44		0		1.77945		281.953		
00:00:33:500		1.26792e+07		-3.64431		0		0		4.16748e+06		733.488			00:00:33:500		1.50568e+06		252.884		161.44		0		1.77945		282.004		
00:00:33:500		1.26792e+07		-3.64431		0		0		4.16748e+06		733.488			00:00:33:500		1.50568e+06		252.884		161.44		0		1.77945		282.004		
00:00:33:399		1.26857e+07		-3.63495		0		0		4.1713e+06		732.493			00:00:33:399		1.50569e+06		252.884		161.793		0		1.76443		282.055		
00:00:33:299		1.26922e+07		-3.62557		0		0		4.17336e+06		731.748			00:00:33:299		1.5057e+06		252.884		161.793		0		1.76443		282.107		
00:00:33:200		1.26988e+07		-3.61619		0		0		4.17783e+06		731.932			00:00:33:200		1.50571e+06		252.62		162.136		0		1.74939		282.158		
00:00:33:100		1.27053e+07		-3.60679		0		0		4.18368e+06		733.287			00:00:33:100		1.50572e+06		252.62		162.136		0		1.74939		282.209		
00:00:32:950		1.27152e+07		-3.59269		0		0		4.19699e+06		739.435			00:00:32:950		1.50573e+06		252.35		162.469		0		1.73436		282.286		
00:00:32:850		1.27217e+07		-3.58327		0		0		4.20224e+06		738.238			00:00:32:850		1.50574e+06		252.35		162.469		0		1.73436		282.338		
00:00:32:750		1.27283e+07		-3.57385		0		0		4.20427e+06		737.221			00:00:32:750		1.50575e+06		252.075		162.469		0		1.73436		282.39		
00:00:32:549		1.27414e+07		-3.55497		0		0		4.214e+06		738.16			00:00:32:549		1.50576e+06		252.075		162.789		0		1.71931		282.494		
00:00:32:549		1.27414e+07		-3.55497		0		0		4.214e+06		738.16			00:00:32:549		1.50576e+06		252.075		162.789		0		1.71931		282.494		
00:00:32:450		1.2748e+07		-3.54551		0		0		4.22178e+06		741.967			00:00:32:450		1.50577e+06		251.794		163.097		0		1.70427		282.546		
00:00:32:350		1.27545e+07		-3.53604		0		0		4.23071e+06		744.083			00:00:32:350		1.50578e+06		251.794		163.097		0		1.70427		282.598		
00:00:32:250		1.27611e+07		-3.52657		0		0		4.23477e+06		744.076			00:00:32:250		1.50579e+06		251.506		163.097		0		1.70427		282.651		
00:00:32:149		1.27677e+07		-3.51709		0		0		4.23752e+06		742.848			00:00:32:149		1.5058e+06		251.506		163.392		0		1.68922		282.704		
00:00:32:049		1.27743e+07		-3.50759		0		0		4.24261e+06		743.365			00:00:32:049		1.5058e+06		251.506		163.392		0		1.68922		282.756		
00:00:31:949		1.2781e+07		-3.49809		0		0		4.24947e+06		745.534			00:00:31:949		1.50581e+06		251.213		163.673		0		1.67417		282.808		
00:00:31:850		1.27876e+07		-3.48857		0		0		4.25798e+06		748.977			00:00:31:850		1.50582e+06		251.213		163.673		0		1.67417		282.861		
00:00:31:750		1.27942e+07		-3.47904		0		0		4.26465e+06		749.368			00:00:31:750		1.50583e+06		250.912		163.673		0		1.67417		282.914		
00:00:31:649		1.28008e+07		-3.46949		0		0		4.26739e+06		748.406			00:00:31:649		1.50584e+06		250.912		163.938		0		1.65912		282.967		
00:00:31:550		1.28074e+07		-3.45991		0		0		4.27119e+06		750.168			00:00:31:550		1.50585e+06		250.912		163.938		0		1.65912		283.02		
00:00:31:449		1.2814e+07		-3.45032		0		0		4.27706e+06		749.478			00:00:31:449		1.50586e+06		250.605		164.187		0		1.64406		283.072		
00:00:31:350		1.28206e+07		-3.44071		0		0		4.28383e+06		750.697			00:00:31:350		1.50586e+06		250.605		164.187		0		1.64406		283.125		
00:00:31:250		1.28272e+07		-3.43108		0		0		4.29204e+06		755.694			00:00:31:250		1.50587e+06		250.291		164.187		0		1.64406		283.175		
00:00:31:149		1.28338e+07		-3.42143		0		0		4.29981e+06		755.35			00:00:31:149		1.50588e+06		250.291		164.418		0		1.62901		283.228		
00:00:31:050		1.28405e+07		-3.41176		0		0		4.3037e+06		755.297			00:00:31:050		1.50589e+06		250.291		164.418		0		1.62901		283.28		
00:00:30:949		1.28471e+07		-3.40208		0		0		4.30727e+06		753.922			00:00:30:949		1.5059e+06		249.97		164.632		0		1.61395		283.331		
00:00:30:850		1.28538e+07		-3.39239		0		0		4.31432e+06		756.36			00:00:30:850		1.50591e+06		249.97		164.632		0		1.61395		283.383		
00:00:30:750		1.28638e+07		-3.37785		0		0		4.32838e+06		761.178			00:00:30:750		1.50592e+06		249.642		164.825		0		1.59891		283.463		
00:00:30:600		1.28704e+07		-3.36814		0		0		4.33386e+06		760.988			00:00:30:600		1.50593e+06		249.642		164.825		0		1.59891		283.516		
00:00:30:500		1.2877e+07		-3.35842		0		0		4.33684e+06		761.302			00:00:30:500		1.50594e+06		249.306		164.825		0		1.59891		283.567		
00:00:30:399		1.28837e+07		-3.34869		0		0		4.34183e+06		761.501			00:00:30:399		1.50594e+06		249.306		164.998		0		1.58387		283.618		
00:00:30:350		1.2887e+07		-3.34381		0		0		4.34413e+06		761.174			00:00:30:350		1.50595e+06		249.306		164.998		0		1.58387		283.643		
00:00:30:199		1.28971e+07		-3.32916		0		0		4.35261e+06		763.448			00:00:30:199		1.50596e+06		248.963		165.148		0		1.56883		283.72		
00:00:30:100		1.29038e+07		-3.31939		0		0		4.35982e+06		765.183			00:00:30:100		1.50597e+06		248.963		165.148		0		1.56883		283.772		
00:00:30:000		1.29104e+07		-3.30961		0		0		4.36627e+06		766.132			00:00:30:000		1.50598e+06		248.611		165.148		0		1.56883		283.824		
00:00:29:899		1.29171e+07		-3.29981		0		0		4.3724e+06		769.056			00:00:29:899		1.50599e+06		248.611		165.274		0		1.55381		283.876		
00:00:29:800		1.29239e+07		-3.29		0		0		4.37825e+06		769.039			00:00:29:800		1.506e+06		248.611		165.274		0		1.55381		283.927		
00:00:29:699		1.29306e+07		-3.28018		0		0		4.38056e+06		769.001			00:00:29:699		1.506e+06		248.251		165.375		0		1.53881		283.978		
00:00:29:600		1.29374e+07		-3.27034		0		0		4.38421e+06		768.151			00:00:29:600		1.50601e+06		248.251		165.375		0		1.53881		284.028		
00:00:29:500		1.29441e+07		-3.26048		0		0		4.39106e+06		770.438			00:00:29:500		1.50602e+06		247.883		165.375		0		1.53881		284.079		
00:00:29:399		1.29509e+07		-3.25062		0		0		4.3988e+06		771.344			00:00:29:399		1.50603e+06		247.883		165.45		0		1.52381		284.129		
00:00:29:350		1.29543e+07		-3.24569		0		0		4.40153e+06		772.478			00:00:29:350		1.50603e+06		247.883		165.45		0		1.52381		284.154		
00:00:29:250		1.2961e+07		-3.23581		0		0		4.40654e+06		772.941			00:00:29:250		1.50604e+06		247.506		165.45		0		1.52381		284.205		
00:00:29:149		1.29678e+07		-3.22593		0		0		4.41496e+06		777.329			00:00:29:149		1.50605e+06		247.506		165.496		0		1.50883		284.257		
00:00:29:000		1.29779e+07		-3.21106		0		0		4.42017e+06		775.734			00:00:29:000		1.50606e+06		247.121		165.496		0		1.50883		284.331		
00:00:28:899		1.29847e+07		-3.20112		0		0		4.42448e+06		775.785			00:00:28:899		1.50607e+06		247.121		165.512		0		1.49387		284.381		
00:00:28:800		1.29915e+07		-3.19117		0		0		4.43212e+06		777.93			00:00:28:800		1.50608e+06		247.121		165.512		0		1.49387		284.431		
00:00:28:699		1.29983e+07		-3.1812		0		0		4.43788e+06		778.011			00:00:28:699		1.50609e+06		246.725		165.496		0		1.47892		284.481		
00:00:28:600		1.30051e+07		-3.17121		0		0		4.44567e+06		781.201			00:00:28:600		1.5061e+06		246.725		165.496		0		1.47892		284.532		
00:00:28:500		1.30119e+07		-3.16121		0		0		4.45166e+06		780.529			00:00:28:500		1.50611e+06		246.316		165.496		0		1.47892		284.582		
00:00:28:399		1.30188e+07		-3.15118		0		0		4.45557e+06		780.983			00:00:28:399		1.50611e+06		246.316		165.447		0		1.46403		284.631		
00:00:28:300		1.30256e+07		-3.14114		0		0		4.46161e+06		781.763			00:00:28:300		1.50612e+06		246.316		165.447		0		1.46403		284.681		
00:00:28:300		1.30256e+07		-3.14114		0		0		4.46161e+06		781.763			00:00:28:300		1.50612e+06		246.316		165.447		0		1.46403		284.681		
00:00:28:199		1.30325e+07		-3.13108		0		0		4.46834e+06		783.572			00:00:28:199		1.50613e+06		245.871		165.366		0		1.44934		284.731		
00:00:28:100		1.30393e+07		-3.121		0		0		4.47532e+06		785.901			00:00:28:100		1.50614e+06		245.871		165.366		0		1.44934		284.78		
00:00:27:899		1.30531e+07		-3.10079		0		0		4.48729e+06		786.679			00:00:27:899		1.50616e+06		245.391		165.251		0		1.43486		284.879		
00:00:27:800		1.306e+07		-3.09065		0		0		4.49372e+06		787.849			00:00:27:800		1.50617e+06		245.391		165.251		0		1.43486		284.928		
00:00:27:600		1.30738e+07		-3.07034		0		0		4.50674e+06		790.071			00:00:27:600		1.50618e+06		244.875		165.105		0		1.42058		285.027		
00:00:27:600		1.30738e+07		-3.07034		0		0		4.50674e+06		790.071			00:00:27:600		1.50618e+06		244.875		165.105		0		1.42058		285.027		
00:00:27:500		1.30807e+07		-3.06016		0		0		4.51308e+06		791.152			00:00:27:500		1.50619e+06		244.323		165.105		0		1.42058		285.076		
00:00:27:399		1.30876e+07		-3.04995		0		0		4.51956e+06		792.264			00:00:27:399		1.5062e+06		244.323		164.925		0		1.40651		285.125		
00:00:27:399		1.30876e+07		-3.04995		0		0		4.51956e+06		792.264			00:00:27:399		1.5062e+06		244.323		164.925		0		1.40651		285.125		
00:00:27:300		1.30945e+07		-3.03972		0		0		4.52609e+06		793.393			00:00:27:300		1.50621e+06		244.323		164.925		0		1.40651		285.174		
00:00:27:199		1.31014e+07		-3.02946		0		0		4.53263e+06		794.461			00:00:27:199		1.50622e+06		243.736		164.714		0		1.39264		285.223		
00:00:27:000		1.31154e+07		-3.00889		0		0		4.54572e+06		798.201			00:00:27:000		1.50623e+06		243.113		164.714		0		1.39264		285.32		
00:00:27:000		1.31154e+07		-3.00889		0		0		4.54572e+06		798.201			00:00:27:000		1.50623e+06		243.113		164.714		0		1.39264		285.32		
00:00:26:899		1.31223e+07		-2.99856		0		0		4.55232e+06		797.655			00:00:26:899		1.50624e+06		243.113		164.471		0		1.37899		285.369		
00:00:26:800		1.31293e+07		-2.98821		0		0		4.55894e+06		799.006			00:00:26:800		1.50625e+06		243.113		164.471		0		1.37899		285.418		
00:00:26:699		1.31363e+07		-2.97784		0		11.0941		4.56557e+06		800.128			00:00:26:699		1.50626e+06		242.453		164.198		0		1.36553		285.466		
00:00:26:500		1.31504e+07		-2.95701		0		0		4.57891e+06		802.285			00:00:26:500		1.50628e+06		241.756		164.198		0		1.36553		285.563		
00:00:26:500		1.31504e+07		-2.95701		0		0		4.57891e+06		802.285			00:00:26:500		1.50628e+06		241.756		164.198		0		1.36553		285.563		
00:00:26:300		1.31645e+07		-2.93608		0		0		4.59237e+06		804.637			00:00:26:300		1.50629e+06		241.756		163.893		0		1.35229		285.66		
00:00:26:300		1.31645e+07		-2.93608		0		0		4.59237e+06		804.637			00:00:26:300		1.50629e+06		241.756		163.893		0		1.35229		285.66		
00:00:26:100		1.31823e+07		-2.90974		0		0		4.60934e+06		807.55			00:00:26:100		1.50631e+06		241.023		163.559		0		1.33925		285.78		
00:00:26:100		1.31823e+07		-2.90974		0		0		4.60934e+06		807.55			00:00:26:100		1.50631e+06		241.023		163.559		0		1.33925		285.78		
00:00:25:949		1.31894e+07		-2.89916		0		11.8595		4.61618e+06		808.613			00:00:25:949		1.50632e+06		240.253		163.195		0		1.32642		285.827		
00:00:25:850		1.31965e+07		-2.88854		0		0		4.62305e+06		811.45			00:00:25:850		1.50633e+06		240.253		163.195		0		1.32642		285.875		
00:00:25:750		1.32037e+07		-2.87789		0		0		4.62995e+06		810.866			00:00:25:750		1.50634e+06		239.444		163.195		0		1.32642		285.922		
00:00:25:550		1.3218e+07		-2.85649		0		0		4.6438e+06		813.275			00:00:25:550		1.50636e+06		239.444		162.804		0		1.3138		286.017		
00:00:25:449		1.32252e+07		-2.84575		0		0		4.65075e+06		815.979			00:00:25:449		1.50637e+06		238.598		162.384		0		1.3014		286.065		
00:00:25:449		1.32252e+07		-2.84575		0		0		4.65075e+06		815.979			00:00:25:449		1.50637e+06		238.598		162.384		0		1.3014		286.065		
00:00:25:350		1.32324e+07		-2.83497		0		0		4.65772e+06		815.658			00:00:25:350		1.50637e+06		238.598		162.384		0		1.3014		286.112		
00:00:25:250		1.32397e+07		-2.82417		0		0		4.66471e+06		818.383			00:00:25:250		1.50638e+06		237.712		162.384		0		1.3014		286.159		
00:00:25:149		1.32469e+07		-2.81333		0		0		4.67172e+06		818.084			00:00:25:149		1.50639e+06		237.712		161.939		0		1.28921		286.207		
00:00:25:050		1.32542e+07		-2.80246		0		0		4.67875e+06		820.918			00:00:25:050		1.5064e+06		237.712		161.939		0		1.28921		286.254		
00:00:24:949		1.32615e+07		-2.79157		0		0		4.6858e+06		822.159			00:00:24:949		1.50641e+06		236.787		161.469		0		1.27725		286.301		
00:00:24:850		1.32689e+07		-2.78064		0		0		4.69288e+06		823.465			00:00:24:850		1.50642e+06		236.787		161.469		0		1.27725		286.349		
00:00:24:750		1.32762e+07		-2.76969		0		0		4.69997e+06		822.935			00:00:24:750		1.50643e+06		235.819		161.469		0		1.27725		286.396		
00:00:24:649		1.32836e+07		-2.7587		0		0		4.70709e+06		825.863			00:00:24:649		1.50643e+06		235.819		160.976		0		1.26554		286.444		
00:00:24:550		1.32911e+07		-2.74767		0		0		4.71423e+06		825.263			00:00:24:550		1.50647e+06		235.819		160.976		0		1.26554		286.491		
00:00:24:449		1.32985e+07		-2.73661		0		0		4.72142e+06		826.712			00:00:24:449		1.50655e+06		234.804		160.462		0		1.25409		286.538		
00:00:24:350		1.3306e+07		-2.72551		0		0		4.72862e+06		827.883			00:00:24:350		1.50667e+06		234.804		160.462		0		1.25409		286.586		
00:00:24:250		1.33135e+07		-2.71438		0		0		4.73586e+06		828.937			00:00:24:250		1.50683e+06		233.733		160.462		0		1.25409		286.634		
00:00:24:149		1.3321e+07		-2.70321		0		0		4.74313e+06		830.401			00:00:24:149		1.50703e+06		233.733		159.932		0		1.24297		286.681		
00:00:24:050		1.33285e+07		-2.69199		0		0		4.75042e+06		831.593			00:00:24:050		1.50727e+06		233.733		159.932		0		1.24297		286.729		
00:00:23:899		1.33399e+07		-2.6751		0		10.5614		4.76143e+06		833.154			00:00:23:899		1.50771e+06		232.574		159.39		0		1.23244		286.8		
00:00:23:850		1.33437e+07		-2.66945		0		0		4.76512e+06		835.612			00:00:23:850		1.50788e+06		232.574		159.39		0		1.23244		286.824		
00:00:23:750		1.33513e+07		-2.65812		0		0		4.77251e+06		835.426			00:00:23:750		1.50824e+06		231.408		159.39		0		1.23244		286.872		
00:00:23:600		1.33627e+07		-2.64104		0		10.8302		4.78363e+06		837.276			00:00:23:600		1.50886e+06		231.408		158.837		0		1.22189		286.944		
00:00:23:500		1.33704e+07		-2.6296		0		10.9627		4.79105e+06		838.405			00:00:23:500		1.50932e+06		230.237		158.837		0		1.22189		286.991		
00:00:23:399		1.33781e+07		-2.61811		0		11.0286		4.7985e+06		841.384			00:00:23:399		1.50982e+06		230.237		158.273		0		1.21129		287.039		
00:00:23:300		1.33858e+07		-2.60658		0		11.1594		4.80596e+06		842.65			00:00:23:300		1.51037e+06		230.237		158.273		0		1.21129		287.087		
00:00:23:199		1.33935e+07		-2.59499		0		11.3535		4.81343e+06		843.87			00:00:23:199		1.51095e+06		229.06		157.696		0		1.20066		287.135		
00:00:23:100		1.34013e+07		-2.58336		0		11.4176		4.82092e+06		843.604			00:00:23:100		1.51158e+06		229.06		157.696		0		1.20066		287.184		
00:00:23:000		1.34091e+07		-2.57169		0		11.4815		4.82842e+06		846.737			00:00:23:000		1.51224e+06		227.878		157.696		0		1.20066		287.232		
00:00:22:899		1.3417e+07		-2.55997		0		11.6085		4.83592e+06		846.262			00:00:22:899		1.51295e+06		227.878		157.108		0		1.18998		287.28		
00:00:22:800		1.34249e+07		-2.5482		0		11.6716		4.84344e+06		847.418			00:00:22:800		1.5137e+06		227.878		157.108		0		1.18998		287.329		
00:00:22:699		1.34328e+07		-2.53638		0		11.7971		4.85097e+06		850.448			00:00:22:699		1.51449e+06		226.691		156.506		0		1.17927		287.378		
00:00:22:600		1.34406e+07		-2.52454		0		11.8595		4.85852e+06		851.765			00:00:22:600		1.51532e+06		226.691		156.506		0		1.17927		287.427		
00:00:22:500		1.34485e+07		-2.51265		0		11.8595		4.86609e+06		853.126			00:00:22:500		1.5162e+06		225.498		156.506		0		1.17927		287.476		
00:00:22:399		1.34564e+07		-2.50072		0		12.0451		4.87368e+06		852.435			00:00:22:399		1.51716e+06		225.498		155.892		0		1.16851		287.525		
00:00:22:300		1.34643e+07		-2.48874		0		12.1065		4.8813e+06		853.759			00:00:22:300		1.5182e+06		225.498		155.892		0		1.16851		287.574		
00:00:22:199		1.34723e+07		-2.47673		0		12.2286		4.88894e+06		855.128			00:00:22:199		1.51932e+06		224.3		155.264		0		1.15771		287.624		
00:00:22:199		1.34723e+07		-2.47673		0		12.2286		4.88894e+06		855.128			00:00:22:199		1.51932e+06		224.3		155.264		0		1.15771		287.624		
00:00:22:100		1.34802e+07		-2.46468		0		12.3497		4.89661e+06		856.644			00:00:22:100		1.52053e+06		224.3		155.264		0		1.15771		287.673		
00:00:22:000		1.34882e+07		-2.45258		0		12.47		4.9043e+06		857.78			00:00:22:000		1.52182e+06		223.096		155.264		0		1.15771		287.723		
00:00:21:800		1.35044e+07		-2.42822		0		12.7079		4.91975e+06		860.662			00:00:21:800		1.52465e+06		223.096		154.622		0		1.14687		287.823		
00:00:21:699		1.35125e+07		-2.41597		0		12.8257		4.92751e+06		861.938			00:00:21:699		1.52619e+06		221.888		153.965		0		1.13599		287.873		
00:00:21:600		1.35206e+07		-2.40368		0		12.8257		4.93529e+06		863.124			00:00:21:600		1.52781e+06		221.888		153.965		0		1.13599		287.924		
00:00:21:500		1.35288e+07		-2.39135		0		13.0007		4.9431e+06		866.249			00:00:21:500		1.52951e+06		220.676		153.965		0		1.13599		287.975		
00:00:21:399		1.3537e+07		-2.37899		0		13.1164		4.95094e+06		867.586			00:00:21:399		1.5313e+06		220.676		153.293		0		1.12504		288.026		
00:00:21:300		1.35453e+07		-2.36657		0		13.2313		4.95879e+06		868.914			00:00:21:300		1.53317e+06		220.676		153.293		0		1.12504		288.077		
00:00:21:199		1.35536e+07		-2.35411		0		13.4022		4.96666e+06		870.212			00:00:21:199		1.53513e+06		219.458		152.605		0		1.11405		288.128		
00:00:21:199		1.35536e+07		-2.35411		0		13.4022		4.96666e+06		870.212			00:00:21:199		1.53513e+06		219.458		152.605		0		1.11405		288.128		
00:00:21:100		1.35619e+07		-2.34161		0		13.4588		4.97455e+06		871.398			00:00:21:100		1.53717e+06		219.458		152.605		0		1.11405		288.18		
00:00:21:000		1.35703e+07		-2.32907		0		13.6275		4.98247e+06		870.82			00:00:21:000		1.53929e+06		218.234		152.605		0		1.11405		288.232		
00:00:20:899		1.35787e+07		-2.31648		0		13.6834		4.99042e+06		874.066			00:00:20:899		1.5415e+06		218.234		151.9		0		1.10301		288.284		
00:00:20:800		1.35871e+07		-2.30387		0		13.85		4.99839e+06		875.647			00:00:20:800		1.5438e+06		218.234		151.9		0		1.10301		288.336		
00:00:20:550		1.36082e+07		-2.27216		0		10.8966		5.01837e+06		877.244			00:00:20:550		1.54992e+06		217.002		151.179		0		1.09196		288.467		
00:00:20:449		1.36167e+07		-2.25941		0		0		5.02639e+06		878.827			00:00:20:449		1.55252e+06		215.764		150.441		0		1.08086		288.52		
00:00:20:449		1.36167e+07		-2.25941		0		0		5.02639e+06		878.827			00:00:20:449		1.55252e+06		215.764		150.441		0		1.08086		288.52		
00:00:20:350		1.36252e+07		-2.24665		0		0		5.03444e+06		880.033			00:00:20:350		1.5552e+06		215.764		150.441		0		1.08086		288.573		
00:00:20:250		1.36337e+07		-2.23386		0		0		5.04253e+06		883.192			00:00:20:250		1.55798e+06		214.519		150.441		0		1.08086		288.626		
00:00:20:050		1.36509e+07		-2.20821		0		0		5.05879e+06		886.269			00:00:20:050		1.56379e+06		214.519		149.685		0		1.06971		288.734		
00:00:20:050		1.36509e+07		-2.20821		0		0		5.05879e+06		886.269			00:00:20:050		1.56379e+06		214.519		149.685		0		1.06971		288.734		
00:00:19:949		1.36595e+07		-2.19536		0		0		5.06697e+06		885.713			00:00:19:949		1.56683e+06		213.269		148.911		0		1.05852		288.788		
00:00:19:850		1.36681e+07		-2.18251		0		0		5.07517e+06		886.849			00:00:19:850		1.56996e+06		213.269		148.911		0		1.05852		288.842		
00:00:19:750		1.36768e+07		-2.16966		0		0		5.08341e+06		888.263			00:00:19:750		1.5732e+06		212.013		148.911		0		1.05852		288.896		
00:00:19:550		1.36942e+07		-2.14396		0		0		5.09992e+06		891.087			00:00:19:550		1.5801e+06		212.013		148.117		0		1.04729		289.006		
00:00:19:550		1.36942e+07		-2.14396		0		0		5.09992e+06		891.087			00:00:19:550		1.5801e+06		212.013		148.117		0		1.04729		289.006		
00:00:19:449		1.37029e+07		-2.13111		0		0		5.10821e+06		892.517			00:00:19:449		1.58375e+06		210.75		147.305		0		1.03601		289.062		
00:00:19:350		1.37117e+07		-2.11826		0		0		5.11652e+06		893.978			00:00:19:350		1.58753e+06		210.75		147.305		0		1.03601		289.117		
00:00:19:250		1.37205e+07		-2.10541		0		0		5.12486e+06		895.557			00:00:19:250		1.59145e+06		209.481		147.305		0		1.03601		289.173		
00:00:19:149		1.37294e+07		-2.09258		0		0		5.13323e+06		896.603			00:00:19:149		1.59551e+06		209.481		146.472		0		1.02468		289.229		
00:00:19:050		1.37383e+07		-2.07975		0		9.93773		5.14165e+06		900.122			00:00:19:050		1.59971e+06		209.481		146.472		0		1.02468		289.285		
00:00:18:949		1.37472e+07		-2.06693		0		10.0787		5.15008e+06		899.656			00:00:18:949		1.60404e+06		208.205		145.618		0		1.01331		289.342		
00:00:18:850		1.37562e+07		-2.05414		0		10.1487		5.15855e+06		901.151			00:00:18:850		1.60852e+06		208.205		145.618		0		1.01331		289.399		
00:00:18:750		1.37652e+07		-2.04135		0		10.2876		5.16705e+06		902.806			00:00:18:750		1.61313e+06		206.923		145.618		0		1.01331		289.456		
00:00:18:649		1.37742e+07		-2.0286		0		10.3566		5.17561e+06		904.025			00:00:18:649		1.61789e+06		206.923		144.743		0		1.0019		289.513		
00:00:18:550		1.37833e+07		-2.01588		0		10.4935		5.18421e+06		905.661			00:00:18:550		1.6228e+06		206.923		144.743		0		1.0019		289.571		
00:00:18:449		1.37924e+07		-2.00318		0		10.6291		5.19286e+06		906.783			00:00:18:449		1.62784e+06		205.634		143.846		0		0.990432		289.628		
00:00:18:350		1.38016e+07		-1.99052		0		10.7634		5.20157e+06		910.581			00:00:18:350		1.63303e+06		205.634		143.846		0		0.990432		289.687		
00:00:18:250		1.38108e+07		-1.97789		0		10.9627		5.21032e+06		912.174			00:00:18:250		1.63837e+06		204.337		143.846		0		0.990432		289.745		
00:00:18:149		1.38201e+07		-1.9653		0		11.0941		5.21911e+06		911.455			00:00:18:149		1.64386e+06		204.337		142.926		0		0.97892		289.803		
00:00:18:050		1.38294e+07		-1.95274		0		10.9627		5.22794e+06		913.209			00:00:18:050		1.6495e+06		204.337		142.926		0		0.97892		289.862		
00:00:17:949		1.38387e+07		-1.94023		0		11.1594		5.23679e+06		914.573			00:00:17:949		1.65529e+06		203.034		141.982		0		0.967356		289.92		
00:00:17:800		1.38527e+07		-1.92154		0		11.2891		5.25013e+06		918.449			00:00:17:800		1.66426e+06		203.034		141.982		0		0.967356		290.008		
00:00:17:699		1.38621e+07		-1.90914		0		11.4176		5.25908e+06		920.058			00:00:17:699		1.67043e+06		201.722		141.013		0		0.955746		290.068		
00:00:17:600		1.38716e+07		-1.89677		0		11.5452		5.26807e+06		921.853			00:00:17:600		1.67676e+06		201.722		141.013		0		0.955746		290.127		
00:00:17:500		1.38811e+07		-1.88445		0		11.7345		5.27709e+06		923.243			00:00:17:500		1.68325e+06		200.404		141.013		0		0.955746		290.187		
00:00:17:449		1.38859e+07		-1.87831		0		11.7345		5.28162e+06		924.177			00:00:17:449		1.68655e+06		200.404		140.02		0		0.944088		290.217		
00:00:17:350		1.38955e+07		-1.86606		0		11.9216		5.2907e+06		923.948			00:00:17:350		1.69328e+06		200.404		140.02		0		0.944088		290.277		
00:00:17:250		1.39052e+07		-1.85386		0		11.9834		5.29982e+06		925.46			00:00:17:250		1.70017e+06		199.078		140.02		0		0.944088		290.338		
00:00:17:149		1.39149e+07		-1.84169		0		12.1065		5.30897e+06		926.919			00:00:17:149		1.70722e+06		199.078		139		0		0.932378		290.398		
00:00:17:050		1.39247e+07		-1.82952		0		12.2893		5.31818e+06		928.193			00:00:17:050		1.71444e+06		199.078		139		0		0.932378		290.459		
00:00:16:949		1.39346e+07		-1.81736		0		12.47		5.32743e+06		929.852			00:00:16:949		1.72183e+06		197.745		137.954		0		0.920616		290.521		
00:00:16:850		1.39445e+07		-1.80519		0		12.5298		5.33675e+06		933.419			00:00:16:850		1.72938e+06		197.745		137.954		0		0.920616		290.583		
00:00:16:750		1.39546e+07		-1.79301		0		12.7079		5.34612e+06		932.904			00:00:16:750		1.7371e+06		196.403		137.954		0		0.920616		290.644		
00:00:16:600		1.39699e+07		-1.77467		0		12.8842		5.36029e+06		935.169			00:00:16:600		1.74902e+06		196.403		136.88		0		0.908803		290.737		
00:00:16:500		1.39802e+07		-1.76238		0		13.0007		5.36981e+06		939.312			00:00:16:500		1.75718e+06		195.053		136.88		0		0.908803		290.8		
00:00:16:399		1.39907e+07		-1.75003		0		13.0586		5.37937e+06		941.058			00:00:16:399		1.76551e+06		195.053		135.778		0		0.896939		290.862		
00:00:16:300		1.40014e+07		-1.7376		0		13.1739		5.38897e+06		940.291			00:00:16:300		1.77407e+06		195.053		135.778		0		0.896939		290.925		
00:00:16:199		1.40123e+07		-1.72509		0		13.2884		5.39858e+06		942.201			00:00:16:199		1.78294e+06		193.695		134.647		0		0.885023		290.989		
00:00:16:100		1.40234e+07		-1.7125		0		13.4022		5.40822e+06		943.772			00:00:16:100		1.79215e+06		193.695		134.647		0		0.885023		291.053		
00:00:16:000		1.40349e+07		-1.69981		0		13.4588		5.41792e+06		945.247			00:00:16:000		1.80169e+06		192.328		134.647		0		0.885023		291.117		
00:00:15:900		1.40467e+07		-1.68705		0		13.6275		5.42769e+06		949.178			00:00:15:900		1.81156e+06		192.328		133.487		0		0.873054		291.182		
00:00:15:800		1.40587e+07		-1.67424		0		13.6834		5.43752e+06		948.229			00:00:15:800		1.82177e+06		192.328		133.487		0		0.873054		291.247		
00:00:15:699		1.40708e+07		-1.66132		0		13.7946		5.44741e+06		952.528			00:00:15:699		1.83233e+06		190.953		132.296		0		0.861031		291.312		
00:00:15:699		1.40708e+07		-1.66132		0		13.7946		5.44741e+06		952.528			00:00:15:699		1.83233e+06		190.953		132.296		0		0.861031		291.312		
00:00:15:500		1.40947e+07		-1.63514		0		14.015		5.46732e+06		953.64			00:00:15:500		1.85451e+06		189.569		132.296		0		0.861031		291.445		
00:00:15:500		1.40947e+07		-1.63514		0		14.015		5.46732e+06		953.64			00:00:15:500		1.85451e+06		189.569		132.296		0		0.861031		291.445		
00:00:15:400		1.41063e+07		-1.62184		0		14.0697		5.47733e+06		957.715			00:00:15:400		1.86614e+06		189.569		131.075		0		0.848953		291.512		
00:00:15:199		1.41287e+07		-1.59484		0		14.2867		5.49748e+06		960.882			00:00:15:199		1.8905e+06		188.177		129.822		0		0.83682		291.647		
00:00:15:199		1.41287e+07		-1.59484		0		14.2867		5.49748e+06		960.882			00:00:15:199		1.8905e+06		188.177		129.822		0		0.83682		291.647		
00:00:15:099		1.41396e+07		-1.5812		0		14.3406		5.50765e+06		960.601			00:00:15:099		1.90325e+06		188.177		129.822		0		0.83682		291.716		
00:00:15:000		1.41506e+07		-1.56741		0		14.3943		5.51788e+06		962.237			00:00:15:000		1.91638e+06		186.776		129.822		0		0.83682		291.785		
00:00:14:900		1.4161e+07		-1.5535		0		14.5012		5.52819e+06		963.681			00:00:14:900		1.92990e+06		186.776		128.538		0		0.824631		291.854		
00:00:14:800		1.41711e+07		-1.53952		0		14.5545		5.53856e+06		965.52			00:00:14:800		1.94383e+06		186.776		128.538		0		0.824631		291.924		
00:00:14:699		1.41813e+07		-1.52549		0		14.6076		5.54895e+06		967.49			00:00:14:699		1.95816e+06		185.366		127.221		0		0.812382		291.995		
00:00:14:500		1.42066e+07		-1.49016		0		14.5545		5.57498e+06		974.1			00:00:14:500		1.99568e+06		183.947		125.87		0		0.80008		292.176		
00:00:14:500		1.42066e+07		-1.49016		0		14.5545		5.57498e+06		974.1			00:00:14:500		1.99568e+06		183.947		125.87		0		0.80008		292.176		
00:00:14:349		1.42167e+07		-1.47593		0		14.6076		5.58539e+06		973.709			00:00:14:349		2.01135e+06		183.947		125.87		0		0.80008		292.249		
00:00:14:250		1.42268e+07		-1.46165		0		14.7133		5.59586e+06		977.971			00:00:14:250		2.0274e+06		182.519		125.87		0		0.80008		292.324		
00:00:14:199		1.42319e+07		-1.45449		0		14.7133		5.6011e+06		976.425			00:00:14:199		2.03557e+06		182.519		124.486		0		0.78772		292.361		
00:00:14:099		1.4242e+07		-1.44013		0		14.7659		5.61165e+06		977.96			00:00:14:099		2.05221e+06		182.519		124.486		0		0.78772		292.436		
00:00:14:000		1.42521e+07		-1.42572		0		14.8184		5.6223e+06		982.006			00:00:14:000		2.06926e+06		181.081		124.486		0		0.78772		292.513		
00:00:13:900		1.42622e+07		-1.41125		0		14.8707		5.63301e+06		984.335			00:00:13:900		2.08672e+06		181.081		123.065		0		0.775302		292.59		
00:00:13:800		1.42724e+07		-1.39674		0		14.8707		5.64372e+06		983.578			00:00:13:800		2.10459e+06		181.081		123.065		0		0.775302		292.667		
00:00:13:599		1.42925e+07		-1.36756		0		14.8707		5.66509e+06		989.699			00:00:13:599		2.14164e+06		179.633		121.608		0		0.762826		292.822		
00:00:13:449		1.43076e+07		-1.34553		0		14.9229		5.68122e+06		989.484			00:00:13:449		2.17058e+06		178.176		120.113		0		0.750291		292.941		
00:00:13:449		1.43076e+07		-1.34553		0		14.9229		5.68122e+06		989.484			00:00:13:449		2.17058e+06		178.176		120.113		0		0.750291		292.941		
00:00:13:349		1.43177e+07		-1.33078		0		14.975		5.69216e+06		994.345			00:00:13:349		2.19044e+06		178.176		120.113		0		0.750291		293.021		
00:00:13:250		1.43277e+07		-1.31596		0		14.975		5.70322e+06		993.638			00:00:13:250		2.21076e+06		176.709		120.113		0		0.750291		293.102		
00:00:13:150		1.43376e+07		-1.30109		0		14.975		5.71435e+06		998.237			00:00:13:150		2.23156e+06		176.709		118.579		0		0.737696		293.184		
00:00:13:050		1.43476e+07		-1.28617		0		14.975		5.72546e+06		997.577			00:00:13:050		2.25284e+06		176.709		118.579		0		0.737696		293.266		
00:00:13:000		1.43525e+07		-1.27868		0		14.9229		5.73101e+06		998.423			00:00:13:000		2.26366e+06		175.231		118.579		0		0.737696		293.308		
00:00:12:849		1.43674e+07		-1.25613		0		14.9229		5.74759e+06		1001.2			00:00:12:849		2.29689e+06		175.231		117.009		0		0.725041		293.433		
00:00:12:800		1.43723e+07		-1.24858		0		14.9229		5.75311e+06		1001.88			00:00:12:800		2.30821e+06		175.231		117.009		0		0.725041		293.474		
00:00:12:550		1.43967e+07		-1.21059		0.3306		14.8184		5.78076e+06		1009.13			00:00:12:550		2.36682e+06		173.743		115.402		0		0.712324		293.685		
00:00:12:449		1.44063e+07		-1.19527		0.460966		14.7659		5.79177e+06		1011.31			00:00:12:449		2.39117e+06		172.244		113.759		0		0.699549		293.77		
00:00:12:449		1.44063e+07		-1.19527		0.460966		14.7659		5.79177e+06		1011.31			00:00:12:449		2.39117e+06		172.244		113.759		0		0.699549		293.77		
00:00:12:349		1.44159e+07		-1.17989		0.589142		14.7133		5.80272e+06		1012.94			00:00:12:349		2.416e+06		172.244		113.759		0		0.699549		293.854		
00:00:12:250		1.44252e+07		-1.16442		0.714463		14.6076		5.81362e+06		1015.09			00:00:12:250		2.44134e+06		170.736		113.759		0		0.699549		293.94		
00:00:12:150		1.44344e+07		-1.14888		0.836209		14.6076		5.82448e+06		1014.81			00:00:12:150		2.4672e+06		170.736		112.079		0		0.686718		294.025		
00:00:12:050		1.44432e+07		-1.13326		0.953888		14.6076		5.83534e+06		1016.49			00:00:12:050		2.49358e+06		170.736		112.079		0		0.686718		294.11		
00:00:11:949		1.44517e+07		-1.1176		1.06704		14.6076		5.84622e+06		1017.82			00:00:11:949		2.5205e+06		169.217		110.363		0		0.673825		294.195		
00:00:11:849		1.44602e+07		-1.10196		1.1753		14.6076		5.85712e+06		1022.16			00:00:11:849		2.54796e+06		169.217		110.363		0		0.673825		294.281		
00:00:11:750		1.44689e+07		-1.08637		1.27834		14.7133		5.86802e+06		1024.06			00:00:11:750		2.57597e+06		167.687		110.363		0		0.673825		294.367		
00:00:11:650		1.4478e+07		-1.07084		1.37608		14.7133		5.87891e+06		1025.98			00:00:11:650		2.60456e+06		167.687		108.615		0		0.660874		294.453		
00:00:11:550		1.44875e+07		-1.05536		1.46827		14.7133		5.88978e+06		1027.97			00:00:11:550		2.63371e+06		167.687		108.615		0		0.660874		294.54		
00:00:11:449		1.44976e+07		-1.03985		1.55506		14.7133		5.90065e+06		1030.19			00:00:11:449		2.66346e+06		166.146		106.835		0		0.647867		294.627		
00:00:11:349		1.45072e+07		-1.02417		1.63631		14.7133		5.91152e+06		1032.1			00:00:11:349		2.6938e+06		166.146		106.835		0		0.647867		294.715		
00:00:11:250		1.45165e+07		-1.00835		1.71155		14.7133		5.92241e+06		1031.1			00:00:11:250		2.72477e+06		164.594		106.835		0		0.647867		294.804		
00:00:11:150		1.45251e+07		-0.992436		1.78029		14.7133		5.93335e+06		1035.75			00:00:11:150		2.75636e+06		164.594		105.024		0		0.634799		294.894		
00:00:11:050		1.45333e+07		-0.97641		1.84535		14.7133		5.9443e+06		1037.57			00:00:11:050		2.78849e+06		164.594		105.024		0		0.634799		294.985		
00:00:10:949		1.45404e+07		-0.960375		1.90942		14.7659		5.95527e+06		1039.26			00:00:10:949		2.82114e+06		163.032		103.186		0		0.621674		295.078		
00:00:10:800		1.45514e+07		-0.936575		2.00328		19.4381		5.97175e+06		1040.02			00:00:10:800		2.87113e+06		163.032		103.186		0		0.621674		295.219		
00:00:10:699		1.45592e+07		-0.920902		2.0664		25.3376		5.98275e+06		1041.51			00:00:10:699		2.90518e+06		161.459		101.324		0		0.608489		295.314		
00:00:10:599		1.45677e+07		-0.905411		2.13197		29.4474		5.99377e+06		1046.31			00:00:10:599		2.93983e+06		161.459		101.324		0		0.608489		295.41		
00:00:10:550		1.45769e+07		-0.89009		2.1935		32.4345		6.00481e+06		1045.46			00:00:10:550		2.9751e+06		159.874		101.324		0		0.608489		295.508		
00:00:10:400		1.45869e+07		-0.874878		2.24524		34.714		6.01587e+06		1047.56			00:00:10:400		3.01101e+06		159.874		99.4391		0		0.595245		295.607		
00:00:10:300		1.45973e+07		-0.859672		2.29658		36.4305		6.02695e+06		1049.03			00:00:10:300		3.04759e+06		159.874		99.4391		0		0.595245		295.708		
00:00:10:199		1.46075e+07		-0.844464		2.33957		37.8187		6.03804e+06		1053.65			00:00:10:199		3.08484e+06		158.28		97.5295		0		0.581942		295.809		
00:00:10:099		1.46177e+07		-0.829251		2.3804		38.9566		6.04909e+06		1053.31			00:00:10:099		3.1228e+06		158.28		97.5295		0		0.581942		295.912		
00:00:10:000		1.46279e+07		-0.814033		2.41891		39.9756		6.06012e+06		1054.79			00:00:10:000		3.16148e+06		156.674		97.5295		0		0.581942		296.017		
00:00:09:900		1.46382e+07		-0.79881		2.45533		41.0589		6.07117e+06		1059.51			00:00:09:900		3.2009e+06		156.674		95.5934		0		0.568578		296.123		
00:00:09:800		1.46484e+07		-0.783588		2.49006		44.3869		6.0822e+06		1061.51			00:00:09:800		3.24106e+06		156.674		95.5934		0		0.568578		296.231		
00:00:09:800		1.46484e+07		-0.783588		2.49006		44.3869		6.0822e+06		1061.51			00:00:09:800		3.24106e+06		156.674		95.5934		0		0.568578		296.231		
00:00:09:699		1.46586e+07		-0.768373		2.52357		25.8039		6.09323e+06		1060.7			00:00:09:699		3.28191e+06		155.059		93.6321		0		0.555157		296.341		
00:00:09:500		1.46791e+07		-0.737977		2.58257		42.7947		6.11527e+06		1064.46			00:00:09:500		3.36576e+06		153.432		93.6321		0		0.555157		296.569		
00:00:09:500		1.46791e+07		-0.737977		2.58257		42.7947		6.11527e+06		1064.46			00:00:09:500		3.36576e+06		153.432		93.6321		0		0.555157		296.569		
00:00:09:400		1.46893e+07		-0.722799		2.60985		43.1717		6.12629e+06		1066.59			00:00:09:400		3.40879e+06		153.432		91.6474		0		0.541677		296.686		
00:00:09:300		1.46994e+07		-0.707638		2.63585		43.5251		6.13729e+06		1068.2			00:00:09:300		3.45258e+06		153.432		91.6474		0		0.541677		296.804		
00:00:09:150		1.47147e+07		-0.684938		2.6727		43.9374		6.1538e+06		1073.35			00:00:09:150		3.51973e+06		151.797		89.6414		0		0.528134		296.982		
00:00:09:000		1.47299e+07		-0.662318		2.70635		44.3259		6.17032e+06		1075.78			00:00:09:000		3.58867e+06		150.152		89.6414		0		0.528134		297.164		
00:00:08:900		1.474e+07		-0.647279		2.72704		44.5088		6.18136e+06		1077.65			00:00:08:900		3.63566e+06		150.152		87.6169		0		0.514533		297.288		
00:00:08:800		1.47501e+07		-0.632277		2.74665		44.6708		6.19247e+06		1079.6			00:00:08:800		3.68349e+06		150.152		87.6169		0		0.514533		297.414		
00:00:08:699		1.47602e+07		-0.617316		2.76519		44.8323		6.20364e+06		1081.79			00:00:08:699		3.73217e+06		148.499		85.5778		0		0.500872		297.543		
00:00:08:699		1.47602e+07		-0.617316		2.76519		44.8323		6.20364e+06		1081.79			00:00:08:699		3.73217e+06		148.499		85.5778		0		0.500872		297.543		
00:00:08:500		1.47803e+07		-0.587533		2.7997		45.0334		6.22627e+06		1082.65			00:00:08:500		3.83217e+06		146.837		85.5778		0		0.500872		297.805		
00:00:08:500		1.47803e+07		-0.587533		2.7997		45.0334		6.22627e+06		1082.65			00:00:08:500		3.83217e+06		146.837		85.5778		0		0.500872		297.805		
00:00:08:400		1.47903e+07		-0.572722		2.81564		45.0936		6.23786e+06		1084.71			00:00:08:400		3.88352e+06		146.837		83.5291		0		0.487146		297.94		
00:00:08:300		1.48003e+07		-0.557966		2.83075		45.0936		6.24972e+06		1086.33			00:00:08:300		3.93581e+06		146.837		83.5291		0		0.487146		298.076		
00:00:08:199		1.48102e+07		-0.543268		2.84487		45.1137		6.26189e+06		1087.67			00:00:08:199		3.98904e+06		145.166		81.4736		0		0.473349		298.215		
00:00:08:099		1.48252e+07		-0.521333		2.86504		45.0535		6.28083e+06		1093.96			00:00:08:099		4.07072e+06		145.166		81.4736		0		0.473349		298.427		
00:00:07:950		1.48351e+07		-0.5068		2.87838		44.5899		6.2938e+06		1093.47			00:00:07:950		4.12641e+06		143.487		79.4149		0		0.459479		298.571		
00:00:07:849		1.4845e+07		-0.492341		2.8906		44.2648		6.30692e+06		1095.1			00:00:07:849		4.18312e+06		143.487		79.4149		0		0.459479		298.717		
00:00:07:750		1.48549e+07		-0.477965		2.90182		43.7729		6.32018e+06		1100.56			00:00:07:750		4.24085e+06		141.802		79.4149		0		0.459479		298.865		
00:00:07:650		1.48648e+07		-0.463669		2.91325		43.2343		6.33354e+06		1102.49			00:00:07:650		4.29964e+06		141.802		77.3569		0		0.445538		299.014		
00:00:07:450		1.48845e+07		-0.435348		2.93344		41.9671		6.36042e+06		1107.67			00:00:07:450		4.42046e+06		140.111		75.304		0		0.431529		299.32		
00:00:07:450		1.48845e+07		-0.435348		2.93344		41.9671		6.36042e+06		1107.67			00:00:07:450		4.42046e+06		140.111		75.304		0		0.431529		299.32		
00:00:07:349		1.48944e+07		-0.421321		2.94231		41.3203		6.37385e+06		1110.02			00:00:07:349		4.48254e+06		140.111		75.304		0		0.431529		299.476		
00:00:07:250		1.49042e+07		-0.407383		2.9508		40.642		6.38723e+06		1108.89			00:00:07:250		4.54574e+06		138.416		75.304		0		0.431529		299.635		
00:00:07:150		1.49141e+07		-0.393543		2.95901		39.9084		6.40061e+06		1111.02			00:00:07:150		4.61011e+06		138.416		73.2612		0		0.417444		299.796		
00:00:07:049		1.4924e+07		-0.379805		2.96689		39.1395		6.41404e+06		1116.57			00:00:07:049		4.67567e+06		138.416		73.2612		0		0.417444		299.959		
00:00:06:950		1.49338e+07		-0.366171		2.9742		38.3566		6.42751e+06		1118.68			00:00:06:950		4.74242e+06		136.718		71.2334		0		0.403289		300.124		
00:00:06:849		1.49437e+07		-0.352654		2.98081		37.4879		6.44102e+06		1118.09			00:00:06:849		4.8104e+06		136.718		71.2334		0		0.403289		300.289		
00:00:06:750		1.49536e+07		-0.339264		2.98758		36.5763		6.45458e+06		1123.09			00:00:06:750		4.87963e+06		135.019		71.2334		0		0.403289		300.455		
00:00:06:549		1.49734e+07		-0.312821		2.99801		34.6376		6.48194e+06		1127.88			00:00:06:549		5.02194e+06		135.019		69.2251		0		0.389057		300.793		
00:00:06:450		1.49834e+07		-0.299749		3.00279		33.5522		6.49572e+06		1129.91			00:00:06:450		5.09507e+06		133.32		67.2435		0		0.374751		300.965		
00:00:06:450		1.49834e+07		-0.299749		3.00279		33.5522		6.49572e+06		1129.91			00:00:06:450		5.09507e+06		133.32		67.2435		0		0.374751		300.965		
00:00:06:349		1.49935e+07		-0.286789		3.00748		32.4074		6.50956e+06		1132.59			00:00:06:349		5.16954e+06		133.32		67.2435		0		0.374751		301.139		
00:00:06:250		1.50036e+07		-0.273959		3.0127		31.1134		6.52342e+06		1132.28			00:00:06:250		5.2451e+06		131.624		67.2435		0		0.374751		301.315		
00:00:06:150		1.50139e+07		-0.261253		3.01716		29.4768		6.5373e+06		1134.47			00:00:06:150		5.32168e+06		131.624		65.2965		0		0.360372		301.493		
00:00:06:049		1.50242e+07		-0.248662		3.0204		27.4441		6.55116e+06		1136.45			00:00:06:049		5.39929e+06		131.624		65.2965		0		0.360372		301.674		
00:00:05:950		1.50347e+07		-0.236181		3.02277		26.6832		6.56505e+06		1138.08			00:00:05:950		5.47792e+06		129.931		63.3919		0		0.34591		301.857		
00:00:05:849		1.50453e+07		-0.223802		3.02405		26.4253		6.57923e+06		1140.41			00:00:05:849		5.55761e+06		129.931		63.3919		0		0.34591		302.041		
00:00:05:750		1.5056e+07		-0.211498		3.02496		24.9318		6.5939e+06		1145.75			00:00:05:750		5.63837e+06		128.246		63.3919		0		0.34591		302.227		
00:00:05:650		1.50669e+07		-0.199275		3.0254		23.2485		6.60877e+06		1144.77			00:00:05:650		5.72021e+06		128.246		61.5362		0		0.331362		302.415		
00:00:05:549		1.50778e+07		-0.187066		3.02516		21.4924		6.6237e+06		1150.58			00:00:05:549		5.80315e+06		128.246		61.5362		0		0.331362		302.605		
00:00:05:450		1.50878e+07		-0.174767		3.02342		19.7721		6.63861e+06		1149.6			00:00:05:450		5.88722e+06		126.569		59.7337		0		0.31672		302.797		
00:00:05:349		1.50966e+07		-0.162516		3.02128		17.9617		6.65344e+06		1150.26			00:00:05:349		5.97243e+06		126.569		59.7337		0		0.31672		302.992		
00:00:05:250		1.51053e+07		-0.150449		3.01813		16.3299		6.66805e+06		1148.96			00:00:05:250		6.05883e+06		124.903		57.9869		0		0.301891		303.188		
00:00:05:099		1.51185e+07		-0.132673		3.01115		13.9602		6.68901e+06		1133.21			00:00:05:099		6.19084e+06		124.903		57.9869		0		0.301891		303.482		
00:00:05:000		1.51275e+07		-0.12104		3.00635		12.6488		6.7019e+06		1093.36			00:00:05:000		6.28102e+06		123.25		57.9869		0		0.301891		303.681		
00:00:04:900		1.51367e+07		-0.109591		3.00058		11.4815		6.71377e+06		1048.63			00:00:04:900		6.35407e+06		123.25		56.2925		0		0.286733		303.881		
00:00:04:799		1.51461e+07		-0.0983143		2.99374		10.4252		6.72464e+06		1002.96			00:00:04:799		6.40967e+06		123.25		56.2925		0		0.286733		304.084		
00:00:04:700		1.51556e+07		-0.0871911		2.98593		9.35879		6.73459e+06		965.238			00:00:04:700		6.453e+06		121.615		54.6337		0		0.271319		304.288		
00:00:04:599		1.51653e+07		-0.076201		2.97667		8.67573		6.7437e+06		926.631			00:00:04:599		6.48682e+06		121.615		54.6337		0		0.271319		304.493		
00:00:04:500		1.51751e+07		-0.065351		2.96664		0		6.75209e+06		894.496			00:00:04:500		6.51346e+06		120.001		54.6337		0		0.271319		304.7		
00:00:04:400		1.51846e+07		-0.0546541		2.95721		0		6.75984e+06		865.945			00:00:04:400		6.53468e+06		120.001		53.0152		0		0.255726		304.907		
00:00:04:400		1.51846e+07		-0.0546541		2.95721		0		6.75984e+06		865.945			00:00:04:400		6.53468e+06		120.001		53.0152		0		0.255726		304.907		
00:00:04:299		1.51944e+07		-0.0441236		2.94753		0		6.76707e+06		842.934			00:00:04:299		6.55185e+06		120.001		53.0152		0		0.255726		305.115		
00:00:04:099		1.52138e+07		-0.0234957		2.92446		0		6.78012e+06		802.176			00:00:04:099		6.57764e+06		118.415		51.4418		0		0.240007		305.533		
00:00:04:099		1.52138e+07		-0.0234957		2.92446		0		6.78012e+06		802.176			00:00:04:099		6.57764e+06		118.415		51.4418		0		0.240007		305.533		
00:00:04:000		1.52234e+07		-0.013401		2.91011		0		6.78603e+06		783.86			00:00:04:000		6.58757e+06		116.86		51.4418		0		0.240007		305.743		
00:00:03:899		1.5233e+07		-0.00345802		2.8974		19.9374		6.79158e+06		769.433			00:00:03:899		6.59617e+06		116.86		49.9179		0		0.224196		305.951		
00:00:03:799		1.52425e+07		0.00632906		2.88692		31.5869		6.79681e+06		756.843			00:00:03:799		6.60369e+06		116.86		49.9179		0		0.224196		306.16		
00:00:03:700		1.52521e+07		0.0159569		2.87462		41.407		6.80176e+06		745.713			00:00:03:700		6.61042e+06		115.343		48.4476		0		0.208314		306.369		
00:00:03:500		1.52711e+07		0.0346689		2.83549		58.6216		6.81094e+06		727.356			00:00:03:500		6.62209e+06		113.869		48.4476		0		0.208314		306.788		
00:00:03:500		1.52711e+07		0.0346689		2.83549		58.6216		6.81094e+06		727.356			00:00:03:500		6.62209e+06		113.869		48.4476		0		0.208314		306.788		
00:00:03:399		1.52805e+07		0.0436883		2.81782		66.485		6.81517e+06		719.478			00:00:03:399		6.62734e+06		113.869		47.035		0		0.192377		306.997		
00:00:03:149		1.53036e+07		0.0652871		2.79334		84.9986		6.8248e+06		702.721			00:00:03:149		6.64001e+06		112.442		45.6837		0		0.17639		307.514		
00:00:03:149		1.53036e+07		0.0652871		2.79334		84.9986		6.8248e+06		702.721			00:00:03:149		6.64001e+06		112.442		45.6837		0		0.17639		307.514		
00:00:03:049		1.53129e+07		0.0735941		2.76215		92.0252		6.82822e+06		694.106			00:00:03:049		6.64533e+06		112.442		45.6837		0		0.17639		307.718		
00:00:02:950		1.53224e+07		0.081687		2.72861		98.7436		6.83136e+06		685.54			00:00:02:950		6.65128e+06		111.066		44.3974		0		0.160349		307.917		
00:00:02:799		1.53369e+07		0.0932431		2.72379		108.51		6.83547e+06		669.518			00:00:02:799		6.6627e+06		111.066		44.3974		0		0.160349		308.209		
00:00:02:700		1.53461e+07		0.100395		2.73615		115.025		6.83779e+06		657.863			00:00:02:700		6.67076e+06		109.747		43.1797		0		0.144257		308.395		
00:00:02:700		1.53461e+07		0.100395		2.73615		115.025		6.83779e+06		657.863			00:00:02:700		6.67076e+06		109.747		43.1797		0		0.144257		308.395		
00:00:02:500		1.53618e+07		0.113359		2.62749		127.041		6.84157e+06		635.433			00:00:02:500		6.68498e+06		108.489		43.1797		0		0.144257		308.744		
00:00:02:500		1.53618e+07		0.113359		2.62749		127.041		6.84157e+06		635.433			00:00:02:500		6.68498e+06		108.489		43.1797		0		0.144257		308.744		
00:00:02:399		1.53688e+07		0.119327		2.57128		133.062		6.8431e+06		626.216			00:00:02:399		6.69112e+06		108.489		42.0348		0		0.128124		308.904		
00:00:02:299		1.53766e+07		0.125331		2.63114		139.64		6.84448e+06		617.508			00:00:02:299		6.6965e+06		108.489		42.0348		0		0.128124		309.055		
00:00:02:200		1.53852e+07		0.131218		2.74241		147.19		6.84581e+06		609.868			00:00:02:200		6.70096e+06		107.3		40.9675		0		0.111967		309.196		
00:00:02:100		1.53939e+07		0.136849		2.78158		157.746		6.84726e+06		606.473			00:00:02:100		6.70411e+06		107.3		40.9675		0		0.111967		309.322		
00:00:02:000		1.54026e+07		0.142237		2.81284		176.682		6.84904e+06		606.126			00:00:02:000		6.70519e+06		106.184		40.9675		0		0.111967		309.433		
00:00:01:899		1.54114e+07		0.147409		2.83704		211.705		6.85142e+06		614.931			00:00:01:899		6.70256e+06		106.184		39.986		0		0.0958325		309.528		
00:00:01:800		1.54203e+07		0.152352		2.85466		258.449		6.85474e+06		639.773			00:00:01:800		6.69333e+06		106.184		39.986		0		0.0958325		309.607		
00:00:01:550		1.5444e+07		0.163147		2.87318		370.904		6.86891e+06		810.592			00:00:01:550		6.60573e+06		105.148		39.1048		0		0.0799243		309.738		
00:00:01:449		1.54536e+07		0.166461		2.87623		407.959		6.87665e+06		841.975			00:00:01:449		6.56829e+06		104.199		38.3295		0		0.0641091		309.769		
00:00:01:449		1.54536e+07		0.166461		2.87623		407.959		6.87665e+06		841.975			00:00:01:449		6.56829e+06		104.199		38.3295		0		0.0641091		309.769		
00:00:01:350		1.54621e+07		0.169026		2.87724		439.688		6.88506e+06		880.299			00:00:01:350		6.5472e+06		104.199		38.3295		0		0.0641091		309.792		
00:00:01:250		1.54689e+07		0.170828		2.87427		466.413		6.89384e+06		902.29			00:00:01:250		6.53342e+06		103.341		38.3295		0		0.0641091		309.808		
00:00:01:149		1.54737e+07		0.171946		2.8679		488.485		6.90263e+06		906.967			00:00:01:149		6.5307e+06		103.341		37.6623		0		0.0482553		309.821		
00:00:01:050		1.54766e+07		0.172536		2.85905		505.541		6.91108e+06		899.31			00:00:01:050		6.54547e+06		103.341		37.6623		0		0.0482553		309.831		
00:00:00:949		1.5478e+07		0.172782		2.84889		516.144		6.91889e+06		891.385			00:00:00:949		6.56007e+06		102.573		37.1083		0		0.0323149		309.838		
00:00:00:849		1.54785e+07		0.172851		2.84018		521.563		6.92664e+06		885.5			00:00:00:849		6.57455e+06		102.573		37.1083		0		0.0323149		309.843		
00:00:00:750		1.54786e+07		0.172853		2.83651		525.654		6.93548e+06		880.996			00:00:00:750		6.58901e+06		101.913		37.1083		0		0.0323149		309.845		
00:00:00:550		1.54786e+07		0.172842		2.8355		529.969		6.95156e+06		850.531			00:00:00:550		6.627e+06		101.913		36.6628		0		0.0162615		309.846		
00:00:00:450		1.54786e+07		0.17284		2.83563		530.25		6.95793e+06		819.849			00:00:00:450		6.6538e+06		101.282		36.3834		0		0		309.846		
00:00:00:450		1.54786e+07		0.17284		2.83563		530.25		6.95793e+06		819.849			00:00:00:450		6.6538e+06		101.282		36.3834		0		0		309.846		
00:00:00:349		1.54786e+07		0.17284		2.83568		530.216		6.96246e+06		773.441			00:00:00:349		6.69013e+06		101.282		36.3834		0		0		309.846		
00:00:00:250		1.54786e+07		0.17284		2.83572		530.217		6.96468e+06		699.397			00:00:00:250		6.7435e+06		100.069		36.3834		0		0		309.846		
00:00:00:149		1.54785e+07		0.17284		2.83572		530.221		6.96484e+06		526.823			00:00:00:149		6.83116e+06		100.069		36.3837		0		0		309.846		
00:00:00:050		1.54785e+07		0.17284		2.83567		530.223		6.96484e+06		526.826			00:00:00:050		6.83115e+06		100.069		36.3837		0		0		309.846		
00:00:00:000		1.54785e+07		0.17284		2.83571		530.225		6.96483e+06		526.826			00:00:00:000		6.83115e+06		100.069		36.3837		0		0		309.846		
00:00:00:000		1.54785e+07		0.17284		2.83571		530.225		6.96483e+06		526.826			00:00:00:000		6.83115e+06		100.069		36.3837		0		0		309.846		
00:00:00:000		1.54785e+07		0.17284		2.83571		530.225		6.96483e+06		526.826			00:00:00:000		6.83115e+06		100.069		36.3837		0		0		309.846		
00:00:00:000		1.54785e+07		0.17284		2.83571		530.225		6.96483e+06		526.826			00:00:00:000		6.83115e+06		100.069		36.3837		0		0		309.846		
00:00:00:000		1.54785e+07		0.17284		2.83571		530.225		6.96483e+06		526.826			00:00:00:000		6.83115e+06		100.069		36.3837		0		0		309.846		
00:00:00:000		1.54785e+07		0.17284		2.83571		530.225		6.96483e+06		526.826			00:00:00:000		6.83115e+06		100.069		36.3837		0		0		309.846		
