	time 		gpv001pnt10113ppntm	evf507ety101mpzoyout	chtcon(1)	chavg(1)	chlhsumpa	rcptavgn			time 		rcpppzr	rcp054rcp007mnzoyout	rcv501std0102fvol	fwfrcp001gv	rcppmssga	msfsg(1)	
00:01:03:799		1.49117e+06		302.884		130.744		0		3		264.971			00:01:03:799		1.01574e+07		-5.8595		0		0		2.72266e+06		556.712		
00:01:03:700		1.49118e+06		302.504		130.722		0		3		265.022			00:01:03:700		1.01684e+07		-5.86003		0		0		2.72509e+06		557.959		
00:01:03:600		1.49118e+06		302.504		130.722		0		3		265.074			00:01:03:600		1.01793e+07		-5.8604		0		0		2.72781e+06		558.668		
00:01:03:399		1.4912e+06		302.121		130.699		0		3		265.172			00:01:03:399		1.02009e+07		-5.86058		0		0		2.72788e+06		556.194		
00:01:03:399		1.4912e+06		302.121		130.699		0		3		265.172			00:01:03:399		1.02009e+07		-5.86058		0		0		2.72788e+06		556.194		
00:01:03:299		1.49121e+06		302.121		130.699		0		3		265.215			00:01:03:299		1.02117e+07		-5.86033		0		0		2.73113e+06		557.025		
00:01:03:200		1.49122e+06		301.737		130.676		0		3		265.261			00:01:03:200		1.02225e+07		-5.85982		0		0		2.73558e+06		557.924		
00:01:03:000		1.49123e+06		301.351		130.676		0		3		265.356			00:01:03:000		1.0244e+07		-5.85801		0		0		2.74507e+06		560.501		
00:01:03:000		1.49123e+06		301.351		130.676		0		3		265.356			00:01:03:000		1.0244e+07		-5.85801		0		0		2.74507e+06		560.501		
00:01:02:899		1.49124e+06		301.351		130.654		0		3		265.406			00:01:02:899		1.02546e+07		-5.8567		0		0		2.74983e+06		562.095		
00:01:02:799		1.49125e+06		301.351		130.654		0		3		265.458			00:01:02:799		1.02651e+07		-5.85513		0		0		2.75386e+06		563.118		
00:01:02:700		1.49126e+06		300.965		130.631		0		3		265.511			00:01:02:700		1.02756e+07		-5.85332		0		0		2.75656e+06		564.036		
00:01:02:500		1.49128e+06		300.577		130.631		0		3		265.616			00:01:02:500		1.02965e+07		-5.84914		0		0		2.76044e+06		564.093		
00:01:02:399		1.49129e+06		300.577		130.607		0		3		265.666			00:01:02:399		1.03069e+07		-5.84686		0		0		2.76019e+06		562.548		
00:01:02:399		1.49129e+06		300.577		130.607		0		3		265.666			00:01:02:399		1.03069e+07		-5.84686		0		0		2.76019e+06		562.548		
00:01:02:250		1.4913e+06		300.187		130.607		0		3		265.736			00:01:02:250		1.03224e+07		-5.84336		0		0		2.76429e+06		563.765		
00:01:02:200		1.4913e+06		300.187		130.584		0		3		265.76			00:01:02:200		1.03276e+07		-5.8422		0		0		2.76685e+06		564.374		
00:01:02:049		1.49132e+06		300.187		130.584		0		3		265.834			00:01:02:049		1.03431e+07		-5.83887		0		0		2.77421e+06		566.391		
00:01:01:950		1.49132e+06		299.796		130.561		0		3		265.886			00:01:01:950		1.03534e+07		-5.83686		0		0		2.77876e+06		567.746		
00:01:01:850		1.49133e+06		299.796		130.561		0		3		265.939			00:01:01:850		1.03636e+07		-5.83511		0		0		2.78278e+06		569.026		
00:01:01:750		1.49134e+06		299.402		130.561		0		3		265.993			00:01:01:750		1.03737e+07		-5.83362		0		0		2.78597e+06		569.981		
00:01:01:649		1.49135e+06		299.402		130.537		0		3		266.047			00:01:01:649		1.03837e+07		-5.83212		0		0		2.78844e+06		570.79		
00:01:01:500		1.49136e+06		299.006		130.537		0		3		266.128			00:01:01:500		1.03987e+07		-5.82975		0		0		2.79018e+06		569.68		
00:01:01:500		1.49136e+06		299.006		130.537		0		3		266.128			00:01:01:500		1.03987e+07		-5.82975		0		0		2.79018e+06		569.68		
00:01:01:350		1.49137e+06		299.006		130.513		0		3		266.204			00:01:01:350		1.04136e+07		-5.82725		0		0		2.79124e+06		568.837		
00:01:01:250		1.49138e+06		298.611		130.513		0		3		266.252			00:01:01:250		1.04236e+07		-5.82551		0		0		2.79588e+06		570.428		
00:01:01:149		1.49139e+06		298.611		130.49		0		3		266.304			00:01:01:149		1.04335e+07		-5.8237		0		0		2.80114e+06		571.845		
00:01:01:049		1.4914e+06		298.611		130.49		0		3		266.358			00:01:01:049		1.04433e+07		-5.82184		0		0		2.80572e+06		573.005		
00:01:00:950		1.49141e+06		298.214		130.467		0		3		266.412			00:01:00:950		1.04531e+07		-5.81991		0		0		2.8097e+06		574.469		
00:01:00:850		1.49142e+06		298.214		130.467		0		3		266.467			00:01:00:850		1.04629e+07		-5.81792		0		0		2.81337e+06		575.464		
00:01:00:750		1.49143e+06		297.815		130.467		0		3		266.523			00:01:00:750		1.04726e+07		-5.81587		0		0		2.81573e+06		575.988		
00:01:00:649		1.49143e+06		297.815		130.444		0		3		266.578			00:01:00:649		1.04822e+07		-5.81376		0		0		2.81743e+06		576.408		
00:01:00:549		1.49144e+06		297.815		130.444		0		3		266.633			00:01:00:549		1.04918e+07		-5.81158		0		0		2.81869e+06		575.177		
00:01:00:450		1.49145e+06		297.414		130.422		0		3		266.687			00:01:00:450		1.05015e+07		-5.80934		0		0		2.81899e+06		574.256		
00:01:00:350		1.49146e+06		297.414		130.422		0		3		266.737			00:01:00:350		1.05111e+07		-5.80704		0		0		2.82237e+06		575.813		
00:01:00:250		1.49147e+06		297.011		130.422		0		3		266.79			00:01:00:250		1.05207e+07		-5.80468		0		0		2.82815e+06		577.337		
00:01:00:149		1.49148e+06		297.011		130.4		0		3		266.845			00:01:00:149		1.05302e+07		-5.80226		0		0		2.83272e+06		578.38		
00:01:00:049		1.49149e+06		297.011		130.4		0		3		266.9			00:01:00:049		1.05397e+07		-5.79977		0		0		2.83664e+06		579.949		
00:01:00:000		1.49149e+06		296.608		130.4		0		3		266.929			00:01:00:000		1.05444e+07		-5.7985		0		0		2.83873e+06		580.627		
00:00:59:899		1.4915e+06		296.608		130.379		0		3		266.986			00:00:59:899		1.05539e+07		-5.79593		0		0		2.84184e+06		581.08		
00:00:59:750		1.49151e+06		296.202		130.379		0		3		267.07			00:00:59:750		1.05679e+07		-5.79195		0		0		2.84449e+06		581.821		
00:00:59:649		1.49152e+06		296.202		130.358		0		3		267.126			00:00:59:649		1.05773e+07		-5.78922		0		0		2.8464e+06		581.104		
00:00:59:549		1.49153e+06		296.202		130.358		0		3		267.181			00:00:59:549		1.05866e+07		-5.78644		0		0		2.84699e+06		580.197		
00:00:59:450		1.49154e+06		295.796		130.337		0		3		267.235			00:00:59:450		1.05959e+07		-5.7836		0		0		2.8499e+06		581.374		
00:00:59:450		1.49154e+06		295.796		130.337		0		3		267.235			00:00:59:450		1.05959e+07		-5.7836		0		0		2.8499e+06		581.374		
00:00:59:250		1.49155e+06		295.389		130.337		0		3		267.344			00:00:59:250		1.06145e+07		-5.77776		0		0		2.85976e+06		583.762		
00:00:59:250		1.49155e+06		295.389		130.337		0		3		267.344			00:00:59:250		1.06145e+07		-5.77776		0		0		2.85976e+06		583.762		
00:00:59:149		1.49156e+06		295.389		130.317		0		3		267.401			00:00:59:149		1.06237e+07		-5.77476		0		0		2.86343e+06		585.026		
00:00:59:049		1.49157e+06		295.389		130.317		0		3		267.458			00:00:59:049		1.06329e+07		-5.77171		0		0		2.86754e+06		586.431		
00:00:58:950		1.49158e+06		294.98		130.298		0		3		267.517			00:00:58:950		1.06421e+07		-5.76862		0		0		2.87051e+06		586.886		
00:00:58:850		1.49159e+06		294.98		130.298		0		3		267.574			00:00:58:850		1.06512e+07		-5.76547		0		0		2.87217e+06		586.771		
00:00:58:750		1.4916e+06		294.569		130.298		0		3		267.63			00:00:58:750		1.06603e+07		-5.76228		0		0		2.87435e+06		588.08		
00:00:58:649		1.4916e+06		294.569		130.279		0		3		267.688			00:00:58:649		1.06694e+07		-5.75905		0		0		2.87698e+06		587.634		
00:00:58:450		1.49162e+06		294.157		130.26		0		3		267.8			00:00:58:450		1.06876e+07		-5.75241		0		0		2.88e+06		587.531		
00:00:58:450		1.49162e+06		294.157		130.26		0		3		267.8			00:00:58:450		1.06876e+07		-5.75241		0		0		2.88e+06		587.531		
00:00:58:350		1.49163e+06		294.157		130.26		0		3		267.856			00:00:58:350		1.06966e+07		-5.74902		0		0		2.88482e+06		589.176		
00:00:58:250		1.49164e+06		293.744		130.26		0		3		267.913			00:00:58:250		1.07055e+07		-5.74559		0		0		2.88906e+06		589.695		
00:00:58:149		1.49165e+06		293.744		130.242		0		3		267.971			00:00:58:149		1.07144e+07		-5.74212		0		0		2.89235e+06		590.609		
00:00:58:049		1.49166e+06		293.744		130.242		0		3		268.029			00:00:58:049		1.07232e+07		-5.73859		0		0		2.89637e+06		592.097		
00:00:57:950		1.49166e+06		293.33		130.224		0		3		268.088			00:00:57:950		1.0732e+07		-5.73503		0		0		2.89994e+06		593.135		
00:00:57:850		1.49167e+06		293.33		130.224		0		3		268.148			00:00:57:850		1.07407e+07		-5.73141		0		0		2.9025e+06		593.323		
00:00:57:750		1.49168e+06		292.913		130.224		0		3		268.205			00:00:57:750		1.07494e+07		-5.72775		0		0		2.90366e+06		593.513		
00:00:57:649		1.49169e+06		292.913		130.208		0		3		268.262			00:00:57:649		1.07581e+07		-5.72404		0		0		2.90631e+06		594.424		
00:00:57:450		1.49171e+06		292.496		130.191		0		3		268.376			00:00:57:450		1.07755e+07		-5.71648		0		0		2.90908e+06		593.38		
00:00:57:450		1.49171e+06		292.496		130.191		0		3		268.376			00:00:57:450		1.07755e+07		-5.71648		0		0		2.90908e+06		593.38		
00:00:57:350		1.49171e+06		292.496		130.191		0		3		268.432			00:00:57:350		1.07841e+07		-5.71263		0		0		2.91258e+06		594.738		
00:00:57:250		1.49172e+06		292.078		130.191		0		3		268.489			00:00:57:250		1.07927e+07		-5.70874		0		0		2.9171e+06		595.541		
00:00:57:149		1.49173e+06		292.078		130.175		0		3		268.545			00:00:57:149		1.08013e+07		-5.70479		0		0		2.92033e+06		596.099		
00:00:57:000		1.49174e+06		291.658		130.175		0		3		268.63			00:00:57:000		1.08141e+07		-5.6988		0		0		2.9261e+06		598.038		
00:00:56:899		1.49175e+06		291.658		130.16		0		3		268.687			00:00:56:899		1.08226e+07		-5.69474		0		0		2.92936e+06		598.786		
00:00:56:799		1.49176e+06		291.658		130.16		0		3		268.744			00:00:56:799		1.08311e+07		-5.69065		0		0		2.93217e+06		599.894		
00:00:56:700		1.49177e+06		291.237		130.146		0		3		268.8			00:00:56:700		1.08395e+07		-5.6865		0		0		2.93448e+06		599.963		
00:00:56:600		1.49178e+06		291.237		130.146		0		3		268.854			00:00:56:600		1.0848e+07		-5.6823		0		0		2.93581e+06		600.608		
00:00:56:399		1.4918e+06		290.815		130.132		0		3		268.962			00:00:56:399		1.08648e+07		-5.67376		0		0		2.93825e+06		599.504		
00:00:56:399		1.4918e+06		290.815		130.132		0		3		268.962			00:00:56:399		1.08648e+07		-5.67376		0		0		2.93825e+06		599.504		
00:00:56:299		1.4918e+06		290.815		130.132		0		3		269.016			00:00:56:299		1.08733e+07		-5.66941		0		0		2.94058e+06		600.11		
00:00:56:200		1.49181e+06		290.39		130.119		0		3		269.069			00:00:56:200		1.08817e+07		-5.66501		0		0		2.94465e+06		601.281		
00:00:56:100		1.49182e+06		290.39		130.119		0		3		269.122			00:00:56:100		1.08901e+07		-5.66055		0		0		2.94843e+06		602.084		
00:00:56:000		1.49183e+06		289.967		130.119		0		3		269.175			00:00:56:000		1.08986e+07		-5.65603		0		0		2.95218e+06		603.391		
00:00:55:899		1.49184e+06		289.967		130.106		0		3		269.228			00:00:55:899		1.0907e+07		-5.65146		0		0		2.95556e+06		604.029		
00:00:55:799		1.49185e+06		289.967		130.106		0		3		269.28			00:00:55:799		1.09155e+07		-5.64683		0		0		2.95801e+06		604.271		
00:00:55:750		1.49185e+06		289.541		130.106		0		3		269.306			00:00:55:750		1.09198e+07		-5.64449		0		0		2.95908e+06		604.361		
00:00:55:500		1.49187e+06		289.114		130.095		0		3		269.437			00:00:55:500		1.09411e+07		-5.6326		0		0		2.96642e+06		606.958		
00:00:55:399		1.49188e+06		289.114		130.084		0		3		269.489			00:00:55:399		1.09495e+07		-5.62775		0		0		2.96955e+06		607.316		
00:00:55:399		1.49188e+06		289.114		130.084		0		3		269.489			00:00:55:399		1.09495e+07		-5.62775		0		0		2.96955e+06		607.316		
00:00:55:299		1.49189e+06		289.114		130.084		0		3		269.539			00:00:55:299		1.09579e+07		-5.62284		0		0		2.97038e+06		606.714		
00:00:55:200		1.4919e+06		288.685		130.074		0		3		269.592			00:00:55:200		1.09664e+07		-5.61789		0		0		2.97155e+06		606.448		
00:00:55:100		1.49191e+06		288.685		130.074		0		3		269.645			00:00:55:100		1.09747e+07		-5.61288		0		0		2.97418e+06		607.081		
00:00:55:000		1.49191e+06		288.257		130.074		0		3		269.698			00:00:55:000		1.09831e+07		-5.60783		0		0		2.97819e+06		608.18		
00:00:54:899		1.49192e+06		288.257		130.064		0		3		269.751			00:00:54:899		1.09913e+07		-5.60273		0		0		2.98187e+06		609.308		
00:00:54:799		1.49193e+06		288.257		130.064		0		3		269.805			00:00:54:799		1.09996e+07		-5.59758		0		0		2.98577e+06		610.767		
00:00:54:700		1.49194e+06		287.826		130.056		0		3		269.859			00:00:54:700		1.10077e+07		-5.59239		0		0		2.98854e+06		611.127		
00:00:54:600		1.49195e+06		287.826		130.056		0		3		269.913			00:00:54:600		1.10158e+07		-5.58714		0		0		2.99028e+06		611.95		
00:00:54:500		1.49196e+06		287.394		130.056		0		3		269.966			00:00:54:500		1.10239e+07		-5.58186		0		0		2.99223e+06		612.246		
00:00:54:399		1.49197e+06		287.394		130.049		0		3		270.019			00:00:54:399		1.10319e+07		-5.57653		0		0		2.99271e+06		611.2		
00:00:54:299		1.49197e+06		287.394		130.049		0		3		270.072			00:00:54:299		1.10399e+07		-5.57116		0		0		2.99353e+06		611.142		
00:00:54:200		1.49198e+06		286.96		130.042		0		3		270.125			00:00:54:200		1.10479e+07		-5.56575		0		0		2.99621e+06		611.454		
00:00:54:100		1.49199e+06		286.96		130.042		0		3		270.178			00:00:54:100		1.10558e+07		-5.56029		0		0		2.99933e+06		612.374		
00:00:54:000		1.492e+06		286.526		130.042		0		3		270.232			00:00:54:000		1.10637e+07		-5.55478		0		0		3.00323e+06		613.304		
00:00:53:850		1.49201e+06		286.526		130.037		0		3		270.312			00:00:53:850		1.10753e+07		-5.54645		0		0		3.00853e+06		615.498		
00:00:53:750		1.49202e+06		286.091		130.037		0		3		270.368			00:00:53:750		1.10829e+07		-5.54083		0		0		3.01239e+06		617.189		
00:00:53:649		1.49203e+06		286.091		130.032		0		3		270.426			00:00:53:649		1.10905e+07		-5.53517		0		0		3.01449e+06		617.822		
00:00:53:549		1.49204e+06		286.091		130.032		0		3		270.483			00:00:53:549		1.1098e+07		-5.52945		0		0		3.01416e+06		617.014		
00:00:53:450		1.49205e+06		285.653		130.029		0		3		270.54			00:00:53:450		1.11055e+07		-5.52367		0		0		3.01319e+06		615.711		
00:00:53:450		1.49205e+06		285.653		130.029		0		3		270.54			00:00:53:450		1.11055e+07		-5.52367		0		0		3.01319e+06		615.711		
00:00:53:350		1.49205e+06		285.653		130.029		0		3		270.59			00:00:53:350		1.1113e+07		-5.51784		0		0		3.0128e+06		615.179		
00:00:53:149		1.49207e+06		285.214		130.027		0		3		270.699			00:00:53:149		1.1128e+07		-5.50599		0		0		3.01719e+06		614.799		
00:00:53:149		1.49207e+06		285.214		130.027		0		3		270.699			00:00:53:149		1.1128e+07		-5.50599		0		0		3.01719e+06		614.799		
00:00:53:049		1.49208e+06		285.214		130.027		0		3		270.749			00:00:53:049		1.11355e+07		-5.49998		0		0		3.01981e+06		613.829		
00:00:52:950		1.49209e+06		284.772		130.025		0		3		270.791			00:00:52:950		1.1143e+07		-5.4939		0		0		3.02451e+06		615.386		
00:00:52:850		1.4921e+06		284.772		130.025		0		3		270.836			00:00:52:850		1.11507e+07		-5.48775		0		0		3.03241e+06		617.442		
00:00:52:649		1.49211e+06		284.329		130.025		0		3		270.928			00:00:52:649		1.11661e+07		-5.47527		0		0		3.04639e+06		620.797		
00:00:52:649		1.49211e+06		284.329		130.025		0		3		270.928			00:00:52:649		1.11661e+07		-5.47527		0		0		3.04639e+06		620.797		
00:00:52:450		1.49213e+06		283.884		130.027		0		3		271.021			00:00:52:450		1.11815e+07		-5.46248		0		0		3.05832e+06		624.34		
00:00:52:450		1.49213e+06		283.884		130.027		0		3		271.021			00:00:52:450		1.11815e+07		-5.46248		0		0		3.05832e+06		624.34		
00:00:52:350		1.49214e+06		283.884		130.027		0		3		271.071			00:00:52:350		1.11892e+07		-5.45598		0		0		3.06426e+06		627.544		
00:00:52:250		1.49215e+06		283.439		130.027		0		3		271.12			00:00:52:250		1.11969e+07		-5.44941		0		0		3.06903e+06		628.461		
00:00:52:149		1.49216e+06		283.439		130.029		0		3		271.168			00:00:52:149		1.12046e+07		-5.44277		0		0		3.0687e+06		626.364		
00:00:52:000		1.49217e+06		282.993		130.029		0		3		271.24			00:00:52:000		1.1216e+07		-5.4327		0		0		3.06981e+06		626.543		
00:00:51:950		1.49217e+06		282.993		130.033		0		3		271.265			00:00:51:950		1.12198e+07		-5.42931		0		0		3.07135e+06		626.979		
00:00:51:850		1.49218e+06		282.993		130.033		0		3		271.315			00:00:51:850		1.12274e+07		-5.42249		0		0		3.07511e+06		628.558		
00:00:51:750		1.49219e+06		282.546		130.033		0		3		271.365			00:00:51:750		1.12349e+07		-5.41562		0		0		3.0786e+06		629.381		
00:00:51:600		1.4922e+06		282.546		130.039		0		3		271.442			00:00:51:600		1.12461e+07		-5.40521		0		0		3.08244e+06		630.437		
00:00:51:399		1.49222e+06		282.097		130.046		0		3		271.544			00:00:51:399		1.12609e+07		-5.39119		0		0		3.0843e+06		629.409		
00:00:51:399		1.49222e+06		282.097		130.046		0		3		271.544			00:00:51:399		1.12609e+07		-5.39119		0		0		3.0843e+06		629.409		
00:00:51:299		1.49223e+06		282.097		130.046		0		3		271.595			00:00:51:299		1.12682e+07		-5.38412		0		0		3.08722e+06		631.479		
00:00:51:200		1.49224e+06		281.647		130.055		0		3		271.646			00:00:51:200		1.12755e+07		-5.37703		0		0		3.09206e+06		634.194		
00:00:51:149		1.49224e+06		281.647		130.055		0		3		271.672			00:00:51:149		1.12791e+07		-5.37348		0		0		3.09367e+06		633.9		
00:00:51:049		1.49225e+06		281.647		130.055		0		3		271.725			00:00:51:049		1.12864e+07		-5.36636		0		0		3.09231e+06		630.798		
00:00:50:950		1.49226e+06		281.194		130.066		0		3		271.774			00:00:50:950		1.12936e+07		-5.35922		0		0		3.09097e+06		630.548		
00:00:50:850		1.49227e+06		281.194		130.066		0		3		271.82			00:00:50:850		1.13009e+07		-5.35207		0		0		3.09417e+06		631.183		
00:00:50:700		1.49228e+06		280.741		130.078		0		3		271.897			00:00:50:700		1.13118e+07		-5.34133		0		0		3.1e+06		631.856		
00:00:50:500		1.4923e+06		280.283		130.078		0		3		271.993			00:00:50:500		1.13262e+07		-5.32694		0		0		3.1081e+06		633.051		
00:00:50:399		1.49231e+06		280.283		130.091		0		3		272.037			00:00:50:399		1.13335e+07		-5.31971		0		0		3.11496e+06		634.859		
00:00:50:399		1.49231e+06		280.283		130.091		0		3		272.037			00:00:50:399		1.13335e+07		-5.31971		0		0		3.11496e+06		634.859		
00:00:50:299		1.49231e+06		280.283		130.091		0		3		272.081			00:00:50:299		1.13408e+07		-5.31245		0		0		3.12078e+06		635.812		
00:00:50:200		1.49232e+06		279.824		130.107		0		3		272.129			00:00:50:200		1.13481e+07		-5.30516		0		0		3.12612e+06		637.549		
00:00:50:100		1.49233e+06		279.824		130.107		0		3		272.18			00:00:50:100		1.13553e+07		-5.29784		0		0		3.13235e+06		641.008		
00:00:50:000		1.49234e+06		279.364		130.107		0		3		272.233			00:00:50:000		1.13624e+07		-5.29048		0		0		3.13838e+06		643.789		
00:00:49:899		1.49235e+06		279.364		130.124		0		3		272.287			00:00:49:899		1.13695e+07		-5.28308		0		0		3.13908e+06		640.64		
00:00:49:799		1.49236e+06		279.364		130.124		0		3		272.337			00:00:49:799		1.13767e+07		-5.27564		0		0		3.13593e+06		639.125		
00:00:49:700		1.49237e+06		278.901		130.143		0		3		272.382			00:00:49:700		1.13839e+07		-5.26815		0		0		3.13849e+06		639.932		
00:00:49:500		1.49238e+06		278.437		130.143		0		3		272.485			00:00:49:500		1.13982e+07		-5.25308		0		0		3.14716e+06		641.206		
00:00:49:399		1.49239e+06		278.437		130.164		0		3		272.535			00:00:49:399		1.14053e+07		-5.24549		0		0		3.15093e+06		641.091		
00:00:49:399		1.49239e+06		278.437		130.164		0		3		272.535			00:00:49:399		1.14053e+07		-5.24549		0		0		3.15093e+06		641.091		
00:00:49:299		1.4924e+06		278.437		130.164		0		3		272.579			00:00:49:299		1.14125e+07		-5.23786		0		0		3.15584e+06		642.719		
00:00:49:200		1.49241e+06		277.97		130.186		0		3		272.623			00:00:49:200		1.14197e+07		-5.23019		0		0		3.16274e+06		644.3		
00:00:49:100		1.49242e+06		277.97		130.186		0		3		272.668			00:00:49:100		1.14269e+07		-5.22248		0		0		3.16847e+06		645.161		
00:00:49:000		1.49242e+06		277.501		130.186		0		3		272.716			00:00:49:000		1.14341e+07		-5.21473		0		0		3.17403e+06		647.062		
00:00:48:899		1.49243e+06		277.501		130.211		0		3		272.768			00:00:48:899		1.14413e+07		-5.20695		0		0		3.18103e+06		651.568		
00:00:48:750		1.49245e+06		277.031		130.211		0		3		272.849			00:00:48:750		1.1452e+07		-5.19522		0		0		3.18796e+06		650.82		
00:00:48:649		1.49245e+06		277.031		130.238		0		3		272.902			00:00:48:649		1.14591e+07		-5.18735		0		0		3.18459e+06		648.63		
00:00:48:549		1.49246e+06		277.031		130.238		0		3		272.948			00:00:48:549		1.14662e+07		-5.17943		0		0		3.18519e+06		649.155		
00:00:48:450		1.49247e+06		276.559		130.267		0		3		272.995			00:00:48:450		1.14733e+07		-5.17147		0		0		3.1898e+06		650.217		
00:00:48:350		1.49248e+06		276.559		130.267		0		3		273.046			00:00:48:350		1.14805e+07		-5.16346		0		0		3.19457e+06		650.947		
00:00:48:250		1.49249e+06		276.085		130.267		0		3		273.097			00:00:48:250		1.14876e+07		-5.15541		0		0		3.19882e+06		650.989		
00:00:48:149		1.4925e+06		276.085		130.299		0		3		273.144			00:00:48:149		1.14948e+07		-5.14732		0		0		3.20327e+06		651.914		
00:00:48:149		1.4925e+06		276.085		130.299		0		3		273.144			00:00:48:149		1.14948e+07		-5.14732		0		0		3.20327e+06		651.914		
00:00:48:049		1.49251e+06		276.085		130.299		0		3		273.187			00:00:48:049		1.15019e+07		-5.13918		0		0		3.2097e+06		653.718		
00:00:47:950		1.49251e+06		275.609		130.332		0		3		273.231			00:00:47:950		1.15091e+07		-5.131		0		0		3.21599e+06		654.728		
00:00:47:850		1.49252e+06		275.609		130.332		0		3		273.28			00:00:47:850		1.15163e+07		-5.1228		0		0		3.22162e+06		656.421		
00:00:47:750		1.49253e+06		275.132		130.332		0		3		273.331			00:00:47:750		1.15235e+07		-5.11456		0		0		3.22847e+06		660.807		
00:00:47:649		1.49254e+06		275.132		130.368		0		3		273.385			00:00:47:649		1.15307e+07		-5.1063		0		0		3.23536e+06		663.136		
00:00:47:450		1.49256e+06		274.652		130.407		0		3		273.49			00:00:47:450		1.15449e+07		-5.08971		0		0		3.23214e+06		658.016		
00:00:47:450		1.49256e+06		274.652		130.407		0		3		273.49			00:00:47:450		1.15449e+07		-5.08971		0		0		3.23214e+06		658.016		
00:00:47:350		1.49256e+06		274.652		130.407		0		3		273.534			00:00:47:350		1.15521e+07		-5.08138		0		0		3.23495e+06		659.031		
00:00:47:250		1.49257e+06		274.169		130.407		0		3		273.582			00:00:47:250		1.15593e+07		-5.07303		0		0		3.24012e+06		660.165		
00:00:47:149		1.49258e+06		274.169		130.448		0		3		273.632			00:00:47:149		1.15666e+07		-5.06468		0		0		3.24507e+06		660.807		
00:00:46:950		1.4926e+06		273.686		130.492		0		3		273.726			00:00:46:950		1.15811e+07		-5.04796		0		0		3.2548e+06		662.413		
00:00:46:850		1.49261e+06		273.686		130.492		0		3		273.77			00:00:46:850		1.15883e+07		-5.03958		0		0		3.26138e+06		663.887		
00:00:46:850		1.49261e+06		273.686		130.492		0		3		273.77			00:00:46:850		1.15883e+07		-5.03958		0		0		3.26138e+06		663.887		
00:00:46:750		1.49262e+06		273.199		130.492		0		3		273.818			00:00:46:750		1.15956e+07		-5.0312		0		0		3.26748e+06		665.201		
00:00:46:649		1.49262e+06		273.199		130.539		0		2.99853		273.869			00:00:46:649		1.16029e+07		-5.02281		0		0		3.27399e+06		668.911		
00:00:46:399		1.49265e+06		272.712		130.588		0		2.98399		274.005			00:00:46:399		1.16209e+07		-5.00175		0		0		3.28236e+06		669		
00:00:46:399		1.49265e+06		272.712		130.588		0		2.98399		274.005			00:00:46:399		1.16209e+07		-5.00175		0		0		3.28236e+06		669		
00:00:46:350		1.49265e+06		272.712		130.588		0		2.98399		274.031			00:00:46:350		1.16245e+07		-4.99751		0		0		3.28044e+06		667.683		
00:00:46:250		1.49266e+06		272.223		130.588		0		2.98399		274.078			00:00:46:250		1.16317e+07		-4.98902		0		0		3.28058e+06		667.855		
00:00:46:149		1.49267e+06		272.223		130.641		0		2.96942		274.123			00:00:46:149		1.16389e+07		-4.98048		0		0		3.28575e+06		669.081		
00:00:46:049		1.49268e+06		272.223		130.641		0		2.96942		274.17			00:00:46:049		1.16461e+07		-4.97191		0		0		3.29122e+06		669.971		
00:00:45:950		1.49268e+06		271.73		130.697		0		2.95481		274.218			00:00:45:950		1.16534e+07		-4.96331		0		0		3.29629e+06		670.472		
00:00:45:700		1.49271e+06		271.238		130.756		0		2.94015		274.334			00:00:45:700		1.16717e+07		-4.94168		0		0		3.31185e+06		674.168		
00:00:45:700		1.49271e+06		271.238		130.756		0		2.94015		274.334			00:00:45:700		1.16717e+07		-4.94168		0		0		3.31185e+06		674.168		
00:00:45:600		1.49271e+06		271.238		130.756		0		2.94015		274.383			00:00:45:600		1.1679e+07		-4.93298		0		0		3.31836e+06		676.455		
00:00:45:399		1.49273e+06		270.741		130.819		0		2.9255		274.491			00:00:45:399		1.16934e+07		-4.91554		0		0		3.33203e+06		682.254		
00:00:45:399		1.49273e+06		270.741		130.819		0		2.9255		274.491			00:00:45:399		1.16934e+07		-4.91554		0		0		3.33203e+06		682.254		
00:00:45:299		1.49274e+06		270.741		130.819		0		2.9255		274.546			00:00:45:299		1.17006e+07		-4.90678		0		0		3.32965e+06		678.636		
00:00:45:200		1.49275e+06		270.243		130.885		0		2.91081		274.597			00:00:45:200		1.17077e+07		-4.89799		0		0		3.32708e+06		676.644		
00:00:45:100		1.49276e+06		270.243		130.885		0		2.91081		274.64			00:00:45:100		1.17149e+07		-4.88916		0		0		3.32993e+06		677.771		
00:00:45:000		1.49276e+06		269.744		130.885		0		2.91081		274.687			00:00:45:000		1.17222e+07		-4.88029		0		0		3.33578e+06		678.817		
00:00:44:899		1.49277e+06		269.744		130.955		0		2.89608		274.734			00:00:44:899		1.17295e+07		-4.87139		0		0		3.34136e+06		679.454		
00:00:44:799		1.49278e+06		269.744		130.955		0		2.89608		274.78			00:00:44:799		1.17368e+07		-4.86246		0		0		3.34692e+06		680.288		
00:00:44:700		1.49279e+06		269.241		131.029		0		2.88131		274.827			00:00:44:700		1.17442e+07		-4.8535		0		0		3.35355e+06		682.015		
00:00:44:500		1.49281e+06		268.737		131.029		0		2.88131		274.927			00:00:44:500		1.17588e+07		-4.83552		0		0		3.36833e+06		687.834		
00:00:44:399		1.49282e+06		268.737		131.106		0		2.86653		274.983			00:00:44:399		1.17661e+07		-4.82651		0		0		3.37638e+06		692.152		
00:00:44:399		1.49282e+06		268.737		131.106		0		2.86653		274.983			00:00:44:399		1.17661e+07		-4.82651		0		0		3.37638e+06		692.152		
00:00:44:299		1.49282e+06		268.737		131.106		0		2.86653		275.038			00:00:44:299		1.17733e+07		-4.81748		0		0		3.37936e+06		690.572		
00:00:44:200		1.49283e+06		268.23		131.188		0		2.85173		275.092			00:00:44:200		1.17805e+07		-4.80841		0		0		3.37565e+06		687.29		
00:00:44:100		1.49284e+06		268.23		131.188		0		2.85173		275.142			00:00:44:100		1.17877e+07		-4.79931		0		0		3.3746e+06		686.243		
00:00:44:000		1.49285e+06		267.723		131.188		0		2.85173		275.185			00:00:44:000		1.1795e+07		-4.79016		0		0		3.37899e+06		687.444		
00:00:43:899		1.49286e+06		267.723		131.273		0		2.83688		275.232			00:00:43:899		1.18023e+07		-4.78098		0		0		3.38476e+06		688.292		
00:00:43:799		1.49287e+06		267.723		131.273		0		2.83688		275.278			00:00:43:799		1.18096e+07		-4.77179		0		0		3.39058e+06		688.986		
00:00:43:700		1.49288e+06		267.213		131.362		0		2.82199		275.325			00:00:43:700		1.18169e+07		-4.76258		0		0		3.39678e+06		690.084		
00:00:43:600		1.49288e+06		267.213		131.362		0		2.82199		275.373			00:00:43:600		1.18242e+07		-4.75333		0		0		3.40423e+06		692.182		
00:00:43:500		1.49289e+06		266.701		131.362		0		2.82199		275.424			00:00:43:500		1.18315e+07		-4.74407		0		0		3.4124e+06		695.413		
00:00:43:399		1.4929e+06		266.701		131.456		0		2.80708		275.478			00:00:43:399		1.18388e+07		-4.73479		0		0		3.42109e+06		700.627		
00:00:43:299		1.49291e+06		266.701		131.456		0		2.80708		275.534			00:00:43:299		1.1846e+07		-4.72552		0		0		3.42693e+06		701.257		
00:00:43:200		1.49292e+06		266.188		131.554		0		2.79216		275.589			00:00:43:200		1.18532e+07		-4.71625		0		0		3.42466e+06		698.161		
00:00:43:049		1.49293e+06		266.188		131.554		0		2.79216		275.666			00:00:43:049		1.1864e+07		-4.70227		0		0		3.42263e+06		695.752		
00:00:42:950		1.49294e+06		265.672		131.656		0		2.77719		275.712			00:00:42:950		1.18712e+07		-4.69289		0		0		3.42744e+06		697.146		
00:00:42:850		1.49295e+06		265.672		131.656		0		2.77719		275.759			00:00:42:850		1.18785e+07		-4.68349		0		0		3.43349e+06		697.817		
00:00:42:750		1.49296e+06		265.154		131.656		0		2.77719		275.806			00:00:42:750		1.18858e+07		-4.67409		0		0		3.43931e+06		698.47		
00:00:42:750		1.49296e+06		265.154		131.656		0		2.77719		275.806			00:00:42:750		1.18858e+07		-4.67409		0		0		3.43931e+06		698.47		
00:00:42:649		1.49296e+06		265.154		131.763		0		2.76217		275.854			00:00:42:649		1.18932e+07		-4.66467		0		0		3.44606e+06		699.827		
00:00:42:450		1.49298e+06		264.633		131.875		0		2.74714		275.957			00:00:42:450		1.19079e+07		-4.64592		0		0		3.4637e+06		707.381		
00:00:42:450		1.49298e+06		264.633		131.875		0		2.74714		275.957			00:00:42:450		1.19079e+07		-4.64592		0		0		3.4637e+06		707.381		
00:00:42:350		1.49299e+06		264.633		131.875		0		2.74714		276.013			00:00:42:350		1.19151e+07		-4.63667		0		0		3.4721e+06		711.337		
00:00:42:250		1.493e+06		264.109		131.875		0		2.74714		276.069			00:00:42:250		1.19222e+07		-4.62746		0		0		3.47422e+06		709.331		
00:00:42:149		1.49301e+06		264.109		131.991		0		2.73208		276.124			00:00:42:149		1.19292e+07		-4.61823		0		0		3.47105e+06		706.722		
00:00:42:049		1.49302e+06		264.109		131.991		0		2.73208		276.177			00:00:42:049		1.19362e+07		-4.60897		0		0		3.47045e+06		705.028		
00:00:41:950		1.49302e+06		263.585		132.113		0		2.71699		276.222			00:00:41:950		1.19432e+07		-4.59969		0		0		3.47429e+06		706.487		
00:00:41:850		1.49303e+06		263.585		132.113		0		2.71699		276.271			00:00:41:850		1.19503e+07		-4.5904		0		0		3.48085e+06		707.296		
00:00:41:600		1.49305e+06		263.06		132.24		0		2.70184		276.392			00:00:41:600		1.1968e+07		-4.56708		0		0		3.49763e+06		710.64		
00:00:41:600		1.49305e+06		263.06		132.24		0		2.70184		276.392			00:00:41:600		1.1968e+07		-4.56708		0		0		3.49763e+06		710.64		
00:00:41:399		1.49307e+06		262.534		132.372		0		2.68668		276.502			00:00:41:399		1.19823e+07		-4.54834		0		0		3.5169e+06		720.161		
00:00:41:399		1.49307e+06		262.534		132.372		0		2.68668		276.502			00:00:41:399		1.19823e+07		-4.54834		0		0		3.5169e+06		720.161		
00:00:41:299		1.49308e+06		262.534		132.372		0		2.68668		276.558			00:00:41:299		1.19894e+07		-4.53895		0		0		3.52097e+06		719.108		
00:00:41:200		1.49309e+06		262.006		132.508		0		2.6715		276.614			00:00:41:200		1.19965e+07		-4.52954		0		0		3.51815e+06		716.837		
00:00:41:100		1.4931e+06		262.006		132.508		0		2.6715		276.669			00:00:41:100		1.20036e+07		-4.5201		0		0		3.51753e+06		714.662		
00:00:41:000		1.4931e+06		261.476		132.508		0		2.6715		276.719			00:00:41:000		1.20107e+07		-4.51063		0		0		3.51961e+06		715.309		
00:00:40:899		1.49311e+06		261.476		132.648		0		2.65628		276.765			00:00:40:899		1.20178e+07		-4.50112		0		0		3.52626e+06		716.434		
00:00:40:799		1.49312e+06		261.476		132.648		0		2.65628		276.813			00:00:40:799		1.20249e+07		-4.49157		0		0		3.53258e+06		717.021		
00:00:40:700		1.49313e+06		260.943		132.793		0		2.641		276.863			00:00:40:700		1.20321e+07		-4.48198		0		0		3.5393e+06		718.318		
00:00:40:649		1.49313e+06		260.943		132.793		0		2.641		276.888			00:00:40:649		1.20356e+07		-4.47717		0		0		3.54332e+06		719.856		
00:00:40:450		1.49315e+06		260.409		132.942		0		2.62572		276.999			00:00:40:450		1.205e+07		-4.45791		0		0		3.5626e+06		729.224		
00:00:40:450		1.49315e+06		260.409		132.942		0		2.62572		276.999			00:00:40:450		1.205e+07		-4.45791		0		0		3.5626e+06		729.224		
00:00:40:350		1.49316e+06		260.409		132.942		0		2.62572		277.056			00:00:40:350		1.20573e+07		-4.44828		0		0		3.56583e+06		727.563		
00:00:40:200		1.49317e+06		259.873		133.096		0		2.6104		277.14			00:00:40:200		1.2068e+07		-4.43386		0		0		3.56338e+06		724.772		
00:00:40:100		1.49318e+06		259.873		133.096		0		2.6104		277.193			00:00:40:100		1.20751e+07		-4.42425		0		0		3.56421e+06		723.695		
00:00:40:000		1.49319e+06		259.336		133.096		0		2.6104		277.239			00:00:40:000		1.20823e+07		-4.41464		0		0		3.56918e+06		725.13		
00:00:39:899		1.4932e+06		259.336		133.253		0		2.59504		277.288			00:00:39:899		1.20894e+07		-4.40502		0		0		3.5762e+06		725.968		
00:00:39:799		1.49321e+06		259.336		133.253		0		2.59504		277.338			00:00:39:799		1.20965e+07		-4.39538		0		0		3.58307e+06		726.984		
00:00:39:700		1.49322e+06		258.796		133.414		0		2.57964		277.391			00:00:39:700		1.21037e+07		-4.38571		0		0		3.59141e+06		730.806		
00:00:39:500		1.49323e+06		258.254		133.414		0		2.57964		277.504			00:00:39:500		1.21181e+07		-4.36637		0		0		3.60932e+06		737.452		
00:00:39:399		1.49324e+06		258.254		133.579		0		2.56424		277.561			00:00:39:399		1.21253e+07		-4.35671		0		0		3.60784e+06		735.282		
00:00:39:399		1.49324e+06		258.254		133.579		0		2.56424		277.561			00:00:39:399		1.21253e+07		-4.35671		0		0		3.60784e+06		735.282		
00:00:39:299		1.49325e+06		258.254		133.579		0		2.56424		277.616			00:00:39:299		1.21324e+07		-4.34705		0		0		3.60733e+06		733.589		
00:00:39:200		1.49326e+06		257.71		133.748		0		2.54878		277.668			00:00:39:200		1.21394e+07		-4.33741		0		0		3.60868e+06		732.618		
00:00:39:100		1.49327e+06		257.71		133.748		0		2.54878		277.715			00:00:39:100		1.21464e+07		-4.32776		0		0		3.61398e+06		734.037		
00:00:39:000		1.49327e+06		257.164		133.748		0		2.54878		277.765			00:00:39:000		1.21534e+07		-4.3181		0		0		3.6214e+06		734.917		
00:00:38:850		1.49329e+06		257.164		133.92		0		2.53328		277.843			00:00:38:850		1.21639e+07		-4.30359		0		0		3.63314e+06		739.16		
00:00:38:799		1.49329e+06		257.164		133.92		0		2.53328		277.87			00:00:38:799		1.21674e+07		-4.29875		0		0		3.63828e+06		742.348		
00:00:38:649		1.4933e+06		256.616		134.096		0		2.51777		277.956			00:00:38:649		1.21779e+07		-4.2842		0		0		3.65107e+06		745.637		
00:00:38:450		1.49332e+06		256.066		134.277		0		2.50222		278.066			00:00:38:450		1.21921e+07		-4.2648		0		0		3.64988e+06		742.149		
00:00:38:350		1.49333e+06		256.066		134.277		0		2.50222		278.119			00:00:38:350		1.21991e+07		-4.25509		0		0		3.65158e+06		741.112		
00:00:38:350		1.49333e+06		256.066		134.277		0		2.50222		278.119			00:00:38:350		1.21991e+07		-4.25509		0		0		3.65158e+06		741.112		
00:00:38:350		1.49333e+06		256.066		134.277		0		2.50222		278.119			00:00:38:350		1.21991e+07		-4.25509		0		0		3.65158e+06		741.112		
00:00:38:250		1.49334e+06		255.513		134.277		0		2.50222		278.166			00:00:38:250		1.22061e+07		-4.24536		0		0		3.65715e+06		742.677		
00:00:38:049		1.49336e+06		255.513		134.461		0		2.48662		278.269			00:00:38:049		1.22202e+07		-4.22581		0		0		3.67312e+06		747.071		
00:00:37:950		1.49336e+06		254.958		134.649		0		2.47101		278.324			00:00:37:950		1.22273e+07		-4.21602		0		0		3.68352e+06		752.951		
00:00:37:950		1.49336e+06		254.958		134.649		0		2.47101		278.324			00:00:37:950		1.22273e+07		-4.21602		0		0		3.68352e+06		752.951		
00:00:37:850		1.49337e+06		254.958		134.649		0		2.47101		278.381			00:00:37:850		1.22344e+07		-4.20623		0		0		3.69112e+06		753.703		
00:00:37:750		1.49338e+06		254.4		134.649		0		2.47101		278.436			00:00:37:750		1.22414e+07		-4.19645		0		0		3.69029e+06		751.651		
00:00:37:649		1.49339e+06		254.4		134.842		0		2.45536		278.49			00:00:37:649		1.22485e+07		-4.18669		0		0		3.69056e+06		750.14		
00:00:37:450		1.49341e+06		253.84		135.039		0		2.43966		278.59			00:00:37:450		1.22626e+07		-4.16723		0		0		3.69892e+06		751.147		
00:00:37:450		1.49341e+06		253.84		135.039		0		2.43966		278.59			00:00:37:450		1.22626e+07		-4.16723		0		0		3.69892e+06		751.147		
00:00:37:350		1.49341e+06		253.84		135.039		0		2.43966		278.642			00:00:37:350		1.22697e+07		-4.15752		0		0		3.70747e+06		753.303		
00:00:37:250		1.49342e+06		253.277		135.039		0		2.43966		278.696			00:00:37:250		1.22769e+07		-4.14784		0		0		3.71675e+06		758.469		
00:00:37:149		1.49343e+06		253.277		135.241		0		2.42395		278.752			00:00:37:149		1.2284e+07		-4.13818		0		0		3.72608e+06		761.386		
00:00:37:049		1.49344e+06		253.277		135.241		0		2.42395		278.808			00:00:37:049		1.22911e+07		-4.12855		0		0		3.72794e+06		759.481		
00:00:36:950		1.49345e+06		252.712		135.446		0		2.4082		278.863			00:00:36:950		1.22982e+07		-4.11893		0		0		3.72757e+06		758.325		
00:00:36:750		1.49347e+06		252.145		135.446		0		2.4082		278.967			00:00:36:750		1.23124e+07		-4.09966		0		0		3.73406e+06		757.995		
00:00:36:750		1.49347e+06		252.145		135.446		0		2.4082		278.967			00:00:36:750		1.23124e+07		-4.09966		0		0		3.73406e+06		757.995		
00:00:36:649		1.49347e+06		252.145		135.657		0		2.3924		279.017			00:00:36:649		1.23195e+07		-4.08996		0		0		3.74288e+06		760.525		
00:00:36:450		1.49349e+06		251.575		135.872		0		2.37658		279.127			00:00:36:450		1.23338e+07		-4.07041		0		0		3.7614e+06		768.315		
00:00:36:450		1.49349e+06		251.575		135.872		0		2.37658		279.127			00:00:36:450		1.23338e+07		-4.07041		0		0		3.7614e+06		768.315		
00:00:36:350		1.4935e+06		251.575		135.872		0		2.37658		279.181			00:00:36:350		1.23409e+07		-4.06053		0		0		3.76346e+06		766.413		
00:00:36:200		1.49351e+06		251.002		136.092		0		2.36072		279.262			00:00:36:200		1.23516e+07		-4.04555		0		0		3.76445e+06		764.471		
00:00:36:100		1.49352e+06		251.002		136.092		0		2.36072		279.314			00:00:36:100		1.23586e+07		-4.03547		0		0		3.76788e+06		764.421		
00:00:36:049		1.49353e+06		251.002		136.092		0		2.36072		279.339			00:00:36:049		1.23622e+07		-4.0304		0		0		3.77104e+06		765.754		
00:00:35:950		1.49353e+06		250.428		136.316		0		2.34483		279.389			00:00:35:950		1.23693e+07		-4.0202		0		0		3.78041e+06		769.672		
00:00:35:850		1.49354e+06		250.428		136.316		0		2.34483		279.444			00:00:35:850		1.23764e+07		-4.00997		0		0		3.79015e+06		773.999		
00:00:35:750		1.49356e+06		249.851		136.545		0		2.32891		279.526			00:00:35:750		1.23871e+07		-3.99464		0		0		3.797e+06		773.111		
00:00:35:600		1.49356e+06		249.851		136.545		0		2.32891		279.579			00:00:35:600		1.23942e+07		-3.98451		0		0		3.7971e+06		771.922		
00:00:35:399		1.49358e+06		249.272		136.779		0		2.31294		279.683			00:00:35:399		1.24084e+07		-3.96466		0		0		3.80476e+06		772.269		
00:00:35:399		1.49358e+06		249.272		136.779		0		2.31294		279.683			00:00:35:399		1.24084e+07		-3.96466		0		0		3.80476e+06		772.269		
00:00:35:299		1.49359e+06		249.272		136.779		0		2.31294		279.734			00:00:35:299		1.24155e+07		-3.95499		0		0		3.81435e+06		776.188		
00:00:35:200		1.4936e+06		248.691		137.017		0		2.29695		279.79			00:00:35:200		1.24226e+07		-3.94552		0		0		3.82424e+06		780.79		
00:00:35:100		1.49361e+06		248.691		137.017		0		2.29695		279.845			00:00:35:100		1.24297e+07		-3.93624		0		0		3.83036e+06		780.587		
00:00:35:000		1.49361e+06		248.108		137.017		0		2.29695		279.9			00:00:35:000		1.24369e+07		-3.92713		0		0		3.83044e+06		779.035		
00:00:34:899		1.49362e+06		248.108		137.259		0		2.28092		279.955			00:00:34:899		1.2444e+07		-3.91814		0		0		3.83233e+06		777.775		
00:00:34:850		1.49363e+06		248.108		137.259		0		2.28092		280.008			00:00:34:850		1.24511e+07		-3.90921		0		0		3.83635e+06		778.098		
00:00:34:700		1.49364e+06		247.521		137.507		0		2.26485		280.059			00:00:34:700		1.24582e+07		-3.9003		0		0		3.84469e+06		781.839		
00:00:34:600		1.49365e+06		247.521		137.507		0		2.26485		280.115			00:00:34:600		1.24654e+07		-3.89137		0		0		3.85493e+06		786.541		
00:00:34:399		1.49367e+06		246.931		137.759		0		2.24875		280.225			00:00:34:399		1.24797e+07		-3.87335		0		0		3.86312e+06		785.741		
00:00:34:399		1.49367e+06		246.931		137.759		0		2.24875		280.225			00:00:34:399		1.24797e+07		-3.87335		0		0		3.86312e+06		785.741		
00:00:34:299		1.49367e+06		246.931		137.759		0		2.24875		280.279			00:00:34:299		1.24869e+07		-3.86423		0		0		3.86469e+06		784.578		
00:00:34:200		1.49368e+06		246.338		138.016		0		2.2326		280.332			00:00:34:200		1.2494e+07		-3.85502		0		0		3.86846e+06		784.2		
00:00:34:100		1.49369e+06		246.338		138.016		0		2.2326		280.384			00:00:34:100		1.25012e+07		-3.84571		0		0		3.87587e+06		787.506		
00:00:34:000		1.4937e+06		245.742		138.016		0		2.2326		280.438			00:00:34:000		1.25084e+07		-3.8363		0		0		3.8864e+06		792.23		
00:00:33:899		1.49371e+06		245.742		138.277		0		2.21644		280.495			00:00:33:899		1.25156e+07		-3.82683		0		0		3.89494e+06		794.268		
00:00:33:799		1.49372e+06		245.742		138.277		0		2.21644		280.55			00:00:33:799		1.25229e+07		-3.81728		0		0		3.89708e+06		792.703		
00:00:33:700		1.49373e+06		245.142		138.543		0		2.20022		280.605			00:00:33:700		1.25301e+07		-3.80766		0		0		3.89818e+06		791.53		
00:00:33:500		1.49374e+06		244.54		138.543		0		2.20022		280.713			00:00:33:500		1.25445e+07		-3.78823		0		0		3.90814e+06		793.587		
00:00:33:399		1.49375e+06		244.54		138.814		0		2.18397		280.766			00:00:33:399		1.25517e+07		-3.77842		0		0		3.9187e+06		798.249		
00:00:33:399		1.49375e+06		244.54		138.814		0		2.18397		280.766			00:00:33:399		1.25517e+07		-3.77842		0		0		3.9187e+06		798.249		
00:00:33:299		1.49376e+06		244.54		138.814		0		2.18397		280.823			00:00:33:299		1.25589e+07		-3.76857		0		0		3.92768e+06		800.85		
00:00:33:200		1.49377e+06		243.932		139.09		0		2.16769		280.88			00:00:33:200		1.25661e+07		-3.75867		0		0		3.93082e+06		799.513		
00:00:33:100		1.49378e+06		243.932		139.09		0		2.16769		280.935			00:00:33:100		1.25733e+07		-3.74873		0		0		3.93188e+06		798.491		
00:00:33:000		1.49378e+06		243.321		139.09		0		2.16769		280.99			00:00:33:000		1.25805e+07		-3.73876		0		0		3.93531e+06		797.633		
00:00:32:899		1.49379e+06		243.321		139.371		0		2.15136		281.044			00:00:32:899		1.25876e+07		-3.72875		0		0		3.94123e+06		799.636		
00:00:32:750		1.49381e+06		242.705		139.371		0		2.15136		281.125			00:00:32:750		1.25984e+07		-3.71369		0		0		3.95676e+06		806.419		
00:00:32:649		1.49381e+06		242.705		139.657		0		2.13501		281.182			00:00:32:649		1.26057e+07		-3.70363		0		0		3.96446e+06		807.604		
00:00:32:450		1.49383e+06		242.082		139.948		0		2.11861		281.293			00:00:32:450		1.26201e+07		-3.68346		0		0		3.96807e+06		805.177		
00:00:32:350		1.49384e+06		242.082		139.948		0		2.11861		281.348			00:00:32:350		1.26273e+07		-3.67335		0		0		3.97257e+06		804.905		
00:00:32:350		1.49384e+06		242.082		139.948		0		2.11861		281.348			00:00:32:350		1.26273e+07		-3.67335		0		0		3.97257e+06		804.905		
00:00:32:250		1.49385e+06		241.452		139.948		0		2.11861		281.402			00:00:32:250		1.26345e+07		-3.66323		0		0		3.97996e+06		808.206		
00:00:32:149		1.49386e+06		241.452		140.245		0		2.10217		281.457			00:00:32:149		1.26417e+07		-3.65308		0		0		3.99097e+06		813.104		
00:00:32:049		1.49387e+06		241.452		140.245		0		2.10217		281.514			00:00:32:049		1.26489e+07		-3.64292		0		0		3.99947e+06		814.859		
00:00:31:949		1.49387e+06		240.811		140.548		0		2.0857		281.57			00:00:31:949		1.26561e+07		-3.63275		0		0		4.00159e+06		813.238		
00:00:31:949		1.49387e+06		240.811		140.548		0		2.0857		281.57			00:00:31:949		1.26561e+07		-3.63275		0		0		4.00159e+06		813.238		
00:00:31:850		1.49388e+06		240.811		140.548		0		2.0857		281.626			00:00:31:850		1.26633e+07		-3.62257		0		0		4.00317e+06		812.422		
00:00:31:649		1.4939e+06		240.152		140.859		0		2.06918		281.736			00:00:31:649		1.26777e+07		-3.60218		0		0		4.01442e+06		814.714		
00:00:31:649		1.4939e+06		240.152		140.859		0		2.06918		281.736			00:00:31:649		1.26777e+07		-3.60218		0		0		4.01442e+06		814.714		
00:00:31:449		1.49392e+06		239.467		141.178		0		2.05263		281.848			00:00:31:449		1.26921e+07		-3.58174		0		0		4.03443e+06		821.927		
00:00:31:449		1.49392e+06		239.467		141.178		0		2.05263		281.848			00:00:31:449		1.26921e+07		-3.58174		0		0		4.03443e+06		821.927		
00:00:31:350		1.49392e+06		239.467		141.178		0		2.05263		281.905			00:00:31:350		1.26993e+07		-3.5715		0		0		4.03815e+06		820.678		
00:00:31:250		1.49393e+06		238.734		141.178		0		2.05263		281.962			00:00:31:250		1.27065e+07		-3.56124		0		0		4.03964e+06		819.658		
00:00:31:149		1.49394e+06		238.734		141.505		0		2.03603		282.018			00:00:31:149		1.27137e+07		-3.55096		0		0		4.04348e+06		818.952		
00:00:31:050		1.49395e+06		238.734		141.505		0		2.03603		282.073			00:00:31:050		1.27209e+07		-3.54067		0		0		4.05e+06		821.267		
00:00:30:949		1.49396e+06		238.317		141.832		0		2.01939		282.128			00:00:30:949		1.27282e+07		-3.53034		0		0		4.06091e+06		826.036		
00:00:30:850		1.49397e+06		238.317		141.832		0		2.01939		282.186			00:00:30:850		1.27354e+07		-3.52		0		0		4.07075e+06		829.053		
00:00:30:699		1.49398e+06		237.899		142.158		0		2.00272		282.272			00:00:30:699		1.27463e+07		-3.50443		0		0		4.07615e+06		827.75		
00:00:30:600		1.49399e+06		237.899		142.158		0		2.00272		282.329			00:00:30:600		1.27536e+07		-3.49403		0		0		4.07864e+06		826.893		
00:00:30:399		1.49401e+06		237.479		142.483		0		1.986		282.44			00:00:30:399		1.27682e+07		-3.47318		0		0		4.09145e+06		830.257		
00:00:30:399		1.49401e+06		237.479		142.483		0		1.986		282.44			00:00:30:399		1.27682e+07		-3.47318		0		0		4.09145e+06		830.257		
00:00:30:300		1.49401e+06		237.479		142.483		0		1.986		282.496			00:00:30:300		1.27755e+07		-3.46274		0		0		4.10288e+06		834.853		
00:00:30:199		1.49402e+06		237.058		142.806		0		1.96924		282.554			00:00:30:199		1.27828e+07		-3.45228		0		0		4.11151e+06		836.452		
00:00:30:100		1.49403e+06		237.058		142.806		0		1.96924		282.611			00:00:30:100		1.27901e+07		-3.4418		0		0		4.11452e+06		834.765		
00:00:30:000		1.49404e+06		236.635		142.806		0		1.96924		282.668			00:00:30:000		1.27975e+07		-3.4313		0		0		4.11739e+06		834.509		
00:00:29:899		1.49405e+06		236.635		143.127		0		1.95243		282.725			00:00:29:899		1.28048e+07		-3.42078		0		0		4.12366e+06		835.603		
00:00:29:800		1.49406e+06		236.635		143.127		0		1.95243		282.781			00:00:29:800		1.28122e+07		-3.41023		0		0		4.13248e+06		839.459		
00:00:29:699		1.49407e+06		236.21		143.446		0		1.93559		282.838			00:00:29:699		1.28196e+07		-3.39966		0		0		4.1429e+06		842.999		
00:00:29:600		1.49407e+06		236.21		143.446		0		1.93559		282.896			00:00:29:600		1.28269e+07		-3.38906		0		0		4.14905e+06		842.762		
00:00:29:399		1.49409e+06		235.783		143.762		0		1.91871		283.01			00:00:29:399		1.28417e+07		-3.36779		0		0		4.15651e+06		842.73		
00:00:29:399		1.49409e+06		235.783		143.762		0		1.91871		283.01			00:00:29:399		1.28417e+07		-3.36779		0		0		4.15651e+06		842.73		
00:00:29:300		1.4941e+06		235.783		143.762		0		1.91871		283.067			00:00:29:300		1.28492e+07		-3.35713		0		0		4.1634e+06		843.735		
00:00:29:199		1.49411e+06		235.352		144.075		0		1.9018		283.122			00:00:29:199		1.28566e+07		-3.34645		0		0		4.17137e+06		846.737		
00:00:29:100		1.49412e+06		235.352		144.075		0		1.9018		283.177			00:00:29:100		1.28641e+07		-3.33574		0		0		4.1811e+06		849.452		
00:00:29:000		1.49412e+06		234.917		144.075		0		1.9018		283.233			00:00:29:000		1.28715e+07		-3.32503		0		0		4.18837e+06		850.418		
00:00:28:899		1.49413e+06		234.917		144.384		0		1.88485		283.289			00:00:28:899		1.2879e+07		-3.3143		0		0		4.19299e+06		849.036		
00:00:28:800		1.49414e+06		234.917		144.384		0		1.88485		283.344			00:00:28:800		1.28864e+07		-3.30355		0		0		4.19823e+06		850.836		
00:00:28:699		1.49415e+06		234.479		144.69		0		1.86787		283.401			00:00:28:699		1.28939e+07		-3.29279		0		0		4.2084e+06		854.827		
00:00:28:600		1.49416e+06		234.479		144.69		0		1.86787		283.458			00:00:28:600		1.29014e+07		-3.282		0		0		4.218e+06		857.355		
00:00:28:399		1.49418e+06		234.038		144.991		0		1.85087		283.57			00:00:28:399		1.29164e+07		-3.26038		0		0		4.22803e+06		858.047		
00:00:28:399		1.49418e+06		234.038		144.991		0		1.85087		283.57			00:00:28:399		1.29164e+07		-3.26038		0		0		4.22803e+06		858.047		
00:00:28:300		1.49418e+06		234.038		144.991		0		1.85087		283.624			00:00:28:300		1.2924e+07		-3.24954		0		0		4.23282e+06		858.8		
00:00:28:199		1.49419e+06		233.593		145.288		0		1.83383		283.679			00:00:28:199		1.29315e+07		-3.23868		0		10.6964		4.23813e+06		859.732		
00:00:28:100		1.4942e+06		233.593		145.288		0		1.83383		283.734			00:00:28:100		1.29391e+07		-3.2278		0		0		4.24523e+06		861.528		
00:00:28:000		1.49421e+06		233.144		145.288		0		1.83383		283.79			00:00:28:000		1.29467e+07		-3.21691		0		0		4.25239e+06		862.883		
00:00:27:899		1.49422e+06		233.144		145.579		0		1.81677		283.846			00:00:27:899		1.29543e+07		-3.20599		0		11.1594		4.25849e+06		864.463		
00:00:27:800		1.49423e+06		233.144		145.579		0		1.81677		283.902			00:00:27:800		1.29619e+07		-3.19506		0		0		4.26569e+06		867.069		
00:00:27:699		1.49424e+06		232.691		145.865		0		1.79969		283.957			00:00:27:699		1.29695e+07		-3.1841		0		0		4.27188e+06		867.307		
00:00:27:449		1.49426e+06		232.235		146.146		0		1.78258		284.093			00:00:27:449		1.29886e+07		-3.15661		0		11.4176		4.28413e+06		869.654		
00:00:27:350		1.49426e+06		232.235		146.146		0		1.78258		284.148			00:00:27:350		1.29962e+07		-3.14557		0		0		4.29229e+06		870.839		
00:00:27:350		1.49426e+06		232.235		146.146		0		1.78258		284.148			00:00:27:350		1.29962e+07		-3.14557		0		0		4.29229e+06		870.839		
00:00:27:300		1.49427e+06		232.235		146.146		0		1.78258		284.175			00:00:27:300		1.30001e+07		-3.14003		0		0		4.29528e+06		870.886		
00:00:27:149		1.49428e+06		231.774		146.422		0		1.76544		284.257			00:00:27:149		1.30116e+07		-3.1234		0		0		4.30426e+06		873.424		
00:00:27:050		1.49429e+06		231.774		146.422		0		1.76544		284.313			00:00:27:050		1.30193e+07		-3.11229		0		0		4.3138e+06		877.35		
00:00:27:050		1.49429e+06		231.774		146.422		0		1.76544		284.313			00:00:27:050		1.30193e+07		-3.11229		0		0		4.3138e+06		877.35		
00:00:26:949		1.4943e+06		231.309		146.692		0		1.74828		284.367			00:00:26:949		1.3027e+07		-3.10115		0		0		4.32053e+06		876.14		
00:00:26:850		1.49431e+06		231.309		146.692		0		1.74828		284.42			00:00:26:850		1.30348e+07		-3.08998		0		0		4.32249e+06		875.891		
00:00:26:750		1.49432e+06		230.839		146.692		0		1.74828		284.473			00:00:26:750		1.30425e+07		-3.07879		0		0		4.32938e+06		878.392		
00:00:26:649		1.49432e+06		230.839		146.956		0		1.73109		284.526			00:00:26:649		1.30503e+07		-3.06758		0		11.4815		4.33724e+06		878.999		
00:00:26:449		1.49434e+06		230.364		147.213		0		1.71386		284.633			00:00:26:449		1.30658e+07		-3.04509		0		0		4.35094e+06		882.241		
00:00:26:449		1.49434e+06		230.364		147.213		0		1.71386		284.633			00:00:26:449		1.30658e+07		-3.04509		0		0		4.35094e+06		882.241		
00:00:26:350		1.49435e+06		230.364		147.213		0		1.71386		284.687			00:00:26:350		1.30736e+07		-3.03382		0		0		4.36135e+06		886.726		
00:00:26:250		1.49436e+06		229.885		147.213		0		1.71386		284.741			00:00:26:250		1.30814e+07		-3.02251		0		0		4.36967e+06		886.858		
00:00:26:149		1.49437e+06		229.885		147.463		0		1.69661		284.793			00:00:26:149		1.30892e+07		-3.01118		0		0		4.37179e+06		885.933		
00:00:26:050		1.49438e+06		229.885		147.463		0		1.69661		284.845			00:00:26:050		1.30971e+07		-2.99982		0		0		4.37685e+06		886.914		
00:00:25:949		1.49438e+06		229.4		147.705		0		1.67933		284.897			00:00:25:949		1.31049e+07		-2.98843		0		0		4.38427e+06		888.268		
00:00:25:850		1.49439e+06		229.4		147.705		0		1.67933		284.95			00:00:25:850		1.31128e+07		-2.97702		0		0		4.39199e+06		889.305		
00:00:25:750		1.4944e+06		228.91		147.705		0		1.67933		285.002			00:00:25:750		1.31207e+07		-2.96557		0		10.3566		4.3998e+06		891.389		
00:00:25:649		1.49441e+06		228.91		147.938		0		1.66203		285.056			00:00:25:649		1.31286e+07		-2.95409		0		10.5614		4.40992e+06		895.892		
00:00:25:449		1.49443e+06		228.415		148.162		0		1.6447		285.161			00:00:25:449		1.31445e+07		-2.93104		0		9.93773		4.42248e+06		895.997		
00:00:25:449		1.49443e+06		228.415		148.162		0		1.6447		285.161			00:00:25:449		1.31445e+07		-2.93104		0		9.93773		4.42248e+06		895.997		
00:00:25:350		1.49443e+06		228.415		148.162		0		1.6447		285.213			00:00:25:350		1.31524e+07		-2.91947		0		10.0084		4.42689e+06		896.748		
00:00:25:250		1.49444e+06		227.914		148.162		0		1.6447		285.264			00:00:25:250		1.31604e+07		-2.90787		0		10.1487		4.43423e+06		898.174		
00:00:25:149		1.49445e+06		227.914		148.376		0		1.62733		285.316			00:00:25:149		1.31684e+07		-2.89623		0		10.0787		4.44217e+06		899.415		
00:00:25:050		1.49446e+06		227.914		148.376		0		1.62733		285.368			00:00:25:050		1.31765e+07		-2.88456		0		11.2244		4.45013e+06		900.953		
00:00:24:949		1.49447e+06		227.407		148.58		0		1.60994		285.422			00:00:24:949		1.31845e+07		-2.87286		0		11.0941		4.45973e+06		905.266		
00:00:24:800		1.49448e+06		227.407		148.58		0		1.60994		285.501			00:00:24:800		1.31966e+07		-2.85523		0		0		4.47328e+06		907.081		
00:00:24:699		1.49449e+06		226.894		148.771		0		1.59253		285.552			00:00:24:699		1.32046e+07		-2.84344		0		0		4.47586e+06		906.476		
00:00:24:600		1.4945e+06		226.894		148.771		0		1.59253		285.602			00:00:24:600		1.32127e+07		-2.8316		0		0		4.48158e+06		907.574		
00:00:24:500		1.49451e+06		226.375		148.771		0		1.59253		285.653			00:00:24:500		1.32209e+07		-2.81973		0		0		4.48945e+06		909.042		
00:00:24:399		1.49452e+06		226.375		148.95		0		1.57508		285.704			00:00:24:399		1.3229e+07		-2.80783		0		0		4.4976e+06		910.218		
00:00:24:350		1.49452e+06		226.375		148.95		0		1.57508		285.73			00:00:24:350		1.32331e+07		-2.80187		0		11.6716		4.50166e+06		910.879		
00:00:24:199		1.49453e+06		225.849		149.116		0		1.55762		285.809			00:00:24:199		1.32454e+07		-2.78392		0		0		4.51622e+06		916.915		
00:00:24:100		1.49454e+06		225.849		149.116		0		1.55762		285.861			00:00:24:100		1.32536e+07		-2.77192		0		0		4.52577e+06		918.286		
00:00:24:050		1.49455e+06		225.849		149.116		0		1.55762		285.886			00:00:24:050		1.32577e+07		-2.7659		0		11.0286		4.52821e+06		917.363		
00:00:23:949		1.49461e+06		225.317		149.267		0		1.54013		285.937			00:00:23:949		1.3266e+07		-2.75384		0		11.4176		4.53114e+06		917.329		
00:00:23:850		1.49471e+06		225.317		149.267		0		1.54013		285.987			00:00:23:850		1.32743e+07		-2.74176		0		11.4176		4.53776e+06		918.676		
00:00:23:750		1.49485e+06		224.779		149.267		0		1.54013		286.038			00:00:23:750		1.32826e+07		-2.72965		0		11.3535		4.54596e+06		920.155		
00:00:23:649		1.49503e+06		224.779		149.402		0		1.5226		286.089			00:00:23:649		1.32909e+07		-2.71751		0		11.9216		4.5543e+06		921.278		
00:00:23:399		1.49565e+06		224.233		149.521		0		1.50506		286.22			00:00:23:399		1.33119e+07		-2.68701		0		0		4.57887e+06		929.525		
00:00:23:399		1.49565e+06		224.233		149.521		0		1.50506		286.22			00:00:23:399		1.33119e+07		-2.68701		0		0		4.57887e+06		929.525		
00:00:23:300		1.49597e+06		224.233		149.521		0		1.50506		286.271			00:00:23:300		1.33203e+07		-2.67475		0		0		4.58421e+06		928.075		
00:00:23:199		1.49632e+06		223.681		149.623		0		1.4875		286.322			00:00:23:199		1.33288e+07		-2.66245		0		0		4.58809e+06		928.531		
00:00:23:100		1.49672e+06		223.681		149.623		0		1.4875		286.373			00:00:23:100		1.33373e+07		-2.65012		0		0		4.59541e+06		930.009		
00:00:23:000		1.49716e+06		223.121		149.623		0		1.4875		286.424			00:00:23:000		1.33458e+07		-2.63775		0		0		4.60382e+06		931.484		
00:00:22:899		1.49764e+06		223.121		149.706		0		1.4699		286.476			00:00:22:899		1.33543e+07		-2.62535		0		0		4.61238e+06		932.663		
00:00:22:800		1.49816e+06		223.121		149.706		0		1.4699		286.529			00:00:22:800		1.33629e+07		-2.61291		0		0		4.62153e+06		936.333		
00:00:22:699		1.49872e+06		222.552		149.769		0		1.45229		286.582			00:00:22:699		1.33715e+07		-2.60043		0		0		4.63292e+06		940.456		
00:00:22:500		1.49996e+06		221.976		149.769		0		1.45229		286.685			00:00:22:500		1.33887e+07		-2.57533		0		0		4.64363e+06		939.562		
00:00:22:399		1.50064e+06		221.976		149.811		0		1.43466		286.737			00:00:22:399		1.33974e+07		-2.56272		0		0		4.65038e+06		940.857		
00:00:22:399		1.50064e+06		221.976		149.811		0		1.43466		286.737			00:00:22:399		1.33974e+07		-2.56272		0		0		4.65038e+06		940.857		
00:00:22:300		1.50136e+06		221.976		149.811		0		1.43466		286.788			00:00:22:300		1.34061e+07		-2.55008		0		0		4.65881e+06		942.404		
00:00:22:199		1.50212e+06		221.39		149.831		0		1.417		286.841			00:00:22:199		1.34148e+07		-2.5374		0		0		4.66754e+06		943.693		
00:00:22:100		1.50292e+06		221.39		149.831		0		1.417		286.894			00:00:22:100		1.34236e+07		-2.52468		0		0		4.67631e+06		946.148		
00:00:22:000		1.50379e+06		220.795		149.831		0		1.417		286.948			00:00:22:000		1.34323e+07		-2.51193		0		0		4.68737e+06		950.738		
00:00:21:899		1.50475e+06		220.795		149.827		0		1.39933		287.001			00:00:21:899		1.3441e+07		-2.49916		0		0		4.69711e+06		951.777		
00:00:21:800		1.50578e+06		220.795		149.827		0		1.39933		287.053			00:00:21:800		1.34497e+07		-2.48636		0		0		4.70094e+06		950.984		
00:00:21:699		1.5069e+06		220.191		149.798		0		1.38164		287.106			00:00:21:699		1.34585e+07		-2.47352		0		0		4.70665e+06		951.875		
00:00:21:600		1.5081e+06		220.191		149.798		0		1.38164		287.158			00:00:21:600		1.34673e+07		-2.46064		0		0		4.71481e+06		953.456		
00:00:21:449		1.51004e+06		219.578		149.742		0		1.36392		287.238			00:00:21:449		1.34804e+07		-2.44124		0		16.8092		4.72811e+06		955.515		
00:00:21:350		1.51145e+06		219.578		149.742		0		1.36392		287.292			00:00:21:350		1.34893e+07		-2.42826		0		11.2891		4.73717e+06		958.333		
00:00:21:250		1.51293e+06		218.954		149.742		0		1.36392		287.347			00:00:21:250		1.34981e+07		-2.41523		0		13.6275		4.74866e+06		962.936		
00:00:21:149		1.5145e+06		218.954		149.658		0		1.3462		287.402			00:00:21:149		1.3507e+07		-2.40215		0		16.5229		4.7581e+06		963.341		
00:00:21:050		1.51614e+06		218.954		149.658		0		1.3462		287.456			00:00:21:050		1.3516e+07		-2.38902		0		16.8565		4.76184e+06		962.888		
00:00:20:949		1.51787e+06		218.321		149.544		0		1.32845		287.509			00:00:20:949		1.3525e+07		-2.37585		0		14.0697		4.76825e+06		963.983		
00:00:20:850		1.51969e+06		218.321		149.544		0		1.32845		287.563			00:00:20:850		1.3534e+07		-2.36264		0		14.0697		4.77677e+06		965.595		
00:00:20:850		1.51969e+06		218.321		149.544		0		1.32845		287.563			00:00:20:850		1.3534e+07		-2.36264		0		14.0697		4.77677e+06		965.595		
00:00:20:750		1.52159e+06		217.678		149.544		0		1.32845		287.618			00:00:20:750		1.3543e+07		-2.34938		0		10.8966		4.78583e+06		967.096		
00:00:20:649		1.52357e+06		217.678		149.398		0		1.31069		287.674			00:00:20:649		1.35521e+07		-2.33607		0		12.0451		4.79496e+06		969.265		
00:00:20:550		1.52563e+06		217.678		149.398		0		1.31069		287.731			00:00:20:550		1.35612e+07		-2.32272		0		11.1594		4.80602e+06		974.237		
00:00:20:449		1.52778e+06		217.023		149.217		0		1.29292		287.787			00:00:20:449		1.35704e+07		-2.30933		0		0		4.81636e+06		975.153		
00:00:20:350		1.53002e+06		217.023		149.217		0		1.29292		287.842			00:00:20:350		1.35796e+07		-2.29589		0		0		4.82036e+06		974.447		
00:00:20:250		1.53234e+06		216.359		149.217		0		1.29292		287.898			00:00:20:250		1.35888e+07		-2.2824		0		0		4.82679e+06		975.507		
00:00:20:149		1.53474e+06		216.359		149.001		0		1.27514		287.954			00:00:20:149		1.3598e+07		-2.26887		0		0		4.83526e+06		977.151		
00:00:19:949		1.53981e+06		215.682		148.746		0		1.25735		288.069			00:00:19:949		1.36165e+07		-2.24169		0		0		4.85436e+06		983.054		
00:00:19:949		1.53981e+06		215.682		148.746		0		1.25735		288.069			00:00:19:949		1.36165e+07		-2.24169		0		0		4.85436e+06		983.054		
00:00:19:850		1.54247e+06		215.682		148.746		0		1.25735		288.127			00:00:19:850		1.36259e+07		-2.22806		0		0		4.86448e+06		983.771		
00:00:19:750		1.54523e+06		214.994		148.746		0		1.25735		288.184			00:00:19:750		1.36352e+07		-2.2144		0		0		4.86992e+06		984.321		
00:00:19:649		1.54809e+06		214.994		148.452		0		1.23955		288.242			00:00:19:649		1.36446e+07		-2.2007		0		0		4.87756e+06		985.596		
00:00:19:449		1.55421e+06		214.295		148.115		0		1.22175		288.359			00:00:19:449		1.36634e+07		-2.17327		0		0		4.89551e+06		989.95		
00:00:19:449		1.55421e+06		214.295		148.115		0		1.22175		288.359			00:00:19:449		1.36634e+07		-2.17327		0		0		4.89551e+06		989.95		
00:00:19:350		1.55746e+06		214.295		148.115		0		1.22175		288.417			00:00:19:350		1.36728e+07		-2.15952		0		0		4.90403e+06		991.067		
00:00:19:199		1.56259e+06		213.582		147.734		0		1.20394		288.506			00:00:19:199		1.3687e+07		-2.1389		0		12.8257		4.91612e+06		995.392		
00:00:19:100		1.56617e+06		213.582		147.734		0		1.20394		288.565			00:00:19:100		1.36965e+07		-2.12517		0		10.1487		4.92478e+06		995.246		
00:00:19:000		1.56989e+06		212.857		147.734		0		1.20394		288.625			00:00:19:000		1.3706e+07		-2.11143		0		10.1487		4.93366e+06		997.134		
00:00:18:899		1.57374e+06		212.857		147.306		0		1.18613		288.685			00:00:18:899		1.37155e+07		-2.09771		0		10.3566		4.94235e+06		998.727		
00:00:18:850		1.57572e+06		212.857		147.306		0		1.18613		288.716			00:00:18:850		1.37203e+07		-2.09086		0		10.4252		4.94657e+06		999.569		
00:00:18:699		1.58185e+06		212.114		146.829		0		1.16835		288.807			00:00:18:699		1.37347e+07		-2.07031		0		10.6291		4.95951e+06		1002.41		
00:00:18:600		1.58612e+06		212.114		146.829		0		1.16835		288.868			00:00:18:600		1.37444e+07		-2.05664		0		10.7634		4.96825e+06		1003.79		
00:00:18:500		1.59052e+06		211.332		146.829		0		1.16835		288.929			00:00:18:500		1.3754e+07		-2.04299		0		10.9627		4.97701e+06		1005.49		
00:00:18:399		1.59506e+06		211.332		146.302		0		1.15075		288.991			00:00:18:399		1.37637e+07		-2.02937		0		11.0941		4.9857e+06		1007.18		
00:00:18:300		1.59974e+06		211.332		146.302		0		1.15075		289.053			00:00:18:300		1.37735e+07		-2.01578		0		11.0286		4.99446e+06		1008.89		
00:00:18:199		1.60456e+06		210.512		145.725		0		1.13334		289.115			00:00:18:199		1.37833e+07		-2.00224		0		11.1594		5.00325e+06		1010.61		
00:00:18:100		1.60952e+06		210.512		145.725		0		1.13334		289.177			00:00:18:100		1.37931e+07		-1.98874		0		11.2891		5.01207e+06		1012.34		
00:00:18:000		1.61463e+06		209.653		145.725		0		1.13334		289.24			00:00:18:000		1.3803e+07		-1.97529		0		11.4815		5.02091e+06		1014.07		
00:00:17:899		1.61989e+06		209.653		145.099		0		1.11611		289.303			00:00:17:899		1.38129e+07		-1.96187		0		11.6716		5.02979e+06		1015.81		
00:00:17:800		1.62529e+06		209.653		145.099		0		1.11611		289.367			00:00:17:800		1.38229e+07		-1.94851		0		11.7345		5.0387e+06		1017.56		
00:00:17:699		1.63084e+06		208.754		144.421		0		1.09905		289.431			00:00:17:699		1.38329e+07		-1.9352		0		11.9834		5.04764e+06		1019.31		
00:00:17:600		1.63654e+06		208.754		144.421		0		1.09905		289.495			00:00:17:600		1.38429e+07		-1.92194		0		12.1676		5.05663e+06		1021.07		
00:00:17:500		1.64239e+06		207.815		144.421		0		1.09905		289.559			00:00:17:500		1.38529e+07		-1.90875		0		12.2893		5.06565e+06		1022.85		
00:00:17:399		1.64839e+06		207.815		143.693		0		1.08218		289.624			00:00:17:399		1.3863e+07		-1.89561		0		12.5298		5.0747e+06		1024.63		
00:00:17:300		1.65454e+06		207.815		143.693		0		1.08218		289.69			00:00:17:300		1.38732e+07		-1.88253		0		12.7079		5.08377e+06		1026.41		
00:00:17:199		1.66085e+06		206.837		142.914		0		1.0655		289.755			00:00:17:199		1.38834e+07		-1.86951		0		12.7669		5.09286e+06		1028.19		
00:00:17:100		1.66732e+06		206.837		142.914		0		1.0655		289.821			00:00:17:100		1.38937e+07		-1.85656		0		13.0007		5.10197e+06		1029.97		
00:00:17:000		1.67395e+06		205.818		142.914		0		1.0655		289.888			00:00:17:000		1.3904e+07		-1.84367		0		13.1739		5.1111e+06		1031.76		
00:00:16:899		1.68073e+06		205.818		142.084		0		1.04899		289.954			00:00:16:899		1.39144e+07		-1.83083		0		13.4022		5.12027e+06		1033.55		
00:00:16:750		1.69121e+06		204.758		142.084		0		1.04899		290.055			00:00:16:750		1.39301e+07		-1.81161		0		13.6275		5.13408e+06		1036.24		
00:00:16:649		1.6984e+06		204.758		141.202		0		1.03266		290.123			00:00:16:649		1.39407e+07		-1.7988		0		13.7391		5.14333e+06		1038.04		
00:00:16:550		1.70576e+06		204.758		141.202		0		1.03266		290.19			00:00:16:550		1.39514e+07		-1.786		0		13.9602		5.15262e+06		1039.84		
00:00:16:449		1.71329e+06		203.658		140.269		0		1.01651		290.258			00:00:16:449		1.39622e+07		-1.77317		0		14.1785		5.16194e+06		1041.64		
00:00:16:350		1.72109e+06		203.658		140.269		0		1.01651		290.325			00:00:16:350		1.39731e+07		-1.7603		0		14.3406		5.17132e+06		1043.47		
00:00:16:250		1.72919e+06		202.515		140.269		0		1.01651		290.393			00:00:16:250		1.39842e+07		-1.74738		0		14.5545		5.18076e+06		1045.3		
00:00:16:149		1.73761e+06		202.515		139.284		0		1.00054		290.462			00:00:16:149		1.39955e+07		-1.73439		0		14.7133		5.19026e+06		1047.14		
00:00:16:050		1.74635e+06		202.515		139.284		0		1.00054		290.531			00:00:16:050		1.4007e+07		-1.72132		0		14.8707		5.1998e+06		1049		
00:00:15:949		1.75541e+06		201.33		138.248		0		0.984758		290.601			00:00:15:949		1.40187e+07		-1.70817		0		15.0269		5.2094e+06		1050.87		
00:00:15:949		1.75541e+06		201.33		138.248		0		0.984758		290.601			00:00:15:949		1.40187e+07		-1.70817		0		15.0269		5.2094e+06		1050.87		
00:00:15:849		1.76479e+06		201.33		138.248		0		0.984758		290.671			00:00:15:849		1.40307e+07		-1.69491		0		15.2331		5.21904e+06		1052.75		
00:00:15:750		1.7745e+06		200.103		138.248		0		0.984758		290.741			00:00:15:750		1.40432e+07		-1.68155		0		15.4371		5.22873e+06		1054.64		
00:00:15:650		1.78455e+06		200.103		137.161		0		0.969152		290.813			00:00:15:650		1.40559e+07		-1.66811		0		15.639		5.23845e+06		1056.53		
00:00:15:449		1.80567e+06		198.832		136.024		0		0.95373		290.956			00:00:15:449		1.40818e+07		-1.64095		0		15.8885		5.25798e+06		1060.32		
00:00:15:349		1.81675e+06		198.832		136.024		0		0.95373		291.029			00:00:15:349		1.40947e+07		-1.6272		0		16.1349		5.26782e+06		1062.23		
00:00:15:349		1.81675e+06		198.832		136.024		0		0.95373		291.029			00:00:15:349		1.40947e+07		-1.6272		0		16.1349		5.26782e+06		1062.23		
00:00:15:250		1.82819e+06		197.517		136.024		0		0.95373		291.102			00:00:15:250		1.41074e+07		-1.61329		0		16.2813		5.27769e+06		1064.14		
00:00:15:150		1.83998e+06		197.517		134.836		0		0.938496		291.176			00:00:15:150		1.41199e+07		-1.59921		0		16.4266		5.28762e+06		1066.06		
00:00:15:050		1.85215e+06		197.517		134.836		0		0.938496		291.251			00:00:15:050		1.41319e+07		-1.58491		0		16.6188		5.29759e+06		1067.99		
00:00:14:949		1.86469e+06		196.156		133.6		0		0.923455		291.327			00:00:14:949		1.41431e+07		-1.57042		0		16.8092		5.30762e+06		1069.93		
00:00:14:849		1.8776e+06		196.156		133.6		0		0.923455		291.403			00:00:14:849		1.4154e+07		-1.55585		0		16.9979		5.31771e+06		1071.88		
00:00:14:750		1.8909e+06		194.747		133.6		0		0.923455		291.479			00:00:14:750		1.41645e+07		-1.5412		0		17.1849		5.32786e+06		1073.83		
00:00:14:650		1.9046e+06		194.747		132.317		0		0.908618		291.557			00:00:14:650		1.41751e+07		-1.52645		0		17.4163		5.33807e+06		1075.81		
00:00:14:449		1.93319e+06		193.286		130.987		0		0.89401		291.714			00:00:14:449		1.41961e+07		-1.49696		0		17.7361		5.35869e+06		1079.81		
00:00:14:349		1.9481e+06		193.286		130.987		0		0.89401		291.794			00:00:14:349		1.42067e+07		-1.48213		0		17.8718		5.36909e+06		1081.83		
00:00:14:349		1.9481e+06		193.286		130.987		0		0.89401		291.794			00:00:14:349		1.42067e+07		-1.48213		0		17.8718		5.36909e+06		1081.83		
00:00:14:150		1.9792e+06		191.765		129.616		0		0.87969		291.957			00:00:14:150		1.4228e+07		-1.45232		0		18.2294		5.39006e+06		1085.89		
00:00:14:150		1.9792e+06		191.765		129.616		0		0.87969		291.957			00:00:14:150		1.4228e+07		-1.45232		0		18.2294		5.39006e+06		1085.89		
00:00:14:050		1.99539e+06		191.765		129.616		0		0.87969		292.04			00:00:14:050		1.42386e+07		-1.43734		0		18.4061		5.40059e+06		1087.91		
00:00:13:900		2.02041e+06		190.153		128.207		0		0.865889		292.165			00:00:13:900		1.42545e+07		-1.41478		0		18.6685		5.41653e+06		1090.99		
00:00:13:800		2.03759e+06		190.153		128.207		0		0.865889		292.25			00:00:13:800		1.42652e+07		-1.39969		0		18.8418		5.42724e+06		1093.05		
00:00:13:699		2.05519e+06		188.529		126.761		0		0.85202		292.334			00:00:13:699		1.42757e+07		-1.38454		0		19.0137		5.43802e+06		1095.12		
00:00:13:599		2.0732e+06		188.529		126.761		0		0.85202		292.419			00:00:13:599		1.42863e+07		-1.36935		0		19.0565		5.44886e+06		1097.2		
00:00:13:500		2.09164e+06		186.891		126.761		0		0.85202		292.505			00:00:13:500		1.42968e+07		-1.35411		0		19.2269		5.45977e+06		1099.3		
00:00:13:400		2.11052e+06		186.891		125.277		0		0.838106		292.592			00:00:13:400		1.43074e+07		-1.33882		0		19.3538		5.47077e+06		1101.4		
00:00:13:349		2.12984e+06		186.891		125.277		0		0.838106		292.679			00:00:13:349		1.43179e+07		-1.32347		0		19.5221		5.48184e+06		1103.52		
00:00:13:199		2.14962e+06		185.24		123.753		0		0.824121		292.767			00:00:13:199		1.43283e+07		-1.30808		0		19.6474		5.49299e+06		1105.65		
00:00:13:150		2.15968e+06		185.24		123.753		0		0.824121		292.811			00:00:13:150		1.43336e+07		-1.30036		0		19.6891		5.49861e+06		1106.73		
00:00:13:050		2.18016e+06		185.24		123.753		0		0.824121		292.9			00:00:13:050		1.4344e+07		-1.28489		0		19.9374		5.50991e+06		1108.89		
00:00:12:900		2.21176e+06		183.576		122.188		0		0.810066		293.035			00:00:12:900		1.43595e+07		-1.26158		0.198929		19.9785		5.52703e+06		1112.18		
00:00:12:800		2.23343e+06		183.576		122.188		0		0.810066		293.125			00:00:12:800		1.43698e+07		-1.24596		0.33079		20.2239		5.53855e+06		1114.39		
00:00:12:699		2.25561e+06		181.899		120.581		0		0.795937		293.216			00:00:12:699		1.438e+07		-1.23029		0.461212		20.3051		5.55013e+06		1116.58		
00:00:12:599		2.27829e+06		181.899		120.581		0		0.795937		293.307			00:00:12:599		1.43903e+07		-1.21456		0.589418		20.4264		5.56177e+06		1118.73		
00:00:12:500		2.30149e+06		180.208		120.581		0		0.795937		293.399			00:00:12:500		1.44004e+07		-1.19877		0.71486		20.507		5.5735e+06		1120.73		
00:00:12:400		2.32522e+06		180.208		118.93		0		0.781735		293.49			00:00:12:400		1.44104e+07		-1.18291		0.836848		20.5873		5.58535e+06		1123.33		
00:00:12:300		2.3495e+06		180.208		118.93		0		0.781735		293.582			00:00:12:300		1.44203e+07		-1.16699		0.954799		20.6673		5.59729e+06		1125.63		
00:00:12:199		2.37433e+06		178.505		117.235		0		0.767458		293.675			00:00:12:199		1.443e+07		-1.151		1.06831		20.7072		5.60936e+06		1127.96		
00:00:12:099		2.39973e+06		178.505		117.235		0		0.767458		293.767			00:00:12:099		1.44395e+07		-1.13494		1.17703		20.7869		5.62153e+06		1130.37		
00:00:12:000		2.42565e+06		176.791		117.235		0		0.767458		293.86			00:00:12:000		1.44487e+07		-1.11885		1.28062		20.7869		5.6338e+06		1133.06		
00:00:11:900		2.45211e+06		176.791		115.494		0		0.753079		293.953			00:00:11:900		1.4458e+07		-1.1028		1.37894		20.8266		5.64618e+06		1134.92		
00:00:11:800		2.4791e+06		176.791		115.494		0		0.753079		294.046			00:00:11:800		1.44677e+07		-1.08679		1.47188		20.8266		5.65868e+06		1137.32		
00:00:11:699		2.50664e+06		175.062		113.707		0		0.738623		294.14			00:00:11:699		1.44778e+07		-1.07077		1.5594		20.9059		5.6713e+06		1139.75		
00:00:11:599		2.53474e+06		175.062		113.707		0		0.738623		294.234			00:00:11:599		1.44876e+07		-1.05461		1.64144		20.9059		5.68402e+06		1142.25		
00:00:11:500		2.56341e+06		173.316		113.707		0		0.738623		294.33			00:00:11:500		1.44975e+07		-1.03841		1.71761		20.9059		5.69683e+06		1144.8		
00:00:11:400		2.59266e+06		173.316		111.879		0		0.724111		294.426			00:00:11:400		1.45069e+07		-1.02212		1.78775		20.9059		5.70968e+06		1147.38		
00:00:11:300		2.6224e+06		173.316		111.879		0		0.724111		294.523			00:00:11:300		1.45158e+07		-1.00573		1.85413		20.7869		5.72253e+06		1149.98		
00:00:11:199		2.65263e+06		171.558		110.007		0		0.709523		294.622			00:00:11:199		1.45242e+07		-0.989198		1.91889		20.6273		5.73531e+06		1152.54		
00:00:11:099		2.68336e+06		171.558		110.007		0		0.709523		294.721			00:00:11:099		1.45318e+07		-0.972597		1.98265		20.5873		5.74794e+06		1155		
00:00:11:000		2.71462e+06		169.785		110.007		0		0.709523		294.823			00:00:11:000		1.4539e+07		-0.956115		2.04394		25.4381		5.76046e+06		1157.41		
00:00:10:900		2.74642e+06		169.785		108.092		0		0.694856		294.925			00:00:10:900		1.45465e+07		-0.939785		2.11051		31.6145		5.77297e+06		1159.81		
00:00:10:800		2.7788e+06		169.785		108.092		0		0.694856		295.028			00:00:10:800		1.45544e+07		-0.923624		2.17808		36.0882		5.78555e+06		1162.25		
00:00:10:699		2.81176e+06		167.999		106.135		0		0.680113		295.132			00:00:10:699		1.4563e+07		-0.907655		2.23262		39.3898		5.79823e+06		1164.75		
00:00:10:599		2.84532e+06		167.999		106.135		0		0.680113		295.238			00:00:10:599		1.45722e+07		-0.891881		2.28776		41.9029		5.81098e+06		1167.28		
00:00:10:500		2.87951e+06		166.199		106.135		0		0.680113		295.346			00:00:10:500		1.45824e+07		-0.876256		2.33274		43.8552		5.82373e+06		1169.81		
00:00:10:349		2.93201e+06		166.199		104.141		0		0.665292		295.51			00:00:10:349		1.45983e+07		-0.852869		2.39547		46.0268		5.84276e+06		1173.53		
00:00:10:250		2.96785e+06		164.386		104.141		0		0.665292		295.621			00:00:10:250		1.46089e+07		-0.837285		2.43486		47.155		5.85538e+06		1175.98		
00:00:10:199		2.98602e+06		164.386		102.117		0		0.650394		295.678			00:00:10:199		1.46141e+07		-0.829492		2.45373		47.6527		5.86168e+06		1177.2		
00:00:10:050		3.04159e+06		164.386		102.117		0		0.650394		295.85			00:00:10:050		1.46299e+07		-0.806118		2.50691		48.9137		5.88061e+06		1180.89		
00:00:09:949		3.07954e+06		162.56		100.065		0		0.635419		295.967			00:00:09:949		1.46405e+07		-0.790537		2.54011		49.6157		5.89326e+06		1183.33		
00:00:09:849		3.07954e+06		162.56		100.065		0		0.635419		295.967			00:00:09:849		1.46405e+07		-0.790537		2.54011		49.6157		5.89326e+06		1183.33		
00:00:09:849		3.11823e+06		162.56		100.065		0		0.635419		296.085			00:00:09:849		1.4651e+07		-0.77497		2.57248		50.2179		5.9059e+06		1185.76		
00:00:09:750		3.15768e+06		160.724		100.065		0		0.635419		296.206			00:00:09:750		1.46616e+07		-0.759417		2.60161		50.7237		5.91856e+06		1188.16		
00:00:09:550		3.23873e+06		160.724		97.9852		0		0.620336		296.454			00:00:09:550		1.46825e+07		-0.728365		2.65561		51.6154		5.94399e+06		1195.86		
00:00:09:550		3.23873e+06		160.724		97.9852		0		0.620336		296.454			00:00:09:550		1.46825e+07		-0.728365		2.65561		51.6154		5.94399e+06		1195.86		
00:00:09:349		3.32268e+06		158.876		95.8791		0		0.605158		296.705			00:00:09:349		1.47034e+07		-0.697397		2.70414		52.2487		5.9695e+06		1198.1		
00:00:09:349		3.32268e+06		158.876		95.8791		0		0.605158		296.705			00:00:09:349		1.47034e+07		-0.697397		2.70414		52.2487		5.9695e+06		1198.1		
00:00:09:250		3.36579e+06		157.012		95.8791		0		0.605158		296.833			00:00:09:250		1.47139e+07		-0.681964		2.72677		52.5279		5.98227e+06		1200.57		
00:00:09:150		3.40966e+06		157.012		93.7442		0		0.589951		296.962			00:00:09:150		1.47243e+07		-0.66657		2.74809		52.771		5.99506e+06		1203.04		
00:00:09:050		3.45432e+06		157.012		93.7442		0		0.589951		297.094			00:00:09:050		1.47347e+07		-0.651213		2.76798		53.0131		6.00786e+06		1205.52		
00:00:08:949		3.49979e+06		155.137		91.5829		0		0.574667		297.228			00:00:08:949		1.4745e+07		-0.635898		2.78665		53.2198		6.02069e+06		1208.02		
00:00:08:849		3.54607e+06		155.137		91.5829		0		0.574667		297.364			00:00:08:849		1.47553e+07		-0.620628		2.80486		53.4087		6.03354e+06		1210.54		
00:00:08:750		3.5932e+06		153.25		91.5829		0		0.574667		297.501			00:00:08:750		1.47656e+07		-0.605405		2.8225		53.5627		6.04637e+06		1213.04		
00:00:08:650		3.64117e+06		153.25		89.3998		0		0.559307		297.641			00:00:08:650		1.47759e+07		-0.59024		2.83911		53.7163		6.05914e+06		1215.55		
00:00:08:449		3.73974e+06		151.354		87.1992		0		0.543868		297.928			00:00:08:449		1.47964e+07		-0.560092		2.86903		53.9375		6.08458e+06		1220.96		
00:00:08:349		3.79036e+06		151.354		87.1992		0		0.543868		298.074			00:00:08:349		1.48066e+07		-0.545112		2.8826		54.0224		6.09733e+06		1223.24		
00:00:08:349		3.79036e+06		151.354		87.1992		0		0.543868		298.074			00:00:08:349		1.48066e+07		-0.545112		2.8826		54.0224		6.09733e+06		1223.24		
00:00:08:150		3.89438e+06		149.449		84.9839		0		0.528349		298.374			00:00:08:150		1.4827e+07		-0.515356		2.90792		54.124		6.12298e+06		1227.54		
00:00:08:150		3.89438e+06		149.449		84.9839		0		0.528349		298.374			00:00:08:150		1.4827e+07		-0.515356		2.90792		54.124		6.12298e+06		1227.54		
00:00:08:050		3.94783e+06		149.449		84.9839		0		0.528349		298.527			00:00:08:050		1.48371e+07		-0.500594		2.91934		54.1409		6.13584e+06		1229.8		
00:00:07:950		4.00226e+06		147.537		82.7569		0		0.512747		298.681			00:00:07:950		1.48472e+07		-0.485916		2.93056		54.124		6.14878e+06		1231.92		
00:00:07:849		4.05769e+06		147.537		82.7569		0		0.512747		298.836			00:00:07:849		1.48573e+07		-0.471327		2.94192		54.1071		6.16195e+06		1237.28		
00:00:07:750		4.11414e+06		145.616		82.7569		0		0.512747		298.995			00:00:07:750		1.48674e+07		-0.45683		2.95278		54.0224		6.17548e+06		1236.78		
00:00:07:650		4.17162e+06		145.616		80.5218		0		0.497056		299.155			00:00:07:650		1.48774e+07		-0.442432		2.96252		53.9035		6.18946e+06		1239.29		
00:00:07:450		4.28977e+06		143.689		78.2829		0		0.481271		299.484			00:00:07:450		1.48976e+07		-0.413923		2.98165		53.614		6.21873e+06		1244.66		
00:00:07:349		4.35048e+06		143.689		78.2829		0		0.481271		299.652			00:00:07:349		1.49076e+07		-0.399815		2.98649		53.151		6.23388e+06		1247.5		
00:00:07:349		4.35048e+06		143.689		78.2829		0		0.481271		299.652			00:00:07:349		1.49076e+07		-0.399815		2.98649		53.151		6.23388e+06		1247.5		
00:00:07:250		4.41232e+06		141.758		78.2829		0		0.481271		299.822			00:00:07:250		1.49177e+07		-0.385816		2.99363		52.493		6.24928e+06		1250.35		
00:00:07:099		4.50721e+06		141.758		76.0452		0		0.465389		300.079			00:00:07:099		1.49327e+07		-0.365023		3.00366		51.4205		6.27272e+06		1254.58		
00:00:07:000		4.57195e+06		139.824		76.0452		0		0.465389		300.251			00:00:07:000		1.49428e+07		-0.351315		3.01047		50.5616		6.28854e+06		1261.02		
00:00:06:900		4.63787e+06		139.824		73.8149		0		0.449411		300.425			00:00:06:900		1.49528e+07		-0.337739		3.01647		49.634		6.30443e+06		1264.31		
00:00:06:799		4.70502e+06		139.824		73.8149		0		0.449411		300.601			00:00:06:799		1.49629e+07		-0.324284		3.02199		48.6714		6.32034e+06		1264.04		
00:00:06:700		4.7734e+06		137.889		71.5987		0		0.433335		300.779			00:00:06:700		1.4973e+07		-0.310941		3.0275		47.6908		6.3363e+06		1267.08		
00:00:06:599		4.84305e+06		137.889		71.5987		0		0.433335		300.96			00:00:06:599		1.49832e+07		-0.297705		3.0307		46.6524		6.3523e+06		1270.12		
00:00:06:400		4.98615e+06		135.957		69.4042		0		0.417159		301.327			00:00:06:400		1.50038e+07		-0.271612		3.03764		44.4479		6.38449e+06		1276.21		
00:00:06:299		5.05929e+06		135.957		69.4042		0		0.417159		301.513			00:00:06:299		1.50143e+07		-0.25876		3.0417		43.2343		6.40067e+06		1279.26		
00:00:06:299		5.05929e+06		135.957		69.4042		0		0.417159		301.513			00:00:06:299		1.50143e+07		-0.25876		3.0417		43.2343		6.40067e+06		1279.26		
00:00:06:200		5.13341e+06		134.028		67.2384		0		0.400883		301.702			00:00:06:200		1.50248e+07		-0.246025		3.04416		41.9243		6.41693e+06		1282.32		
00:00:06:099		5.20853e+06		134.028		67.2384		0		0.400883		301.891			00:00:06:099		1.50355e+07		-0.233401		3.04541		40.421		6.43326e+06		1285.37		
00:00:06:000		5.28466e+06		132.107		67.2384		0		0.400883		302.082			00:00:06:000		1.50464e+07		-0.220873		3.04668		38.5653		6.44962e+06		1288.36		
00:00:05:900		5.36182e+06		132.107		65.1081		0		0.384501		302.276			00:00:05:900		1.50574e+07		-0.20842		3.04654		36.1618		6.46603e+06		1291.26		
00:00:05:799		5.44002e+06		132.107		65.1081		0		0.384501		302.471			00:00:05:799		1.50685e+07		-0.196031		3.04569		34.7648		6.48254e+06		1294.07		
00:00:05:700		5.51926e+06		130.195		63.0229		0		0.368007		302.668			00:00:05:700		1.50795e+07		-0.183602		3.04536		34.8156		6.49934e+06		1297.05		
00:00:05:599		5.59957e+06		130.195		63.0229		0		0.368007		302.868			00:00:05:599		1.50892e+07		-0.171079		3.04451		33.0773		6.51673e+06		1300.2		
00:00:05:500		5.68096e+06		128.296		63.0229		0		0.368007		303.069			00:00:05:500		1.50979e+07		-0.158669		3.04207		31.1134		6.53441e+06		1303.27		
00:00:05:400		5.76344e+06		128.296		60.9916		0		0.351388		303.269			00:00:05:400		1.51066e+07		-0.146448		3.03876		29.1219		6.55212e+06		1306.01		
00:00:05:299		5.84703e+06		128.296		60.9916		0		0.351388		303.471			00:00:05:299		1.51155e+07		-0.134401		3.03434		27.066		6.56975e+06		1307.93		
00:00:05:200		5.93178e+06		126.412		59.0208		0		0.334589		303.676			00:00:05:200		1.51245e+07		-0.122538		3.02929		25.1016		6.58719e+06		1307.8		
00:00:05:099		6.01773e+06		126.412		59.0208		0		0.334589		303.882			00:00:05:099		1.51337e+07		-0.110868		3.02425		23.2485		6.60422e+06		1302.55		
00:00:05:000		6.10498e+06		124.547		59.0208		0		0.334589		304.09			00:00:05:000		1.51431e+07		-0.0993862		3.01753		21.531		6.62051e+06		1284.8		
00:00:04:900		6.19397e+06		124.547		57.1154		0		0.317288		304.3			00:00:04:900		1.51527e+07		-0.0880818		3.00849		19.9785		6.63571e+06		1231.64		
00:00:04:799		6.26719e+06		124.547		57.1154		0		0.317288		304.512			00:00:04:799		1.51626e+07		-0.0769405		2.99819		18.5814		6.64976e+06		1179.61		
00:00:04:700		6.32309e+06		122.703		55.2742		0		0.299547		304.723			00:00:04:700		1.51725e+07		-0.0659437		2.98796		17.324		6.66274e+06		1130.78		
00:00:04:599		6.36709e+06		122.703		55.2742		0		0.299547		304.935			00:00:04:599		1.51824e+07		-0.0550742		2.97851		16.2326		6.67476e+06		1085.86		
00:00:04:500		6.40196e+06		120.888		55.2742		0		0.299547		305.148			00:00:04:500		1.51925e+07		-0.0443563		2.96805		15.2843		6.68591e+06		1045.21		
00:00:04:400		6.42974e+06		120.888		53.4845		0		0.281489		305.362			00:00:04:400		1.52024e+07		-0.0338039		2.95614		14.3943		6.69625e+06		1008.87		
00:00:04:299		6.45212e+06		120.888		53.4845		0		0.281489		305.577			00:00:04:299		1.52123e+07		-0.023407		2.94179		13.9051		6.7059e+06		976.633		
00:00:04:200		6.47043e+06		119.109		51.749		0		0.263206		305.789			00:00:04:200		1.52222e+07		-0.0131683		2.92747		15.8389		6.71493e+06		948.175		
00:00:04:099		6.48565e+06		119.109		51.749		0		0.263206		306.001			00:00:04:099		1.5232e+07		-0.003088		2.91537		26.3605		6.7234e+06		923.1		
00:00:04:000		6.49854e+06		117.373		51.749		0		0.263206		306.214			00:00:04:000		1.52417e+07		0.00683165		2.90431		36.552		6.73135e+06		901.02		
00:00:03:899		6.50969e+06		117.373		50.074		0		0.244758		306.427			00:00:03:899		1.52514e+07		0.0165849		2.88927		45.4531		6.73885e+06		881.555		
00:00:03:799		6.51952e+06		117.373		50.074		0		0.244758		306.641			00:00:03:799		1.52611e+07		0.0261607		2.86791		53.614		6.74595e+06		864.319		
00:00:03:700		6.52839e+06		115.686		48.4655		0		0.226183		306.854			00:00:03:700		1.52708e+07		0.0355263		2.84684		61.3581		6.7527e+06		850.989		
00:00:03:549		6.54046e+06		115.686		48.4655		0		0.226183		307.17			00:00:03:549		1.52851e+07		0.0491219		2.82966		72.4174		6.7622e+06		828.953		
00:00:03:450		6.54812e+06		114.055		46.9289		0		0.207504		307.38			00:00:03:450		1.52945e+07		0.057899		2.82052		79.5261		6.76814e+06		816.789		
00:00:03:350		6.55577e+06		114.055		46.9289		0		0.207504		307.588			00:00:03:350		1.53039e+07		0.0664749		2.79892		86.4237		6.77378e+06		805.198		
00:00:03:350		6.55577e+06		114.055		46.9289		0		0.207504		307.588			00:00:03:350		1.53039e+07		0.0664749		2.79892		86.4237		6.77378e+06		805.198		
00:00:03:149		6.57272e+06		112.486		45.4689		0		0.188723		307.992			00:00:03:149		1.53231e+07		0.0830197		2.73481		99.497		6.78407e+06		781.047		
00:00:03:149		6.57272e+06		112.486		45.4689		0		0.188723		307.992			00:00:03:149		1.53231e+07		0.0830197		2.73481		99.497		6.78407e+06		781.047		
00:00:03:049		6.58316e+06		112.486		45.4689		0		0.188723		308.188			00:00:03:049		1.5333e+07		0.090879		2.74011		105.777		6.78871e+06		766.941		
00:00:02:950		6.59353e+06		110.984		44.0904		0		0.169851		308.377			00:00:02:950		1.53426e+07		0.0983176		2.75187		111.979		6.79303e+06		753.495		
00:00:02:850		6.60316e+06		110.984		44.0904		0		0.169851		308.559			00:00:02:850		1.53516e+07		0.105241		2.72831		117.809		6.79705e+06		740.956		
00:00:02:750		6.61198e+06		109.557		44.0904		0		0.169851		308.731			00:00:02:750		1.53595e+07		0.111704		2.63945		123.242		6.80081e+06		729.265		
00:00:02:649		6.61998e+06		109.557		42.7975		0		0.150906		308.893			00:00:02:649		1.53666e+07		0.117672		2.58139		128.666		6.80436e+06		718.641		
00:00:02:549		6.62702e+06		109.557		42.7975		0		0.150906		309.045			00:00:02:549		1.53741e+07		0.123662		2.6396		134.39		6.80779e+06		709.454		
00:00:02:350		6.63693e+06		108.21		41.5944		0		0.131914		309.314			00:00:02:350		1.53913e+07		0.135401		2.78969		148.007		6.81479e+06		698.47		
00:00:02:350		6.63693e+06		108.21		41.5944		0		0.131914		309.314			00:00:02:350		1.53913e+07		0.135401		2.78969		148.007		6.81479e+06		698.47		
00:00:02:250		6.63836e+06		106.95		41.5944		0		0.131914		309.426			00:00:02:250		1.54002e+07		0.140903		2.82064		160.62		6.81871e+06		699.646		
00:00:02:049		6.62493e+06		106.95		40.4854		0		0.112942		309.603			00:00:02:049		1.5418e+07		0.151227		2.86139		226.278		6.82866e+06		731.449		
00:00:02:049		6.62493e+06		106.95		40.4854		0		0.112942		309.603			00:00:02:049		1.5418e+07		0.151227		2.86139		226.278		6.82866e+06		731.449		
00:00:01:949		6.60213e+06		105.785		39.4772		0		0.0942325		309.667			00:00:01:949		1.54273e+07		0.155996		2.87135		273.125		6.83527e+06		773.445		
00:00:01:850		6.56018e+06		105.785		39.4772		0		0.0942325		309.716			00:00:01:850		1.5437e+07		0.160368		2.87636		319.123		6.84322e+06		839.134		
00:00:01:750		6.50457e+06		104.722		39.4772		0		0.0942325		309.753			00:00:01:750		1.54468e+07		0.164185		2.87864		361.54		6.85227e+06		901.488		
00:00:01:649		6.48665e+06		104.722		38.582		0		0.0756198		309.779			00:00:01:649		1.54562e+07		0.167301		2.88015		399.094		6.862e+06		934.368		
00:00:01:449		6.46085e+06		103.765		37.8183		0		0.0569447		309.813			00:00:01:449		1.54706e+07		0.17123		2.87429		459.153		6.88261e+06		978.18		
00:00:01:300		6.47907e+06		103.765		37.8183		0		0.0569447		309.829			00:00:01:300		1.54761e+07		0.172451		2.86148		492.202		6.89802e+06		967.438		
00:00:01:300		6.47907e+06		103.765		37.8183		0		0.0569447		309.829			00:00:01:300		1.54761e+07		0.172451		2.86148		492.202		6.89802e+06		967.438		
00:00:01:199		6.49572e+06		102.912		37.1939		0		0.0381493		309.837			00:00:01:199		1.54778e+07		0.17275		2.85089		507.601		6.90785e+06		959.648		
00:00:01:100		6.51217e+06		102.912		37.1939		0		0.0381493		309.842			00:00:01:100		1.54785e+07		0.172844		2.84174		516.416		6.91694e+06		951.618		
00:00:01:050		6.52024e+06		102.912		37.1939		0		0.0381493		309.844			00:00:01:050		1.54786e+07		0.172857		2.83879		519.448		6.92129e+06		947.891		
00:00:00:900		6.54819e+06		102.184		36.6997		0		0.0192042		309.846			00:00:00:900		1.54786e+07		0.172851		2.83603		526.605		6.93598e+06		932.525		
00:00:00:800		6.57137e+06		102.184		36.6997		0		0.0192042		309.846			00:00:00:800		1.54786e+07		0.172843		2.83552		529.265		6.94529e+06		915.348		
00:00:00:699		6.60041e+06		101.501		36.3831		0		0		309.846			00:00:00:699		1.54786e+07		0.172841		2.83551		530.186		6.95344e+06		888.593		
00:00:00:650		6.61805e+06		101.501		36.3831		0		0		309.846			00:00:00:650		1.54786e+07		0.17284		2.83564		530.25		6.95687e+06		869.978		
00:00:00:450		6.72706e+06		100.069		36.3834		0		0		309.846			00:00:00:450		1.54786e+07		0.17284		2.83569		530.212		6.96464e+06		733.319		
00:00:00:349		6.83116e+06		100.069		36.3834		0		0		309.846			00:00:00:349		1.54786e+07		0.17284		2.83568		530.216		6.96485e+06		526.826		
00:00:00:250		6.83116e+06		100.069		36.3834		0		0		309.846			00:00:00:250		1.54786e+07		0.17284		2.83572		530.217		6.96484e+06		526.827		
00:00:00:250		6.83116e+06		100.069		36.3834		0		0		309.846			00:00:00:250		1.54786e+07		0.17284		2.83572		530.217		6.96484e+06		526.827		
00:00:00:149		6.83116e+06		100.069		36.3837		0		0		309.846			00:00:00:149		1.54785e+07		0.17284		2.83572		530.221		6.96484e+06		526.827		
00:00:00:050		6.83115e+06		100.069		36.3837		0		0		309.846			00:00:00:050		1.54785e+07		0.17284		2.83567		530.223		6.96484e+06		526.826		
00:00:00:000		6.83115e+06		100.069		36.3837		0		0		309.846			00:00:00:000		1.54785e+07		0.17284		2.83571		530.225		6.96483e+06		526.826		
00:00:00:000		6.83115e+06		100.069		36.3837		0		0		309.846			00:00:00:000		1.54785e+07		0.17284		2.83571		530.225		6.96483e+06		526.826		
00:00:00:000		6.83115e+06		100.069		36.3837		0		0		309.846			00:00:00:000		1.54785e+07		0.17284		2.83571		530.225		6.96483e+06		526.826		
00:00:00:000		6.83115e+06		100.069		36.3837		0		0		309.846			00:00:00:000		1.54785e+07		0.17284		2.83571		530.225		6.96483e+06		526.826		
00:00:00:000		6.83115e+06		100.069		36.3837		0		0		309.846			00:00:00:000		1.54785e+07		0.17284		2.83571		530.225		6.96483e+06		526.826		
