	time 		gpv001pnt10113ppntm	evf507ety101mpzoyout	chtcon(1)	chavg(1)	chlhsumpa	rcptavgn			time 		rcpppzr	rcp054rcp007mnzoyout	rcv501std0102fvol	fwfrcp001gv	rcppmssga	msfsg(1)	
00:01:01:600		1.51269e+06		303.679		130.766		0		3		264.809			00:01:01:600		1.01534e+07		-5.86102		0		0		2.65476e+06		576.608		
00:01:01:500		1.5127e+06		303.269		130.766		0		3		264.855			00:01:01:500		1.01648e+07		-5.86088		0		0		2.65894e+06		577.503		
00:01:01:299		1.51271e+06		303.269		130.732		0		3		264.949			00:01:01:299		1.01875e+07		-5.85979		0		0		2.66881e+06		579.809		
00:01:01:299		1.51271e+06		303.269		130.732		0		3		264.949			00:01:01:299		1.01875e+07		-5.85979		0		0		2.66881e+06		579.809		
00:01:01:200		1.51272e+06		302.856		130.698		0		3		264.999			00:01:01:200		1.01988e+07		-5.85881		0		0		2.67421e+06		581.575		
00:01:01:100		1.51273e+06		302.856		130.698		0		3		265.05			00:01:01:100		1.02099e+07		-5.85754		0		0		2.67896e+06		583.044		
00:01:01:000		1.51274e+06		302.442		130.698		0		3		265.102			00:01:01:000		1.0221e+07		-5.85597		0		0		2.68211e+06		583.673		
00:01:00:899		1.51275e+06		302.442		130.663		0		3		265.156			00:01:00:899		1.0232e+07		-5.85412		0		0		2.68465e+06		584.729		
00:01:00:799		1.51276e+06		302.442		130.663		0		3		265.211			00:01:00:799		1.02429e+07		-5.85204		0		0		2.68769e+06		585.984		
00:01:00:799		1.51276e+06		302.442		130.663		0		3		265.211			00:01:00:799		1.02429e+07		-5.85204		0		0		2.68769e+06		585.984		
00:01:00:600		1.51277e+06		302.026		130.629		0		3		265.313			00:01:00:600		1.02646e+07		-5.8473		0		0		2.68754e+06		583.577		
00:01:00:399		1.51279e+06		301.609		130.594		0		3		265.408			00:01:00:399		1.02864e+07		-5.84219		0		0		2.69538e+06		585.259		
00:01:00:299		1.51279e+06		301.609		130.594		0		3		265.408			00:01:00:299		1.02864e+07		-5.84219		0		0		2.69538e+06		585.259		
00:01:00:299		1.5128e+06		301.609		130.594		0		3		265.457			00:01:00:299		1.02972e+07		-5.83967		0		0		2.70033e+06		586.451		
00:01:00:200		1.51281e+06		301.189		130.559		0		3		265.508			00:01:00:200		1.03081e+07		-5.83727		0		0		2.70554e+06		587.98		
00:01:00:100		1.51281e+06		301.189		130.559		0		3		265.508			00:01:00:100		1.03081e+07		-5.83727		0		0		2.70554e+06		587.98		
00:01:00:100		1.51281e+06		301.189		130.559		0		3		265.561			00:01:00:100		1.03188e+07		-5.83509		0		0		2.71061e+06		589.659		
00:01:00:000		1.51282e+06		300.767		130.559		0		3		265.615			00:01:00:000		1.03295e+07		-5.83319		0		0		2.71479e+06		590.794		
00:00:59:850		1.51284e+06		300.767		130.525		0		3		265.699			00:00:59:850		1.03453e+07		-5.83068		0		0		2.71877e+06		592.096		
00:00:59:850		1.51284e+06		300.767		130.525		0		3		265.699			00:00:59:850		1.03453e+07		-5.83068		0		0		2.71877e+06		592.096		
00:00:59:700		1.51285e+06		300.344		130.49		0		3		265.782			00:00:59:700		1.03611e+07		-5.82804		0		0		2.72219e+06		592.703		
00:00:59:600		1.51286e+06		300.344		130.49		0		3		265.836			00:00:59:600		1.03715e+07		-5.82619		0		0		2.72191e+06		591.252		
00:00:59:399		1.51287e+06		299.918		130.455		0		3		265.935			00:00:59:399		1.03924e+07		-5.82229		0		0		2.72786e+06		592.306		
00:00:59:399		1.51287e+06		299.918		130.455		0		3		265.935			00:00:59:399		1.03924e+07		-5.82229		0		0		2.72786e+06		592.306		
00:00:59:299		1.51288e+06		299.918		130.455		0		3		265.988			00:00:59:299		1.04028e+07		-5.82023		0		0		2.73314e+06		593.723		
00:00:59:200		1.51289e+06		299.492		130.42		0		3		266.042			00:00:59:200		1.04132e+07		-5.81811		0		0		2.73826e+06		595.166		
00:00:59:149		1.5129e+06		299.492		130.42		0		3		266.069			00:00:59:149		1.04184e+07		-5.81702		0		0		2.74065e+06		595.877		
00:00:59:000		1.51291e+06		299.065		130.42		0		3		266.154			00:00:59:000		1.04338e+07		-5.81366		0		0		2.74687e+06		597.737		
00:00:58:899		1.51292e+06		299.065		130.385		0		3		266.211			00:00:58:899		1.0444e+07		-5.81133		0		0		2.74979e+06		598.681		
00:00:58:799		1.51293e+06		299.065		130.385		0		3		266.269			00:00:58:799		1.04541e+07		-5.80893		0		0		2.75255e+06		599.732		
00:00:58:700		1.51293e+06		298.634		130.35		0		3		266.327			00:00:58:700		1.04642e+07		-5.80647		0		0		2.75377e+06		599.425		
00:00:58:600		1.51294e+06		298.634		130.35		0		3		266.382			00:00:58:600		1.04743e+07		-5.80393		0		0		2.75364e+06		597.833		
00:00:58:399		1.51296e+06		298.202		130.316		0		3		266.488			00:00:58:399		1.04945e+07		-5.79866		0		0		2.76067e+06		599.666		
00:00:58:399		1.51296e+06		298.202		130.316		0		3		266.488			00:00:58:399		1.04945e+07		-5.79866		0		0		2.76067e+06		599.666		
00:00:58:200		1.51298e+06		297.768		130.281		0		3		266.601			00:00:58:200		1.05145e+07		-5.79312		0		0		2.77054e+06		602.302		
00:00:58:200		1.51298e+06		297.768		130.281		0		3		266.601			00:00:58:200		1.05145e+07		-5.79312		0		0		2.77054e+06		602.302		
00:00:58:100		1.51298e+06		297.768		130.281		0		3		266.659			00:00:58:100		1.05245e+07		-5.79026		0		0		2.77471e+06		603.743		
00:00:58:000		1.51299e+06		297.332		130.281		0		3		266.718			00:00:58:000		1.05343e+07		-5.78733		0		0		2.77825e+06		604.759		
00:00:57:899		1.513e+06		297.332		130.246		0		3		266.778			00:00:57:899		1.05442e+07		-5.78434		0		0		2.78079e+06		605.535		
00:00:57:799		1.51301e+06		297.332		130.246		0		3		266.837			00:00:57:799		1.0554e+07		-5.78128		0		0		2.78251e+06		605.933		
00:00:57:700		1.51302e+06		296.895		130.211		0		3		266.895			00:00:57:700		1.05638e+07		-5.77817		0		0		2.78345e+06		605.007		
00:00:57:600		1.51303e+06		296.895		130.211		0		3		266.951			00:00:57:600		1.05736e+07		-5.77499		0		0		2.78369e+06		603.988		
00:00:57:500		1.51304e+06		296.456		130.211		0		3		267.005			00:00:57:500		1.05834e+07		-5.77176		0		0		2.78776e+06		605.52		
00:00:57:399		1.51304e+06		296.456		130.177		0		3		267.063			00:00:57:399		1.05932e+07		-5.76848		0		0		2.79367e+06		607.092		
00:00:57:299		1.51306e+06		296.016		130.177		0		3		267.151			00:00:57:299		1.06077e+07		-5.76347		0		0		2.80013e+06		608.793		
00:00:57:200		1.51306e+06		296.016		130.143		0		3		267.181			00:00:57:200		1.06126e+07		-5.76178		0		0		2.8023e+06		609.632		
00:00:57:049		1.51307e+06		296.016		130.143		0		3		267.271			00:00:57:049		1.0627e+07		-5.75661		0		0		2.80757e+06		611.054		
00:00:56:950		1.51308e+06		295.572		130.108		0		3		267.331			00:00:56:950		1.06366e+07		-5.75311		0		0		2.80954e+06		611.381		
00:00:56:850		1.51309e+06		295.572		130.108		0		3		267.39			00:00:56:850		1.06461e+07		-5.74955		0		0		2.81166e+06		611.981		
00:00:56:750		1.5131e+06		295.128		130.108		0		3		267.449			00:00:56:750		1.06557e+07		-5.74593		0		0		2.81293e+06		610.999		
00:00:56:649		1.51311e+06		295.128		130.074		0		3		267.507			00:00:56:649		1.06652e+07		-5.74227		0		0		2.81432e+06		610.862		
00:00:56:549		1.51312e+06		295.128		130.074		0		3		267.564			00:00:56:549		1.06747e+07		-5.73855		0		0		2.81903e+06		612.583		
00:00:56:350		1.51313e+06		294.684		130.04		0		3		267.681			00:00:56:350		1.06936e+07		-5.73094		0		0		2.82793e+06		614.462		
00:00:56:350		1.51313e+06		294.684		130.04		0		3		267.681			00:00:56:350		1.06936e+07		-5.73094		0		0		2.82793e+06		614.462		
00:00:56:250		1.51314e+06		294.237		130.04		0		3		267.741			00:00:56:250		1.0703e+07		-5.72706		0		0		2.83204e+06		615.904		
00:00:56:200		1.51315e+06		294.237		130.007		0		3		267.802			00:00:56:200		1.07122e+07		-5.72314		0		0		2.83606e+06		617.017		
00:00:56:049		1.51316e+06		294.237		130.007		0		3		267.862			00:00:56:049		1.07214e+07		-5.71917		0		0		2.83892e+06		617.794		
00:00:55:950		1.51317e+06		293.788		129.973		0		3		267.921			00:00:55:950		1.07306e+07		-5.71515		0		0		2.8409e+06		617.866		
00:00:55:850		1.51318e+06		293.788		129.973		0		3		267.98			00:00:55:850		1.07397e+07		-5.71107		0		0		2.84331e+06		619.017		
00:00:55:750		1.51318e+06		293.337		129.973		0		3		268.039			00:00:55:750		1.07489e+07		-5.70695		0		0		2.84534e+06		618.473		
00:00:55:649		1.51319e+06		293.337		129.939		0		3		268.098			00:00:55:649		1.0758e+07		-5.70277		0		0		2.84608e+06		617.915		
00:00:55:549		1.5132e+06		293.337		129.939		0		3		268.156			00:00:55:549		1.07671e+07		-5.69855		0		0		2.84969e+06		619.099		
00:00:55:450		1.51321e+06		292.886		129.906		0		3		268.215			00:00:55:450		1.07761e+07		-5.69427		0		0		2.85482e+06		620.398		
00:00:55:350		1.51322e+06		292.886		129.906		0		3		268.275			00:00:55:350		1.07851e+07		-5.68994		0		0		2.85839e+06		620.946		
00:00:55:250		1.51323e+06		292.433		129.906		0		3		268.335			00:00:55:250		1.07941e+07		-5.68557		0		0		2.86226e+06		622.218		
00:00:55:149		1.51324e+06		292.433		129.873		0		3		268.396			00:00:55:149		1.08031e+07		-5.68113		0		0		2.86665e+06		623.534		
00:00:55:149		1.51324e+06		292.433		129.873		0		3		268.396			00:00:55:149		1.08031e+07		-5.68113		0		0		2.86665e+06		623.534		
00:00:55:049		1.51324e+06		292.433		129.873		0		3		268.457			00:00:55:049		1.0812e+07		-5.67665		0		0		2.86984e+06		624.565		
00:00:54:950		1.51325e+06		291.977		129.84		0		3		268.518			00:00:54:950		1.08209e+07		-5.67212		0		0		2.8723e+06		624.745		
00:00:54:850		1.51326e+06		291.977		129.84		0		3		268.578			00:00:54:850		1.08298e+07		-5.66754		0		0		2.87381e+06		625.372		
00:00:54:750		1.51327e+06		291.519		129.807		0		3		268.667			00:00:54:750		1.08431e+07		-5.66057		0		0		2.877e+06		625.091		
00:00:54:600		1.51328e+06		291.519		129.807		0		3		268.727			00:00:54:600		1.0852e+07		-5.65585		0		0		2.87839e+06		625.007		
00:00:54:399		1.5133e+06		291.062		129.774		0		3		268.848			00:00:54:399		1.08697e+07		-5.64626		0		0		2.88695e+06		627.255		
00:00:54:299		1.51331e+06		291.062		129.774		0		3		268.908			00:00:54:299		1.08786e+07		-5.64137		0		0		2.89034e+06		627.893		
00:00:54:299		1.51331e+06		291.062		129.774		0		3		268.908			00:00:54:299		1.08786e+07		-5.64137		0		0		2.89034e+06		627.893		
00:00:54:200		1.51332e+06		290.6		129.742		0		3		268.968			00:00:54:200		1.08874e+07		-5.63642		0		0		2.89452e+06		629.352		
00:00:54:100		1.51332e+06		290.6		129.742		0		3		269.029			00:00:54:100		1.08963e+07		-5.6314		0		0		2.89853e+06		630.363		
00:00:54:000		1.51333e+06		290.138		129.742		0		3		269.091			00:00:54:000		1.09051e+07		-5.62631		0		0		2.90166e+06		631.535		
00:00:53:899		1.51334e+06		290.138		129.709		0		3		269.151			00:00:53:899		1.0914e+07		-5.62116		0		0		2.90419e+06		631.763		
00:00:53:799		1.51335e+06		290.138		129.709		0		3		269.21			00:00:53:799		1.0923e+07		-5.61595		0		0		2.9056e+06		632.371		
00:00:53:700		1.51336e+06		289.675		129.677		0		3		269.268			00:00:53:700		1.0932e+07		-5.61067		0		0		2.90799e+06		632.277		
00:00:53:600		1.51337e+06		289.675		129.677		0		3		269.327			00:00:53:600		1.09409e+07		-5.60533		0		0		2.90863e+06		631.696		
00:00:53:399		1.51338e+06		289.212		129.645		0		3		269.443			00:00:53:399		1.09588e+07		-5.5945		0		0		2.9163e+06		633.734		
00:00:53:399		1.51338e+06		289.212		129.645		0		3		269.443			00:00:53:399		1.09588e+07		-5.5945		0		0		2.9163e+06		633.734		
00:00:53:299		1.51339e+06		289.212		129.645		0		3		269.501			00:00:53:299		1.09677e+07		-5.589		0		0		2.92001e+06		634.369		
00:00:53:200		1.5134e+06		288.746		129.613		0		3		269.558			00:00:53:200		1.09765e+07		-5.58345		0		0		2.92404e+06		635.759		
00:00:53:100		1.51341e+06		288.746		129.613		0		3		269.616			00:00:53:100		1.09853e+07		-5.57785		0		0		2.928e+06		636.692		
00:00:53:000		1.51342e+06		288.278		129.613		0		3		269.674			00:00:53:000		1.09941e+07		-5.57221		0		0		2.93092e+06		637.544		
00:00:52:899		1.51343e+06		288.278		129.582		0		3		269.731			00:00:52:899		1.10029e+07		-5.56651		0		0		2.93383e+06		638.312		
00:00:52:799		1.51344e+06		288.278		129.582		0		3		269.787			00:00:52:799		1.10116e+07		-5.56077		0		0		2.93599e+06		638.845		
00:00:52:700		1.51344e+06		287.808		129.55		0		3		269.842			00:00:52:700		1.10203e+07		-5.55497		0		0		2.93818e+06		639.387		
00:00:52:600		1.51345e+06		287.808		129.55		0		3		269.897			00:00:52:600		1.10289e+07		-5.54912		0		0		2.93977e+06		639.06		
00:00:52:500		1.51346e+06		287.336		129.55		0		3		269.952			00:00:52:500		1.10375e+07		-5.54322		0		0		2.94075e+06		638.738		
00:00:52:399		1.51347e+06		287.336		129.519		0		3		270.007			00:00:52:399		1.10461e+07		-5.53727		0		0		2.944e+06		639.638		
00:00:52:299		1.51348e+06		287.336		129.519		0		3		270.062			00:00:52:299		1.10546e+07		-5.53127		0		0		2.94836e+06		640.615		
00:00:52:200		1.51349e+06		286.865		129.488		0		3		270.115			00:00:52:200		1.1063e+07		-5.52521		0		0		2.952e+06		641.706		
00:00:52:100		1.51349e+06		286.865		129.488		0		3		270.169			00:00:52:100		1.10715e+07		-5.51911		0		0		2.95613e+06		642.898		
00:00:52:000		1.5135e+06		286.39		129.488		0		3		270.224			00:00:52:000		1.10798e+07		-5.51295		0		0		2.95917e+06		643.67		
00:00:51:850		1.51352e+06		286.39		129.457		0		3		270.305			00:00:51:850		1.10923e+07		-5.5036		0		0		2.96271e+06		644.149		
00:00:51:750		1.51352e+06		285.915		129.457		0		3		270.359			00:00:51:750		1.11006e+07		-5.49729		0		0		2.96551e+06		645.277		
00:00:51:649		1.51353e+06		285.915		129.427		0		3		270.413			00:00:51:649		1.11089e+07		-5.49092		0		0		2.96884e+06		646.572		
00:00:51:549		1.51354e+06		285.915		129.427		0		3		270.464			00:00:51:549		1.11172e+07		-5.48449		0		0		2.97006e+06		646.037		
00:00:51:450		1.51355e+06		285.44		129.397		0		3		270.517			00:00:51:450		1.11255e+07		-5.47799		0		0		2.97056e+06		645.478		
00:00:51:350		1.51356e+06		285.44		129.397		0		3		270.57			00:00:51:350		1.11337e+07		-5.47141		0		0		2.97275e+06		645.849		
00:00:51:250		1.51357e+06		284.963		129.397		0		3		270.624			00:00:51:250		1.11419e+07		-5.46476		0		0		2.97651e+06		646.994		
00:00:51:149		1.51358e+06		284.963		129.367		0		3		270.677			00:00:51:149		1.115e+07		-5.45805		0		0		2.98021e+06		647.734		
00:00:51:049		1.51358e+06		284.963		129.367		0		3		270.729			00:00:51:049		1.11581e+07		-5.45127		0		0		2.98404e+06		649.291		
00:00:50:950		1.51359e+06		284.482		129.338		0		3		270.783			00:00:50:950		1.11661e+07		-5.44442		0		0		2.98734e+06		650.11		
00:00:50:850		1.5136e+06		284.482		129.338		0		3		270.836			00:00:50:850		1.1174e+07		-5.43751		0		0		2.98919e+06		650.29		
00:00:50:799		1.51361e+06		284.482		129.338		0		3		270.863			00:00:50:799		1.1178e+07		-5.43403		0		0		2.98991e+06		650.43		
00:00:50:700		1.51361e+06		284.001		129.31		0		3		270.917			00:00:50:700		1.11859e+07		-5.42702		0		0		2.99205e+06		651.309		
00:00:50:600		1.51362e+06		284.001		129.31		0		3		270.972			00:00:50:600		1.11938e+07		-5.41995		0		0		2.99427e+06		651.878		
00:00:50:450		1.51363e+06		283.517		129.282		0		3		271.059			00:00:50:450		1.12054e+07		-5.40924		0		0		2.99646e+06		652.917		
00:00:50:350		1.51364e+06		283.517		129.282		0		3		271.118			00:00:50:350		1.12132e+07		-5.40203		0		0		2.99671e+06		651.837		
00:00:50:250		1.51365e+06		283.03		129.282		0		3		271.171			00:00:50:250		1.12209e+07		-5.39477		0		0		2.99591e+06		650.946		
00:00:50:149		1.51366e+06		283.03		129.254		0		3		271.225			00:00:50:149		1.12287e+07		-5.38747		0		0		2.99785e+06		650.344		
00:00:50:049		1.51367e+06		283.03		129.254		0		3		271.275			00:00:50:049		1.12364e+07		-5.38013		0		0		3.00059e+06		649.845		
00:00:49:950		1.51368e+06		282.542		129.226		0		3		271.32			00:00:49:950		1.12443e+07		-5.37275		0		0		3.00653e+06		651.724		
00:00:49:850		1.51369e+06		282.542		129.226		0		3		271.369			00:00:49:850		1.12521e+07		-5.36536		0		0		3.01476e+06		654.047		
00:00:49:750		1.51369e+06		282.053		129.226		0		3		271.416			00:00:49:750		1.126e+07		-5.35795		0		0		3.02145e+06		655.642		
00:00:49:649		1.5137e+06		282.053		129.2		0		3		271.463			00:00:49:649		1.12678e+07		-5.35054		0		0		3.02724e+06		657.138		
00:00:49:549		1.51371e+06		282.053		129.2		0		3		271.514			00:00:49:549		1.12757e+07		-5.34311		0		0		3.03301e+06		659.044		
00:00:49:549		1.51371e+06		282.053		129.2		0		3		271.514			00:00:49:549		1.12757e+07		-5.34311		0		0		3.03301e+06		659.044		
00:00:49:350		1.51373e+06		281.562		129.173		0		3		271.621			00:00:49:350		1.12912e+07		-5.32824		0		0		3.04253e+06		662.463		
00:00:49:350		1.51373e+06		281.562		129.173		0		3		271.621			00:00:49:350		1.12912e+07		-5.32824		0		0		3.04253e+06		662.463		
00:00:49:200		1.51374e+06		281.067		129.147		0		3		271.706			00:00:49:200		1.13028e+07		-5.31705		0		0		3.04367e+06		662.7		
00:00:49:100		1.51375e+06		281.067		129.147		0		3		271.763			00:00:49:100		1.13104e+07		-5.30955		0		0		3.04445e+06		661.635		
00:00:49:049		1.51375e+06		281.067		129.147		0		3		271.789			00:00:49:049		1.13142e+07		-5.30579		0		0		3.04414e+06		661.216		
00:00:48:950		1.51377e+06		280.571		129.122		0		3		271.868			00:00:48:950		1.13255e+07		-5.29445		0		0		3.04763e+06		661.244		
00:00:48:799		1.51378e+06		280.571		129.122		0		3		271.919			00:00:48:799		1.13331e+07		-5.28683		0		0		3.05084e+06		661.107		
00:00:48:700		1.51378e+06		280.073		129.097		0		3		271.966			00:00:48:700		1.13408e+07		-5.27917		0		0		3.05655e+06		662.971		
00:00:48:600		1.51379e+06		280.073		129.097		0		3		272.013			00:00:48:600		1.13485e+07		-5.27146		0		0		3.06383e+06		664.831		
00:00:48:299		1.51382e+06		279.573		129.073		0		3		272.162			00:00:48:299		1.13716e+07		-5.2481		0		0		3.08126e+06		670.364		
00:00:48:299		1.51382e+06		279.573		129.073		0		3		272.162			00:00:48:299		1.13716e+07		-5.2481		0		0		3.08126e+06		670.364		
00:00:48:200		1.51383e+06		279.07		129.05		0		3		272.216			00:00:48:200		1.13792e+07		-5.24025		0		0		3.08699e+06		672.883		
00:00:48:200		1.51383e+06		279.07		129.05		0		3		272.216			00:00:48:200		1.13792e+07		-5.24025		0		0		3.08699e+06		672.883		
00:00:48:100		1.51383e+06		279.07		129.05		0		3		272.272			00:00:48:100		1.13868e+07		-5.23236		0		0		3.08742e+06		671.215		
00:00:48:000		1.51384e+06		278.565		129.05		0		3		272.327			00:00:48:000		1.13943e+07		-5.22444		0		0		3.08661e+06		670.585		
00:00:47:899		1.51385e+06		278.565		129.027		0		3		272.378			00:00:47:899		1.14018e+07		-5.21648		0		0		3.08863e+06		670.661		
00:00:47:799		1.51386e+06		278.565		129.027		0		3		272.429			00:00:47:799		1.14094e+07		-5.20848		0		0		3.09221e+06		671.323		
00:00:47:700		1.51387e+06		278.056		129.005		0		3		272.482			00:00:47:700		1.14169e+07		-5.20043		0		0		3.09586e+06		671.405		
00:00:47:600		1.51388e+06		278.056		129.005		0		3		272.533			00:00:47:600		1.14244e+07		-5.19235		0		0		3.09992e+06		671.867		
00:00:47:399		1.51389e+06		277.547		128.983		0		3		272.626			00:00:47:399		1.14396e+07		-5.17603		0		0		3.11274e+06		675.157		
00:00:47:399		1.51389e+06		277.547		128.983		0		3		272.626			00:00:47:399		1.14396e+07		-5.17603		0		0		3.11274e+06		675.157		
00:00:47:299		1.5139e+06		277.547		128.983		0		3		272.676			00:00:47:299		1.14471e+07		-5.16781		0		0		3.11817e+06		676.315		
00:00:47:200		1.51391e+06		277.035		128.962		0		3		272.728			00:00:47:200		1.14547e+07		-5.15955		0		0		3.12436e+06		678.824		
00:00:47:000		1.51392e+06		277.035		128.962		0		3		272.782			00:00:47:000		1.14622e+07		-5.15126		0		0		3.13154e+06		682.689		
00:00:47:000		1.51393e+06		276.522		128.962		0		3		272.838			00:00:47:000		1.14697e+07		-5.14292		0		0		3.13454e+06		682.334		
00:00:46:899		1.51394e+06		276.522		128.942		0		3		272.892			00:00:46:899		1.14772e+07		-5.13455		0		0		3.13121e+06		679.552		
00:00:46:799		1.51395e+06		276.522		128.942		0		3		272.941			00:00:46:799		1.14847e+07		-5.12614		0		0		3.13248e+06		679.852		
00:00:46:700		1.51395e+06		276.006		128.922		0		3		272.99			00:00:46:700		1.14922e+07		-5.1177		0		0		3.13675e+06		680.755		
00:00:46:600		1.51396e+06		276.006		128.922		0		3		273.043			00:00:46:600		1.14997e+07		-5.10924		0		0		3.14121e+06		681.346		
00:00:46:399		1.51397e+06		275.487		128.922		0		3		273.096			00:00:46:399		1.15072e+07		-5.10074		0		0		3.14539e+06		681.625		
00:00:46:399		1.51398e+06		275.487		128.903		0		3		273.143			00:00:46:399		1.15147e+07		-5.09223		0		0		3.15081e+06		683		
00:00:46:299		1.51399e+06		275.487		128.903		0		3		273.189			00:00:46:299		1.15223e+07		-5.0837		0		0		3.15777e+06		684.749		
00:00:46:200		1.514e+06		274.964		128.885		0		3		273.238			00:00:46:200		1.15298e+07		-5.07516		0		0		3.16373e+06		685.937		
00:00:46:100		1.514e+06		274.964		128.885		0		3		273.29			00:00:46:100		1.15374e+07		-5.06662		0		0		3.16989e+06		688.044		
00:00:45:950		1.51402e+06		274.441		128.867		0		3		273.372			00:00:45:950		1.15488e+07		-5.05382		0		0		3.18061e+06		693.654		
00:00:45:850		1.51403e+06		274.441		128.867		0		3		273.429			00:00:45:850		1.15563e+07		-5.04528		0		0		3.18156e+06		691.969		
00:00:45:750		1.51403e+06		273.916		128.867		0		3		273.482			00:00:45:750		1.15638e+07		-5.03673		0		0		3.17774e+06		689.123		
00:00:45:649		1.51404e+06		273.916		128.851		0		3		273.528			00:00:45:649		1.15714e+07		-5.02816		0		0		3.17961e+06		689.635		
00:00:45:549		1.51405e+06		273.916		128.851		0		3		273.579			00:00:45:549		1.1579e+07		-5.01957		0		0		3.18472e+06		690.753		
00:00:45:450		1.51406e+06		273.387		128.835		0		3		273.632			00:00:45:450		1.15865e+07		-5.01094		0		0		3.1899e+06		691.633		
00:00:45:350		1.51407e+06		273.387		128.835		0		3		273.683			00:00:45:350		1.15941e+07		-5.00228		0		0		3.19472e+06		692.127		
00:00:45:250		1.51408e+06		272.854		128.835		0		3		273.729			00:00:45:250		1.16017e+07		-4.99358		0		0		3.20041e+06		693.511		
00:00:45:200		1.51408e+06		272.854		128.82		0		3		273.752			00:00:45:200		1.16055e+07		-4.98922		0		0		3.2039e+06		694.429		
00:00:45:100		1.51409e+06		272.854		128.82		0		3		273.801			00:00:45:100		1.16132e+07		-4.98047		0		0		3.21057e+06		695.776		
00:00:45:000		1.5141e+06		272.321		128.82		0		3		273.854			00:00:45:000		1.16208e+07		-4.97171		0		0		3.2169e+06		697.666		
00:00:44:899		1.51411e+06		272.321		128.806		0		3		273.909			00:00:44:899		1.16284e+07		-4.96293		0		0		3.2247e+06		702.047		
00:00:44:750		1.51412e+06		271.785		128.806		0		3		273.995			00:00:44:750		1.16398e+07		-4.94971		0		0		3.23066e+06		702.881		
00:00:44:649		1.51413e+06		271.785		128.793		0		3		274.05			00:00:44:649		1.16473e+07		-4.94086		0		0		3.22657e+06		699.6		
00:00:44:549		1.51414e+06		271.785		128.793		0		3		274.099			00:00:44:549		1.16548e+07		-4.93197		0		0		3.22726e+06		699.547		
00:00:44:450		1.51414e+06		271.247		128.782		0		3		274.147			00:00:44:450		1.16624e+07		-4.92305		0		0		3.23269e+06		700.799		
00:00:44:350		1.51415e+06		271.247		128.782		0		3		274.198			00:00:44:350		1.167e+07		-4.91409		0		0		3.2383e+06		701.829		
00:00:44:250		1.51416e+06		270.705		128.782		0		3		274.249			00:00:44:250		1.16777e+07		-4.90511		0		0		3.24356e+06		702.494		
00:00:44:149		1.51417e+06		270.705		128.771		0		3		274.297			00:00:44:149		1.16853e+07		-4.89611		0		0		3.2495e+06		703.789		
00:00:44:049		1.51418e+06		270.705		128.771		0		3		274.346			00:00:44:049		1.16929e+07		-4.88707		0		0		3.25665e+06		705.519		
00:00:43:950		1.51419e+06		270.161		128.761		0		3		274.398			00:00:43:950		1.17006e+07		-4.87801		0		0		3.26338e+06		707.143		
00:00:43:850		1.5142e+06		270.161		128.761		0		3		274.454			00:00:43:850		1.17082e+07		-4.86893		0		0		3.27117e+06		711.222		
00:00:43:750		1.5142e+06		269.614		128.761		0		3		274.512			00:00:43:750		1.17158e+07		-4.85983		0		0		3.27897e+06		714.867		
00:00:43:750		1.5142e+06		269.614		128.761		0		3		274.512			00:00:43:750		1.17158e+07		-4.85983		0		0		3.27897e+06		714.867		
00:00:43:649		1.51421e+06		269.614		128.753		0		3		274.571			00:00:43:649		1.17234e+07		-4.8507		0		0		3.27872e+06		712.606		
00:00:43:549		1.51422e+06		269.614		128.753		0		3		274.627			00:00:43:549		1.17309e+07		-4.84154		0		0		3.27502e+06		709.735		
00:00:43:299		1.51424e+06		269.066		128.745		0		3		274.749			00:00:43:299		1.175e+07		-4.8185		0		0		3.28527e+06		711.638		
00:00:43:299		1.51424e+06		269.066		128.745		0		3		274.749			00:00:43:299		1.175e+07		-4.8185		0		0		3.28527e+06		711.638		
00:00:43:200		1.51425e+06		268.514		128.739		0		3		274.799			00:00:43:200		1.17576e+07		-4.80925		0		0		3.29115e+06		712.466		
00:00:43:100		1.51426e+06		268.514		128.739		0		3		274.848			00:00:43:100		1.17652e+07		-4.79996		0		0		3.29743e+06		713.695		
00:00:43:000		1.51427e+06		267.961		128.739		0		3		274.899			00:00:43:000		1.17728e+07		-4.79064		0		0		3.30501e+06		715.683		
00:00:42:899		1.51428e+06		267.961		128.734		0		3		274.951			00:00:42:899		1.17805e+07		-4.78128		0		0		3.31265e+06		717.811		
00:00:42:799		1.51429e+06		267.961		128.734		0		3		275.008			00:00:42:799		1.17881e+07		-4.77189		0		0		3.32098e+06		722.185		
00:00:42:700		1.51429e+06		267.403		128.73		0		2.99966		275.067			00:00:42:700		1.17957e+07		-4.76248		0		0		3.32808e+06		725.347		
00:00:42:600		1.5143e+06		267.403		128.73		0		2.99966		275.125			00:00:42:600		1.18033e+07		-4.75306		0		0		3.32707e+06		722.794		
00:00:42:549		1.51431e+06		267.403		128.73		0		2.99966		275.153			00:00:42:549		1.18072e+07		-4.74833		0		0		3.32495e+06		721.265		
00:00:42:350		1.51432e+06		266.844		128.728		0		2.98443		275.254			00:00:42:350		1.18224e+07		-4.7294		0		0		3.32826e+06		720.887		
00:00:42:350		1.51432e+06		266.844		128.728		0		2.98443		275.254			00:00:42:350		1.18224e+07		-4.7294		0		0		3.32826e+06		720.887		
00:00:42:200		1.51434e+06		266.284		128.727		0		2.96915		275.327			00:00:42:200		1.18337e+07		-4.71515		0		0		3.33721e+06		722.261		
00:00:42:100		1.51434e+06		266.284		128.727		0		2.96915		275.376			00:00:42:100		1.18413e+07		-4.70562		0		0		3.34355e+06		723.267		
00:00:42:000		1.51435e+06		265.72		128.727		0		2.96915		275.426			00:00:42:000		1.18488e+07		-4.69607		0		0		3.35101e+06		725.139		
00:00:41:899		1.51436e+06		265.72		128.728		0		2.95382		275.479			00:00:41:899		1.18564e+07		-4.68649		0		0		3.35946e+06		727.587		
00:00:41:799		1.51437e+06		265.72		128.728		0		2.95382		275.536			00:00:41:799		1.18641e+07		-4.67689		0		0		3.36816e+06		731.976		
00:00:41:700		1.51438e+06		265.153		128.73		0		2.93848		275.595			00:00:41:700		1.18717e+07		-4.66729		0		0		3.37607e+06		735.512		
00:00:41:600		1.51439e+06		265.153		128.73		0		2.93848		275.654			00:00:41:600		1.18794e+07		-4.65768		0		0		3.3758e+06		733.399		
00:00:41:399		1.5144e+06		264.586		128.733		0		2.92311		275.764			00:00:41:399		1.18946e+07		-4.63855		0		0		3.37334e+06		730.245		
00:00:41:299		1.51441e+06		264.586		128.733		0		2.92311		275.812			00:00:41:299		1.19019e+07		-4.62902		0		0		3.37931e+06		731.628		
00:00:41:299		1.51441e+06		264.586		128.733		0		2.92311		275.812			00:00:41:299		1.19019e+07		-4.62902		0		0		3.37931e+06		731.628		
00:00:41:200		1.51442e+06		264.013		128.739		0		2.90769		275.862			00:00:41:200		1.19093e+07		-4.61949		0		0		3.3853e+06		732.335		
00:00:41:100		1.51443e+06		264.013		128.739		0		2.90769		275.911			00:00:41:100		1.19166e+07		-4.60995		0		0		3.39156e+06		733.188		
00:00:41:000		1.51444e+06		263.438		128.739		0		2.90769		275.962			00:00:41:000		1.1924e+07		-4.60039		0		0		3.39959e+06		735.301		
00:00:40:899		1.51445e+06		263.438		128.746		0		2.89222		276.015			00:00:40:899		1.19313e+07		-4.59079		0		0		3.40897e+06		738.415		
00:00:40:799		1.51446e+06		263.438		128.746		0		2.89222		276.074			00:00:40:799		1.19387e+07		-4.58115		0		0		3.4185e+06		743.293		
00:00:40:700		1.51446e+06		262.861		128.755		0		2.87675		276.134			00:00:40:700		1.19461e+07		-4.57149		0		0		3.42554e+06		745.959		
00:00:40:600		1.51447e+06		262.861		128.755		0		2.87675		276.193			00:00:40:600		1.19535e+07		-4.56182		0		0		3.42405e+06		743.56		
00:00:40:450		1.51448e+06		262.281		128.765		0		2.86124		276.277			00:00:40:450		1.19646e+07		-4.54728		0		0		3.42138e+06		740.338		
00:00:40:350		1.51449e+06		262.281		128.765		0		2.86124		276.325			00:00:40:350		1.1972e+07		-4.53754		0		0		3.42519e+06		741.486		
00:00:40:250		1.5145e+06		261.699		128.765		0		2.86124		276.377			00:00:40:250		1.19794e+07		-4.52778		0		0		3.43195e+06		742.533		
00:00:40:149		1.51451e+06		261.699		128.778		0		2.84568		276.427			00:00:40:149		1.19867e+07		-4.518		0		0		3.43813e+06		743.206		
00:00:40:049		1.51452e+06		261.699		128.778		0		2.84568		276.478			00:00:40:049		1.19941e+07		-4.50818		0		0		3.44536e+06		744.852		
00:00:39:950		1.51453e+06		261.114		128.792		0		2.83007		276.532			00:00:39:950		1.20015e+07		-4.49832		0		0		3.45474e+06		748.077		
00:00:39:850		1.51454e+06		261.114		128.792		0		2.83007		276.591			00:00:39:850		1.20089e+07		-4.48842		0		0		3.46438e+06		752.575		
00:00:39:750		1.51454e+06		260.526		128.792		0		2.83007		276.65			00:00:39:750		1.20163e+07		-4.47851		0		0		3.47203e+06		755.811		
00:00:39:649		1.51455e+06		260.526		128.809		0		2.81446		276.71			00:00:39:649		1.20238e+07		-4.4686		0		0		3.47145e+06		753.609		
00:00:39:549		1.51456e+06		260.526		128.809		0		2.81446		276.768			00:00:39:549		1.20313e+07		-4.4587		0		0		3.46957e+06		751.612		
00:00:39:450		1.51457e+06		259.935		128.828		0		2.7988		276.822			00:00:39:450		1.20387e+07		-4.4488		0		0		3.47026e+06		750.549		
00:00:39:350		1.51458e+06		259.935		128.828		0		2.7988		276.87			00:00:39:350		1.20462e+07		-4.4389		0		0		3.47608e+06		752.079		
00:00:39:250		1.51459e+06		259.341		128.828		0		2.7988		276.921			00:00:39:250		1.20536e+07		-4.42901		0		0		3.48284e+06		753		
00:00:39:149		1.5146e+06		259.341		128.848		0		2.78309		276.972			00:00:39:149		1.2061e+07		-4.41912		0		0		3.48961e+06		753.975		
00:00:39:049		1.5146e+06		259.341		128.848		0		2.78309		277.025			00:00:39:049		1.20684e+07		-4.40922		0		0		3.49819e+06		756.649		
00:00:38:950		1.51461e+06		258.743		128.871		0		2.76735		277.082			00:00:38:950		1.20759e+07		-4.3993		0		0		3.50851e+06		761.193		
00:00:38:850		1.51462e+06		258.743		128.871		0		2.76735		277.141			00:00:38:850		1.20833e+07		-4.38939		0		0		3.51763e+06		765.547		
00:00:38:750		1.51463e+06		258.144		128.871		0		2.76735		277.2			00:00:38:750		1.20908e+07		-4.37947		0		0		3.51951e+06		764.205		
00:00:38:649		1.51464e+06		258.144		128.896		0		2.75159		277.257			00:00:38:649		1.20982e+07		-4.36957		0		0		3.51708e+06		762.3		
00:00:38:549		1.51465e+06		258.144		128.896		0		2.75159		277.312			00:00:38:549		1.21057e+07		-4.35965		0		0		3.51721e+06		760.476		
00:00:38:450		1.51465e+06		257.541		128.923		0		2.73579		277.36			00:00:38:450		1.21131e+07		-4.34974		0		0		3.52152e+06		761.639		
00:00:38:350		1.51466e+06		257.541		128.923		0		2.73579		277.411			00:00:38:350		1.21205e+07		-4.33981		0		0		3.52897e+06		762.827		
00:00:38:350		1.51466e+06		257.541		128.923		0		2.73579		277.411			00:00:38:350		1.21205e+07		-4.33981		0		0		3.52897e+06		762.827		
00:00:38:250		1.51467e+06		256.936		128.923		0		2.73579		277.462			00:00:38:250		1.21279e+07		-4.32986		0		0		3.5361e+06		763.892		
00:00:38:149		1.51468e+06		256.936		128.953		0		2.71992		277.515			00:00:38:149		1.21352e+07		-4.3199		0		0		3.54465e+06		766.572		
00:00:38:049		1.51469e+06		256.936		128.953		0		2.71992		277.572			00:00:38:049		1.21425e+07		-4.30993		0		0		3.55537e+06		771.661		
00:00:37:950		1.5147e+06		256.329		128.985		0		2.70405		277.631			00:00:37:950		1.21499e+07		-4.29994		0		0		3.56419e+06		775.082		
00:00:37:850		1.51471e+06		256.329		128.985		0		2.70405		277.717			00:00:37:850		1.21608e+07		-4.28496		0		0		3.56328e+06		772.633		
00:00:37:700		1.51472e+06		255.719		129.021		0		2.68814		277.772			00:00:37:700		1.21682e+07		-4.27495		0		0		3.56384e+06		771.053		
00:00:37:649		1.51472e+06		255.719		129.021		0		2.68814		277.799			00:00:37:649		1.21718e+07		-4.26994		0		0		3.56452e+06		770.456		
00:00:37:500		1.51474e+06		255.107		129.021		0		2.68814		277.872			00:00:37:500		1.21828e+07		-4.25488		0		0		3.57345e+06		772.45		
00:00:37:299		1.51475e+06		255.107		129.059		0		2.67217		277.978			00:00:37:299		1.21974e+07		-4.23479		0		0		3.58908e+06		776.086		
00:00:37:299		1.51475e+06		255.107		129.059		0		2.67217		277.978			00:00:37:299		1.21974e+07		-4.23479		0		0		3.58908e+06		776.086		
00:00:37:200		1.51476e+06		254.493		129.099		0		2.65618		278.035			00:00:37:200		1.22047e+07		-4.22474		0		0		3.59973e+06		781.321		
00:00:37:100		1.51477e+06		254.493		129.099		0		2.65618		278.093			00:00:37:100		1.22121e+07		-4.21471		0		0		3.60851e+06		784.475		
00:00:37:000		1.51478e+06		253.876		129.099		0		2.65618		278.15			00:00:37:000		1.22194e+07		-4.2047		0		0		3.6083e+06		782.326		
00:00:36:899		1.51479e+06		253.876		129.141		0		2.64016		278.206			00:00:36:899		1.22267e+07		-4.19472		0		0		3.60776e+06		781.048		
00:00:36:799		1.5148e+06		253.876		129.141		0		2.64016		278.259			00:00:36:799		1.2234e+07		-4.18478		0		0		3.60996e+06		780.111		
00:00:36:700		1.5148e+06		253.256		129.186		0		2.62408		278.308			00:00:36:700		1.22413e+07		-4.17486		0		0		3.61615e+06		781.582		
00:00:36:600		1.51481e+06		253.256		129.186		0		2.62408		278.361			00:00:36:600		1.22487e+07		-4.16495		0		0		3.62441e+06		783.288		
00:00:36:500		1.51482e+06		252.634		129.186		0		2.62408		278.417			00:00:36:500		1.2256e+07		-4.15506		0		0		3.6338e+06		787.2		
00:00:36:299		1.51484e+06		252.634		129.232		0		2.60798		278.533			00:00:36:299		1.22707e+07		-4.13526		0		0		3.64788e+06		791.606		
00:00:36:299		1.51484e+06		252.634		129.232		0		2.60798		278.533			00:00:36:299		1.22707e+07		-4.13526		0		0		3.64788e+06		791.606		
00:00:36:200		1.51485e+06		252.008		129.28		0		2.59185		278.591			00:00:36:200		1.22781e+07		-4.12533		0		0		3.647e+06		790.68		
00:00:36:100		1.51485e+06		252.008		129.28		0		2.59185		278.647			00:00:36:100		1.22855e+07		-4.11536		0		0		3.64858e+06		789.572		
00:00:36:000		1.51486e+06		251.379		129.28		0		2.59185		278.701			00:00:36:000		1.22928e+07		-4.10533		0		0		3.65113e+06		788.915		
00:00:35:899		1.51487e+06		251.379		129.331		0		2.57567		278.75			00:00:35:899		1.23002e+07		-4.09524		0		0		3.65817e+06		790.62		
00:00:35:799		1.51488e+06		251.379		129.331		0		2.57567		278.804			00:00:35:799		1.23076e+07		-4.08506		0		0		3.66645e+06		792.106		
00:00:35:700		1.51489e+06		250.746		129.383		0		2.55945		278.86			00:00:35:700		1.2315e+07		-4.07479		0		0		3.67564e+06		795.739		
00:00:35:600		1.5149e+06		250.746		129.383		0		2.55945		278.918			00:00:35:600		1.23224e+07		-4.06445		0		0		3.68699e+06		801.304		
00:00:35:399		1.51491e+06		250.111		129.438		0		2.5432		279.032			00:00:35:399		1.23371e+07		-4.04355		0		0		3.68994e+06		798.629		
00:00:35:299		1.51492e+06		250.111		129.438		0		2.5432		279.087			00:00:35:299		1.23444e+07		-4.03304		0		0		3.69205e+06		797.644		
00:00:35:299		1.51492e+06		250.111		129.438		0		2.5432		279.087			00:00:35:299		1.23444e+07		-4.03304		0		0		3.69205e+06		797.644		
00:00:35:200		1.51493e+06		249.472		129.495		0		2.5269		279.14			00:00:35:200		1.23518e+07		-4.02254		0		0		3.69822e+06		799.528		
00:00:35:100		1.51494e+06		249.472		129.495		0		2.5269		279.195			00:00:35:100		1.23591e+07		-4.01208		0		0		3.70812e+06		803.156		
00:00:34:950		1.51495e+06		248.831		129.555		0		2.51058		279.284			00:00:34:950		1.23702e+07		-3.99661		0		0		3.72074e+06		807.889		
00:00:34:850		1.51496e+06		248.831		129.555		0		2.51058		279.342			00:00:34:850		1.23776e+07		-3.98651		0		0		3.72171e+06		806.752		
00:00:34:750		1.51497e+06		248.187		129.555		0		2.51058		279.4			00:00:34:750		1.2385e+07		-3.97661		0		0		3.72303e+06		806.237		
00:00:34:649		1.51498e+06		248.187		129.617		0		2.49421		279.456			00:00:34:649		1.23924e+07		-3.96691		0		0		3.7253e+06		804.972		
00:00:34:549		1.51499e+06		248.187		129.617		0		2.49421		279.509			00:00:34:549		1.23998e+07		-3.95739		0		11.7031		3.73014e+06		805.776		
00:00:34:450		1.51499e+06		247.54		129.682		0		2.47779		279.561			00:00:34:450		1.24072e+07		-3.94803		0		0		3.7392e+06		807.816		
00:00:34:350		1.515e+06		247.54		129.682		0		2.47779		279.617			00:00:34:350		1.24146e+07		-3.93876		0		0		3.74859e+06		811.285		
00:00:34:250		1.51501e+06		246.89		129.682		0		2.47779		279.676			00:00:34:250		1.2422e+07		-3.92957		0		0		3.75968e+06		816.529		
00:00:34:200		1.51502e+06		246.89		129.748		0		2.46135		279.705			00:00:34:200		1.24257e+07		-3.92498		0		0		3.76365e+06		817.315		
00:00:34:049		1.51503e+06		246.89		129.748		0		2.46135		279.789			00:00:34:049		1.24368e+07		-3.91119		0		0		3.76389e+06		814.265		
00:00:33:950		1.51504e+06		246.237		129.816		0		2.44486		279.845			00:00:33:950		1.24442e+07		-3.90194		0		0		3.76679e+06		813.688		
00:00:33:850		1.51505e+06		246.237		129.816		0		2.44486		279.901			00:00:33:850		1.24516e+07		-3.89261		0		0		3.77339e+06		815.83		
00:00:33:750		1.51505e+06		245.58		129.816		0		2.44486		279.957			00:00:33:750		1.2459e+07		-3.88319		0		0		3.78385e+06		820.29		
00:00:33:649		1.51506e+06		245.58		129.885		0		2.42834		280.016			00:00:33:649		1.24664e+07		-3.87366		0		0		3.79225e+06		823.126		
00:00:33:549		1.51507e+06		245.58		129.885		0		2.42834		280.074			00:00:33:549		1.24738e+07		-3.86404		0		0		3.79418e+06		822.186		
00:00:33:450		1.51508e+06		244.921		129.956		0		2.41178		280.132			00:00:33:450		1.24813e+07		-3.85432		0		0		3.79542e+06		821.609		
00:00:33:350		1.51509e+06		244.921		129.956		0		2.41178		280.189			00:00:33:350		1.24887e+07		-3.84452		0		0		3.79797e+06		820.431		
00:00:33:250		1.5151e+06		244.258		129.956		0		2.41178		280.242			00:00:33:250		1.24962e+07		-3.83464		0		0		3.80295e+06		821.024		
00:00:33:149		1.51511e+06		244.258		130.028		0		2.39517		280.295			00:00:33:149		1.25037e+07		-3.82467		0		0		3.81244e+06		823.481		
00:00:33:149		1.51511e+06		244.258		130.028		0		2.39517		280.295			00:00:33:149		1.25037e+07		-3.82467		0		0		3.81244e+06		823.481		
00:00:33:049		1.51511e+06		244.258		130.028		0		2.39517		280.351			00:00:33:049		1.25112e+07		-3.81464		0		0		3.82263e+06		827.459		
00:00:32:950		1.51512e+06		243.591		130.103		0		2.37852		280.41			00:00:32:950		1.25187e+07		-3.80456		0		0		3.83361e+06		832.326		
00:00:32:750		1.51514e+06		242.921		130.103		0		2.37852		280.525			00:00:32:750		1.25337e+07		-3.78424		0		0		3.83728e+06		829.826		
00:00:32:649		1.51515e+06		242.921		130.179		0		2.36183		280.581			00:00:32:649		1.25411e+07		-3.77402		0		0		3.84053e+06		829.244		
00:00:32:649		1.51515e+06		242.921		130.179		0		2.36183		280.581			00:00:32:649		1.25411e+07		-3.77402		0		0		3.84053e+06		829.244		
00:00:32:549		1.51516e+06		242.921		130.179		0		2.36183		280.637			00:00:32:549		1.25486e+07		-3.76375		0		0		3.84737e+06		831.302		
00:00:32:350		1.51517e+06		242.247		130.257		0		2.3451		280.752			00:00:32:350		1.25635e+07		-3.74309		0		0		3.86743e+06		839.152		
00:00:32:350		1.51517e+06		242.247		130.257		0		2.3451		280.752			00:00:32:350		1.25635e+07		-3.74309		0		0		3.86743e+06		839.152		
00:00:32:250		1.51518e+06		241.57		130.257		0		2.3451		280.811			00:00:32:250		1.25709e+07		-3.73272		0		0		3.86997e+06		838.234		
00:00:32:149		1.51519e+06		241.57		130.338		0		2.32834		280.898			00:00:32:149		1.25823e+07		-3.71713		0		0		3.87238e+06		836.997		
00:00:32:000		1.5152e+06		240.89		130.338		0		2.32834		280.954			00:00:32:000		1.25898e+07		-3.70672		0		0		3.87613e+06		836.411		
00:00:31:899		1.51521e+06		240.89		130.421		0		2.31152		281.007			00:00:31:899		1.25973e+07		-3.69629		0		0		3.88382e+06		838.413		
00:00:31:750		1.51522e+06		240.206		130.421		0		2.31152		281.091			00:00:31:750		1.26085e+07		-3.68061		0		0		3.89989e+06		844.371		
00:00:31:600		1.51524e+06		240.206		130.507		0		2.29467		281.18			00:00:31:600		1.26198e+07		-3.66491		0		0		3.91306e+06		848.329		
00:00:31:600		1.51524e+06		240.206		130.507		0		2.29467		281.18			00:00:31:600		1.26198e+07		-3.66491		0		0		3.91306e+06		848.329		
00:00:31:500		1.51525e+06		239.517		130.507		0		2.29467		281.238			00:00:31:500		1.26273e+07		-3.65442		0		0		3.91302e+06		846.327		
00:00:31:300		1.51526e+06		239.517		130.595		0		2.27777		281.352			00:00:31:300		1.26423e+07		-3.6334		0		0		3.92026e+06		845.809		
00:00:31:300		1.51526e+06		239.517		130.595		0		2.27777		281.352			00:00:31:300		1.26423e+07		-3.6334		0		0		3.92026e+06		845.809		
00:00:31:199		1.51527e+06		238.825		130.686		0		2.26083		281.407			00:00:31:199		1.26498e+07		-3.62286		0		0		3.93e+06		849.575		
00:00:31:100		1.51528e+06		238.825		130.686		0		2.26083		281.467			00:00:31:100		1.26573e+07		-3.61229		0		0		3.94127e+06		854.299		
00:00:31:000		1.51529e+06		238.13		130.686		0		2.26083		281.527			00:00:31:000		1.26648e+07		-3.60172		0		0		3.9484e+06		855.714		
00:00:30:899		1.5153e+06		238.13		130.78		0		2.24385		281.586			00:00:30:899		1.26723e+07		-3.59113		0		0		3.9493e+06		854.424		
00:00:30:800		1.51531e+06		238.13		130.78		0		2.24385		281.645			00:00:30:800		1.26799e+07		-3.58053		0		0		3.95149e+06		853.646		
00:00:30:699		1.51531e+06		237.431		130.877		0		2.22682		281.702			00:00:30:699		1.26874e+07		-3.56992		0		0		3.95562e+06		853.024		
00:00:30:600		1.51532e+06		237.431		130.877		0		2.22682		281.756			00:00:30:600		1.26949e+07		-3.55929		0		0		3.96348e+06		855.169		
00:00:30:500		1.51533e+06		236.728		130.877		0		2.22682		281.813			00:00:30:500		1.27024e+07		-3.54863		0		0		3.97482e+06		858.97		
00:00:30:300		1.51535e+06		236.728		130.976		0		2.20974		281.933			00:00:30:300		1.27175e+07		-3.52724		0		0		3.99315e+06		865.079		
00:00:30:300		1.51535e+06		236.728		130.976		0		2.20974		281.933			00:00:30:300		1.27175e+07		-3.52724		0		0		3.99315e+06		865.079		
00:00:30:199		1.51536e+06		236.021		131.079		0		2.19263		281.992			00:00:30:199		1.2725e+07		-3.51652		0		0		3.99385e+06		863.318		
00:00:30:100		1.51536e+06		236.021		131.079		0		2.19263		282.051			00:00:30:100		1.27326e+07		-3.50577		0		0		3.99627e+06		862.498		
00:00:30:000		1.51537e+06		235.309		131.079		0		2.19263		282.109			00:00:30:000		1.27401e+07		-3.49501		0		10.8966		4.00179e+06		862.799		
00:00:29:899		1.51538e+06		235.309		131.184		0		2.17546		282.165			00:00:29:899		1.27477e+07		-3.48423		0		0		4.01158e+06		866.357		
00:00:29:800		1.51539e+06		235.309		131.184		0		2.17546		282.225			00:00:29:800		1.27553e+07		-3.47343		0		0		4.02333e+06		870.937		
00:00:29:649		1.5154e+06		234.594		131.292		0		2.15826		282.315			00:00:29:649		1.27668e+07		-3.45719		0		0		4.0335e+06		872.904		
00:00:29:600		1.51541e+06		234.594		131.292		0		2.15826		282.345			00:00:29:600		1.27706e+07		-3.45176		0		0		4.03424e+06		872.236		
00:00:29:399		1.51542e+06		233.875		131.402		0		2.141		282.463			00:00:29:399		1.27859e+07		-3.43003		0		10.6964		4.04111e+06		871.102		
00:00:29:300		1.51543e+06		233.875		131.402		0		2.141		282.52			00:00:29:300		1.27936e+07		-3.41912		0		0		4.04899e+06		873.068		
00:00:29:300		1.51543e+06		233.875		131.402		0		2.141		282.52			00:00:29:300		1.27936e+07		-3.41912		0		0		4.04899e+06		873.068		
00:00:29:199		1.51544e+06		233.152		131.515		0		2.12369		282.576			00:00:29:199		1.28013e+07		-3.40819		0		0		4.06092e+06		877.344		
00:00:29:050		1.51545e+06		233.152		131.515		0		2.12369		282.667			00:00:29:050		1.28128e+07		-3.39175		0		0		4.07588e+06		882.355		
00:00:28:949		1.51546e+06		232.425		131.629		0		2.10634		282.726			00:00:28:949		1.28205e+07		-3.38075		0		0		4.07974e+06		881.539		
00:00:28:850		1.51547e+06		232.425		131.629		0		2.10634		282.785			00:00:28:850		1.28282e+07		-3.36973		0		0		4.08225e+06		881.127		
00:00:28:750		1.51548e+06		231.693		131.629		0		2.10634		282.844			00:00:28:750		1.2836e+07		-3.35869		0		0		4.08816e+06		881.707		
00:00:28:649		1.51549e+06		231.693		131.746		0		2.08893		282.902			00:00:28:649		1.28437e+07		-3.34761		0		11.5452		4.09613e+06		883.658		
00:00:28:600		1.51549e+06		231.693		131.746		0		2.08893		282.929			00:00:28:600		1.28476e+07		-3.34206		0		0		4.1011e+06		885.435		
00:00:28:500		1.5155e+06		230.957		131.746		0		2.08893		282.987			00:00:28:500		1.28554e+07		-3.33096		0		0		4.11138e+06		888.647		
00:00:28:399		1.51551e+06		230.957		131.866		0		2.07147		283.045			00:00:28:399		1.28632e+07		-3.31983		0		0		4.11866e+06		889.941		
00:00:28:300		1.51552e+06		230.957		131.866		0		2.07147		283.103			00:00:28:300		1.2871e+07		-3.30869		0		0		4.12294e+06		888.944		
00:00:28:149		1.51553e+06		230.218		131.987		0		2.05396		283.19			00:00:28:149		1.28827e+07		-3.29194		0		12.0451		4.13386e+06		892.114		
00:00:28:050		1.51554e+06		230.218		131.987		0		2.05396		283.249			00:00:28:050		1.28905e+07		-3.28076		0		0		4.14513e+06		896.405		
00:00:27:949		1.51555e+06		229.474		132.11		0		2.03641		283.308			00:00:27:949		1.28984e+07		-3.26955		0		0		4.15295e+06		897.803		
00:00:27:850		1.51556e+06		229.474		132.11		0		2.03641		283.364			00:00:27:850		1.29062e+07		-3.25832		0		0		4.15678e+06		897.63		
00:00:27:750		1.51556e+06		228.727		132.11		0		2.03641		283.42			00:00:27:750		1.29141e+07		-3.24706		0		0		4.16222e+06		898.904		
00:00:27:649		1.51557e+06		228.727		132.236		0		2.01881		283.477			00:00:27:649		1.2922e+07		-3.23579		0		0		4.16759e+06		899.115		
00:00:27:550		1.51558e+06		228.727		132.236		0		2.01881		283.534			00:00:27:550		1.29299e+07		-3.22449		0		0		4.17521e+06		901.593		
00:00:27:449		1.51559e+06		227.975		132.363		0		2.00116		283.591			00:00:27:449		1.29379e+07		-3.21318		0		0		4.18344e+06		903.444		
00:00:27:350		1.5156e+06		227.975		132.363		0		2.00116		283.649			00:00:27:350		1.29458e+07		-3.20184		0		0		4.18983e+06		904.797		
00:00:27:250		1.51561e+06		227.219		132.363		0		2.00116		283.707			00:00:27:250		1.29538e+07		-3.19049		0		0		4.19749e+06		907.596		
00:00:27:149		1.51562e+06		227.219		132.492		0		1.98347		283.764			00:00:27:149		1.29617e+07		-3.17911		0		11.4176		4.20339e+06		908.178		
00:00:27:050		1.51562e+06		227.219		132.492		0		1.98347		283.82			00:00:27:050		1.29697e+07		-3.16771		0		0		4.20719e+06		908.253		
00:00:27:050		1.51562e+06		227.219		132.492		0		1.98347		283.82			00:00:27:050		1.29697e+07		-3.16771		0		0		4.20719e+06		908.253		
00:00:26:949		1.51563e+06		226.458		132.622		0		1.96574		283.876			00:00:26:949		1.29777e+07		-3.15628		0		0		4.21224e+06		908.961		
00:00:26:850		1.51564e+06		226.458		132.622		0		1.96574		283.932			00:00:26:850		1.29857e+07		-3.14483		0		11.9834		4.22016e+06		911.354		
00:00:26:699		1.51565e+06		225.693		132.754		0		1.94796		284.017			00:00:26:699		1.29977e+07		-3.1276		0		0		4.2303e+06		912.773		
00:00:26:600		1.51566e+06		225.693		132.754		0		1.94796		284.073			00:00:26:600		1.30058e+07		-3.11608		0		10.0787		4.2368e+06		914.302		
00:00:26:550		1.51567e+06		225.693		132.754		0		1.94796		284.102			00:00:26:550		1.30098e+07		-3.11031		0		0		4.2409e+06		915.782		
00:00:26:300		1.51569e+06		224.924		132.887		0		1.93013		284.241			00:00:26:300		1.303e+07		-3.08137		0		10.2876		4.25557e+06		917.729		
00:00:26:300		1.51569e+06		224.924		132.887		0		1.93013		284.241			00:00:26:300		1.303e+07		-3.08137		0		10.2876		4.25557e+06		917.729		
00:00:26:199		1.5157e+06		224.15		133.02		0		1.91226		284.297			00:00:26:199		1.30381e+07		-3.06975		0		0		4.26266e+06		920.192		
00:00:26:100		1.5157e+06		224.15		133.02		0		1.91226		284.352			00:00:26:100		1.30463e+07		-3.0581		0		0		4.27042e+06		921.438		
00:00:25:899		1.51572e+06		223.371		133.155		0		1.89433		284.462			00:00:25:899		1.30626e+07		-3.03473		0		10.5614		4.28387e+06		923.808		
00:00:25:899		1.51572e+06		223.371		133.155		0		1.89433		284.462			00:00:25:899		1.30626e+07		-3.03473		0		10.5614		4.28387e+06		923.808		
00:00:25:800		1.51573e+06		223.371		133.155		0		1.89433		284.519			00:00:25:800		1.30707e+07		-3.02302		0		10.7634		4.29422e+06		927.598		
00:00:25:699		1.51574e+06		222.587		133.289		0		1.87636		284.575			00:00:25:699		1.30789e+07		-3.01127		0		0		4.30329e+06		930.103		
00:00:25:600		1.51575e+06		222.587		133.289		0		1.87636		284.628			00:00:25:600		1.30871e+07		-2.9995		0		10.1487		4.30624e+06		928.834		
00:00:25:500		1.51576e+06		221.797		133.289		0		1.87636		284.682			00:00:25:500		1.30953e+07		-2.98769		0		10.3566		4.31101e+06		929.596		
00:00:25:300		1.51577e+06		221.797		133.424		0		1.85833		284.789			00:00:25:300		1.31117e+07		-2.96399		0		10.5614		4.32635e+06		932.404		
00:00:25:199		1.51578e+06		221.002		133.559		0		1.84024		284.843			00:00:25:199		1.312e+07		-2.95209		0		11.1594		4.33449e+06		934.07		
00:00:25:199		1.51578e+06		221.002		133.559		0		1.84024		284.843			00:00:25:199		1.312e+07		-2.95209		0		11.1594		4.33449e+06		934.07		
00:00:25:100		1.51579e+06		221.002		133.559		0		1.84024		284.899			00:00:25:100		1.31283e+07		-2.94015		0		11.8595		4.34467e+06		937.722		
00:00:25:000		1.5158e+06		220.201		133.559		0		1.84024		284.954			00:00:25:000		1.31366e+07		-2.92818		0		9.8667		4.35462e+06		941.218		
00:00:24:899		1.51581e+06		220.201		133.692		0		1.82212		285.007			00:00:24:899		1.31449e+07		-2.91618		0		10.7634		4.35942e+06		940.22		
00:00:24:800		1.51582e+06		220.201		133.692		0		1.82212		285.06			00:00:24:800		1.31532e+07		-2.90415		0		11.0286		4.36319e+06		940.574		
00:00:24:699		1.51582e+06		219.394		133.826		0		1.80393		285.113			00:00:24:699		1.31616e+07		-2.8921		0		11.0286		4.37033e+06		941.952		
00:00:24:600		1.51583e+06		219.394		133.826		0		1.80393		285.167			00:00:24:600		1.317e+07		-2.88002		0		11.0286		4.37843e+06		943.518		
00:00:24:500		1.51584e+06		218.579		133.826		0		1.80393		285.221			00:00:24:500		1.31784e+07		-2.86791		0		11.9216		4.38666e+06		944.861		
00:00:24:300		1.51586e+06		218.579		133.958		0		1.78569		285.33			00:00:24:300		1.31952e+07		-2.84359		0		10.5614		4.40675e+06		952.046		
00:00:24:300		1.51586e+06		218.579		133.958		0		1.78569		285.33			00:00:24:300		1.31952e+07		-2.84359		0		10.5614		4.40675e+06		952.046		
00:00:24:199		1.51587e+06		217.757		134.089		0		1.76741		285.384			00:00:24:199		1.32036e+07		-2.83138		0		11.4176		4.41363e+06		952.033		
00:00:24:100		1.51587e+06		217.757		134.089		0		1.76741		285.437			00:00:24:100		1.32121e+07		-2.81914		0		11.7345		4.41659e+06		951.851		
00:00:24:000		1.51588e+06		216.924		134.089		0		1.76741		285.489			00:00:24:000		1.32206e+07		-2.80687		0		11.8595		4.42338e+06		953.14		
00:00:23:899		1.5159e+06		216.924		134.219		0		1.74907		285.568			00:00:23:899		1.32334e+07		-2.78841		0		0		4.4357e+06		955.415		
00:00:23:800		1.5159e+06		216.924		134.219		0		1.74907		285.594			00:00:23:800		1.32377e+07		-2.78224		0		12.47		4.4399e+06		956.049		
00:00:23:699		1.51591e+06		216.079		134.349		0		1.73069		285.648			00:00:23:699		1.32462e+07		-2.76988		0		12.9425		4.44896e+06		958.74		
00:00:23:600		1.51595e+06		216.079		134.349		0		1.73069		285.702			00:00:23:600		1.32548e+07		-2.7575		0		11.7345		4.45996e+06		962.764		
00:00:23:500		1.51603e+06		215.215		134.349		0		1.73069		285.755			00:00:23:500		1.32634e+07		-2.74509		0		11.8595		4.46858e+06		964.215		
00:00:23:250		1.5164e+06		214.323		134.48		0		1.71228		285.886			00:00:23:250		1.32851e+07		-2.71394		0		0		4.48178e+06		965.362		
00:00:23:250		1.5164e+06		214.323		134.48		0		1.71228		285.886			00:00:23:250		1.32851e+07		-2.71394		0		0		4.48178e+06		965.362		
00:00:23:149		1.51662e+06		214.323		134.611		0		1.69381		285.938			00:00:23:149		1.32938e+07		-2.70143		0		0		4.49017e+06		966.939		
00:00:23:100		1.51675e+06		214.323		134.611		0		1.69381		285.964			00:00:23:100		1.32982e+07		-2.69516		0		12.8257		4.49447e+06		967.628		
00:00:22:949		1.51719e+06		213.383		134.741		0		1.67531		286.045			00:00:22:949		1.33114e+07		-2.6763		0		0		4.50852e+06		971.63		
00:00:22:850		1.51753e+06		213.383		134.741		0		1.67531		286.099			00:00:22:850		1.33202e+07		-2.66368		0		0		4.51961e+06		975.65		
00:00:22:800		1.51772e+06		213.383		134.741		0		1.67531		286.126			00:00:22:800		1.33246e+07		-2.65736		0		12.2893		4.5242e+06		976.499		
00:00:22:649		1.51834e+06		212.75		134.863		0		1.65677		286.205			00:00:22:649		1.33378e+07		-2.63833		0		0		4.53033e+06		975.708		
00:00:22:550		1.5188e+06		212.75		134.863		0		1.65677		286.257			00:00:22:550		1.33467e+07		-2.6256		0		0		4.53737e+06		977.028		
00:00:22:350		1.51986e+06		212.113		134.975		0		1.63818		286.363			00:00:22:350		1.33645e+07		-2.60003		0		0		4.55462e+06		980.147		
00:00:22:250		1.52044e+06		211.469		134.975		0		1.63818		286.417			00:00:22:250		1.33735e+07		-2.58718		0		0		4.56381e+06		982.613		
00:00:22:250		1.52044e+06		211.469		134.975		0		1.63818		286.417			00:00:22:250		1.33735e+07		-2.58718		0		0		4.56381e+06		982.613		
00:00:22:149		1.52107e+06		211.469		135.077		0		1.61955		286.472			00:00:22:149		1.33824e+07		-2.57429		0		10.0787		4.57517e+06		986.748		
00:00:22:050		1.52174e+06		211.469		135.077		0		1.61955		286.527			00:00:22:050		1.33914e+07		-2.56135		0		10.0084		4.58457e+06		988.75		
00:00:21:949		1.52245e+06		210.82		135.169		0		1.60088		286.579			00:00:21:949		1.34004e+07		-2.54838		0		10.4252		4.5881e+06		987.891		
00:00:21:850		1.5232e+06		210.82		135.169		0		1.60088		286.633			00:00:21:850		1.34095e+07		-2.53537		0		10.6291		4.59426e+06		988.947		
00:00:21:850		1.5232e+06		210.82		135.169		0		1.60088		286.633			00:00:21:850		1.34095e+07		-2.53537		0		10.6291		4.59426e+06		988.947		
00:00:21:750		1.52399e+06		210.165		135.169		0		1.60088		286.686			00:00:21:750		1.34186e+07		-2.52233		0		10.6291		4.60266e+06		990.6		
00:00:21:649		1.52484e+06		210.165		135.249		0		1.58216		286.74			00:00:21:649		1.34277e+07		-2.50925		0		10.5614		4.61156e+06		992.242		
00:00:21:449		1.52676e+06		209.504		135.319		0		1.56341		286.85			00:00:21:449		1.34458e+07		-2.48302		0		14.7659		4.63146e+06		997.876		
00:00:21:350		1.52784e+06		209.504		135.319		0		1.56341		286.906			00:00:21:350		1.34549e+07		-2.46985		0		13.6275		4.64235e+06		1001.38		
00:00:21:350		1.52784e+06		209.504		135.319		0		1.56341		286.906			00:00:21:350		1.34549e+07		-2.46985		0		13.6275		4.64235e+06		1001.38		
00:00:21:250		1.52962e+06		208.836		135.376		0		1.54462		286.988			00:00:21:250		1.34685e+07		-2.45001		0		0		4.64985e+06		1000.79		
00:00:21:100		1.53091e+06		208.836		135.376		0		1.54462		287.042			00:00:21:100		1.34777e+07		-2.43674		0		0		4.65663e+06		1001.98		
00:00:21:000		1.53228e+06		208.162		135.376		0		1.54462		287.097			00:00:21:000		1.34868e+07		-2.42342		0		0		4.66532e+06		1003.69		
00:00:20:899		1.53374e+06		208.162		135.42		0		1.52578		287.153			00:00:20:899		1.3496e+07		-2.41005		0		0		4.67444e+06		1005.39		
00:00:20:800		1.53528e+06		208.162		135.42		0		1.52578		287.209			00:00:20:800		1.35052e+07		-2.39664		0		0		4.68367e+06		1007.27		
00:00:20:699		1.53691e+06		207.482		135.45		0		1.5069		287.266			00:00:20:699		1.35145e+07		-2.38318		0		0		4.69487e+06		1011.36		
00:00:20:649		1.53775e+06		207.482		135.45		0		1.5069		287.295			00:00:20:649		1.35191e+07		-2.37644		0		17.324		4.70062e+06		1013.39		
00:00:20:500		1.54041e+06		206.795		135.45		0		1.5069		287.379			00:00:20:500		1.35331e+07		-2.35613		0		0		4.71056e+06		1013.61		
00:00:20:300		1.54424e+06		206.795		135.465		0		1.48799		287.492			00:00:20:300		1.35519e+07		-2.32889		0		0		4.72446e+06		1016.06		
00:00:20:300		1.54424e+06		206.795		135.465		0		1.48799		287.492			00:00:20:300		1.35519e+07		-2.32889		0		0		4.72446e+06		1016.06		
00:00:20:199		1.54629e+06		206.101		135.464		0		1.46903		287.549			00:00:20:199		1.35614e+07		-2.31519		0		0		4.73365e+06		1017.83		
00:00:20:100		1.54842e+06		206.101		135.464		0		1.46903		287.606			00:00:20:100		1.35708e+07		-2.30146		0		0		4.74306e+06		1019.41		
00:00:19:899		1.55294e+06		205.399		135.447		0		1.45003		287.725			00:00:19:899		1.35898e+07		-2.27385		0		11.7971		4.76534e+06		1026.94		
00:00:19:899		1.55294e+06		205.399		135.447		0		1.45003		287.725			00:00:19:899		1.35898e+07		-2.27385		0		11.7971		4.76534e+06		1026.94		
00:00:19:800		1.55533e+06		205.399		135.447		0		1.45003		287.783			00:00:19:800		1.35994e+07		-2.25997		0		12.3497		4.77315e+06		1027.17		
00:00:19:699		1.55781e+06		204.69		135.412		0		1.431		287.841			00:00:19:699		1.3609e+07		-2.24605		0		12.5894		4.77747e+06		1027.32		
00:00:19:600		1.56037e+06		204.69		135.412		0		1.431		287.899			00:00:19:600		1.36186e+07		-2.23211		0		12.6488		4.78525e+06		1028.79		
00:00:19:500		1.56302e+06		203.974		135.412		0		1.431		287.958			00:00:19:500		1.36282e+07		-2.21813		0		12.5894		4.79445e+06		1030.59		
00:00:19:300		1.56865e+06		203.974		135.358		0		1.41192		288.077			00:00:19:300		1.36476e+07		-2.19007		0		10.8302		4.8136e+06		1034.54		
00:00:19:300		1.56865e+06		203.974		135.358		0		1.41192		288.077			00:00:19:300		1.36476e+07		-2.19007		0		10.8302		4.8136e+06		1034.54		
00:00:19:199		1.57166e+06		203.249		135.284		0		1.3928		288.139			00:00:19:199		1.36573e+07		-2.17601		0		10.1487		4.82551e+06		1038.87		
00:00:19:100		1.5748e+06		203.249		135.284		0		1.3928		288.2			00:00:19:100		1.3667e+07		-2.16194		0		0		4.83591e+06		1041.29		
00:00:19:000		1.57808e+06		202.517		135.284		0		1.3928		288.259			00:00:19:000		1.36768e+07		-2.14784		0		10.2876		4.8405e+06		1040.64		
00:00:18:899		1.58149e+06		202.517		135.19		0		1.37366		288.32			00:00:18:899		1.36865e+07		-2.13375		0		10.3566		4.84703e+06		1041.67		
00:00:18:800		1.58503e+06		202.517		135.19		0		1.37366		288.38			00:00:18:800		1.36963e+07		-2.11966		0		10.4935		4.85582e+06		1043.42		
00:00:18:699		1.5887e+06		201.776		135.073		0		1.35446		288.441			00:00:18:699		1.37061e+07		-2.10558		0		10.5614		4.86527e+06		1045.23		
00:00:18:600		1.59252e+06		201.776		135.073		0		1.35446		288.503			00:00:18:600		1.37159e+07		-2.09151		0		11.4176		4.87492e+06		1046.9		
00:00:18:500		1.59647e+06		201.026		135.073		0		1.35446		288.566			00:00:18:500		1.37258e+07		-2.07747		0		11.6085		4.88571e+06		1050.57		
00:00:18:300		1.60695e+06		200.267		134.932		0		1.33524		288.723			00:00:18:300		1.37506e+07		-2.04244		0		11.2244		4.9069e+06		1054.35		
00:00:18:300		1.60695e+06		200.267		134.932		0		1.33524		288.723			00:00:18:300		1.37506e+07		-2.04244		0		11.2244		4.9069e+06		1054.35		
00:00:18:149		1.61138e+06		200.267		134.767		0		1.31598		288.786			00:00:18:149		1.37606e+07		-2.02848		0		11.4176		4.91391e+06		1055.54		
00:00:18:050		1.61596e+06		200.267		134.767		0		1.31598		288.849			00:00:18:050		1.37706e+07		-2.01455		0		11.2891		4.92302e+06		1057.34		
00:00:17:949		1.62068e+06		199.499		134.575		0		1.29667		288.912			00:00:17:949		1.37807e+07		-2.00067		0		11.6716		4.9327e+06		1059.19		
00:00:17:850		1.62554e+06		199.499		134.575		0		1.29667		288.977			00:00:17:850		1.37908e+07		-1.98684		0		12.7079		4.94252e+06		1061.17		
00:00:17:750		1.63055e+06		198.722		134.575		0		1.29667		289.042			00:00:17:750		1.3801e+07		-1.97306		0		11.6716		4.95422e+06		1065.66		
00:00:17:649		1.6357e+06		198.722		134.356		0		1.27734		289.108			00:00:17:649		1.38111e+07		-1.95933		0		11.6085		4.96511e+06		1067.92		
00:00:17:550		1.641e+06		198.722		134.356		0		1.27734		289.172			00:00:17:550		1.38214e+07		-1.94565		0		11.9834		4.96988e+06		1067.33		
00:00:17:399		1.65205e+06		197.934		134.107		0		1.25798		289.303			00:00:17:399		1.38419e+07		-1.91846		0		12.5894		4.98648e+06		1070.5		
00:00:17:250		1.6578e+06		197.137		134.107		0		1.25798		289.369			00:00:17:250		1.38522e+07		-1.90497		0		13.4588		4.99639e+06		1072.57		
00:00:17:250		1.6578e+06		197.137		134.107		0		1.25798		289.369			00:00:17:250		1.38522e+07		-1.90497		0		13.4588		4.99639e+06		1072.57		
00:00:17:149		1.6637e+06		197.137		133.827		0		1.23858		289.436			00:00:17:149		1.38626e+07		-1.89153		0		12.5894		5.00713e+06		1076.25		
00:00:17:050		1.66976e+06		197.137		133.827		0		1.23858		289.504			00:00:17:050		1.3873e+07		-1.87817		0		13.0007		5.01756e+06		1077.78		
00:00:16:949		1.67597e+06		196.329		133.514		0		1.21915		289.57			00:00:16:949		1.38835e+07		-1.86488		0		13.2313		5.02383e+06		1078.55		
00:00:16:850		1.68234e+06		196.329		133.514		0		1.21915		289.638			00:00:16:850		1.3894e+07		-1.85165		0		13.6275		5.03251e+06		1080.18		
00:00:16:750		1.68886e+06		195.51		133.514		0		1.21915		289.706			00:00:16:750		1.39046e+07		-1.83851		0		13.85		5.04198e+06		1082.34		
00:00:16:649		1.69555e+06		195.51		133.166		0		1.19969		289.775			00:00:16:649		1.39153e+07		-1.8254		0		13.7391		5.05225e+06		1084.89		
00:00:16:550		1.7024e+06		195.51		133.166		0		1.19969		289.843			00:00:16:550		1.3926e+07		-1.81233		0		14.015		5.0614e+06		1086.42		
00:00:16:449		1.70941e+06		194.679		132.781		0		1.18019		289.913			00:00:16:449		1.39368e+07		-1.79928		0		14.2327		5.07017e+06		1088.18		
00:00:16:350		1.71659e+06		194.679		132.781		0		1.18019		289.982			00:00:16:350		1.39477e+07		-1.78624		0		14.5012		5.0796e+06		1090.14		
00:00:16:250		1.72403e+06		193.836		132.781		0		1.18019		290.052			00:00:16:250		1.39588e+07		-1.77318		0		14.5545		5.08925e+06		1092.26		
00:00:16:149		1.73179e+06		193.836		132.357		0		1.16067		290.122			00:00:16:149		1.39699e+07		-1.76009		0		14.7659		5.09895e+06		1094.26		
00:00:16:050		1.73985e+06		193.836		132.357		0		1.16067		290.192			00:00:16:050		1.39813e+07		-1.74696		0		15.0269		5.10828e+06		1096.13		
00:00:15:949		1.73985e+06		193.836		132.357		0		1.16067		290.192			00:00:15:949		1.39813e+07		-1.74696		0		15.0269		5.10828e+06		1096.13		
00:00:15:949		1.74822e+06		192.981		131.892		0		1.14111		290.263			00:00:15:949		1.39928e+07		-1.73377		0		15.1818		5.11778e+06		1098.1		
00:00:15:849		1.75692e+06		192.981		131.892		0		1.14111		290.334			00:00:15:849		1.40044e+07		-1.72049		0		15.4371		5.1274e+06		1100.1		
00:00:15:750		1.76593e+06		192.113		131.892		0		1.14111		290.405			00:00:15:750		1.40164e+07		-1.70714		0		15.5384		5.13708e+06		1102.12		
00:00:15:650		1.78007e+06		192.113		131.384		0		1.12153		290.513			00:00:15:650		1.40348e+07		-1.68691		0		15.8389		5.15154e+06		1105.07		
00:00:15:500		1.78991e+06		191.232		131.384		0		1.12153		290.586			00:00:15:500		1.40476e+07		-1.67329		0		16.0367		5.16126e+06		1107.06		
00:00:15:300		1.81061e+06		191.232		130.83		0		1.10192		290.733			00:00:15:300		1.4074e+07		-1.64581		0		16.4266		5.18089e+06		1111.1		
00:00:15:300		1.81061e+06		191.232		130.83		0		1.10192		290.733			00:00:15:300		1.4074e+07		-1.64581		0		16.4266		5.18089e+06		1111.1		
00:00:15:199		1.82148e+06		190.335		130.228		0		1.08227		290.808			00:00:15:199		1.40873e+07		-1.63192		0		16.6188		5.19079e+06		1113.13		
00:00:15:150		1.82705e+06		190.335		130.228		0		1.08227		290.845			00:00:15:150		1.4094e+07		-1.62493		0		16.7142		5.19576e+06		1114.16		
00:00:15:000		1.84429e+06		189.425		130.228		0		1.08227		290.959			00:00:15:000		1.41137e+07		-1.60374		0		16.9979		5.21074e+06		1117.24		
00:00:14:900		1.85624e+06		189.425		129.574		0		1.06261		291.035			00:00:14:900		1.41266e+07		-1.5894		0		17.2313		5.22079e+06		1119.32		
00:00:14:800		1.86855e+06		189.425		129.574		0		1.06261		291.113			00:00:14:800		1.4139e+07		-1.57484		0		17.4163		5.23088e+06		1121.4		
00:00:14:699		1.88125e+06		188.498		128.867		0		1.04291		291.191			00:00:14:699		1.41507e+07		-1.56006		0		17.5996		5.241e+06		1123.48		
00:00:14:500		1.90779e+06		187.556		128.867		0		1.04291		291.349			00:00:14:500		1.41726e+07		-1.53016		0		18.0066		5.26135e+06		1127.65		
00:00:14:500		1.90779e+06		187.556		128.867		0		1.04291		291.349			00:00:14:500		1.41726e+07		-1.53016		0		18.0066		5.26135e+06		1127.65		
00:00:14:300		1.93592e+06		187.556		128.104		0		1.0232		291.511			00:00:14:300		1.41938e+07		-1.5		0		18.45		5.28188e+06		1131.87		
00:00:14:300		1.93592e+06		187.556		128.104		0		1.0232		291.511			00:00:14:300		1.41938e+07		-1.5		0		18.45		5.28188e+06		1131.87		
00:00:14:199		1.9506e+06		186.597		127.281		0		1.00345		291.594			00:00:14:199		1.42044e+07		-1.48484		0		18.6685		5.29223e+06		1133.99		
00:00:14:099		1.9657e+06		186.597		127.281		0		1.00345		291.677			00:00:14:099		1.4215e+07		-1.46964		0		18.8418		5.30262e+06		1136.11		
00:00:14:000		1.98122e+06		185.621		127.281		0		1.00345		291.761			00:00:14:000		1.42258e+07		-1.45437		0		18.9709		5.31306e+06		1138.25		
00:00:13:900		1.99717e+06		185.621		126.397		0		0.98369		291.846			00:00:13:900		1.42363e+07		-1.43908		0		19.1844		5.32356e+06		1140.39		
00:00:13:800		2.01357e+06		185.621		126.397		0		0.98369		291.932			00:00:13:800		1.42467e+07		-1.42374		0		19.396		5.33411e+06		1142.54		
00:00:13:699		2.03042e+06		184.627		125.448		0		0.963905		292.019			00:00:13:699		1.42572e+07		-1.40832		0		19.6474		5.34474e+06		1144.71		
00:00:13:599		2.04769e+06		184.627		125.448		0		0.963905		292.107			00:00:13:599		1.42677e+07		-1.39295		0		19.9374		5.35543e+06		1146.89		
00:00:13:500		2.06537e+06		183.616		125.448		0		0.963905		292.194			00:00:13:500		1.42785e+07		-1.37755		0		20.1015		5.36618e+06		1149.08		
00:00:13:300		2.102e+06		183.616		124.433		0		0.9441		292.37			00:00:13:300		1.43e+07		-1.34659		0		20.507		5.38788e+06		1153.51		
00:00:13:300		2.102e+06		183.616		124.433		0		0.9441		292.37			00:00:13:300		1.43e+07		-1.34659		0		20.507		5.38788e+06		1153.51		
00:00:13:199		2.12097e+06		182.581		123.349		0		0.924308		292.46			00:00:13:199		1.43107e+07		-1.33103		0		20.7471		5.39878e+06		1155.72		
00:00:13:099		2.14039e+06		182.581		123.349		0		0.924308		292.55			00:00:13:099		1.43213e+07		-1.31542		0		20.9454		5.40976e+06		1157.95		
00:00:13:000		2.16026e+06		181.504		123.349		0		0.924308		292.641			00:00:13:000		1.4332e+07		-1.29976		0		21.1421		5.42084e+06		1160.2		
00:00:12:900		2.18059e+06		181.504		122.195		0		0.904677		292.733			00:00:12:900		1.43426e+07		-1.28405		0.132651		21.3373		5.432e+06		1162.47		
00:00:12:800		2.2014e+06		181.504		122.195		0		0.904677		292.825			00:00:12:800		1.43531e+07		-1.26829		0.264986		21.531		5.44323e+06		1164.75		
00:00:12:699		2.22269e+06		180.382		120.97		0		0.885207		292.918			00:00:12:699		1.43636e+07		-1.25247		0.396154		21.7233		5.45455e+06		1167.05		
00:00:12:599		2.24447e+06		180.382		120.97		0		0.885207		293.012			00:00:12:599		1.43741e+07		-1.23659		0.525569		21.9141		5.46595e+06		1169.36		
00:00:12:500		2.26674e+06		179.215		120.97		0		0.885207		293.106			00:00:12:500		1.43845e+07		-1.22066		0.652464		22.1035		5.47744e+06		1171.68		
00:00:12:300		2.31285e+06		179.215		119.674		0		0.865895		293.295			00:00:12:300		1.44051e+07		-1.18863		0.896335		22.4411		5.50068e+06		1176.38		
00:00:12:300		2.31285e+06		179.215		119.674		0		0.865895		293.295			00:00:12:300		1.44051e+07		-1.18863		0.896335		22.4411		5.50068e+06		1176.38		
00:00:12:199		2.33669e+06		178.003		118.306		0		0.846741		293.39			00:00:12:199		1.44153e+07		-1.17252		1.01216		22.5526		5.51246e+06		1178.75		
00:00:12:050		2.37349e+06		178.003		118.306		0		0.846741		293.534			00:00:12:050		1.44302e+07		-1.14823		1.17715		22.8111		5.53034e+06		1182.37		
00:00:11:949		2.39872e+06		176.747		116.864		0		0.827741		293.629			00:00:11:949		1.44398e+07		-1.13195		1.28091		22.9577		5.5424e+06		1184.81		
00:00:11:849		2.42453e+06		176.747		116.864		0		0.827741		293.726			00:00:11:849		1.44492e+07		-1.11566		1.37944		23.0671		5.55455e+06		1187.26		
00:00:11:750		2.45093e+06		175.444		116.864		0		0.827741		293.822			00:00:11:750		1.44588e+07		-1.09943		1.47263		23.2123		5.56677e+06		1189.72		
00:00:11:650		2.47791e+06		175.444		115.35		0		0.808894		293.919			00:00:11:650		1.4469e+07		-1.08324		1.56059		23.2846		5.5791e+06		1192.2		
00:00:11:550		2.50545e+06		175.444		115.35		0		0.808894		294.017			00:00:11:550		1.44795e+07		-1.06697		1.64319		23.4287		5.59155e+06		1194.69		
00:00:11:449		2.53355e+06		174.096		113.762		0		0.790198		294.115			00:00:11:449		1.44891e+07		-1.05058		1.71996		23.5004		5.60415e+06		1197.21		
00:00:11:250		2.59144e+06		172.7		113.762		0		0.790198		294.315			00:00:11:250		1.45084e+07		-1.01752		1.85695		23.6789		5.6298e+06		1202.37		
00:00:11:250		2.59144e+06		172.7		113.762		0		0.790198		294.315			00:00:11:250		1.45084e+07		-1.01752		1.85695		23.6789		5.6298e+06		1202.37		
00:00:11:150		2.62112e+06		172.7		112.101		0		0.77165		294.416			00:00:11:150		1.45174e+07		-1.00082		1.92215		23.7145		5.64286e+06		1205.01		
00:00:11:050		2.65129e+06		172.7		112.101		0		0.77165		294.519			00:00:11:050		1.45255e+07		-0.984011		1.98629		24.6582		5.65604e+06		1207.69		
00:00:10:949		2.68197e+06		171.259		110.367		0		0.753249		294.623			00:00:10:949		1.45327e+07		-0.967229		2.04813		32.3533		5.66935e+06		1210.42		
00:00:10:849		2.71318e+06		171.259		110.367		0		0.753249		294.728			00:00:10:849		1.45401e+07		-0.950586		2.11478		37.8187		5.68274e+06		1213.19		
00:00:10:750		2.74495e+06		169.772		110.367		0		0.753249		294.835			00:00:10:750		1.45478e+07		-0.934107		2.18072		41.731		5.69616e+06		1215.98		
00:00:10:650		2.77728e+06		169.772		108.562		0		0.734995		294.942			00:00:10:650		1.4556e+07		-0.917811		2.23812		44.6911		5.70958e+06		1218.74		
00:00:10:550		2.81021e+06		169.772		108.562		0		0.734995		295.051			00:00:10:550		1.45648e+07		-0.901722		2.2936		46.943		5.72298e+06		1221.49		
00:00:10:550		2.81021e+06		169.772		108.562		0		0.734995		295.051			00:00:10:550		1.45648e+07		-0.901722		2.2936		46.943		5.72298e+06		1221.49		
00:00:10:349		2.87792e+06		168.237		106.685		0		0.716887		295.274			00:00:10:349		1.4585e+07		-0.870052		2.38164		50.2179		5.74989e+06		1227.04		
00:00:10:250		2.91273e+06		166.656		106.685		0		0.716887		295.388			00:00:10:250		1.45958e+07		-0.854292		2.42198		51.3672		5.76342e+06		1229.85		
00:00:10:250		2.91273e+06		166.656		106.685		0		0.716887		295.388			00:00:10:250		1.45958e+07		-0.854292		2.42198		51.3672		5.76342e+06		1229.85		
00:00:10:150		2.9482e+06		166.656		104.74		0		0.698928		295.503			00:00:10:150		1.46065e+07		-0.838542		2.46016		52.2312		5.77693e+06		1232.65		
00:00:10:000		3.00269e+06		165.028		104.74		0		0.698928		295.68			00:00:10:000		1.46225e+07		-0.814921		2.51353		53.4258		5.79709e+06		1236.77		
00:00:09:900		3.0399e+06		165.028		102.733		0		0.681117		295.8			00:00:09:900		1.46332e+07		-0.799177		2.54708		54.124		5.81054e+06		1239.51		
00:00:09:800		3.07784e+06		165.028		102.733		0		0.681117		295.921			00:00:09:800		1.46439e+07		-0.783442		2.57924		54.7302		5.82407e+06		1242.28		
00:00:09:699		3.11651e+06		163.354		100.671		0		0.663456		296.044			00:00:09:699		1.46545e+07		-0.767724		2.6104		55.2473		5.83767e+06		1245.09		
00:00:09:599		3.15595e+06		163.354		100.671		0		0.663456		296.17			00:00:09:599		1.46652e+07		-0.752024		2.63855		55.6939		5.85133e+06		1247.93		
00:00:09:500		3.19616e+06		161.633		100.671		0		0.663456		296.299			00:00:09:500		1.46758e+07		-0.736346		2.66488		56.0718		5.86497e+06		1250.76		
00:00:09:349		3.2579e+06		161.633		98.5606		0		0.64595		296.494			00:00:09:349		1.46917e+07		-0.712876		2.70126		56.5611		5.88531e+06		1254.93		
00:00:09:349		3.2579e+06		161.633		98.5606		0		0.64595		296.494			00:00:09:349		1.46917e+07		-0.712876		2.70126		56.5611		5.88531e+06		1254.93		
00:00:09:199		3.3213e+06		159.863		96.4068		0		0.628605		296.689			00:00:09:199		1.47075e+07		-0.689463		2.73542		56.982		5.90558e+06		1259.04		
00:00:09:099		3.36452e+06		159.863		96.4068		0		0.628605		296.822			00:00:09:099		1.47181e+07		-0.673911		2.75679		57.2235		5.91912e+06		1261.79		
00:00:09:000		3.40851e+06		158.045		96.4068		0		0.628605		296.956			00:00:09:000		1.47286e+07		-0.658397		2.77721		57.4641		5.93274e+06		1264.57		
00:00:08:900		3.45329e+06		158.045		94.2121		0		0.611431		297.093			00:00:08:900		1.4739e+07		-0.642925		2.79636		57.6399		5.9464e+06		1267.35		
00:00:08:800		3.49887e+06		158.045		94.2121		0		0.611431		297.232			00:00:08:800		1.47495e+07		-0.627499		2.81443		57.8152		5.96009e+06		1270.14		
00:00:08:699		3.54528e+06		156.176		91.9825		0		0.594451		297.373			00:00:08:699		1.47599e+07		-0.61212		2.83144		57.9742		5.9738e+06		1272.93		
00:00:08:599		3.59254e+06		156.176		91.9825		0		0.594451		297.516			00:00:08:599		1.47703e+07		-0.596796		2.84753		58.0852		5.98753e+06		1275.72		
00:00:08:500		3.64064e+06		154.249		91.9825		0		0.594451		297.661			00:00:08:500		1.47807e+07		-0.581534		2.86337		58.2118		6.00127e+06		1278.51		
00:00:08:400		3.68962e+06		154.249		89.7287		0		0.577726		297.808			00:00:08:400		1.4791e+07		-0.566335		2.87881		58.3382		6.01505e+06		1281.32		
00:00:08:300		3.73948e+06		154.249		89.7287		0		0.577726		297.957			00:00:08:300		1.48013e+07		-0.551201		2.89291		58.4486		6.02886e+06		1284.15		
00:00:08:199		3.79025e+06		152.241		87.4557		0		0.561438		298.108			00:00:08:199		1.48116e+07		-0.536131		2.90608		58.5116		6.04267e+06		1286.97		
00:00:08:099		3.84194e+06		152.241		87.4557		0		0.561438		298.262			00:00:08:099		1.48219e+07		-0.521135		2.91854		58.5273		6.05638e+06		1289.74		
00:00:08:000		3.89458e+06		150.224		87.4557		0		0.561438		298.418			00:00:08:000		1.48322e+07		-0.50622		2.93005		58.4801		6.07004e+06		1292.46		
00:00:07:900		3.94818e+06		150.224		85.1663		0		0.545062		298.575			00:00:07:900		1.48424e+07		-0.491389		2.94133		58.4171		6.08367e+06		1295.12		
00:00:07:799		4.00277e+06		150.224		85.1663		0		0.545062		298.734			00:00:07:799		1.48526e+07		-0.47665		2.95223		58.4171		6.09734e+06		1297.76		
00:00:07:700		4.05836e+06		148.197		82.8637		0		0.528617		298.896			00:00:07:700		1.48627e+07		-0.462003		2.96227		58.4328		6.11118e+06		1300.42		
00:00:07:599		4.11498e+06		148.197		82.8637		0		0.528617		299.059			00:00:07:599		1.48729e+07		-0.447456		2.97174		58.3382		6.12524e+06		1303.1		
00:00:07:500		4.17263e+06		146.163		82.8637		0		0.528617		299.225			00:00:07:500		1.4883e+07		-0.433007		2.98121		58.2276		6.1395e+06		1305.76		
00:00:07:400		4.23135e+06		146.163		80.5519		0		0.512074		299.393			00:00:07:400		1.48932e+07		-0.418657		2.98945		58.0852		6.15401e+06		1308.42		
00:00:07:299		4.29114e+06		146.163		80.5519		0		0.512074		299.564			00:00:07:299		1.49033e+07		-0.404401		2.99713		57.9107		6.16893e+06		1311.15		
00:00:07:200		4.35204e+06		144.124		78.2352		0		0.495426		299.737			00:00:07:200		1.49135e+07		-0.390258		3.00439		57.6878		6.18441e+06		1314.08		
00:00:07:049		4.44551e+06		144.124		78.2352		0		0.495426		299.998			00:00:07:049		1.49287e+07		-0.369252		3.01431		57.1271		6.2088e+06		1318.9		
00:00:07:000		4.47724e+06		142.08		78.2352		0		0.495426		300.085			00:00:07:000		1.49338e+07		-0.362309		3.01746		56.7558		6.21716e+06		1320.59		
00:00:06:900		4.54157e+06		142.08		75.9192		0		0.478669		300.261			00:00:06:900		1.49439e+07		-0.348525		3.02352		55.9734		6.23406e+06		1323.99		
00:00:06:750		4.64032e+06		140.036		75.9192		0		0.478669		300.528			00:00:06:750		1.49591e+07		-0.328092		3.03227		54.5793		6.25964e+06		1329.16		
00:00:06:650		4.70768e+06		140.036		73.6101		0		0.461801		300.709			00:00:06:650		1.49693e+07		-0.314622		3.03807		53.4772		6.2768e+06		1332.61		
00:00:06:599		4.74183e+06		140.036		73.6101		0		0.461801		300.801			00:00:06:599		1.49745e+07		-0.307924		3.04061		52.9095		6.2854e+06		1334.33		
00:00:06:500		4.81107e+06		137.995		73.6101		0		0.461801		300.985			00:00:06:500		1.49848e+07		-0.29462		3.04428		51.7568		6.30268e+06		1337.8		
00:00:06:349		4.91734e+06		137.995		71.3155		0		0.444798		301.265			00:00:06:349		1.50004e+07		-0.274911		3.04825		49.9632		6.32875e+06		1343.02		
00:00:06:250		4.98956e+06		135.958		71.3155		0		0.444798		301.454			00:00:06:250		1.50109e+07		-0.261942		3.0516		48.6901		6.34621e+06		1346.5		
00:00:06:150		5.06276e+06		135.958		69.0434		0		0.427681		301.645			00:00:06:150		1.50215e+07		-0.249094		3.05423		47.3662		6.36377e+06		1350.01		
00:00:06:049		5.13694e+06		135.958		69.0434		0		0.427681		301.837			00:00:06:049		1.50323e+07		-0.236362		3.05593		45.9284		6.3814e+06		1353.5		
00:00:05:950		5.21212e+06		133.926		66.8025		0		0.41047		302.031			00:00:05:950		1.50432e+07		-0.223735		3.05702		44.2648		6.39909e+06		1356.98		
00:00:05:900		5.25009e+06		133.926		66.8025		0		0.41047		302.128			00:00:05:900		1.50488e+07		-0.217449		3.05716		43.3175		6.40796e+06		1358.71		
00:00:05:750		5.36555e+06		131.903		66.8025		0		0.41047		302.424			00:00:05:750		1.50656e+07		-0.198705		3.05606		39.5934		6.43462e+06		1363.79		
00:00:05:650		5.44381e+06		131.903		64.6		0		0.393136		302.624			00:00:05:650		1.50767e+07		-0.186212		3.05497		38.1003		6.45247e+06		1367.03		
00:00:05:549		5.52313e+06		131.903		64.6		0		0.393136		302.825			00:00:05:549		1.50869e+07		-0.17361		3.05438		38.0769		6.47063e+06		1370.36		
00:00:05:349		5.68497e+06		129.893		62.4445		0		0.375666		303.231			00:00:05:349		1.51045e+07		-0.148738		3.04875		33.9953		6.50852e+06		1377.11		
00:00:05:250		5.76753e+06		127.899		62.4445		0		0.375666		303.435			00:00:05:250		1.51134e+07		-0.13658		3.04432		31.835		6.52761e+06		1379.8		
00:00:05:250		5.76753e+06		127.899		62.4445		0		0.375666		303.435			00:00:05:250		1.51134e+07		-0.13658		3.04432		31.835		6.52761e+06		1379.8		
00:00:05:150		5.85121e+06		127.899		60.3456		0		0.358025		303.641			00:00:05:150		1.51224e+07		-0.124604		3.0388		29.6821		6.54655e+06		1380.99		
00:00:05:049		5.93605e+06		127.899		60.3456		0		0.358025		303.85			00:00:05:049		1.51316e+07		-0.112825		3.03341		27.6626		6.5651e+06		1378.52		
00:00:04:950		6.02213e+06		125.925		58.3125		0		0.339921		304.06			00:00:04:950		1.5141e+07		-0.101243		3.02719		25.8039		6.58297e+06		1367.29		
00:00:04:849		6.10963e+06		125.925		58.3125		0		0.339921		304.271			00:00:04:849		1.51506e+07		-0.0898438		3.01808		24.1028		6.59978e+06		1326.55		
00:00:04:849		6.10963e+06		125.925		58.3125		0		0.339921		304.271			00:00:04:849		1.51506e+07		-0.0898438		3.01808		24.1028		6.59978e+06		1326.55		
00:00:04:750		6.19313e+06		123.973		58.3125		0		0.339921		304.485			00:00:04:750		1.51605e+07		-0.0786152		3.00738		22.5526		6.61539e+06		1270.33		
00:00:04:650		6.25729e+06		123.973		56.3512		0		0.321227		304.698			00:00:04:650		1.51705e+07		-0.0675411		2.99679		21.1813		6.62988e+06		1217.09		
00:00:04:549		6.30664e+06		123.973		56.3512		0		0.321227		304.912			00:00:04:549		1.51807e+07		-0.0565958		2.98666		19.9374		6.64333e+06		1167.93		
00:00:04:299		6.39063e+06		122.053		54.4601		0		0.302071		305.45			00:00:04:299		1.52057e+07		-0.0299091		2.95799		17.7361		6.67304e+06		1064.42		
00:00:04:200		6.41348e+06		120.174		52.624		0		0.282577		305.665			00:00:04:200		1.52156e+07		-0.0195217		2.94256		19.6891		6.6836e+06		1030.55		
00:00:04:200		6.41348e+06		120.174		52.624		0		0.282577		305.665			00:00:04:200		1.52156e+07		-0.0195217		2.94256		19.6891		6.6836e+06		1030.55		
00:00:04:099		6.43227e+06		120.174		52.624		0		0.282577		305.878			00:00:04:099		1.52255e+07		-0.00929737		2.92806		29.2998		6.6935e+06		1000.55		
00:00:04:000		6.44802e+06		118.342		52.624		0		0.282577		306.092			00:00:04:000		1.52354e+07		0.000763416		2.91553		38.7959		6.70283e+06		974.045		
00:00:03:899		6.46147e+06		118.342		50.8502		0		0.262841		306.307			00:00:03:899		1.52452e+07		0.0106592		2.90373		47.155		6.71166e+06		950.641		
00:00:03:799		6.47318e+06		118.342		50.8502		0		0.262841		306.521			00:00:03:799		1.5255e+07		0.0203824		2.88732		54.8975		6.72003e+06		929.944		
00:00:03:700		6.48363e+06		116.56		49.1457		0		0.242942		306.735			00:00:03:700		1.52647e+07		0.0299182		2.86527		62.2551		6.72799e+06		911.563		
00:00:03:600		6.49317e+06		116.56		49.1457		0		0.242942		306.949			00:00:03:600		1.52744e+07		0.0392232		2.84366		69.3705		6.73557e+06		895.112		
00:00:03:500		6.50211e+06		114.83		49.1457		0		0.242942		307.16			00:00:03:500		1.5284e+07		0.0482826		2.83014		76.3206		6.74278e+06		880.218		
00:00:03:399		6.51075e+06		114.83		47.5176		0		0.222961		307.371			00:00:03:399		1.52935e+07		0.0571098		2.82271		83.1223		6.74967e+06		866.471		
00:00:03:299		6.5194e+06		114.83		47.5176		0		0.222961		307.58			00:00:03:299		1.5303e+07		0.0657282		2.80742		89.766		6.75622e+06		853.421		
00:00:03:200		6.52843e+06		113.167		45.9716		0		0.202854		307.784			00:00:03:200		1.53125e+07		0.0741501		2.77392		96.2047		6.76244e+06		840.506		
00:00:03:100		6.53833e+06		113.167		45.9716		0		0.202854		307.985			00:00:03:100		1.53222e+07		0.0823541		2.73934		102.429		6.76832e+06		827.026		
00:00:03:000		6.54981e+06		111.577		45.9716		0		0.202854		308.182			00:00:03:000		1.53321e+07		0.0902634		2.72748		108.528		6.77386e+06		812.178		
00:00:02:899		6.56118e+06		111.577		44.5131		0		0.182627		308.372			00:00:02:899		1.53418e+07		0.0977626		2.74321		114.611		6.77907e+06		798.198		
00:00:02:799		6.57176e+06		111.577		44.5131		0		0.182627		308.555			00:00:02:799		1.5351e+07		0.104749		2.73903		120.437		6.78399e+06		785.086		
00:00:02:700		6.58155e+06		110.067		43.1468		0		0.162304		308.727			00:00:02:700		1.53591e+07		0.111253		2.67134		125.865		6.78866e+06		772.911		
00:00:02:600		6.59051e+06		110.067		43.1468		0		0.162304		308.89			00:00:02:600		1.53662e+07		0.117392		2.59126		131.257		6.79313e+06		761.81		
00:00:02:500		6.59852e+06		108.643		43.1468		0		0.162304		309.042			00:00:02:500		1.53735e+07		0.123377		2.58372		137.155		6.79747e+06		752.059		
00:00:02:399		6.60535e+06		108.643		41.8772		0		0.141909		309.184			00:00:02:399		1.53819e+07		0.129382		2.70004		143.929		6.80178e+06		744.153		
00:00:02:299		6.61059e+06		108.643		41.8772		0		0.141909		309.312			00:00:02:299		1.53908e+07		0.13518		2.77259		153.115		6.80619e+06		738.996		
00:00:02:200		6.6135e+06		107.314		40.7084		0		0.121493		309.424			00:00:02:200		1.53997e+07		0.140723		2.8071		169.635		6.81088e+06		737.933		
00:00:02:100		6.61276e+06		107.314		40.7084		0		0.121493		309.521			00:00:02:100		1.54086e+07		0.146041		2.83412		201.477		6.81605e+06		743.216		
00:00:02:000		6.60605e+06		106.086		40.7084		0		0.121493		309.602			00:00:02:000		1.54177e+07		0.151131		2.85367		245.295		6.82195e+06		758.554		
00:00:01:899		6.58956e+06		106.086		39.6458		0		0.101215		309.666			00:00:01:899		1.5427e+07		0.155941		2.86633		290.792		6.82892e+06		789.271		
00:00:01:800		6.55748e+06		106.086		39.6458		0		0.101215		309.715			00:00:01:800		1.54368e+07		0.160353		2.87273		334.202		6.83721e+06		843.097		
00:00:01:699		6.50698e+06		104.968		38.699		0		0.0811659		309.752			00:00:01:699		1.54467e+07		0.1642		2.87616		373.813		6.84671e+06		921.992		
00:00:01:600		6.46986e+06		104.968		38.699		0		0.0811659		309.779			00:00:01:600		1.54562e+07		0.167336		2.87798		408.886		6.85696e+06		949.5		
00:00:01:449		6.44174e+06		103.964		37.8885		0		0.0611306		309.806			00:00:01:449		1.54678e+07		0.170569		2.87549		452.751		6.87329e+06		991.961		
00:00:01:250		6.44699e+06		103.072		37.8885		0		0.0611306		309.829			00:00:01:250		1.54762e+07		0.172475		2.86125		495.55		6.89537e+06		1000.38		
00:00:01:250		6.44699e+06		103.072		37.8885		0		0.0611306		309.829			00:00:01:250		1.54762e+07		0.172475		2.86125		495.55		6.89537e+06		1000.38		
00:00:01:149		6.46488e+06		103.072		37.2301		0		0.0409544		309.837			00:00:01:149		1.54779e+07		0.172763		2.85102		508.438		6.90592e+06		992.429		
00:00:01:050		6.48268e+06		103.072		37.2301		0		0.0409544		309.842			00:00:01:050		1.54785e+07		0.17285		2.84183		516.267		6.91567e+06		983.822		
00:00:01:000		6.49153e+06		102.312		37.2301		0		0.0409544		309.844			00:00:01:000		1.54786e+07		0.172859		2.83881		519.615		6.92033e+06		979.304		
00:00:00:900		6.51141e+06		102.312		36.7133		0		0.0206115		309.846			00:00:00:900		1.54786e+07		0.172854		2.83661		525.249		6.93073e+06		968.647		
00:00:00:800		6.5348e+06		102.312		36.7133		0		0.0206115		309.846			00:00:00:800		1.54786e+07		0.172846		2.83559		528.764		6.941e+06		953.633		
00:00:00:650		6.58044e+06		101.605		36.3831		0		0		309.846			00:00:00:650		1.54786e+07		0.17284		2.83558		530.193		6.95423e+06		914.693		
00:00:00:550		6.62237e+06		101.605		36.3831		0		0		309.846			00:00:00:550		1.54786e+07		0.17284		2.83569		530.217		6.96061e+06		869.994		
00:00:00:450		6.68028e+06		100.069		36.3834		0		0		309.846			00:00:00:450		1.54786e+07		0.17284		2.83569		530.212		6.96422e+06		798.534		
00:00:00:349		6.76804e+06		100.069		36.3834		0		0		309.846			00:00:00:349		1.54786e+07		0.17284		2.83573		530.216		6.96485e+06		526.825		
00:00:00:250		6.83116e+06		100.069		36.3834		0		0		309.846			00:00:00:250		1.54786e+07		0.17284		2.83572		530.217		6.96484e+06		526.826		
00:00:00:149		6.83116e+06		100.069		36.3837		0		0		309.846			00:00:00:149		1.54785e+07		0.17284		2.83572		530.221		6.96484e+06		526.826		
00:00:00:050		6.83115e+06		100.069		36.3837		0		0		309.846			00:00:00:050		1.54785e+07		0.17284		2.83567		530.223		6.96484e+06		526.826		
00:00:00:000		6.83115e+06		100.069		36.3837		0		0		309.846			00:00:00:000		1.54785e+07		0.17284		2.83571		530.225		6.96483e+06		526.826		
00:00:00:000		6.83115e+06		100.069		36.3837		0		0		309.846			00:00:00:000		1.54785e+07		0.17284		2.83571		530.225		6.96483e+06		526.826		
00:00:00:000		6.83115e+06		100.069		36.3837		0		0		309.846			00:00:00:000		1.54785e+07		0.17284		2.83571		530.225		6.96483e+06		526.826		
00:00:00:000		6.83115e+06		100.069		36.3837		0		0		309.846			00:00:00:000		1.54785e+07		0.17284		2.83571		530.225		6.96483e+06		526.826		
00:00:00:000		6.83115e+06		100.069		36.3837		0		0		309.846			00:00:00:000		1.54785e+07		0.17284		2.83571		530.225		6.96483e+06		526.826		
00:00:00:000		6.83115e+06		100.069		36.3837		0		0		309.846			00:00:00:000		1.54785e+07		0.17284		2.83571		530.225		6.96483e+06		526.826		
