	time 		gpv001pnt10113ppntm	evf507ety101mpzoyout	chtcon(1)	chavg(1)	chlhsumpa	rcptavgn			time 		rcpppzr	rcp054rcp007mnzoyout	rcv501std0102fvol	fwfrcp001gv	rcppmssga	msfsg(1)	
00:01:03:299		1.54114e+06		313.253		132.032		0		3		263.318			00:01:03:299		9.80565e+06		-5.84935		0		0		2.51142e+06		568.28		
00:01:03:200		1.54115e+06		312.851		132.005		0		3		263.365			00:01:03:200		9.81823e+06		-5.84977		0		0		2.51558e+06		568.9		
00:01:03:100		1.54115e+06		312.851		132.005		0		3		263.41			00:01:03:100		9.8307e+06		-5.85019		0		0		2.51759e+06		568.908		
00:01:03:000		1.54116e+06		312.448		132.005		0		3		263.459			00:01:03:000		9.84308e+06		-5.85061		0		0		2.51977e+06		569.272		
00:01:02:899		1.54117e+06		312.448		131.978		0		3		263.509			00:01:02:899		9.85539e+06		-5.85099		0		0		2.52284e+06		569.82		
00:01:02:799		1.54118e+06		312.448		131.978		0		3		263.56			00:01:02:799		9.86765e+06		-5.85134		0		0		2.52617e+06		569.78		
00:01:02:700		1.54119e+06		312.041		131.951		0		3		263.604			00:01:02:700		9.87995e+06		-5.85167		0		0		2.52987e+06		570.887		
00:01:02:600		1.5412e+06		312.041		131.951		0		3		263.647			00:01:02:600		9.89227e+06		-5.85199		0		0		2.53581e+06		571.61		
00:01:02:399		1.54122e+06		311.634		131.923		0		3		263.741			00:01:02:399		9.91672e+06		-5.85259		0		0		2.54641e+06		575.263		
00:01:02:399		1.54122e+06		311.634		131.923		0		3		263.741			00:01:02:399		9.91672e+06		-5.85259		0		0		2.54641e+06		575.263		
00:01:02:299		1.54123e+06		311.634		131.923		0		3		263.791			00:01:02:299		9.92875e+06		-5.85289		0		0		2.55063e+06		576.628		
00:01:02:200		1.54124e+06		311.224		131.894		0		3		263.844			00:01:02:200		9.9407e+06		-5.85321		0		0		2.55516e+06		577.554		
00:01:02:100		1.54124e+06		311.224		131.894		0		3		263.896			00:01:02:100		9.95263e+06		-5.85356		0		0		2.5595e+06		579.072		
00:01:02:000		1.54125e+06		310.81		131.894		0		3		263.944			00:01:02:000		9.96459e+06		-5.85393		0		0		2.56038e+06		578.361		
00:01:01:850		1.54127e+06		310.81		131.866		0		3		264.016			00:01:01:850		9.98257e+06		-5.85458		0		0		2.56348e+06		578.964		
00:01:01:750		1.54128e+06		310.397		131.866		0		3		264.068			00:01:01:750		9.99456e+06		-5.85507		0		0		2.56685e+06		579.43		
00:01:01:649		1.54128e+06		310.397		131.837		0		3		264.118			00:01:01:649		1.00066e+07		-5.85562		0		0		2.57043e+06		579.552		
00:01:01:549		1.54129e+06		310.397		131.837		0		3		264.161			00:01:01:549		1.00186e+07		-5.85624		0		0		2.57462e+06		581.03		
00:01:01:350		1.54131e+06		309.981		131.807		0		3		264.252			00:01:01:350		1.00429e+07		-5.8576		0		0		2.58736e+06		584.541		
00:01:01:350		1.54131e+06		309.981		131.807		0		3		264.252			00:01:01:350		1.00429e+07		-5.8576		0		0		2.58736e+06		584.541		
00:01:01:250		1.54132e+06		309.561		131.807		0		3		264.301			00:01:01:250		1.0055e+07		-5.85833		0		0		2.59197e+06		585.708		
00:01:01:149		1.54133e+06		309.561		131.777		0		3		264.352			00:01:01:149		1.00671e+07		-5.85906		0		0		2.59614e+06		587.017		
00:01:01:049		1.54134e+06		309.561		131.777		0		3		264.404			00:01:01:049		1.00791e+07		-5.85975		0		0		2.60026e+06		588.914		
00:01:00:950		1.54135e+06		309.14		131.747		0		3		264.457			00:01:00:950		1.0091e+07		-5.86037		0		0		2.60367e+06		588.848		
00:01:00:850		1.54136e+06		309.14		131.747		0		3		264.507			00:01:00:850		1.01028e+07		-5.86086		0		0		2.6035e+06		587.725		
00:01:00:750		1.54137e+06		308.717		131.747		0		3		264.553			00:01:00:750		1.01146e+07		-5.86117		0		0		2.6051e+06		588.279		
00:01:00:649		1.54137e+06		308.717		131.716		0		3		264.603			00:01:00:649		1.01264e+07		-5.86127		0		0		2.60865e+06		588.96		
00:01:00:549		1.54138e+06		308.717		131.716		0		3		264.654			00:01:00:549		1.01381e+07		-5.86113		0		0		2.61274e+06		589.736		
00:01:00:350		1.5414e+06		308.293		131.685		0		3		264.751			00:01:00:350		1.01613e+07		-5.86003		0		0		2.62189e+06		590.72		
00:01:00:350		1.5414e+06		308.293		131.685		0		3		264.751			00:01:00:350		1.01613e+07		-5.86003		0		0		2.62189e+06		590.72		
00:01:00:250		1.54141e+06		307.866		131.685		0		3		264.799			00:01:00:250		1.01729e+07		-5.85902		0		0		2.62783e+06		593.991		
00:01:00:149		1.54142e+06		307.866		131.653		0		3		264.85			00:01:00:149		1.01844e+07		-5.8577		0		0		2.63299e+06		595.361		
00:01:00:049		1.54143e+06		307.866		131.653		0		3		264.904			00:01:00:049		1.01958e+07		-5.85606		0		0		2.63668e+06		596.18		
00:01:00:000		1.54143e+06		307.437		131.653		0		3		264.931			00:01:00:000		1.02014e+07		-5.85514		0		0		2.63815e+06		596.531		
00:00:59:899		1.54144e+06		307.437		131.621		0		3		264.986			00:00:59:899		1.02127e+07		-5.85308		0		0		2.64095e+06		598.011		
00:00:59:799		1.54145e+06		307.437		131.621		0		3		265.043			00:00:59:799		1.02238e+07		-5.85078		0		0		2.64415e+06		598.742		
00:00:59:700		1.54146e+06		307.006		131.588		0		3		265.098			00:00:59:700		1.0235e+07		-5.84829		0		0		2.64436e+06		596.907		
00:00:59:600		1.54147e+06		307.006		131.588		0		3		265.148			00:00:59:600		1.02461e+07		-5.84566		0		0		2.64389e+06		596.806		
00:00:59:399		1.54149e+06		306.574		131.555		0		3		265.246			00:00:59:399		1.02683e+07		-5.84028		0		0		2.65189e+06		598.462		
00:00:59:399		1.54149e+06		306.574		131.555		0		3		265.246			00:00:59:399		1.02683e+07		-5.84028		0		0		2.65189e+06		598.462		
00:00:59:299		1.5415e+06		306.574		131.555		0		3		265.298			00:00:59:299		1.02794e+07		-5.83768		0		0		2.65684e+06		599.739		
00:00:59:200		1.54151e+06		306.138		131.522		0		3		265.35			00:00:59:200		1.02905e+07		-5.83526		0		0		2.66221e+06		601.369		
00:00:59:100		1.54151e+06		306.138		131.522		0		3		265.404			00:00:59:100		1.03015e+07		-5.83311		0		0		2.66759e+06		603.182		
00:00:59:000		1.54152e+06		305.702		131.522		0		3		265.459			00:00:59:000		1.03124e+07		-5.83128		0		0		2.67224e+06		604.316		
00:00:58:899		1.54153e+06		305.702		131.489		0		3		265.515			00:00:58:899		1.03233e+07		-5.82949		0		0		2.67514e+06		604.839		
00:00:58:750		1.54155e+06		305.265		131.489		0		3		265.602			00:00:58:750		1.03394e+07		-5.82666		0		0		2.67943e+06		606.543		
00:00:58:649		1.54155e+06		305.265		131.456		0		3		265.659			00:00:58:649		1.03501e+07		-5.82468		0		0		2.68161e+06		606.426		
00:00:58:450		1.54157e+06		304.825		131.423		0		3		265.765			00:00:58:450		1.03715e+07		-5.82051		0		0		2.68222e+06		605.467		
00:00:58:350		1.54158e+06		304.825		131.423		0		3		265.816			00:00:58:350		1.03822e+07		-5.81831		0		0		2.68691e+06		606.524		
00:00:58:350		1.54158e+06		304.825		131.423		0		3		265.816			00:00:58:350		1.03822e+07		-5.81831		0		0		2.68691e+06		606.524		
00:00:58:350		1.54158e+06		304.825		131.423		0		3		265.816			00:00:58:350		1.03822e+07		-5.81831		0		0		2.68691e+06		606.524		
00:00:58:149		1.5416e+06		304.382		131.39		0		3		265.924			00:00:58:149		1.04034e+07		-5.81371		0		0		2.69738e+06		609.416		
00:00:58:049		1.54161e+06		304.382		131.39		0		3		265.98			00:00:58:049		1.0414e+07		-5.8113		0		0		2.70239e+06		611.059		
00:00:57:950		1.54162e+06		303.938		131.358		0		3		266.037			00:00:57:950		1.04244e+07		-5.80882		0		0		2.7067e+06		612.019		
00:00:57:899		1.54162e+06		303.938		131.358		0		3		266.037			00:00:57:899		1.04244e+07		-5.80882		0		0		2.7067e+06		612.019		
00:00:57:750		1.54164e+06		303.493		131.358		0		3		266.155			00:00:57:750		1.04452e+07		-5.80364		0		0		2.71266e+06		614.282		
00:00:57:649		1.54164e+06		303.493		131.325		0		3		266.214			00:00:57:649		1.04556e+07		-5.80094		0		0		2.71519e+06		614.237		
00:00:57:549		1.54165e+06		303.493		131.325		0		3		266.272			00:00:57:549		1.04659e+07		-5.79818		0		0		2.71511e+06		612.68		
00:00:57:450		1.54166e+06		303.047		131.292		0		3		266.326			00:00:57:450		1.04762e+07		-5.79534		0		0		2.71522e+06		612.456		
00:00:57:450		1.54166e+06		303.047		131.292		0		3		266.326			00:00:57:450		1.04762e+07		-5.79534		0		0		2.71522e+06		612.456		
00:00:57:350		1.54167e+06		303.047		131.292		0		3		266.378			00:00:57:350		1.04865e+07		-5.79243		0		0		2.71947e+06		612.722		
00:00:57:250		1.54168e+06		302.596		131.292		0		3		266.433			00:00:57:250		1.04968e+07		-5.78946		0		0		2.72514e+06		615.501		
00:00:57:149		1.54169e+06		302.596		131.259		0		3		266.491			00:00:57:149		1.0507e+07		-5.78641		0		0		2.73028e+06		616.933		
00:00:57:049		1.5417e+06		302.596		131.259		0		3		266.548			00:00:57:049		1.05172e+07		-5.78331		0		0		2.73481e+06		618.222		
00:00:56:950		1.54171e+06		302.146		131.227		0		3		266.607			00:00:56:950		1.05273e+07		-5.78014		0		0		2.73898e+06		619.334		
00:00:56:850		1.54172e+06		302.146		131.227		0		3		266.667			00:00:56:850		1.05374e+07		-5.7769		0		0		2.74208e+06		620.426		
00:00:56:750		1.54173e+06		301.693		131.227		0		3		266.727			00:00:56:750		1.05475e+07		-5.77361		0		0		2.74494e+06		621.264		
00:00:56:649		1.54173e+06		301.693		131.194		0		3		266.786			00:00:56:649		1.05575e+07		-5.77026		0		0		2.74642e+06		620.939		
00:00:56:450		1.54175e+06		301.239		131.161		0		3		266.9			00:00:56:450		1.05775e+07		-5.7634		0		0		2.74762e+06		619.838		
00:00:56:450		1.54175e+06		301.239		131.161		0		3		266.9			00:00:56:450		1.05775e+07		-5.7634		0		0		2.74762e+06		619.838		
00:00:56:350		1.54176e+06		301.239		131.161		0		3		266.955			00:00:56:350		1.05875e+07		-5.75988		0		0		2.75283e+06		621.759		
00:00:56:250		1.54177e+06		300.782		131.161		0		3		267.013			00:00:56:250		1.05975e+07		-5.75631		0		0		2.75837e+06		623.167		
00:00:56:149		1.54178e+06		300.782		131.129		0		3		267.071			00:00:56:149		1.06074e+07		-5.75269		0		0		2.76282e+06		624.31		
00:00:56:049		1.54179e+06		300.782		131.129		0		3		267.13			00:00:56:049		1.06172e+07		-5.74902		0		0		2.76721e+06		625.017		
00:00:55:899		1.5418e+06		300.323		131.097		0		3		267.221			00:00:55:899		1.06319e+07		-5.74341		0		0		2.77231e+06		627.136		
00:00:55:799		1.54181e+06		300.323		131.097		0		3		267.281			00:00:55:799		1.06417e+07		-5.7396		0		0		2.7746e+06		627.682		
00:00:55:700		1.54182e+06		299.864		131.064		0		3		267.341			00:00:55:700		1.06514e+07		-5.73574		0		0		2.77633e+06		627.549		
00:00:55:600		1.54183e+06		299.864		131.064		0		3		267.4			00:00:55:600		1.06611e+07		-5.73182		0		0		2.7768e+06		626.148		
00:00:55:399		1.54185e+06		299.402		131.032		0		3		267.515			00:00:55:399		1.06805e+07		-5.72381		0		0		2.7838e+06		628.821		
00:00:55:399		1.54185e+06		299.402		131.032		0		3		267.515			00:00:55:399		1.06805e+07		-5.72381		0		0		2.7838e+06		628.821		
00:00:55:299		1.54186e+06		299.402		131.032		0		3		267.573			00:00:55:299		1.06902e+07		-5.71971		0		0		2.78901e+06		628.936		
00:00:55:200		1.54187e+06		298.938		131		0		3		267.632			00:00:55:200		1.06998e+07		-5.71557		0		0		2.79321e+06		631.24		
00:00:55:100		1.54187e+06		298.938		131		0		3		267.692			00:00:55:100		1.07093e+07		-5.71138		0		0		2.79779e+06		632.659		
00:00:55:000		1.54188e+06		298.472		131		0		3		267.754			00:00:55:000		1.07187e+07		-5.70714		0		0		2.80117e+06		633.526		
00:00:54:899		1.54189e+06		298.472		130.968		0		3		267.814			00:00:54:899		1.07281e+07		-5.70285		0		0		2.80356e+06		633.414		
00:00:54:799		1.5419e+06		298.472		130.968		0		3		267.874			00:00:54:799		1.07374e+07		-5.6985		0		0		2.80568e+06		634.52		
00:00:54:700		1.54191e+06		298.004		130.937		0		3		267.934			00:00:54:700		1.07468e+07		-5.6941		0		0		2.80739e+06		633.53		
00:00:54:600		1.54192e+06		298.004		130.937		0		3		267.994			00:00:54:600		1.07561e+07		-5.68965		0		0		2.80822e+06		633.608		
00:00:54:399		1.54194e+06		297.536		130.905		0		3		268.113			00:00:54:399		1.07747e+07		-5.68058		0		0		2.81767e+06		636.221		
00:00:54:399		1.54194e+06		297.536		130.905		0		3		268.113			00:00:54:399		1.07747e+07		-5.68058		0		0		2.81767e+06		636.221		
00:00:54:299		1.54195e+06		297.536		130.905		0		3		268.174			00:00:54:299		1.07839e+07		-5.67596		0		0		2.82145e+06		637.153		
00:00:54:200		1.54196e+06		297.065		130.874		0		3		268.235			00:00:54:200		1.07931e+07		-5.67128		0		0		2.82582e+06		638.811		
00:00:54:100		1.54196e+06		297.065		130.874		0		3		268.297			00:00:54:100		1.08023e+07		-5.66656		0		0		2.83004e+06		639.878		
00:00:54:000		1.54197e+06		296.594		130.874		0		3		268.36			00:00:54:000		1.08114e+07		-5.66178		0		0		2.83295e+06		640.373		
00:00:53:899		1.54198e+06		296.594		130.843		0		3		268.421			00:00:53:899		1.08206e+07		-5.65695		0		0		2.83483e+06		640.842		
00:00:53:799		1.54199e+06		296.594		130.843		0		3		268.482			00:00:53:799		1.08297e+07		-5.65206		0		0		2.83749e+06		641.401		
00:00:53:649		1.542e+06		296.12		130.813		0		3		268.573			00:00:53:649		1.08433e+07		-5.64463		0		0		2.83938e+06		640.649		
00:00:53:450		1.54202e+06		295.644		130.782		0		3		268.695			00:00:53:450		1.08615e+07		-5.63451		0		0		2.84769e+06		643.004		
00:00:53:350		1.54203e+06		295.644		130.782		0		3		268.756			00:00:53:350		1.08705e+07		-5.62936		0		0		2.85138e+06		643.727		
00:00:53:350		1.54203e+06		295.644		130.782		0		3		268.756			00:00:53:350		1.08705e+07		-5.62936		0		0		2.85138e+06		643.727		
00:00:53:250		1.54204e+06		295.168		130.782		0		3		268.817			00:00:53:250		1.08796e+07		-5.62414		0		0		2.85547e+06		645.335		
00:00:53:149		1.54205e+06		295.168		130.752		0		3		268.879			00:00:53:149		1.08887e+07		-5.61885		0		0		2.85996e+06		646.524		
00:00:53:149		1.54205e+06		295.168		130.752		0		3		268.879			00:00:53:149		1.08887e+07		-5.61885		0		0		2.85996e+06		646.524		
00:00:53:049		1.54206e+06		295.168		130.752		0		3		268.941			00:00:53:049		1.08978e+07		-5.61349		0		0		2.86316e+06		647.409		
00:00:52:950		1.54207e+06		294.689		130.722		0		3		269.001			00:00:52:950		1.09069e+07		-5.60806		0		0		2.86536e+06		647.362		
00:00:52:750		1.54209e+06		294.208		130.722		0		3		269.119			00:00:52:750		1.09253e+07		-5.597		0		0		2.86976e+06		647.781		
00:00:52:649		1.54209e+06		294.208		130.693		0		3		269.177			00:00:52:649		1.09345e+07		-5.59138		0		0		2.87063e+06		647.899		
00:00:52:649		1.54209e+06		294.208		130.693		0		3		269.177			00:00:52:649		1.09345e+07		-5.59138		0		0		2.87063e+06		647.899		
00:00:52:450		1.54211e+06		293.725		130.663		0		3		269.294			00:00:52:450		1.09529e+07		-5.57996		0		0		2.87892e+06		649.955		
00:00:52:350		1.54212e+06		293.725		130.663		0		3		269.351			00:00:52:350		1.09621e+07		-5.57417		0		0		2.88241e+06		650.796		
00:00:52:350		1.54212e+06		293.725		130.663		0		3		269.351			00:00:52:350		1.09621e+07		-5.57417		0		0		2.88241e+06		650.796		
00:00:52:250		1.54213e+06		293.24		130.663		0		3		269.409			00:00:52:250		1.09713e+07		-5.56832		0		0		2.8866e+06		652.312		
00:00:52:149		1.54214e+06		293.24		130.634		0		3		269.467			00:00:52:149		1.09805e+07		-5.56242		0		0		2.89068e+06		653.13		
00:00:52:049		1.54215e+06		293.24		130.634		0		3		269.525			00:00:52:049		1.09896e+07		-5.55647		0		0		2.89371e+06		654.305		
00:00:51:950		1.54216e+06		292.756		130.606		0		3		269.583			00:00:51:950		1.09987e+07		-5.55046		0		0		2.89681e+06		654.645		
00:00:51:750		1.54218e+06		292.27		130.606		0		3		269.693			00:00:51:750		1.10167e+07		-5.53827		0		0		2.9012e+06		655.615		
00:00:51:750		1.54218e+06		292.27		130.606		0		3		269.693			00:00:51:750		1.10167e+07		-5.53827		0		0		2.9012e+06		655.615		
00:00:51:649		1.54218e+06		292.27		130.577		0		3		269.749			00:00:51:649		1.10256e+07		-5.53209		0		0		2.90225e+06		654.996		
00:00:51:450		1.54221e+06		291.781		130.55		0		3		269.888			00:00:51:450		1.10478e+07		-5.5164		0		0		2.91076e+06		656.868		
00:00:51:450		1.54221e+06		291.781		130.55		0		3		269.888			00:00:51:450		1.10478e+07		-5.5164		0		0		2.91076e+06		656.868		
00:00:51:299		1.54222e+06		291.781		130.55		0		3		269.944			00:00:51:299		1.10566e+07		-5.51002		0		0		2.91439e+06		658.238		
00:00:51:250		1.54222e+06		291.289		130.55		0		3		269.972			00:00:51:250		1.10609e+07		-5.50681		0		0		2.91655e+06		658.945		
00:00:51:149		1.54223e+06		291.289		130.522		0		3		270.028			00:00:51:149		1.10697e+07		-5.50036		0		0		2.92064e+06		659.815		
00:00:51:049		1.54224e+06		291.289		130.522		0		3		270.084			00:00:51:049		1.10783e+07		-5.49384		0		0		2.92383e+06		660.956		
00:00:50:950		1.54225e+06		290.797		130.495		0		3		270.142			00:00:50:950		1.1087e+07		-5.48725		0		0		2.92701e+06		661.663		
00:00:50:700		1.54227e+06		290.304		130.468		0		3		270.283			00:00:50:700		1.11084e+07		-5.47046		0		0		2.93204e+06		662.576		
00:00:50:700		1.54227e+06		290.304		130.468		0		3		270.283			00:00:50:700		1.11084e+07		-5.47046		0		0		2.93204e+06		662.576		
00:00:50:600		1.54228e+06		290.304		130.468		0		3		270.339			00:00:50:600		1.1117e+07		-5.46359		0		0		2.93265e+06		661.809		
00:00:50:500		1.54229e+06		289.808		130.468		0		3		270.396			00:00:50:500		1.11255e+07		-5.45667		0		0		2.93438e+06		662.421		
00:00:50:399		1.5423e+06		289.808		130.442		0		3		270.453			00:00:50:399		1.1134e+07		-5.44967		0		0		2.93825e+06		663.579		
00:00:50:350		1.5423e+06		289.808		130.442		0		3		270.481			00:00:50:350		1.11382e+07		-5.44614		0		0		2.94035e+06		663.838		
00:00:50:250		1.54231e+06		289.311		130.442		0		3		270.537			00:00:50:250		1.11467e+07		-5.43904		0		0		2.94383e+06		665.194		
00:00:50:149		1.54232e+06		289.311		130.417		0		3		270.594			00:00:50:149		1.1155e+07		-5.43188		0		0		2.94812e+06		666.413		
00:00:50:049		1.54233e+06		289.311		130.417		0		3		270.652			00:00:50:049		1.11633e+07		-5.42466		0		0		2.95104e+06		667.193		
00:00:49:950		1.54234e+06		288.812		130.392		0		3		270.71			00:00:49:950		1.11716e+07		-5.41739		0		0		2.95347e+06		667.87		
00:00:49:850		1.54235e+06		288.812		130.392		0		3		270.768			00:00:49:850		1.11797e+07		-5.41006		0		0		2.95531e+06		668.421		
00:00:49:750		1.54236e+06		288.311		130.392		0		3		270.828			00:00:49:750		1.11878e+07		-5.40268		0		0		2.95686e+06		668.825		
00:00:49:649		1.54236e+06		288.311		130.367		0		3		270.891			00:00:49:649		1.11958e+07		-5.39526		0		0		2.9582e+06		669.8		
00:00:49:450		1.54238e+06		287.807		130.343		0		3		271.017			00:00:49:450		1.12118e+07		-5.38031		0		0		2.95764e+06		667.432		
00:00:49:450		1.54238e+06		287.807		130.343		0		3		271.017			00:00:49:450		1.12118e+07		-5.38031		0		0		2.95764e+06		667.432		
00:00:49:299		1.5424e+06		287.807		130.343		0		3		271.101			00:00:49:299		1.12238e+07		-5.369		0		0		2.95832e+06		665.77		
00:00:49:200		1.54241e+06		287.301		130.319		0		3		271.15			00:00:49:200		1.12318e+07		-5.36143		0		0		2.9617e+06		666.543		
00:00:49:100		1.54241e+06		287.301		130.319		0		3		271.197			00:00:49:100		1.12399e+07		-5.35384		0		0		2.96942e+06		668.896		
00:00:49:000		1.54242e+06		286.792		130.319		0		3		271.248			00:00:49:000		1.12481e+07		-5.34623		0		0		2.97783e+06		670.935		
00:00:48:899		1.54243e+06		286.792		130.296		0		3		271.3			00:00:48:899		1.12563e+07		-5.33861		0		0		2.9856e+06		672.937		
00:00:48:799		1.54244e+06		286.792		130.296		0		3		271.351			00:00:48:799		1.12645e+07		-5.33096		0		0		2.99286e+06		674.648		
00:00:48:700		1.54245e+06		286.282		130.273		0		3		271.4			00:00:48:700		1.12727e+07		-5.3233		0		0		2.99948e+06		676.311		
00:00:48:600		1.54246e+06		286.282		130.273		0		3		271.453			00:00:48:600		1.12809e+07		-5.31561		0		0		3.00602e+06		678.595		
00:00:48:500		1.54247e+06		285.77		130.273		0		3		271.507			00:00:48:500		1.12891e+07		-5.30789		0		0		3.01298e+06		682.135		
00:00:48:399		1.54248e+06		285.77		130.251		0		3		271.562			00:00:48:399		1.12973e+07		-5.30015		0		0		3.01857e+06		682.602		
00:00:48:299		1.54249e+06		285.77		130.251		0		3		271.616			00:00:48:299		1.13052e+07		-5.29238		0		0		3.01791e+06		680.629		
00:00:48:200		1.5425e+06		285.254		130.23		0		3		271.67			00:00:48:200		1.13133e+07		-5.28456		0		0		3.01865e+06		681.588		
00:00:48:100		1.5425e+06		285.254		130.23		0		3		271.726			00:00:48:100		1.13214e+07		-5.27671		0		0		3.02304e+06		683.513		
00:00:48:000		1.54251e+06		284.737		130.23		0		3		271.784			00:00:48:000		1.13295e+07		-5.26883		0		0		3.02702e+06		683.756		
00:00:47:899		1.54252e+06		284.737		130.21		0		3		271.84			00:00:47:899		1.13375e+07		-5.26091		0		0		3.02828e+06		683.315		
00:00:47:799		1.54253e+06		284.737		130.21		0		3		271.895			00:00:47:799		1.13455e+07		-5.25295		0		0		3.03045e+06		683.992		
00:00:47:700		1.54254e+06		284.218		130.19		0		3		271.949			00:00:47:700		1.13535e+07		-5.24496		0		0		3.03405e+06		684.368		
00:00:47:500		1.54256e+06		283.695		130.19		0		3		272.052			00:00:47:500		1.13694e+07		-5.22884		0		0		3.04237e+06		686.778		
00:00:47:350		1.54257e+06		283.695		130.172		0		3		272.132			00:00:47:350		1.13813e+07		-5.21665		0		0		3.05087e+06		690.394		
00:00:47:350		1.54257e+06		283.695		130.172		0		3		272.132			00:00:47:350		1.13813e+07		-5.21665		0		0		3.05087e+06		690.394		
00:00:47:250		1.54258e+06		283.171		130.172		0		3		272.19			00:00:47:250		1.13891e+07		-5.20848		0		0		3.05455e+06		690.409		
00:00:47:149		1.54259e+06		283.171		130.154		0		3		272.249			00:00:47:149		1.13969e+07		-5.20028		0		0		3.05466e+06		690.609		
00:00:47:049		1.5426e+06		283.171		130.154		0		3		272.307			00:00:47:049		1.14047e+07		-5.19204		0		0		3.05562e+06		689.445		
00:00:47:049		1.5426e+06		283.171		130.154		0		3		272.307			00:00:47:049		1.14047e+07		-5.19204		0		0		3.05562e+06		689.445		
00:00:46:950		1.54261e+06		282.645		130.137		0		3		272.36			00:00:46:950		1.14125e+07		-5.18375		0		0		3.05578e+06		689.36		
00:00:46:850		1.54262e+06		282.645		130.137		0		3		272.414			00:00:46:850		1.14203e+07		-5.17542		0		0		3.05882e+06		689.267		
00:00:46:750		1.54263e+06		282.116		130.137		0		3		272.467			00:00:46:750		1.1428e+07		-5.16704		0		0		3.06216e+06		689.166		
00:00:46:450		1.54265e+06		281.584		130.106		0		3		272.612			00:00:46:450		1.14516e+07		-5.1416		0		0		3.08258e+06		694.822		
00:00:46:350		1.54266e+06		281.584		130.106		0		3		272.662			00:00:46:350		1.14595e+07		-5.13305		0		0		3.08839e+06		696.362		
00:00:46:350		1.54266e+06		281.584		130.106		0		3		272.662			00:00:46:350		1.14595e+07		-5.13305		0		0		3.08839e+06		696.362		
00:00:46:350		1.54266e+06		281.584		130.106		0		3		272.662			00:00:46:350		1.14595e+07		-5.13305		0		0		3.08839e+06		696.362		
00:00:46:250		1.54267e+06		281.051		130.106		0		3		272.715			00:00:46:250		1.14674e+07		-5.12447		0		0		3.09474e+06		699.11		
00:00:46:149		1.54268e+06		281.051		130.093		0		3		272.77			00:00:46:149		1.14752e+07		-5.11587		0		0		3.1017e+06		702.286		
00:00:46:049		1.54269e+06		281.051		130.093		0		3		272.827			00:00:46:049		1.1483e+07		-5.10726		0		0		3.10529e+06		701.261		
00:00:45:950		1.5427e+06		280.514		130.08		0		3		272.885			00:00:45:950		1.14908e+07		-5.09863		0		0		3.10427e+06		701.161		
00:00:45:850		1.54271e+06		280.514		130.08		0		3		272.942			00:00:45:850		1.14985e+07		-5.08999		0		0		3.10583e+06		700.411		
00:00:45:750		1.54272e+06		279.975		130.08		0		3		272.995			00:00:45:750		1.15062e+07		-5.08134		0		0		3.10722e+06		700.749		
00:00:45:649		1.54272e+06		279.975		130.068		0		3		273.048			00:00:45:649		1.15139e+07		-5.07269		0		0		3.11106e+06		700.957		
00:00:45:450		1.54274e+06		279.435		130.058		0		3		273.149			00:00:45:450		1.15295e+07		-5.05535		0		0		3.1209e+06		703.489		
00:00:45:450		1.54274e+06		279.435		130.058		0		3		273.149			00:00:45:450		1.15295e+07		-5.05535		0		0		3.1209e+06		703.489		
00:00:45:350		1.54275e+06		279.435		130.058		0		3		273.197			00:00:45:350		1.15373e+07		-5.04666		0		0		3.12793e+06		704.902		
00:00:45:200		1.54277e+06		278.891		130.049		0		3		273.275			00:00:45:200		1.15492e+07		-5.03361		0		0		3.13691e+06		707.496		
00:00:45:100		1.54277e+06		278.891		130.049		0		3		273.33			00:00:45:100		1.1557e+07		-5.0249		0		0		3.14394e+06		711.389		
00:00:45:000		1.54278e+06		278.345		130.049		0		3		273.387			00:00:45:000		1.15648e+07		-5.01617		0		0		3.15083e+06		713.362		
00:00:44:899		1.54279e+06		278.345		130.041		0		3		273.444			00:00:44:899		1.15726e+07		-5.00741		0		0		3.1508e+06		710.364		
00:00:44:799		1.5428e+06		278.345		130.041		0		3		273.499			00:00:44:799		1.15804e+07		-4.99862		0		0		3.14835e+06		709.814		
00:00:44:700		1.54281e+06		277.797		130.034		0		3		273.549			00:00:44:700		1.15882e+07		-4.98979		0		0		3.15153e+06		710.518		
00:00:44:600		1.54282e+06		277.797		130.034		0		3		273.603			00:00:44:600		1.1596e+07		-4.98094		0		0		3.15621e+06		711.391		
00:00:44:500		1.54283e+06		277.246		130.034		0		3		273.657			00:00:44:500		1.16038e+07		-4.97205		0		0		3.16087e+06		711.819		
00:00:44:399		1.54284e+06		277.246		130.029		0		3		273.709			00:00:44:399		1.16116e+07		-4.96313		0		3.46914		3.16576e+06		712.943		
00:00:44:299		1.54285e+06		277.246		130.029		0		3		273.757			00:00:44:299		1.16195e+07		-4.95417		0		0		3.17239e+06		714.822		
00:00:44:200		1.54286e+06		276.693		130.025		0		3		273.808			00:00:44:200		1.16273e+07		-4.94518		0		0		3.17914e+06		716.132		
00:00:44:149		1.54286e+06		276.693		130.025		0		3		273.834			00:00:44:149		1.16313e+07		-4.94068		0		0		3.1822e+06		716.968		
00:00:44:049		1.54287e+06		276.693		130.025		0		3		273.89			00:00:44:049		1.16392e+07		-4.93166		0		0		3.18893e+06		720.306		
00:00:43:899		1.54288e+06		276.136		130.022		0		3		273.977			00:00:43:899		1.16509e+07		-4.9181		0		0		3.19932e+06		724.209		
00:00:43:799		1.54289e+06		276.136		130.022		0		3		274.036			00:00:43:799		1.16586e+07		-4.90902		0		0		3.19872e+06		720.93		
00:00:43:700		1.5429e+06		275.577		130.021		0		3		274.092			00:00:43:700		1.16664e+07		-4.89991		0		0		3.19585e+06		719.751		
00:00:43:600		1.54291e+06		275.577		130.021		0		3		274.14			00:00:43:600		1.16743e+07		-4.89076		0		0		3.19903e+06		720.76		
00:00:43:500		1.54292e+06		275.016		130.021		0		3		274.193			00:00:43:500		1.16822e+07		-4.88159		0		0		3.20444e+06		721.81		
00:00:43:399		1.54293e+06		275.016		130.021		0		3		274.247			00:00:43:399		1.169e+07		-4.8724		0		0		3.20985e+06		722.52		
00:00:43:299		1.54294e+06		275.016		130.021		0		3		274.298			00:00:43:299		1.16978e+07		-4.86319		0		0		3.21554e+06		723.852		
00:00:43:200		1.54295e+06		274.452		130.023		0		3		274.347			00:00:43:200		1.17056e+07		-4.85396		0		0		3.22263e+06		725.769		
00:00:43:100		1.54295e+06		274.452		130.023		0		3		274.399			00:00:43:100		1.17134e+07		-4.84469		0		0		3.22984e+06		727.388		
00:00:43:000		1.54296e+06		273.886		130.023		0		3		274.455			00:00:43:000		1.17212e+07		-4.83538		0		0		3.23685e+06		730.627		
00:00:42:899		1.54297e+06		273.886		130.026		0		3		274.515			00:00:42:899		1.17291e+07		-4.82605		0		0		3.2453e+06		735.156		
00:00:42:799		1.54298e+06		273.886		130.026		0		3		274.576			00:00:42:799		1.17369e+07		-4.81669		0		0		3.25015e+06		734.471		
00:00:42:700		1.54299e+06		273.316		130.032		0		3		274.635			00:00:42:700		1.17448e+07		-4.80731		0		0		3.24657e+06		731.121		
00:00:42:600		1.543e+06		273.316		130.032		0		3		274.691			00:00:42:600		1.17526e+07		-4.79789		0		0		3.24484e+06		730.306		
00:00:42:500		1.54301e+06		272.743		130.032		0		3		274.739			00:00:42:500		1.17605e+07		-4.78845		0		0		3.24911e+06		731.646		
00:00:42:399		1.54302e+06		272.743		130.039		0		3		274.791			00:00:42:399		1.17683e+07		-4.77899		0		0		3.2552e+06		731.3		
00:00:42:299		1.54303e+06		272.743		130.039		0		3		274.868			00:00:42:299		1.178e+07		-4.76475		0		0		3.26457e+06		734.428		
00:00:42:149		1.54304e+06		272.167		130.047		0		3		274.92			00:00:42:149		1.17877e+07		-4.75523		0		0		3.27212e+06		736.595		
00:00:42:049		1.54305e+06		272.167		130.047		0		3		274.973			00:00:42:049		1.17955e+07		-4.74567		0		0		3.2802e+06		738.792		
00:00:41:950		1.54306e+06		271.588		130.058		0		3		275.03			00:00:41:950		1.18033e+07		-4.73608		0		0		3.28812e+06		743.066		
00:00:41:950		1.54306e+06		271.588		130.058		0		3		275.03			00:00:41:950		1.18033e+07		-4.73608		0		0		3.28812e+06		743.066		
00:00:41:850		1.54307e+06		271.588		130.058		0		3		275.091			00:00:41:850		1.18111e+07		-4.72648		0		0		3.29664e+06		746.742		
00:00:41:649		1.54308e+06		271.008		130.071		0		3		275.212			00:00:41:649		1.18267e+07		-4.70722		0		0		3.29424e+06		741.47		
00:00:41:649		1.54308e+06		271.008		130.071		0		3		275.212			00:00:41:649		1.18267e+07		-4.70722		0		0		3.29424e+06		741.47		
00:00:41:450		1.5431e+06		270.425		130.085		0		2.99479		275.316			00:00:41:450		1.18424e+07		-4.68791		0		0		3.29884e+06		742.421		
00:00:41:350		1.54311e+06		270.425		130.085		0		2.99479		275.367			00:00:41:350		1.18502e+07		-4.67823		0		0		3.3049e+06		743.303		
00:00:41:350		1.54311e+06		270.425		130.085		0		2.99479		275.367			00:00:41:350		1.18502e+07		-4.67823		0		0		3.3049e+06		743.303		
00:00:41:250		1.54312e+06		269.839		130.085		0		2.99479		275.418			00:00:41:250		1.18579e+07		-4.66855		0		0		3.3112e+06		744.41		
00:00:41:149		1.54313e+06		269.839		130.101		0		2.97922		275.469			00:00:41:149		1.18657e+07		-4.65887		0		0		3.31876e+06		746.656		
00:00:41:000		1.54314e+06		269.251		130.101		0		2.97922		275.551			00:00:41:000		1.18774e+07		-4.64437		0		0		3.33185e+06		750.858		
00:00:40:899		1.54315e+06		269.251		130.119		0		2.96362		275.611			00:00:40:899		1.1885e+07		-4.6347		0		0		3.34055e+06		755.616		
00:00:40:750		1.54317e+06		268.658		130.119		0		2.96362		275.703			00:00:40:750		1.18964e+07		-4.62015		0		0		3.34815e+06		755.526		
00:00:40:649		1.54317e+06		268.658		130.139		0		2.94801		275.763			00:00:40:649		1.19039e+07		-4.61042		0		0		3.3443e+06		752.643		
00:00:40:450		1.54319e+06		268.064		130.161		0		2.93235		275.868			00:00:40:450		1.1919e+07		-4.5909		0		0		3.34824e+06		753.423		
00:00:40:350		1.5432e+06		268.064		130.161		0		2.93235		275.92			00:00:40:350		1.19266e+07		-4.5811		0		0		3.35463e+06		754.193		
00:00:40:350		1.5432e+06		268.064		130.161		0		2.93235		275.92			00:00:40:350		1.19266e+07		-4.5811		0		0		3.35463e+06		754.193		
00:00:40:250		1.54321e+06		267.467		130.161		0		2.93235		275.971			00:00:40:250		1.19342e+07		-4.57127		0		0		3.36075e+06		755.113		
00:00:40:250		1.54321e+06		267.467		130.161		0		2.93235		275.971			00:00:40:250		1.19342e+07		-4.57127		0		0		3.36075e+06		755.113		
00:00:40:149		1.54322e+06		267.467		130.186		0		2.91663		276.023			00:00:40:149		1.19417e+07		-4.56141		0		0		3.36842e+06		757.432		
00:00:39:950		1.54324e+06		266.867		130.212		0		2.90089		276.136			00:00:39:950		1.19568e+07		-4.54159		0		0		3.38728e+06		765.465		
00:00:39:950		1.54324e+06		266.867		130.212		0		2.90089		276.136			00:00:39:950		1.19568e+07		-4.54159		0		0		3.38728e+06		765.465		
00:00:39:750		1.54326e+06		266.265		130.212		0		2.90089		276.258			00:00:39:750		1.19719e+07		-4.52161		0		0		3.39687e+06		765.795		
00:00:39:750		1.54326e+06		266.265		130.212		0		2.90089		276.258			00:00:39:750		1.19719e+07		-4.52161		0		0		3.39687e+06		765.795		
00:00:39:649		1.54326e+06		266.265		130.241		0		2.88513		276.317			00:00:39:649		1.19794e+07		-4.51158		0		0		3.39393e+06		763.544		
00:00:39:399		1.54329e+06		265.662		130.273		0		2.86931		276.447			00:00:39:399		1.19984e+07		-4.48642		0		0		3.40313e+06		765.251		
00:00:39:399		1.54329e+06		265.662		130.273		0		2.86931		276.447			00:00:39:399		1.19984e+07		-4.48642		0		0		3.40313e+06		765.251		
00:00:39:299		1.5433e+06		265.662		130.273		0		2.86931		276.499			00:00:39:299		1.2006e+07		-4.47635		0		0		3.40961e+06		764.407		
00:00:39:250		1.5433e+06		265.054		130.273		0		2.86931		276.525			00:00:39:250		1.20098e+07		-4.47131		0		0		3.41303e+06		766.956		
00:00:39:149		1.54331e+06		265.054		130.307		0		2.85344		276.578			00:00:39:149		1.20174e+07		-4.46124		0		0		3.42148e+06		769.578		
00:00:39:049		1.54332e+06		265.054		130.307		0		2.85344		276.635			00:00:39:049		1.2025e+07		-4.45117		0		0		3.43162e+06		774.014		
00:00:38:950		1.54333e+06		264.445		130.342		0		2.83755		276.695			00:00:38:950		1.20326e+07		-4.44109		0		0		3.44159e+06		778.552		
00:00:38:850		1.54334e+06		264.445		130.342		0		2.83755		276.755			00:00:38:850		1.20402e+07		-4.43101		0		0		3.44609e+06		777.435		
00:00:38:750		1.54335e+06		263.834		130.342		0		2.83755		276.814			00:00:38:750		1.20479e+07		-4.42093		0		0		3.44313e+06		775.152		
00:00:38:649		1.54335e+06		263.834		130.38		0		2.82163		276.871			00:00:38:649		1.20555e+07		-4.41085		0		0		3.44235e+06		773.392		
00:00:38:399		1.54338e+06		263.218		130.418		0		2.80566		276.998			00:00:38:399		1.20746e+07		-4.38565		0		0		3.45609e+06		776.338		
00:00:38:399		1.54338e+06		263.218		130.418		0		2.80566		276.998			00:00:38:399		1.20746e+07		-4.38565		0		0		3.45609e+06		776.338		
00:00:38:299		1.54339e+06		263.218		130.418		0		2.80566		277.049			00:00:38:299		1.20822e+07		-4.37557		0		0		3.46312e+06		777.84		
00:00:38:200		1.5434e+06		262.6		130.459		0		2.78964		277.104			00:00:38:200		1.20898e+07		-4.36549		0		0		3.47215e+06		781.444		
00:00:38:149		1.5434e+06		262.6		130.459		0		2.78964		277.132			00:00:38:149		1.20936e+07		-4.36045		0		0		3.47747e+06		784.004		
00:00:38:049		1.54341e+06		262.6		130.459		0		2.78964		277.192			00:00:38:049		1.21012e+07		-4.35035		0		0		3.48799e+06		788.612		
00:00:37:899		1.54342e+06		261.978		130.501		0		2.7736		277.281			00:00:37:899		1.21126e+07		-4.33518		0		0		3.49211e+06		786.725		
00:00:37:799		1.54343e+06		261.978		130.501		0		2.7736		277.339			00:00:37:799		1.21202e+07		-4.32504		0		0		3.49043e+06		784.988		
00:00:37:700		1.54344e+06		261.353		130.545		0		2.75752		277.395			00:00:37:700		1.21278e+07		-4.31489		0		0		3.49106e+06		784.304		
00:00:37:600		1.54345e+06		261.353		130.545		0		2.75752		277.443			00:00:37:600		1.21354e+07		-4.30471		0		0		3.49622e+06		784.234		
00:00:37:500		1.54346e+06		260.725		130.545		0		2.75752		277.495			00:00:37:500		1.21429e+07		-4.29452		0		0		3.50365e+06		786.973		
00:00:37:399		1.54347e+06		260.725		130.59		0		2.74138		277.548			00:00:37:399		1.21504e+07		-4.28433		0		0		3.51113e+06		786.367		
00:00:37:299		1.54348e+06		260.725		130.59		0		2.74138		277.604			00:00:37:299		1.21579e+07		-4.27414		0		0		3.52055e+06		792.699		
00:00:37:200		1.54349e+06		260.095		130.638		0		2.72522		277.663			00:00:37:200		1.21653e+07		-4.26393		0		0		3.53186e+06		798.08		
00:00:37:149		1.54349e+06		260.095		130.638		0		2.72522		277.693			00:00:37:149		1.21691e+07		-4.25883		0		0		3.53657e+06		799.217		
00:00:37:000		1.5435e+06		259.461		130.638		0		2.72522		277.782			00:00:37:000		1.21803e+07		-4.24352		0		0		3.53782e+06		796.687		
00:00:36:899		1.54351e+06		259.461		130.687		0		2.70903		277.84			00:00:36:899		1.21878e+07		-4.23333		0		0		3.5373e+06		794.854		
00:00:36:799		1.54352e+06		259.461		130.687		0		2.70903		277.895			00:00:36:799		1.21952e+07		-4.22316		0		0		3.53866e+06		794.747		
00:00:36:700		1.54353e+06		258.824		130.738		0		2.69278		277.944			00:00:36:700		1.22027e+07		-4.21301		0		0		3.54505e+06		796.341		
00:00:36:600		1.54354e+06		258.824		130.738		0		2.69278		277.997			00:00:36:600		1.22102e+07		-4.20289		0		0		3.55269e+06		797.557		
00:00:36:500		1.54355e+06		258.183		130.738		0		2.69278		278.052			00:00:36:500		1.22177e+07		-4.19281		0		0		3.56084e+06		800.218		
00:00:36:399		1.54356e+06		258.183		130.791		0		2.67649		278.11			00:00:36:399		1.22252e+07		-4.18274		0		0		3.57153e+06		805.767		
00:00:36:299		1.54357e+06		258.183		130.791		0		2.67649		278.17			00:00:36:299		1.22326e+07		-4.1727		0		0		3.58215e+06		809.107		
00:00:36:200		1.54358e+06		257.54		130.846		0		2.66019		278.23			00:00:36:200		1.22401e+07		-4.16265		0		0		3.58444e+06		807.22		
00:00:36:100		1.54358e+06		257.54		130.846		0		2.66019		278.289			00:00:36:100		1.22476e+07		-4.1526		0		0		3.58302e+06		806.032		
00:00:36:000		1.54359e+06		256.895		130.846		0		2.66019		278.346			00:00:36:000		1.22551e+07		-4.14251		0		0		3.58405e+06		804.652		
00:00:35:899		1.5436e+06		256.895		130.904		0		2.64382		278.398			00:00:35:899		1.22626e+07		-4.13239		0		0		3.58803e+06		805.975		
00:00:35:799		1.54361e+06		256.895		130.904		0		2.64382		278.45			00:00:35:799		1.22701e+07		-4.12221		0		0		3.59629e+06		807.422		
00:00:35:700		1.54362e+06		256.246		130.962		0		2.62741		278.505			00:00:35:700		1.22777e+07		-4.11196		0		0		3.60454e+06		809.678		
00:00:35:600		1.54363e+06		256.246		130.962		0		2.62741		278.563			00:00:35:600		1.22852e+07		-4.10163		0		0		3.61481e+06		815.221		
00:00:35:500		1.54364e+06		255.594		130.962		0		2.62741		278.623			00:00:35:500		1.22927e+07		-4.09121		0		0		3.626e+06		818.931		
00:00:35:399		1.54365e+06		255.594		131.023		0		2.61098		278.683			00:00:35:399		1.23002e+07		-4.08069		0		0		3.62878e+06		817.004		
00:00:35:299		1.54366e+06		255.594		131.023		0		2.61098		278.741			00:00:35:299		1.23078e+07		-4.0701		0		0		3.62724e+06		815.586		
00:00:35:200		1.54367e+06		254.939		131.084		0		2.59449		278.798			00:00:35:200		1.23153e+07		-4.05944		0		0		3.6285e+06		814.334		
00:00:35:100		1.54367e+06		254.939		131.084		0		2.59449		278.851			00:00:35:100		1.23228e+07		-4.04874		0		0		3.63326e+06		815.954		
00:00:35:000		1.54368e+06		254.281		131.084		0		2.59449		278.905			00:00:35:000		1.23303e+07		-4.03805		0		0		3.64222e+06		818.037		
00:00:34:899		1.54369e+06		254.281		131.146		0		2.57796		278.962			00:00:34:899		1.23379e+07		-4.02741		0		0		3.65174e+06		822.597		
00:00:34:750		1.54371e+06		253.618		131.146		0		2.57796		279.052			00:00:34:750		1.23492e+07		-4.01168		0		0		3.66643e+06		826.967		
00:00:34:649		1.54371e+06		253.618		131.211		0		2.56141		279.112			00:00:34:649		1.23567e+07		-4.00141		0		0		3.66715e+06		825.41		
00:00:34:549		1.54372e+06		253.618		131.211		0		2.56141		279.172			00:00:34:549		1.23643e+07		-3.99134		0		0		3.6675e+06		824.374		
00:00:34:450		1.54373e+06		252.954		131.276		0		2.54481		279.229			00:00:34:450		1.23718e+07		-3.98148		0		0		3.66976e+06		823.538		
00:00:34:350		1.54374e+06		252.954		131.276		0		2.54481		279.282			00:00:34:350		1.23794e+07		-3.9718		0		11.5769		3.67528e+06		825.314		
00:00:34:250		1.54375e+06		252.285		131.276		0		2.54481		279.336			00:00:34:250		1.2387e+07		-3.96228		0		0		3.68441e+06		827.436		
00:00:34:149		1.54376e+06		252.285		131.343		0		2.52815		279.394			00:00:34:149		1.23946e+07		-3.95286		0		0		3.69415e+06		832.202		
00:00:34:049		1.54377e+06		252.285		131.343		0		2.52815		279.454			00:00:34:049		1.24022e+07		-3.9435		0		0		3.7056e+06		836.739		
00:00:34:049		1.54377e+06		252.285		131.343		0		2.52815		279.454			00:00:34:049		1.24022e+07		-3.9435		0		0		3.7056e+06		836.739		
00:00:33:950		1.54378e+06		251.613		131.411		0		2.51148		279.514			00:00:33:950		1.24097e+07		-3.93414		0		0		3.71038e+06		835.026		
00:00:33:850		1.54379e+06		251.613		131.411		0		2.51148		279.572			00:00:33:850		1.24173e+07		-3.92475		0		0		3.70873e+06		833.44		
00:00:33:750		1.5438e+06		250.936		131.411		0		2.51148		279.629			00:00:33:750		1.24248e+07		-3.91531		0		0		3.71086e+06		832.544		
00:00:33:549		1.54381e+06		250.936		131.481		0		2.49474		279.739			00:00:33:549		1.244e+07		-3.89617		0		0		3.72617e+06		837.682		
00:00:33:549		1.54381e+06		250.936		131.481		0		2.49474		279.739			00:00:33:549		1.244e+07		-3.89617		0		0		3.72617e+06		837.682		
00:00:33:350		1.54383e+06		250.256		131.553		0		2.47798		279.859			00:00:33:350		1.24551e+07		-3.87666		0		0		3.74481e+06		843.899		
00:00:33:350		1.54383e+06		250.256		131.553		0		2.47798		279.859			00:00:33:350		1.24551e+07		-3.87666		0		0		3.74481e+06		843.899		
00:00:33:250		1.54384e+06		249.573		131.553		0		2.47798		279.918			00:00:33:250		1.24627e+07		-3.86676		0		0		3.74533e+06		842.506		
00:00:33:100		1.54385e+06		249.573		131.626		0		2.46118		280.006			00:00:33:100		1.24742e+07		-3.85174		0		0		3.74785e+06		841.145		
00:00:33:000		1.54386e+06		248.885		131.7		0		2.44431		280.062			00:00:33:000		1.24818e+07		-3.84162		0		0		3.75191e+06		841.965		
00:00:32:850		1.54388e+06		248.885		131.7		0		2.44431		280.142			00:00:32:850		1.24933e+07		-3.82631		0		0		3.76543e+06		846.059		
00:00:32:750		1.54389e+06		248.195		131.7		0		2.44431		280.201			00:00:32:750		1.25009e+07		-3.81602		0		0		3.77591e+06		850.742		
00:00:32:649		1.54389e+06		248.195		131.777		0		2.42742		280.261			00:00:32:649		1.25086e+07		-3.80567		0		0		3.78676e+06		854.412		
00:00:32:549		1.5439e+06		248.195		131.777		0		2.42742		280.32			00:00:32:549		1.25163e+07		-3.79528		0		0		3.79035e+06		852.334		
00:00:32:450		1.54391e+06		247.5		131.855		0		2.41048		280.378			00:00:32:450		1.25239e+07		-3.78485		0		0		3.78946e+06		851.147		
00:00:32:350		1.54392e+06		247.5		131.855		0		2.41048		280.436			00:00:32:350		1.25315e+07		-3.77438		0		0		3.79264e+06		850.86		
00:00:32:350		1.54392e+06		247.5		131.855		0		2.41048		280.436			00:00:32:350		1.25315e+07		-3.77438		0		0		3.79264e+06		850.86		
00:00:32:250		1.54393e+06		246.802		131.855		0		2.41048		280.491			00:00:32:250		1.25392e+07		-3.76387		0		0		3.79952e+06		853.216		
00:00:32:149		1.54394e+06		246.802		131.934		0		2.39348		280.547			00:00:32:149		1.25468e+07		-3.75332		0		0		3.81046e+06		857.774		
00:00:32:049		1.54395e+06		246.802		131.934		0		2.39348		280.608			00:00:32:049		1.25544e+07		-3.74276		0		0		3.82133e+06		861.902		
00:00:31:850		1.54397e+06		246.1		132.016		0		2.37647		280.728			00:00:31:850		1.25699e+07		-3.72156		0		0		3.82655e+06		860.228		
00:00:31:850		1.54397e+06		246.1		132.016		0		2.37647		280.728			00:00:31:850		1.25699e+07		-3.72156		0		0		3.82655e+06		860.228		
00:00:31:750		1.54398e+06		245.395		132.016		0		2.37647		280.786			00:00:31:750		1.25775e+07		-3.71093		0		0		3.82878e+06		859.158		
00:00:31:649		1.54398e+06		245.395		132.1		0		2.35939		280.843			00:00:31:649		1.25852e+07		-3.70029		0		0		3.83276e+06		859.421		
00:00:31:449		1.544e+06		244.685		132.185		0		2.34226		280.953			00:00:31:449		1.26006e+07		-3.67895		0		0		3.85164e+06		866.154		
00:00:31:350		1.54401e+06		244.685		132.185		0		2.34226		281.013			00:00:31:350		1.26083e+07		-3.66826		0		0		3.86335e+06		871.244		
00:00:31:199		1.54403e+06		243.972		132.273		0		2.32511		281.103			00:00:31:199		1.26199e+07		-3.65219		0		0		3.87223e+06		870.29		
00:00:31:199		1.54403e+06		243.972		132.273		0		2.32511		281.103			00:00:31:199		1.26199e+07		-3.65219		0		0		3.87223e+06		870.29		
00:00:31:149		1.54403e+06		243.972		132.273		0		2.32511		281.132			00:00:31:149		1.26237e+07		-3.64683		0		0		3.8717e+06		869.474		
00:00:31:050		1.54404e+06		243.972		132.273		0		2.32511		281.191			00:00:31:050		1.26314e+07		-3.6361		0		10.5614		3.87307e+06		868.588		
00:00:30:949		1.54405e+06		243.255		132.362		0		2.30788		281.249			00:00:30:949		1.26391e+07		-3.62534		0		0		3.87805e+06		869.571		
00:00:30:800		1.54406e+06		243.255		132.362		0		2.30788		281.333			00:00:30:800		1.26507e+07		-3.60917		0		0		3.89367e+06		876.113		
00:00:30:750		1.54407e+06		242.534		132.362		0		2.30788		281.364			00:00:30:750		1.26545e+07		-3.60377		0		0		3.89947e+06		878.662		
00:00:30:600		1.54408e+06		242.534		132.453		0		2.29064		281.456			00:00:30:600		1.26661e+07		-3.58754		0		0		3.9102e+06		879.392		
00:00:30:399		1.5441e+06		241.809		132.547		0		2.27334		281.576			00:00:30:399		1.26815e+07		-3.56584		0		11.3856		3.91303e+06		876.494		
00:00:30:399		1.5441e+06		241.809		132.547		0		2.27334		281.576			00:00:30:399		1.26815e+07		-3.56584		0		11.3856		3.91303e+06		876.494		
00:00:30:300		1.54411e+06		241.809		132.547		0		2.27334		281.634			00:00:30:300		1.26892e+07		-3.55497		0		0		3.91727e+06		877.792		
00:00:30:199		1.54412e+06		241.079		132.643		0		2.25597		281.688			00:00:30:199		1.26969e+07		-3.54406		0		0		3.92599e+06		880.392		
00:00:30:100		1.54412e+06		241.079		132.643		0		2.25597		281.746			00:00:30:100		1.27047e+07		-3.53312		0		0		3.93698e+06		884.203		
00:00:30:000		1.54413e+06		240.344		132.643		0		2.25597		281.807			00:00:30:000		1.27124e+07		-3.52217		0		0		3.94913e+06		889.803		
00:00:29:899		1.54414e+06		240.344		132.741		0		2.23858		281.869			00:00:29:899		1.27202e+07		-3.5112		0		0		3.95854e+06		890.766		
00:00:29:800		1.54415e+06		240.344		132.741		0		2.23858		281.929			00:00:29:800		1.27279e+07		-3.50022		0		0		3.9594e+06		888.655		
00:00:29:699		1.54416e+06		239.605		132.841		0		2.22113		281.989			00:00:29:699		1.27357e+07		-3.48922		0		10.9297		3.96076e+06		887.872		
00:00:29:600		1.54417e+06		239.605		132.841		0		2.22113		282.049			00:00:29:600		1.27435e+07		-3.4782		0		0		3.96595e+06		888.613		
00:00:29:500		1.54418e+06		238.863		132.841		0		2.22113		282.106			00:00:29:500		1.27512e+07		-3.46716		0		11.5452		3.97544e+06		892.543		
00:00:29:399		1.54419e+06		238.863		132.944		0		2.20362		282.166			00:00:29:399		1.27591e+07		-3.45609		0		0		3.98751e+06		897.198		
00:00:29:300		1.54419e+06		238.863		132.944		0		2.20362		282.228			00:00:29:300		1.27669e+07		-3.44501		0		0		3.99715e+06		899.571		
00:00:29:199		1.5442e+06		238.115		133.049		0		2.18609		282.29			00:00:29:199		1.27747e+07		-3.43391		0		0		4.00069e+06		898.436		
00:00:29:149		1.54421e+06		238.115		133.049		0		2.18609		282.32			00:00:29:149		1.27787e+07		-3.42834		0		0		4.00113e+06		898.068		
00:00:29:050		1.54422e+06		238.115		133.049		0		2.18609		282.381			00:00:29:050		1.27865e+07		-3.4172		0		0		4.004e+06		897.359		
00:00:28:949		1.54423e+06		237.364		133.156		0		2.16848		282.44			00:00:28:949		1.27944e+07		-3.40604		0		0		4.00905e+06		897.655		
00:00:28:850		1.54423e+06		237.364		133.156		0		2.16848		282.496			00:00:28:850		1.28023e+07		-3.39484		0		0		4.01798e+06		900.746		
00:00:28:750		1.54424e+06		236.608		133.156		0		2.16848		282.554			00:00:28:750		1.28103e+07		-3.38362		0		0		4.0301e+06		904.998		
00:00:28:600		1.54426e+06		236.608		133.265		0		2.15082		282.646			00:00:28:600		1.28221e+07		-3.36674		0		0		4.04679e+06		910.181		
00:00:28:399		1.54427e+06		235.847		133.376		0		2.13312		282.767			00:00:28:399		1.2838e+07		-3.34413		0		0		4.05339e+06		908.926		
00:00:28:399		1.54427e+06		235.847		133.376		0		2.13312		282.767			00:00:28:399		1.2838e+07		-3.34413		0		0		4.05339e+06		908.926		
00:00:28:300		1.54428e+06		235.847		133.376		0		2.13312		282.827			00:00:28:300		1.2846e+07		-3.33278		0		0		4.05918e+06		909.806		
00:00:28:199		1.54429e+06		235.083		133.488		0		2.11536		282.886			00:00:28:199		1.2854e+07		-3.3214		0		0		4.06686e+06		909.491		
00:00:28:100		1.5443e+06		235.083		133.488		0		2.11536		282.941			00:00:28:100		1.2862e+07		-3.31		0		11.6716		4.07695e+06		915.166		
00:00:28:000		1.54431e+06		234.313		133.488		0		2.11536		283			00:00:28:000		1.287e+07		-3.29858		0		0		4.08667e+06		917.732		
00:00:27:899		1.54432e+06		234.313		133.603		0		2.09755		283.059			00:00:27:899		1.28781e+07		-3.28714		0		0		4.09395e+06		918.088		
00:00:27:800		1.54433e+06		234.313		133.603		0		2.09755		283.117			00:00:27:800		1.28861e+07		-3.27569		0		0		4.09866e+06		917.805		
00:00:27:699		1.54433e+06		233.538		133.719		0		2.07967		283.176			00:00:27:699		1.28942e+07		-3.26421		0		0		4.10627e+06		921.074		
00:00:27:600		1.54434e+06		233.538		133.719		0		2.07967		283.235			00:00:27:600		1.29022e+07		-3.25271		0		0		4.11747e+06		924.924		
00:00:27:500		1.54435e+06		232.76		133.719		0		2.07967		283.295			00:00:27:500		1.29103e+07		-3.24119		0		0		4.12642e+06		927.087		
00:00:27:399		1.54436e+06		232.76		133.837		0		2.06176		283.354			00:00:27:399		1.29185e+07		-3.22965		0		12.0451		4.1321e+06		926.836		
00:00:27:250		1.54437e+06		231.977		133.837		0		2.06176		283.44			00:00:27:250		1.29307e+07		-3.21229		0		0		4.13853e+06		928.222		
00:00:27:149		1.54438e+06		231.977		133.956		0		2.0438		283.497			00:00:27:149		1.29389e+07		-3.20068		0		0		4.14467e+06		929.617		
00:00:27:100		1.54439e+06		231.977		133.956		0		2.0438		283.526			00:00:27:100		1.2943e+07		-3.19487		0		0		4.14825e+06		930.785		
00:00:27:000		1.5444e+06		231.189		133.956		0		2.0438		283.584			00:00:27:000		1.29511e+07		-3.18324		0		0		4.15618e+06		932.366		
00:00:26:899		1.5444e+06		231.189		134.077		0		2.02578		283.643			00:00:26:899		1.29593e+07		-3.17158		0		0		4.16252e+06		933.472		
00:00:26:800		1.54441e+06		231.189		134.077		0		2.02578		283.701			00:00:26:800		1.29675e+07		-3.1599		0		0		4.16952e+06		935.993		
00:00:26:699		1.54442e+06		230.396		134.2		0		2.00773		283.759			00:00:26:699		1.29758e+07		-3.1482		0		0		4.17718e+06		937.759		
00:00:26:600		1.54443e+06		230.396		134.2		0		2.00773		283.816			00:00:26:600		1.2984e+07		-3.13646		0		0		4.18289e+06		937.883		
00:00:26:500		1.54444e+06		229.599		134.2		0		2.00773		283.873			00:00:26:500		1.29922e+07		-3.1247		0		0		4.18709e+06		938.302		
00:00:26:399		1.54445e+06		229.599		134.323		0		1.98962		283.93			00:00:26:399		1.30005e+07		-3.1129		0		0		4.1939e+06		940.887		
00:00:26:250		1.54446e+06		228.796		134.323		0		1.98962		284.015			00:00:26:250		1.3013e+07		-3.09515		0		9.93773		4.20546e+06		942.621		
00:00:26:149		1.54447e+06		228.796		134.447		0		1.97146		284.072			00:00:26:149		1.30213e+07		-3.08328		0		10.5614		4.21166e+06		943.755		
00:00:26:050		1.54448e+06		228.796		134.447		0		1.97146		284.129			00:00:26:050		1.30296e+07		-3.07138		0		11.2891		4.2194e+06		946.653		
00:00:25:949		1.54449e+06		227.988		134.571		0		1.95326		284.187			00:00:25:949		1.3038e+07		-3.05947		0		0		4.22881e+06		950.011		
00:00:25:850		1.5445e+06		227.988		134.571		0		1.95326		284.243			00:00:25:850		1.30464e+07		-3.04753		0		11.1594		4.236e+06		949.049		
00:00:25:750		1.54451e+06		227.174		134.571		0		1.95326		284.299			00:00:25:750		1.30547e+07		-3.03557		0		10.4935		4.23868e+06		950.088		
00:00:25:649		1.54451e+06		227.174		134.696		0		1.935		284.355			00:00:25:649		1.30631e+07		-3.02359		0		10.2876		4.24654e+06		952.072		
00:00:25:649		1.54451e+06		227.174		134.696		0		1.935		284.355			00:00:25:649		1.30631e+07		-3.02359		0		10.2876		4.24654e+06		952.072		
00:00:25:550		1.54452e+06		227.174		134.696		0		1.935		284.41			00:00:25:550		1.30715e+07		-3.01159		0		10.8302		4.25362e+06		952.806		
00:00:25:350		1.54454e+06		226.355		134.822		0		1.91668		284.522			00:00:25:350		1.30884e+07		-2.98752		0		12.5894		4.26926e+06		957.03		
00:00:25:350		1.54454e+06		226.355		134.822		0		1.91668		284.522			00:00:25:350		1.30884e+07		-2.98752		0		12.5894		4.26926e+06		957.03		
00:00:25:250		1.54455e+06		225.529		134.822		0		1.91668		284.58			00:00:25:250		1.30968e+07		-2.97545		0		10.0084		4.27962e+06		961.021		
00:00:25:149		1.54456e+06		225.529		134.947		0		1.89831		284.636			00:00:25:149		1.31053e+07		-2.96335		0		11.0286		4.28883e+06		961.763		
00:00:25:050		1.54457e+06		225.529		134.947		0		1.89831		284.69			00:00:25:050		1.31138e+07		-2.95123		0		11.3535		4.29163e+06		961.242		
00:00:24:949		1.54458e+06		224.697		135.071		0		1.87989		284.744			00:00:24:949		1.31223e+07		-2.93907		0		11.4176		4.29694e+06		962.509		
00:00:24:850		1.54458e+06		224.697		135.071		0		1.87989		284.798			00:00:24:850		1.31308e+07		-2.92689		0		11.3535		4.30458e+06		964.187		
00:00:24:750		1.54459e+06		223.858		135.071		0		1.87989		284.853			00:00:24:750		1.31393e+07		-2.91468		0		12.1065		4.31271e+06		965.332		
00:00:24:649		1.5446e+06		223.858		135.196		0		1.86141		284.908			00:00:24:649		1.31479e+07		-2.90244		0		12.5894		4.32127e+06		967.909		
00:00:24:449		1.54462e+06		223.01		135.319		0		1.84288		285.02			00:00:24:449		1.31651e+07		-2.87787		0		11.4815		4.34178e+06		974.279		
00:00:24:350		1.54463e+06		223.01		135.319		0		1.84288		285.074			00:00:24:350		1.31737e+07		-2.86554		0		11.9216		4.34699e+06		973.292		
00:00:24:350		1.54463e+06		223.01		135.319		0		1.84288		285.074			00:00:24:350		1.31737e+07		-2.86554		0		11.9216		4.34699e+06		973.292		
00:00:24:199		1.54464e+06		222.153		135.443		0		1.82428		285.155			00:00:24:199		1.31867e+07		-2.84699		0		0		4.35452e+06		975.007		
00:00:24:100		1.54465e+06		222.153		135.443		0		1.82428		285.209			00:00:24:100		1.31954e+07		-2.83458		0		0		4.36245e+06		976.653		
00:00:24:000		1.54466e+06		221.284		135.443		0		1.82428		285.263			00:00:24:000		1.32041e+07		-2.82213		0		0		4.37086e+06		975.992		
00:00:23:899		1.54467e+06		221.284		135.565		0		1.80563		285.318			00:00:23:899		1.32128e+07		-2.80965		0		0		4.37975e+06		980.704		
00:00:23:800		1.54468e+06		221.284		135.565		0		1.80563		285.374			00:00:23:800		1.32215e+07		-2.79714		0		0		4.39057e+06		984.769		
00:00:23:699		1.54469e+06		220.396		135.689		0		1.78694		285.429			00:00:23:699		1.32303e+07		-2.78461		0		0		4.40036e+06		986.585		
00:00:23:600		1.54469e+06		220.396		135.689		0		1.78694		285.482			00:00:23:600		1.3239e+07		-2.77204		0		0		4.40447e+06		985.792		
00:00:23:449		1.54472e+06		219.48		135.813		0		1.7682		285.562			00:00:23:449		1.32522e+07		-2.75313		0		12.7079		4.41325e+06		987.644		
00:00:23:300		1.54482e+06		219.48		135.813		0		1.7682		285.642			00:00:23:300		1.32655e+07		-2.73416		0		0		4.42595e+06		990.095		
00:00:23:300		1.54482e+06		219.48		135.813		0		1.7682		285.642			00:00:23:300		1.32655e+07		-2.73416		0		0		4.42595e+06		990.095		
00:00:23:199		1.54495e+06		218.517		135.937		0		1.7494		285.696			00:00:23:199		1.32744e+07		-2.72148		0		0		4.43474e+06		992.354		
00:00:23:100		1.54511e+06		218.517		135.937		0		1.7494		285.751			00:00:23:100		1.32834e+07		-2.70878		0		0		4.44535e+06		996.245		
00:00:23:000		1.54532e+06		217.852		135.937		0		1.7494		285.806			00:00:23:000		1.32923e+07		-2.69604		0		0		4.45596e+06		999.334		
00:00:22:899		1.54556e+06		217.852		136.053		0		1.73057		285.859			00:00:22:899		1.33013e+07		-2.68326		0		0		4.46202e+06		998.291		
00:00:22:800		1.54585e+06		217.852		136.053		0		1.73057		285.912			00:00:22:800		1.33103e+07		-2.67045		0		0		4.46607e+06		999.199		
00:00:22:699		1.54618e+06		217.182		136.161		0		1.71169		285.966			00:00:22:699		1.33193e+07		-2.6576		0		0		4.47371e+06		1000.8		
00:00:22:600		1.54655e+06		217.182		136.161		0		1.71169		286.019			00:00:22:600		1.33284e+07		-2.64472		0		0		4.48235e+06		1002.5		
00:00:22:449		1.54718e+06		216.506		136.261		0		1.69277		286.101			00:00:22:449		1.3342e+07		-2.62532		0		11.5452		4.49595e+06		1006.02		
00:00:22:350		1.54765e+06		216.506		136.261		0		1.69277		286.157			00:00:22:350		1.33512e+07		-2.61235		0		10.0084		4.50715e+06		1010.09		
00:00:22:300		1.54791e+06		216.506		136.261		0		1.69277		286.184			00:00:22:300		1.33557e+07		-2.60584		0		10.0787		4.51257e+06		1011.91		
00:00:22:199		1.54844e+06		215.824		136.351		0		1.6738		286.239			00:00:22:199		1.33649e+07		-2.5928		0		10.5614		4.52078e+06		1011.43		
00:00:22:100		1.54902e+06		215.824		136.351		0		1.6738		286.292			00:00:22:100		1.3374e+07		-2.57972		0		17.0448		4.52414e+06		1011.83		
00:00:22:000		1.54964e+06		215.136		136.351		0		1.6738		286.346			00:00:22:000		1.33832e+07		-2.56659		0		14.1785		4.5313e+06		1013.37		
00:00:21:899		1.5503e+06		215.136		136.432		0		1.65479		286.401			00:00:21:899		1.33924e+07		-2.55342		0		10.8302		4.53988e+06		1015.09		
00:00:21:750		1.55137e+06		214.442		136.432		0		1.65479		286.483			00:00:21:750		1.34064e+07		-2.53361		0		0		4.55346e+06		1017.88		
00:00:21:649		1.55214e+06		214.442		136.502		0		1.63572		286.539			00:00:21:649		1.34157e+07		-2.52035		0		0		4.56405e+06		1021.62		
00:00:21:550		1.55294e+06		214.442		136.502		0		1.63572		286.595			00:00:21:550		1.3425e+07		-2.50706		0		0		4.57518e+06		1025.4		
00:00:21:550		1.55294e+06		214.442		136.502		0		1.63572		286.595			00:00:21:550		1.3425e+07		-2.50706		0		0		4.57518e+06		1025.4		
00:00:21:350		1.55471e+06		213.742		136.561		0		1.61662		286.705			00:00:21:350		1.34436e+07		-2.48039		0		0		4.58671e+06		1025.05		
00:00:21:350		1.55471e+06		213.742		136.561		0		1.61662		286.705			00:00:21:350		1.34436e+07		-2.48039		0		0		4.58671e+06		1025.05		
00:00:21:149		1.55681e+06		213.035		136.608		0		1.59747		286.815			00:00:21:149		1.34622e+07		-2.45357		0		0		4.60318e+06		1028.73		
00:00:21:050		1.55798e+06		213.035		136.608		0		1.59747		286.871			00:00:21:050		1.34715e+07		-2.4401		0		0		4.61249e+06		1030.22		
00:00:20:949		1.55798e+06		213.035		136.608		0		1.59747		286.871			00:00:20:949		1.34715e+07		-2.4401		0		0		4.61249e+06		1030.22		
00:00:20:949		1.55924e+06		212.321		136.643		0		1.57827		286.928			00:00:20:949		1.34808e+07		-2.42659		0		0		4.62235e+06		1033.92		
00:00:20:850		1.56058e+06		212.321		136.643		0		1.57827		286.986			00:00:20:850		1.34902e+07		-2.41303		0		0		4.63418e+06		1038.09		
00:00:20:750		1.56201e+06		211.6		136.643		0		1.57827		287.043			00:00:20:750		1.34996e+07		-2.39943		0		0		4.6439e+06		1038.71		
00:00:20:649		1.56352e+06		211.6		136.665		0		1.55904		287.099			00:00:20:649		1.35091e+07		-2.38577		0		0		4.64787e+06		1038.76		
00:00:20:550		1.56512e+06		211.6		136.665		0		1.55904		287.156			00:00:20:550		1.35186e+07		-2.37206		0		0		4.65463e+06		1040.4		
00:00:20:350		1.56857e+06		210.872		136.672		0		1.53976		287.27			00:00:20:350		1.35377e+07		-2.34453		0		10.0787		4.67274e+06		1043.68		
00:00:20:350		1.56857e+06		210.872		136.672		0		1.53976		287.27			00:00:20:350		1.35377e+07		-2.34453		0		10.0787		4.67274e+06		1043.68		
00:00:20:250		1.57043e+06		210.136		136.672		0		1.53976		287.328			00:00:20:250		1.35473e+07		-2.33069		0		10.6291		4.68225e+06		1046.13		
00:00:20:050		1.57439e+06		210.136		136.664		0		1.52043		287.447			00:00:20:050		1.35666e+07		-2.30287		0		0		4.70482e+06		1053.07		
00:00:20:050		1.57439e+06		210.136		136.664		0		1.52043		287.447			00:00:20:050		1.35666e+07		-2.30287		0		0		4.70482e+06		1053.07		
00:00:19:850		1.5787e+06		209.392		136.641		0		1.50106		287.563			00:00:19:850		1.3586e+07		-2.27486		0		10.0787		4.71632e+06		1053.72		
00:00:19:850		1.5787e+06		209.392		136.641		0		1.50106		287.563			00:00:19:850		1.3586e+07		-2.27486		0		10.0787		4.71632e+06		1053.72		
00:00:19:750		1.58099e+06		208.641		136.641		0		1.50106		287.622			00:00:19:750		1.35957e+07		-2.26078		0		12.8842		4.72466e+06		1055.23		
00:00:19:649		1.58337e+06		208.641		136.6		0		1.48164		287.681			00:00:19:649		1.36055e+07		-2.24667		0		10.3566		4.73404e+06		1057.22		
00:00:19:399		1.58969e+06		207.881		136.541		0		1.46218		287.833			00:00:19:399		1.36301e+07		-2.21124		0		13.0586		4.7603e+06		1064.72		
00:00:19:300		1.59239e+06		207.881		136.541		0		1.46218		287.895			00:00:19:300		1.36399e+07		-2.197		0		10.4252		4.7717e+06		1067.4		
00:00:19:300		1.59239e+06		207.881		136.541		0		1.46218		287.895			00:00:19:300		1.36399e+07		-2.197		0		10.4252		4.7717e+06		1067.4		
00:00:19:199		1.59521e+06		207.113		136.463		0		1.44269		287.955			00:00:19:199		1.36498e+07		-2.18273		0		10.7634		4.77795e+06		1066.84		
00:00:19:100		1.59818e+06		207.113		136.463		0		1.44269		288.016			00:00:19:100		1.36597e+07		-2.16844		0		10.8302		4.7836e+06		1068.03		
00:00:19:000		1.60127e+06		206.337		136.463		0		1.44269		288.076			00:00:19:000		1.36697e+07		-2.15414		0		10.8302		4.79214e+06		1069.94		
00:00:18:899		1.6045e+06		206.337		136.365		0		1.42314		288.138			00:00:18:899		1.36796e+07		-2.13982		0		10.8966		4.80169e+06		1069.63		
00:00:18:850		1.60616e+06		206.337		136.365		0		1.42314		288.169			00:00:18:850		1.36846e+07		-2.13265		0		11.4815		4.80662e+06		1072.61		
00:00:18:750		1.6096e+06		205.552		136.365		0		1.42314		288.231			00:00:18:750		1.36946e+07		-2.11834		0		11.8595		4.8165e+06		1075.14		
00:00:18:649		1.61317e+06		205.552		136.246		0		1.40355		288.295			00:00:18:649		1.37045e+07		-2.10403		0		10.9627		4.82821e+06		1079.44		
00:00:18:399		1.62269e+06		204.757		136.104		0		1.38393		288.453			00:00:18:399		1.37296e+07		-2.06832		0		11.4176		4.84824e+06		1082.05		
00:00:18:300		1.62674e+06		204.757		136.104		0		1.38393		288.516			00:00:18:300		1.37398e+07		-2.05407		0		11.4815		4.8558e+06		1083.75		
00:00:18:300		1.62674e+06		204.757		136.104		0		1.38393		288.516			00:00:18:300		1.37398e+07		-2.05407		0		11.4815		4.8558e+06		1083.75		
00:00:18:199		1.63093e+06		203.954		135.939		0		1.36426		288.579			00:00:18:199		1.37499e+07		-2.03985		0		11.4815		4.86511e+06		1083.5		
00:00:18:100		1.63527e+06		203.954		135.939		0		1.36426		288.643			00:00:18:100		1.37601e+07		-2.02566		0		12.47		4.87495e+06		1085.22		
00:00:18:000		1.63974e+06		203.14		135.939		0		1.36426		288.709			00:00:18:000		1.37703e+07		-2.01151		0		12.7669		4.88494e+06		1089.84		
00:00:17:899		1.64436e+06		203.14		135.748		0		1.34455		288.774			00:00:17:899		1.37805e+07		-1.99741		0		11.6716		4.89671e+06		1094.17		
00:00:17:800		1.64913e+06		203.14		135.748		0		1.34455		288.841			00:00:17:800		1.37908e+07		-1.98336		0		12.0451		4.90832e+06		1096.61		
00:00:17:699		1.65404e+06		202.317		135.531		0		1.3248		288.906			00:00:17:699		1.38011e+07		-1.96936		0		12.3497		4.91455e+06		1095.95		
00:00:17:600		1.65909e+06		202.317		135.531		0		1.3248		288.971			00:00:17:600		1.38115e+07		-1.95541		0		12.5298		4.92068e+06		1097.49		
00:00:17:500		1.6643e+06		201.483		135.531		0		1.3248		289.036			00:00:17:500		1.38219e+07		-1.94152		0		12.5894		4.92951e+06		1099.38		
00:00:17:399		1.66965e+06		201.483		135.285		0		1.30502		289.102			00:00:17:399		1.38324e+07		-1.92768		0		13.0007		4.9393e+06		1101.39		
00:00:17:300		1.67516e+06		201.483		135.285		0		1.30502		289.17			00:00:17:300		1.38429e+07		-1.91392		0		13.85		4.94939e+06		1103.26		
00:00:17:199		1.68082e+06		200.639		135.01		0		1.28519		289.237			00:00:17:199		1.38534e+07		-1.90022		0		13.5714		4.96e+06		1107.09		
00:00:17:100		1.68663e+06		200.639		135.01		0		1.28519		289.306			00:00:17:100		1.38639e+07		-1.88659		0		12.9425		4.97254e+06		1109.01		
00:00:16:949		1.69563e+06		199.783		134.703		0		1.26533		289.408			00:00:16:949		1.38799e+07		-1.86629		0		13.5714		4.98438e+06		1111.17		
00:00:16:850		1.70183e+06		199.783		134.703		0		1.26533		289.476			00:00:16:850		1.38906e+07		-1.85285		0		13.7391		4.99081e+06		1112.49		
00:00:16:750		1.70819e+06		198.917		134.703		0		1.26533		289.544			00:00:16:750		1.39014e+07		-1.83949		0		13.85		4.99992e+06		1114.38		
00:00:16:649		1.71471e+06		198.917		134.364		0		1.24543		289.614			00:00:16:649		1.39122e+07		-1.82619		0		14.5545		5.0099e+06		1116.41		
00:00:16:550		1.72139e+06		198.917		134.364		0		1.24543		289.684			00:00:16:550		1.39231e+07		-1.81293		0		15.1818		5.0202e+06		1118.53		
00:00:16:449		1.72823e+06		198.039		133.989		0		1.2255		289.755			00:00:16:449		1.39341e+07		-1.7997		0		14.1242		5.03154e+06		1123.05		
00:00:16:350		1.73532e+06		198.039		133.989		0		1.2255		289.827			00:00:16:350		1.39451e+07		-1.78648		0		14.4479		5.04411e+06		1125.79		
00:00:16:250		1.74271e+06		197.149		133.989		0		1.2255		289.897			00:00:16:250		1.39563e+07		-1.77326		0		14.7659		5.05103e+06		1125.32		
00:00:16:250		1.74271e+06		197.149		133.989		0		1.2255		289.897			00:00:16:250		1.39563e+07		-1.77326		0		14.7659		5.05103e+06		1125.32		
00:00:16:100		1.75437e+06		197.149		133.577		0		1.20553		290.003			00:00:16:100		1.39734e+07		-1.75339		0		15.1818		5.06195e+06		1127.69		
00:00:16:000		1.76254e+06		196.246		133.577		0		1.20553		290.075			00:00:16:000		1.39849e+07		-1.74008		0		15.8885		5.07192e+06		1129.83		
00:00:15:900		1.77103e+06		196.246		133.125		0		1.18553		290.147			00:00:15:900		1.39967e+07		-1.7267		0		15.8389		5.08246e+06		1132.46		
00:00:15:800		1.77984e+06		196.246		133.125		0		1.18553		290.221			00:00:15:800		1.40086e+07		-1.71325		0		15.5384		5.09392e+06		1136.4		
00:00:15:699		1.78897e+06		195.33		132.633		0		1.1655		290.294			00:00:15:699		1.40208e+07		-1.69971		0		15.8885		5.10444e+06		1137.07		
00:00:15:599		1.79844e+06		195.33		132.633		0		1.1655		290.367			00:00:15:599		1.40333e+07		-1.68606		0		16.2326		5.11138e+06		1138.53		
00:00:15:500		1.80824e+06		194.399		132.633		0		1.1655		290.441			00:00:15:500		1.40462e+07		-1.6723		0		16.7142		5.12069e+06		1140.42		
00:00:15:349		1.82358e+06		194.399		132.096		0		1.14543		290.553			00:00:15:349		1.40663e+07		-1.65149		0		16.6188		5.13613e+06		1144.43		
00:00:15:250		1.83424e+06		193.454		132.096		0		1.14543		290.629			00:00:15:250		1.40798e+07		-1.63751		0		16.9979		5.14652e+06		1146.22		
00:00:15:150		1.84525e+06		193.454		131.514		0		1.12533		290.705			00:00:15:150		1.40933e+07		-1.62342		0		17.2313		5.1556e+06		1148.09		
00:00:15:050		1.85662e+06		193.454		131.514		0		1.12533		290.782			00:00:15:050		1.41068e+07		-1.60921		0		17.4623		5.1654e+06		1150.29		
00:00:15:050		1.85662e+06		193.454		131.514		0		1.12533		290.782			00:00:15:050		1.41068e+07		-1.60921		0		17.4623		5.1654e+06		1150.29		
00:00:14:949		1.86836e+06		192.494		130.882		0		1.1052		290.859			00:00:14:949		1.41202e+07		-1.59485		0		17.5996		5.17557e+06		1150.21		
00:00:14:849		1.88046e+06		192.494		130.882		0		1.1052		290.938			00:00:14:849		1.41333e+07		-1.5803		0		17.8266		5.18597e+06		1154.67		
00:00:14:750		1.89294e+06		191.518		130.882		0		1.1052		291.017			00:00:14:750		1.4146e+07		-1.56553		0		18.096		5.19606e+06		1156.71		
00:00:14:650		1.9058e+06		191.518		130.2		0		1.08504		291.097			00:00:14:650		1.41579e+07		-1.5505		0		18.3179		5.20615e+06		1158.87		
00:00:14:449		1.93268e+06		190.526		129.464		0		1.06486		291.259			00:00:14:449		1.41797e+07		-1.52008		0		18.6685		5.22684e+06		1163.33		
00:00:14:349		1.94673e+06		190.526		129.464		0		1.06486		291.341			00:00:14:349		1.41903e+07		-1.5048		0		18.8849		5.23721e+06		1165.52		
00:00:14:349		1.94673e+06		190.526		129.464		0		1.06486		291.341			00:00:14:349		1.41903e+07		-1.5048		0		18.8849		5.23721e+06		1165.52		
00:00:14:250		1.96118e+06		189.517		129.464		0		1.06486		291.425			00:00:14:250		1.4201e+07		-1.48946		0		19.0565		5.24757e+06		1167.72		
00:00:14:150		1.97605e+06		189.517		128.67		0		1.04464		291.509			00:00:14:150		1.42119e+07		-1.47408		0		19.2693		5.25801e+06		1169.95		
00:00:14:000		1.99915e+06		188.491		128.67		0		1.04464		291.638			00:00:14:000		1.42278e+07		-1.45091		0		19.5639		5.27374e+06		1173.29		
00:00:13:949		2.00707e+06		188.491		127.818		0		1.02439		291.681			00:00:13:949		1.42333e+07		-1.44315		0		19.6891		5.27901e+06		1174.4		
00:00:13:849		2.02323e+06		188.491		127.818		0		1.02439		291.768			00:00:13:849		1.42438e+07		-1.42763		0		20.0196		5.28956e+06		1176.64		
00:00:13:750		2.03984e+06		187.446		127.818		0		1.02439		291.857			00:00:13:750		1.42545e+07		-1.41205		0		20.2645		5.30017e+06		1178.88		
00:00:13:650		2.05691e+06		187.446		126.903		0		1.00412		291.946			00:00:13:650		1.42651e+07		-1.39642		0		20.4667		5.31084e+06		1181.14		
00:00:13:550		2.07444e+06		187.446		126.903		0		1.00412		292.035			00:00:13:550		1.42758e+07		-1.38073		0		20.7072		5.32158e+06		1183.42		
00:00:13:300		2.12023e+06		186.383		125.925		0		0.983826		292.26			00:00:13:300		1.4302e+07		-1.34146		0		21.2984		5.3487e+06		1189.3		
00:00:13:300		2.12023e+06		186.383		125.925		0		0.983826		292.26			00:00:13:300		1.4302e+07		-1.34146		0		21.2984		5.3487e+06		1189.3		
00:00:13:199		2.13932e+06		185.3		124.88		0		0.963507		292.352			00:00:13:199		1.43128e+07		-1.32571		0		21.4924		5.35966e+06		1189.15		
00:00:13:099		2.15884e+06		185.3		124.88		0		0.963507		292.444			00:00:13:099		1.43236e+07		-1.30992		0		21.7233		5.37071e+06		1193.84		
00:00:13:000		2.17883e+06		184.194		124.88		0		0.963507		292.538			00:00:13:000		1.43343e+07		-1.29408		0.0663046		21.99		5.38181e+06		1196.29		
00:00:12:949		2.189e+06		184.194		123.764		0		0.943196		292.585			00:00:12:949		1.43397e+07		-1.28614		0.132704		22.0658		5.38738e+06		1197.6		
00:00:12:800		2.22021e+06		184.194		123.764		0		0.943196		292.727			00:00:12:800		1.43557e+07		-1.26224		0.330898		22.4038		5.40415e+06		1200.81		
00:00:12:699		2.24162e+06		183.042		122.579		0		0.923044		292.822			00:00:12:699		1.43663e+07		-1.24624		0.461277		22.5897		5.41544e+06		1203.19		
00:00:12:599		2.26352e+06		183.042		122.579		0		0.923044		292.919			00:00:12:599		1.43769e+07		-1.23018		0.589529		22.8111		5.42682e+06		1205.59		
00:00:12:400		2.30885e+06		181.846		121.321		0		0.903051		293.113			00:00:12:400		1.43978e+07		-1.19789		0.837162		23.2485		5.44981e+06		1210.55		
00:00:12:300		2.3323e+06		181.846		121.321		0		0.903051		293.211			00:00:12:300		1.44082e+07		-1.18166		0.955286		23.4646		5.46143e+06		1210.37		
00:00:12:300		2.3323e+06		181.846		121.321		0		0.903051		293.211			00:00:12:300		1.44082e+07		-1.18166		0.955286		23.4646		5.46143e+06		1210.37		
00:00:12:199		2.35628e+06		180.605		119.991		0		0.88321		293.309			00:00:12:199		1.44184e+07		-1.16536		1.0691		23.6433		5.47316e+06		1215.29		
00:00:12:099		2.38082e+06		180.605		119.991		0		0.88321		293.407			00:00:12:099		1.44284e+07		-1.149		1.17819		23.8563		5.48498e+06		1217.8		
00:00:12:000		2.40592e+06		179.317		119.991		0		0.88321		293.506			00:00:12:000		1.44382e+07		-1.13257		1.28226		23.9974		5.49691e+06		1220.41		
00:00:11:900		2.43159e+06		179.317		118.587		0		0.863521		293.606			00:00:11:900		1.44477e+07		-1.11613		1.38133		24.2078		5.50894e+06		1220.21		
00:00:11:800		2.45784e+06		179.317		118.587		0		0.863521		293.705			00:00:11:800		1.44574e+07		-1.09975		1.47476		24.3123		5.5211e+06		1225.28		
00:00:11:699		2.4847e+06		177.983		117.107		0		0.843983		293.805			00:00:11:699		1.44676e+07		-1.08341		1.56311		24.4512		5.53337e+06		1227.85		
00:00:11:599		2.51216e+06		177.983		117.107		0		0.843983		293.906			00:00:11:599		1.44783e+07		-1.06703		1.64618		24.6238		5.54575e+06		1230.44		
00:00:11:400		2.56895e+06		176.602		115.551		0		0.824593		294.11			00:00:11:400		1.44979e+07		-1.03382		1.79529		24.8978		5.57083e+06		1235.65		
00:00:11:300		2.59814e+06		176.602		115.551		0		0.824593		294.213			00:00:11:300		1.45075e+07		-1.01708		1.86271		25.0338		5.58354e+06		1238.29		
00:00:11:300		2.59814e+06		176.602		115.551		0		0.824593		294.213			00:00:11:300		1.45075e+07		-1.01708		1.86271		25.0338		5.58354e+06		1238.29		
00:00:11:199		2.6278e+06		175.174		113.921		0		0.805348		294.318			00:00:11:199		1.45166e+07		-1.00023		1.92791		25.1354		5.59639e+06		1240.94		
00:00:11:099		2.65796e+06		175.174		113.921		0		0.805348		294.423			00:00:11:099		1.45248e+07		-0.983261		1.99145		26.263		5.60939e+06		1243.59		
00:00:11:000		2.68863e+06		173.699		113.921		0		0.805348		294.531			00:00:11:000		1.45321e+07		-0.966329		2.05307		34.1246		5.62254e+06		1246.16		
00:00:10:900		2.71984e+06		173.699		112.215		0		0.786247		294.639			00:00:10:900		1.45395e+07		-0.94954		2.12004		39.7287		5.63585e+06		1249.23		
00:00:10:800		2.75161e+06		173.699		112.215		0		0.786247		294.749			00:00:10:800		1.45473e+07		-0.932922		2.18628		43.8552		5.64931e+06		1252.09		
00:00:10:699		2.78395e+06		172.176		110.436		0		0.767288		294.86			00:00:10:699		1.45556e+07		-0.916493		2.24402		47.0202		5.66291e+06		1255.1		
00:00:10:599		2.81689e+06		172.176		110.436		0		0.767288		294.972			00:00:10:599		1.45645e+07		-0.90028		2.29985		49.4134		5.67662e+06		1254.97		
00:00:10:500		2.85044e+06		170.606		110.436		0		0.767288		295.086			00:00:10:500		1.45743e+07		-0.884262		2.3454		51.2604		5.69041e+06		1260.8		
00:00:10:400		2.88463e+06		170.606		108.582		0		0.74847		295.201			00:00:10:400		1.4585e+07		-0.868364		2.38842		52.719		5.70422e+06		1263.78		
00:00:10:300		2.91946e+06		170.606		108.582		0		0.74847		295.318			00:00:10:300		1.45959e+07		-0.85248		2.42914		53.9375		5.718e+06		1266.81		
00:00:10:150		2.97297e+06		168.988		106.656		0		0.729793		295.497			00:00:10:150		1.46121e+07		-0.828675		2.4859		55.4627		5.7387e+06		1270.96		
00:00:10:099		2.99114e+06		168.988		106.656		0		0.729793		295.558			00:00:10:099		1.46174e+07		-0.820741		2.50382		55.8749		5.74564e+06		1272.42		
00:00:10:000		3.02802e+06		167.323		106.656		0		0.729793		295.68			00:00:10:000		1.46282e+07		-0.80488		2.53827		56.6261		5.7596e+06		1275.39		
00:00:09:900		3.06562e+06		167.323		104.657		0		0.711256		295.804			00:00:09:900		1.4639e+07		-0.789022		2.57091		57.2557		5.77365e+06		1278.38		
00:00:09:750		3.1234e+06		165.609		104.657		0		0.711256		295.994			00:00:09:750		1.46551e+07		-0.765267		2.61826		57.8789		5.79483e+06		1282.91		
00:00:09:650		3.16287e+06		165.609		102.593		0		0.692862		296.123			00:00:09:650		1.46659e+07		-0.749455		2.64646		58.3224		5.80894e+06		1285.89		
00:00:09:550		3.20311e+06		165.609		102.593		0		0.692862		296.254			00:00:09:550		1.46766e+07		-0.733667		2.67337		58.7158		5.82299e+06		1288.84		
00:00:09:500		3.22353e+06		163.849		102.593		0		0.692862		296.321			00:00:09:500		1.4682e+07		-0.725782		2.68629		58.9038		5.83003e+06		1290.31		
00:00:09:400		3.26497e+06		163.849		100.471		0		0.674611		296.453			00:00:09:400		1.46926e+07		-0.710034		2.71097		59.2469		5.84414e+06		1293.29		
00:00:09:300		3.30722e+06		163.849		100.471		0		0.674611		296.587			00:00:09:300		1.47033e+07		-0.694311		2.73392		59.5263		5.85833e+06		1296.3		
00:00:09:199		3.35022e+06		162.04		98.3005		0		0.656506		296.723			00:00:09:199		1.47139e+07		-0.678638		2.75538		59.7736		5.87257e+06		1299.3		
00:00:09:099		3.39399e+06		162.04		98.3005		0		0.656506		296.86			00:00:09:099		1.47245e+07		-0.663008		2.77612		59.9892		5.8868e+06		1302.22		
00:00:09:000		3.43854e+06		160.183		98.3005		0		0.656506		296.999			00:00:09:000		1.47351e+07		-0.647419		2.7958		60.1734		5.901e+06		1304.84		
00:00:08:900		3.4839e+06		160.183		96.0856		0		0.638556		297.14			00:00:08:900		1.47456e+07		-0.631877		2.81453		60.3571		5.91516e+06		1308.32		
00:00:08:800		3.53009e+06		160.183		96.0856		0		0.638556		297.283			00:00:08:800		1.47561e+07		-0.616385		2.83218		60.4792		5.92937e+06		1311.29		
00:00:08:650		3.60093e+06		158.278		93.8308		0		0.62077		297.502			00:00:08:650		1.47718e+07		-0.593251		2.85673		60.6621		5.95078e+06		1315.79		
00:00:08:550		3.64923e+06		158.278		93.8308		0		0.62077		297.651			00:00:08:550		1.47823e+07		-0.577908		2.872		60.7685		5.96515e+06		1318.8		
00:00:08:550		3.64923e+06		158.278		93.8308		0		0.62077		297.651			00:00:08:550		1.47823e+07		-0.577908		2.872		60.7685		5.96515e+06		1318.8		
00:00:08:349		3.74848e+06		156.321		91.5421		0		0.60317		297.954			00:00:08:349		1.48031e+07		-0.547415		2.90178		60.9505		5.99395e+06		1324.83		
00:00:08:349		3.74848e+06		156.321		91.5421		0		0.60317		297.954			00:00:08:349		1.48031e+07		-0.547415		2.90178		60.9505		5.99395e+06		1324.83		
00:00:08:250		3.79944e+06		154.306		91.5421		0		0.60317		298.108			00:00:08:250		1.48135e+07		-0.532269		2.91532		61.0262		6.00843e+06		1327.87		
00:00:08:150		3.85134e+06		154.306		89.2289		0		0.585817		298.266			00:00:08:150		1.48238e+07		-0.517201		2.9276		61.0867		6.02294e+06		1330.88		
00:00:08:050		3.90419e+06		154.306		89.2289		0		0.585817		298.424			00:00:08:050		1.48341e+07		-0.502216		2.93923		60.9505		6.03742e+06		1333.61		
00:00:07:950		3.95802e+06		152.209		86.8958		0		0.568895		298.585			00:00:07:950		1.48444e+07		-0.48732		2.95063		60.7077		6.05173e+06		1337.05		
00:00:07:799		4.04061e+06		152.209		86.8958		0		0.568895		298.829			00:00:07:799		1.48598e+07		-0.465153		2.96647		60.5707		6.07289e+06		1341.25		
00:00:07:700		4.09695e+06		150.103		84.5458		0		0.551898		298.995			00:00:07:700		1.487e+07		-0.4505		2.97589		60.6164		6.087e+06		1343.99		
00:00:07:599		4.15432e+06		150.103		84.5458		0		0.551898		299.164			00:00:07:599		1.48802e+07		-0.435946		2.9849		60.6316		6.10134e+06		1346.77		
00:00:07:450		4.24236e+06		147.99		82.1826		0		0.534798		299.42			00:00:07:450		1.48955e+07		-0.414302		2.99787		60.4029		6.12353e+06		1350.76		
00:00:07:349		4.3024e+06		147.99		82.1826		0		0.534798		299.594			00:00:07:349		1.49058e+07		-0.4		3.00548		60.1734		6.1387e+06		1354.31		
00:00:07:250		4.36356e+06		145.871		82.1826		0		0.534798		299.77			00:00:07:250		1.4916e+07		-0.385811		3.01248		59.9122		6.15419e+06		1357.55		
00:00:07:150		4.36356e+06		145.871		82.1826		0		0.534798		299.77			00:00:07:150		1.4916e+07		-0.385811		3.01248		59.9122		6.15419e+06		1357.55		
00:00:07:150		4.42585e+06		145.871		79.8104		0		0.517587		299.946			00:00:07:150		1.49262e+07		-0.371736		3.01904		59.6346		6.17011e+06		1360.23		
00:00:07:049		4.48928e+06		145.871		79.8104		0		0.517587		300.123			00:00:07:049		1.49364e+07		-0.35778		3.02548		59.2158		6.18662e+06		1363.54		
00:00:06:950		4.55389e+06		143.746		77.4342		0		0.500257		300.302			00:00:06:950		1.49466e+07		-0.343966		3.03121		58.4171		6.20379e+06		1367.07		
00:00:06:849		4.6197e+06		143.746		77.4342		0		0.500257		300.482			00:00:06:849		1.49568e+07		-0.330279		3.03696		57.5281		6.22143e+06		1370.73		
00:00:06:750		4.68673e+06		141.62		77.4342		0		0.500257		300.665			00:00:06:750		1.49671e+07		-0.316719		3.0424		56.4798		6.23934e+06		1374.47		
00:00:06:650		4.755e+06		141.62		75.0602		0		0.482809		300.85			00:00:06:650		1.49774e+07		-0.303261		3.04874		55.2971		6.25739e+06		1378.24		
00:00:06:450		4.89535e+06		139.495		72.6955		0		0.465238		301.227			00:00:06:450		1.49983e+07		-0.27674		3.05483		52.6843		6.29368e+06		1385.75		
00:00:06:349		4.96728e+06		139.495		72.6955		0		0.465238		301.418			00:00:06:349		1.50089e+07		-0.26369		3.05693		51.3138		6.31189e+06		1389.51		
00:00:06:349		4.96728e+06		139.495		72.6955		0		0.465238		301.418			00:00:06:349		1.50089e+07		-0.26369		3.05693		51.3138		6.31189e+06		1389.51		
00:00:06:250		5.04019e+06		137.373		72.6955		0		0.465238		301.611			00:00:06:250		1.50196e+07		-0.250763		3.05934		49.9085		6.33025e+06		1393.29		
00:00:06:049		5.18897e+06		137.373		70.3482		0		0.447544		302.001			00:00:06:049		1.50414e+07		-0.225256		3.06257		46.73		6.36728e+06		1400.9		
00:00:06:049		5.18897e+06		137.373		70.3482		0		0.447544		302.001			00:00:06:049		1.50414e+07		-0.225256		3.06257		46.73		6.36728e+06		1400.9		
00:00:05:900		5.30321e+06		135.261		68.0272		0		0.429699		302.298			00:00:05:900		1.50582e+07		-0.206352		3.06232		43.6491		6.3952e+06		1406.54		
00:00:05:799		5.38065e+06		135.261		68.0272		0		0.429699		302.498			00:00:05:799		1.50696e+07		-0.193823		3.06104		40.84		6.41388e+06		1410.2		
00:00:05:700		5.45913e+06		133.156		65.7414		0		0.41174		302.7			00:00:05:700		1.50806e+07		-0.181216		3.05989		39.071		6.43258e+06		1413.74		
00:00:05:599		5.53866e+06		133.156		65.7414		0		0.41174		302.904			00:00:05:599		1.50901e+07		-0.16854		3.05886		39.0938		6.45142e+06		1417.22		
00:00:05:400		5.70096e+06		131.064		63.499		0		0.393626		303.313			00:00:05:400		1.51077e+07		-0.143688		3.05217		34.8409		6.49055e+06		1424.09		
00:00:05:299		5.78376e+06		131.064		63.499		0		0.393626		303.52			00:00:05:299		1.51166e+07		-0.131536		3.04715		32.6231		6.5104e+06		1426.35		
00:00:05:299		5.78376e+06		131.064		63.499		0		0.393626		303.52			00:00:05:299		1.51166e+07		-0.131536		3.04715		32.6231		6.5104e+06		1426.35		
00:00:05:200		5.8677e+06		128.988		61.3089		0		0.375271		303.728			00:00:05:200		1.51258e+07		-0.119579		3.04127		30.548		6.53005e+06		1426.14		
00:00:05:099		5.95281e+06		128.988		61.3089		0		0.375271		303.939			00:00:05:099		1.51351e+07		-0.107825		3.03553		28.6126		6.54921e+06		1419.96		
00:00:05:000		6.03921e+06		126.932		61.3089		0		0.375271		304.151			00:00:05:000		1.51446e+07		-0.0962634		3.02826		26.8433		6.56747e+06		1399.65		
00:00:04:900		6.12732e+06		126.932		59.1829		0		0.35623		304.365			00:00:04:900		1.51543e+07		-0.0848837		3.01804		25.2029		6.58451e+06		1340.83		
00:00:04:799		6.20049e+06		126.932		59.1829		0		0.35623		304.58			00:00:04:799		1.51643e+07		-0.0736771		3.0071		23.7855		6.60036e+06		1284.43		
00:00:04:700		6.25709e+06		124.898		57.1312		0		0.336605		304.794			00:00:04:700		1.51744e+07		-0.0626197		2.99667		22.4783		6.61513e+06		1228.67		
00:00:04:599		6.30082e+06		124.898		57.1312		0		0.336605		305.009			00:00:04:599		1.51846e+07		-0.0516934		2.98633		21.2984		6.62891e+06		1183.48		
00:00:04:400		6.3643e+06		122.895		55.1568		0		0.316555		305.442			00:00:04:400		1.52048e+07		-0.0303054		2.9626		19.396		6.6538e+06		1100.78		
00:00:04:299		6.38736e+06		122.895		55.1568		0		0.316555		305.658			00:00:04:299		1.52148e+07		-0.0198631		2.94707		19.5639		6.66508e+06		1065.97		
00:00:04:299		6.38736e+06		122.895		55.1568		0		0.316555		305.658			00:00:04:299		1.52148e+07		-0.0198631		2.94707		19.5639		6.66508e+06		1065.97		
00:00:04:200		6.40637e+06		120.933		53.2514		0		0.296196		305.872			00:00:04:200		1.52248e+07		-0.00958729		2.93219		25.3711		6.67571e+06		1035.07		
00:00:04:049		6.42944e+06		120.933		53.2514		0		0.296196		306.194			00:00:04:049		1.52397e+07		0.00551367		2.91366		40.065		6.69052e+06		995.27		
00:00:04:000		6.43602e+06		119.026		53.2514		0		0.296196		306.302			00:00:04:000		1.52446e+07		0.0104637		2.90722		44.2852		6.69521e+06		983.55		
00:00:03:899		6.44795e+06		119.026		51.4099		0		0.275557		306.517			00:00:03:899		1.52544e+07		0.0202312		2.89087		52.1787		6.70421e+06		962.143		
00:00:03:799		6.45862e+06		119.026		51.4099		0		0.275557		306.732			00:00:03:799		1.52643e+07		0.0298095		2.8686		59.5727		6.71281e+06		943.153		
00:00:03:700		6.46836e+06		117.177		49.6398		0		0.254726		306.946			00:00:03:700		1.5274e+07		0.039156		2.84666		66.6662		6.72104e+06		926.19		
00:00:03:600		6.4775e+06		117.177		49.6398		0		0.254726		307.158			00:00:03:600		1.52837e+07		0.0482545		2.83232		73.5418		6.7289e+06		910.887		
00:00:03:500		6.48629e+06		115.387		49.6398		0		0.254726		307.369			00:00:03:500		1.52932e+07		0.057116		2.82455		80.2529		6.73643e+06		896.882		
00:00:03:399		6.49502e+06		115.387		47.9486		0		0.233759		307.578			00:00:03:399		1.53027e+07		0.0657659		2.80939		86.8035		6.74363e+06		883.703		
00:00:03:299		6.50405e+06		115.387		47.9486		0		0.233759		307.783			00:00:03:299		1.53123e+07		0.0742164		2.77628		93.1553		6.75051e+06		870.876		
00:00:03:200		6.51377e+06		113.661		46.3431		0		0.21271		307.984			00:00:03:200		1.53221e+07		0.0824471		2.74139		99.3068		6.75708e+06		857.678		
00:00:03:049		6.53084e+06		113.661		46.3431		0		0.21271		308.278			00:00:03:049		1.5337e+07		0.0942078		2.73553		108.397		6.76636e+06		836.42		
00:00:02:950		6.54254e+06		112.011		44.8289		0		0.191536		308.465			00:00:02:950		1.53465e+07		0.101486		2.74581		114.204		6.77215e+06		822.643		
00:00:02:850		6.55352e+06		112.011		44.8289		0		0.191536		308.643			00:00:02:850		1.53553e+07		0.108237		2.71879		119.557		6.77767e+06		809.846		
00:00:02:850		6.55352e+06		112.011		44.8289		0		0.191536		308.643			00:00:02:850		1.53553e+07		0.108237		2.71879		119.557		6.77767e+06		809.846		
00:00:02:649		6.57289e+06		110.446		43.4112		0		0.17026		308.968			00:00:02:649		1.53699e+07		0.12057		2.57462		129.92		6.78809e+06		787.523		
00:00:02:649		6.57289e+06		110.446		43.4112		0		0.17026		308.968			00:00:02:649		1.53699e+07		0.12057		2.57462		129.92		6.78809e+06		787.523		
00:00:02:549		6.58104e+06		110.446		43.4112		0		0.17026		309.115			00:00:02:549		1.53778e+07		0.126595		2.63689		135.487		6.79314e+06		778.61		
00:00:02:350		6.59256e+06		108.971		42.0947		0		0.148918		309.37			00:00:02:350		1.53954e+07		0.138209		2.78413		150.356		6.80342e+06		768.576		
00:00:02:350		6.59256e+06		108.971		42.0947		0		0.148918		309.37			00:00:02:350		1.53954e+07		0.138209		2.78413		150.356		6.80342e+06		768.576		
00:00:02:149		6.59115e+06		107.594		40.8834		0		0.127591		309.564			00:00:02:149		1.54134e+07		0.148874		2.83723		198.975		6.81511e+06		780.355		
00:00:02:149		6.59115e+06		107.594		40.8834		0		0.127591		309.564			00:00:02:149		1.54134e+07		0.148874		2.83723		198.975		6.81511e+06		780.355		
00:00:02:049		6.5804e+06		107.594		40.8834		0		0.127591		309.636			00:00:02:049		1.54227e+07		0.153845		2.854		243.816		6.82213e+06		802.094		
00:00:01:949		6.55697e+06		106.325		39.782		0		0.106553		309.692			00:00:01:949		1.54324e+07		0.158474		2.8646		290.946		6.8303e+06		842.012		
00:00:01:850		6.51465e+06		106.325		39.782		0		0.106553		309.735			00:00:01:850		1.54423e+07		0.162609		2.8706		336.248		6.83973e+06		903.151		
00:00:01:750		6.45939e+06		105.17		39.782		0		0.106553		309.766			00:00:01:750		1.54522e+07		0.166083		2.87384		377.615		6.85018e+06		960.688		
00:00:01:649		6.44252e+06		105.17		38.7979		0		0.0856092		309.789			00:00:01:649		1.54611e+07		0.168786		2.87548		414.119		6.86125e+06		990.842		
00:00:01:550		6.42483e+06		105.17		38.7979		0		0.0856092		309.807			00:00:01:550		1.54683e+07		0.170695		2.87424		445.743		6.87275e+06		1015.03		
00:00:01:350		6.43285e+06		104.133		37.9494		0		0.0645706		309.83			00:00:01:350		1.54764e+07		0.172517		2.85995		495.188		6.89583e+06		1020.88		
00:00:01:350		6.43285e+06		104.133		37.9494		0		0.0645706		309.83			00:00:01:350		1.54764e+07		0.172517		2.85995		495.188		6.89583e+06		1020.88		
00:00:01:250		6.45283e+06		103.211		37.9494		0		0.0645706		309.837			00:00:01:250		1.5478e+07		0.172781		2.84982		511.621		6.90672e+06		1010.6		
00:00:01:050		6.49517e+06		103.211		37.2625		0		0.0433581		309.846			00:00:01:050		1.54786e+07		0.172856		2.83688		526.045		6.92702e+06		987.881		
00:00:01:050		6.49517e+06		103.211		37.2625		0		0.0433581		309.846			00:00:01:050		1.54786e+07		0.172856		2.83688		526.045		6.92702e+06		987.881		
00:00:00:900		6.53401e+06		102.427		36.7262		0		0.0219088		309.846			00:00:00:900		1.54786e+07		0.172843		2.8355		529.855		6.94289e+06		961.215		
00:00:00:800		6.5678e+06		102.427		36.7262		0		0.0219088		309.846			00:00:00:800		1.54786e+07		0.17284		2.83552		530.252		6.95199e+06		931.567		
00:00:00:699		6.61194e+06		101.703		36.3831		0		0		309.846			00:00:00:699		1.54786e+07		0.17284		2.83566		530.206		6.95912e+06		885.342		
00:00:00:599		6.6729e+06		101.703		36.3831		0		0		309.846			00:00:00:599		1.54786e+07		0.172839		2.83569		530.208		6.96356e+06		811.597		
00:00:00:500		6.76504e+06		100.069		36.3831		0		0		309.846			00:00:00:500		1.54786e+07		0.172839		2.83573		530.21		6.96485e+06		526.824		
00:00:00:349		6.83116e+06		100.069		36.3834		0		0		309.846			00:00:00:349		1.54786e+07		0.17284		2.83568		530.216		6.96485e+06		526.825		
00:00:00:349		6.83116e+06		100.069		36.3834		0		0		309.846			00:00:00:349		1.54786e+07		0.17284		2.83568		530.216		6.96485e+06		526.825		
00:00:00:200		6.83116e+06		100.069		36.3837		0		0		309.846			00:00:00:200		1.54785e+07		0.17284		2.83572		530.219		6.96484e+06		526.826		
00:00:00:100		6.83116e+06		100.069		36.3837		0		0		309.846			00:00:00:100		1.54785e+07		0.17284		2.83572		530.221		6.96484e+06		526.821		
00:00:00:000		6.83115e+06		100.069		36.3837		0		0		309.846			00:00:00:000		1.54785e+07		0.17284		2.83571		530.225		6.96483e+06		526.826		
00:00:00:000		6.83115e+06		100.069		36.3837		0		0		309.846			00:00:00:000		1.54785e+07		0.17284		2.83571		530.225		6.96483e+06		526.826		
00:00:00:000		6.83115e+06		100.069		36.3837		0		0		309.846			00:00:00:000		1.54785e+07		0.17284		2.83571		530.225		6.96483e+06		526.826		
00:00:00:000		6.83115e+06		100.069		36.3837		0		0		309.846			00:00:00:000		1.54785e+07		0.17284		2.83571		530.225		6.96483e+06		526.826		
00:00:00:000		6.83115e+06		100.069		36.3837		0		0		309.846			00:00:00:000		1.54785e+07		0.17284		2.83571		530.225		6.96483e+06		526.826		
