	time 		gpv001pnt10113ppntm	evf507ety101mpzoyout	chtcon(1)	chavg(1)	chlhsumpa	rcptavgn			time 		rcpppzr	rcp054rcp007mnzoyout	rcv501std0102fvol	fwfrcp001gv	rcppmssga	msfsg(1)	
00:01:10:900		1.6029e+06		338.74		134.515		0		3		258.263			00:01:10:900		7.68983e+06		-5.8531		0		0		2.07719e+06		516.578		
00:01:10:900		1.6029e+06		338.74		134.515		0		3		258.263			00:01:10:900		7.68983e+06		-5.8531		0		0		2.07719e+06		516.578		
00:01:10:799		1.60291e+06		338.74		134.515		0		3		258.309			00:01:10:799		7.70894e+06		-5.85269		0		0		2.07916e+06		516.828		
00:01:10:599		1.60293e+06		338.396		134.502		0		3		258.401			00:01:10:599		7.7478e+06		-5.85177		0		0		2.08053e+06		516.595		
00:01:10:500		1.60294e+06		338.047		134.502		0		3		258.451			00:01:10:500		7.76747e+06		-5.85127		0		0		2.0827e+06		517.125		
00:01:10:500		1.60294e+06		338.047		134.502		0		3		258.451			00:01:10:500		7.76747e+06		-5.85127		0		0		2.0827e+06		517.125		
00:01:10:400		1.60295e+06		338.047		134.49		0		3		258.505			00:01:10:400		7.78717e+06		-5.85075		0		0		2.08505e+06		517.524		
00:01:10:299		1.60296e+06		338.047		134.49		0		3		258.557			00:01:10:299		7.80693e+06		-5.85022		0		0		2.08731e+06		517.608		
00:01:10:200		1.60297e+06		337.699		134.479		0		3		258.6			00:01:10:200		7.82698e+06		-5.84968		0		0		2.09033e+06		518.565		
00:01:10:099		1.60297e+06		337.699		134.479		0		3		258.646			00:01:10:099		7.84728e+06		-5.84915		0		0		2.09452e+06		519.645		
00:01:10:000		1.60298e+06		337.347		134.479		0		3		258.693			00:01:10:000		7.86774e+06		-5.84862		0		0		2.09832e+06		520.684		
00:01:09:900		1.60299e+06		337.347		134.467		0		3		258.739			00:01:09:900		7.88836e+06		-5.8481		0		0		2.10209e+06		521.797		
00:01:09:799		1.603e+06		337.347		134.467		0		3		258.78			00:01:09:799		7.9092e+06		-5.8476		0		0		2.10559e+06		522.714		
00:01:09:700		1.60301e+06		336.996		134.455		0		3		258.821			00:01:09:700		7.93032e+06		-5.84711		0		0		2.10873e+06		523.792		
00:01:09:599		1.60302e+06		336.996		134.455		0		3		258.863			00:01:09:599		7.95168e+06		-5.84666		0		0		2.11225e+06		525.459		
00:01:09:450		1.60303e+06		336.641		134.443		0		3		258.93			00:01:09:450		7.98407e+06		-5.84603		0		0		2.11441e+06		525.306		
00:01:09:349		1.60304e+06		336.641		134.443		0		3		258.973			00:01:09:349		8.00598e+06		-5.84565		0		0		2.1146e+06		525.236		
00:01:09:299		1.60305e+06		336.641		134.443		0		3		258.998			00:01:09:299		8.01699e+06		-5.84548		0		0		2.11541e+06		525.492		
00:01:09:200		1.60306e+06		336.286		134.43		0		3		259.053			00:01:09:200		8.03905e+06		-5.84515		0		0		2.11747e+06		525.933		
00:01:09:099		1.60306e+06		336.286		134.43		0		3		259.11			00:01:09:099		8.06101e+06		-5.84487		0		0		2.11924e+06		525.865		
00:01:09:000		1.60307e+06		335.926		134.43		0		3		259.16			00:01:09:000		8.08304e+06		-5.84462		0		0		2.12093e+06		525.649		
00:01:08:900		1.60308e+06		335.926		134.418		0		3		259.202			00:01:08:900		8.10533e+06		-5.84442		0		0		2.12445e+06		526.796		
00:01:08:799		1.60309e+06		335.926		134.418		0		3		259.248			00:01:08:799		8.12785e+06		-5.84424		0		0		2.12936e+06		528.079		
00:01:08:700		1.6031e+06		335.564		134.406		0		3		259.292			00:01:08:700		8.15053e+06		-5.8441		0		0		2.13371e+06		529.118		
00:01:08:599		1.60311e+06		335.564		134.406		0		3		259.334			00:01:08:599		8.17337e+06		-5.84398		0		0		2.13792e+06		530.147		
00:01:08:500		1.60312e+06		335.199		134.406		0		3		259.377			00:01:08:500		8.19634e+06		-5.84388		0		0		2.14228e+06		531.376		
00:01:08:400		1.60313e+06		335.199		134.394		0		3		259.419			00:01:08:400		8.21937e+06		-5.84379		0		0		2.14678e+06		532.742		
00:01:08:250		1.60314e+06		334.834		134.394		0		3		259.478			00:01:08:250		8.25411e+06		-5.84369		0		0		2.15274e+06		534.486		
00:01:08:150		1.60315e+06		334.834		134.382		0		3		259.518			00:01:08:150		8.27747e+06		-5.84363		0		0		2.15612e+06		535.735		
00:01:08:049		1.60316e+06		334.834		134.382		0		3		259.559			00:01:08:049		8.30094e+06		-5.84356		0		0		2.15924e+06		536.765		
00:01:07:950		1.60317e+06		334.467		134.369		0		3		259.608			00:01:07:950		8.32434e+06		-5.84347		0		0		2.1607e+06		536.696		
00:01:07:849		1.60318e+06		334.467		134.369		0		3		259.655			00:01:07:849		8.34762e+06		-5.84338		0		0		2.1618e+06		536.676		
00:01:07:750		1.60319e+06		334.098		134.369		0		3		259.694			00:01:07:750		8.37096e+06		-5.84325		0		0		2.1634e+06		536.426		
00:01:07:650		1.6032e+06		334.098		134.356		0		3		259.729			00:01:07:650		8.39449e+06		-5.8431		0		0		2.16596e+06		536.997		
00:01:07:549		1.6032e+06		334.098		134.356		0		3		259.763			00:01:07:549		8.41806e+06		-5.84295		0		0		2.17077e+06		538.633		
00:01:07:450		1.60321e+06		333.727		134.343		0		3		259.789			00:01:07:450		8.44181e+06		-5.84279		0		0		2.17541e+06		539.978		
00:01:07:349		1.60322e+06		333.727		134.343		0		3		259.804			00:01:07:349		8.46619e+06		-5.84261		0		0		2.17924e+06		541.036		
00:01:07:250		1.60323e+06		333.355		134.343		0		3		259.824			00:01:07:250		8.49115e+06		-5.84242		0		0		2.18246e+06		541.876		
00:01:07:150		1.60324e+06		333.355		134.33		0		3		259.858			00:01:07:150		8.51622e+06		-5.84223		0		0		2.18565e+06		543.057		
00:01:07:049		1.60325e+06		333.355		134.33		0		3		259.902			00:01:07:049		8.54113e+06		-5.84203		0		0		2.18894e+06		544.338		
00:01:06:950		1.60326e+06		332.98		134.317		0		3		259.951			00:01:06:950		8.56575e+06		-5.84185		0		0		2.19065e+06		544.394		
00:01:06:849		1.60327e+06		332.98		134.317		0		3		259.998			00:01:06:849		8.59009e+06		-5.84168		0		0		2.19155e+06		544.531		
00:01:06:750		1.60328e+06		332.604		134.317		0		3		260.045			00:01:06:750		8.61419e+06		-5.84155		0		0		2.19315e+06		544.837		
00:01:06:650		1.60329e+06		332.604		134.303		0		3		260.092			00:01:06:650		8.63802e+06		-5.84147		0		0		2.19498e+06		545.255		
00:01:06:450		1.6033e+06		332.224		134.289		0		3		260.187			00:01:06:450		8.68483e+06		-5.84148		0		0		2.19949e+06		546.519		
00:01:06:450		1.6033e+06		332.224		134.289		0		3		260.187			00:01:06:450		8.68483e+06		-5.84148		0		0		2.19949e+06		546.519		
00:01:06:349		1.60331e+06		332.224		134.289		0		3		260.238			00:01:06:349		8.70783e+06		-5.84157		0		0		2.20155e+06		546.992		
00:01:06:250		1.60332e+06		331.843		134.289		0		3		260.288			00:01:06:250		8.73064e+06		-5.84169		0		0		2.20336e+06		547.164		
00:01:06:150		1.60333e+06		331.843		134.275		0		3		260.329			00:01:06:150		8.75349e+06		-5.84186		0		0		2.20488e+06		546.735		
00:01:06:049		1.60334e+06		331.843		134.275		0		3		260.37			00:01:06:049		8.77637e+06		-5.84206		0		0		2.20695e+06		546.778		
00:01:05:950		1.60335e+06		331.46		134.26		0		3		260.408			00:01:05:950		8.79925e+06		-5.84227		0		0		2.21186e+06		548.38		
00:01:05:849		1.60336e+06		331.46		134.26		0		3		260.451			00:01:05:849		8.82202e+06		-5.84246		0		0		2.21739e+06		549.851		
00:01:05:750		1.60337e+06		331.075		134.26		0		3		260.496			00:01:05:750		8.84458e+06		-5.84266		0		0		2.22237e+06		551.185		
00:01:05:650		1.60338e+06		331.075		134.246		0		3		260.541			00:01:05:650		8.86692e+06		-5.84285		0		0		2.2271e+06		552.51		
00:01:05:549		1.60338e+06		331.075		134.246		0		3		260.584			00:01:05:549		8.88909e+06		-5.84304		0		0		2.23162e+06		553.828		
00:01:05:450		1.60339e+06		330.687		134.231		0		3		260.627			00:01:05:450		8.9111e+06		-5.84322		0		0		2.23578e+06		555.051		
00:01:05:349		1.6034e+06		330.687		134.231		0		3		260.673			00:01:05:349		8.93287e+06		-5.8434		0		0		2.2396e+06		556.507		
00:01:05:250		1.60341e+06		330.296		134.231		0		3		260.722			00:01:05:250		8.95433e+06		-5.84357		0		0		2.24316e+06		557.905		
00:01:05:150		1.60342e+06		330.296		134.216		0		3		260.775			00:01:05:150		8.97543e+06		-5.84375		0		0		2.24482e+06		557.871		
00:01:05:049		1.60343e+06		330.296		134.216		0		3		260.825			00:01:05:049		8.99616e+06		-5.84392		0		0		2.24513e+06		557.469		
00:01:04:950		1.60344e+06		329.903		134.2		0		3		260.87			00:01:04:950		9.01659e+06		-5.84412		0		0		2.24615e+06		556.955		
00:01:04:849		1.60345e+06		329.903		134.2		0		3		260.91			00:01:04:849		9.03696e+06		-5.84432		0		0		2.24822e+06		556.885		
00:01:04:750		1.60346e+06		329.509		134.2		0		3		260.945			00:01:04:750		9.0573e+06		-5.84453		0		0		2.25274e+06		558.309		
00:01:04:599		1.60347e+06		329.509		134.185		0		3		261.009			00:01:04:599		9.08761e+06		-5.84485		0		0		2.26125e+06		560.55		
00:01:04:500		1.60348e+06		329.112		134.185		0		3		261.053			00:01:04:500		9.1077e+06		-5.84506		0		0		2.26644e+06		562.012		
00:01:04:400		1.60349e+06		329.112		134.169		0		3		261.098			00:01:04:400		9.12763e+06		-5.84528		0		0		2.27156e+06		563.611		
00:01:04:400		1.60349e+06		329.112		134.169		0		3		261.098			00:01:04:400		9.12763e+06		-5.84528		0		0		2.27156e+06		563.611		
00:01:04:299		1.6035e+06		329.112		134.169		0		3		261.142			00:01:04:299		9.14738e+06		-5.84551		0		0		2.27621e+06		564.927		
00:01:04:200		1.60351e+06		328.712		134.153		0		3		261.185			00:01:04:200		9.16695e+06		-5.84575		0		0		2.27982e+06		565.726		
00:01:04:099		1.60351e+06		328.712		134.153		0		3		261.23			00:01:04:099		9.1863e+06		-5.84599		0		0		2.28326e+06		566.926		
00:01:04:000		1.60352e+06		328.311		134.153		0		3		261.277			00:01:04:000		9.20539e+06		-5.84625		0		0		2.28732e+06		568.721		
00:01:03:899		1.60353e+06		328.311		134.136		0		3		261.326			00:01:03:899		9.2242e+06		-5.84652		0		0		2.28991e+06		568.994		
00:01:03:700		1.60355e+06		327.908		134.119		0		3		261.424			00:01:03:700		9.26102e+06		-5.8471		0		0		2.29177e+06		568.637		
00:01:03:700		1.60355e+06		327.908		134.119		0		3		261.424			00:01:03:700		9.26102e+06		-5.8471		0		0		2.29177e+06		568.637		
00:01:03:500		1.60357e+06		327.502		134.119		0		3		261.503			00:01:03:500		9.29728e+06		-5.84763		0		0		2.2966e+06		568.868		
00:01:03:399		1.60358e+06		327.502		134.102		0		3		261.544			00:01:03:399		9.31532e+06		-5.84784		0		0		2.30264e+06		570.737		
00:01:03:399		1.60358e+06		327.502		134.102		0		3		261.544			00:01:03:399		9.31532e+06		-5.84784		0		0		2.30264e+06		570.737		
00:01:03:200		1.6036e+06		327.093		134.085		0		3		261.634			00:01:03:200		9.35089e+06		-5.84812		0		0		2.31366e+06		574.067		
00:01:03:200		1.6036e+06		327.093		134.085		0		3		261.634			00:01:03:200		9.35089e+06		-5.84812		0		0		2.31366e+06		574.067		
00:01:03:100		1.6036e+06		327.093		134.085		0		3		261.678			00:01:03:100		9.36841e+06		-5.8482		0		0		2.31798e+06		575.104		
00:01:03:000		1.60361e+06		326.683		134.085		0		3		261.721			00:01:03:000		9.38575e+06		-5.84824		0		0		2.32138e+06		575.825		
00:01:02:899		1.60362e+06		326.683		134.067		0		3		261.766			00:01:02:899		9.40289e+06		-5.84823		0		0		2.32508e+06		577.147		
00:01:02:799		1.60363e+06		326.683		134.067		0		3		261.813			00:01:02:799		9.41979e+06		-5.84819		0		0		2.32943e+06		578.972		
00:01:02:649		1.60365e+06		326.27		134.049		0		3		261.885			00:01:02:649		9.44469e+06		-5.8481		0		0		2.33257e+06		579.031		
00:01:02:450		1.60366e+06		325.856		134.031		0		3		261.984			00:01:02:450		9.47714e+06		-5.84797		0		0		2.33569e+06		579.058		
00:01:02:450		1.60366e+06		325.856		134.031		0		3		261.984			00:01:02:450		9.47714e+06		-5.84797		0		0		2.33569e+06		579.058		
00:01:02:399		1.60367e+06		325.856		134.031		0		3		262.007			00:01:02:399		9.48519e+06		-5.84794		0		0		2.33679e+06		578.86		
00:01:02:299		1.60368e+06		325.856		134.031		0		3		262.046			00:01:02:299		9.50127e+06		-5.8479		0		0		2.33983e+06		579.374		
00:01:02:200		1.60369e+06		325.439		134.012		0		3		262.088			00:01:02:200		9.51727e+06		-5.84789		0		0		2.34587e+06		581.534		
00:01:02:100		1.60369e+06		325.439		134.012		0		3		262.134			00:01:02:100		9.53312e+06		-5.84791		0		0		2.35191e+06		583.348		
00:01:02:000		1.6037e+06		325.018		134.012		0		3		262.178			00:01:02:000		9.54883e+06		-5.84799		0		0		2.35663e+06		584.513		
00:01:01:899		1.60371e+06		325.018		133.992		0		3		262.222			00:01:01:899		9.5644e+06		-5.84812		0		0		2.3603e+06		585.249		
00:01:01:799		1.60372e+06		325.018		133.992		0		3		262.268			00:01:01:799		9.5798e+06		-5.84831		0		0		2.36408e+06		586.34		
00:01:01:700		1.60373e+06		324.596		133.973		0		3		262.315			00:01:01:700		9.59501e+06		-5.84857		0		0		2.36868e+06		588.239		
00:01:01:549		1.60374e+06		324.596		133.973		0		3		262.387			00:01:01:549		9.61745e+06		-5.84907		0		0		2.37378e+06		589.378		
00:01:01:450		1.60375e+06		324.171		133.953		0		3		262.435			00:01:01:450		9.63216e+06		-5.84943		0		0		2.37459e+06		589.061		
00:01:01:350		1.60376e+06		324.171		133.953		0		3		262.487			00:01:01:350		9.64666e+06		-5.84977		0		0		2.3768e+06		589.441		
00:01:01:250		1.60377e+06		323.744		133.953		0		3		262.537			00:01:01:250		9.66102e+06		-5.85011		0		0		2.3796e+06		589.448		
00:01:01:149		1.60378e+06		323.744		133.933		0		3		262.58			00:01:01:149		9.6753e+06		-5.85043		0		0		2.38285e+06		589.953		
00:01:01:049		1.60379e+06		323.744		133.933		0		3		262.623			00:01:01:049		9.6895e+06		-5.85075		0		0		2.38873e+06		592.136		
00:01:00:950		1.6038e+06		323.314		133.912		0		3		262.669			00:01:00:950		9.70358e+06		-5.85106		0		0		2.39474e+06		593.803		
00:01:00:850		1.60381e+06		323.314		133.912		0		3		262.715			00:01:00:850		9.71752e+06		-5.85136		0		0		2.39906e+06		594.698		
00:01:00:799		1.60381e+06		323.314		133.912		0		3		262.738			00:01:00:799		9.72444e+06		-5.85152		0		0		2.40099e+06		595.102		
00:01:00:649		1.60383e+06		322.882		133.891		0		3		262.809			00:01:00:649		9.745e+06		-5.85197		0		0		2.4075e+06		597.224		
00:01:00:600		1.60383e+06		322.882		133.891		0		3		262.833			00:01:00:600		9.75178e+06		-5.85213		0		0		2.41007e+06		598.27		
00:01:00:500		1.60384e+06		322.446		133.891		0		3		262.883			00:01:00:500		9.76522e+06		-5.85245		0		0		2.41445e+06		599.555		
00:01:00:399		1.60385e+06		322.446		133.869		0		3		262.934			00:01:00:399		9.77851e+06		-5.85274		0		0		2.4163e+06		599.312		
00:01:00:299		1.60386e+06		322.446		133.869		0		3		262.987			00:01:00:299		9.79167e+06		-5.85301		0		0		2.41804e+06		599.558		
00:01:00:149		1.60387e+06		322.009		133.848		0		3		263.068			00:01:00:149		9.81122e+06		-5.85339		0		0		2.42269e+06		599.944		
00:01:00:049		1.60388e+06		322.009		133.848		0		3		263.115			00:01:00:049		9.82423e+06		-5.85362		0		0		2.42621e+06		600.697		
00:01:00:000		1.60388e+06		321.569		133.848		0		3		263.137			00:01:00:000		9.83073e+06		-5.85374		0		0		2.42893e+06		601.526		
00:00:59:899		1.60389e+06		321.569		133.826		0		3		263.186			00:00:59:899		9.8437e+06		-5.85398		0		0		2.43583e+06		603.79		
00:00:59:799		1.6039e+06		321.569		133.826		0		3		263.236			00:00:59:799		9.85661e+06		-5.85423		0		0		2.44132e+06		605.123		
00:00:59:700		1.60391e+06		321.126		133.803		0		3		263.288			00:00:59:700		9.86943e+06		-5.85451		0		0		2.44565e+06		606.17		
00:00:59:600		1.60392e+06		321.126		133.803		0		3		263.343			00:00:59:600		9.88216e+06		-5.85482		0		0		2.45009e+06		607.602		
00:00:59:500		1.60393e+06		320.681		133.803		0		3		263.399			00:00:59:500		9.89485e+06		-5.8552		0		0		2.45508e+06		609.89		
00:00:59:399		1.60394e+06		320.681		133.78		0		3		263.454			00:00:59:399		9.90751e+06		-5.85564		0		0		2.45874e+06		610.439		
00:00:59:299		1.60395e+06		320.681		133.78		0		3		263.505			00:00:59:299		9.92018e+06		-5.85617		0		0		2.45879e+06		609.613		
00:00:59:200		1.60396e+06		320.234		133.757		0		3		263.557			00:00:59:200		9.93284e+06		-5.85678		0		0		2.46091e+06		609.968		
00:00:59:100		1.60396e+06		320.234		133.757		0		3		263.614			00:00:59:100		9.94549e+06		-5.85747		0		0		2.46427e+06		610.594		
00:00:59:000		1.60397e+06		319.783		133.757		0		3		263.668			00:00:59:000		9.95816e+06		-5.85822		0		0		2.46794e+06		611.104		
00:00:58:899		1.60398e+06		319.783		133.734		0		3		263.716			00:00:58:899		9.97089e+06		-5.85902		0		0		2.47227e+06		611.987		
00:00:58:750		1.604e+06		319.329		133.734		0		3		263.789			00:00:58:750		9.99008e+06		-5.86021		0		0		2.48194e+06		615.039		
00:00:58:600		1.60401e+06		319.329		133.711		0		3		263.866			00:00:58:600		1.00093e+07		-5.86129		0		0		2.48919e+06		616.756		
00:00:58:500		1.60402e+06		318.874		133.711		0		3		263.921			00:00:58:500		1.00221e+07		-5.86184		0		0		2.49396e+06		618.355		
00:00:58:500		1.60402e+06		318.874		133.711		0		3		263.921			00:00:58:500		1.00221e+07		-5.86184		0		0		2.49396e+06		618.355		
00:00:58:399		1.60403e+06		318.874		133.687		0		3		263.977			00:00:58:399		1.00347e+07		-5.8622		0		0		2.49925e+06		620.654		
00:00:58:299		1.60404e+06		318.874		133.687		0		3		264.031			00:00:58:299		1.00472e+07		-5.86234		0		0		2.50268e+06		620.894		
00:00:58:200		1.60405e+06		318.417		133.663		0		3		264.082			00:00:58:200		1.00597e+07		-5.86221		0		0		2.50325e+06		620.502		
00:00:58:100		1.60405e+06		318.417		133.663		0		3		264.136			00:00:58:100		1.00721e+07		-5.8618		0		0		2.50596e+06		620.992		
00:00:58:000		1.60406e+06		317.957		133.663		0		3		264.193			00:00:58:000		1.00844e+07		-5.86107		0		0		2.5095e+06		621.606		
00:00:57:899		1.60407e+06		317.957		133.638		0		3		264.246			00:00:57:899		1.00967e+07		-5.86001		0		0		2.5132e+06		622.068		
00:00:57:799		1.60408e+06		317.957		133.638		0		3		264.296			00:00:57:799		1.0109e+07		-5.8586		0		0		2.51787e+06		623.232		
00:00:57:700		1.60409e+06		317.494		133.613		0		3		264.347			00:00:57:700		1.01212e+07		-5.85683		0		0		2.52491e+06		625.734		
00:00:57:549		1.6041e+06		317.494		133.613		0		3		264.427			00:00:57:549		1.01394e+07		-5.85356		0		0		2.53307e+06		628.019		
00:00:57:450		1.60411e+06		317.029		133.588		0		3		264.483			00:00:57:450		1.01515e+07		-5.851		0		0		2.53715e+06		629.199		
00:00:57:350		1.60412e+06		317.029		133.588		0		3		264.54			00:00:57:350		1.01635e+07		-5.8482		0		0		2.54083e+06		630.567		
00:00:57:250		1.60413e+06		316.561		133.588		0		3		264.599			00:00:57:250		1.01753e+07		-5.84521		0		0		2.54446e+06		632.066		
00:00:57:250		1.60413e+06		316.561		133.588		0		3		264.599			00:00:57:250		1.01753e+07		-5.84521		0		0		2.54446e+06		632.066		
00:00:57:149		1.60414e+06		316.561		133.563		0		3		264.655			00:00:57:149		1.01872e+07		-5.84213		0		0		2.54572e+06		631.129		
00:00:57:049		1.60415e+06		316.561		133.563		0		3		264.708			00:00:57:049		1.0199e+07		-5.83903		0		0		2.54563e+06		630.594		
00:00:56:950		1.60416e+06		316.092		133.537		0		3		264.761			00:00:56:950		1.02108e+07		-5.83602		0		0		2.54907e+06		631.328		
00:00:56:850		1.60417e+06		316.092		133.537		0		3		264.816			00:00:56:850		1.02226e+07		-5.8332		0		0		2.55322e+06		632.305		
00:00:56:750		1.60418e+06		315.621		133.537		0		3		264.871			00:00:56:750		1.02343e+07		-5.83067		0		0		2.55794e+06		633.338		
00:00:56:549		1.60419e+06		315.621		133.51		0		3		264.979			00:00:56:549		1.02575e+07		-5.82642		0		0		2.56868e+06		636.758		
00:00:56:450		1.6042e+06		315.147		133.484		0		3		265.035			00:00:56:450		1.0269e+07		-5.82424		0		0		2.57389e+06		638.384		
00:00:56:350		1.60421e+06		315.147		133.484		0		3		265.093			00:00:56:350		1.02806e+07		-5.82196		0		0		2.57752e+06		639.272		
00:00:56:350		1.60421e+06		315.147		133.484		0		3		265.093			00:00:56:350		1.02806e+07		-5.82196		0		0		2.57752e+06		639.272		
00:00:56:200		1.60423e+06		314.671		133.457		0		3		265.182			00:00:56:200		1.02978e+07		-5.81839		0		0		2.58161e+06		640.566		
00:00:56:149		1.60423e+06		314.671		133.457		0		3		265.212			00:00:56:149		1.03035e+07		-5.81715		0		0		2.58337e+06		641.487		
00:00:56:049		1.60424e+06		314.671		133.457		0		3		265.271			00:00:56:049		1.03148e+07		-5.81463		0		0		2.58632e+06		641.964		
00:00:55:950		1.60425e+06		314.194		133.43		0		3		265.327			00:00:55:950		1.03262e+07		-5.81201		0		0		2.58586e+06		640.436		
00:00:55:799		1.60426e+06		314.194		133.43		0		3		265.407			00:00:55:799		1.03432e+07		-5.80794		0		0		2.5895e+06		641.129		
00:00:55:750		1.60427e+06		313.713		133.43		0		3		265.435			00:00:55:750		1.03489e+07		-5.80654		0		0		2.59178e+06		641.674		
00:00:55:549		1.60428e+06		313.713		133.404		0		3		265.548			00:00:55:549		1.03714e+07		-5.80074		0		0		2.60219e+06		644.473		
00:00:55:549		1.60428e+06		313.713		133.404		0		3		265.548			00:00:55:549		1.03714e+07		-5.80074		0		0		2.60219e+06		644.473		
00:00:55:450		1.60429e+06		313.231		133.378		0		3		265.604			00:00:55:450		1.03826e+07		-5.79773		0		0		2.60768e+06		646.333		
00:00:55:350		1.6043e+06		313.231		133.378		0		3		265.662			00:00:55:350		1.03938e+07		-5.79464		0		0		2.61287e+06		648.056		
00:00:55:250		1.60431e+06		312.745		133.378		0		3		265.721			00:00:55:250		1.04048e+07		-5.79146		0		0		2.61643e+06		648.794		
00:00:55:149		1.60432e+06		312.745		133.352		0		3		265.782			00:00:55:149		1.04159e+07		-5.78822		0		0		2.61909e+06		649.525		
00:00:55:049		1.60433e+06		312.745		133.352		0		3		265.843			00:00:55:049		1.04268e+07		-5.7849		0		0		2.62252e+06		651.245		
00:00:54:899		1.60434e+06		312.259		133.326		0		3		265.933			00:00:54:899		1.04432e+07		-5.77978		0		0		2.6253e+06		650.874		
00:00:54:799		1.60435e+06		312.259		133.326		0		3		265.99			00:00:54:799		1.04541e+07		-5.77627		0		0		2.625e+06		649.739		
00:00:54:700		1.60436e+06		311.77		133.3		0		3		266.044			00:00:54:700		1.0465e+07		-5.7727		0		0		2.62797e+06		650.613		
00:00:54:600		1.60437e+06		311.77		133.3		0		3		266.102			00:00:54:600		1.04759e+07		-5.76906		0		0		2.63325e+06		652.044		
00:00:54:500		1.60438e+06		311.277		133.3		0		3		266.16			00:00:54:500		1.04868e+07		-5.76536		0		0		2.63868e+06		653.539		
00:00:54:399		1.60439e+06		311.277		133.274		0		3		266.218			00:00:54:399		1.04977e+07		-5.7616		0		0		2.64393e+06		655.18		
00:00:54:299		1.6044e+06		311.277		133.274		0		3		266.277			00:00:54:299		1.05085e+07		-5.75777		0		0		2.64896e+06		656.855		
00:00:54:200		1.60441e+06		310.783		133.249		0		3		266.339			00:00:54:200		1.05192e+07		-5.75388		0		0		2.65288e+06		657.754		
00:00:54:100		1.60441e+06		310.783		133.249		0		3		266.401			00:00:54:100		1.05299e+07		-5.74994		0		0		2.65578e+06		658.619		
00:00:54:000		1.60442e+06		310.287		133.249		0		3		266.463			00:00:54:000		1.05405e+07		-5.74592		0		0		2.65941e+06		660.373		
00:00:53:899		1.60443e+06		310.287		133.224		0		3		266.525			00:00:53:899		1.05511e+07		-5.74185		0		0		2.66204e+06		660.712		
00:00:53:799		1.60444e+06		310.287		133.224		0		3		266.585			00:00:53:799		1.05617e+07		-5.73771		0		0		2.66187e+06		659.353		
00:00:53:700		1.60445e+06		309.79		133.199		0		3		266.644			00:00:53:700		1.05723e+07		-5.73351		0		0		2.66239e+06		658.812		
00:00:53:600		1.60446e+06		309.79		133.199		0		3		266.701			00:00:53:600		1.05829e+07		-5.72924		0		0		2.66725e+06		660.455		
00:00:53:500		1.60447e+06		309.29		133.199		0		3		266.76			00:00:53:500		1.05934e+07		-5.72492		0		0		2.67301e+06		662.088		
00:00:53:399		1.60448e+06		309.29		133.175		0		3		266.82			00:00:53:399		1.06039e+07		-5.72054		0		0		2.67808e+06		663.456		
00:00:53:250		1.60449e+06		308.788		133.175		0		3		266.911			00:00:53:250		1.06195e+07		-5.71386		0		0		2.6853e+06		665.812		
00:00:53:149		1.6045e+06		308.788		133.151		0		3		266.973			00:00:53:149		1.06299e+07		-5.70933		0		0		2.68904e+06		666.691		
00:00:53:149		1.6045e+06		308.788		133.151		0		3		266.973			00:00:53:149		1.06299e+07		-5.70933		0		0		2.68904e+06		666.691		
00:00:53:000		1.60451e+06		308.283		133.151		0		3		267.067			00:00:53:000		1.06454e+07		-5.70242		0		0		2.69422e+06		668.836		
00:00:52:899		1.60452e+06		308.283		133.127		0		3		267.129			00:00:52:899		1.06557e+07		-5.69774		0		0		2.69655e+06		669.137		
00:00:52:799		1.60453e+06		308.283		133.127		0		3		267.191			00:00:52:799		1.0666e+07		-5.69299		0		0		2.697e+06		668.044		
00:00:52:700		1.60454e+06		307.777		133.104		0		3		267.25			00:00:52:700		1.06763e+07		-5.68818		0		0		2.69746e+06		667.376		
00:00:52:600		1.60455e+06		307.777		133.104		0		3		267.309			00:00:52:600		1.06865e+07		-5.68331		0		0		2.70237e+06		669.27		
00:00:52:500		1.60456e+06		307.268		133.104		0		3		267.369			00:00:52:500		1.06967e+07		-5.67837		0		0		2.70833e+06		670.86		
00:00:52:399		1.60457e+06		307.268		133.081		0		3		267.43			00:00:52:399		1.07068e+07		-5.67337		0		0		2.71313e+06		672.078		
00:00:52:299		1.60458e+06		307.268		133.081		0		3		267.492			00:00:52:299		1.07168e+07		-5.66832		0		0		2.718e+06		673.814		
00:00:52:200		1.60459e+06		306.759		133.058		0		3		267.555			00:00:52:200		1.07268e+07		-5.6632		0		0		2.72237e+06		674.949		
00:00:52:049		1.6046e+06		306.759		133.058		0		3		267.65			00:00:52:049		1.07417e+07		-5.65542		0		0		2.72752e+06		676.835		
00:00:51:950		1.60461e+06		306.248		133.036		0		3		267.712			00:00:51:950		1.07516e+07		-5.65015		0		0		2.73002e+06		677.398		
00:00:51:950		1.60461e+06		306.248		133.036		0		3		267.712			00:00:51:950		1.07516e+07		-5.65015		0		0		2.73002e+06		677.398		
00:00:51:850		1.60462e+06		306.248		133.036		0		3		267.774			00:00:51:850		1.07614e+07		-5.64482		0		0		2.73131e+06		676.783		
00:00:51:750		1.60463e+06		305.734		133.036		0		3		267.835			00:00:51:750		1.07713e+07		-5.63943		0		0		2.73171e+06		675.957		
00:00:51:549		1.60464e+06		305.734		133.015		0		3		267.955			00:00:51:549		1.07908e+07		-5.62844		0		0		2.74194e+06		679.196		
00:00:51:450		1.60465e+06		305.216		132.994		0		3		268.017			00:00:51:450		1.08006e+07		-5.62285		0		0		2.74634e+06		680.204		
00:00:51:450		1.60465e+06		305.216		132.994		0		3		268.017			00:00:51:450		1.08006e+07		-5.62285		0		0		2.74634e+06		680.204		
00:00:51:250		1.60467e+06		304.697		132.994		0		3		268.142			00:00:51:250		1.08201e+07		-5.61147		0		0		2.75579e+06		683.148		
00:00:51:250		1.60467e+06		304.697		132.994		0		3		268.142			00:00:51:250		1.08201e+07		-5.61147		0		0		2.75579e+06		683.148		
00:00:51:149		1.60468e+06		304.697		132.973		0		3		268.205			00:00:51:149		1.08298e+07		-5.60569		0		0		2.75928e+06		684.309		
00:00:50:950		1.6047e+06		304.176		132.954		0		3		268.329			00:00:50:950		1.08492e+07		-5.59393		0		0		2.76508e+06		686.031		
00:00:50:950		1.6047e+06		304.176		132.954		0		3		268.329			00:00:50:950		1.08492e+07		-5.59393		0		0		2.76508e+06		686.031		
00:00:50:850		1.60471e+06		304.176		132.954		0		3		268.39			00:00:50:850		1.08589e+07		-5.58795		0		0		2.767e+06		685.463		
00:00:50:700		1.60472e+06		303.653		132.934		0		3		268.481			00:00:50:700		1.08734e+07		-5.57885		0		0		2.77e+06		686.009		
00:00:50:500		1.60474e+06		303.128		132.934		0		3		268.603			00:00:50:500		1.0893e+07		-5.56646		0		0		2.77948e+06		688.309		
00:00:50:399		1.60475e+06		303.128		132.916		0		3		268.665			00:00:50:399		1.09028e+07		-5.56016		0		0		2.78393e+06		689.787		
00:00:50:399		1.60475e+06		303.128		132.916		0		3		268.665			00:00:50:399		1.09028e+07		-5.56016		0		0		2.78393e+06		689.787		
00:00:50:299		1.60476e+06		303.128		132.916		0		3		268.727			00:00:50:299		1.09126e+07		-5.55377		0		0		2.78896e+06		691.244		
00:00:50:200		1.60477e+06		302.6		132.898		0		3		268.79			00:00:50:200		1.09224e+07		-5.54731		0		0		2.7927e+06		692.219		
00:00:50:100		1.60477e+06		302.6		132.898		0		3		268.852			00:00:50:100		1.09323e+07		-5.54077		0		0		2.79662e+06		693.705		
00:00:50:000		1.60478e+06		302.071		132.898		0		3		268.914			00:00:50:000		1.09422e+07		-5.53415		0		0		2.79969e+06		694.225		
00:00:49:899		1.60479e+06		302.071		132.88		0		3		268.975			00:00:49:899		1.09522e+07		-5.52745		0		0		2.80214e+06		695.108		
00:00:49:799		1.6048e+06		302.071		132.88		0		3		269.036			00:00:49:799		1.09621e+07		-5.52068		0		0		2.80348e+06		694.108		
00:00:49:700		1.60481e+06		301.539		132.864		0		3		269.097			00:00:49:700		1.0972e+07		-5.51384		0		0		2.80555e+06		694.615		
00:00:49:600		1.60482e+06		301.539		132.864		0		3		269.159			00:00:49:600		1.09818e+07		-5.50693		0		0		2.81048e+06		696.185		
00:00:49:500		1.60483e+06		301.005		132.864		0		3		269.22			00:00:49:500		1.09917e+07		-5.49994		0		0		2.81501e+06		697.016		
00:00:49:399		1.60484e+06		301.005		132.848		0		3		269.282			00:00:49:399		1.10015e+07		-5.49287		0		0		2.81949e+06		698.481		
00:00:49:299		1.60485e+06		301.005		132.848		0		3		269.344			00:00:49:299		1.10112e+07		-5.48572		0		0		2.82452e+06		699.874		
00:00:49:200		1.60486e+06		300.468		132.833		0		3		269.407			00:00:49:200		1.10209e+07		-5.47847		0		0		2.8283e+06		700.806		
00:00:49:100		1.60486e+06		300.468		132.833		0		3		269.47			00:00:49:100		1.10306e+07		-5.47114		0		0		2.8324e+06		702.364		
00:00:49:000		1.60487e+06		299.93		132.833		0		3		269.532			00:00:49:000		1.10402e+07		-5.46373		0		0		2.83593e+06		703.07		
00:00:48:899		1.60488e+06		299.93		132.819		0		3		269.592			00:00:48:899		1.10498e+07		-5.45624		0		0		2.83842e+06		704.019		
00:00:48:799		1.60489e+06		299.93		132.819		0		3		269.654			00:00:48:799		1.10594e+07		-5.44868		0		0		2.8405e+06		703.37		
00:00:48:700		1.6049e+06		299.389		132.806		0		3		269.716			00:00:48:700		1.10689e+07		-5.44105		0		0		2.84185e+06		703.406		
00:00:48:600		1.60491e+06		299.389		132.806		0		3		269.778			00:00:48:600		1.10784e+07		-5.43333		0		0		2.84644e+06		704.952		
00:00:48:500		1.60492e+06		298.845		132.795		0		3		269.871			00:00:48:500		1.10926e+07		-5.42163		0		0		2.85346e+06		706.501		
00:00:48:350		1.60493e+06		298.845		132.795		0		3		269.933			00:00:48:350		1.11021e+07		-5.41375		0		0		2.85844e+06		708.182		
00:00:48:250		1.60494e+06		298.299		132.795		0		3		269.995			00:00:48:250		1.11115e+07		-5.4058		0		0		2.86291e+06		709.123		
00:00:48:149		1.60495e+06		298.299		132.784		0		3		270.058			00:00:48:149		1.11209e+07		-5.3978		0		0		2.8667e+06		710.349		
00:00:48:149		1.60495e+06		298.299		132.784		0		3		270.058			00:00:48:149		1.11209e+07		-5.3978		0		0		2.8667e+06		710.349		
00:00:48:049		1.60496e+06		298.299		132.784		0		3		270.12			00:00:48:049		1.11303e+07		-5.38977		0		0		2.87094e+06		711.694		
00:00:47:950		1.60497e+06		297.751		132.774		0		3		270.182			00:00:47:950		1.11397e+07		-5.3817		0		0		2.87399e+06		712.45		
00:00:47:850		1.60498e+06		297.751		132.774		0		3		270.242			00:00:47:850		1.11491e+07		-5.37361		0		0		2.87694e+06		713.285		
00:00:47:649		1.605e+06		297.201		132.766		0		3		270.365			00:00:47:649		1.11677e+07		-5.35739		0		0		2.88085e+06		713.007		
00:00:47:649		1.605e+06		297.201		132.766		0		3		270.365			00:00:47:649		1.11677e+07		-5.35739		0		0		2.88085e+06		713.007		
00:00:47:450		1.60501e+06		296.648		132.758		0		3		270.488			00:00:47:450		1.11862e+07		-5.34113		0		0		2.89044e+06		715.451		
00:00:47:450		1.60501e+06		296.648		132.758		0		3		270.488			00:00:47:450		1.11862e+07		-5.34113		0		0		2.89044e+06		715.451		
00:00:47:350		1.60502e+06		296.648		132.758		0		3		270.548			00:00:47:350		1.11954e+07		-5.33298		0		0		2.89533e+06		717.145		
00:00:47:250		1.60503e+06		296.095		132.758		0		3		270.609			00:00:47:250		1.12045e+07		-5.32481		0		0		2.90003e+06		718.132		
00:00:47:049		1.60505e+06		296.095		132.752		0		3		270.731			00:00:47:049		1.12228e+07		-5.3084		0		0		2.90818e+06		720.463		
00:00:47:049		1.60505e+06		296.095		132.752		0		3		270.731			00:00:47:049		1.12228e+07		-5.3084		0		0		2.90818e+06		720.463		
00:00:46:950		1.60506e+06		295.538		132.748		0		3		270.792			00:00:46:950		1.12319e+07		-5.30015		0		0		2.91179e+06		721.685		
00:00:46:850		1.60507e+06		295.538		132.748		0		3		270.851			00:00:46:850		1.12407e+07		-5.29187		0		0		2.91565e+06		722.972		
00:00:46:750		1.60508e+06		294.979		132.748		0		3		270.91			00:00:46:750		1.12497e+07		-5.28355		0		0		2.91752e+06		722.73		
00:00:46:549		1.60509e+06		294.979		132.744		0		3		271.03			00:00:46:549		1.12677e+07		-5.26678		0		0		2.92248e+06		723.422		
00:00:46:450		1.6051e+06		294.417		132.742		0		3		271.09			00:00:46:450		1.12767e+07		-5.25834		0		0		2.92752e+06		724.639		
00:00:46:350		1.60511e+06		294.417		132.742		0		3		271.15			00:00:46:350		1.12856e+07		-5.24986		0		0		2.9319e+06		726.024		
00:00:46:350		1.60511e+06		294.417		132.742		0		3		271.15			00:00:46:350		1.12856e+07		-5.24986		0		0		2.9319e+06		726.024		
00:00:46:250		1.60512e+06		293.852		132.742		0		3		271.209			00:00:46:250		1.12945e+07		-5.24134		0		0		2.93685e+06		727.437		
00:00:46:149		1.60513e+06		293.852		132.742		0		3		271.299			00:00:46:149		1.13079e+07		-5.22848		0		0		2.94225e+06		728.455		
00:00:46:000		1.60514e+06		293.285		132.742		0		3		271.357			00:00:46:000		1.13168e+07		-5.21985		0		0		2.94515e+06		728.6		
00:00:45:950		1.60515e+06		293.285		132.743		0		3		271.387			00:00:45:950		1.13213e+07		-5.21552		0		0		2.94698e+06		729.089		
00:00:45:850		1.60516e+06		293.285		132.743		0		3		271.445			00:00:45:850		1.13302e+07		-5.20683		0		0		2.9524e+06		731.571		
00:00:45:750		1.60517e+06		292.715		132.743		0		3		271.504			00:00:45:750		1.1339e+07		-5.19808		0		0		2.95856e+06		734.138		
00:00:45:549		1.60518e+06		292.715		132.746		0		3		271.621			00:00:45:549		1.13568e+07		-5.18046		0		0		2.96043e+06		732.442		
00:00:45:450		1.60519e+06		292.145		132.751		0		3		271.68			00:00:45:450		1.13656e+07		-5.17157		0		0		2.9637e+06		733.432		
00:00:45:450		1.60519e+06		292.145		132.751		0		3		271.68			00:00:45:450		1.13656e+07		-5.17157		0		0		2.9637e+06		733.432		
00:00:45:350		1.6052e+06		292.145		132.751		0		3		271.74			00:00:45:350		1.13744e+07		-5.16265		0		0		2.96878e+06		734.847		
00:00:45:250		1.60521e+06		291.57		132.751		0		3		271.8			00:00:45:250		1.13832e+07		-5.15368		0		0		2.97326e+06		736.21		
00:00:45:149		1.60522e+06		291.57		132.757		0		3		271.86			00:00:45:149		1.13919e+07		-5.1447		0		0		2.97836e+06		737.978		
00:00:45:000		1.60523e+06		290.994		132.757		0		3		271.951			00:00:45:000		1.1405e+07		-5.13118		0		0		2.98291e+06		738.408		
00:00:44:899		1.60524e+06		290.994		132.765		0		3		272.011			00:00:44:899		1.14136e+07		-5.12213		0		0		2.98501e+06		738.423		
00:00:44:799		1.60525e+06		290.994		132.765		0		3		272.07			00:00:44:799		1.14223e+07		-5.11307		0		0		2.98966e+06		740.648		
00:00:44:700		1.60526e+06		290.416		132.775		0		3		272.131			00:00:44:700		1.14309e+07		-5.104		0		0		2.99552e+06		742.996		
00:00:44:500		1.60528e+06		289.836		132.775		0		3		272.259			00:00:44:500		1.14481e+07		-5.08585		0		0		2.999e+06		743.531		
00:00:44:399		1.60529e+06		289.836		132.787		0		3		272.325			00:00:44:399		1.14566e+07		-5.07678		0		0		3.00136e+06		743.693		
00:00:44:399		1.60529e+06		289.836		132.787		0		3		272.325			00:00:44:399		1.14566e+07		-5.07678		0		0		3.00136e+06		743.693		
00:00:44:299		1.6053e+06		289.836		132.787		0		3		272.389			00:00:44:299		1.14651e+07		-5.06769		0		0		3.00128e+06		742.172		
00:00:44:200		1.60531e+06		289.252		132.8		0		3		272.448			00:00:44:200		1.14736e+07		-5.0586		0		0		3.00294e+06		741.477		
00:00:44:100		1.60531e+06		289.252		132.8		0		3		272.505			00:00:44:100		1.14822e+07		-5.04949		0		0		3.00781e+06		742.792		
00:00:44:000		1.60532e+06		288.665		132.8		0		3		272.561			00:00:44:000		1.14909e+07		-5.04037		0		0		3.0165e+06		745.607		
00:00:43:899		1.60533e+06		288.665		132.815		0		3		272.618			00:00:43:899		1.14995e+07		-5.03123		0		0		3.02412e+06		747.456		
00:00:43:799		1.60534e+06		288.665		132.815		0		3		272.673			00:00:43:799		1.15081e+07		-5.02208		0		0		3.03055e+06		748.93		
00:00:43:700		1.60535e+06		288.074		132.832		0		3		272.731			00:00:43:700		1.15166e+07		-5.01291		0		0		3.03726e+06		751.053		
00:00:43:600		1.60536e+06		288.074		132.832		0		3		272.792			00:00:43:600		1.15251e+07		-5.00371		0		0		3.04494e+06		754.692		
00:00:43:500		1.60537e+06		287.48		132.832		0		3		272.855			00:00:43:500		1.15336e+07		-4.99447		0		0		3.05137e+06		756.549		
00:00:43:399		1.60538e+06		287.48		132.851		0		3		272.918			00:00:43:399		1.15422e+07		-4.9852		0		0		3.05147e+06		755.098		
00:00:43:299		1.60539e+06		287.48		132.851		0		3		272.984			00:00:43:299		1.15508e+07		-4.97589		0		0		3.05362e+06		756.509		
00:00:43:200		1.6054e+06		286.885		132.872		0		3		273.05			00:00:43:200		1.15594e+07		-4.96655		0		0		3.05763e+06		757.325		
00:00:43:049		1.60541e+06		286.885		132.872		0		3		273.146			00:00:43:049		1.15724e+07		-4.9525		0		0		3.05925e+06		755.854		
00:00:43:049		1.60541e+06		286.885		132.872		0		3		273.146			00:00:43:049		1.15724e+07		-4.9525		0		0		3.05925e+06		755.854		
00:00:42:899		1.60542e+06		286.288		132.896		0		3		273.236			00:00:42:899		1.15853e+07		-4.93838		0		0		3.06626e+06		757.601		
00:00:42:799		1.60543e+06		286.288		132.896		0		3		273.293			00:00:42:799		1.15939e+07		-4.92896		0		0		3.07411e+06		759.654		
00:00:42:700		1.60544e+06		285.689		132.922		0		3		273.35			00:00:42:700		1.16024e+07		-4.91952		0		0		3.08069e+06		761.248		
00:00:42:600		1.60545e+06		285.689		132.922		0		3		273.41			00:00:42:600		1.16109e+07		-4.91006		0		0		3.08763e+06		763.582		
00:00:42:450		1.60546e+06		285.087		132.95		0		3		273.505			00:00:42:450		1.16235e+07		-4.89579		0		0		3.09862e+06		768.128		
00:00:42:350		1.60547e+06		285.087		132.95		0		3		273.571			00:00:42:350		1.1632e+07		-4.88622		0		0		3.10131e+06		767.655		
00:00:42:350		1.60547e+06		285.087		132.95		0		3		273.571			00:00:42:350		1.1632e+07		-4.88622		0		0		3.10131e+06		767.655		
00:00:42:250		1.60548e+06		284.48		132.95		0		3		273.638			00:00:42:250		1.16406e+07		-4.87661		0		0		3.10292e+06		768.595		
00:00:42:149		1.60549e+06		284.48		132.978		0		3		273.704			00:00:42:149		1.16492e+07		-4.86697		0		0		3.10514e+06		767.731		
00:00:42:049		1.6055e+06		284.48		132.978		0		3		273.765			00:00:42:049		1.16579e+07		-4.8573		0		0		3.10673e+06		767.709		
00:00:41:950		1.60551e+06		283.871		133.009		0		3		273.828			00:00:41:950		1.16665e+07		-4.84761		0		0		3.11132e+06		768.09		
00:00:41:850		1.60552e+06		283.871		133.009		0		3		273.888			00:00:41:850		1.16751e+07		-4.8379		0		0		3.11708e+06		769.343		
00:00:41:750		1.60553e+06		283.26		133.009		0		3		273.945			00:00:41:750		1.16837e+07		-4.82815		0		0		3.1254e+06		771.893		
00:00:41:649		1.60554e+06		283.26		133.04		0		3		274.004			00:00:41:649		1.16922e+07		-4.81838		0		0		3.13343e+06		773.781		
00:00:41:450		1.60555e+06		282.644		133.074		0		3		274.127			00:00:41:450		1.17094e+07		-4.79877		0		0		3.14969e+06		780.577		
00:00:41:450		1.60555e+06		282.644		133.074		0		3		274.127			00:00:41:450		1.17094e+07		-4.79877		0		0		3.14969e+06		780.577		
00:00:41:350		1.60556e+06		282.644		133.074		0		3		274.191			00:00:41:350		1.1718e+07		-4.78894		0		0		3.15697e+06		782.673		
00:00:41:250		1.60557e+06		282.025		133.074		0		3		274.253			00:00:41:250		1.17265e+07		-4.77909		0		0		3.15593e+06		779.941		
00:00:41:149		1.60558e+06		282.025		133.109		0		3		274.315			00:00:41:149		1.1735e+07		-4.76922		0		0		3.15669e+06		780.158		
00:00:41:049		1.60559e+06		282.025		133.109		0		3		274.377			00:00:41:049		1.17435e+07		-4.75934		0		0		3.16209e+06		781.624		
00:00:40:950		1.6056e+06		281.404		133.145		0		3		274.441			00:00:40:950		1.1752e+07		-4.74944		0		0		3.1682e+06		783.718		
00:00:40:850		1.60561e+06		281.404		133.145		0		3		274.505			00:00:40:850		1.17604e+07		-4.73953		0		0		3.17344e+06		785.119		
00:00:40:750		1.60562e+06		280.779		133.145		0		3		274.569			00:00:40:750		1.17688e+07		-4.72959		0		0		3.17832e+06		786.523		
00:00:40:549		1.60563e+06		280.779		133.183		0		3		274.696			00:00:40:549		1.17856e+07		-4.70966		0		0		3.18473e+06		787.616		
00:00:40:450		1.60564e+06		280.152		133.223		0		3		274.759			00:00:40:450		1.1794e+07		-4.69967		0		0		3.1921e+06		791.514		
00:00:40:350		1.60565e+06		280.152		133.223		0		3		274.823			00:00:40:350		1.18024e+07		-4.68966		0		0		3.19642e+06		791.586		
00:00:40:350		1.60565e+06		280.152		133.223		0		3		274.823			00:00:40:350		1.18024e+07		-4.68966		0		0		3.19642e+06		791.586		
00:00:40:250		1.60566e+06		279.521		133.223		0		3		274.884			00:00:40:250		1.18109e+07		-4.67964		0		0		3.19393e+06		788.904		
00:00:40:149		1.60567e+06		279.521		133.265		0		3		274.94			00:00:40:149		1.18193e+07		-4.66961		0		0		3.19609e+06		789.206		
00:00:40:049		1.60568e+06		279.521		133.265		0		3		274.995			00:00:40:049		1.18278e+07		-4.65956		0		0		3.20141e+06		790.067		
00:00:39:950		1.60569e+06		278.888		133.307		0		3		275.05			00:00:39:950		1.18363e+07		-4.64951		0		0		3.20789e+06		791.241		
00:00:39:850		1.6057e+06		278.888		133.307		0		3		275.106			00:00:39:850		1.18447e+07		-4.63948		0		0		3.21568e+06		793.187		
00:00:39:750		1.60571e+06		278.252		133.307		0		3		275.162			00:00:39:750		1.1853e+07		-4.62942		0		0		3.22489e+06		796.064		
00:00:39:600		1.60572e+06		278.252		133.351		0		3		275.251			00:00:39:600		1.18653e+07		-4.61429		0		0		3.23883e+06		801.656		
00:00:39:399		1.60574e+06		277.612		133.395		0		3		275.371			00:00:39:399		1.18817e+07		-4.59403		0		0		3.24799e+06		802.83		
00:00:39:399		1.60574e+06		277.612		133.395		0		3		275.371			00:00:39:399		1.18817e+07		-4.59403		0		0		3.24799e+06		802.83		
00:00:39:299		1.60575e+06		277.612		133.395		0		3		275.429			00:00:39:299		1.18899e+07		-4.58384		0		0		3.24741e+06		801.98		
00:00:39:200		1.60576e+06		276.97		133.441		0		2.99979		275.488			00:00:39:200		1.1898e+07		-4.57363		0		0		3.25206e+06		803.594		
00:00:39:100		1.60576e+06		276.97		133.441		0		2.99979		275.547			00:00:39:100		1.19061e+07		-4.56338		0		0		3.2583e+06		805.488		
00:00:39:000		1.60577e+06		276.324		133.441		0		2.99979		275.608			00:00:39:000		1.19142e+07		-4.5531		0		0		3.26357e+06		806.601		
00:00:38:899		1.60578e+06		276.324		133.487		0		2.98351		275.669			00:00:38:899		1.19222e+07		-4.5428		0		0		3.26846e+06		807.9		
00:00:38:799		1.60579e+06		276.324		133.487		0		2.98351		275.73			00:00:38:799		1.19303e+07		-4.53246		0		0		3.27281e+06		808.658		
00:00:38:700		1.6058e+06		275.676		133.535		0		2.96721		275.791			00:00:38:700		1.19383e+07		-4.5221		0		0		3.27882e+06		812.426		
00:00:38:500		1.60582e+06		275.024		133.535		0		2.96721		275.917			00:00:38:500		1.19543e+07		-4.50136		0		0		3.2832e+06		811.649		
00:00:38:399		1.60583e+06		275.024		133.583		0		2.95088		275.977			00:00:38:399		1.19623e+07		-4.49097		0		0		3.28073e+06		809.547		
00:00:38:399		1.60583e+06		275.024		133.583		0		2.95088		275.977			00:00:38:399		1.19623e+07		-4.49097		0		0		3.28073e+06		809.547		
00:00:38:299		1.60584e+06		275.024		133.583		0		2.95088		276.033			00:00:38:299		1.19703e+07		-4.48058		0		0		3.28428e+06		810.618		
00:00:38:200		1.60585e+06		274.369		133.632		0		2.93449		276.088			00:00:38:200		1.19784e+07		-4.47018		0		0		3.29115e+06		811.955		
00:00:38:100		1.60585e+06		274.369		133.632		0		2.93449		276.145			00:00:38:100		1.19864e+07		-4.45978		0		0		3.29754e+06		812.927		
00:00:38:000		1.60586e+06		273.71		133.632		0		2.93449		276.202			00:00:38:000		1.19945e+07		-4.44938		0		0		3.30537e+06		815.218		
00:00:37:950		1.60587e+06		273.71		133.682		0		2.91805		276.231			00:00:37:950		1.19985e+07		-4.44418		0		0		3.31016e+06		816.862		
00:00:37:799		1.60588e+06		273.71		133.682		0		2.91805		276.322			00:00:37:799		1.20106e+07		-4.42857		0		0		3.32417e+06		822.556		
00:00:37:700		1.60589e+06		273.047		133.733		0		2.90159		276.386			00:00:37:700		1.20186e+07		-4.41815		0		0		3.3325e+06		826.463		
00:00:37:500		1.60591e+06		272.383		133.733		0		2.90159		276.512			00:00:37:500		1.20347e+07		-4.39728		0		0		3.33029e+06		821.985		
00:00:37:399		1.60592e+06		272.383		133.785		0		2.88509		276.571			00:00:37:399		1.20428e+07		-4.38682		0		0		3.33146e+06		821.578		
00:00:37:399		1.60592e+06		272.383		133.785		0		2.88509		276.571			00:00:37:399		1.20428e+07		-4.38682		0		0		3.33146e+06		821.578		
00:00:37:299		1.60593e+06		272.383		133.785		0		2.88509		276.624			00:00:37:299		1.20509e+07		-4.37633		0		0		3.33803e+06		823.202		
00:00:37:200		1.60594e+06		271.714		133.837		0		2.86852		276.68			00:00:37:200		1.2059e+07		-4.36583		0		0		3.34509e+06		824.368		
00:00:37:100		1.60594e+06		271.714		133.837		0		2.86852		276.737			00:00:37:100		1.20671e+07		-4.35531		0		0		3.35297e+06		826.474		
00:00:37:000		1.60595e+06		271.041		133.837		0		2.86852		276.797			00:00:37:000		1.20751e+07		-4.34478		0		0		3.36294e+06		829.977		
00:00:36:899		1.60596e+06		271.041		133.89		0		2.85191		276.859			00:00:36:899		1.20832e+07		-4.33423		0		0		3.3725e+06		833.906		
00:00:36:799		1.60597e+06		271.041		133.89		0		2.85191		276.923			00:00:36:799		1.20913e+07		-4.32366		0		0		3.38116e+06		838.373		
00:00:36:700		1.60598e+06		270.364		133.945		0		2.83528		276.987			00:00:36:700		1.20994e+07		-4.31307		0		0		3.38295e+06		836.675		
00:00:36:600		1.60599e+06		270.364		133.945		0		2.83528		277.05			00:00:36:600		1.21075e+07		-4.30246		0		11.5769		3.3799e+06		834.251		
00:00:36:500		1.606e+06		269.685		133.945		0		2.83528		277.108			00:00:36:500		1.21156e+07		-4.29184		0		0		3.38039e+06		833.119		
00:00:36:350		1.60601e+06		269.685		134		0		2.8186		277.189			00:00:36:350		1.21277e+07		-4.27591		0		0		3.39032e+06		835.426		
00:00:36:299		1.60602e+06		269.685		134		0		2.8186		277.217			00:00:36:299		1.21317e+07		-4.27061		0		0		3.39403e+06		836.06		
00:00:36:200		1.60603e+06		269		134.055		0		2.80184		277.274			00:00:36:200		1.21397e+07		-4.26003		0		0		3.4022e+06		838.173		
00:00:36:100		1.60603e+06		269		134.055		0		2.80184		277.334			00:00:36:100		1.21477e+07		-4.24948		0		0		3.41249e+06		841.847		
00:00:36:000		1.60604e+06		268.313		134.055		0		2.80184		277.398			00:00:36:000		1.21556e+07		-4.23897		0		0		3.4231e+06		846.815		
00:00:35:899		1.60606e+06		268.313		134.112		0		2.78507		277.494			00:00:35:899		1.21674e+07		-4.22325		0		0		3.43274e+06		849.247		
00:00:35:750		1.60607e+06		267.622		134.112		0		2.78507		277.558			00:00:35:750		1.21753e+07		-4.21279		0		0		3.43007e+06		846.975		
00:00:35:649		1.60608e+06		267.622		134.17		0		2.76826		277.617			00:00:35:649		1.21832e+07		-4.20233		0		0		3.43016e+06		845.211		
00:00:35:649		1.60608e+06		267.622		134.17		0		2.76826		277.617			00:00:35:649		1.21832e+07		-4.20233		0		0		3.43016e+06		845.211		
00:00:35:450		1.60609e+06		266.927		134.229		0		2.75138		277.726			00:00:35:450		1.21991e+07		-4.18134		0		11.4815		3.44224e+06		847.765		
00:00:35:350		1.6061e+06		266.927		134.229		0		2.75138		277.784			00:00:35:350		1.2207e+07		-4.17079		0		0		3.45041e+06		849.636		
00:00:35:350		1.6061e+06		266.927		134.229		0		2.75138		277.784			00:00:35:350		1.2207e+07		-4.17079		0		0		3.45041e+06		849.636		
00:00:35:250		1.60611e+06		266.229		134.229		0		2.75138		277.844			00:00:35:250		1.22149e+07		-4.16019		0		0		3.46062e+06		853.441		
00:00:35:149		1.60612e+06		266.229		134.288		0		2.73445		277.907			00:00:35:149		1.22228e+07		-4.14951		0		0		3.472e+06		858.972		
00:00:35:049		1.60613e+06		266.229		134.288		0		2.73445		277.971			00:00:35:049		1.22307e+07		-4.13874		0		0		3.4803e+06		861.744		
00:00:34:950		1.60614e+06		265.527		134.349		0		2.71751		278.034			00:00:34:950		1.22386e+07		-4.12787		0		0		3.47923e+06		859.286		
00:00:34:850		1.60615e+06		265.527		134.349		0		2.71751		278.097			00:00:34:850		1.22465e+07		-4.11689		0		0		3.47827e+06		857.661		
00:00:34:750		1.60616e+06		264.822		134.349		0		2.71751		278.155			00:00:34:750		1.22544e+07		-4.10581		0		0		3.48007e+06		857.033		
00:00:34:649		1.60617e+06		264.822		134.41		0		2.7005		278.208			00:00:34:649		1.22623e+07		-4.09466		0		0		3.487e+06		858.813		
00:00:34:450		1.60618e+06		264.111		134.473		0		2.68342		278.325			00:00:34:450		1.22783e+07		-4.07231		0		0		3.50442e+06		863.337		
00:00:34:450		1.60618e+06		264.111		134.473		0		2.68342		278.325			00:00:34:450		1.22783e+07		-4.07231		0		0		3.50442e+06		863.337		
00:00:34:250		1.6062e+06		263.398		134.473		0		2.68342		278.452			00:00:34:250		1.22942e+07		-4.05026		0		0		3.52668e+06		873.253		
00:00:34:250		1.6062e+06		263.398		134.473		0		2.68342		278.452			00:00:34:250		1.22942e+07		-4.05026		0		0		3.52668e+06		873.253		
00:00:34:149		1.60621e+06		263.398		134.536		0		2.66634		278.515			00:00:34:149		1.23021e+07		-4.03946		0		0		3.5274e+06		871.204		
00:00:34:049		1.60622e+06		263.398		134.536		0		2.66634		278.578			00:00:34:049		1.23101e+07		-4.02887		0		0		3.52571e+06		869.639		
00:00:33:950		1.60623e+06		262.681		134.601		0		2.6492		278.638			00:00:33:950		1.23181e+07		-4.0185		0		0		3.52713e+06		868.403		
00:00:33:850		1.60624e+06		262.681		134.601		0		2.6492		278.691			00:00:33:850		1.23261e+07		-4.00834		0		0		3.53279e+06		869.912		
00:00:33:649		1.60626e+06		261.96		134.666		0		2.63198		278.808			00:00:33:649		1.23422e+07		-3.98849		0		0		3.55103e+06		874.482		
00:00:33:649		1.60626e+06		261.96		134.666		0		2.63198		278.808			00:00:33:649		1.23422e+07		-3.98849		0		0		3.55103e+06		874.482		
00:00:33:450		1.60627e+06		261.233		134.733		0		2.61476		278.936			00:00:33:450		1.23582e+07		-3.96893		0		0		3.57383e+06		884.564		
00:00:33:450		1.60627e+06		261.233		134.733		0		2.61476		278.936			00:00:33:450		1.23582e+07		-3.96893		0		0		3.57383e+06		884.564		
00:00:33:350		1.60628e+06		261.233		134.733		0		2.61476		278.999			00:00:33:350		1.23662e+07		-3.95912		0		0		3.57404e+06		882.42		
00:00:33:250		1.60629e+06		260.504		134.733		0		2.61476		279.062			00:00:33:250		1.23743e+07		-3.94924		0		0		3.57295e+06		881.109		
00:00:33:149		1.6063e+06		260.504		134.802		0		2.59748		279.122			00:00:33:149		1.23823e+07		-3.93927		0		0		3.57471e+06		879.888		
00:00:32:950		1.60632e+06		259.769		134.871		0		2.58012		279.234			00:00:32:950		1.23984e+07		-3.91902		0		0		3.59002e+06		883.401		
00:00:32:950		1.60632e+06		259.769		134.871		0		2.58012		279.234			00:00:32:950		1.23984e+07		-3.91902		0		0		3.59002e+06		883.401		
00:00:32:850		1.60633e+06		259.769		134.871		0		2.58012		279.293			00:00:32:850		1.24064e+07		-3.90874		0		11.6716		3.60001e+06		886.853		
00:00:32:750		1.60634e+06		259.031		134.871		0		2.58012		279.357			00:00:32:750		1.24145e+07		-3.89835		0		0		3.61243e+06		893.011		
00:00:32:649		1.60635e+06		259.031		134.942		0		2.56275		279.421			00:00:32:649		1.24225e+07		-3.88787		0		0		3.6215e+06		895.768		
00:00:32:450		1.60636e+06		258.289		135.015		0		2.54532		279.546			00:00:32:450		1.24387e+07		-3.86664		0		0		3.62079e+06		892.287		
00:00:32:450		1.60636e+06		258.289		135.015		0		2.54532		279.546			00:00:32:450		1.24387e+07		-3.86664		0		0		3.62079e+06		892.287		
00:00:32:350		1.60637e+06		258.289		135.015		0		2.54532		279.606			00:00:32:350		1.24468e+07		-3.85592		0		13.5152		3.62352e+06		891.6		
00:00:32:250		1.60638e+06		257.542		135.015		0		2.54532		279.659			00:00:32:250		1.24549e+07		-3.84513		0		0		3.63071e+06		893.486		
00:00:32:049		1.6064e+06		257.542		135.088		0		2.52782		279.779			00:00:32:049		1.24711e+07		-3.82339		0		0		3.65144e+06		900.277		
00:00:32:049		1.6064e+06		257.542		135.088		0		2.52782		279.779			00:00:32:049		1.24711e+07		-3.82339		0		0		3.65144e+06		900.277		
00:00:31:949		1.60641e+06		256.79		135.163		0		2.5103		279.843			00:00:31:949		1.24792e+07		-3.81245		0		0		3.66438e+06		906.539		
00:00:31:850		1.60642e+06		256.79		135.163		0		2.5103		279.907			00:00:31:850		1.24872e+07		-3.80145		0		0		3.6702e+06		906.675		
00:00:31:750		1.60643e+06		256.034		135.163		0		2.5103		279.97			00:00:31:750		1.24953e+07		-3.79041		0		0		3.66814e+06		904.66		
00:00:31:649		1.60644e+06		256.034		135.24		0		2.49273		280.031			00:00:31:649		1.25033e+07		-3.77933		0		0		3.66953e+06		903.443		
00:00:31:449		1.60645e+06		255.272		135.317		0		2.47508		280.144			00:00:31:449		1.25197e+07		-3.7571		0		0		3.68231e+06		905.796		
00:00:31:449		1.60645e+06		255.272		135.317		0		2.47508		280.144			00:00:31:449		1.25197e+07		-3.7571		0		0		3.68231e+06		905.796		
00:00:31:300		1.60647e+06		255.272		135.317		0		2.47508		280.234			00:00:31:300		1.2532e+07		-3.74038		0		12.7669		3.69816e+06		911.013		
00:00:31:199		1.60648e+06		254.507		135.397		0		2.4574		280.298			00:00:31:199		1.25401e+07		-3.72922		0		0		3.71129e+06		917.498		
00:00:31:100		1.60648e+06		254.507		135.397		0		2.4574		280.361			00:00:31:100		1.25483e+07		-3.71805		0		0		3.719e+06		918.812		
00:00:31:000		1.60649e+06		253.737		135.397		0		2.4574		280.424			00:00:31:000		1.25564e+07		-3.70685		0		0		3.71756e+06		916.543		
00:00:30:899		1.6065e+06		253.737		135.477		0		2.43968		280.486			00:00:30:899		1.25646e+07		-3.69562		0		0		3.7186e+06		915.424		
00:00:30:800		1.60651e+06		253.737		135.477		0		2.43968		280.545			00:00:30:800		1.25728e+07		-3.68438		0		0		3.72249e+06		915.239		
00:00:30:699		1.60652e+06		252.963		135.559		0		2.42187		280.6			00:00:30:699		1.2581e+07		-3.67311		0		0		3.73095e+06		917.495		
00:00:30:600		1.60653e+06		252.963		135.559		0		2.42187		280.66			00:00:30:600		1.25892e+07		-3.66184		0		0		3.7416e+06		920.402		
00:00:30:399		1.60655e+06		252.183		135.642		0		2.40403		280.787			00:00:30:399		1.26057e+07		-3.63923		0		0		3.76588e+06		930.883		
00:00:30:399		1.60655e+06		252.183		135.642		0		2.40403		280.787			00:00:30:399		1.26057e+07		-3.63923		0		0		3.76588e+06		930.883		
00:00:30:300		1.60656e+06		252.183		135.642		0		2.40403		280.85			00:00:30:300		1.26139e+07		-3.6279		0		0		3.76823e+06		929.31		
00:00:30:199		1.60657e+06		251.399		135.726		0		2.38615		280.914			00:00:30:199		1.26221e+07		-3.61654		0		10.9957		3.7675e+06		927.937		
00:00:30:100		1.60657e+06		251.399		135.726		0		2.38615		280.976			00:00:30:100		1.26303e+07		-3.60515		0		0		3.7705e+06		927.247		
00:00:30:000		1.60658e+06		250.611		135.726		0		2.38615		281.034			00:00:30:000		1.26385e+07		-3.59373		0		0		3.77661e+06		928.314		
00:00:29:899		1.60659e+06		250.611		135.812		0		2.36818		281.09			00:00:29:899		1.26468e+07		-3.58228		0		0		3.78675e+06		930.836		
00:00:29:800		1.6066e+06		250.611		135.812		0		2.36818		281.152			00:00:29:800		1.2655e+07		-3.57082		0		0		3.79815e+06		934.936		
00:00:29:699		1.60661e+06		249.817		135.899		0		2.35018		281.217			00:00:29:699		1.26633e+07		-3.55933		0		0		3.81155e+06		941.328		
00:00:29:600		1.60662e+06		249.817		135.899		0		2.35018		281.282			00:00:29:600		1.26715e+07		-3.54781		0		0		3.82016e+06		943.155		
00:00:29:399		1.60664e+06		249.017		135.987		0		2.33212		281.409			00:00:29:399		1.2688e+07		-3.52471		0		0		3.82107e+06		939.994		
00:00:29:399		1.60664e+06		249.017		135.987		0		2.33212		281.409			00:00:29:399		1.2688e+07		-3.52471		0		0		3.82107e+06		939.994		
00:00:29:300		1.60665e+06		249.017		135.987		0		2.33212		281.471			00:00:29:300		1.26962e+07		-3.51314		0		10.0787		3.82559e+06		939.951		
00:00:29:199		1.60666e+06		248.213		136.077		0		2.31399		281.527			00:00:29:199		1.27045e+07		-3.50155		0		0		3.83445e+06		942.306		
00:00:29:100		1.60666e+06		248.213		136.077		0		2.31399		281.589			00:00:29:100		1.27128e+07		-3.48995		0		10.5275		3.84591e+06		945.783		
00:00:29:000		1.60667e+06		247.403		136.077		0		2.31399		281.653			00:00:29:000		1.27211e+07		-3.47833		0		12.3195		3.859e+06		951.869		
00:00:28:899		1.60668e+06		247.403		136.168		0		2.29582		281.719			00:00:28:899		1.27293e+07		-3.4667		0		0		3.87009e+06		955.503		
00:00:28:800		1.60669e+06		247.403		136.168		0		2.29582		281.784			00:00:28:800		1.27376e+07		-3.45504		0		0		3.87176e+06		953.941		
00:00:28:699		1.6067e+06		246.588		136.26		0		2.2776		281.849			00:00:28:699		1.2746e+07		-3.44336		0		0		3.87269e+06		953.164		
00:00:28:500		1.60672e+06		245.767		136.26		0		2.2776		281.972			00:00:28:500		1.27627e+07		-3.41991		0		10.253		3.88287e+06		953.788		
00:00:28:399		1.60673e+06		245.767		136.354		0		2.25929		282.029			00:00:28:399		1.27711e+07		-3.40816		0		10.3909		3.89352e+06		956.247		
00:00:28:399		1.60673e+06		245.767		136.354		0		2.25929		282.029			00:00:28:399		1.27711e+07		-3.40816		0		10.3909		3.89352e+06		956.247		
00:00:28:300		1.60674e+06		245.767		136.354		0		2.25929		282.091			00:00:28:300		1.27796e+07		-3.39639		0		11.2567		3.90506e+06		959.937		
00:00:28:149		1.60675e+06		244.941		136.449		0		2.24093		282.189			00:00:28:149		1.27922e+07		-3.3787		0		0		3.92553e+06		968.943		
00:00:28:100		1.60675e+06		244.941		136.449		0		2.24093		282.221			00:00:28:100		1.27965e+07		-3.37279		0		0		3.92994e+06		969.536		
00:00:28:000		1.60676e+06		244.108		136.449		0		2.24093		282.285			00:00:28:000		1.28049e+07		-3.36095		0		0		3.93105e+06		967.356		
00:00:27:899		1.60677e+06		244.108		136.545		0		2.22252		282.348			00:00:27:899		1.28134e+07		-3.34908		0		0		3.93265e+06		966.701		
00:00:27:750		1.60679e+06		243.272		136.545		0		2.22252		282.441			00:00:27:750		1.28262e+07		-3.33122		0		10.9627		3.94241e+06		968.101		
00:00:27:649		1.6068e+06		243.272		136.641		0		2.20403		282.498			00:00:27:649		1.28347e+07		-3.31927		0		10.7634		3.95369e+06		971.679		
00:00:27:649		1.6068e+06		243.272		136.641		0		2.20403		282.498			00:00:27:649		1.28347e+07		-3.31927		0		10.7634		3.95369e+06		971.679		
00:00:27:350		1.60682e+06		242.428		136.739		0		2.18548		282.684			00:00:27:350		1.28605e+07		-3.28331		0		0		3.98327e+06		979.537		
00:00:27:350		1.60682e+06		242.428		136.739		0		2.18548		282.684			00:00:27:350		1.28605e+07		-3.28331		0		0		3.98327e+06		979.537		
00:00:27:300		1.60683e+06		242.428		136.739		0		2.18548		282.714			00:00:27:300		1.28648e+07		-3.2773		0		0		3.98499e+06		978.831		
00:00:27:199		1.60684e+06		241.579		136.838		0		2.16687		282.776			00:00:27:199		1.28734e+07		-3.26527		0		0		3.99063e+06		980.208		
00:00:27:100		1.60684e+06		241.579		136.838		0		2.16687		282.839			00:00:27:100		1.28819e+07		-3.25322		0		0		4.00182e+06		984.669		
00:00:27:000		1.60685e+06		240.724		136.838		0		2.16687		282.902			00:00:27:000		1.28906e+07		-3.24115		0		0		4.01333e+06		988.234		
00:00:26:850		1.60687e+06		240.724		136.938		0		2.1482		282.993			00:00:26:850		1.29035e+07		-3.223		0		10.8302		4.02134e+06		988.987		
00:00:26:750		1.60688e+06		239.864		136.938		0		2.1482		283.053			00:00:26:750		1.29122e+07		-3.21087		0		0		4.02775e+06		990.745		
00:00:26:750		1.60688e+06		239.864		136.938		0		2.1482		283.053			00:00:26:750		1.29122e+07		-3.21087		0		0		4.02775e+06		990.745		
00:00:26:649		1.60689e+06		239.864		137.039		0		2.12947		283.113			00:00:26:649		1.29209e+07		-3.19872		0		11.6085		4.03345e+06		990.766		
00:00:26:449		1.6069e+06		238.997		137.14		0		2.11069		283.234			00:00:26:449		1.29384e+07		-3.17436		0		11.0286		4.05127e+06		996.345		
00:00:26:449		1.6069e+06		238.997		137.14		0		2.11069		283.234			00:00:26:449		1.29384e+07		-3.17436		0		11.0286		4.05127e+06		996.345		
00:00:26:350		1.60691e+06		238.997		137.14		0		2.11069		283.295			00:00:26:350		1.29472e+07		-3.16214		0		11.2244		4.05762e+06		997.524		
00:00:26:250		1.60692e+06		238.125		137.14		0		2.11069		283.357			00:00:26:250		1.29559e+07		-3.14991		0		11.0286		4.06566e+06		1000.18		
00:00:26:149		1.60693e+06		238.125		137.242		0		2.09185		283.417			00:00:26:149		1.29647e+07		-3.13766		0		10.7634		4.07299e+06		1002.13		
00:00:25:949		1.60695e+06		237.245		137.345		0		2.07296		283.537			00:00:25:949		1.29823e+07		-3.11307		0		12.1065		4.08477e+06		1003.88		
00:00:25:949		1.60695e+06		237.245		137.345		0		2.07296		283.537			00:00:25:949		1.29823e+07		-3.11307		0		12.1065		4.08477e+06		1003.88		
00:00:25:850		1.60696e+06		237.245		137.345		0		2.07296		283.597			00:00:25:850		1.29912e+07		-3.10074		0		11.9216		4.09078e+06		1005.69		
00:00:25:750		1.60697e+06		236.359		137.345		0		2.07296		283.656			00:00:25:750		1.3e+07		-3.08838		0		11.6085		4.09861e+06		1007.42		
00:00:25:649		1.60698e+06		236.359		137.448		0		2.05401		283.716			00:00:25:649		1.30089e+07		-3.07599		0		11.9216		4.10533e+06		1008.6		
00:00:25:449		1.60699e+06		235.465		137.551		0		2.035		283.835			00:00:25:449		1.30267e+07		-3.05115		0		12.9425		4.12085e+06		1012.36		
00:00:25:449		1.60699e+06		235.465		137.551		0		2.035		283.835			00:00:25:449		1.30267e+07		-3.05115		0		12.9425		4.12085e+06		1012.36		
00:00:25:350		1.607e+06		235.465		137.551		0		2.035		283.895			00:00:25:350		1.30356e+07		-3.0387		0		10.9627		4.13052e+06		1016.67		
00:00:25:250		1.60701e+06		234.562		137.551		0		2.035		283.954			00:00:25:250		1.30446e+07		-3.02622		0		12.7669		4.13761e+06		1016.46		
00:00:25:149		1.60702e+06		234.562		137.655		0		2.01594		284.013			00:00:25:149		1.30535e+07		-3.01371		0		12.5298		4.14135e+06		1017.55		
00:00:25:050		1.60703e+06		234.562		137.655		0		2.01594		284.071			00:00:25:050		1.30625e+07		-3.00118		0		12.0451		4.14947e+06		1019.49		
00:00:24:949		1.60704e+06		233.648		137.759		0		1.99681		284.129			00:00:24:949		1.30715e+07		-2.98863		0		12.47		4.15641e+06		1020.4		
00:00:24:850		1.60705e+06		233.648		137.759		0		1.99681		284.187			00:00:24:850		1.30805e+07		-2.97606		0		12.8257		4.16341e+06		1021.66		
00:00:24:750		1.60706e+06		232.721		137.759		0		1.99681		284.246			00:00:24:750		1.30895e+07		-2.96347		0		16.1349		4.17331e+06		1024.64		
00:00:24:649		1.60707e+06		232.721		137.865		0		1.97762		284.306			00:00:24:649		1.30985e+07		-2.95084		0		13.9051		4.18325e+06		1028.08		
00:00:24:550		1.60707e+06		232.721		137.865		0		1.97762		284.365			00:00:24:550		1.31075e+07		-2.93819		0		12.1065		4.19427e+06		1032.07		
00:00:24:449		1.60708e+06		231.777		137.972		0		1.95837		284.423			00:00:24:449		1.31166e+07		-2.92551		0		13.0007		4.19852e+06		1030.97		
00:00:24:350		1.60709e+06		231.777		137.972		0		1.95837		284.48			00:00:24:350		1.31257e+07		-2.91279		0		13.1739		4.20286e+06		1031.68		
00:00:24:250		1.6071e+06		230.805		137.972		0		1.95837		284.537			00:00:24:250		1.31348e+07		-2.90004		0		13.1739		4.21029e+06		1033.25		
00:00:24:100		1.60711e+06		230.805		138.081		0		1.93906		284.624			00:00:24:100		1.31485e+07		-2.88087		0		0		4.22316e+06		1035.86		
00:00:24:000		1.60712e+06		229.79		138.081		0		1.93906		284.681			00:00:24:000		1.31577e+07		-2.86805		0		0		4.23302e+06		1038.83		
00:00:23:899		1.60713e+06		229.79		138.191		0		1.91967		284.739			00:00:23:899		1.31668e+07		-2.8552		0		0		4.24335e+06		1041.66		
00:00:23:800		1.60714e+06		229.79		138.191		0		1.91967		284.798			00:00:23:800		1.3176e+07		-2.84231		0		0		4.25423e+06		1046.4		
00:00:23:699		1.60715e+06		229.052		138.296		0		1.90023		284.855			00:00:23:699		1.31853e+07		-2.82939		0		0		4.2616e+06		1046.38		
00:00:23:600		1.60716e+06		229.052		138.296		0		1.90023		284.911			00:00:23:600		1.31945e+07		-2.81643		0		0		4.26469e+06		1046.46		
00:00:23:500		1.60717e+06		228.311		138.296		0		1.90023		284.968			00:00:23:500		1.32037e+07		-2.80343		0		0		4.27156e+06		1047.84		
00:00:23:399		1.60718e+06		228.311		138.394		0		1.88072		285.024			00:00:23:399		1.3213e+07		-2.7904		0		0		4.27994e+06		1049.6		
00:00:23:300		1.60719e+06		228.311		138.394		0		1.88072		285.081			00:00:23:300		1.32223e+07		-2.77734		0		0		4.28888e+06		1051.44		
00:00:23:199		1.6072e+06		227.563		138.485		0		1.86115		285.138			00:00:23:199		1.32316e+07		-2.76425		0		0		4.2992e+06		1054.6		
00:00:23:100		1.6072e+06		227.563		138.485		0		1.86115		285.196			00:00:23:100		1.3241e+07		-2.75113		0		0		4.3097e+06		1057.79		
00:00:23:000		1.60721e+06		226.808		138.485		0		1.86115		285.254			00:00:23:000		1.32503e+07		-2.73798		0		0		4.32082e+06		1062.08		
00:00:22:899		1.60725e+06		226.808		138.569		0		1.84154		285.31			00:00:22:899		1.32597e+07		-2.7248		0		0		4.32668e+06		1061.5		
00:00:22:800		1.60734e+06		226.808		138.569		0		1.84154		285.365			00:00:22:800		1.32692e+07		-2.71159		0		0		4.33104e+06		1062.13		
00:00:22:699		1.60747e+06		226.046		138.644		0		1.82187		285.421			00:00:22:699		1.32787e+07		-2.69835		0		0		4.33867e+06		1063.73		
00:00:22:600		1.60764e+06		226.046		138.644		0		1.82187		285.477			00:00:22:600		1.32882e+07		-2.68508		0		0		4.3475e+06		1065.6		
00:00:22:399		1.60811e+06		225.278		138.712		0		1.80213		285.59			00:00:22:399		1.33073e+07		-2.65844		0		0		4.36767e+06		1070.91		
00:00:22:399		1.60811e+06		225.278		138.712		0		1.80213		285.59			00:00:22:399		1.33073e+07		-2.65844		0		0		4.36767e+06		1070.91		
00:00:22:300		1.60841e+06		225.278		138.712		0		1.80213		285.648			00:00:22:300		1.33168e+07		-2.64506		0		0		4.37831e+06		1074.69		
00:00:22:199		1.60875e+06		224.502		138.77		0		1.78236		285.706			00:00:22:199		1.33264e+07		-2.63165		0		0		4.38935e+06		1077.98		
00:00:22:100		1.60913e+06		224.502		138.77		0		1.78236		285.762			00:00:22:100		1.33361e+07		-2.61819		0		0		4.39366e+06		1077.23		
00:00:22:000		1.60956e+06		223.719		138.77		0		1.78236		285.818			00:00:22:000		1.33457e+07		-2.60469		0		0		4.39932e+06		1078.29		
00:00:21:899		1.61003e+06		223.719		138.819		0		1.76252		285.874			00:00:21:899		1.33554e+07		-2.59115		0		0		4.40755e+06		1080.06		
00:00:21:800		1.61055e+06		223.719		138.819		0		1.76252		285.931			00:00:21:800		1.33651e+07		-2.57758		0		0		4.41671e+06		1081.94		
00:00:21:699		1.6111e+06		222.928		138.857		0		1.74263		285.988			00:00:21:699		1.33748e+07		-2.56395		0		0		4.42635e+06		1084.31		
00:00:21:500		1.61235e+06		222.13		138.857		0		1.74263		286.105			00:00:21:500		1.33943e+07		-2.53659		0		12.2286		4.44863e+06		1091.92		
00:00:21:399		1.61304e+06		222.13		138.885		0		1.72269		286.163			00:00:21:399		1.34041e+07		-2.52286		0		12.47		4.45875e+06		1093.73		
00:00:21:399		1.61304e+06		222.13		138.885		0		1.72269		286.163			00:00:21:399		1.34041e+07		-2.52286		0		12.47		4.45875e+06		1093.73		
00:00:21:300		1.61377e+06		222.13		138.885		0		1.72269		286.22			00:00:21:300		1.34139e+07		-2.50909		0		12.8257		4.46254e+06		1093.46		
00:00:21:149		1.61495e+06		221.324		138.901		0		1.70269		286.306			00:00:21:149		1.34287e+07		-2.48836		0		12.8842		4.4737e+06		1095.75		
00:00:21:149		1.61495e+06		221.324		138.901		0		1.70269		286.306			00:00:21:149		1.34287e+07		-2.48836		0		12.8842		4.4737e+06		1095.75		
00:00:21:050		1.61579e+06		221.324		138.901		0		1.70269		286.363			00:00:21:050		1.34385e+07		-2.47449		0		10.1487		4.48292e+06		1097.73		
00:00:20:899		1.61713e+06		220.51		138.906		0		1.68263		286.451			00:00:20:899		1.34532e+07		-2.45364		0		10.7634		4.49782e+06		1101.43		
00:00:20:800		1.61811e+06		220.51		138.906		0		1.68263		286.511			00:00:20:800		1.3463e+07		-2.43968		0		11.2891		4.50952e+06		1104.79		
00:00:20:699		1.61918e+06		219.687		138.897		0		1.66253		286.571			00:00:20:699		1.34728e+07		-2.42569		0		12.7079		4.52082e+06		1109.35		
00:00:20:449		1.62223e+06		218.857		138.876		0		1.64237		286.717			00:00:20:449		1.34976e+07		-2.39049		0		10.7634		4.53723e+06		1110.9		
00:00:20:350		1.62361e+06		218.857		138.876		0		1.64237		286.776			00:00:20:350		1.35075e+07		-2.37633		0		10.8302		4.54595e+06		1112.78		
00:00:20:350		1.62361e+06		218.857		138.876		0		1.64237		286.776			00:00:20:350		1.35075e+07		-2.37633		0		10.8302		4.54595e+06		1112.78		
00:00:20:350		1.62361e+06		218.857		138.876		0		1.64237		286.776			00:00:20:350		1.35075e+07		-2.37633		0		10.8302		4.54595e+06		1112.78		
00:00:20:250		1.62507e+06		218.018		138.876		0		1.64237		286.836			00:00:20:250		1.35175e+07		-2.36211		0		11.0941		4.55554e+06		1114.81		
00:00:20:050		1.62826e+06		218.018		138.84		0		1.62215		286.957			00:00:20:050		1.35376e+07		-2.33355		0		11.9834		4.57715e+06		1120.64		
00:00:20:050		1.62826e+06		218.018		138.84		0		1.62215		286.957			00:00:20:050		1.35376e+07		-2.33355		0		11.9834		4.57715e+06		1120.64		
00:00:19:949		1.62999e+06		217.17		138.79		0		1.60189		287.019			00:00:19:949		1.35477e+07		-2.3192		0		10.8966		4.58857e+06		1124.88		
00:00:19:850		1.6318e+06		217.17		138.79		0		1.60189		287.08			00:00:19:850		1.35578e+07		-2.3048		0		10.9627		4.59883e+06		1126.66		
00:00:19:750		1.63371e+06		216.313		138.79		0		1.60189		287.14			00:00:19:750		1.35679e+07		-2.29034		0		11.2891		4.60328e+06		1126.66		
00:00:19:649		1.63571e+06		216.313		138.723		0		1.58157		287.2			00:00:19:649		1.35781e+07		-2.27584		0		11.3535		4.61079e+06		1128.18		
00:00:19:449		1.63997e+06		215.447		138.64		0		1.56118		287.323			00:00:19:449		1.35986e+07		-2.2467		0		11.8595		4.63002e+06		1132.27		
00:00:19:449		1.63997e+06		215.447		138.64		0		1.56118		287.323			00:00:19:449		1.35986e+07		-2.2467		0		11.8595		4.63002e+06		1132.27		
00:00:19:350		1.64223e+06		215.447		138.64		0		1.56118		287.385			00:00:19:350		1.36088e+07		-2.23207		0		12.2893		4.64046e+06		1135.05		
00:00:19:250		1.64459e+06		214.571		138.64		0		1.56118		287.449			00:00:19:250		1.36191e+07		-2.21741		0		12.5298		4.65265e+06		1138.84		
00:00:19:149		1.64704e+06		214.571		138.538		0		1.54075		287.513			00:00:19:149		1.36294e+07		-2.20271		0		11.2891		4.66434e+06		1143.17		
00:00:18:949		1.65228e+06		213.685		138.418		0		1.52027		287.638			00:00:18:949		1.36501e+07		-2.17319		0		12.1065		4.67731e+06		1143.99		
00:00:18:850		1.6551e+06		213.685		138.418		0		1.52027		287.701			00:00:18:850		1.36605e+07		-2.15838		0		12.1676		4.6859e+06		1145.82		
00:00:18:850		1.6551e+06		213.685		138.418		0		1.52027		287.701			00:00:18:850		1.36605e+07		-2.15838		0		12.1676		4.6859e+06		1145.82		
00:00:18:750		1.65806e+06		212.789		138.418		0		1.52027		287.764			00:00:18:750		1.36709e+07		-2.14355		0		12.1676		4.69567e+06		1147.96		
00:00:18:649		1.66116e+06		212.789		138.277		0		1.49973		287.828			00:00:18:649		1.36813e+07		-2.12872		0		13.0007		4.70592e+06		1150.03		
00:00:18:449		1.66777e+06		211.882		138.116		0		1.47914		287.959			00:00:18:449		1.37021e+07		-2.09903		0		12.7079		4.72955e+06		1157.63		
00:00:18:449		1.66777e+06		211.882		138.116		0		1.47914		287.959			00:00:18:449		1.37021e+07		-2.09903		0		12.7079		4.72955e+06		1157.63		
00:00:18:300		1.6731e+06		211.882		138.116		0		1.47914		288.057			00:00:18:300		1.37178e+07		-2.07679		0		12.7669		4.74408e+06		1160.19		
00:00:18:199		1.67683e+06		210.965		137.932		0		1.45851		288.122			00:00:18:199		1.37283e+07		-2.062		0		13.0007		4.74936e+06		1160.95		
00:00:18:100		1.68071e+06		210.965		137.932		0		1.45851		288.187			00:00:18:100		1.37389e+07		-2.04723		0		13.0586		4.75808e+06		1162.79		
00:00:18:000		1.68472e+06		210.037		137.932		0		1.45851		288.253			00:00:18:000		1.37495e+07		-2.03249		0		13.0007		4.76798e+06		1164.97		
00:00:17:899		1.68888e+06		210.037		137.724		0		1.43781		288.319			00:00:17:899		1.37601e+07		-2.01779		0		13.7391		4.77844e+06		1167.12		
00:00:17:800		1.69319e+06		210.037		137.724		0		1.43781		288.386			00:00:17:800		1.37707e+07		-2.00314		0		14.1242		4.78954e+06		1170.4		
00:00:17:699		1.69764e+06		209.097		137.491		0		1.41707		288.455			00:00:17:699		1.37814e+07		-1.98854		0		13.6275		4.80221e+06		1174.58		
00:00:17:600		1.70224e+06		209.097		137.491		0		1.41707		288.523			00:00:17:600		1.37921e+07		-1.97401		0		13.2884		4.81369e+06		1177.72		
00:00:17:500		1.70699e+06		208.146		137.491		0		1.41707		288.59			00:00:17:500		1.38029e+07		-1.95952		0		13.7391		4.81951e+06		1177.55		
00:00:17:399		1.71189e+06		208.146		137.232		0		1.39628		288.658			00:00:17:399		1.38137e+07		-1.9451		0		13.85		4.82685e+06		1179.05		
00:00:17:300		1.71694e+06		208.146		137.232		0		1.39628		288.726			00:00:17:300		1.38245e+07		-1.93074		0		13.9602		4.83629e+06		1181.1		
00:00:17:199		1.72214e+06		207.184		136.944		0		1.37543		288.795			00:00:17:199		1.38354e+07		-1.91646		0		14.2867		4.84654e+06		1183.32		
00:00:17:100		1.72749e+06		207.184		136.944		0		1.37543		288.865			00:00:17:100		1.38463e+07		-1.90225		0		15.0269		4.8571e+06		1185.64		
00:00:17:000		1.733e+06		206.209		136.944		0		1.37543		288.936			00:00:17:000		1.38572e+07		-1.88812		0		15.1818		4.8692e+06		1189.65		
00:00:16:899		1.73866e+06		206.209		136.628		0		1.35454		289.007			00:00:16:899		1.38682e+07		-1.87407		0		14.1242		4.88158e+06		1193.91		
00:00:16:800		1.74449e+06		206.209		136.628		0		1.35454		289.078			00:00:16:800		1.38792e+07		-1.86011		0		14.7133		4.89052e+06		1194.48		
00:00:16:699		1.75047e+06		205.221		136.28		0		1.3336		289.148			00:00:16:699		1.38904e+07		-1.84623		0		14.9229		4.89623e+06		1195.34		
00:00:16:600		1.75661e+06		205.221		136.28		0		1.3336		289.219			00:00:16:600		1.39016e+07		-1.83246		0		15.1303		4.90523e+06		1197.28		
00:00:16:500		1.76291e+06		204.221		136.28		0		1.3336		289.291			00:00:16:500		1.39128e+07		-1.81875		0		15.1818		4.91532e+06		1199.48		
00:00:16:399		1.76948e+06		204.221		135.899		0		1.31261		289.364			00:00:16:399		1.39241e+07		-1.80509		0		15.8389		4.92589e+06		1201.65		
00:00:16:300		1.77636e+06		204.221		135.899		0		1.31261		289.438			00:00:16:300		1.39355e+07		-1.79147		0		16.3299		4.93697e+06		1204.78		
00:00:16:199		1.78354e+06		203.206		135.484		0		1.29158		289.513			00:00:16:199		1.3947e+07		-1.77787		0		15.7392		4.94995e+06		1209.11		
00:00:16:100		1.79104e+06		203.206		135.484		0		1.29158		289.587			00:00:16:100		1.39586e+07		-1.76428		0		15.5384		4.96149e+06		1212.07		
00:00:16:000		1.79886e+06		202.179		135.484		0		1.29158		289.66			00:00:16:000		1.39703e+07		-1.75066		0		16.0859		4.9675e+06		1212		
00:00:15:900		1.80699e+06		202.179		135.031		0		1.27051		289.734			00:00:15:900		1.39822e+07		-1.737		0		16.2813		4.97531e+06		1213.61		
00:00:15:800		1.81545e+06		202.179		135.031		0		1.27051		289.809			00:00:15:800		1.39944e+07		-1.72329		0		16.3783		4.98516e+06		1215.74		
00:00:15:699		1.82423e+06		201.137		134.54		0		1.24938		289.885			00:00:15:699		1.40067e+07		-1.7095		0		16.6188		4.99572e+06		1218.04		
00:00:15:599		1.83335e+06		201.137		134.54		0		1.24938		289.962			00:00:15:599		1.40192e+07		-1.69563		0		17.5082		5.00661e+06		1220.37		
00:00:15:449		1.84766e+06		200.08		134.008		0		1.22822		290.079			00:00:15:449		1.40386e+07		-1.6746		0		17.0448		5.02559e+06		1226.69		
00:00:15:349		1.85763e+06		200.08		134.008		0		1.22822		290.158			00:00:15:349		1.4052e+07		-1.66044		0		16.9979		5.03722e+06		1229.57		
00:00:15:349		1.85763e+06		200.08		134.008		0		1.22822		290.158			00:00:15:349		1.4052e+07		-1.66044		0		16.9979		5.03722e+06		1229.57		
00:00:15:250		1.86794e+06		199.007		134.008		0		1.22822		290.236			00:00:15:250		1.40659e+07		-1.64618		0		17.4623		5.04334e+06		1229.54		
00:00:15:050		1.88964e+06		199.007		133.433		0		1.20701		290.394			00:00:15:050		1.4094e+07		-1.6174		0		17.8718		5.06156e+06		1233.42		
00:00:15:050		1.88964e+06		199.007		133.433		0		1.20701		290.394			00:00:15:050		1.4094e+07		-1.6174		0		17.8718		5.06156e+06		1233.42		
00:00:14:949		1.90103e+06		197.918		132.813		0		1.18576		290.474			00:00:14:949		1.41081e+07		-1.60284		0		18.1405		5.0724e+06		1235.82		
00:00:14:849		1.91278e+06		197.918		132.813		0		1.18576		290.556			00:00:14:849		1.4122e+07		-1.58816		0		18.9709		5.08357e+06		1238.23		
00:00:14:750		1.92492e+06		196.812		132.813		0		1.18576		290.638			00:00:14:750		1.41359e+07		-1.57331		0		19.1844		5.09608e+06		1242.44		
00:00:14:500		1.95693e+06		195.689		132.144		0		1.16447		290.847			00:00:14:500		1.41685e+07		-1.53524		0		19.0137		5.12078e+06		1247.43		
00:00:14:500		1.95693e+06		195.689		132.144		0		1.16447		290.847			00:00:14:500		1.41685e+07		-1.53524		0		19.0137		5.12078e+06		1247.43		
00:00:14:400		1.97043e+06		195.689		131.426		0		1.14314		290.974			00:00:14:400		1.41859e+07		-1.51181		0		19.396		5.13442e+06		1250.31		
00:00:14:250		1.99143e+06		194.548		131.426		0		1.14314		291.061			00:00:14:250		1.41972e+07		-1.49608		0		19.6474		5.14521e+06		1252.68		
00:00:14:150		2.00595e+06		194.548		130.655		0		1.12176		291.148			00:00:14:150		1.42083e+07		-1.48024		0		20.6273		5.15656e+06		1255.05		
00:00:14:150		2.00595e+06		194.548		130.655		0		1.12176		291.148			00:00:14:150		1.42083e+07		-1.48024		0		20.6273		5.15656e+06		1255.05		
00:00:14:050		2.02089e+06		194.548		130.655		0		1.12176		291.237			00:00:14:050		1.42191e+07		-1.46433		0		20.9059		5.1686e+06		1258.84		
00:00:13:949		2.03626e+06		193.388		129.83		0		1.10036		291.328			00:00:13:949		1.423e+07		-1.44841		0		19.9785		5.18239e+06		1263.39		
00:00:13:849		2.05206e+06		193.388		129.83		0		1.10036		291.419			00:00:13:849		1.42408e+07		-1.43243		0		20.507		5.19252e+06		1264.38		
00:00:13:750		2.06832e+06		192.209		129.83		0		1.10036		291.51			00:00:13:750		1.42517e+07		-1.41638		0		20.9454		5.19885e+06		1265.19		
00:00:13:650		2.08502e+06		192.209		128.947		0		1.07892		291.602			00:00:13:650		1.42624e+07		-1.40032		0		21.2204		5.20876e+06		1267.28		
00:00:13:449		2.11983e+06		191.011		128.002		0		1.05744		291.79			00:00:13:449		1.42839e+07		-1.36808		0		22.5526		5.23209e+06		1272.7		
00:00:13:449		2.11983e+06		191.011		128.002		0		1.05744		291.79			00:00:13:449		1.42839e+07		-1.36808		0		22.5526		5.23209e+06		1272.7		
00:00:13:349		2.13795e+06		191.011		128.002		0		1.05744		291.885			00:00:13:349		1.42947e+07		-1.35187		0		21.7233		5.24517e+06		1277.45		
00:00:13:250		2.15655e+06		189.791		128.002		0		1.05744		291.981			00:00:13:250		1.43054e+07		-1.33566		0		22.1413		5.25755e+06		1279.46		
00:00:13:150		2.17566e+06		189.791		126.993		0		1.03593		292.077			00:00:13:150		1.43161e+07		-1.31939		0.132644		22.5155		5.26485e+06		1280.51		
00:00:13:050		2.19527e+06		189.791		126.993		0		1.03593		292.174			00:00:13:050		1.43268e+07		-1.30306		0.264985		23.1761		5.27503e+06		1282.61		
00:00:12:949		2.21539e+06		188.551		125.917		0		1.01438		292.273			00:00:12:949		1.43373e+07		-1.28676		0.396151		23.5004		5.28617e+06		1285.36		
00:00:12:800		2.24644e+06		188.551		125.917		0		1.01438		292.423			00:00:12:800		1.43529e+07		-1.26222		0.589377		23.6433		5.30456e+06		1289.91		
00:00:12:699		2.26775e+06		187.289		124.77		0		0.992808		292.523			00:00:12:699		1.43639e+07		-1.24587		0.71493		23.9622		5.31458e+06		1291.82		
00:00:12:650		2.27858e+06		187.289		124.77		0		0.992808		292.574			00:00:12:650		1.43693e+07		-1.23767		0.776461		24.1028		5.3199e+06		1293.04		
00:00:12:550		2.30063e+06		187.289		124.77		0		0.992808		292.676			00:00:12:550		1.43802e+07		-1.22124		0.896754		24.4512		5.33126e+06		1295.62		
00:00:12:449		2.32319e+06		186		123.549		0		0.971233		292.778			00:00:12:449		1.4391e+07		-1.20476		1.01285		24.6238		5.34303e+06		1298.48		
00:00:12:300		2.35801e+06		186		123.549		0		0.971233		292.933			00:00:12:300		1.44071e+07		-1.17994		1.17856		25.0677		5.36058e+06		1302.38		
00:00:12:199		2.38189e+06		184.664		122.254		0		0.949807		293.037			00:00:12:199		1.44177e+07		-1.16333		1.2829		25.304		5.37204e+06		1304.97		
00:00:12:099		2.40632e+06		184.664		122.254		0		0.949807		293.141			00:00:12:099		1.44282e+07		-1.14665		1.38211		25.6049		5.38381e+06		1307.66		
00:00:12:000		2.43130e+06		183.28		122.254		0		0.949807		293.246			00:00:12:000		1.44385e+07		-1.12993		1.4761		25.9029		5.39572e+06		1310.4		
00:00:11:900		2.45686e+06		183.28		120.883		0		0.928528		293.351			00:00:11:900		1.44487e+07		-1.11321		1.56494		26.1652		5.40763e+06		1313.05		
00:00:11:800		2.48301e+06		183.28		120.883		0		0.928528		293.457			00:00:11:800		1.44594e+07		-1.09653		1.64852		26.4253		5.41958e+06		1315.75		
00:00:11:699		2.50975e+06		181.849		119.434		0		0.907395		293.564			00:00:11:699		1.44702e+07		-1.07969		1.72658		26.6832		5.43169e+06		1318.49		
00:00:11:599		2.53709e+06		181.849		119.434		0		0.907395		293.671			00:00:11:599		1.44802e+07		-1.06276		1.79886		26.9389		5.44392e+06		1321.25		
00:00:11:500		2.56503e+06		180.37		119.434		0		0.907395		293.779			00:00:11:500		1.44902e+07		-1.0457		1.86708		27.2241		5.45623e+06		1324.01		
00:00:11:400		2.59348e+06		180.37		117.907		0		0.886406		293.889			00:00:11:400		1.44995e+07		-1.02861		1.93311		27.538		5.46865e+06		1326.81		
00:00:11:300		2.62246e+06		180.37		117.907		0		0.886406		293.999			00:00:11:300		1.4509e+07		-1.01144		1.99755		28.8533		5.4812e+06		1329.63		
00:00:11:199		2.652e+06		178.842		116.298		0		0.865557		294.111			00:00:11:199		1.45179e+07		-0.994119		2.06015		37.0826		5.49387e+06		1332.48		
00:00:11:099		2.68212e+06		178.842		116.298		0		0.865557		294.224			00:00:11:099		1.45253e+07		-0.976754		2.12791		43.0464		5.50666e+06		1335.34		
00:00:11:000		2.71284e+06		177.265		116.298		0		0.865557		294.338			00:00:11:000		1.45327e+07		-0.959517		2.19469		47.5765		5.51957e+06		1338.24		
00:00:10:900		2.74418e+06		177.265		114.607		0		0.844847		294.454			00:00:10:900		1.45404e+07		-0.942446		2.25315		51.0642		5.53263e+06		1341.16		
00:00:10:750		2.79229e+06		175.639		114.607		0		0.844847		294.629			00:00:10:750		1.45527e+07		-0.9172		2.33312		55.0643		5.55247e+06		1345.6		
00:00:10:750		2.79229e+06		175.639		114.607		0		0.844847		294.629			00:00:10:750		1.45527e+07		-0.9172		2.33312		55.0643		5.55247e+06		1345.6		
00:00:10:599		2.84175e+06		175.639		112.833		0		0.824273		294.809			00:00:10:599		1.45665e+07		-0.892449		2.39921		58.0218		5.57261e+06		1350.1		
00:00:10:500		2.87551e+06		173.964		112.833		0		0.824273		294.93			00:00:10:500		1.45769e+07		-0.876195		2.44035		59.5882		5.58624e+06		1353.14		
00:00:10:400		2.90991e+06		173.964		110.978		0		0.803831		295.054			00:00:10:400		1.4588e+07		-0.860016		2.47945		60.9202		5.60003e+06		1356.22		
00:00:10:250		2.96275e+06		172.238		110.978		0		0.803831		295.242			00:00:10:250		1.46046e+07		-0.835774		2.53425		62.5957		5.62101e+06		1360.92		
00:00:10:250		2.96275e+06		172.238		110.978		0		0.803831		295.242			00:00:10:250		1.46046e+07		-0.835774		2.53425		62.5957		5.62101e+06		1360.92		
00:00:10:099		3.01713e+06		172.238		109.042		0		0.783519		295.434			00:00:10:099		1.46212e+07		-0.81156		2.58449		63.9266		5.64233e+06		1365.7		
00:00:09:949		3.0731e+06		170.465		107.026		0		0.763334		295.631			00:00:09:949		1.46377e+07		-0.787365		2.63078		64.9471		5.664e+06		1370.59		
00:00:09:949		3.0731e+06		170.465		107.026		0		0.763334		295.631			00:00:09:949		1.46377e+07		-0.787365		2.63078		64.9471		5.664e+06		1370.59		
00:00:09:800		3.13073e+06		170.465		107.026		0		0.763334		295.832			00:00:09:800		1.46541e+07		-0.763216		2.67518		65.6991		5.68593e+06		1375.56		
00:00:09:699		3.17009e+06		168.642		104.93		0		0.743275		295.969			00:00:09:699		1.46651e+07		-0.747148		2.7014		66.1914		5.70065e+06		1378.9		
00:00:09:550		3.2306e+06		168.642		104.93		0		0.743275		296.178			00:00:09:550		1.46815e+07		-0.723098		2.73806		66.8053		5.72289e+06		1383.91		
00:00:09:449		3.27194e+06		166.77		102.758		0		0.72334		296.317			00:00:09:449		1.46924e+07		-0.707103		2.76099		67.1517		5.73788e+06		1387.28		
00:00:09:349		3.31409e+06		166.77		102.758		0		0.72334		296.459			00:00:09:349		1.47032e+07		-0.691139		2.78257		67.4415		5.75301e+06		1390.7		
00:00:09:349		3.31409e+06		166.77		102.758		0		0.72334		296.459			00:00:09:349		1.47032e+07		-0.691139		2.78257		67.4415		5.75301e+06		1390.7		
00:00:09:250		3.35709e+06		164.849		102.758		0		0.72334		296.603			00:00:09:250		1.4714e+07		-0.675232		2.80332		67.6752		5.76829e+06		1394.16		
00:00:09:150		3.40094e+06		164.849		100.517		0		0.703528		296.748			00:00:09:150		1.47248e+07		-0.659369		2.82333		67.8807		5.78372e+06		1397.66		
00:00:09:050		3.44564e+06		164.849		100.517		0		0.703528		296.896			00:00:09:050		1.47356e+07		-0.643555		2.84174		68.0038		5.79927e+06		1401.2		
00:00:08:949		3.49115e+06		162.881		98.2211		0		0.68384		297.045			00:00:08:949		1.47463e+07		-0.627792		2.85854		68.0993		5.81488e+06		1404.75		
00:00:08:750		3.58466e+06		160.864		98.2211		0		0.68384		297.35			00:00:08:750		1.47677e+07		-0.596436		2.89018		68.0447		5.84624e+06		1411.81		
00:00:08:750		3.58466e+06		160.864		98.2211		0		0.68384		297.35			00:00:08:750		1.47677e+07		-0.596436		2.89018		68.0447		5.84624e+06		1411.81		
00:00:08:650		3.63269e+06		160.864		95.8775		0		0.664279		297.505			00:00:08:650		1.47783e+07		-0.580855		2.90515		68.113		5.86203e+06		1415.37		
00:00:08:449		3.73137e+06		158.8		93.4966		0		0.644848		297.822			00:00:08:449		1.47994e+07		-0.549899		2.93262		68.1266		5.89403e+06		1422.61		
00:00:08:349		3.78205e+06		158.8		93.4966		0		0.644848		297.984			00:00:08:349		1.481e+07		-0.534523		2.94539		68.1266		5.91018e+06		1426.27		
00:00:08:349		3.78205e+06		158.8		93.4966		0		0.644848		297.984			00:00:08:349		1.481e+07		-0.534523		2.94539		68.1266		5.91018e+06		1426.27		
00:00:08:250		3.83366e+06		156.688		93.4966		0		0.644848		298.148			00:00:08:250		1.48205e+07		-0.519228		2.95791		68.1266		5.9264e+06		1429.97		
00:00:08:099		3.91285e+06		156.688		91.08		0		0.62556		298.396			00:00:08:099		1.48362e+07		-0.496444		2.97621		68.1675		5.9508e+06		1435.55		
00:00:08:000		3.96687e+06		154.526		91.08		0		0.62556		298.564			00:00:08:000		1.48466e+07		-0.481372		2.98686		68.1675		5.96708e+06		1439.31		
00:00:07:900		4.02187e+06		154.526		88.6335		0		0.606437		298.735			00:00:07:900		1.4857e+07		-0.4664		2.99674		67.9901		5.98332e+06		1443.1		
00:00:07:799		4.07789e+06		154.526		88.6335		0		0.606437		298.908			00:00:07:799		1.48674e+07		-0.451532		3.00563		67.4828		5.99939e+06		1446.8		
00:00:07:750		4.10628e+06		152.291		88.6335		0		0.606437		298.995			00:00:07:750		1.48726e+07		-0.444139		3.00967		67.1932		6.00731e+06		1448.59		
00:00:07:599		4.19304e+06		152.291		86.1636		0		0.587539		299.26			00:00:07:599		1.48882e+07		-0.422109		3.02138		66.7219		6.03057e+06		1453.65		
00:00:07:450		4.28219e+06		149.993		83.6757		0		0.569091		299.53			00:00:07:450		1.49037e+07		-0.400309		3.03333		66.6523		6.05358e+06		1458.41		
00:00:07:450		4.28219e+06		149.993		83.6757		0		0.569091		299.53			00:00:07:450		1.49037e+07		-0.400309		3.03333		66.6523		6.05358e+06		1458.41		
00:00:07:299		4.37383e+06		149.993		83.6757		0		0.569091		299.803			00:00:07:299		1.49193e+07		-0.378769		3.04425		66.6662		6.07736e+06		1463.33		
00:00:07:250		4.40494e+06		147.69		83.6757		0		0.569091		299.894			00:00:07:250		1.49245e+07		-0.371649		3.04771		66.5966		6.08559e+06		1465.05		
00:00:07:099		4.5e+06		147.69		81.1744		0		0.550517		300.169			00:00:07:099		1.494e+07		-0.350487		3.05662		66.0651		6.11118e+06		1470.47		
00:00:07:000		4.56484e+06		145.383		81.1744		0		0.550517		300.355			00:00:07:000		1.49504e+07		-0.336554		3.06134		65.6144		6.12891e+06		1474.23		
00:00:06:950		4.63088e+06		145.383		78.6648		0		0.531807		300.543			00:00:06:950		1.49608e+07		-0.32275		3.06665		65.1465		6.14715e+06		1478.1		
00:00:06:799		4.69815e+06		145.383		78.6648		0		0.531807		300.733			00:00:06:799		1.49713e+07		-0.309065		3.07272		64.5034		6.16593e+06		1482.13		
00:00:06:700		4.76666e+06		143.074		76.153		0		0.512953		300.925			00:00:06:700		1.49819e+07		-0.295501		3.07825		63.4032		6.18529e+06		1486.35		
00:00:06:599		4.83644e+06		143.074		76.153		0		0.512953		301.119			00:00:06:599		1.49925e+07		-0.282072		3.08204		62.1808		6.20519e+06		1490.72		
00:00:06:500		4.90751e+06		140.768		76.153		0		0.512953		301.315			00:00:06:500		1.50033e+07		-0.268802		3.08392		60.7988		6.22547e+06		1495.24		
00:00:06:400		4.97963e+06		140.768		73.6465		0		0.493952		301.514			00:00:06:400		1.50141e+07		-0.255664		3.08375		59.2469		6.24609e+06		1499.86		
00:00:06:299		5.05273e+06		140.768		73.6465		0		0.493952		301.712			00:00:06:299		1.50251e+07		-0.242652		3.08497		57.576		6.26688e+06		1504.49		
00:00:06:200		5.12683e+06		138.467		71.1539		0		0.4748		301.912			00:00:06:200		1.50363e+07		-0.229758		3.0866		55.8585		6.28772e+06		1509.11		
00:00:06:099		5.20192e+06		138.467		71.1539		0		0.4748		302.114			00:00:06:099		1.50476e+07		-0.216953		3.08658		53.9715		6.3086e+06		1513.69		
00:00:06:000		5.27802e+06		136.176		71.1539		0		0.4748		302.318			00:00:06:000		1.50591e+07		-0.204225		3.0858		51.9329		6.32953e+06		1518.22		
00:00:05:900		5.35516e+06		136.176		68.6847		0		0.455491		302.524			00:00:05:900		1.50707e+07		-0.191531		3.08438		49.5238		6.35056e+06		1522.74		
00:00:05:799		5.43333e+06		136.176		68.6847		0		0.455491		302.731			00:00:05:799		1.50817e+07		-0.178725		3.08254		46.4187		6.37167e+06		1527.1		
00:00:05:700		5.51255e+06		133.897		66.2493		0		0.436008		302.94			00:00:05:700		1.5091e+07		-0.165894		3.08049		43.9785		6.39277e+06		1531.19		
00:00:05:599		5.59284e+06		133.897		66.2493		0		0.436008		303.148			00:00:05:599		1.50998e+07		-0.153243		3.07712		44.0809		6.41402e+06		1535.01		
00:00:05:500		5.67423e+06		131.634		66.2493		0		0.436008		303.358			00:00:05:500		1.51088e+07		-0.14079		3.07232		41.9885		6.43572e+06		1538.32		
00:00:05:400		5.75673e+06		131.634		63.8583		0		0.41629		303.569			00:00:05:400		1.51178e+07		-0.128524		3.0668		39.616		6.45752e+06		1539.85		
00:00:05:299		5.84037e+06		131.634		63.8583		0		0.41629		303.783			00:00:05:299		1.51271e+07		-0.116462		3.06019		37.3453		6.47901e+06		1537.16		
00:00:05:200		5.9252e+06		129.392		61.5219		0		0.395883		303.997			00:00:05:200		1.51365e+07		-0.104613		3.05343		35.2694		6.49982e+06		1524.46		
00:00:05:099		6.01143e+06		129.392		61.5219		0		0.395883		304.214			00:00:05:099		1.51461e+07		-0.0929589		3.04455		33.3419		6.5195e+06		1479.11		
00:00:05:000		6.09399e+06		127.171		61.5219		0		0.395883		304.432			00:00:05:000		1.5156e+07		-0.0814924		3.03263		31.5869		6.53792e+06		1417.69		
00:00:04:900		6.15841e+06		127.171		59.2514		0		0.374612		304.649			00:00:04:900		1.51661e+07		-0.0702066		3.02176		29.9732		6.55512e+06		1359.92		
00:00:04:799		6.20871e+06		127.171		59.2514		0		0.374612		304.867			00:00:04:799		1.51764e+07		-0.0590739		3.01155		28.5521		6.57119e+06		1306.72		
00:00:04:650		6.26412e+06		124.981		57.0588		0		0.352707		305.195			00:00:04:650		1.51919e+07		-0.042635		2.99442		26.7153		6.59345e+06		1235.91		
00:00:04:450		6.31596e+06		122.832		54.9495		0		0.330339		305.632			00:00:04:450		1.52123e+07		-0.0212755		2.96436		28.187		6.6202e+06		1157.35		
00:00:04:450		6.31596e+06		122.832		54.9495		0		0.330339		305.632			00:00:04:450		1.52123e+07		-0.0212755		2.96436		28.187		6.6202e+06		1157.35		
00:00:04:349		6.33548e+06		122.832		54.9495		0		0.330339		305.849			00:00:04:349		1.52225e+07		-0.0108604		2.95		36.3574		6.63251e+06		1124.31		
00:00:04:349		6.33548e+06		122.832		54.9495		0		0.330339		305.849			00:00:04:349		1.52225e+07		-0.0108604		2.95		36.3574		6.63251e+06		1124.31		
00:00:04:150		6.36636e+06		120.734		52.9191		0		0.307626		306.283			00:00:04:150		1.52426e+07		0.00944614		2.92402		51.9681		6.65533e+06		1068.88		
00:00:04:150		6.36636e+06		120.734		52.9191		0		0.307626		306.283			00:00:04:150		1.52426e+07		0.00944614		2.92402		51.9681		6.65533e+06		1068.88		
00:00:04:049		6.37903e+06		120.734		52.9191		0		0.307626		306.5			00:00:04:049		1.52526e+07		0.0193353		2.90449		58.8568		6.66597e+06		1045.66		
00:00:03:899		6.39591e+06		118.694		50.9499		0		0.284648		306.825			00:00:03:899		1.52675e+07		0.0337992		2.87019		68.6159		6.68109e+06		1015.39		
00:00:03:799		6.40627e+06		118.694		50.9499		0		0.284648		307.039			00:00:03:799		1.52774e+07		0.0431395		2.8553		74.9248		6.69067e+06		997.692		
00:00:03:700		6.41628e+06		116.728		49.0639		0		0.261428		307.252			00:00:03:700		1.52871e+07		0.0522294		2.84721		81.1355		6.69989e+06		981.526		
00:00:03:600		6.42625e+06		116.728		49.0639		0		0.261428		307.463			00:00:03:600		1.52968e+07		0.0610838		2.83112		87.2357		6.70877e+06		966.476		
00:00:03:500		6.43651e+06		114.843		47.2741		0		0.237984		307.672			00:00:03:500		1.53065e+07		0.069726		2.79687		93.2059		6.71731e+06		952.062		
00:00:03:350		6.45345e+06		114.843		47.2741		0		0.237984		307.976			00:00:03:350		1.53212e+07		0.0822906		2.75077		101.929		6.72948e+06		930.328		
00:00:03:250		6.46667e+06		113.045		47.2741		0		0.237984		308.174			00:00:03:250		1.53312e+07		0.0903249		2.7564		107.73		6.73716e+06		914.841		
00:00:03:149		6.47981e+06		113.045		45.5894		0		0.214347		308.366			00:00:03:149		1.53412e+07		0.0979581		2.76671		113.411		6.74454e+06		900.356		
00:00:03:149		6.47981e+06		113.045		45.5894		0		0.214347		308.366			00:00:03:149		1.53412e+07		0.0979581		2.76671		113.411		6.74454e+06		900.356		
00:00:03:049		6.49216e+06		113.045		45.5894		0		0.214347		308.55			00:00:03:049		1.53507e+07		0.105072		2.7381		118.686		6.75164e+06		886.878		
00:00:02:950		6.50368e+06		111.338		44.0184		0		0.190572		308.724			00:00:02:950		1.53591e+07		0.111669		2.64687		123.612		6.75852e+06		874.497		
00:00:02:850		6.51427e+06		111.338		44.0184		0		0.190572		308.887			00:00:02:850		1.53664e+07		0.117837		2.58782		128.57		6.76524e+06		863.383		
00:00:02:750		6.52378e+06		109.727		44.0184		0		0.190572		309.04			00:00:02:750		1.53738e+07		0.123819		2.65004		133.928		6.77185e+06		853.817		
00:00:02:649		6.53188e+06		109.727		42.5687		0		0.166746		309.182			00:00:02:649		1.53821e+07		0.129854		2.75999		139.839		6.77844e+06		846.29		
00:00:02:450		6.54141e+06		108.228		41.2462		0		0.142879		309.424			00:00:02:450		1.54002e+07		0.141318		2.82682		163.097		6.79221e+06		841.604		
00:00:02:350		6.54056e+06		108.228		41.2462		0		0.142879		309.521			00:00:02:350		1.54093e+07		0.146699		2.84893		193.396		6.7998e+06		847.833		
00:00:02:350		6.54056e+06		108.228		41.2462		0		0.142879		309.521			00:00:02:350		1.54093e+07		0.146699		2.84893		193.396		6.7998e+06		847.833		
00:00:02:250		6.53313e+06		106.848		40.0542		0		0.119173		309.601			00:00:02:250		1.54186e+07		0.151844		2.86436		236.685		6.80814e+06		863.58		
00:00:02:100		6.50096e+06		106.848		40.0542		0		0.119173		309.691			00:00:02:100		1.54332e+07		0.158952		2.87632		305.614		6.82263e+06		915.008		
00:00:02:000		6.45720e+06		105.599		40.0542		0		0.119173		309.734			00:00:02:000		1.54434e+07		0.163066		2.87956		349.133		6.83378e+06		972.854		
00:00:01:899		6.40118e+06		105.599		38.9909		0		0.0957129		309.766			00:00:01:899		1.54533e+07		0.166487		2.88139		388.727		6.84582e+06		1026.7		
00:00:01:800		6.385e+06		105.599		38.9909		0		0.0957129		309.79			00:00:01:800		1.54622e+07		0.16911		2.88105		423.731		6.85837e+06		1052.82		
00:00:01:699		6.37105e+06		104.482		38.0698		0		0.0722179		309.807			00:00:01:699		1.54692e+07		0.170924		2.87723		454.193		6.87125e+06		1074.8		
00:00:01:600		6.37219e+06		104.482		38.0698		0		0.0722179		309.82			00:00:01:600		1.5474e+07		0.172026		2.86968		480.27		6.88413e+06		1082.9		
00:00:01:500		6.38701e+06		103.493		38.0698		0		0.0722179		309.831			00:00:01:500		1.54768e+07		0.172587		2.85972		501.301		6.89664e+06		1073.22		
00:00:01:399		6.40982e+06		103.493		37.3229		0		0.0485041		309.838			00:00:01:399		1.54782e+07		0.172806		2.84859		515.34		6.90832e+06		1061.36		
00:00:01:300		6.43398e+06		103.493		37.3229		0		0.0485041		309.843			00:00:01:300		1.54786e+07		0.172856		2.83947		522.995		6.91911e+06		1048.65		
00:00:01:199		6.46032e+06		102.654		36.7487		0		0.0245051		309.846			00:00:01:199		1.54787e+07		0.172851		2.83594		527.763		6.93116e+06		1033.13		
00:00:01:100		6.49204e+06		102.654		36.7487		0		0.0245051		309.846			00:00:01:100		1.54786e+07		0.172843		2.83543		529.949		6.94252e+06		1011		
00:00:01:000		6.53145e+06		101.891		36.7487		0		0.0245051		309.846			00:00:01:000		1.54786e+07		0.172839		2.83556		530.315		6.95236e+06		978.263		
00:00:00:949		6.55524e+06		101.891		36.3828		0		0		309.846			00:00:00:949		1.54786e+07		0.172839		2.83569		530.262		6.95645e+06		955.78		
00:00:00:849		6.61463e+06		101.891		36.3828		0		0		309.846			00:00:00:849		1.54786e+07		0.172839		2.83575		530.201		6.96243e+06		892.335		
00:00:00:750		6.69879e+06		100.069		36.3831		0		0		309.846			00:00:00:750		1.54786e+07		0.17284		2.83574		530.203		6.96486e+06		793.567		
00:00:00:599		6.83118e+06		100.069		36.3831		0		0		309.846			00:00:00:599		1.54786e+07		0.17284		2.83569		530.208		6.96486e+06		526.818		
00:00:00:500		6.83117e+06		100.069		36.3831		0		0		309.846			00:00:00:500		1.54786e+07		0.172839		2.83569		530.21		6.96485e+06		526.826		
00:00:00:400		6.83117e+06		100.069		36.3834		0		0		309.846			00:00:00:400		1.54786e+07		0.17284		2.83568		530.214		6.96485e+06		526.826		
00:00:00:299		6.83116e+06		100.069		36.3834		0		0		309.846			00:00:00:299		1.54786e+07		0.17284		2.83568		530.216		6.96485e+06		526.827		
00:00:00:200		6.83116e+06		100.069		36.3837		0		0		309.846			00:00:00:200		1.54785e+07		0.17284		2.83568		530.219		6.96484e+06		526.824		
00:00:00:100		6.83116e+06		100.069		36.3837		0		0		309.846			00:00:00:100		1.54785e+07		0.17284		2.83572		530.221		6.96484e+06		526.821		
00:00:00:000		6.83115e+06		100.069		36.3837		0		0		309.846			00:00:00:000		1.54785e+07		0.17284		2.83571		530.225		6.96483e+06		526.826		
00:00:00:000		6.83115e+06		100.069		36.3837		0		0		309.846			00:00:00:000		1.54785e+07		0.17284		2.83571		530.225		6.96483e+06		526.826		
00:00:00:000		6.83115e+06		100.069		36.3837		0		0		309.846			00:00:00:000		1.54785e+07		0.17284		2.83571		530.225		6.96483e+06		526.826		
00:00:00:000		6.83115e+06		100.069		36.3837		0		0		309.846			00:00:00:000		1.54785e+07		0.17284		2.83571		530.225		6.96483e+06		526.826		
00:00:00:000		6.83115e+06		100.069		36.3837		0		0		309.846			00:00:00:000		1.54785e+07		0.17284		2.83571		530.225		6.96483e+06		526.826		
00:00:00:000		6.83115e+06		100.069		36.3837		0		0		309.846			00:00:00:000		1.54785e+07		0.17284		2.83571		530.225		6.96483e+06		526.826		
