	time 		rcpppzr	rcp054rcp007mnzoyout	rcv501std0102fvol	fwfrcp001gv	rcppmssga	msfsg(1)			time 		gpv001pnt10113ppntm	evf507ety101mpzoyout	chtcon(1)	chavg(1)	chlhsumpa	rcptavgn	
00:01:09:599		1.5467e+07		0.148667		2.897		528.732		6.96846e+06		526.797			00:01:09:599		6.83482e+06		100.043		36.3052		0		0		309.862		
00:01:09:500		1.5467e+07		0.148697		2.89684		528.734		6.96845e+06		526.797			00:01:09:500		6.83482e+06		100.043		36.3052		0		0		309.862		
00:01:09:400		1.5467e+07		0.148728		2.89667		528.734		6.96845e+06		526.797			00:01:09:400		6.83481e+06		100.043		36.3055		0		0		309.862		
00:01:09:299		1.54671e+07		0.148758		2.89659		528.734		6.96844e+06		526.795			00:01:09:299		6.83481e+06		100.043		36.3055		0		0		309.862		
00:01:09:200		1.54671e+07		0.148788		2.89646		528.734		6.96843e+06		526.795			00:01:09:200		6.8348e+06		100.043		36.3058		0		0		309.862		
00:01:09:099		1.54671e+07		0.148819		2.89634		528.734		6.96843e+06		526.795			00:01:09:099		6.83479e+06		100.043		36.3058		0		0		309.862		
00:01:09:000		1.54671e+07		0.148849		2.89612		528.736		6.96842e+06		526.795			00:01:09:000		6.83479e+06		100.043		36.3058		0		0		309.862		
00:01:08:900		1.54671e+07		0.14888		2.896		528.736		6.96842e+06		526.795			00:01:08:900		6.83478e+06		100.043		36.306		0		0		309.862		
00:01:08:799		1.54671e+07		0.14891		2.89583		528.736		6.96841e+06		526.795			00:01:08:799		6.83478e+06		100.043		36.306		0		0		309.862		
00:01:08:799		1.54671e+07		0.14891		2.89583		528.736		6.96841e+06		526.795			00:01:08:799		6.83478e+06		100.043		36.306		0		0		309.862		
00:01:08:599		1.54671e+07		0.148971		2.89562		528.74		6.9684e+06		526.794			00:01:08:599		6.83476e+06		100.043		36.3063		0		0		309.861		
00:01:08:599		1.54671e+07		0.148971		2.89562		528.74		6.9684e+06		526.794			00:01:08:599		6.83476e+06		100.043		36.3063		0		0		309.861		
00:01:08:500		1.54671e+07		0.149001		2.89545		528.738		6.96839e+06		526.793			00:01:08:500		6.83476e+06		100.043		36.3063		0		0		309.861		
00:01:08:400		1.54671e+07		0.149031		2.89533		528.74		6.96839e+06		526.792			00:01:08:400		6.83475e+06		100.043		36.3066		0		0		309.861		
00:01:08:299		1.54671e+07		0.149061		2.8952		528.74		6.96838e+06		526.792			00:01:08:299		6.83475e+06		100.043		36.3066		0		0		309.861		
00:01:08:200		1.54672e+07		0.149092		2.89503		528.74		6.96837e+06		526.791			00:01:08:200		6.83474e+06		100.044		36.3069		0		0		309.861		
00:01:08:099		1.54672e+07		0.149122		2.89493		528.742		6.96837e+06		526.791			00:01:08:099		6.83473e+06		100.044		36.3069		0		0		309.861		
00:01:08:000		1.54672e+07		0.149152		2.89484		528.742		6.96836e+06		526.79			00:01:08:000		6.83473e+06		100.044		36.3069		0		0		309.861		
00:01:07:900		1.54672e+07		0.149182		2.89467		528.744		6.96835e+06		526.792			00:01:07:900		6.83472e+06		100.044		36.3072		0		0		309.861		
00:01:07:799		1.54672e+07		0.149213		2.89455		528.744		6.96835e+06		526.792			00:01:07:799		6.83471e+06		100.044		36.3072		0		0		309.861		
00:01:07:599		1.54672e+07		0.149273		2.89421		528.745		6.96834e+06		526.791			00:01:07:599		6.8347e+06		100.044		36.3074		0		0		309.861		
00:01:07:599		1.54672e+07		0.149273		2.89421		528.745		6.96834e+06		526.791			00:01:07:599		6.8347e+06		100.044		36.3074		0		0		309.861		
00:01:07:500		1.54672e+07		0.149303		2.89408		528.745		6.96833e+06		526.79			00:01:07:500		6.8347e+06		100.044		36.3074		0		0		309.861		
00:01:07:400		1.54672e+07		0.149349		2.89391		528.745		6.96832e+06		526.789			00:01:07:400		6.83469e+06		100.044		36.3077		0		0		309.861		
00:01:07:250		1.54672e+07		0.149379		2.89379		528.747		6.96831e+06		526.788			00:01:07:250		6.83468e+06		100.044		36.3077		0		0		309.861		
00:01:07:150		1.54673e+07		0.149409		2.89366		528.747		6.96831e+06		526.787			00:01:07:150		6.83467e+06		100.044		36.308		0		0		309.861		
00:01:07:049		1.54673e+07		0.149439		2.8935		528.749		6.9683e+06		526.79			00:01:07:049		6.83467e+06		100.044		36.308		0		0		309.861		
00:01:06:950		1.54673e+07		0.149469		2.89333		528.749		6.96829e+06		526.789			00:01:06:950		6.83466e+06		100.044		36.3083		0		0		309.861		
00:01:06:849		1.54673e+07		0.149499		2.89324		528.749		6.96829e+06		526.788			00:01:06:849		6.83465e+06		100.044		36.3083		0		0		309.861		
00:01:06:750		1.54673e+07		0.149529		2.89307		528.749		6.96828e+06		526.787			00:01:06:750		6.83465e+06		100.044		36.3083		0		0		309.861		
00:01:06:549		1.54673e+07		0.14959		2.89278		528.753		6.96827e+06		526.788			00:01:06:549		6.83464e+06		100.044		36.3086		0		0		309.861		
00:01:06:549		1.54673e+07		0.14959		2.89278		528.753		6.96827e+06		526.788			00:01:06:549		6.83464e+06		100.044		36.3086		0		0		309.861		
00:01:06:450		1.54673e+07		0.14962		2.89265		528.753		6.96826e+06		526.787			00:01:06:450		6.83463e+06		100.044		36.3089		0		0		309.861		
00:01:06:349		1.54673e+07		0.14965		2.89249		528.755		6.96825e+06		526.787			00:01:06:349		6.83462e+06		100.044		36.3089		0		0		309.861		
00:01:06:250		1.54673e+07		0.14968		2.8924		528.755		6.96825e+06		526.785			00:01:06:250		6.83462e+06		100.044		36.3089		0		0		309.861		
00:01:06:150		1.54673e+07		0.14971		2.89228		528.755		6.96824e+06		526.787			00:01:06:150		6.83461e+06		100.044		36.3091		0		0		309.86		
00:01:06:049		1.54673e+07		0.14974		2.89211		528.756		6.96823e+06		526.786			00:01:06:049		6.8346e+06		100.044		36.3091		0		0		309.86		
00:01:05:950		1.54674e+07		0.14977		2.89194		528.756		6.96823e+06		526.785			00:01:05:950		6.8346e+06		100.044		36.3094		0		0		309.86		
00:01:05:849		1.54674e+07		0.1498		2.89186		528.756		6.96822e+06		526.781			00:01:05:849		6.83459e+06		100.044		36.3094		0		0		309.86		
00:01:05:650		1.54674e+07		0.149861		2.89156		528.758		6.96821e+06		526.786			00:01:05:650		6.83457e+06		100.044		36.3097		0		0		309.86		
00:01:05:549		1.54674e+07		0.14989		2.89143		528.76		6.9682e+06		526.784			00:01:05:549		6.83457e+06		100.044		36.3097		0		0		309.86		
00:01:05:549		1.54674e+07		0.14989		2.89143		528.76		6.9682e+06		526.784			00:01:05:549		6.83457e+06		100.044		36.3097		0		0		309.86		
00:01:05:450		1.54674e+07		0.14992		2.89122		528.76		6.96819e+06		526.786			00:01:05:450		6.83456e+06		100.045		36.31		0		0		309.86		
00:01:05:349		1.54674e+07		0.149951		2.8911		528.76		6.96819e+06		526.786			00:01:05:349		6.83455e+06		100.045		36.31		0		0		309.86		
00:01:05:250		1.54674e+07		0.149981		2.89097		528.762		6.96818e+06		526.785			00:01:05:250		6.83455e+06		100.045		36.3103		0		0		309.86		
00:01:05:150		1.54674e+07		0.150011		2.8908		528.762		6.96817e+06		526.787			00:01:05:150		6.83454e+06		100.045		36.3103		0		0		309.86		
00:01:05:000		1.54674e+07		0.150056		2.89063		528.764		6.96816e+06		526.786			00:01:05:000		6.83453e+06		100.045		36.3103		0		0		309.86		
00:01:04:900		1.54674e+07		0.150086		2.89051		528.766		6.96815e+06		526.787			00:01:04:900		6.83452e+06		100.045		36.3106		0		0		309.86		
00:01:04:799		1.54674e+07		0.150116		2.89038		528.766		6.96815e+06		526.787			00:01:04:799		6.83451e+06		100.045		36.3106		0		0		309.86		
00:01:04:650		1.54675e+07		0.150162		2.89013		528.768		6.96814e+06		526.787			00:01:04:650		6.8345e+06		100.045		36.3108		0		0		309.86		
00:01:04:500		1.54675e+07		0.150207		2.88992		528.768		6.96813e+06		526.786			00:01:04:500		6.83449e+06		100.045		36.3108		0		0		309.86		
00:01:04:500		1.54675e+07		0.150207		2.88992		528.768		6.96813e+06		526.786			00:01:04:500		6.83449e+06		100.045		36.3108		0		0		309.86		
00:01:04:450		1.54675e+07		0.150237		2.88979		528.769		6.96812e+06		526.785			00:01:04:450		6.83449e+06		100.045		36.3111		0		0		309.86		
00:01:04:299		1.54675e+07		0.150267		2.88962		528.769		6.96811e+06		526.786			00:01:04:299		6.83448e+06		100.045		36.3111		0		0		309.86		
00:01:04:200		1.54675e+07		0.150297		2.8895		528.771		6.96811e+06		526.786			00:01:04:200		6.83447e+06		100.045		36.3114		0		0		309.86		
00:01:04:099		1.54675e+07		0.150327		2.88937		528.771		6.9681e+06		526.785			00:01:04:099		6.83446e+06		100.045		36.3114		0		0		309.86		
00:01:04:000		1.54675e+07		0.150357		2.88924		528.773		6.96809e+06		526.779			00:01:04:000		6.83446e+06		100.045		36.3114		0		0		309.86		
00:01:03:899		1.54675e+07		0.150387		2.88907		528.773		6.96808e+06		526.788			00:01:03:899		6.83445e+06		100.045		36.3117		0		0		309.86		
00:01:03:799		1.54675e+07		0.150418		2.8889		528.775		6.96808e+06		526.787			00:01:03:799		6.83444e+06		100.045		36.3117		0		0		309.859		
00:01:03:700		1.54675e+07		0.150448		2.88874		528.775		6.96807e+06		526.786			00:01:03:700		6.83444e+06		100.045		36.312		0		0		309.859		
00:01:03:600		1.54675e+07		0.150478		2.8887		528.775		6.96806e+06		526.788			00:01:03:600		6.83443e+06		100.045		36.312		0		0		309.859		
00:01:03:500		1.54676e+07		0.150508		2.88853		528.777		6.96806e+06		526.799			00:01:03:500		6.83442e+06		100.045		36.312		0		0		309.859		
00:01:03:399		1.54676e+07		0.150538		2.88836		528.777		6.96805e+06		526.788			00:01:03:399		6.83441e+06		100.045		36.3122		0		0		309.859		
00:01:03:299		1.54676e+07		0.150538		2.88836		528.777		6.96805e+06		526.788			00:01:03:299		6.83441e+06		100.045		36.3122		0		0		309.859		
00:01:03:200		1.54676e+07		0.150599		2.88806		528.779		6.96803e+06		526.79			00:01:03:200		6.8344e+06		100.045		36.3125		0		0		309.859		
00:01:03:200		1.54676e+07		0.150599		2.88806		528.779		6.96803e+06		526.79			00:01:03:200		6.8344e+06		100.045		36.3125		0		0		309.859		
00:01:03:100		1.54676e+07		0.15063		2.88793		528.78		6.96803e+06		526.795			00:01:03:100		6.83439e+06		100.045		36.3125		0		0		309.859		
00:01:02:899		1.54676e+07		0.15069		2.88759		528.782		6.96801e+06		526.79			00:01:02:899		6.83438e+06		100.045		36.3128		0		0		309.859		
00:01:02:899		1.54676e+07		0.15069		2.88759		528.782		6.96801e+06		526.79			00:01:02:899		6.83438e+06		100.045		36.3128		0		0		309.859		
00:01:02:799		1.54676e+07		0.15072		2.88747		528.782		6.96801e+06		526.79			00:01:02:799		6.83437e+06		100.045		36.3128		0		0		309.859		
00:01:02:600		1.54676e+07		0.150781		2.88717		528.784		6.96799e+06		526.792			00:01:02:600		6.83435e+06		100.046		36.3131		0		0		309.859		
00:01:02:600		1.54676e+07		0.150781		2.88717		528.784		6.96799e+06		526.792			00:01:02:600		6.83435e+06		100.046		36.3131		0		0		309.859		
00:01:02:500		1.54676e+07		0.150811		2.887		528.786		6.96798e+06		526.803			00:01:02:500		6.83435e+06		100.046		36.3131		0		0		309.859		
00:01:02:399		1.54676e+07		0.150841		2.88683		528.786		6.96798e+06		526.792			00:01:02:399		6.83434e+06		100.046		36.3134		0		0		309.859		
00:01:02:299		1.54677e+07		0.150872		2.88671		528.788		6.96797e+06		526.791			00:01:02:299		6.83433e+06		100.046		36.3134		0		0		309.859		
00:01:02:200		1.54677e+07		0.150902		2.88654		528.788		6.96796e+06		526.796			00:01:02:200		6.83432e+06		100.046		36.3137		0		0		309.859		
00:01:02:100		1.54677e+07		0.150932		2.88641		528.79		6.96795e+06		526.785			00:01:02:100		6.83432e+06		100.046		36.3137		0		0		309.859		
00:01:02:000		1.54677e+07		0.150963		2.88624		528.79		6.96795e+06		526.792			00:01:02:000		6.83431e+06		100.046		36.3137		0		0		309.859		
00:01:01:899		1.54677e+07		0.150994		2.88607		528.791		6.96794e+06		526.794			00:01:01:899		6.8343e+06		100.046		36.3139		0		0		309.859		
00:01:01:750		1.54677e+07		0.15104		2.88586		528.793		6.96793e+06		526.795			00:01:01:750		6.83429e+06		100.046		36.3139		0		0		309.859		
00:01:01:600		1.54677e+07		0.151085		2.88569		528.795		6.96792e+06		526.794			00:01:01:600		6.83428e+06		100.046		36.3142		0		0		309.859		
00:01:01:600		1.54677e+07		0.151085		2.88569		528.795		6.96792e+06		526.794			00:01:01:600		6.83428e+06		100.046		36.3142		0		0		309.859		
00:01:01:450		1.54677e+07		0.151131		2.88539		528.795		6.96791e+06		526.796			00:01:01:450		6.83427e+06		100.046		36.3145		0		0		309.858		
00:01:01:350		1.54677e+07		0.151161		2.88522		528.797		6.9679e+06		526.795			00:01:01:350		6.83426e+06		100.046		36.3145		0		0		309.858		
00:01:01:250		1.54677e+07		0.151192		2.8851		528.799		6.96789e+06		526.79			00:01:01:250		6.83425e+06		100.046		36.3145		0		0		309.858		
00:01:01:149		1.54677e+07		0.151223		2.88497		528.799		6.96788e+06		526.8			00:01:01:149		6.83424e+06		100.046		36.3148		0		0		309.858		
00:01:01:049		1.54678e+07		0.151253		2.8848		528.799		6.96788e+06		526.8			00:01:01:049		6.83423e+06		100.046		36.3148		0		0		309.858		
00:01:00:950		1.54678e+07		0.151284		2.88468		528.801		6.96787e+06		526.8			00:01:00:950		6.83423e+06		100.046		36.3151		0		0		309.858		
00:01:00:850		1.54678e+07		0.151315		2.88446		528.803		6.96786e+06		526.799			00:01:00:850		6.83422e+06		100.046		36.3151		0		0		309.858		
00:01:00:750		1.54678e+07		0.151345		2.88433		528.803		6.96785e+06		526.802			00:01:00:750		6.83421e+06		100.046		36.3151		0		0		309.858		
00:01:00:549		1.54678e+07		0.151407		2.88408		528.804		6.96784e+06		526.804			00:01:00:549		6.8342e+06		100.046		36.3153		0		0		309.858		
00:01:00:549		1.54678e+07		0.151407		2.88408		528.804		6.96784e+06		526.804			00:01:00:549		6.8342e+06		100.046		36.3153		0		0		309.858		
00:01:00:450		1.54678e+07		0.151437		2.88391		528.806		6.96783e+06		526.805			00:01:00:450		6.83419e+06		100.046		36.3156		0		0		309.858		
00:01:00:350		1.54678e+07		0.151468		2.88374		528.806		6.96782e+06		526.805			00:01:00:350		6.83418e+06		100.046		36.3156		0		0		309.858		
00:01:00:250		1.54678e+07		0.151499		2.88362		528.808		6.96782e+06		526.806			00:01:00:250		6.83417e+06		100.047		36.3156		0		0		309.858		
00:01:00:149		1.54678e+07		0.15153		2.88349		528.808		6.96781e+06		526.807			00:01:00:149		6.83416e+06		100.047		36.3159		0		0		309.858		
00:01:00:049		1.54678e+07		0.151561		2.88336		528.81		6.9678e+06		526.808			00:01:00:049		6.83416e+06		100.047		36.3159		0		0		309.858		
00:01:00:000		1.54678e+07		0.151577		2.88328		528.81		6.9678e+06		526.808			00:01:00:000		6.83415e+06		100.047		36.3159		0		0		309.858		
00:00:59:899		1.54679e+07		0.151608		2.88311		528.812		6.96779e+06		526.809			00:00:59:899		6.83414e+06		100.047		36.3162		0		0		309.858		
00:00:59:700		1.54679e+07		0.15167		2.88286		528.814		6.96778e+06		526.811			00:00:59:700		6.83413e+06		100.047		36.3165		0		0		309.858		
00:00:59:549		1.54679e+07		0.151716		2.8826		528.815		6.96777e+06		526.812			00:00:59:549		6.83412e+06		100.047		36.3165		0		0		309.858		
00:00:59:549		1.54679e+07		0.151716		2.8826		528.815		6.96777e+06		526.812			00:00:59:549		6.83412e+06		100.047		36.3165		0		0		309.858		
00:00:59:500		1.54679e+07		0.151732		2.88252		528.815		6.96776e+06		526.812			00:00:59:500		6.83411e+06		100.047		36.3165		0		0		309.858		
00:00:59:350		1.54679e+07		0.151778		2.88231		528.817		6.96775e+06		526.814			00:00:59:350		6.8341e+06		100.047		36.3167		0		0		309.858		
00:00:59:250		1.54679e+07		0.151809		2.88218		528.817		6.96774e+06		526.815			00:00:59:250		6.83409e+06		100.047		36.3167		0		0		309.858		
00:00:59:149		1.54679e+07		0.151841		2.88201		528.819		6.96774e+06		526.816			00:00:59:149		6.83408e+06		100.047		36.317		0		0		309.858		
00:00:59:049		1.54679e+07		0.151872		2.88193		528.819		6.96773e+06		526.817			00:00:59:049		6.83408e+06		100.047		36.317		0		0		309.857		
00:00:58:950		1.54679e+07		0.151903		2.8818		528.821		6.96772e+06		526.817			00:00:58:950		6.83407e+06		100.047		36.3173		0		0		309.857		
00:00:58:850		1.54679e+07		0.151935		2.88159		528.821		6.96771e+06		526.818			00:00:58:850		6.83406e+06		100.047		36.3173		0		0		309.857		
00:00:58:649		1.5468e+07		0.151997		2.88133		528.825		6.9677e+06		526.82			00:00:58:649		6.83404e+06		100.047		36.3176		0		0		309.857		
00:00:58:549		1.5468e+07		0.152029		2.88121		528.825		6.96769e+06		526.821			00:00:58:549		6.83404e+06		100.047		36.3176		0		0		309.857		
00:00:58:549		1.5468e+07		0.152029		2.88121		528.825		6.96769e+06		526.821			00:00:58:549		6.83404e+06		100.047		36.3176		0		0		309.857		
00:00:58:450		1.5468e+07		0.15206		2.88104		528.827		6.96768e+06		526.822			00:00:58:450		6.83403e+06		100.047		36.3179		0		0		309.857		
00:00:58:350		1.5468e+07		0.152091		2.88091		528.827		6.96768e+06		526.823			00:00:58:350		6.83402e+06		100.047		36.3179		0		0		309.857		
00:00:58:250		1.5468e+07		0.152122		2.88074		528.828		6.96767e+06		526.824			00:00:58:250		6.83401e+06		100.047		36.3179		0		0		309.857		
00:00:58:149		1.5468e+07		0.152154		2.88062		528.83		6.96766e+06		526.825			00:00:58:149		6.834e+06		100.047		36.3182		0		0		309.857		
00:00:58:049		1.5468e+07		0.152186		2.88045		528.83		6.96765e+06		526.827			00:00:58:049		6.83399e+06		100.047		36.3182		0		0		309.857		
00:00:57:950		1.5468e+07		0.152217		2.88036		528.832		6.96765e+06		526.828			00:00:57:950		6.83399e+06		100.047		36.3184		0		0		309.857		
00:00:57:850		1.5468e+07		0.152249		2.88024		528.832		6.96764e+06		526.829			00:00:57:850		6.83398e+06		100.047		36.3184		0		0		309.857		
00:00:57:750		1.5468e+07		0.15228		2.88002		528.834		6.96763e+06		526.83			00:00:57:750		6.83397e+06		100.047		36.3184		0		0		309.857		
00:00:57:649		1.5468e+07		0.152312		2.87985		528.836		6.96762e+06		526.83			00:00:57:649		6.83396e+06		100.047		36.3187		0		0		309.857		
00:00:57:649		1.5468e+07		0.152312		2.87985		528.836		6.96762e+06		526.83			00:00:57:649		6.83396e+06		100.047		36.3187		0		0		309.857		
00:00:57:549		1.54681e+07		0.152344		2.87977		528.836		6.96762e+06		526.831			00:00:57:549		6.83395e+06		100.047		36.3187		0		0		309.857		
00:00:57:450		1.54681e+07		0.152376		2.87969		528.838		6.96761e+06		526.832			00:00:57:450		6.83395e+06		100.048		36.319		0		0		309.857		
00:00:57:350		1.54681e+07		0.152407		2.87952		528.839		6.9676e+06		526.833			00:00:57:350		6.83394e+06		100.048		36.319		0		0		309.857		
00:00:57:250		1.54681e+07		0.15244		2.87931		528.839		6.96759e+06		526.834			00:00:57:250		6.83393e+06		100.048		36.319		0		0		309.857		
00:00:57:149		1.54681e+07		0.152471		2.87922		528.841		6.96759e+06		526.834			00:00:57:149		6.83392e+06		100.048		36.3193		0		0		309.857		
00:00:57:049		1.54681e+07		0.152503		2.87905		528.841		6.96758e+06		526.832			00:00:57:049		6.83391e+06		100.048		36.3193		0		0		309.857		
00:00:56:950		1.54681e+07		0.152535		2.87897		528.843		6.96757e+06		526.833			00:00:56:950		6.83391e+06		100.048		36.3196		0		0		309.857		
00:00:56:799		1.54681e+07		0.152583		2.87876		528.843		6.96756e+06		526.843			00:00:56:799		6.83389e+06		100.048		36.3196		0		0		309.857		
00:00:56:600		1.54681e+07		0.152647		2.87846		528.847		6.96754e+06		526.846			00:00:56:600		6.83388e+06		100.048		36.3199		0		0		309.857		
00:00:56:600		1.54681e+07		0.152647		2.87846		528.847		6.96754e+06		526.846			00:00:56:600		6.83388e+06		100.048		36.3199		0		0		309.857		
00:00:56:500		1.54681e+07		0.152679		2.87834		528.847		6.96754e+06		526.847			00:00:56:500		6.83387e+06		100.048		36.3199		0		0		309.857		
00:00:56:399		1.54682e+07		0.152712		2.87821		528.847		6.96753e+06		526.848			00:00:56:399		6.83386e+06		100.048		36.3201		0		0		309.856		
00:00:56:299		1.54682e+07		0.152744		2.87809		528.849		6.96752e+06		526.849			00:00:56:299		6.83385e+06		100.048		36.3201		0		0		309.856		
00:00:56:200		1.54682e+07		0.152776		2.87792		528.851		6.96752e+06		526.851			00:00:56:200		6.83384e+06		100.048		36.3204		0		0		309.856		
00:00:56:100		1.54682e+07		0.152808		2.87779		528.851		6.96751e+06		526.852			00:00:56:100		6.83383e+06		100.048		36.3204		0		0		309.856		
00:00:56:000		1.54682e+07		0.152841		2.87762		528.852		6.9675e+06		526.853			00:00:56:000		6.83383e+06		100.048		36.3204		0		0		309.856		
00:00:55:899		1.54682e+07		0.152873		2.87754		528.854		6.96749e+06		526.855			00:00:55:899		6.83382e+06		100.048		36.3207		0		0		309.856		
00:00:55:799		1.54682e+07		0.152905		2.87741		528.854		6.96749e+06		526.857			00:00:55:799		6.83381e+06		100.048		36.3207		0		0		309.856		
00:00:55:600		1.54682e+07		0.152971		2.87712		528.858		6.96747e+06		526.861			00:00:55:600		6.83379e+06		100.048		36.321		0		0		309.856		
00:00:55:600		1.54682e+07		0.152971		2.87712		528.858		6.96747e+06		526.861			00:00:55:600		6.83379e+06		100.048		36.321		0		0		309.856		
00:00:55:500		1.54682e+07		0.153003		2.87699		528.858		6.96746e+06		526.862			00:00:55:500		6.83379e+06		100.048		36.321		0		0		309.856		
00:00:55:399		1.54683e+07		0.153036		2.87687		528.86		6.96746e+06		526.864			00:00:55:399		6.83378e+06		100.048		36.3213		0		0		309.856		
00:00:55:299		1.54683e+07		0.153068		2.8767		528.86		6.96745e+06		526.865			00:00:55:299		6.83377e+06		100.048		36.3213		0		0		309.856		
00:00:55:200		1.54683e+07		0.153101		2.87653		528.862		6.96744e+06		526.867			00:00:55:200		6.83376e+06		100.048		36.3215		0		0		309.856		
00:00:55:100		1.54683e+07		0.153133		2.87645		528.862		6.96744e+06		526.869			00:00:55:100		6.83375e+06		100.048		36.3215		0		0		309.856		
00:00:55:000		1.54683e+07		0.153166		2.87636		528.863		6.96743e+06		526.871			00:00:55:000		6.83375e+06		100.048		36.3215		0		0		309.856		
00:00:54:899		1.54683e+07		0.153199		2.87624		528.865		6.96742e+06		526.871			00:00:54:899		6.83374e+06		100.048		36.3218		0		0		309.856		
00:00:54:700		1.54683e+07		0.153265		2.87599		528.867		6.96741e+06		526.875			00:00:54:700		6.83372e+06		100.049		36.3221		0		0		309.856		
00:00:54:600		1.54683e+07		0.153297		2.87591		528.867		6.9674e+06		526.876			00:00:54:600		6.83371e+06		100.049		36.3221		0		0		309.856		
00:00:54:600		1.54683e+07		0.153297		2.87591		528.867		6.9674e+06		526.876			00:00:54:600		6.83371e+06		100.049		36.3221		0		0		309.856		
00:00:54:450		1.54683e+07		0.153347		2.87574		528.871		6.96739e+06		526.871			00:00:54:450		6.8337e+06		100.049		36.3224		0		0		309.856		
00:00:54:350		1.54684e+07		0.15338		2.87557		528.871		6.96738e+06		526.88			00:00:54:350		6.83369e+06		100.049		36.3224		0		0		309.856		
00:00:54:250		1.54684e+07		0.153413		2.87544		528.873		6.96738e+06		526.881			00:00:54:250		6.83369e+06		100.049		36.3224		0		0		309.856		
00:00:54:200		1.54684e+07		0.153429		2.87545		528.873		6.96737e+06		526.882			00:00:54:200		6.83368e+06		100.049		36.3227		0		0		309.856		
00:00:54:049		1.54684e+07		0.153479		2.87528		528.875		6.96736e+06		526.883			00:00:54:049		6.83367e+06		100.049		36.3227		0		0		309.856		
00:00:54:000		1.54684e+07		0.153495		2.87524		528.875		6.96736e+06		526.882			00:00:54:000		6.83367e+06		100.049		36.3227		0		0		309.856		
00:00:53:850		1.54684e+07		0.153545		2.87503		528.876		6.96735e+06		526.893			00:00:53:850		6.83366e+06		100.049		36.323		0		0		309.856		
00:00:53:750		1.54684e+07		0.153578		2.8749		528.876		6.96734e+06		526.889			00:00:53:750		6.83365e+06		100.049		36.323		0		0		309.856		
00:00:53:549		1.54684e+07		0.153645		2.87474		528.88		6.96733e+06		526.893			00:00:53:549		6.83363e+06		100.049		36.3232		0		0		309.856		
00:00:53:549		1.54684e+07		0.153645		2.87474		528.88		6.96733e+06		526.893			00:00:53:549		6.83363e+06		100.049		36.3232		0		0		309.856		
00:00:53:450		1.54684e+07		0.153678		2.87461		528.88		6.96732e+06		526.894			00:00:53:450		6.83362e+06		100.049		36.3235		0		0		309.855		
00:00:53:350		1.54685e+07		0.153711		2.87445		528.882		6.96731e+06		526.896			00:00:53:350		6.83362e+06		100.049		36.3235		0		0		309.855		
00:00:53:250		1.54685e+07		0.153745		2.87436		528.882		6.96731e+06		526.897			00:00:53:250		6.83361e+06		100.049		36.3235		0		0		309.855		
00:00:53:149		1.54685e+07		0.153778		2.87424		528.884		6.9673e+06		526.898			00:00:53:149		6.8336e+06		100.049		36.3238		0		0		309.855		
00:00:53:049		1.54685e+07		0.153811		2.87416		528.884		6.96729e+06		526.898			00:00:53:049		6.83359e+06		100.049		36.3238		0		0		309.855		
00:00:53:049		1.54685e+07		0.153811		2.87416		528.884		6.96729e+06		526.898			00:00:53:049		6.83359e+06		100.049		36.3238		0		0		309.855		
00:00:52:850		1.54685e+07		0.153879		2.87391		528.887		6.96728e+06		526.909			00:00:52:850		6.83358e+06		100.049		36.3241		0		0		309.855		
00:00:52:750		1.54685e+07		0.153913		2.87378		528.889		6.96727e+06		526.905			00:00:52:750		6.83357e+06		100.049		36.3241		0		0		309.855		
00:00:52:649		1.54685e+07		0.153946		2.8737		528.889		6.96727e+06		526.905			00:00:52:649		6.83356e+06		100.049		36.3244		0		0		309.855		
00:00:52:549		1.54685e+07		0.15398		2.87362		528.891		6.96726e+06		526.907			00:00:52:549		6.83356e+06		100.049		36.3244		0		0		309.855		
00:00:52:450		1.54685e+07		0.154014		2.87349		528.891		6.96725e+06		526.918			00:00:52:450		6.83354e+06		100.049		36.3246		0		0		309.855		
00:00:52:350		1.54686e+07		0.154047		2.87337		528.893		6.96725e+06		526.91			00:00:52:350		6.83354e+06		100.049		36.3246		0		0		309.855		
00:00:52:250		1.54686e+07		0.154081		2.87329		528.893		6.96724e+06		526.913			00:00:52:250		6.83353e+06		100.05		36.3246		0		0		309.855		
00:00:52:250		1.54686e+07		0.154081		2.87329		528.893		6.96724e+06		526.913			00:00:52:250		6.83353e+06		100.05		36.3246		0		0		309.855		
00:00:52:149		1.54686e+07		0.154115		2.87316		528.895		6.96723e+06		526.914			00:00:52:149		6.83352e+06		100.05		36.3249		0		0		309.855		
00:00:51:950		1.54686e+07		0.154182		2.87295		528.898		6.96722e+06		526.922			00:00:51:950		6.83351e+06		100.05		36.3252		0		0		309.855		
00:00:51:950		1.54686e+07		0.154182		2.87295		528.898		6.96722e+06		526.922			00:00:51:950		6.83351e+06		100.05		36.3252		0		0		309.855		
00:00:51:850		1.54686e+07		0.154216		2.87283		528.898		6.96721e+06		526.919			00:00:51:850		6.8335e+06		100.05		36.3252		0		0		309.855		
00:00:51:649		1.54686e+07		0.154284		2.87262		528.9		6.9672e+06		526.922			00:00:51:649		6.83349e+06		100.05		36.3255		0		0		309.855		
00:00:51:549		1.54686e+07		0.154318		2.8725		528.902		6.96719e+06		526.923			00:00:51:549		6.83348e+06		100.05		36.3255		0		0		309.855		
00:00:51:549		1.54686e+07		0.154318		2.8725		528.902		6.96719e+06		526.923			00:00:51:549		6.83348e+06		100.05		36.3255		0		0		309.855		
00:00:51:450		1.54687e+07		0.154352		2.87242		528.904		6.96719e+06		526.918			00:00:51:450		6.83347e+06		100.05		36.3258		0		0		309.855		
00:00:51:350		1.54687e+07		0.154387		2.87229		528.906		6.96718e+06		526.926			00:00:51:350		6.83346e+06		100.05		36.3258		0		0		309.855		
00:00:51:250		1.54687e+07		0.154421		2.87221		528.906		6.96717e+06		526.929			00:00:51:250		6.83346e+06		100.05		36.3258		0		0		309.855		
00:00:51:149		1.54687e+07		0.154455		2.87209		528.908		6.96717e+06		526.93			00:00:51:149		6.83345e+06		100.05		36.326		0		0		309.855		
00:00:51:000		1.54687e+07		0.154506		2.87192		528.91		6.96716e+06		526.932			00:00:51:000		6.83344e+06		100.05		36.326		0		0		309.855		
00:00:50:899		1.54687e+07		0.154541		2.87179		528.91		6.96715e+06		526.933			00:00:50:899		6.83343e+06		100.05		36.3263		0		0		309.855		
00:00:50:799		1.54687e+07		0.154575		2.87171		528.911		6.96714e+06		526.936			00:00:50:799		6.83342e+06		100.05		36.3263		0		0		309.855		
00:00:50:600		1.54687e+07		0.154644		2.87151		528.913		6.96713e+06		526.937			00:00:50:600		6.83341e+06		100.05		36.3266		0		0		309.855		
00:00:50:600		1.54687e+07		0.154644		2.87151		528.913		6.96713e+06		526.937			00:00:50:600		6.83341e+06		100.05		36.3266		0		0		309.855		
00:00:50:500		1.54688e+07		0.154678		2.87138		528.915		6.96713e+06		526.932			00:00:50:500		6.8334e+06		100.05		36.3266		0		0		309.855		
00:00:50:399		1.54688e+07		0.154713		2.87126		528.915		6.96712e+06		526.943			00:00:50:399		6.83339e+06		100.05		36.3269		0		0		309.855		
00:00:50:299		1.54688e+07		0.154747		2.87113		528.917		6.96711e+06		526.944			00:00:50:299		6.83339e+06		100.05		36.3269		0		0		309.855		
00:00:50:200		1.54688e+07		0.154781		2.87105		528.917		6.96711e+06		526.946			00:00:50:200		6.83338e+06		100.05		36.3272		0		0		309.855		
00:00:50:100		1.54688e+07		0.154816		2.87097		528.919		6.9671e+06		526.947			00:00:50:100		6.83337e+06		100.05		36.3272		0		0		309.855		
00:00:49:899		1.54688e+07		0.154885		2.87077		528.922		6.96709e+06		526.95			00:00:49:899		6.83336e+06		100.05		36.3274		0		0		309.854		
00:00:49:899		1.54688e+07		0.154885		2.87077		528.922		6.96709e+06		526.95			00:00:49:899		6.83336e+06		100.05		36.3274		0		0		309.854		
00:00:49:799		1.54688e+07		0.15492		2.87068		528.922		6.96708e+06		526.952			00:00:49:799		6.83335e+06		100.05		36.3274		0		0		309.854		
00:00:49:600		1.54689e+07		0.15499		2.87043		528.924		6.96707e+06		526.953			00:00:49:600		6.83334e+06		100.05		36.3277		0		0		309.854		
00:00:49:600		1.54689e+07		0.15499		2.87043		528.924		6.96707e+06		526.953			00:00:49:600		6.83334e+06		100.05		36.3277		0		0		309.854		
00:00:49:500		1.54689e+07		0.155025		2.87031		528.926		6.96706e+06		526.953			00:00:49:500		6.83333e+06		100.051		36.3277		0		0		309.854		
00:00:49:399		1.54689e+07		0.155059		2.87023		528.928		6.96706e+06		526.953			00:00:49:399		6.83332e+06		100.051		36.328		0		0		309.854		
00:00:49:299		1.54689e+07		0.155094		2.87015		528.928		6.96705e+06		526.96			00:00:49:299		6.83332e+06		100.051		36.328		0		0		309.854		
00:00:49:200		1.54689e+07		0.155129		2.87002		528.93		6.96705e+06		526.96			00:00:49:200		6.83331e+06		100.051		36.3283		0		0		309.854		
00:00:49:100		1.54689e+07		0.155164		2.8699		528.932		6.96704e+06		526.96			00:00:49:100		6.83331e+06		100.051		36.3283		0		0		309.854		
00:00:48:950		1.54689e+07		0.155217		2.86974		528.933		6.96703e+06		526.965			00:00:48:950		6.83329e+06		100.051		36.3286		0		0		309.854		
00:00:48:899		1.54689e+07		0.155234		2.86969		528.933		6.96703e+06		526.965			00:00:48:899		6.83329e+06		100.051		36.3286		0		0		309.854		
00:00:48:750		1.5469e+07		0.155287		2.86957		528.935		6.96702e+06		526.966			00:00:48:750		6.83328e+06		100.051		36.3286		0		0		309.854		
00:00:48:600		1.5469e+07		0.155339		2.86941		528.937		6.96701e+06		526.967			00:00:48:600		6.83327e+06		100.051		36.3288		0		0		309.854		
00:00:48:600		1.5469e+07		0.155339		2.86941		528.937		6.96701e+06		526.967			00:00:48:600		6.83327e+06		100.051		36.3288		0		0		309.854		
00:00:48:500		1.5469e+07		0.155375		2.86928		528.939		6.967e+06		526.97			00:00:48:500		6.83327e+06		100.051		36.3288		0		0		309.854		
00:00:48:399		1.5469e+07		0.155427		2.86916		528.941		6.96699e+06		526.972			00:00:48:399		6.83325e+06		100.051		36.3291		0		0		309.854		
00:00:48:250		1.5469e+07		0.155462		2.86904		528.943		6.96699e+06		526.973			00:00:48:250		6.83325e+06		100.051		36.3291		0		0		309.854		
00:00:48:149		1.5469e+07		0.155498		2.86891		528.943		6.96698e+06		526.973			00:00:48:149		6.83324e+06		100.051		36.3294		0		0		309.854		
00:00:48:049		1.5469e+07		0.155533		2.86883		528.945		6.96698e+06		526.977			00:00:48:049		6.83324e+06		100.051		36.3294		0		0		309.854		
00:00:47:950		1.54691e+07		0.155568		2.86871		528.946		6.96697e+06		526.977			00:00:47:950		6.83323e+06		100.051		36.3297		0		0		309.854		
00:00:47:850		1.54691e+07		0.155604		2.86863		528.946		6.96697e+06		526.978			00:00:47:850		6.83322e+06		100.051		36.3297		0		0		309.854		
00:00:47:649		1.54691e+07		0.155674		2.86847		528.95		6.96695e+06		526.974			00:00:47:649		6.83321e+06		100.051		36.33		0		0		309.854		
00:00:47:549		1.54691e+07		0.15571		2.86834		528.952		6.96695e+06		526.983			00:00:47:549		6.8332e+06		100.051		36.33		0		0		309.854		
00:00:47:549		1.54691e+07		0.15571		2.86834		528.952		6.96695e+06		526.983			00:00:47:549		6.8332e+06		100.051		36.33		0		0		309.854		
00:00:47:450		1.54691e+07		0.155746		2.86822		528.952		6.96694e+06		526.984			00:00:47:450		6.8332e+06		100.051		36.3302		0		0		309.854		
00:00:47:450		1.54691e+07		0.155746		2.86822		528.952		6.96694e+06		526.984			00:00:47:450		6.8332e+06		100.051		36.3302		0		0		309.854		
00:00:47:350		1.54691e+07		0.155781		2.86809		528.954		6.96694e+06		526.985			00:00:47:350		6.83319e+06		100.051		36.3302		0		0		309.854		
00:00:47:200		1.54691e+07		0.155835		2.86797		528.956		6.96693e+06		526.986			00:00:47:200		6.83318e+06		100.051		36.3305		0		0		309.854		
00:00:47:100		1.54692e+07		0.15587		2.86785		528.957		6.96692e+06		526.985			00:00:47:100		6.83317e+06		100.051		36.3305		0		0		309.854		
00:00:47:000		1.54692e+07		0.155906		2.86777		528.959		6.96692e+06		526.983			00:00:47:000		6.83317e+06		100.051		36.3305		0		0		309.854		
00:00:46:850		1.54692e+07		0.15596		2.8676		528.959		6.96691e+06		526.993			00:00:46:850		6.83316e+06		100.051		36.3308		0		0		309.854		
00:00:46:649		1.54692e+07		0.156031		2.8674		528.963		6.9669e+06		526.995			00:00:46:649		6.83314e+06		100.052		36.3311		0		0		309.854		
00:00:46:549		1.54692e+07		0.156067		2.86727		528.965		6.96689e+06		526.996			00:00:46:549		6.83314e+06		100.052		36.3311		0		0		309.854		
00:00:46:549		1.54692e+07		0.156067		2.86727		528.965		6.96689e+06		526.996			00:00:46:549		6.83314e+06		100.052		36.3311		0		0		309.854		
00:00:46:450		1.54692e+07		0.156103		2.86724		528.965		6.96689e+06		526.997			00:00:46:450		6.83313e+06		100.052		36.3314		0		0		309.854		
00:00:46:350		1.54693e+07		0.156138		2.86707		528.967		6.96688e+06		526.998			00:00:46:350		6.83313e+06		100.052		36.3314		0		0		309.854		
00:00:46:250		1.54693e+07		0.156174		2.86699		528.969		6.96688e+06		526.999			00:00:46:250		6.83312e+06		100.052		36.3314		0		0		309.854		
00:00:46:149		1.54693e+07		0.156211		2.86695		528.97		6.96687e+06		527			00:00:46:149		6.83311e+06		100.052		36.3316		0		0		309.854		
00:00:46:049		1.54693e+07		0.156247		2.86683		528.972		6.96686e+06		527.001			00:00:46:049		6.83311e+06		100.052		36.3316		0		0		309.854		
00:00:45:950		1.54693e+07		0.156282		2.86675		528.974		6.96686e+06		527.002			00:00:45:950		6.8331e+06		100.052		36.3319		0		0		309.854		
00:00:45:950		1.54693e+07		0.156282		2.86675		528.974		6.96686e+06		527.002			00:00:45:950		6.8331e+06		100.052		36.3319		0		0		309.854		
00:00:45:850		1.54693e+07		0.156319		2.86663		528.974		6.96685e+06		527.002			00:00:45:850		6.8331e+06		100.052		36.3319		0		0		309.854		
00:00:45:649		1.54693e+07		0.156391		2.86642		528.978		6.96684e+06		527.005			00:00:45:649		6.83308e+06		100.052		36.3322		0		0		309.853		
00:00:45:649		1.54693e+07		0.156391		2.86642		528.978		6.96684e+06		527.005			00:00:45:649		6.83308e+06		100.052		36.3322		0		0		309.853		
00:00:45:549		1.54694e+07		0.156427		2.86634		528.978		6.96684e+06		527.005			00:00:45:549		6.83308e+06		100.052		36.3322		0		0		309.853		
00:00:45:299		1.54694e+07		0.156518		2.8661		528.981		6.96682e+06		527.022			00:00:45:299		6.83306e+06		100.052		36.3325		0		0		309.853		
00:00:45:299		1.54694e+07		0.156518		2.8661		528.981		6.96682e+06		527.022			00:00:45:299		6.83306e+06		100.052		36.3325		0		0		309.853		
00:00:45:200		1.54694e+07		0.156554		2.86597		528.983		6.96682e+06		527.011			00:00:45:200		6.83306e+06		100.052		36.3328		0		0		309.853		
00:00:45:100		1.54694e+07		0.15659		2.86589		528.985		6.96681e+06		527.012			00:00:45:100		6.83305e+06		100.052		36.3328		0		0		309.853		
00:00:44:899		1.54694e+07		0.156663		2.86569		528.987		6.9668e+06		527.014			00:00:44:899		6.83304e+06		100.052		36.333		0		0		309.853		
00:00:44:899		1.54694e+07		0.156663		2.86569		528.987		6.9668e+06		527.014			00:00:44:899		6.83304e+06		100.052		36.333		0		0		309.853		
00:00:44:799		1.54695e+07		0.156699		2.86561		528.989		6.9668e+06		527.015			00:00:44:799		6.83303e+06		100.052		36.333		0		0		309.853		
00:00:44:700		1.54695e+07		0.156736		2.86549		528.991		6.96679e+06		527.016			00:00:44:700		6.83303e+06		100.052		36.3333		0		0		309.853		
00:00:44:600		1.54695e+07		0.156773		2.86541		528.991		6.96679e+06		527.016			00:00:44:600		6.83302e+06		100.052		36.3333		0		0		309.853		
00:00:44:500		1.54695e+07		0.156809		2.86528		528.992		6.96678e+06		527.023			00:00:44:500		6.83302e+06		100.052		36.3333		0		0		309.853		
00:00:44:399		1.54695e+07		0.156846		2.8652		528.994		6.96678e+06		527.019			00:00:44:399		6.83301e+06		100.052		36.3336		0		0		309.853		
00:00:44:299		1.54695e+07		0.156882		2.86512		528.996		6.96677e+06		527.022			00:00:44:299		6.833e+06		100.052		36.3336		0		0		309.853		
00:00:44:200		1.54695e+07		0.156919		2.865		528.996		6.96677e+06		527.022			00:00:44:200		6.833e+06		100.053		36.3339		0		0		309.853		
00:00:44:100		1.54695e+07		0.156956		2.86492		528.998		6.96676e+06		527.023			00:00:44:100		6.83299e+06		100.053		36.3339		0		0		309.853		
00:00:44:000		1.54696e+07		0.156992		2.86484		529		6.96676e+06		527.024			00:00:44:000		6.83299e+06		100.053		36.3339		0		0		309.853		
00:00:43:899		1.54696e+07		0.157029		2.86471		529.004		6.96675e+06		527.03			00:00:43:899		6.83298e+06		100.053		36.3342		0		0		309.853		
00:00:43:799		1.54696e+07		0.157065		2.86459		529.004		6.96675e+06		527.026			00:00:43:799		6.83298e+06		100.053		36.3342		0		0		309.853		
00:00:43:600		1.54696e+07		0.157139		2.86443		529.005		6.96674e+06		527.034			00:00:43:600		6.83296e+06		100.053		36.3344		0		0		309.853		
00:00:43:600		1.54696e+07		0.157139		2.86443		529.005		6.96674e+06		527.034			00:00:43:600		6.83296e+06		100.053		36.3344		0		0		309.853		
00:00:43:500		1.54696e+07		0.157176		2.86431		529.007		6.96673e+06		527.03			00:00:43:500		6.83296e+06		100.053		36.3344		0		0		309.853		
00:00:43:399		1.54696e+07		0.157212		2.86423		529.009		6.96673e+06		527.031			00:00:43:399		6.83295e+06		100.053		36.3347		0		0		309.853		
00:00:43:299		1.54697e+07		0.157249		2.86415		529.009		6.96672e+06		527.032			00:00:43:299		6.83295e+06		100.053		36.3347		0		0		309.853		
00:00:43:200		1.54697e+07		0.157286		2.86403		529.011		6.96672e+06		527.034			00:00:43:200		6.83294e+06		100.053		36.335		0		0		309.853		
00:00:43:100		1.54697e+07		0.157323		2.86395		529.013		6.96671e+06		527.035			00:00:43:100		6.83294e+06		100.053		36.335		0		0		309.853		
00:00:43:000		1.54697e+07		0.157361		2.86387		529.015		6.96671e+06		527.035			00:00:43:000		6.83293e+06		100.053		36.335		0		0		309.853		
00:00:42:899		1.54697e+07		0.157397		2.86374		529.016		6.9667e+06		527.036			00:00:42:899		6.83292e+06		100.053		36.3353		0		0		309.853		
00:00:42:700		1.54697e+07		0.157472		2.86358		529.018		6.96669e+06		527.03			00:00:42:700		6.83292e+06		100.053		36.3356		0		0		309.853		
00:00:42:600		1.54698e+07		0.157508		2.86346		529.02		6.96669e+06		527.032			00:00:42:600		6.83291e+06		100.053		36.3356		0		0		309.853		
00:00:42:600		1.54698e+07		0.157508		2.86346		529.02		6.96669e+06		527.032			00:00:42:600		6.83291e+06		100.053		36.3356		0		0		309.853		
00:00:42:450		1.54698e+07		0.157564		2.8633		529.022		6.96668e+06		527.04			00:00:42:450		6.8329e+06		100.053		36.3358		0		0		309.853		
00:00:42:350		1.54698e+07		0.157601		2.86322		529.024		6.96667e+06		527.04			00:00:42:350		6.8329e+06		100.053		36.3358		0		0		309.853		
00:00:42:250		1.54698e+07		0.157639		2.86314		529.026		6.96667e+06		527.035			00:00:42:250		6.83289e+06		100.053		36.3358		0		0		309.853		
00:00:42:149		1.54698e+07		0.157676		2.86306		529.026		6.96667e+06		527.043			00:00:42:149		6.83288e+06		100.053		36.3361		0		0		309.853		
00:00:42:049		1.54698e+07		0.157713		2.86294		529.028		6.96666e+06		527.045			00:00:42:049		6.83288e+06		100.053		36.3361		0		0		309.853		
00:00:41:950		1.54698e+07		0.15775		2.86286		529.029		6.96666e+06		527.046			00:00:41:950		6.83287e+06		100.053		36.3364		0		0		309.853		
00:00:41:850		1.54699e+07		0.157788		2.86278		529.031		6.96665e+06		527.046			00:00:41:850		6.83287e+06		100.053		36.3364		0		0		309.853		
00:00:41:649		1.54699e+07		0.157863		2.86258		529.033		6.96664e+06		527.05			00:00:41:649		6.83286e+06		100.053		36.3367		0		0		309.853		
00:00:41:549		1.54699e+07		0.1579		2.8625		529.035		6.96664e+06		527.051			00:00:41:549		6.83285e+06		100.053		36.3367		0		0		309.853		
00:00:41:549		1.54699e+07		0.1579		2.8625		529.035		6.96664e+06		527.051			00:00:41:549		6.83285e+06		100.053		36.3367		0		0		309.853		
00:00:41:450		1.54699e+07		0.157937		2.86242		529.037		6.96663e+06		527.051			00:00:41:450		6.83285e+06		100.054		36.337		0		0		309.853		
00:00:41:350		1.54699e+07		0.157975		2.86234		529.039		6.96663e+06		527.052			00:00:41:350		6.83284e+06		100.054		36.337		0		0		309.853		
00:00:41:250		1.54699e+07		0.158012		2.86222		529.04		6.96662e+06		527.052			00:00:41:250		6.83284e+06		100.054		36.337		0		0		309.853		
00:00:41:250		1.54699e+07		0.158012		2.86222		529.04		6.96662e+06		527.052			00:00:41:250		6.83284e+06		100.054		36.337		0		0		309.853		
00:00:41:149		1.547e+07		0.15805		2.86213		529.042		6.96662e+06		527.059			00:00:41:149		6.83283e+06		100.054		36.3373		0		0		309.853		
00:00:40:950		1.547e+07		0.158125		2.86193		529.044		6.96661e+06		527.044			00:00:40:950		6.83282e+06		100.054		36.3375		0		0		309.853		
00:00:40:950		1.547e+07		0.158125		2.86193		529.044		6.96661e+06		527.044			00:00:40:950		6.83282e+06		100.054		36.3375		0		0		309.853		
00:00:40:850		1.547e+07		0.158163		2.86181		529.046		6.96661e+06		527.065			00:00:40:850		6.83282e+06		100.054		36.3375		0		0		309.853		
00:00:40:649		1.547e+07		0.158237		2.86165		529.05		6.9666e+06		527.057			00:00:40:649		6.83281e+06		100.054		36.3378		0		0		309.853		
00:00:40:549		1.547e+07		0.158276		2.86157		529.052		6.96659e+06		527.051			00:00:40:549		6.8328e+06		100.054		36.3378		0		0		309.853		
00:00:40:549		1.547e+07		0.158276		2.86157		529.052		6.96659e+06		527.051			00:00:40:549		6.8328e+06		100.054		36.3378		0		0		309.853		
00:00:40:450		1.54701e+07		0.158313		2.86149		529.052		6.96659e+06		527.06			00:00:40:450		6.8328e+06		100.054		36.3381		0		0		309.853		
00:00:40:350		1.54701e+07		0.15835		2.86141		529.053		6.96658e+06		527.06			00:00:40:350		6.83279e+06		100.054		36.3381		0		0		309.853		
00:00:40:200		1.54701e+07		0.158408		2.86125		529.055		6.96658e+06		527.062			00:00:40:200		6.83278e+06		100.054		36.3384		0		0		309.853		
00:00:40:100		1.54701e+07		0.158445		2.86117		529.057		6.96657e+06		527.062			00:00:40:100		6.83278e+06		100.054		36.3384		0		0		309.853		
00:00:40:000		1.54701e+07		0.158483		2.86105		529.059		6.96657e+06		527.062			00:00:40:000		6.83278e+06		100.054		36.3384		0		0		309.853		
00:00:39:899		1.54701e+07		0.158521		2.86097		529.061		6.96656e+06		527.065			00:00:39:899		6.83277e+06		100.054		36.3387		0		0		309.853		
00:00:39:799		1.54702e+07		0.158558		2.86089		529.063		6.96656e+06		527.065			00:00:39:799		6.83277e+06		100.054		36.3387		0		0		309.852		
00:00:39:600		1.54702e+07		0.158634		2.86069		529.066		6.96655e+06		527.067			00:00:39:600		6.83276e+06		100.054		36.3389		0		0		309.852		
00:00:39:600		1.54702e+07		0.158634		2.86069		529.066		6.96655e+06		527.067			00:00:39:600		6.83276e+06		100.054		36.3389		0		0		309.852		
00:00:39:500		1.54702e+07		0.158672		2.86066		529.068		6.96655e+06		527.067			00:00:39:500		6.83275e+06		100.054		36.3389		0		0		309.852		
00:00:39:399		1.54702e+07		0.15871		2.86053		529.068		6.96654e+06		527.067			00:00:39:399		6.83275e+06		100.054		36.3392		0		0		309.852		
00:00:39:299		1.54702e+07		0.158748		2.86045		529.07		6.96654e+06		527.08			00:00:39:299		6.83274e+06		100.054		36.3392		0		0		309.852		
00:00:39:200		1.54702e+07		0.158786		2.86037		529.072		6.96653e+06		527.061			00:00:39:200		6.83274e+06		100.054		36.3395		0		0		309.852		
00:00:39:100		1.54703e+07		0.158824		2.8603		529.074		6.96653e+06		527.072			00:00:39:100		6.83273e+06		100.054		36.3395		0		0		309.852		
00:00:38:950		1.54703e+07		0.1589		2.8601		529.077		6.96652e+06		527.071			00:00:38:950		6.83273e+06		100.055		36.3398		0		0		309.852		
00:00:38:950		1.54703e+07		0.1589		2.8601		529.077		6.96652e+06		527.071			00:00:38:950		6.83273e+06		100.055		36.3398		0		0		309.852		
00:00:38:799		1.54703e+07		0.158938		2.85997		529.079		6.96652e+06		527.071			00:00:38:799		6.83272e+06		100.055		36.3398		0		0		309.852		
00:00:38:600		1.54703e+07		0.159014		2.85982		529.081		6.96651e+06		527.065			00:00:38:600		6.83271e+06		100.055		36.3401		0		0		309.852		
00:00:38:600		1.54703e+07		0.159014		2.85982		529.081		6.96651e+06		527.065			00:00:38:600		6.83271e+06		100.055		36.3401		0		0		309.852		
00:00:38:500		1.54704e+07		0.159053		2.85974		529.083		6.96651e+06		527.076			00:00:38:500		6.83270e+06		100.055		36.3401		0		0		309.852		
00:00:38:399		1.54704e+07		0.159091		2.85961		529.085		6.9665e+06		527.075			00:00:38:399		6.8327e+06		100.055		36.3404		0		0		309.852		
00:00:38:299		1.54704e+07		0.159129		2.85958		529.087		6.9665e+06		527.075			00:00:38:299		6.8327e+06		100.055		36.3404		0		0		309.852		
00:00:38:200		1.54704e+07		0.159167		2.8595		529.088		6.96649e+06		527.075			00:00:38:200		6.83269e+06		100.055		36.3406		0		0		309.852		
00:00:38:100		1.54704e+07		0.159205		2.85938		529.09		6.96649e+06		527.075			00:00:38:100		6.83269e+06		100.055		36.3406		0		0		309.852		
00:00:38:000		1.54704e+07		0.159244		2.8593		529.092		6.96648e+06		527.08			00:00:38:000		6.83269e+06		100.055		36.3406		0		0		309.852		
00:00:37:899		1.54705e+07		0.159282		2.85922		529.092		6.96648e+06		527.07			00:00:37:899		6.83268e+06		100.055		36.3409		0		0		309.852		
00:00:37:799		1.54705e+07		0.15932		2.85914		529.096		6.96648e+06		527.08			00:00:37:799		6.83268e+06		100.055		36.3409		0		0		309.852		
00:00:37:700		1.54705e+07		0.159359		2.85906		529.098		6.96647e+06		527.08			00:00:37:700		6.83267e+06		100.055		36.3412		0		0		309.852		
00:00:37:600		1.54705e+07		0.159397		2.85894		529.099		6.96647e+06		527.082			00:00:37:600		6.83267e+06		100.055		36.3412		0		0		309.852		
00:00:37:450		1.54705e+07		0.159454		2.85882		529.101		6.96646e+06		527.082			00:00:37:450		6.83266e+06		100.055		36.3415		0		0		309.852		
00:00:37:350		1.54705e+07		0.159492		2.85879		529.103		6.96646e+06		527.082			00:00:37:350		6.83266e+06		100.055		36.3415		0		0		309.852		
00:00:37:250		1.54706e+07		0.159531		2.85871		529.105		6.96646e+06		527.083			00:00:37:250		6.83265e+06		100.055		36.3415		0		0		309.852		
00:00:37:149		1.54706e+07		0.159569		2.85859		529.107		6.96645e+06		527.083			00:00:37:149		6.83265e+06		100.055		36.3418		0		0		309.852		
00:00:37:049		1.54706e+07		0.159607		2.85847		529.109		6.96645e+06		527.083			00:00:37:049		6.83264e+06		100.055		36.3418		0		0		309.852		
00:00:36:950		1.54706e+07		0.159646		2.85839		529.111		6.96644e+06		527.084			00:00:36:950		6.83264e+06		100.055		36.3421		0		0		309.852		
00:00:36:850		1.54706e+07		0.159684		2.85831		529.112		6.96644e+06		527.084			00:00:36:850		6.83264e+06		100.055		36.3421		0		0		309.852		
00:00:36:750		1.54706e+07		0.159723		2.85823		529.114		6.96644e+06		527.085			00:00:36:750		6.83263e+06		100.055		36.3421		0		0		309.852		
00:00:36:649		1.54707e+07		0.159761		2.85815		529.116		6.96643e+06		527.084			00:00:36:649		6.83263e+06		100.055		36.3423		0		0		309.852		
00:00:36:549		1.54707e+07		0.1598		2.85808		529.118		6.96643e+06		527.084			00:00:36:549		6.83262e+06		100.055		36.3423		0		0		309.852		
00:00:36:549		1.54707e+07		0.1598		2.85808		529.118		6.96643e+06		527.084			00:00:36:549		6.83262e+06		100.055		36.3423		0		0		309.852		
00:00:36:450		1.54707e+07		0.159839		2.85795		529.118		6.96643e+06		527.085			00:00:36:450		6.83262e+06		100.055		36.3426		0		0		309.852		
00:00:36:350		1.54707e+07		0.159877		2.85792		529.12		6.96642e+06		527.085			00:00:36:350		6.83262e+06		100.055		36.3426		0		0		309.852		
00:00:36:250		1.54707e+07		0.159915		2.85784		529.122		6.96642e+06		527.086			00:00:36:250		6.83261e+06		100.056		36.3426		0		0		309.852		
00:00:36:149		1.54707e+07		0.159954		2.85772		529.125		6.96641e+06		527.085			00:00:36:149		6.83261e+06		100.056		36.3429		0		0		309.852		
00:00:36:049		1.54707e+07		0.159992		2.85768		529.127		6.96641e+06		527.079			00:00:36:049		6.8326e+06		100.056		36.3429		0		0		309.852		
00:00:35:950		1.54708e+07		0.160031		2.85752		529.127		6.96641e+06		527.099			00:00:35:950		6.8326e+06		100.056		36.3432		0		0		309.852		
00:00:35:850		1.54708e+07		0.160069		2.85744		529.129		6.9664e+06		527.075			00:00:35:850		6.83259e+06		100.056		36.3432		0		0		309.852		
00:00:35:649		1.54708e+07		0.160147		2.85733		529.133		6.9664e+06		527.089			00:00:35:649		6.83259e+06		100.056		36.3435		0		0		309.852		
00:00:35:549		1.54708e+07		0.160185		2.85721		529.134		6.96639e+06		527.089			00:00:35:549		6.83258e+06		100.056		36.3435		0		0		309.852		
00:00:35:549		1.54708e+07		0.160185		2.85721		529.134		6.96639e+06		527.089			00:00:35:549		6.83258e+06		100.056		36.3435		0		0		309.852		
00:00:35:450		1.54708e+07		0.160224		2.85713		529.136		6.96639e+06		527.089			00:00:35:450		6.83258e+06		100.056		36.3437		0		0		309.852		
00:00:35:299		1.54709e+07		0.160282		2.85706		529.14		6.96638e+06		527.091			00:00:35:299		6.83257e+06		100.056		36.3437		0		0		309.852		
00:00:35:200		1.54709e+07		0.160321		2.85693		529.142		6.96638e+06		527.087			00:00:35:200		6.83257e+06		100.056		36.344		0		0		309.852		
00:00:35:100		1.54709e+07		0.16036		2.85681		529.144		6.96638e+06		527.077			00:00:35:100		6.83256e+06		100.056		36.344		0		0		309.852		
00:00:35:000		1.54709e+07		0.160398		2.85673		529.146		6.96637e+06		527.091			00:00:35:000		6.83256e+06		100.056		36.344		0		0		309.852		
00:00:34:899		1.54709e+07		0.160437		2.8567		529.147		6.96637e+06		527.09			00:00:34:899		6.83256e+06		100.056		36.3443		0		0		309.852		
00:00:34:799		1.5471e+07		0.160476		2.85658		529.149		6.96637e+06		527.09			00:00:34:799		6.83256e+06		100.056		36.3443		0		0		309.852		
00:00:34:600		1.5471e+07		0.160553		2.85642		529.153		6.96636e+06		527.091			00:00:34:600		6.83255e+06		100.056		36.3446		0		0		309.852		
00:00:34:500		1.5471e+07		0.160592		2.8563		529.155		6.96635e+06		527.09			00:00:34:500		6.83254e+06		100.056		36.3446		0		0		309.852		
00:00:34:500		1.5471e+07		0.160592		2.8563		529.155		6.96635e+06		527.09			00:00:34:500		6.83254e+06		100.056		36.3446		0		0		309.852		
00:00:34:399		1.5471e+07		0.160631		2.85627		529.157		6.96635e+06		527.088			00:00:34:399		6.83254e+06		100.056		36.3449		0		0		309.852		
00:00:34:299		1.5471e+07		0.160669		2.85614		529.158		6.96635e+06		527.104			00:00:34:299		6.83254e+06		100.056		36.3449		0		0		309.852		
00:00:34:200		1.54711e+07		0.160708		2.85607		529.16		6.96634e+06		527.093			00:00:34:200		6.83253e+06		100.056		36.3452		0		0		309.852		
00:00:34:100		1.54711e+07		0.160747		2.85603		529.162		6.96634e+06		527.092			00:00:34:100		6.83253e+06		100.056		36.3452		0		0		309.852		
00:00:34:000		1.54711e+07		0.160786		2.85591		529.164		6.96634e+06		527.092			00:00:34:000		6.83253e+06		100.056		36.3452		0		0		309.852		
00:00:33:899		1.54711e+07		0.160824		2.85583		529.166		6.96633e+06		527.09			00:00:33:899		6.83252e+06		100.056		36.3454		0		0		309.852		
00:00:33:799		1.54711e+07		0.160863		2.85576		529.168		6.96633e+06		527.087			00:00:33:799		6.83252e+06		100.056		36.3454		0		0		309.852		
00:00:33:700		1.54711e+07		0.160902		2.85572		529.169		6.96633e+06		527.105			00:00:33:700		6.83252e+06		100.056		36.3457		0		0		309.852		
00:00:33:600		1.54712e+07		0.160941		2.8556		529.171		6.96632e+06		527.083			00:00:33:600		6.83251e+06		100.056		36.3457		0		0		309.852		
00:00:33:500		1.54712e+07		0.16098		2.85548		529.173		6.96632e+06		527.093			00:00:33:500		6.83251e+06		100.057		36.3457		0		0		309.852		
00:00:33:399		1.54712e+07		0.161019		2.85544		529.175		6.96632e+06		527.091			00:00:33:399		6.83251e+06		100.057		36.346		0		0		309.852		
00:00:33:299		1.54712e+07		0.161057		2.85532		529.177		6.96631e+06		527.094			00:00:33:299		6.8325e+06		100.057		36.346		0		0		309.852		
00:00:33:200		1.54712e+07		0.161097		2.85529		529.179		6.96631e+06		527.095			00:00:33:200		6.8325e+06		100.057		36.3463		0		0		309.852		
00:00:33:100		1.54712e+07		0.161135		2.85521		529.182		6.96631e+06		527.094			00:00:33:100		6.83249e+06		100.057		36.3463		0		0		309.852		
00:00:33:000		1.54713e+07		0.161174		2.85509		529.184		6.9663e+06		527.094			00:00:33:000		6.83249e+06		100.057		36.3463		0		0		309.852		
00:00:32:899		1.54713e+07		0.161213		2.85506		529.186		6.9663e+06		527.094			00:00:32:899		6.83249e+06		100.057		36.3466		0		0		309.852		
00:00:32:799		1.54713e+07		0.161252		2.85494		529.188		6.9663e+06		527.094			00:00:32:799		6.83248e+06		100.057		36.3466		0		0		309.852		
00:00:32:700		1.54713e+07		0.161291		2.85486		529.192		6.96629e+06		527.105			00:00:32:700		6.83248e+06		100.057		36.3469		0		0		309.852		
00:00:32:600		1.54713e+07		0.161329		2.85482		529.193		6.96629e+06		527.094			00:00:32:600		6.83248e+06		100.057		36.3469		0		0		309.852		
00:00:32:500		1.54714e+07		0.161368		2.85475		529.195		6.96629e+06		527.093			00:00:32:500		6.83247e+06		100.057		36.3469		0		0		309.852		
00:00:32:399		1.54714e+07		0.161407		2.85463		529.197		6.96628e+06		527.091			00:00:32:399		6.83247e+06		100.057		36.3471		0		0		309.852		
00:00:32:299		1.54714e+07		0.161446		2.85455		529.199		6.96628e+06		527.09			00:00:32:299		6.83247e+06		100.057		36.3471		0		0		309.852		
00:00:32:200		1.54714e+07		0.161485		2.85447		529.201		6.96628e+06		527.084			00:00:32:200		6.83247e+06		100.057		36.3474		0		0		309.852		
00:00:32:100		1.54714e+07		0.161524		2.85444		529.203		6.96627e+06		527.106			00:00:32:100		6.83246e+06		100.057		36.3474		0		0		309.852		
00:00:32:000		1.54714e+07		0.161563		2.85436		529.205		6.96627e+06		527.093			00:00:32:000		6.83246e+06		100.057		36.3474		0		0		309.852		
00:00:31:899		1.54715e+07		0.161602		2.85428		529.206		6.96627e+06		527.088			00:00:31:899		6.83245e+06		100.057		36.3477		0		0		309.852		
00:00:31:800		1.54715e+07		0.16164		2.85412		529.208		6.96626e+06		527.102			00:00:31:800		6.83245e+06		100.057		36.3477		0		0		309.852		
00:00:31:699		1.54715e+07		0.16168		2.85408		529.21		6.96626e+06		527.085			00:00:31:699		6.83244e+06		100.057		36.348		0		0		309.852		
00:00:31:600		1.54715e+07		0.161718		2.85401		529.212		6.96626e+06		527.087			00:00:31:600		6.83244e+06		100.057		36.348		0		0		309.852		
00:00:31:449		1.54715e+07		0.161777		2.85389		529.216		6.96625e+06		527.094			00:00:31:449		6.83244e+06		100.057		36.3483		0		0		309.852		
00:00:31:350		1.54716e+07		0.161816		2.85381		529.219		6.96625e+06		527.094			00:00:31:350		6.83244e+06		100.057		36.3483		0		0		309.852		
00:00:31:250		1.54716e+07		0.161854		2.85374		529.221		6.96625e+06		527.094			00:00:31:250		6.83243e+06		100.057		36.3483		0		0		309.852		
00:00:31:149		1.54716e+07		0.161893		2.85366		529.223		6.96624e+06		527.092			00:00:31:149		6.83243e+06		100.057		36.3485		0		0		309.852		
00:00:31:050		1.54716e+07		0.161932		2.85358		529.225		6.96624e+06		527.094			00:00:31:050		6.83243e+06		100.057		36.3485		0		0		309.852		
00:00:30:949		1.54716e+07		0.161971		2.85355		529.229		6.96624e+06		527.092			00:00:30:949		6.83242e+06		100.058		36.3488		0		0		309.852		
00:00:30:850		1.54716e+07		0.16201		2.85338		529.23		6.96623e+06		527.091			00:00:30:850		6.83242e+06		100.058		36.3488		0		0		309.852		
00:00:30:850		1.54716e+07		0.16201		2.85338		529.23		6.96623e+06		527.091			00:00:30:850		6.83242e+06		100.058		36.3488		0		0		309.852		
00:00:30:750		1.54717e+07		0.162048		2.85335		529.232		6.96623e+06		527.093			00:00:30:750		6.83242e+06		100.058		36.3488		0		0		309.852		
00:00:30:550		1.54717e+07		0.162126		2.8532		529.238		6.96622e+06		527.091			00:00:30:550		6.83241e+06		100.058		36.3491		0		0		309.852		
00:00:30:449		1.54717e+07		0.162126		2.8532		529.238		6.96622e+06		527.091			00:00:30:449		6.83241e+06		100.058		36.3491		0		0		309.852		
00:00:30:449		1.54717e+07		0.162165		2.85312		529.24		6.96622e+06		527.097			00:00:30:449		6.83241e+06		100.058		36.3494		0		0		309.852		
00:00:30:350		1.54717e+07		0.162203		2.85308		529.241		6.96622e+06		527.092			00:00:30:350		6.83240e+06		100.058		36.3494		0		0		309.852		
00:00:30:250		1.54718e+07		0.162243		2.85296		529.245		6.96621e+06		527.091			00:00:30:250		6.8324e+06		100.058		36.3494		0		0		309.852		
00:00:30:149		1.54718e+07		0.162282		2.85293		529.247		6.96621e+06		527.093			00:00:30:149		6.8324e+06		100.058		36.3497		0		0		309.852		
00:00:30:050		1.54718e+07		0.16232		2.85281		529.249		6.96621e+06		527.093			00:00:30:050		6.8324e+06		100.058		36.3497		0		0		309.852		
00:00:29:949		1.54718e+07		0.162359		2.85273		529.252		6.96621e+06		527.091			00:00:29:949		6.83239e+06		100.058		36.35		0		0		309.852		
00:00:29:850		1.54718e+07		0.162398		2.85266		529.254		6.9662e+06		527.09			00:00:29:850		6.83239e+06		100.058		36.35		0		0		309.852		
00:00:29:649		1.54719e+07		0.162475		2.85254		529.258		6.9662e+06		527.091			00:00:29:649		6.83238e+06		100.058		36.3502		0		0		309.852		
00:00:29:500		1.54719e+07		0.162533		2.85243		529.262		6.96619e+06		527.09			00:00:29:500		6.83238e+06		100.058		36.3502		0		0		309.852		
00:00:29:500		1.54719e+07		0.162533		2.85243		529.262		6.96619e+06		527.09			00:00:29:500		6.83238e+06		100.058		36.3502		0		0		309.852		
00:00:29:399		1.54719e+07		0.162571		2.85235		529.263		6.96619e+06		527.089			00:00:29:399		6.83238e+06		100.058		36.3505		0		0		309.852		
00:00:29:300		1.54719e+07		0.162611		2.85232		529.265		6.96619e+06		527.088			00:00:29:300		6.83237e+06		100.058		36.3505		0		0		309.851		
00:00:29:199		1.54719e+07		0.162649		2.85224		529.267		6.96618e+06		527.09			00:00:29:199		6.83237e+06		100.058		36.3508		0		0		309.851		
00:00:29:100		1.5472e+07		0.162688		2.85212		529.271		6.96618e+06		527.088			00:00:29:100		6.83237e+06		100.058		36.3508		0		0		309.851		
00:00:29:000		1.5472e+07		0.162726		2.85209		529.273		6.96618e+06		527.086			00:00:29:000		6.83237e+06		100.058		36.3508		0		0		309.851		
00:00:28:899		1.5472e+07		0.162765		2.85201		529.275		6.96617e+06		527.088			00:00:28:899		6.83236e+06		100.058		36.3511		0		0		309.851		
00:00:28:800		1.5472e+07		0.162804		2.85189		529.278		6.96617e+06		527.087			00:00:28:800		6.83236e+06		100.058		36.3511		0		0		309.851		
00:00:28:600		1.54721e+07		0.16288		2.85174		529.282		6.96616e+06		527.085			00:00:28:600		6.83235e+06		100.058		36.3514		0		0		309.851		
00:00:28:500		1.54721e+07		0.16292		2.85175		529.284		6.96616e+06		527.064			00:00:28:500		6.83235e+06		100.058		36.3514		0		0		309.851		
00:00:28:500		1.54721e+07		0.16292		2.85175		529.284		6.96616e+06		527.064			00:00:28:500		6.83235e+06		100.058		36.3514		0		0		309.851		
00:00:28:399		1.54721e+07		0.162958		2.85163		529.287		6.96616e+06		527.086			00:00:28:399		6.83235e+06		100.058		36.3517		0		0		309.851		
00:00:28:300		1.54721e+07		0.162996		2.85159		529.289		6.96615e+06		527.086			00:00:28:300		6.83234e+06		100.058		36.3517		0		0		309.851		
00:00:28:199		1.54721e+07		0.163035		2.85152		529.293		6.96615e+06		527.084			00:00:28:199		6.83234e+06		100.059		36.3519		0		0		309.851		
00:00:28:100		1.54721e+07		0.163074		2.85144		529.295		6.96615e+06		527.083			00:00:28:100		6.83234e+06		100.059		36.3519		0		0		309.851		
00:00:28:000		1.54722e+07		0.163112		2.85136		529.297		6.96615e+06		527.084			00:00:28:000		6.83234e+06		100.059		36.3519		0		0		309.851		
00:00:27:899		1.54722e+07		0.16315		2.85129		529.299		6.96614e+06		527.083			00:00:27:899		6.83233e+06		100.059		36.3522		0		0		309.851		
00:00:27:800		1.54722e+07		0.163188		2.85121		529.302		6.96614e+06		527.083			00:00:27:800		6.83233e+06		100.059		36.3522		0		0		309.851		
00:00:27:699		1.54722e+07		0.163227		2.85113		529.304		6.96614e+06		527.081			00:00:27:699		6.83233e+06		100.059		36.3525		0		0		309.851		
00:00:27:600		1.54722e+07		0.163265		2.8511		529.308		6.96613e+06		527.08			00:00:27:600		6.83233e+06		100.059		36.3525		0		0		309.851		
00:00:27:500		1.54723e+07		0.163304		2.85107		529.31		6.96613e+06		527.081			00:00:27:500		6.83232e+06		100.059		36.3525		0		0		309.851		
00:00:27:399		1.54723e+07		0.163342		2.85099		529.311		6.96613e+06		527.08			00:00:27:399		6.83232e+06		100.059		36.3528		0		0		309.851		
00:00:27:300		1.54723e+07		0.163381		2.85091		529.315		6.96612e+06		527.079			00:00:27:300		6.83232e+06		100.059		36.3528		0		0		309.851		
00:00:27:199		1.54723e+07		0.163419		2.85088		529.317		6.96612e+06		527.077			00:00:27:199		6.83232e+06		100.059		36.3531		0		0		309.851		
00:00:27:100		1.54723e+07		0.163457		2.85076		529.319		6.96612e+06		527.078			00:00:27:100		6.83231e+06		100.059		36.3531		0		0		309.851		
00:00:27:000		1.54723e+07		0.163495		2.85068		529.322		6.96612e+06		527.077			00:00:27:000		6.83231e+06		100.059		36.3531		0		0		309.851		
00:00:26:850		1.54724e+07		0.163552		2.85061		529.326		6.96611e+06		527.075			00:00:26:850		6.83231e+06		100.059		36.3534		0		0		309.851		
00:00:26:800		1.54724e+07		0.163571		2.85053		529.326		6.96611e+06		527.081			00:00:26:800		6.83230e+06		100.059		36.3534		0		0		309.851		
00:00:26:649		1.54724e+07		0.163629		2.85046		529.332		6.96611e+06		527.076			00:00:26:649		6.8323e+06		100.059		36.3536		0		0		309.851		
00:00:26:550		1.54724e+07		0.163667		2.85043		529.334		6.9661e+06		527.075			00:00:26:550		6.8323e+06		100.059		36.3536		0		0		309.851		
00:00:26:449		1.54725e+07		0.163705		2.85039		529.335		6.9661e+06		527.074			00:00:26:449		6.83229e+06		100.059		36.3539		0		0		309.851		
00:00:26:399		1.54725e+07		0.163724		2.85036		529.337		6.9661e+06		527.074			00:00:26:399		6.83229e+06		100.059		36.3539		0		0		309.851		
00:00:26:300		1.54725e+07		0.163781		2.85024		529.341		6.96609e+06		527.071			00:00:26:300		6.83229e+06		100.059		36.3539		0		0		309.851		
00:00:26:149		1.54725e+07		0.163819		2.85012		529.345		6.96609e+06		527.065			00:00:26:149		6.83229e+06		100.059		36.3542		0		0		309.851		
00:00:26:050		1.54725e+07		0.163857		2.85008		529.346		6.96609e+06		527.071			00:00:26:050		6.83228e+06		100.059		36.3542		0		0		309.851		
00:00:25:949		1.54725e+07		0.163895		2.85005		529.35		6.96608e+06		527.07			00:00:25:949		6.83228e+06		100.059		36.3545		0		0		309.851		
00:00:25:850		1.54726e+07		0.163933		2.85002		529.352		6.96608e+06		527.082			00:00:25:850		6.83228e+06		100.059		36.3545		0		0		309.851		
00:00:25:750		1.54726e+07		0.163971		2.84994		529.356		6.96608e+06		527.07			00:00:25:750		6.83228e+06		100.059		36.3545		0		0		309.851		
00:00:25:649		1.54726e+07		0.163971		2.84994		529.356		6.96608e+06		527.07			00:00:25:649		6.83228e+06		100.059		36.3545		0		0		309.851		
00:00:25:550		1.54726e+07		0.164046		2.84975		529.361		6.96607e+06		527.069			00:00:25:550		6.83227e+06		100.059		36.3548		0		0		309.851		
00:00:25:550		1.54726e+07		0.164046		2.84975		529.361		6.96607e+06		527.069			00:00:25:550		6.83227e+06		100.059		36.3548		0		0		309.851		
00:00:25:449		1.54726e+07		0.164084		2.84971		529.363		6.96607e+06		527.067			00:00:25:449		6.83227e+06		100.06		36.3551		0		0		309.851		
00:00:25:250		1.54727e+07		0.16416		2.8496		529.369		6.96606e+06		527.066			00:00:25:250		6.83226e+06		100.06		36.3551		0		0		309.851		
00:00:25:250		1.54727e+07		0.16416		2.8496		529.369		6.96606e+06		527.066			00:00:25:250		6.83226e+06		100.06		36.3551		0		0		309.851		
00:00:25:149		1.54727e+07		0.164198		2.84961		529.37		6.96606e+06		527.065			00:00:25:149		6.83226e+06		100.06		36.3553		0		0		309.851		
00:00:25:050		1.54727e+07		0.164235		2.84945		529.374		6.96606e+06		527.063			00:00:25:050		6.83226e+06		100.06		36.3553		0		0		309.851		
00:00:24:949		1.54727e+07		0.164273		2.84942		529.376		6.96605e+06		527.062			00:00:24:949		6.83226e+06		100.06		36.3556		0		0		309.851		
00:00:24:850		1.54727e+07		0.164311		2.84938		529.38		6.96605e+06		527.06			00:00:24:850		6.83225e+06		100.06		36.3556		0		0		309.851		
00:00:24:649		1.54728e+07		0.164348		2.84931		529.381		6.96605e+06		527.059			00:00:24:649		6.83225e+06		100.06		36.3556		0		0		309.851		
00:00:24:550		1.54728e+07		0.164423		2.8492		529.389		6.96604e+06		527.039			00:00:24:550		6.83224e+06		100.06		36.3559		0		0		309.851		
00:00:24:449		1.54728e+07		0.164461		2.84912		529.391		6.96604e+06		527.058			00:00:24:449		6.83224e+06		100.06		36.3562		0		0		309.851		
00:00:24:449		1.54728e+07		0.164461		2.84912		529.391		6.96604e+06		527.058			00:00:24:449		6.83224e+06		100.06		36.3562		0		0		309.851		
00:00:24:350		1.54728e+07		0.164498		2.84904		529.393		6.96604e+06		527.056			00:00:24:350		6.83224e+06		100.06		36.3562		0		0		309.851		
00:00:24:250		1.54729e+07		0.164536		2.84897		529.396		6.96603e+06		527.054			00:00:24:250		6.83224e+06		100.06		36.3562		0		0		309.851		
00:00:24:149		1.54729e+07		0.164573		2.84894		529.4		6.96603e+06		527.053			00:00:24:149		6.83224e+06		100.06		36.3565		0		0		309.851		
00:00:24:050		1.54729e+07		0.16461		2.84895		529.402		6.96603e+06		527.059			00:00:24:050		6.83223e+06		100.06		36.3565		0		0		309.851		
00:00:23:850		1.54729e+07		0.164685		2.84879		529.409		6.96602e+06		527.056			00:00:23:850		6.83223e+06		100.06		36.3568		0		0		309.851		
00:00:23:850		1.54729e+07		0.164685		2.84879		529.409		6.96602e+06		527.056			00:00:23:850		6.83223e+06		100.06		36.3568		0		0		309.851		
00:00:23:699		1.5473e+07		0.164741		2.84868		529.413		6.96602e+06		527.049			00:00:23:699		6.83222e+06		100.06		36.357		0		0		309.851		
00:00:23:500		1.5473e+07		0.164815		2.84861		529.418		6.96601e+06		527.047			00:00:23:500		6.83222e+06		100.06		36.357		0		0		309.851		
00:00:23:500		1.5473e+07		0.164815		2.84861		529.418		6.96601e+06		527.047			00:00:23:500		6.83222e+06		100.06		36.357		0		0		309.851		
00:00:23:399		1.5473e+07		0.164852		2.84849		529.42		6.96601e+06		527.043			00:00:23:399		6.83222e+06		100.06		36.3573		0		0		309.851		
00:00:23:300		1.5473e+07		0.16489		2.8485		529.424		6.966e+06		527.023			00:00:23:300		6.83221e+06		100.06		36.3573		0		0		309.851		
00:00:23:199		1.54731e+07		0.164927		2.84847		529.427		6.966e+06		527.043			00:00:23:199		6.83221e+06		100.06		36.3576		0		0		309.851		
00:00:23:100		1.54731e+07		0.164964		2.84835		529.431		6.966e+06		527.042			00:00:23:100		6.83221e+06		100.06		36.3576		0		0		309.851		
00:00:23:000		1.54731e+07		0.165001		2.84827		529.433		6.96599e+06		527.04			00:00:23:000		6.83220e+06		100.061		36.3576		0		0		309.851		
00:00:22:899		1.54731e+07		0.165038		2.84824		529.437		6.96599e+06		527.038			00:00:22:899		6.8322e+06		100.061		36.3579		0		0		309.851		
00:00:22:800		1.54731e+07		0.165075		2.84821		529.439		6.96599e+06		527.035			00:00:22:800		6.8322e+06		100.061		36.3579		0		0		309.851		
00:00:22:600		1.54732e+07		0.165149		2.8481		529.444		6.96598e+06		527.02			00:00:22:600		6.8322e+06		100.061		36.3582		0		0		309.851		
00:00:22:500		1.54732e+07		0.165185		2.84802		529.448		6.96598e+06		527.034			00:00:22:500		6.83219e+06		100.061		36.3582		0		0		309.851		
00:00:22:500		1.54732e+07		0.165185		2.84802		529.448		6.96598e+06		527.034			00:00:22:500		6.83219e+06		100.061		36.3582		0		0		309.851		
00:00:22:399		1.54732e+07		0.165223		2.8479		529.451		6.96597e+06		527.032			00:00:22:399		6.83219e+06		100.061		36.3585		0		0		309.851		
00:00:22:300		1.54732e+07		0.165259		2.84791		529.455		6.96597e+06		527.029			00:00:22:300		6.83219e+06		100.061		36.3585		0		0		309.851		
00:00:22:199		1.54732e+07		0.165296		2.84788		529.457		6.96597e+06		527.027			00:00:22:199		6.83218e+06		100.061		36.3588		0		0		309.851		
00:00:22:100		1.54733e+07		0.165333		2.84785		529.461		6.96596e+06		527.021			00:00:22:100		6.83218e+06		100.061		36.3588		0		0		309.851		
00:00:22:000		1.54733e+07		0.165369		2.84773		529.463		6.96596e+06		527.026			00:00:22:000		6.83218e+06		100.061		36.3588		0		0		309.851		
00:00:21:899		1.54733e+07		0.165406		2.84769		529.466		6.96596e+06		527.024			00:00:21:899		6.83218e+06		100.061		36.359		0		0		309.851		
00:00:21:800		1.54733e+07		0.165442		2.84762		529.47		6.96595e+06		527.021			00:00:21:800		6.83217e+06		100.061		36.359		0		0		309.851		
00:00:21:600		1.54734e+07		0.165516		2.84746		529.475		6.96595e+06		527.02			00:00:21:600		6.83217e+06		100.061		36.3593		0		0		309.851		
00:00:21:600		1.54734e+07		0.165516		2.84746		529.475		6.96595e+06		527.02			00:00:21:600		6.83217e+06		100.061		36.3593		0		0		309.851		
00:00:21:449		1.54734e+07		0.165571		2.84744		529.481		6.96594e+06		527.018			00:00:21:449		6.83216e+06		100.061		36.3596		0		0		309.85		
00:00:21:350		1.54734e+07		0.165607		2.84736		529.483		6.96594e+06		527.015			00:00:21:350		6.83216e+06		100.061		36.3596		0		0		309.85		
00:00:21:300		1.54734e+07		0.165626		2.84736		529.485		6.96594e+06		527.009			00:00:21:300		6.83216e+06		100.061		36.3596		0		0		309.85		
00:00:21:199		1.54734e+07		0.165662		2.84724		529.488		6.96593e+06		527.014			00:00:21:199		6.83216e+06		100.061		36.3599		0		0		309.85		
00:00:21:100		1.54734e+07		0.165699		2.84721		529.492		6.96593e+06		527.012			00:00:21:100		6.83215e+06		100.061		36.3599		0		0		309.85		
00:00:21:000		1.54735e+07		0.165735		2.84713		529.496		6.96592e+06		527.017			00:00:21:000		6.83215e+06		100.061		36.3599		0		0		309.85		
00:00:20:899		1.54735e+07		0.165771		2.8471		529.497		6.96592e+06		527.011			00:00:20:899		6.83215e+06		100.061		36.3602		0		0		309.85		
00:00:20:750		1.54735e+07		0.165826		2.84703		529.503		6.96592e+06		526.987			00:00:20:750		6.83214e+06		100.061		36.3602		0		0		309.85		
00:00:20:649		1.54735e+07		0.165862		2.84691		529.507		6.96591e+06		527.008			00:00:20:649		6.83214e+06		100.061		36.3605		0		0		309.85		
00:00:20:550		1.54735e+07		0.165898		2.84696		529.509		6.96591e+06		527.006			00:00:20:550		6.83214e+06		100.061		36.3605		0		0		309.85		
00:00:20:449		1.54736e+07		0.165935		2.84684		529.512		6.9659e+06		527.005			00:00:20:449		6.83213e+06		100.061		36.3607		0		0		309.85		
00:00:20:350		1.54736e+07		0.165971		2.84681		529.516		6.9659e+06		527.002			00:00:20:350		6.83213e+06		100.061		36.3607		0		0		309.85		
00:00:20:250		1.54736e+07		0.166007		2.84674		529.518		6.9659e+06		527.002			00:00:20:250		6.83213e+06		100.062		36.3607		0		0		309.85		
00:00:20:149		1.54736e+07		0.166043		2.84666		529.521		6.96589e+06		526.999			00:00:20:149		6.83212e+06		100.062		36.361		0		0		309.85		
00:00:20:149		1.54736e+07		0.166043		2.84666		529.521		6.96589e+06		526.999			00:00:20:149		6.83212e+06		100.062		36.361		0		0		309.85		
00:00:20:050		1.54736e+07		0.166079		2.84667		529.525		6.96589e+06		527			00:00:20:050		6.83212e+06		100.062		36.361		0		0		309.85		
00:00:19:949		1.54737e+07		0.166116		2.84655		529.529		6.96589e+06		526.999			00:00:19:949		6.83212e+06		100.062		36.3613		0		0		309.85		
00:00:19:750		1.54737e+07		0.166188		2.84639		529.534		6.96588e+06		526.996			00:00:19:750		6.83211e+06		100.062		36.3613		0		0		309.85		
00:00:19:750		1.54737e+07		0.166188		2.84639		529.534		6.96588e+06		526.996			00:00:19:750		6.83211e+06		100.062		36.3613		0		0		309.85		
00:00:19:550		1.54737e+07		0.16626		2.84633		529.542		6.96587e+06		526.986			00:00:19:550		6.8321e+06		100.062		36.3616		0		0		309.85		
00:00:19:550		1.54737e+07		0.16626		2.84633		529.542		6.96587e+06		526.986			00:00:19:550		6.8321e+06		100.062		36.3616		0		0		309.85		
00:00:19:350		1.54738e+07		0.166332		2.84622		529.547		6.96586e+06		526.989			00:00:19:350		6.8321e+06		100.062		36.3619		0		0		309.85		
00:00:19:250		1.54738e+07		0.166368		2.8461		529.551		6.96586e+06		526.99			00:00:19:250		6.8321e+06		100.062		36.3619		0		0		309.85		
00:00:19:250		1.54738e+07		0.166368		2.8461		529.551		6.96586e+06		526.99			00:00:19:250		6.8321e+06		100.062		36.3619		0		0		309.85		
00:00:19:100		1.54738e+07		0.166421		2.84603		529.556		6.96585e+06		526.988			00:00:19:100		6.83209e+06		100.062		36.3622		0		0		309.85		
00:00:19:000		1.54738e+07		0.166457		2.84604		529.56		6.96585e+06		526.999			00:00:19:000		6.83209e+06		100.062		36.3622		0		0		309.85		
00:00:18:899		1.54739e+07		0.166493		2.84592		529.562		6.96584e+06		526.998			00:00:18:899		6.83208e+06		100.062		36.3625		0		0		309.85		
00:00:18:850		1.54739e+07		0.166511		2.84592		529.564		6.96584e+06		526.985			00:00:18:850		6.83208e+06		100.062		36.3625		0		0		309.85		
00:00:18:750		1.54739e+07		0.166547		2.8458		529.568		6.96584e+06		526.984			00:00:18:750		6.83208e+06		100.062		36.3625		0		0		309.85		
00:00:18:500		1.54739e+07		0.166636		2.84565		529.577		6.96583e+06		526.98			00:00:18:500		6.83207e+06		100.062		36.3627		0		0		309.85		
00:00:18:500		1.54739e+07		0.166636		2.84565		529.577		6.96583e+06		526.98			00:00:18:500		6.83207e+06		100.062		36.3627		0		0		309.85		
00:00:18:399		1.5474e+07		0.166672		2.84553		529.58		6.96582e+06		526.972			00:00:18:399		6.83206e+06		100.062		36.363		0		0		309.85		
00:00:18:300		1.5474e+07		0.166708		2.84546		529.582		6.96582e+06		526.979			00:00:18:300		6.83206e+06		100.062		36.363		0		0		309.85		
00:00:18:199		1.5474e+07		0.166743		2.84538		529.586		6.96581e+06		526.976			00:00:18:199		6.83206e+06		100.062		36.3633		0		0		309.85		
00:00:18:100		1.5474e+07		0.166779		2.8453		529.59		6.96581e+06		526.976			00:00:18:100		6.83205e+06		100.062		36.3633		0		0		309.85		
00:00:18:000		1.5474e+07		0.166815		2.84527		529.593		6.96581e+06		526.986			00:00:18:000		6.83205e+06		100.062		36.3633		0		0		309.85		
00:00:17:899		1.5474e+07		0.16685		2.84515		529.597		6.9658e+06		526.973			00:00:17:899		6.83205e+06		100.062		36.3636		0		0		309.85		
00:00:17:800		1.54741e+07		0.166886		2.84511		529.601		6.9658e+06		526.976			00:00:17:800		6.83204e+06		100.062		36.3636		0		0		309.85		
00:00:17:600		1.54741e+07		0.166956		2.84496		529.606		6.96579e+06		526.969			00:00:17:600		6.83203e+06		100.062		36.3639		0		0		309.85		
00:00:17:500		1.54741e+07		0.166992		2.84493		529.612		6.96578e+06		526.973			00:00:17:500		6.83203e+06		100.063		36.3639		0		0		309.85		
00:00:17:500		1.54741e+07		0.166992		2.84493		529.612		6.96578e+06		526.973			00:00:17:500		6.83203e+06		100.063		36.3639		0		0		309.85		
00:00:17:399		1.54741e+07		0.167027		2.84485		529.614		6.96578e+06		526.968			00:00:17:399		6.83203e+06		100.063		36.3642		0		0		309.85		
00:00:17:300		1.54742e+07		0.167063		2.84473		529.617		6.96578e+06		526.96			00:00:17:300		6.83202e+06		100.063		36.3642		0		0		309.85		
00:00:17:199		1.54742e+07		0.167099		2.84465		529.621		6.96577e+06		526.967			00:00:17:199		6.83202e+06		100.063		36.3644		0		0		309.85		
00:00:17:100		1.54742e+07		0.167134		2.84453		529.625		6.96577e+06		526.967			00:00:17:100		6.83202e+06		100.063		36.3644		0		0		309.85		
00:00:17:000		1.54742e+07		0.167169		2.84454		529.628		6.96576e+06		526.966			00:00:17:000		6.83201e+06		100.063		36.3644		0		0		309.85		
00:00:16:899		1.54742e+07		0.167205		2.84442		529.632		6.96576e+06		526.964			00:00:16:899		6.83201e+06		100.063		36.3647		0		0		309.85		
00:00:16:800		1.54743e+07		0.16724		2.84439		529.636		6.96575e+06		526.963			00:00:16:800		6.832e+06		100.063		36.3647		0		0		309.85		
00:00:16:600		1.54743e+07		0.167311		2.84424		529.641		6.96575e+06		526.962			00:00:16:600		6.832e+06		100.063		36.365		0		0		309.849		
00:00:16:500		1.54743e+07		0.167346		2.8442		529.645		6.96574e+06		526.961			00:00:16:500		6.83199e+06		100.063		36.365		0		0		309.849		
00:00:16:500		1.54743e+07		0.167346		2.8442		529.645		6.96574e+06		526.961			00:00:16:500		6.83199e+06		100.063		36.365		0		0		309.849		
00:00:16:399		1.54743e+07		0.167381		2.84413		529.649		6.96574e+06		526.96			00:00:16:399		6.83199e+06		100.063		36.3653		0		0		309.849		
00:00:16:300		1.54743e+07		0.167417		2.84401		529.652		6.96573e+06		526.959			00:00:16:300		6.83198e+06		100.063		36.3653		0		0		309.849		
00:00:16:199		1.54744e+07		0.167452		2.84393		529.656		6.96573e+06		526.958			00:00:16:199		6.83198e+06		100.063		36.3656		0		0		309.849		
00:00:16:100		1.54744e+07		0.167487		2.8439		529.66		6.96572e+06		526.957			00:00:16:100		6.83198e+06		100.063		36.3656		0		0		309.849		
00:00:15:949		1.54744e+07		0.16754		2.84383		529.665		6.96572e+06		526.956			00:00:15:949		6.83197e+06		100.063		36.3659		0		0		309.849		
00:00:15:849		1.54744e+07		0.167574		2.84375		529.669		6.96571e+06		526.954			00:00:15:849		6.83196e+06		100.063		36.3659		0		0		309.849		
00:00:15:750		1.54745e+07		0.16761		2.84367		529.672		6.96571e+06		526.952			00:00:15:750		6.83196e+06		100.063		36.3659		0		0		309.849		
00:00:15:650		1.54745e+07		0.167645		2.84355		529.676		6.9657e+06		526.951			00:00:15:650		6.83196e+06		100.063		36.3662		0		0		309.849		
00:00:15:550		1.54745e+07		0.16768		2.84352		529.68		6.9657e+06		526.95			00:00:15:550		6.83195e+06		100.063		36.3662		0		0		309.849		
00:00:15:449		1.54745e+07		0.167715		2.84349		529.684		6.96569e+06		526.949			00:00:15:449		6.83195e+06		100.063		36.3664		0		0		309.849		
00:00:15:349		1.54745e+07		0.16775		2.84341		529.685		6.96569e+06		526.948			00:00:15:349		6.83194e+06		100.063		36.3664		0		0		309.849		
00:00:15:250		1.54746e+07		0.167785		2.84333		529.689		6.96568e+06		526.947			00:00:15:250		6.83194e+06		100.063		36.3664		0		0		309.849		
00:00:15:150		1.54746e+07		0.167819		2.84326		529.693		6.96568e+06		526.941			00:00:15:150		6.83194e+06		100.063		36.3667		0		0		309.849		
00:00:15:050		1.54746e+07		0.167855		2.84318		529.696		6.96567e+06		526.947			00:00:15:050		6.83193e+06		100.063		36.3667		0		0		309.849		
00:00:14:949		1.54746e+07		0.16789		2.84306		529.7		6.96567e+06		526.946			00:00:14:949		6.83193e+06		100.063		36.367		0		0		309.849		
00:00:14:849		1.54746e+07		0.167925		2.84303		529.706		6.96567e+06		526.946			00:00:14:849		6.83192e+06		100.063		36.367		0		0		309.849		
00:00:14:849		1.54746e+07		0.167925		2.84303		529.706		6.96567e+06		526.946			00:00:14:849		6.83192e+06		100.063		36.367		0		0		309.849		
00:00:14:750		1.54746e+07		0.16796		2.84299		529.709		6.96566e+06		526.944			00:00:14:750		6.83192e+06		100.064		36.367		0		0		309.849		
00:00:14:550		1.54747e+07		0.168029		2.84284		529.717		6.96565e+06		526.942			00:00:14:550		6.83191e+06		100.064		36.3673		0		0		309.849		
00:00:14:449		1.54747e+07		0.168065		2.84276		529.72		6.96565e+06		526.941			00:00:14:449		6.83191e+06		100.064		36.3676		0		0		309.849		
00:00:14:449		1.54747e+07		0.168065		2.84276		529.72		6.96565e+06		526.941			00:00:14:449		6.83191e+06		100.064		36.3676		0		0		309.849		
00:00:14:349		1.54747e+07		0.168099		2.84269		529.722		6.96564e+06		526.939			00:00:14:349		6.8319e+06		100.064		36.3676		0		0		309.849		
00:00:14:150		1.54748e+07		0.168169		2.84258		529.73		6.96563e+06		526.937			00:00:14:150		6.83189e+06		100.064		36.3679		0		0		309.849		
00:00:14:150		1.54748e+07		0.168169		2.84258		529.73		6.96563e+06		526.937			00:00:14:150		6.83189e+06		100.064		36.3679		0		0		309.849		
00:00:14:050		1.54748e+07		0.168203		2.84246		529.733		6.96563e+06		526.938			00:00:14:050		6.83189e+06		100.064		36.3679		0		0		309.849		
00:00:13:949		1.54748e+07		0.168239		2.84238		529.739		6.96562e+06		526.936			00:00:13:949		6.83188e+06		100.064		36.3681		0		0		309.849		
00:00:13:800		1.54748e+07		0.168291		2.84236		529.744		6.96562e+06		526.935			00:00:13:800		6.83188e+06		100.064		36.3681		0		0		309.849		
00:00:13:750		1.54748e+07		0.168308		2.84236		529.746		6.96561e+06		526.934			00:00:13:750		6.83188e+06		100.064		36.3681		0		0		309.849		
00:00:13:550		1.54749e+07		0.168377		2.84217		529.754		6.9656e+06		526.934			00:00:13:550		6.83187e+06		100.064		36.3684		0		0		309.849		
00:00:13:550		1.54749e+07		0.168377		2.84217		529.754		6.9656e+06		526.934			00:00:13:550		6.83187e+06		100.064		36.3684		0		0		309.849		
00:00:13:449		1.54749e+07		0.168412		2.84209		529.757		6.9656e+06		526.932			00:00:13:449		6.83186e+06		100.064		36.3687		0		0		309.849		
00:00:13:349		1.54749e+07		0.168447		2.84201		529.761		6.96559e+06		526.931			00:00:13:349		6.83186e+06		100.064		36.3687		0		0		309.849		
00:00:13:199		1.5475e+07		0.168499		2.84194		529.766		6.96559e+06		526.932			00:00:13:199		6.83185e+06		100.064		36.369		0		0		309.849		
00:00:13:099		1.5475e+07		0.168533		2.84191		529.77		6.96558e+06		526.931			00:00:13:099		6.83184e+06		100.064		36.369		0		0		309.849		
00:00:13:000		1.5475e+07		0.168568		2.84183		529.774		6.96558e+06		526.93			00:00:13:000		6.83184e+06		100.064		36.369		0		0		309.849		
00:00:12:900		1.5475e+07		0.168602		2.84176		529.777		6.96557e+06		526.928			00:00:12:900		6.83184e+06		100.064		36.3693		0		0		309.849		
00:00:12:800		1.5475e+07		0.168637		2.84164		529.781		6.96557e+06		526.923			00:00:12:800		6.83183e+06		100.064		36.3693		0		0		309.849		
00:00:12:699		1.54751e+07		0.168672		2.84161		529.785		6.96556e+06		526.928			00:00:12:699		6.83183e+06		100.064		36.3695		0		0		309.849		
00:00:12:500		1.54751e+07		0.168741		2.84145		529.792		6.96555e+06		526.925			00:00:12:500		6.83182e+06		100.064		36.3695		0		0		309.848		
00:00:12:500		1.54751e+07		0.168741		2.84145		529.792		6.96555e+06		526.925			00:00:12:500		6.83182e+06		100.064		36.3695		0		0		309.848		
00:00:12:400		1.54751e+07		0.168776		2.84142		529.796		6.96555e+06		526.927			00:00:12:400		6.83181e+06		100.064		36.3698		0		0		309.848		
00:00:12:300		1.54751e+07		0.168811		2.84139		529.8		6.96554e+06		526.925			00:00:12:300		6.83181e+06		100.064		36.3698		0		0		309.848		
00:00:12:199		1.54752e+07		0.168845		2.84131		529.803		6.96554e+06		526.923			00:00:12:199		6.8318e+06		100.065		36.3701		0		0		309.848		
00:00:12:099		1.54752e+07		0.16888		2.84124		529.807		6.96553e+06		526.922			00:00:12:099		6.8318e+06		100.065		36.3701		0		0		309.848		
00:00:12:000		1.54752e+07		0.168914		2.84112		529.811		6.96553e+06		526.924			00:00:12:000		6.83179e+06		100.065		36.3701		0		0		309.848		
00:00:11:900		1.54752e+07		0.168949		2.84109		529.816		6.96552e+06		526.923			00:00:11:900		6.83179e+06		100.065		36.3704		0		0		309.848		
00:00:11:800		1.54752e+07		0.168983		2.84105		529.82		6.96552e+06		526.921			00:00:11:800		6.83178e+06		100.065		36.3704		0		0		309.848		
00:00:11:599		1.54753e+07		0.169053		2.8409		529.825		6.9655e+06		526.921			00:00:11:599		6.83177e+06		100.065		36.3707		0		0		309.848		
00:00:11:500		1.54753e+07		0.169087		2.84087		529.829		6.9655e+06		526.919			00:00:11:500		6.83177e+06		100.065		36.3707		0		0		309.848		
00:00:11:500		1.54753e+07		0.169087		2.84087		529.829		6.9655e+06		526.919			00:00:11:500		6.83177e+06		100.065		36.3707		0		0		309.848		
00:00:11:400		1.54753e+07		0.169122		2.84079		529.833		6.96549e+06		526.913			00:00:11:400		6.83177e+06		100.065		36.371		0		0		309.848		
00:00:11:300		1.54753e+07		0.169157		2.84072		529.838		6.96549e+06		526.932			00:00:11:300		6.83176e+06		100.065		36.371		0		0		309.848		
00:00:11:199		1.54754e+07		0.169191		2.84069		529.842		6.96548e+06		526.919			00:00:11:199		6.83175e+06		100.065		36.3712		0		0		309.848		
00:00:11:099		1.54754e+07		0.169226		2.84061		529.844		6.96548e+06		526.918			00:00:11:099		6.83175e+06		100.065		36.3712		0		0		309.848		
00:00:11:000		1.54754e+07		0.169261		2.84054		529.849		6.96547e+06		526.916			00:00:11:000		6.83174e+06		100.065		36.3712		0		0		309.848		
00:00:10:900		1.54754e+07		0.169295		2.8405		529.853		6.96547e+06		526.907			00:00:10:900		6.83174e+06		100.065		36.3715		0		0		309.848		
00:00:10:800		1.54754e+07		0.16933		2.84043		529.857		6.96546e+06		526.917			00:00:10:800		6.83173e+06		100.065		36.3715		0		0		309.848		
00:00:10:699		1.54755e+07		0.169364		2.84035		529.86		6.96546e+06		526.917			00:00:10:699		6.83173e+06		100.065		36.3718		0		0		309.848		
00:00:10:599		1.54755e+07		0.169399		2.84032		529.864		6.96545e+06		526.917			00:00:10:599		6.83172e+06		100.065		36.3718		0		0		309.848		
00:00:10:500		1.54755e+07		0.169434		2.84029		529.868		6.96545e+06		526.916			00:00:10:500		6.83172e+06		100.065		36.3718		0		0		309.848		
00:00:10:349		1.54755e+07		0.169486		2.84013		529.873		6.96544e+06		526.915			00:00:10:349		6.83171e+06		100.065		36.3721		0		0		309.848		
00:00:10:250		1.54756e+07		0.16952		2.8401		529.877		6.96543e+06		526.916			00:00:10:250		6.83171e+06		100.065		36.3721		0		0		309.848		
00:00:10:150		1.54756e+07		0.169555		2.84007		529.881		6.96543e+06		526.915			00:00:10:150		6.8317e+06		100.065		36.3724		0		0		309.848		
00:00:10:050		1.54756e+07		0.16959		2.84		529.884		6.96542e+06		526.915			00:00:10:050		6.8317e+06		100.065		36.3724		0		0		309.848		
00:00:09:949		1.54756e+07		0.169624		2.83997		529.888		6.96542e+06		526.914			00:00:09:949		6.83169e+06		100.065		36.3727		0		0		309.848		
00:00:09:849		1.54756e+07		0.16966		2.83985		529.892		6.96541e+06		526.913			00:00:09:849		6.83169e+06		100.065		36.3727		0		0		309.848		
00:00:09:750		1.54757e+07		0.169694		2.83982		529.895		6.96541e+06		526.912			00:00:09:750		6.83168e+06		100.065		36.3727		0		0		309.848		
00:00:09:650		1.54757e+07		0.169729		2.83974		529.899		6.9654e+06		526.911			00:00:09:650		6.83168e+06		100.065		36.3729		0		0		309.848		
00:00:09:550		1.54757e+07		0.169764		2.83967		529.903		6.9654e+06		526.908			00:00:09:550		6.83167e+06		100.065		36.3729		0		0		309.848		
00:00:09:449		1.54757e+07		0.1698		2.83959		529.908		6.96539e+06		526.904			00:00:09:449		6.83167e+06		100.066		36.3732		0		0		309.848		
00:00:09:349		1.54758e+07		0.169835		2.83956		529.912		6.96539e+06		526.911			00:00:09:349		6.83166e+06		100.066		36.3732		0		0		309.848		
00:00:09:349		1.54758e+07		0.169835		2.83956		529.912		6.96539e+06		526.911			00:00:09:349		6.83166e+06		100.066		36.3732		0		0		309.848		
00:00:09:150		1.54758e+07		0.169905		2.83945		529.919		6.96537e+06		526.903			00:00:09:150		6.83165e+06		100.066		36.3735		0		0		309.848		
00:00:09:050		1.54758e+07		0.16994		2.83942		529.923		6.96537e+06		526.904			00:00:09:050		6.83165e+06		100.066		36.3735		0		0		309.848		
00:00:08:949		1.54759e+07		0.169975		2.83939		529.927		6.96536e+06		526.91			00:00:08:949		6.83164e+06		100.066		36.3738		0		0		309.848		
00:00:08:849		1.54759e+07		0.17001		2.83927		529.93		6.96536e+06		526.909			00:00:08:849		6.83164e+06		100.066		36.3738		0		0		309.848		
00:00:08:750		1.54759e+07		0.170045		2.83924		529.934		6.96535e+06		526.903			00:00:08:750		6.83163e+06		100.066		36.3738		0		0		309.847		
00:00:08:650		1.54759e+07		0.17008		2.83917		529.938		6.96535e+06		526.909			00:00:08:650		6.83162e+06		100.066		36.3741		0		0		309.847		
00:00:08:550		1.54759e+07		0.170115		2.83918		529.941		6.96534e+06		526.901			00:00:08:550		6.83162e+06		100.066		36.3741		0		0		309.847		
00:00:08:449		1.5476e+07		0.170151		2.83907		529.945		6.96534e+06		526.909			00:00:08:449		6.83161e+06		100.066		36.3744		0		0		309.847		
00:00:08:449		1.5476e+07		0.170151		2.83907		529.945		6.96534e+06		526.909			00:00:08:449		6.83161e+06		100.066		36.3744		0		0		309.847		
00:00:08:349		1.5476e+07		0.170186		2.83904		529.949		6.96533e+06		526.91			00:00:08:349		6.83161e+06		100.066		36.3744		0		0		309.847		
00:00:08:250		1.5476e+07		0.170221		2.83892		529.952		6.96532e+06		526.908			00:00:08:250		6.8316e+06		100.066		36.3744		0		0		309.847		
00:00:08:150		1.5476e+07		0.170256		2.83889		529.956		6.96532e+06		526.92			00:00:08:150		6.8316e+06		100.066		36.3746		0		0		309.847		
00:00:07:950		1.54761e+07		0.170328		2.83883		529.962		6.96531e+06		526.908			00:00:07:950		6.83158e+06		100.066		36.3749		0		0		309.847		
00:00:07:950		1.54761e+07		0.170328		2.83883		529.962		6.96531e+06		526.908			00:00:07:950		6.83158e+06		100.066		36.3749		0		0		309.847		
00:00:07:849		1.54761e+07		0.170364		2.83875		529.965		6.9653e+06		526.906			00:00:07:849		6.83158e+06		100.066		36.3749		0		0		309.847		
00:00:07:750		1.54761e+07		0.1704		2.83872		529.971		6.9653e+06		526.907			00:00:07:750		6.83157e+06		100.066		36.3749		0		0		309.847		
00:00:07:549		1.54762e+07		0.170472		2.83862		529.978		6.96529e+06		526.908			00:00:07:549		6.83156e+06		100.066		36.3752		0		0		309.847		
00:00:07:450		1.54762e+07		0.170507		2.83854		529.982		6.96528e+06		526.908			00:00:07:450		6.83156e+06		100.066		36.3755		0		0		309.847		
00:00:07:450		1.54762e+07		0.170507		2.83854		529.982		6.96528e+06		526.908			00:00:07:450		6.83156e+06		100.066		36.3755		0		0		309.847		
00:00:07:299		1.54762e+07		0.170561		2.83843		529.987		6.96527e+06		526.906			00:00:07:299		6.83155e+06		100.066		36.3755		0		0		309.847		
00:00:07:200		1.54763e+07		0.170597		2.83841		529.991		6.96527e+06		526.907			00:00:07:200		6.83154e+06		100.066		36.3758		0		0		309.847		
00:00:07:099		1.54763e+07		0.170632		2.83838		529.995		6.96526e+06		526.905			00:00:07:099		6.83154e+06		100.066		36.3758		0		0		309.847		
00:00:07:000		1.54763e+07		0.170668		2.83835		529.998		6.96525e+06		526.906			00:00:07:000		6.83153e+06		100.066		36.3758		0		0		309.847		
00:00:06:900		1.54763e+07		0.170703		2.83828		530.002		6.96525e+06		526.908			00:00:06:900		6.83152e+06		100.066		36.376		0		0		309.847		
00:00:06:799		1.54764e+07		0.170739		2.83821		530.006		6.96524e+06		526.909			00:00:06:799		6.83152e+06		100.066		36.376		0		0		309.847		
00:00:06:700		1.54764e+07		0.170775		2.83818		530.009		6.96524e+06		526.908			00:00:06:700		6.83151e+06		100.067		36.3763		0		0		309.847		
00:00:06:500		1.54764e+07		0.170848		2.83808		530.017		6.96523e+06		526.898			00:00:06:500		6.8315e+06		100.067		36.3763		0		0		309.847		
00:00:06:500		1.54764e+07		0.170848		2.83808		530.017		6.96523e+06		526.898			00:00:06:500		6.8315e+06		100.067		36.3763		0		0		309.847		
00:00:06:400		1.54765e+07		0.170885		2.83801		530.02		6.96522e+06		526.908			00:00:06:400		6.83149e+06		100.067		36.3766		0		0		309.847		
00:00:06:250		1.54765e+07		0.170941		2.83794		530.026		6.96521e+06		526.897			00:00:06:250		6.83148e+06		100.067		36.3766		0		0		309.847		
00:00:06:250		1.54765e+07		0.170941		2.83794		530.026		6.96521e+06		526.897			00:00:06:250		6.83148e+06		100.067		36.3766		0		0		309.847		
00:00:06:099		1.54765e+07		0.170998		2.83787		530.031		6.9652e+06		526.907			00:00:06:099		6.83148e+06		100.067		36.3769		0		0		309.847		
00:00:06:000		1.54766e+07		0.171034		2.83783		530.035		6.9652e+06		526.909			00:00:06:000		6.83147e+06		100.067		36.3769		0		0		309.847		
00:00:05:900		1.54766e+07		0.171071		2.83781		530.039		6.96519e+06		526.909			00:00:05:900		6.83147e+06		100.067		36.3772		0		0		309.847		
00:00:05:799		1.54766e+07		0.171107		2.83773		530.043		6.96519e+06		526.909			00:00:05:799		6.83146e+06		100.067		36.3772		0		0		309.847		
00:00:05:700		1.54767e+07		0.171144		2.83771		530.046		6.96518e+06		526.909			00:00:05:700		6.83146e+06		100.067		36.3775		0		0		309.847		
00:00:05:500		1.54767e+07		0.171215		2.83762		530.054		6.96517e+06		526.907			00:00:05:500		6.83144e+06		100.067		36.3775		0		0		309.847		
00:00:05:500		1.54767e+07		0.171215		2.83762		530.054		6.96517e+06		526.907			00:00:05:500		6.83144e+06		100.067		36.3775		0		0		309.847		
00:00:05:400		1.54767e+07		0.171249		2.8376		530.055		6.96516e+06		526.908			00:00:05:400		6.83144e+06		100.067		36.3777		0		0		309.847		
00:00:05:299		1.54768e+07		0.171285		2.83754		530.059		6.96516e+06		526.907			00:00:05:299		6.83143e+06		100.067		36.3777		0		0		309.847		
00:00:05:200		1.54768e+07		0.171321		2.83752		530.063		6.96515e+06		526.905			00:00:05:200		6.83143e+06		100.067		36.378		0		0		309.847		
00:00:05:099		1.54768e+07		0.171358		2.8374		530.066		6.96514e+06		526.905			00:00:05:099		6.83142e+06		100.067		36.378		0		0		309.847		
00:00:05:000		1.54768e+07		0.171395		2.83742		530.07		6.96514e+06		526.898			00:00:05:000		6.83142e+06		100.067		36.378		0		0		309.847		
00:00:04:900		1.54769e+07		0.171433		2.8373		530.074		6.96513e+06		526.907			00:00:04:900		6.83141e+06		100.067		36.3783		0		0		309.847		
00:00:04:799		1.54769e+07		0.171472		2.83731		530.078		6.96513e+06		526.906			00:00:04:799		6.8314e+06		100.067		36.3783		0		0		309.847		
00:00:04:549		1.5477e+07		0.17157		2.8372		530.085		6.96511e+06		526.903			00:00:04:549		6.83139e+06		100.067		36.3786		0		0		309.847		
00:00:04:450		1.5477e+07		0.171608		2.83712		530.089		6.96511e+06		526.904			00:00:04:450		6.83138e+06		100.067		36.3789		0		0		309.847		
00:00:04:450		1.5477e+07		0.171608		2.83712		530.089		6.96511e+06		526.904			00:00:04:450		6.83138e+06		100.067		36.3789		0		0		309.847		
00:00:04:349		1.54771e+07		0.171647		2.83708		530.092		6.9651e+06		526.903			00:00:04:349		6.83138e+06		100.067		36.3789		0		0		309.847		
00:00:04:250		1.54771e+07		0.171683		2.83706		530.096		6.96509e+06		526.902			00:00:04:250		6.83137e+06		100.068		36.3789		0		0		309.846		
00:00:04:150		1.54771e+07		0.171719		2.83704		530.1		6.96509e+06		526.899			00:00:04:150		6.83137e+06		100.068		36.3792		0		0		309.846		
00:00:04:049		1.54772e+07		0.171753		2.83702		530.103		6.96508e+06		526.9			00:00:04:049		6.83136e+06		100.068		36.3792		0		0		309.846		
00:00:03:950		1.54772e+07		0.171786		2.83701		530.107		6.96508e+06		526.899			00:00:03:950		6.83135e+06		100.068		36.3794		0		0		309.846		
00:00:03:850		1.54772e+07		0.17182		2.837		530.111		6.96507e+06		526.896			00:00:03:850		6.83135e+06		100.068		36.3794		0		0		309.847		
00:00:03:750		1.54772e+07		0.171853		2.83695		530.112		6.96506e+06		526.896			00:00:03:750		6.83135e+06		100.068		36.3794		0		0		309.847		
00:00:03:649		1.54772e+07		0.171887		2.8369		530.116		6.96506e+06		526.895			00:00:03:649		6.83134e+06		100.068		36.3797		0		0		309.847		
00:00:03:549		1.54773e+07		0.171923		2.8368		530.12		6.96505e+06		526.893			00:00:03:549		6.83133e+06		100.068		36.3797		0		0		309.847		
00:00:03:450		1.54773e+07		0.17196		2.83678		530.122		6.96504e+06		526.893			00:00:03:450		6.83133e+06		100.068		36.38		0		0		309.847		
00:00:03:350		1.54773e+07		0.171999		2.8367		530.127		6.96504e+06		526.897			00:00:03:350		6.83132e+06		100.068		36.38		0		0		309.847		
00:00:03:250		1.54773e+07		0.17204		2.83657		530.129		6.96503e+06		526.89			00:00:03:250		6.83132e+06		100.068		36.38		0		0		309.847		
00:00:03:149		1.54774e+07		0.172082		2.83648		530.133		6.96502e+06		526.888			00:00:03:149		6.83131e+06		100.068		36.3803		0		0		309.846		
00:00:03:049		1.54774e+07		0.172124		2.83642		530.136		6.96502e+06		526.888			00:00:03:049		6.83131e+06		100.068		36.3803		0		0		309.846		
00:00:03:049		1.54774e+07		0.172124		2.83642		530.136		6.96502e+06		526.888			00:00:03:049		6.83131e+06		100.068		36.3803		0		0		309.846		
00:00:02:850		1.54776e+07		0.172206		2.83646		530.142		6.96501e+06		526.883			00:00:02:850		6.83129e+06		100.068		36.3806		0		0		309.846		
00:00:02:750		1.54776e+07		0.172244		2.83646		530.144		6.965e+06		526.883			00:00:02:750		6.83129e+06		100.068		36.3806		0		0		309.846		
00:00:02:649		1.54777e+07		0.172278		2.83648		530.147		6.96499e+06		526.882			00:00:02:649		6.83128e+06		100.068		36.3808		0		0		309.846		
00:00:02:549		1.54777e+07		0.172309		2.83648		530.151		6.96499e+06		526.881			00:00:02:549		6.83128e+06		100.068		36.3808		0		0		309.846		
00:00:02:450		1.54777e+07		0.172337		2.83649		530.153		6.96498e+06		526.888			00:00:02:450		6.83127e+06		100.068		36.3811		0		0		309.846		
00:00:02:450		1.54777e+07		0.172337		2.83649		530.153		6.96498e+06		526.888			00:00:02:450		6.83127e+06		100.068		36.3811		0		0		309.846		
00:00:02:350		1.54778e+07		0.172363		2.8366		530.157		6.96497e+06		526.865			00:00:02:350		6.83126e+06		100.068		36.3811		0		0		309.846		
00:00:02:250		1.54778e+07		0.172387		2.83654		530.159		6.96497e+06		526.872			00:00:02:250		6.83126e+06		100.068		36.3811		0		0		309.846		
00:00:02:149		1.54778e+07		0.172412		2.83648		530.162		6.96496e+06		526.87			00:00:02:149		6.83125e+06		100.068		36.3814		0		0		309.846		
00:00:02:049		1.54778e+07		0.17244		2.83637		530.164		6.96495e+06		526.868			00:00:02:049		6.83125e+06		100.068		36.3814		0		0		309.847		
00:00:01:850		1.54778e+07		0.172504		2.83618		530.169		6.96494e+06		526.861			00:00:01:850		6.83124e+06		100.068		36.3817		0		0		309.847		
00:00:01:850		1.54778e+07		0.172504		2.83618		530.169		6.96494e+06		526.861			00:00:01:850		6.83124e+06		100.068		36.3817		0		0		309.847		
00:00:01:649		1.54779e+07		0.172586		2.8359		530.175		6.96493e+06		526.859			00:00:01:649		6.83123e+06		100.068		36.382		0		0		309.846		
00:00:01:550		1.5478e+07		0.172631		2.83581		530.179		6.96492e+06		526.857			00:00:01:550		6.83122e+06		100.068		36.382		0		0		309.846		
00:00:01:449		1.54781e+07		0.172676		2.83577		530.182		6.96491e+06		526.842			00:00:01:449		6.83122e+06		100.069		36.3823		0		0		309.846		
00:00:01:350		1.54782e+07		0.172719		2.83573		530.184		6.96491e+06		526.849			00:00:01:350		6.83121e+06		100.069		36.3823		0		0		309.846		
00:00:01:350		1.54782e+07		0.172719		2.83573		530.184		6.96491e+06		526.849			00:00:01:350		6.83121e+06		100.069		36.3823		0		0		309.846		
00:00:01:250		1.54784e+07		0.172757		2.83571		530.188		6.9649e+06		526.845			00:00:01:250		6.83121e+06		100.069		36.3823		0		0		309.846		
00:00:01:149		1.54785e+07		0.172789		2.83594		530.192		6.96489e+06		526.839			00:00:01:149		6.8312e+06		100.069		36.3825		0		0		309.846		
00:00:01:050		1.54785e+07		0.172813		2.83612		530.195		6.96488e+06		526.837			00:00:01:050		6.8312e+06		100.069		36.3825		0		0		309.846		
00:00:00:949		1.54786e+07		0.172829		2.8362		530.197		6.96488e+06		526.831			00:00:00:949		6.83119e+06		100.069		36.3828		0		0		309.846		
00:00:00:800		1.54786e+07		0.172839		2.83618		530.203		6.96487e+06		526.824			00:00:00:800		6.83118e+06		100.069		36.3828		0		0		309.846		
00:00:00:699		1.54786e+07		0.17284		2.8357		530.204		6.96486e+06		526.823			00:00:00:699		6.83118e+06		100.069		36.3831		0		0		309.846		
00:00:00:550		1.54786e+07		0.17284		2.83569		530.208		6.96486e+06		526.825			00:00:00:550		6.83117e+06		100.069		36.3831		0		0		309.846		
00:00:00:550		1.54786e+07		0.17284		2.83569		530.208		6.96486e+06		526.825			00:00:00:550		6.83117e+06		100.069		36.3831		0		0		309.846		
00:00:00:450		1.54786e+07		0.17284		2.83569		530.212		6.96485e+06		526.825			00:00:00:450		6.83117e+06		100.069		36.3834		0		0		309.846		
00:00:00:299		1.54786e+07		0.17284		2.83568		530.216		6.96485e+06		526.826			00:00:00:299		6.83116e+06		100.069		36.3834		0		0		309.846		
00:00:00:200		1.54785e+07		0.17284		2.83572		530.219		6.96484e+06		526.826			00:00:00:200		6.83116e+06		100.069		36.3837		0		0		309.846		
00:00:00:100		1.54785e+07		0.17284		2.83572		530.221		6.96484e+06		526.821			00:00:00:100		6.83116e+06		100.069		36.3837		0		0		309.846		
00:00:00:000		1.54785e+07		0.17284		2.83571		530.225		6.96483e+06		526.826			00:00:00:000		6.83115e+06		100.069		36.3837		0		0		309.846		
00:00:00:000		1.54785e+07		0.17284		2.83571		530.225		6.96483e+06		526.826			00:00:00:000		6.83115e+06		100.069		36.3837		0		0		309.846		
00:00:00:000		1.54785e+07		0.17284		2.83571		530.225		6.96483e+06		526.826			00:00:00:000		6.83115e+06		100.069		36.3837		0		0		309.846		
00:00:00:000		1.54785e+07		0.17284		2.83571		530.225		6.96483e+06		526.826			00:00:00:000		6.83115e+06		100.069		36.3837		0		0		309.846		
00:00:00:000		1.54785e+07		0.17284		2.83571		530.225		6.96483e+06		526.826			00:00:00:000		6.83115e+06		100.069		36.3837		0		0		309.846		
00:00:00:000		1.54785e+07		0.17284		2.83571		530.225		6.96483e+06		526.826			00:00:00:000		6.83115e+06		100.069		36.3837		0		0		309.846		
00:00:00:000		1.54785e+07		0.17284		2.83571		530.225		6.96483e+06		526.826			00:00:00:000		6.83115e+06		100.069		36.3837		0		0		309.846		
